62,91.70,8.99,1028.03,0.00,3.79 00:02:01 14/11/18
60,92.00,8.99,1028.03,0.00,3.79 00:02:15 14/11/18
62,91.50,8.95,1028.09,0.00,3.79 00:07:31 14/11/18
64,91.90,8.88,1028.11,0.00,3.79 00:12:49 14/11/18
63,91.10,9.26,1028.07,0.00,3.78 00:18:03 14/11/18
61,91.50,9.23,1028.07,0.00,3.78 00:23:24 14/11/18
62,91.60,9.09,1028.03,0.00,3.78 00:28:38 14/11/18
62,91.90,9.03,1027.99,0.00,3.78 00:33:48 14/11/18
60,92.00,9.02,1028.14,0.00,3.78 00:38:59 14/11/18
60,92.00,8.95,1028.09,0.00,3.78 00:44:11 14/11/18
60,92.00,8.94,1028.07,0.00,3.78 00:49:21 14/11/18
58,92.30,8.88,1028.06,0.00,3.78 00:54:32 14/11/18
58,91.10,9.18,1028.14,0.00,3.77 00:59:42 14/11/18
57,90.90,9.13,1027.98,0.00,3.77 01:04:57 14/11/18
58,91.40,8.81,1027.89,0.00,3.77 01:10:13 14/11/18
59,91.50,8.56,1027.93,0.00,3.77 01:15:24 14/11/18
59,91.70,8.38,1027.87,0.00,3.77 01:20:34 14/11/18
59,91.80,8.26,1027.91,0.00,3.77 01:25:44 14/11/18
56,91.70,8.09,1027.96,0.00,3.77 01:31:08 14/11/18
55,91.90,7.99,1028.12,0.00,3.77 01:36:27 14/11/18
54,92.20,7.88,1028.07,0.00,3.77 01:41:53 14/11/18
58,91.90,7.86,1028.05,0.00,3.77 01:47:09 14/11/18
55,92.10,7.76,1028.07,0.00,3.77 01:52:26 14/11/18
59,91.20,8.08,1028.15,0.00,3.76 01:57:39 14/11/18
58,91.00,8.03,1028.09,0.00,3.76 02:02:51 14/11/18
59,90.80,8.15,1028.12,0.00,3.75 02:08:01 14/11/18
57,90.80,8.02,1028.10,0.00,3.76 02:13:11 14/11/18
61,91.50,7.73,1028.00,0.00,3.76 02:18:19 14/11/18
57,92.60,7.57,1027.96,0.00,3.75 02:23:35 14/11/18
58,92.10,7.48,1027.95,0.00,3.76 02:28:51 14/11/18
58,92.20,7.44,1027.97,0.00,3.76 02:34:02 14/11/18
59,93.00,7.39,1027.95,0.00,3.75 02:39:12 14/11/18
56,92.80,7.38,1027.77,0.00,3.75 02:44:22 14/11/18
59,91.90,7.76,1027.74,0.00,3.75 02:49:33 14/11/18
55,91.80,7.67,1027.64,0.00,3.75 02:54:55 14/11/18
54,92.30,7.50,1027.63,0.00,3.75 03:00:14 14/11/18
53,92.60,7.40,1027.64,0.00,3.75 03:05:38 14/11/18
55,92.70,7.28,1027.58,0.00,3.75 03:10:51 14/11/18
52,92.60,7.19,1027.55,0.00,3.75 03:16:21 14/11/18
54,92.30,7.17,1027.54,0.00,3.75 03:21:36 14/11/18
55,92.20,7.07,1027.52,0.00,3.75 03:26:46 14/11/18
50,92.20,7.03,1027.45,0.00,3.75 03:32:02 14/11/18
51,92.20,7.02,1027.36,0.00,3.74 03:37:36 14/11/18
52,91.30,7.44,1027.41,0.00,3.73 03:42:58 14/11/18
56,91.30,7.34,1027.42,0.00,3.74 03:48:11 14/11/18
57,92.00,7.11,1027.47,0.00,3.74 03:53:21 14/11/18
55,92.60,7.01,1027.50,0.00,3.74 03:58:34 14/11/18
53,92.20,6.87,1027.38,0.00,3.74 04:03:51 14/11/18
54,92.20,6.84,1027.28,0.00,3.74 04:09:01 14/11/18
57,92.10,6.76,1027.30,0.00,3.74 04:14:12 14/11/18
52,92.70,6.76,1027.24,0.00,3.73 04:19:41 14/11/18
53,92.50,6.82,1027.18,0.00,3.73 04:24:61 14/11/18
55,91.70,7.15,1027.09,0.00,3.72 04:30:09 14/11/18
56,91.70,7.12,1027.05,0.00,3.73 04:35:19 14/11/18
51,92.00,6.92,1026.95,0.00,3.73 04:40:32 14/11/18
57,92.20,6.89,1026.87,0.00,3.73 04:45:49 14/11/18
57,92.50,6.83,1026.85,0.00,3.73 04:50:61 14/11/18
55,92.40,6.82,1026.75,0.00,3.73 04:56:22 14/11/18
58,92.30,6.75,1026.80,0.00,3.73 05:01:37 14/11/18
57,92.50,6.73,1026.79,0.00,3.72 05:06:48 14/11/18
58,92.40,6.65,1026.86,0.00,3.72 05:11:59 14/11/18
56,91.70,6.98,1026.75,0.00,3.71 05:17:13 14/11/18
58,91.80,7.01,1026.72,0.00,3.72 05:22:28 14/11/18
59,92.30,6.79,1026.70,0.00,3.72 05:27:38 14/11/18
60,92.20,6.70,1026.82,0.00,3.72 05:32:49 14/11/18
59,92.50,6.64,1026.80,0.00,3.72 05:38:03 14/11/18
62,91.60,6.97,1026.78,0.00,3.71 05:43:18 14/11/18
57,91.50,6.94,1026.71,0.00,3.71 05:48:36 14/11/18
60,92.00,6.80,1026.63,0.00,3.71 05:53:48 14/11/18
60,91.40,7.05,1026.63,0.00,3.70 05:58:61 14/11/18
55,91.50,7.01,1026.62,0.00,3.71 06:04:17 14/11/18
64,92.20,6.79,1026.68,0.00,3.71 06:09:27 14/11/18
69,92.20,6.69,1026.60,0.00,3.71 06:14:38 14/11/18
67,92.50,6.61,1026.61,0.02,3.70 06:19:53 14/11/18
72,92.50,6.56,1026.67,0.05,3.71 06:25:13 14/11/18
81,92.60,6.54,1026.68,0.12,3.71 06:30:31 14/11/18
94,91.60,6.85,1026.62,0.28,3.70 06:35:50 14/11/18
121,91.60,6.80,1026.60,0.66,3.70 06:41:04 14/11/18
169,92.00,6.59,1026.71,1.38,3.70 06:46:12 14/11/18
258,92.70,6.45,1026.74,2.67,3.70 06:51:39 14/11/18
399,92.60,6.43,1026.72,3.80,3.70 06:56:53 14/11/18
523,92.50,6.36,1026.78,3.87,3.70 07:02:03 14/11/18
613,92.90,6.34,1026.75,3.97,3.70 07:07:13 14/11/18
663,93.20,6.32,1026.85,4.09,3.70 07:12:23 14/11/18
686,92.80,6.31,1026.88,3.99,3.70 07:17:35 14/11/18
731,93.20,6.26,1026.98,4.65,3.70 07:22:43 14/11/18
770,93.40,6.24,1027.02,5.00,3.70 07:27:56 14/11/18
799,93.10,6.23,1027.06,3.86,3.70 07:33:09 14/11/18
819,93.10,6.24,1027.16,5.00,3.70 07:38:25 14/11/18
833,92.80,6.24,1027.19,4.77,3.70 07:43:35 14/11/18
847,92.50,6.23,1027.16,5.00,3.71 07:48:49 14/11/18
858,92.70,6.24,1027.09,4.08,3.71 07:54:04 14/11/18
866,92.60,6.31,1027.01,5.00,3.71 07:59:14 14/11/18
869,93.00,6.35,1027.00,5.00,3.71 08:04:25 14/11/18
883,93.00,6.45,1027.16,4.67,3.72 08:09:36 14/11/18
908,92.90,6.53,1027.13,3.83,3.75 08:14:46 14/11/18
910,93.10,6.65,1027.15,4.04,3.75 08:19:58 14/11/18
913,93.30,6.81,1027.22,4.82,3.77 08:25:15 14/11/18
914,93.00,6.98,1027.23,3.97,3.78 08:30:29 14/11/18
919,93.00,7.24,1027.28,5.00,3.79 08:35:46 14/11/18
920,93.00,7.46,1027.27,3.89,3.80 08:40:56 14/11/18
919,92.20,8.06,1027.22,3.90,3.80 08:46:04 14/11/18
922,92.20,8.23,1027.20,3.95,3.82 08:51:17 14/11/18
925,92.30,8.26,1027.27,3.92,3.83 08:56:27 14/11/18
925,92.40,8.30,1027.31,3.92,3.83 09:01:38 14/11/18
929,92.50,8.36,1027.29,3.96,3.85 09:07:05 14/11/18
933,92.50,8.52,1027.37,4.03,3.87 09:12:17 14/11/18
929,92.10,8.89,1027.30,5.00,3.84 09:17:31 14/11/18
895,92.30,8.89,1027.29,3.91,3.83 09:22:58 14/11/18
893,92.50,8.84,1027.24,4.01,3.82 09:28:13 14/11/18
898,93.10,8.85,1027.23,4.44,3.83 09:33:25 14/11/18
892,92.60,9.22,1027.30,3.91,3.82 09:38:36 14/11/18
901,92.40,9.29,1027.29,5.00,3.82 09:43:48 14/11/18
894,92.90,9.25,1027.19,5.00,3.82 09:49:05 14/11/18
911,92.90,9.27,1027.22,4.80,3.82 09:54:21 14/11/18
913,92.50,9.78,1027.07,5.00,3.82 09:59:35 14/11/18
924,92.60,9.80,1027.14,3.97,3.85 10:05:02 14/11/18
897,92.80,9.77,1027.13,4.05,3.83 10:10:14 14/11/18
893,92.90,9.78,1027.11,5.00,3.83 10:15:26 14/11/18
895,93.10,9.80,1027.16,3.93,3.83 10:20:35 14/11/18
891,93.30,9.88,1027.22,3.91,3.83 10:25:61 14/11/18
895,93.10,9.98,1027.14,4.35,3.83 10:31:15 14/11/18
896,92.90,10.00,1027.13,4.48,3.83 10:36:25 14/11/18
896,92.80,10.01,1027.08,4.13,3.84 10:41:36 14/11/18
903,93.00,10.09,1027.08,3.90,3.84 10:46:47 14/11/18
899,93.00,10.11,1027.12,5.00,3.83 10:52:01 14/11/18
899,92.90,10.18,1027.05,5.00,3.84 10:57:15 14/11/18
900,93.00,10.28,1026.94,5.00,3.84 11:02:29 14/11/18
901,92.90,10.31,1026.88,3.95,3.84 11:07:39 14/11/18
919,93.20,10.41,1026.83,5.00,3.84 11:12:53 14/11/18
909,93.10,10.50,1026.79,5.00,3.85 11:18:09 14/11/18
906,92.90,10.60,1026.78,4.25,3.84 11:23:18 14/11/18
905,93.10,10.69,1026.65,3.91,3.84 11:28:43 14/11/18
909,92.90,10.85,1026.59,4.14,3.84 11:33:59 14/11/18
907,92.80,10.95,1026.54,5.00,3.85 11:39:11 14/11/18
908,93.00,11.00,1026.49,4.02,3.85 11:44:21 14/11/18
911,93.10,11.10,1026.45,5.00,3.85 11:49:32 14/11/18
946,92.70,11.21,1026.46,5.00,3.86 11:54:43 14/11/18
952,92.60,11.31,1026.54,4.05,3.92 11:59:54 14/11/18
952,92.70,11.46,1026.45,4.06,3.94 12:05:03 14/11/18
952,92.90,11.60,1026.46,4.04,3.94 12:10:16 14/11/18
952,92.80,11.84,1026.31,4.08,3.96 12:15:29 14/11/18
951,92.70,12.11,1026.29,4.09,3.97 12:20:39 14/11/18
948,91.90,12.68,1026.30,4.10,3.98 12:25:53 14/11/18
952,91.50,12.99,1026.32,4.12,4.00 12:31:08 14/11/18
952,91.90,13.00,1026.19,4.12,4.01 12:36:19 14/11/18
952,91.90,13.11,1026.19,4.13,4.01 12:41:32 14/11/18
952,92.00,13.23,1026.12,4.14,4.02 12:46:42 14/11/18
951,92.00,13.40,1026.18,4.14,4.03 12:51:54 14/11/18
950,91.80,13.51,1026.05,4.14,4.03 12:57:04 14/11/18
949,91.50,13.63,1026.14,4.14,4.04 13:02:18 14/11/18
949,91.40,13.66,1026.02,4.14,4.04 13:07:32 14/11/18
947,91.70,13.80,1026.07,4.14,4.04 13:12:52 14/11/18
943,91.10,13.83,1026.03,4.13,4.04 13:18:09 14/11/18
941,91.30,13.78,1026.01,4.13,4.04 13:23:19 14/11/18
940,90.80,13.74,1025.92,4.15,4.04 13:28:34 14/11/18
941,91.20,13.73,1025.93,4.17,4.04 13:33:51 14/11/18
940,91.00,13.67,1025.89,4.30,4.04 13:39:06 14/11/18
938,90.90,13.66,1025.86,0.14,0.04 13:44:21 14/11/18
925,91.00,13.57,1025.79,4.20,4.02 13:49:39 14/11/18
919,91.00,13.48,1025.83,5.00,4.01 13:54:53 14/11/18
930,91.00,13.39,1025.75,4.17,4.03 14:00:04 14/11/18
915,90.80,13.28,1025.70,4.07,4.01 14:05:14 14/11/18
923,91.20,13.18,1025.67,4.12,4.02 14:10:28 14/11/18
918,90.80,13.09,1025.70,4.10,4.02 14:15:39 14/11/18
912,91.10,12.95,1025.68,4.17,4.02 14:20:51 14/11/18
904,90.00,13.16,1025.61,4.06,4.00 14:26:01 14/11/18
901,90.10,13.11,1025.64,5.00,4.00 14:31:12 14/11/18
898,90.20,12.80,1025.54,5.00,4.00 14:36:23 14/11/18
895,90.80,12.64,1025.53,5.00,4.00 14:41:39 14/11/18
891,90.60,12.53,1025.53,4.06,4.00 14:46:52 14/11/18
888,91.00,12.43,1025.53,4.10,4.00 14:52:06 14/11/18
884,90.80,12.34,1025.57,5.00,4.00 14:57:17 14/11/18
880,91.10,12.25,1025.58,4.59,4.00 15:02:28 14/11/18
876,90.80,12.22,1025.55,5.00,3.99 15:07:40 14/11/18
871,91.10,12.12,1025.45,5.00,3.99 15:12:51 14/11/18
866,90.90,12.03,1025.47,5.00,3.99 15:17:61 14/11/18
861,91.10,12.00,1025.43,4.10,3.99 15:23:13 14/11/18
854,90.20,12.24,1025.43,5.00,3.98 15:28:24 14/11/18
846,90.20,12.14,1025.34,5.00,3.99 15:33:39 14/11/18
838,90.70,11.91,1025.31,5.00,3.98 15:38:60 14/11/18
828,90.90,11.74,1025.25,5.00,3.98 15:44:12 14/11/18
817,91.00,11.64,1025.28,4.70,3.98 15:49:28 14/11/18
800,90.20,11.86,1025.16,4.44,3.98 15:54:45 14/11/18
773,90.30,11.74,1025.16,4.93,3.98 16:00:01 14/11/18
738,90.40,11.50,1025.10,4.58,3.98 16:05:14 14/11/18
697,90.90,11.32,1025.04,4.28,3.98 16:10:27 14/11/18
658,90.70,11.16,1024.97,4.17,3.98 16:15:36 14/11/18
599,90.90,11.04,1025.00,4.07,3.98 16:20:52 14/11/18
491,90.30,11.26,1024.91,4.04,3.97 16:26:12 14/11/18
413,89.50,11.06,1024.85,4.10,3.97 16:31:40 14/11/18
263,89.90,10.72,1024.83,2.41,3.97 16:36:55 14/11/18
179,90.70,10.51,1024.84,1.43,3.97 16:42:05 14/11/18
127,90.60,10.27,1024.89,0.71,3.97 16:47:19 14/11/18
96,90.60,10.15,1024.90,0.32,3.97 16:52:31 14/11/18
82,90.50,9.97,1024.88,0.15,3.97 16:57:48 14/11/18
72,90.80,9.86,1024.81,0.07,3.97 17:02:59 14/11/18
66,90.80,9.69,1024.75,0.03,3.97 17:08:11 14/11/18
61,90.80,9.58,1024.78,0.01,3.97 17:13:21 14/11/18
59,91.30,9.53,1024.74,0.00,3.97 17:18:31 14/11/18
57,91.20,9.50,1024.76,0.00,3.97 17:23:42 14/11/18
57,91.10,9.43,1024.81,0.00,3.97 17:28:53 14/11/18
58,91.20,9.34,1024.74,0.00,3.97 17:34:02 14/11/18
57,91.00,9.25,1024.72,0.00,3.97 17:39:15 14/11/18
56,90.40,9.48,1024.69,0.00,3.96 17:44:25 14/11/18
53,90.40,9.28,1024.64,0.00,3.96 17:49:46 14/11/18
54,90.50,9.03,1024.66,0.00,3.96 17:55:04 14/11/18
58,90.60,8.83,1024.70,0.00,3.96 18:00:14 14/11/18
58,90.70,8.66,1024.66,0.00,3.96 18:05:25 14/11/18
58,90.80,8.53,1024.70,0.00,3.96 18:10:39 14/11/18
57,91.00,8.37,1024.66,0.00,3.96 18:15:59 14/11/18
57,90.80,8.26,1024.62,0.00,3.96 18:21:18 14/11/18
56,90.90,8.15,1024.65,0.00,3.96 18:26:37 14/11/18
56,91.00,8.03,1024.64,0.00,3.96 18:31:56 14/11/18
51,91.30,7.88,1024.64,0.00,3.96 18:37:27 14/11/18
55,91.10,7.84,1024.58,0.00,3.96 18:42:39 14/11/18
56,91.10,7.74,1024.65,0.00,3.96 18:47:50 14/11/18
58,91.20,7.65,1024.62,0.00,3.96 18:52:58 14/11/18
58,91.80,7.63,1024.59,0.00,3.96 18:58:11 14/11/18
59,91.70,7.64,1024.51,0.00,3.96 19:03:21 14/11/18
59,91.80,7.64,1024.51,0.00,3.95 19:08:31 14/11/18
58,92.10,7.66,1024.54,0.00,3.96 19:13:42 14/11/18
58,92.10,7.74,1024.41,0.00,3.95 19:18:54 14/11/18
58,92.20,7.82,1024.41,0.00,3.96 19:24:03 14/11/18
58,92.30,7.90,1024.31,0.00,3.95 19:29:15 14/11/18
59,92.30,8.01,1024.27,0.00,3.95 19:34:25 14/11/18
54,92.10,8.03,1024.24,0.00,3.95 19:39:48 14/11/18
56,91.90,8.05,1024.18,0.00,3.95 19:45:03 14/11/18
55,92.20,8.02,1024.20,0.00,3.95 19:50:29 14/11/18
54,91.60,7.95,1024.19,0.00,3.94 19:55:47 14/11/18
57,91.60,7.86,1024.21,0.00,3.95 20:01:01 14/11/18
57,91.70,7.76,1024.10,0.00,3.95 20:06:11 14/11/18
58,91.60,7.73,1024.10,0.00,3.95 20:11:22 14/11/18
58,91.00,8.04,1024.06,0.00,3.94 20:16:32 14/11/18
57,90.80,8.00,1024.00,0.00,3.94 20:21:43 14/11/18
59,91.20,7.72,1023.93,0.00,3.94 20:26:54 14/11/18
57,91.30,7.54,1023.92,0.00,3.94 20:32:07 14/11/18
59,91.60,7.44,1023.92,0.00,3.94 20:37:23 14/11/18
59,91.60,7.36,1023.94,0.00,3.94 20:42:33 14/11/18
58,91.80,7.34,1023.95,0.00,3.94 20:47:45 14/11/18
56,91.80,7.34,1023.94,0.00,3.94 20:52:58 14/11/18
57,92.00,7.34,1023.91,0.00,3.94 20:58:14 14/11/18
58,92.10,7.34,1023.89,0.00,3.94 21:03:25 14/11/18
56,92.00,7.36,1023.99,0.00,3.93 21:08:47 14/11/18
55,91.90,7.42,1023.92,0.00,3.94 21:14:06 14/11/18
55,92.00,7.41,1023.87,0.00,3.94 21:19:25 14/11/18
57,92.00,7.43,1023.88,0.00,3.93 21:24:40 14/11/18
58,92.10,7.43,1023.88,0.00,3.94 21:29:51 14/11/18
58,92.10,7.43,1023.97,0.00,3.94 21:35:02 14/11/18
57,92.40,7.43,1023.97,0.00,3.93 21:40:15 14/11/18
59,92.00,7.43,1023.95,0.00,3.93 21:45:31 14/11/18
59,92.00,7.43,1024.01,0.00,3.94 21:50:42 14/11/18
57,91.40,7.69,1023.94,0.00,3.93 21:55:55 14/11/18
58,91.10,7.72,1023.99,0.00,3.93 22:01:11 14/11/18
59,91.60,7.51,1023.98,0.00,3.93 22:06:21 14/11/18
56,91.80,7.43,1023.96,0.00,3.93 22:11:36 14/11/18
58,92.00,7.36,1023.92,0.00,3.93 22:16:51 14/11/18
60,92.10,7.34,1023.91,0.00,3.93 22:21:59 14/11/18
59,92.00,7.32,1023.92,0.00,3.93 22:27:12 14/11/18
59,92.00,7.26,1023.90,0.00,3.93 22:32:23 14/11/18
55,92.00,7.26,1023.93,0.00,3.93 22:37:45 14/11/18
56,91.90,7.25,1023.82,0.00,3.93 22:43:02 14/11/18
57,91.90,7.22,1023.90,0.00,3.93 22:48:11 14/11/18
59,92.00,7.15,1023.96,0.00,3.93 22:53:22 14/11/18
60,92.00,7.13,1023.91,0.00,3.93 22:58:32 14/11/18
59,92.20,7.05,1023.97,0.00,3.93 23:03:43 14/11/18
60,92.00,7.03,1023.97,0.00,3.93 23:08:53 14/11/18
60,91.20,7.37,1023.97,0.00,3.92 23:14:04 14/11/18
59,91.00,7.31,1023.90,0.00,3.93 23:19:15 14/11/18
58,90.90,7.43,1023.94,0.00,3.92 23:24:25 14/11/18
59,91.00,7.31,1023.92,0.00,3.93 23:29:36 14/11/18
60,90.80,7.35,1023.93,0.00,3.92 23:34:46 14/11/18
60,90.80,7.13,1023.96,0.00,3.93 23:39:56 14/11/18
60,91.30,6.81,1023.92,0.00,3.92 23:45:07 14/11/18
59,91.60,6.63,1023.94,0.00,3.93 23:50:18 14/11/18
60,91.70,6.47,1024.03,0.00,3.92 23:55:31 14/11/18
