59,91.70,6.36,1024.00,0.00,3.93 00:00:49 15/11/18
60,91.00,6.60,1024.01,0.00,3.92 00:05:57 15/11/18
58,91.30,6.47,1023.96,0.00,3.92 00:11:13 15/11/18
60,91.40,6.22,1023.86,0.00,3.92 00:16:26 15/11/18
59,91.60,6.05,1023.88,0.00,3.92 00:21:37 15/11/18
60,91.70,5.95,1023.89,0.00,3.92 00:26:46 15/11/18
58,91.90,5.93,1023.91,0.00,3.92 00:31:58 15/11/18
52,92.00,5.94,1023.87,0.00,3.92 00:37:13 15/11/18
58,92.20,6.00,1023.82,0.00,3.92 00:42:27 15/11/18
57,92.20,6.02,1023.77,0.00,3.92 00:47:46 15/11/18
57,92.20,6.11,1023.79,0.00,3.92 00:53:01 15/11/18
58,92.40,6.13,1023.76,0.00,3.92 00:58:16 15/11/18
58,92.20,6.13,1023.78,0.00,3.92 01:03:26 15/11/18
58,92.50,6.13,1023.76,0.00,3.92 01:08:36 15/11/18
56,92.30,6.13,1023.76,0.00,3.92 01:13:51 15/11/18
58,92.30,6.07,1023.74,0.00,3.92 01:19:06 15/11/18
56,92.20,6.06,1023.70,0.00,3.92 01:24:23 15/11/18
57,92.70,6.06,1023.70,0.00,3.92 01:29:34 15/11/18
58,92.40,6.06,1023.78,0.00,3.92 01:34:45 15/11/18
56,92.70,6.05,1023.74,0.00,3.92 01:39:59 15/11/18
58,92.60,6.05,1023.80,0.00,3.92 01:45:14 15/11/18
58,93.20,6.04,1023.81,0.00,3.92 01:50:24 15/11/18
51,92.70,6.03,1023.78,0.00,3.92 01:55:36 15/11/18
60,92.80,5.96,1023.79,0.00,3.92 02:00:46 15/11/18
59,92.70,5.95,1023.75,0.00,3.92 02:05:56 15/11/18
59,93.10,5.94,1023.81,0.00,3.92 02:11:06 15/11/18
55,92.90,5.87,1023.76,0.00,3.92 02:16:29 15/11/18
55,92.70,5.85,1023.70,0.00,3.92 02:21:44 15/11/18
58,92.40,5.82,1023.66,0.00,3.92 02:26:54 15/11/18
52,92.80,5.74,1023.60,0.00,3.92 02:32:29 15/11/18
54,92.60,5.73,1023.57,0.00,3.92 02:37:49 15/11/18
55,92.30,5.64,1023.50,0.00,3.92 02:43:05 15/11/18
55,92.50,5.56,1023.51,0.00,3.92 02:48:22 15/11/18
57,92.40,5.54,1023.52,0.00,3.92 02:53:37 15/11/18
58,92.40,5.47,1023.53,0.00,3.92 02:58:48 15/11/18
57,92.90,5.46,1023.52,0.00,3.92 03:03:57 15/11/18
57,92.70,5.43,1023.46,0.00,3.92 03:09:12 15/11/18
49,92.80,5.44,1023.50,0.00,3.92 03:14:37 15/11/18
58,92.40,5.84,1023.52,0.00,3.91 03:19:45 15/11/18
55,92.10,5.81,1023.49,0.00,3.92 03:24:56 15/11/18
57,91.50,5.88,1023.44,0.00,3.91 03:30:11 15/11/18
57,90.90,6.02,1023.45,0.00,3.91 03:35:28 15/11/18
58,91.20,5.80,1023.39,0.00,3.91 03:40:44 15/11/18
60,91.80,5.49,1023.46,0.00,3.91 03:45:54 15/11/18
60,92.20,5.32,1023.46,0.00,3.91 03:51:03 15/11/18
59,92.20,5.18,1023.55,0.00,3.91 03:56:15 15/11/18
59,92.30,5.14,1023.55,0.00,3.91 04:01:26 15/11/18
60,92.50,5.06,1023.55,0.00,3.91 04:06:36 15/11/18
58,92.20,5.38,1023.51,0.00,3.90 04:11:51 15/11/18
59,92.40,5.42,1023.43,0.00,3.91 04:17:05 15/11/18
60,92.90,5.28,1023.41,0.00,3.91 04:22:16 15/11/18
57,93.90,5.23,1023.51,0.00,3.91 04:27:26 15/11/18
59,93.30,5.23,1023.52,0.00,3.91 04:32:39 15/11/18
61,93.20,5.18,1023.58,0.00,3.91 04:37:55 15/11/18
60,93.30,5.16,1023.56,0.00,3.91 04:43:06 15/11/18
59,93.40,5.14,1023.50,0.00,3.91 04:48:31 15/11/18
58,93.30,5.14,1023.50,0.00,3.91 04:53:43 15/11/18
63,93.00,5.12,1023.49,0.00,3.91 04:58:51 15/11/18
60,93.30,5.06,1023.50,0.00,3.91 05:04:15 15/11/18
58,93.30,5.06,1023.54,0.00,3.91 05:09:34 15/11/18
57,92.80,5.06,1023.54,0.00,3.91 05:14:61 15/11/18
58,92.70,5.05,1023.53,0.00,3.91 05:20:21 15/11/18
53,92.70,5.03,1023.56,0.00,3.91 05:25:35 15/11/18
54,93.00,4.95,1023.56,0.00,3.91 05:30:50 15/11/18
63,91.70,5.35,1023.60,0.00,3.90 05:36:01 15/11/18
56,91.70,5.30,1023.63,0.00,3.90 05:41:17 15/11/18
55,92.40,5.11,1023.55,0.00,3.91 05:46:32 15/11/18
60,92.50,5.03,1023.55,0.00,3.90 05:51:43 15/11/18
63,92.50,5.01,1023.52,0.00,3.91 05:56:53 15/11/18
64,92.60,5.01,1023.52,0.00,3.91 06:02:04 15/11/18
62,93.60,4.96,1023.56,0.01,3.90 06:07:26 15/11/18
66,93.50,4.96,1023.60,0.03,3.91 06:12:41 15/11/18
79,93.10,4.94,1023.65,0.08,3.90 06:17:55 15/11/18
93,92.90,4.87,1023.67,0.19,3.90 06:23:11 15/11/18
113,93.00,4.78,1023.61,0.44,3.90 06:28:32 15/11/18
158,93.10,4.74,1023.65,1.05,3.90 06:33:58 15/11/18
239,92.90,4.66,1023.72,2.03,3.90 06:39:26 15/11/18
346,92.60,4.64,1023.74,3.17,3.90 06:44:43 15/11/18
450,91.80,4.95,1023.77,3.90,3.89 06:49:61 15/11/18
536,91.70,4.84,1023.66,4.02,3.90 06:55:11 15/11/18
606,92.20,4.61,1023.73,4.03,3.90 07:00:21 15/11/18
664,92.80,4.52,1023.69,4.17,3.90 07:05:31 15/11/18
707,92.80,4.45,1023.70,4.31,3.90 07:10:41 15/11/18
738,92.90,4.44,1023.72,4.65,3.90 07:15:52 15/11/18
762,92.70,4.42,1023.71,5.00,3.90 07:21:01 15/11/18
775,92.80,4.37,1023.72,4.20,3.90 07:26:16 15/11/18
790,92.90,4.42,1023.69,4.00,3.90 07:31:32 15/11/18
801,93.00,4.43,1023.74,5.00,3.90 07:36:41 15/11/18
812,92.80,4.44,1023.75,5.00,3.90 07:41:55 15/11/18
828,93.40,4.53,1023.78,5.00,3.90 07:47:17 15/11/18
835,93.20,4.61,1023.78,3.94,3.90 07:52:29 15/11/18
880,91.90,4.97,1023.77,5.00,3.91 07:57:38 15/11/18
906,92.20,5.09,1023.78,4.04,3.95 08:02:53 15/11/18
910,92.70,5.01,1023.77,4.12,3.96 08:08:08 15/11/18
914,93.40,5.11,1023.89,4.09,3.97 08:13:27 15/11/18
915,93.40,5.38,1023.81,4.07,3.98 08:18:35 15/11/18
916,93.80,5.73,1023.82,4.27,3.99 08:23:46 15/11/18
917,93.90,6.18,1023.87,4.17,4.00 08:28:57 15/11/18
921,93.80,6.57,1023.97,4.11,4.01 08:34:08 15/11/18
921,94.00,6.89,1024.06,4.12,4.02 08:39:31 15/11/18
921,93.40,7.18,1024.02,4.15,4.01 08:44:46 15/11/18
929,93.20,7.38,1023.99,4.13,4.03 08:49:56 15/11/18
931,93.10,7.52,1023.97,4.14,4.05 08:55:11 15/11/18
932,93.10,7.64,1024.03,4.15,4.05 09:00:26 15/11/18
908,93.10,7.75,1024.02,4.63,4.00 09:05:35 15/11/18
863,93.10,7.86,1024.00,4.18,3.98 09:10:47 15/11/18
864,93.30,7.95,1024.08,5.00,3.98 09:15:59 15/11/18
870,93.30,8.05,1024.05,4.28,3.97 09:21:07 15/11/18
865,93.40,8.14,1023.97,5.00,3.97 09:26:24 15/11/18
883,93.20,8.25,1024.05,5.00,3.98 09:31:38 15/11/18
874,93.10,8.35,1024.06,5.00,3.97 09:36:53 15/11/18
910,93.00,8.45,1024.03,4.08,3.98 09:42:08 15/11/18
916,93.00,8.56,1024.07,5.00,3.99 09:47:19 15/11/18
928,92.90,8.67,1024.18,4.89,4.01 09:52:28 15/11/18
889,92.90,8.77,1024.18,5.00,3.98 09:57:41 15/11/18
838,92.80,8.85,1024.16,5.00,3.98 10:02:51 15/11/18
871,92.70,8.90,1024.11,5.00,3.98 10:08:02 15/11/18
854,92.80,9.00,1024.07,5.00,3.98 10:13:16 15/11/18
883,93.00,9.09,1024.05,5.00,3.98 10:18:51 15/11/18
870,92.50,9.25,1023.99,5.00,3.98 10:24:08 15/11/18
884,92.40,9.27,1023.93,4.14,3.97 10:29:18 15/11/18
869,92.60,9.35,1023.93,5.00,3.98 10:34:31 15/11/18
871,91.90,9.78,1023.94,4.02,3.96 10:39:57 15/11/18
867,91.50,9.85,1023.89,4.01,3.97 10:45:08 15/11/18
870,91.90,9.74,1023.81,5.00,3.97 10:50:19 15/11/18
869,92.20,9.75,1023.76,5.00,3.97 10:55:31 15/11/18
902,92.20,9.77,1023.67,5.00,3.97 11:00:41 15/11/18
914,92.20,9.87,1023.65,5.00,3.99 11:05:51 15/11/18
870,92.30,9.97,1023.59,4.14,3.98 11:10:61 15/11/18
863,92.30,10.06,1023.54,5.00,3.98 11:16:17 15/11/18
884,92.20,10.15,1023.43,4.15,3.98 11:21:33 15/11/18
870,91.50,10.53,1023.38,5.00,3.97 11:26:43 15/11/18
869,91.30,10.65,1023.40,4.68,3.97 11:31:55 15/11/18
867,91.70,10.62,1023.38,5.00,3.97 11:37:06 15/11/18
940,91.30,11.04,1023.41,5.00,3.98 11:42:17 15/11/18
950,91.00,11.14,1023.38,4.18,4.07 11:47:28 15/11/18
950,90.70,11.43,1023.37,4.18,4.07 11:52:38 15/11/18
948,90.80,11.53,1023.28,4.16,4.06 11:57:48 15/11/18
944,91.10,11.94,1023.28,4.20,4.08 12:02:58 15/11/18
949,90.90,12.18,1023.18,4.21,4.10 12:08:12 15/11/18
947,90.90,12.35,1023.20,4.23,4.11 12:13:22 15/11/18
948,91.20,12.58,1023.19,4.23,4.12 12:18:46 15/11/18
949,91.40,12.88,1023.18,4.25,4.13 12:24:06 15/11/18
949,91.30,13.16,1023.14,4.26,4.15 12:29:22 15/11/18
948,91.00,13.36,1023.11,4.29,4.17 12:34:33 15/11/18
948,90.80,13.57,1023.10,4.32,4.20 12:39:45 15/11/18
948,90.50,13.78,1023.06,4.34,4.21 12:44:57 15/11/18
947,89.30,14.41,1023.04,4.82,4.21 12:50:08 15/11/18
946,89.40,14.61,1023.01,5.00,4.12 12:55:17 15/11/18
946,89.20,14.59,1022.95,5.00,4.09 13:00:31 15/11/18
946,90.00,14.58,1022.91,5.00,4.08 13:05:43 15/11/18
945,88.10,14.93,1022.85,4.27,4.17 13:10:53 15/11/18
944,87.60,15.07,1022.84,5.00,4.22 13:16:06 15/11/18
943,88.10,15.34,1022.80,5.00,4.22 13:21:17 15/11/18
942,87.10,15.41,1022.73,5.00,4.22 13:26:30 15/11/18
940,84.30,15.23,1022.66,5.00,4.22 13:31:41 15/11/18
918,88.40,15.14,1022.71,5.00,4.15 13:36:52 15/11/18
867,89.40,15.01,1022.70,5.00,4.12 13:42:17 15/11/18
911,86.80,14.81,1022.78,5.00,4.10 13:47:33 15/11/18
869,88.70,14.54,1022.71,5.00,4.09 13:52:44 15/11/18
919,87.40,14.28,1022.66,5.00,4.09 13:57:55 15/11/18
922,87.30,14.14,1022.61,5.00,4.08 14:03:07 15/11/18
919,87.70,13.96,1022.59,5.00,4.08 14:08:18 15/11/18
857,88.20,13.80,1022.63,5.00,4.08 14:13:29 15/11/18
838,88.30,13.76,1022435.00,0.00,8.00 14:18:41 15/11/18
854,86.40,13.65,1022.60,4.69,4.07 14:23:53 15/11/18
852,84.40,13.90,1022.59,4.31,4.06 14:29:03 15/11/18
850,87.30,13.78,1022.54,4.11,4.06 14:34:16 15/11/18
856,87.30,13.90,1022.56,4.72,4.04 14:39:24 15/11/18
855,87.50,13.77,1022.56,4.77,4.06 14:44:40 15/11/18
857,87.70,13.56,1022.54,5.00,4.06 14:49:58 15/11/18
865,88.70,13.44,1022.53,5.00,4.06 14:55:10 15/11/18
847,89.40,13.30,1022.51,5.00,4.06 15:00:21 15/11/18
834,89.70,13.20,1022.63,5.00,4.06 15:05:32 15/11/18
828,89.60,13.10,1022.59,4.64,4.05 15:10:45 15/11/18
822,86.50,13.26,1022.59,4.29,4.04 15:15:54 15/11/18
815,87.40,13.11,1022.67,5.00,4.04 15:21:06 15/11/18
807,88.80,12.81,1022.64,5.00,4.04 15:26:17 15/11/18
798,89.30,12.60,1022.65,4.71,4.04 15:31:29 15/11/18
785,88.20,12.41,1022.69,4.63,4.04 15:36:39 15/11/18
769,87.80,12.22,1022.66,4.16,4.04 15:41:51 15/11/18
740,87.80,12.02,1022.62,4.86,4.04 15:47:03 15/11/18
720,87.60,11.83,1022.61,4.37,4.04 15:52:13 15/11/18
682,87.70,11.63,1022.61,4.17,4.04 15:57:24 15/11/18
633,88.20,11.43,1022.59,4.17,4.03 16:02:36 15/11/18
568,88.30,11.23,1022.55,4.15,4.04 16:07:51 15/11/18
482,88.40,11.06,1022.59,3.82,4.03 16:13:07 15/11/18
376,87.50,11.26,1022.58,3.09,4.02 16:18:15 15/11/18
273,87.00,11.07,1022.62,2.23,4.02 16:23:29 15/11/18
183,88.30,10.81,1022.58,1.37,4.02 16:28:39 15/11/18
127,89.10,10.63,1022.55,62.00,2.00 16:33:51 15/11/18
99,88.40,10.52,1022.62,0.23,4.02 16:38:61 15/11/18
80,89.10,10.35,1022.64,0.09,4.02 16:44:21 15/11/18
73,89.40,10.31,1022.61,0.03,4.02 16:49:32 15/11/18
68,89.10,10.15,1022.61,0.02,4.02 16:54:41 15/11/18
64,89.80,10.10,1022.59,0.00,4.02 16:59:52 15/11/18
61,89.80,10.00,1022.60,0.00,4.02 17:05:05 15/11/18
59,90.10,9.91,1022.68,0.00,4.02 17:10:16 15/11/18
60,88.50,10.16,1022.72,0.00,4.01 17:15:24 15/11/18
58,87.70,10.10,1022.76,0.00,4.01 17:20:37 15/11/18
56,90.00,9.80,1022.82,0.00,4.01 17:25:53 15/11/18
57,89.50,9.64,1022.84,0.00,4.01 17:31:07 15/11/18
57,89.80,9.46,1022.73,0.00,4.01 17:36:19 15/11/18
56,89.80,9.35,1022.73,0.00,4.01 17:41:33 15/11/18
57,89.80,9.25,1022.88,0.00,4.01 17:46:50 15/11/18
58,89.80,9.14,1022.95,0.00,4.01 17:51:59 15/11/18
59,90.00,9.03,1023.02,0.00,4.01 17:57:08 15/11/18
57,89.60,8.87,1023.02,0.00,4.01 18:02:24 15/11/18
55,90.10,8.74,1023.09,0.00,4.01 18:07:45 15/11/18
58,89.80,8.63,1023.09,0.00,4.01 18:12:59 15/11/18
59,89.70,8.45,1023.06,0.00,4.01 18:18:11 15/11/18
59,90.20,8.34,1023.10,0.00,4.01 18:23:25 15/11/18
56,89.30,8.16,1023.11,0.00,4.00 18:28:44 15/11/18
59,89.90,8.04,1023.15,0.00,4.00 18:33:59 15/11/18
60,89.50,7.88,1023.20,0.00,4.00 18:39:09 15/11/18
59,90.20,7.77,1023.23,0.00,4.00 18:44:21 15/11/18
57,90.30,7.67,1023.22,0.00,4.00 18:49:28 15/11/18
60,90.30,7.56,1023.23,0.00,4.00 18:54:41 15/11/18
60,90.20,7.45,1023.27,0.00,4.00 18:59:57 15/11/18
59,89.50,7.70,1023.32,0.00,3.99 19:05:14 15/11/18
61,89.00,7.57,1023.29,0.00,4.00 19:10:28 15/11/18
61,90.00,7.33,1023.34,0.00,4.00 19:15:38 15/11/18
62,90.30,7.09,1023.35,0.00,4.00 19:20:51 15/11/18
61,90.50,6.98,1023.32,0.00,4.00 19:26:02 15/11/18
62,90.50,6.88,1023.36,0.00,4.00 19:31:11 15/11/18
61,90.70,6.84,1023.33,0.00,4.00 19:36:21 15/11/18
60,90.80,6.76,1023.43,0.00,4.00 19:41:31 15/11/18
61,91.00,6.68,1023.41,0.00,4.00 19:46:44 15/11/18
61,90.60,7.01,1023.56,0.00,3.99 19:51:52 15/11/18
60,90.30,6.95,1023.50,0.00,3.99 19:57:05 15/11/18
58,90.20,6.99,1023.51,0.00,3.98 20:02:19 15/11/18
59,90.60,6.86,1023.57,0.00,3.99 20:07:35 15/11/18
58,90.60,6.61,1023.60,0.00,3.98 20:12:44 15/11/18
59,90.70,6.38,1023.65,0.00,3.99 20:17:54 15/11/18
59,90.80,6.20,1023.59,0.00,3.99 20:23:07 15/11/18
58,90.40,6.08,1023.65,0.00,3.98 20:28:16 15/11/18
57,90.40,5.95,1023.58,0.00,3.99 20:33:26 15/11/18
58,90.60,5.80,1023.64,0.00,3.98 20:38:41 15/11/18
56,90.40,5.68,1023.73,0.00,3.99 20:43:56 15/11/18
57,90.80,5.57,1023.71,0.00,3.99 20:49:05 15/11/18
56,90.70,5.48,1023.84,0.00,3.99 20:54:15 15/11/18
56,91.00,5.38,1023.98,0.00,3.98 20:59:26 15/11/18
58,91.20,5.27,1024.00,0.00,3.98 21:04:37 15/11/18
57,91.70,5.20,1024.14,0.00,3.98 21:09:51 15/11/18
57,90.80,5.16,1024.09,0.00,3.98 21:15:05 15/11/18
57,91.00,5.09,1024.08,0.00,3.98 21:20:15 15/11/18
59,91.50,5.08,1024.17,0.00,3.98 21:25:27 15/11/18
58,91.00,5.55,1024.11,0.00,3.98 21:30:36 15/11/18
59,91.00,5.63,1024.05,0.00,3.98 21:35:48 15/11/18
58,91.50,5.59,1024.07,0.00,3.98 21:40:57 15/11/18
58,91.40,5.55,1024.14,0.00,3.98 21:46:13 15/11/18
58,91.40,5.61,1023.96,0.00,3.98 21:51:28 15/11/18
58,90.70,6.01,1024.06,0.00,3.97 21:56:34 15/11/18
59,89.60,6.26,1024.12,0.00,3.97 22:01:47 15/11/18
58,90.10,6.08,1024.15,0.00,3.98 22:06:59 15/11/18
57,90.80,5.80,1024.18,0.00,3.98 22:12:16 15/11/18
57,91.50,5.64,1024.07,0.00,3.98 22:17:32 15/11/18
58,91.20,5.61,1024.00,0.00,3.98 22:22:46 15/11/18
59,90.60,5.93,1023.97,0.00,3.97 22:28:01 15/11/18
55,89.10,6.17,1023.92,0.00,3.96 22:33:23 15/11/18
54,89.90,5.92,1024.05,0.00,3.97 22:38:35 15/11/18
54,90.50,5.66,1024.05,0.00,3.97 22:43:42 15/11/18
54,91.00,5.51,1024.07,0.00,3.97 22:48:55 15/11/18
56,90.40,5.76,1024.12,0.00,3.96 22:54:09 15/11/18
57,88.60,6.03,1024.17,0.00,3.96 22:59:23 15/11/18
57,89.80,5.72,1024.23,0.00,3.97 23:04:34 15/11/18
56,91.10,5.40,1024.28,0.00,3.97 23:09:54 15/11/18
58,90.80,5.30,1024.25,0.00,3.97 23:15:11 15/11/18
59,91.40,5.22,1024.23,0.00,3.97 23:20:21 15/11/18
59,91.20,5.14,1024.26,0.00,3.97 23:25:36 15/11/18
59,90.30,5.47,1024.29,0.00,3.96 23:30:51 15/11/18
59,90.10,5.42,1024.25,0.00,3.97 23:36:01 15/11/18
59,90.90,5.19,1024.27,0.00,3.97 23:41:11 15/11/18
57,91.10,5.06,1024.41,0.00,3.97 23:46:21 15/11/18
58,91.30,5.01,1024.43,0.00,3.97 23:51:32 15/11/18
58,91.00,4.94,1024.48,0.00,3.97 23:56:43 15/11/18
