195,99.9,12.66,1017.27,0.0,4.04 00:05:11 14/08/19
198,99.9,12.635,1017.28,0.0,4.04 00:10:28 14/08/19
196,99.9,12.63,1017.29,0.0,4.04 00:15:39 14/08/19
191,99.9,12.625,1017.26,0.0,4.04 00:20:51 14/08/19
199,99.9,12.555,1017.24,0.0,4.04 00:26:10 14/08/19
196,99.9,12.53,1017.27,0.0,4.04 00:31:29 14/08/19
191,99.9,12.46,1017.26,0.0,4.04 00:36:41 14/08/19
193,99.9,12.425,1017.16,0.0,4.04 00:41:56 14/08/19
200,99.9,12.355,1017.21,0.0,4.04 00:47:10 14/08/19
202,99.9,12.335,1017.15,0.0,4.04 00:52:24 14/08/19
204,99.9,12.25,1017.13,0.0,4.03 00:57:39 14/08/19
203,99.9,12.215,1017.18,0.0,4.03 01:02:52 14/08/19
198,99.9,12.13,1017.18,0.0,4.03 01:08:04 14/08/19
200,99.9,12.049999,1017.17,0.0,4.03 01:13:19 14/08/19
208,99.9,12.03,1017.23,0.0,4.03 01:18:37 14/08/19
201,99.9,12.025,1017.24,0.0,4.03 01:23:55 14/08/19
202,99.9,11.965,1017.23,0.0,4.03 01:29:10 14/08/19
199,99.9,12.02,1017.26,0.0,4.03 01:34:22 14/08/19
195,99.9,12.04,1017.15,0.0,4.03 01:39:35 14/08/19
202,99.9,12.125,1017.17,0.0,4.03 01:44:50 14/08/19
211,99.9,12.21,1017.07,0.0,4.03 01:50:08 14/08/19
203,99.9,12.32,1017.08,0.0,4.03 01:55:26 14/08/19
202,99.9,12.425,1017.13,0.0,4.03 02:00:39 14/08/19
209,99.9,12.54,1017.11,0.0,4.03 02:05:58 14/08/19
205,99.9,12.690001,1017.11,0.0,4.02 02:11:16 14/08/19
208,99.9,12.725,1017.09,0.0,4.02 02:16:30 14/08/19
205,99.9,12.75,1017.21,0.0,4.02 02:21:44 14/08/19
207,99.9,12.809999,1017.17,0.0,4.02 02:26:58 14/08/19
199,99.9,12.809999,1017.22,0.0,4.02 02:32:10 14/08/19
206,99.9,12.745001,1017.22,0.0,4.02 02:37:26 14/08/19
203,99.9,12.705,1017.21,0.0,4.02 02:42:40 14/08/19
198,99.9,12.559999,1017.2,0.0,4.02 02:47:54 14/08/19
198,99.9,12.52,1017.24,0.0,4.02 02:53:07 14/08/19
200,99.9,12.405001,1017.17,0.0,4.02 02:58:21 14/08/19
197,99.9,12.32,1017.27,0.0,4.02 03:03:33 14/08/19
201,99.9,12.23,1017.3,0.0,4.02 03:08:49 14/08/19
198,99.9,12.155001,1017.35,0.0,4.01 03:14:02 14/08/19
193,99.9,12.12,1017.34,0.0,4.02 03:19:16 14/08/19
199,99.9,12.02,1017.3,0.0,4.02 03:24:31 14/08/19
198,99.9,11.87,1017.35,0.0,4.01 03:29:44 14/08/19
197,99.9,11.83,1017.33,0.0,4.01 03:34:57 14/08/19
196,99.9,11.735001,1017.35,0.0,4.01 03:40:11 14/08/19
197,99.9,11.645,1017.33,0.0,4.01 03:45:25 14/08/19
193,99.9,11.555,1017.39,0.0,4.01 03:50:38 14/08/19
198,99.9,11.455,1017.39,0.0,4.01 03:55:52 14/08/19
197,99.9,11.41,1017.4,0.0,4.01 04:01:06 14/08/19
199,99.9,11.315001,1017.37,0.0,4.01 04:06:20 14/08/19
197,99.9,11.23,1017.38,0.0,4.01 04:11:33 14/08/19
197,99.9,11.139999,1017.33,0.0,4.01 04:16:47 14/08/19
199,99.9,11.059999,1017.32,0.0,4.01 04:22:05 14/08/19
197,99.9,11.035,1017.36,0.0,4.01 04:27:23 14/08/19
191,99.9,11.0,1017.26,0.0,4.01 04:32:35 14/08/19
195,99.9,10.92,1017.31,0.0,4.0 04:37:50 14/08/19
191,99.9,10.84,1017.22,0.0,4.01 04:43:03 14/08/19
191,99.9,10.775,1017.23,0.0,4.01 04:48:16 14/08/19
196,99.9,10.75,1017.12,0.0,4.01 04:53:31 14/08/19
197,99.9,10.755,1017.15,0.0,4.0 04:58:44 14/08/19
200,99.9,10.805,1016.98,0.0,4.0 05:03:58 14/08/19
199,99.9,10.825,1017.0,0.0,4.0 05:09:12 14/08/19
203,99.9,10.835,1017.01,0.0,4.0 05:14:34 14/08/19
203,99.9,10.889999,1016.97,0.0,4.0 05:19:47 14/08/19
208,99.9,10.84,1016.9,0.0,4.0 05:25:01 14/08/19
215,99.9,10.85,1016.9,0.0,4.0 05:30:14 14/08/19
222,99.9,10.844999,1016.95,0.01,4.0 05:35:29 14/08/19
233,99.9,10.85,1017.01,0.03,4.0 05:40:42 14/08/19
247,99.9,10.905001,1017.04,0.1,4.0 05:45:55 14/08/19
260,99.9,10.860001,1017.08,0.24,4.0 05:51:07 14/08/19
289,99.9,10.865,1017.11,0.55,4.0 05:56:23 14/08/19
323,99.9,10.92,1017.1,1.09,4.0 06:01:40 14/08/19
356,99.9,10.940001,1017.16,1.84,4.0 06:07:01 14/08/19
403,99.9,10.950001,1017.24,2.59,4.0 06:12:12 14/08/19
447,99.9,10.950001,1017.25,3.31,4.0 06:17:25 14/08/19
478,99.9,10.925,1017.24,3.95,4.0 06:22:38 14/08/19
534,99.9,10.835,1017.26,4.11,4.0 06:27:56 14/08/19
575,99.9,10.82,1017.27,4.43,4.0 06:33:06 14/08/19
607,99.9,10.805,1017.25,4.41,4.0 06:38:20 14/08/19
632,99.9,10.75,1017.28,4.95,4.0 06:43:33 14/08/19
649,99.9,10.735001,1017.29,5.0,4.0 06:48:46 14/08/19
673,99.9,10.745001,1017.32,5.0,4.0 06:54:05 14/08/19
683,99.9,10.74,1017.27,4.27,4.0 06:59:23 14/08/19
695,99.9,10.735001,1017.28,4.08,4.0 07:04:36 14/08/19
705,99.9,10.735001,1017.34,5.0,4.0 07:09:50 14/08/19
713,99.9,10.74,1017.32,4.79,4.01 07:15:03 14/08/19
724,99.9,10.815001,1017.35,4.48,4.01 07:20:18 14/08/19
731,99.9,10.844999,1017.33,4.1,4.01 07:25:30 14/08/19
736,99.9,10.934999,1017.32,5.0,4.01 07:30:44 14/08/19
742,99.9,11.025,1017.37,4.08,4.02 07:35:58 14/08/19
764,99.9,11.125,1017.43,5.0,4.02 07:41:15 14/08/19
779,99.9,11.23,1017.46,5.0,4.03 07:46:34 14/08/19
823,99.9,11.325,1017.4,4.08,4.03 07:51:47 14/08/19
829,99.9,11.495,1017.5,4.38,4.04 07:57:01 14/08/19
833,99.9,11.62,1017.45,4.29,4.03 08:02:15 14/08/19
837,99.9,11.795,1017.39,4.1,4.05 08:07:28 14/08/19
841,99.9,11.98,1017.38,4.15,4.05 08:12:43 14/08/19
842,99.9,12.195,1017.42,4.51,4.07 08:17:54 14/08/19
847,99.9,12.4,1017.36,5.0,4.07 08:23:18 14/08/19
849,99.9,12.77,1017.47,4.18,4.08 08:28:33 14/08/19
854,99.9,13.105,1017.41,5.0,4.09 08:33:51 14/08/19
855,99.9,13.44,1017.46,4.21,4.12 08:39:07 14/08/19
857,99.9,13.715,1017.51,4.23,4.14 08:44:22 14/08/19
860,99.9,13.975,1017.42,4.31,4.17 08:49:38 14/08/19
863,99.9,14.35,1017.53,5.0,4.11 08:54:49 14/08/19
864,99.9,14.58,1017.49,5.0,4.13 09:00:04 14/08/19
869,99.9,14.735001,1017.43,5.0,4.12 09:05:30 14/08/19
871,99.9,14.98,1017.4,4.28,4.14 09:10:55 14/08/19
870,99.9,15.09,1017.41,5.0,4.14 09:16:15 14/08/19
873,99.9,15.235001,1017.43,5.0,4.12 09:21:25 14/08/19
874,99.9,15.29,1017.42,5.0,4.11 09:26:42 14/08/19
875,99.9,15.455,1017.43,4.32,4.16 09:31:55 14/08/19
877,99.9,15.635,1017.44,5.0,4.14 09:37:10 14/08/19
878,99.9,15.865,1017.47,5.0,4.13 09:42:24 14/08/19
879,99.9,16.04,1017.4,5.0,4.12 09:47:38 14/08/19
882,99.9,16.16,1017.3,4.28,4.19 09:53:00 14/08/19
884,99.9,16.36,1017.33,5.0,4.13 09:58:28 14/08/19
886,99.9,16.605,1017.29,5.0,4.13 10:03:47 14/08/19
888,99.9,16.805,1017.43,5.0,4.12 10:09:01 14/08/19
890,99.9,16.95,1017.33,4.35,4.22 10:14:16 14/08/19
890,99.9,17.21,1017.27,5.0,4.15 10:19:30 14/08/19
896,99.9,17.505001,1017.26,5.0,4.13 10:24:51 14/08/19
898,99.9,17.8,1017.22,5.0,4.12 10:30:08 14/08/19
898,99.9,18.095001,1017.23,5.0,4.12 10:35:23 14/08/19
902,99.9,18.375,1017.26,5.0,4.12 10:40:37 14/08/19
895,99.9,18.565,1017.25,5.0,4.22 10:45:52 14/08/19
894,99.9,18.71,1017.29,5.0,4.14 10:51:10 14/08/19
839,99.9,18.75,1017.23,5.0,4.13 10:56:34 14/08/19
898,99.9,18.654999,1017.13,5.0,4.12 11:01:54 14/08/19
900,99.9,18.735,1017.1,5.0,4.12 11:07:08 14/08/19
890,99.9,18.91,1017.05,5.0,4.12 11:12:22 14/08/19
903,99.9,19.08,1017.07,5.0,4.11 11:17:37 14/08/19
869,99.9,19.225,1017.02,4.27,4.18 11:22:54 14/08/19
898,99.9,19.41,1016.96,5.0,4.15 11:28:08 14/08/19
841,99.9,19.335,1016.98,5.0,4.14 11:33:22 14/08/19
868,99.9,19.08,1016.87,5.0,4.13 11:38:37 14/08/19
871,99.9,18.875,1016.81,5.0,4.12 11:43:51 14/08/19
906,99.9,18.835,1016.86,5.0,4.12 11:49:10 14/08/19
910,99.9,18.925,1016.79,5.0,4.22 11:54:33 14/08/19
872,99.9,19.135,1016.75,5.0,4.14 11:59:57 14/08/19
901,99.9,19.145,1016.63,5.0,4.14 12:05:16 14/08/19
825,99.9,19.125,1016.63,5.0,4.13 12:10:32 14/08/19
895,99.9,19.055,1016.54,5.0,4.12 12:15:50 14/08/19
852,99.6,19.135,1016.59,5.0,4.12 12:21:09 14/08/19
843,99.0,19.145,1016.53,5.0,4.12 12:26:25 14/08/19
859,99.9,19.150002,1016.51,4.26,4.17 12:31:39 14/08/19
904,99.9,19.345,1016.47,5.0,4.14 12:37:10 14/08/19
846,99.8,19.675,1016.51,5.0,4.14 12:42:24 14/08/19
844,97.7,19.795,1016.36,5.0,4.13 12:47:43 14/08/19
844,98.8,19.805,1016.23,5.0,4.13 12:52:54 14/08/19
892,99.6,19.740002,1016.17,5.0,4.12 12:58:09 14/08/19
910,98.7,19.89,1016.05,5.0,4.21 13:03:34 14/08/19
912,99.9,20.185001,1016.09,5.0,4.15 13:08:49 14/08/19
911,99.7,20.59,1016.01,5.0,4.14 13:14:08 14/08/19
911,99.6,20.965,1016.05,5.0,4.14 13:19:26 14/08/19
912,98.7,21.335,1016.03,5.0,4.13 13:24:43 14/08/19
878,98.3,21.545,1016.07,5.0,4.12 13:29:58 14/08/19
907,97.2,21.650002,1016.03,5.0,4.12 13:35:13 14/08/19
912,97.0,21.68,1015.97,5.0,4.12 13:40:29 14/08/19
909,97.2,21.685001,1015.9,5.0,4.22 13:45:43 14/08/19
909,97.4,21.8,1015.93,5.0,4.15 13:51:08 14/08/19
910,94.1,21.885,1015.94,5.0,4.14 13:56:22 14/08/19
864,95.8,21.91,1015.86,5.0,4.13 14:01:38 14/08/19
875,95.0,21.985,1015.77,5.0,4.13 14:06:58 14/08/19
909,96.6,22.130001,1015.7,5.0,4.12 14:12:20 14/08/19
856,96.6,22.335,1015.65,5.0,4.12 14:17:33 14/08/19
879,96.7,22.455,1015.62,4.38,4.22 14:22:51 14/08/19
911,95.8,22.48,1015.52,5.0,4.15 14:28:12 14/08/19
908,95.2,22.5,1015.53,5.0,4.14 14:33:31 14/08/19
908,95.3,22.645,1015.42,5.0,4.14 14:38:51 14/08/19
908,92.8,22.83,1015.31,5.0,4.13 14:44:07 14/08/19
908,94.5,22.779999,1015.43,5.0,4.13 14:49:21 14/08/19
910,92.0,23.689999,1014.95,5.0,4.21 15:09:08 14/08/19
910,94.5,23.71,1015.0,5.0,4.16 15:14:23 14/08/19
891,90.1,23.445,1014.9,5.0,4.14 15:19:41 14/08/19
900,92.4,23.279999,1014.85,5.0,4.13 15:25:09 14/08/19
901,90.0,23.2,1014.82,5.0,4.13 15:30:30 14/08/19
846,88.5,22.99,1014.83,5.0,4.12 15:35:50 14/08/19
903,91.3,22.665,1014.78,5.0,4.12 15:41:05 14/08/19
892,92.8,22.855,1014.7,5.0,4.21 15:46:29 14/08/19
877,92.1,23.085,1014.71,5.0,4.15 15:51:48 14/08/19
833,90.1,23.07,1014.52,4.32,4.12 16:11:39 14/08/19
834,91.1,22.835,1014.4,4.34,4.22 16:16:58 14/08/19
898,88.6,23.13,1014.17,5.0,4.22 16:36:48 14/08/19
857,90.8,23.145,1014.03,5.0,4.16 16:42:03 14/08/19
825,90.7,23.08,1014.06,5.0,4.14 16:47:18 14/08/19
817,90.3,22.835,1014.02,5.0,4.13 16:52:47 14/08/19
815,91.0,22.725,1013.93,5.0,4.13 16:58:06 14/08/19
820,90.9,22.555,1013.85,5.0,4.12 17:03:21 14/08/19
805,90.3,22.355,1013.78,5.0,4.12 17:08:41 14/08/19
794,91.1,22.31,1013.72,5.0,4.16 17:14:01 14/08/19
838,91.8,22.165,1013.73,5.0,4.14 17:19:23 14/08/19
847,92.1,22.135,1013.71,5.0,4.13 17:24:41 14/08/19
829,92.5,22.125,1013.71,5.0,4.13 17:29:53 14/08/19
816,92.0,22.075,1013.73,5.0,4.12 17:35:14 14/08/19
836,92.7,22.05,1013.65,5.0,4.12 17:40:35 14/08/19
835,93.2,22.025,1013.57,5.0,4.12 17:45:50 14/08/19
837,92.9,21.95,1013.54,4.25,4.16 17:51:06 14/08/19
820,92.9,21.945,1013.44,5.0,4.16 17:56:20 14/08/19
802,93.2,21.884998,1013.43,5.0,4.15 18:01:35 14/08/19
808,93.1,21.849998,1013.41,5.0,4.14 18:06:51 14/08/19
804,93.2,21.775002,1013.39,5.0,4.13 18:12:07 14/08/19
808,93.4,21.765,1013.36,5.0,4.13 18:17:21 14/08/19
782,93.4,21.69,1013.31,5.0,4.12 18:22:37 14/08/19
749,93.4,21.665,1013.22,4.99,4.12 18:27:56 14/08/19
721,93.3,21.64,1013.19,5.0,4.14 18:33:16 14/08/19
716,93.3,21.555,1013.02,4.58,4.14 18:38:44 14/08/19
738,93.4,21.54,1012.95,5.0,4.16 18:44:02 14/08/19
771,93.6,21.470001,1012.95,5.0,4.17 18:49:18 14/08/19
768,93.5,21.395,1012.89,5.0,4.16 18:54:32 14/08/19
770,93.6,21.384998,1012.77,5.0,4.15 18:59:49 14/08/19
745,93.7,21.38,1012.67,5.0,4.14 19:05:06 14/08/19
747,93.6,21.369999,1012.54,5.0,4.14 19:10:20 14/08/19
777,93.7,21.3,1012.47,5.0,4.13 19:15:36 14/08/19
780,94.3,21.34,1012.56,5.0,4.13 19:20:49 14/08/19
727,94.1,21.28,1012.58,5.0,4.12 19:26:04 14/08/19
711,94.1,21.255001,1012.52,5.0,4.12 19:31:19 14/08/19
695,94.6,21.18,1012.49,4.18,4.13 19:36:35 14/08/19
737,95.2,21.17,1012.54,5.0,4.14 19:41:50 14/08/19
718,95.3,21.150002,1012.5,5.0,4.15 19:47:04 14/08/19
653,95.3,21.08,1012.25,5.0,4.14 19:52:19 14/08/19
606,95.6,21.0,1012.11,4.59,4.14 19:57:34 14/08/19
616,95.7,20.904999,1011.92,4.53,4.12 20:03:10 14/08/19
595,95.5,20.810001,1011.85,4.32,4.12 20:08:25 14/08/19
562,96.2,20.67,1011.81,4.19,4.12 20:13:39 14/08/19
529,95.7,20.435,1011.83,4.09,4.11 20:18:53 14/08/19
484,96.3,20.315,1011.78,3.55,4.11 20:24:14 14/08/19
483,96.2,20.26,1011.79,3.68,4.11 20:29:32 14/08/19
487,97.0,20.18,1011.72,3.85,4.1 20:34:46 14/08/19
511,96.9,20.1,1011.7,4.22,4.1 20:40:03 14/08/19
470,97.0,20.075,1011.69,3.71,4.1 20:45:16 14/08/19
415,97.2,19.994999,1011.62,2.77,4.09 20:50:34 14/08/19
402,97.5,19.99,1011.48,2.64,4.09 20:55:47 14/08/19
373,96.7,19.915,1011.44,2.44,4.09 21:01:00 14/08/19
363,97.2,19.884998,1011.43,2.56,4.09 21:06:17 14/08/19
324,96.8,19.805,1011.42,1.78,4.09 21:11:32 14/08/19
209,95.6,20.165,1011.27,0.04,4.05 21:31:15 14/08/19
206,96.7,19.970001,1011.28,0.02,4.05 21:36:27 14/08/19
193,96.4,19.675,1011.39,0.0,4.05 21:41:45 14/08/19
191,96.5,19.58,1011.46,0.0,4.05 21:46:59 14/08/19
189,96.5,19.48,1011.45,0.0,4.05 21:52:12 14/08/19
188,96.8,19.395,1011.5,0.0,4.05 21:57:29 14/08/19
186,97.1,19.365,1011.5,0.0,4.05 22:02:44 14/08/19
186,97.1,19.29,1011.48,0.0,4.05 22:07:58 14/08/19
187,98.7,19.220001,1011.51,0.0,4.05 22:13:16 14/08/19
185,98.1,19.195,1011.38,0.0,4.05 22:18:29 14/08/19
184,97.6,19.119999,1011.07,0.0,4.05 22:23:43 14/08/19
184,97.7,19.09,1010.98,0.0,4.05 22:28:58 14/08/19
185,97.9,19.02,1010.89,0.0,4.05 22:34:13 14/08/19
185,98.9,19.005001,1010.91,0.0,4.04 22:39:27 14/08/19
186,97.4,18.974998,1010.87,0.0,4.05 22:44:43 14/08/19
186,97.7,18.965,1010.97,0.0,4.04 22:49:57 14/08/19
187,97.7,18.9,1011.01,0.0,4.04 22:55:12 14/08/19
190,98.9,18.89,1011.12,0.0,4.04 23:00:30 14/08/19
189,98.7,18.88,1011.12,0.0,4.04 23:05:50 14/08/19
187,99.2,18.815,1011.04,0.0,4.04 23:11:04 14/08/19
188,99.9,18.8,1010.96,0.0,4.04 23:16:19 14/08/19
189,99.3,18.715,1010.81,0.0,4.04 23:21:35 14/08/19
189,98.5,18.685001,1010.77,0.0,4.04 23:26:47 14/08/19
190,99.3,18.619999,1010.74,0.0,4.04 23:32:03 14/08/19
191,98.9,18.605,1010.68,0.0,4.04 23:37:18 14/08/19
190,99.2,18.54,1010.58,0.0,4.03 23:42:32 14/08/19
193,98.6,18.525,1010.43,0.0,4.03 23:47:55 14/08/19
191,99.6,18.529999,1010.36,0.0,4.03 23:53:12 14/08/19
195,99.9,18.515,1010.34,0.0,4.03 23:58:28 14/08/19
