628,99.9,16.029999,1010.14,0.0,4.05 00:04:09 19/08/19
656,99.9,15.940001,1010.08,0.0,4.05 00:09:24 19/08/19
630,99.9,15.915001,1010.06,0.0,4.05 00:14:39 19/08/19
639,99.9,15.885,1010.02,0.0,4.05 00:19:52 19/08/19
648,99.9,15.75,1010.11,0.0,4.04 00:25:07 19/08/19
671,99.9,15.71,1010.22,0.0,4.04 00:30:22 19/08/19
646,99.9,15.63,1010.24,0.0,4.04 00:35:35 19/08/19
647,99.9,15.6,1010.28,0.0,4.04 00:40:49 19/08/19
645,99.9,15.54,1010.38,0.0,4.04 00:46:04 19/08/19
656,99.9,15.5199995,1010.49,0.0,4.04 00:51:19 19/08/19
664,99.9,15.434999,1010.48,0.0,4.04 00:56:32 19/08/19
703,99.9,15.415001,1010.6,0.0,4.04 01:01:46 19/08/19
751,99.9,15.35,1010.63,0.0,4.04 01:07:01 19/08/19
683,99.9,15.325,1010.7,0.0,4.03 01:12:16 19/08/19
757,99.9,15.29,1010.72,0.0,4.03 01:17:29 19/08/19
674,99.9,15.21,1010.66,0.0,4.03 01:22:43 19/08/19
794,99.9,15.200001,1010.74,0.0,4.03 01:28:01 19/08/19
709,99.9,15.13,1010.7,0.0,4.03 01:33:20 19/08/19
689,99.9,15.105,1010.82,0.0,4.03 01:38:35 19/08/19
763,99.9,15.09,1010.88,0.0,4.03 01:43:49 19/08/19
708,99.9,15.03,1010.98,0.0,4.03 01:49:03 19/08/19
731,99.9,15.02,1011.04,0.0,4.03 01:54:18 19/08/19
764,99.9,14.99,1011.08,0.0,4.03 01:59:31 19/08/19
700,99.9,14.91,1011.24,0.0,4.03 02:04:45 19/08/19
738,99.9,14.91,1011.34,0.0,4.03 02:10:03 19/08/19
709,99.9,14.9,1011.4,0.0,4.03 02:15:23 19/08/19
706,99.9,14.895,1011.53,0.0,4.03 02:20:36 19/08/19
702,99.9,14.895,1011.5,0.0,4.03 02:25:54 19/08/19
664,99.9,14.895,1011.45,0.0,4.02 02:31:13 19/08/19
681,99.9,14.889999,1011.43,0.0,4.02 02:36:27 19/08/19
594,99.9,14.844999,1011.46,0.0,4.02 02:41:41 19/08/19
676,99.9,14.835,1011.46,0.0,4.02 02:46:55 19/08/19
730,99.9,14.84,1011.45,0.0,4.02 02:52:10 19/08/19
686,99.9,14.83,1011.38,0.0,4.02 02:57:24 19/08/19
641,99.9,14.809999,1011.44,0.0,4.02 03:02:39 19/08/19
687,99.9,14.745001,1011.39,0.0,4.02 03:07:52 19/08/19
616,99.9,14.725,1011.48,0.0,4.02 03:13:04 19/08/19
701,99.9,14.635,1011.45,0.0,4.02 03:18:20 19/08/19
750,99.9,14.63,1011.45,0.0,4.02 03:23:38 19/08/19
761,99.9,14.625,1011.47,0.0,4.02 03:29:01 19/08/19
729,99.9,14.62,1011.45,0.0,4.02 03:34:20 19/08/19
728,99.9,14.610001,1011.54,0.0,4.02 03:39:34 19/08/19
665,99.9,14.605,1011.55,0.0,4.02 03:44:48 19/08/19
679,99.9,14.6,1011.64,0.0,4.02 03:50:03 19/08/19
696,99.9,14.605,1011.8,0.0,4.01 03:55:16 19/08/19
684,99.9,14.6,1011.8,0.0,4.02 04:00:28 19/08/19
705,99.9,14.54,1011.79,0.0,4.01 04:05:43 19/08/19
576,99.9,14.53,1011.83,0.0,4.01 04:10:58 19/08/19
688,99.9,14.52,1011.77,0.0,4.01 04:16:13 19/08/19
766,99.9,14.51,1011.78,0.0,4.01 04:21:30 19/08/19
634,99.9,14.514999,1011.75,0.0,4.01 04:26:49 19/08/19
669,99.9,14.5,1011.81,0.0,4.01 04:32:03 19/08/19
708,99.9,14.495,1011.73,0.0,4.01 04:37:17 19/08/19
692,99.9,14.504999,1011.79,0.0,4.01 04:42:31 19/08/19
728,99.9,14.5,1011.79,0.0,4.01 04:47:47 19/08/19
667,99.9,14.49,1011.81,0.0,4.01 04:53:00 19/08/19
664,99.9,14.42,1011.93,0.0,4.01 04:58:12 19/08/19
640,99.9,14.405001,1011.97,0.0,4.01 05:03:28 19/08/19
684,99.9,14.34,1011.95,0.0,4.01 05:08:42 19/08/19
700,99.9,14.32,1011.97,0.0,4.01 05:13:54 19/08/19
638,99.9,14.299999,1012.02,0.0,4.01 05:19:10 19/08/19
692,99.9,14.245001,1012.04,0.0,4.0 05:24:25 19/08/19
585,99.9,14.22,1012.03,0.0,4.01 05:29:38 19/08/19
651,99.9,14.215,1012.09,0.0,4.0 05:34:52 19/08/19
688,99.9,14.200001,1012.15,0.01,4.0 05:40:06 19/08/19
630,99.9,14.195,1012.29,0.02,4.0 05:45:24 19/08/19
707,99.9,14.205,1012.37,0.05,4.0 05:50:43 19/08/19
687,99.9,14.190001,1012.39,0.12,4.0 05:55:55 19/08/19
615,99.9,14.135,1012.42,0.26,4.0 06:01:11 19/08/19
738,99.9,14.12,1012.46,0.57,4.0 06:06:25 19/08/19
770,99.9,14.110001,1012.48,1.09,4.0 06:11:40 19/08/19
701,99.9,14.094999,1012.56,1.89,4.0 06:16:54 19/08/19
552,99.9,14.03,1012.58,2.91,4.0 06:22:08 19/08/19
678,99.9,14.025,1012.65,3.75,4.0 06:27:22 19/08/19
727,99.9,14.03,1012.66,4.08,4.0 06:32:35 19/08/19
739,99.9,14.035,1012.67,4.43,4.0 06:37:49 19/08/19
765,99.9,14.094999,1012.78,4.81,4.0 06:43:01 19/08/19
777,99.9,14.09,1012.81,5.0,4.0 06:48:17 19/08/19
781,99.9,14.1,1012.89,4.23,4.0 06:53:31 19/08/19
760,99.9,14.055,1012.92,5.0,4.0 06:58:45 19/08/19
702,99.9,14.110001,1012.95,4.86,4.0 07:03:59 19/08/19
778,99.9,14.110001,1013.11,4.25,4.01 07:09:13 19/08/19
738,99.9,14.12,1013.12,5.0,4.01 07:14:27 19/08/19
810,99.9,14.13,1013.24,5.0,4.01 07:19:41 19/08/19
758,99.9,14.139999,1013.3,5.0,4.01 07:24:59 19/08/19
742,99.9,14.200001,1013.31,5.0,4.01 07:30:18 19/08/19
746,99.9,14.215,1013.29,5.0,4.02 07:35:33 19/08/19
752,99.9,14.24,1013.34,4.95,4.02 07:40:47 19/08/19
764,99.9,14.26,1013.37,4.14,4.03 07:46:00 19/08/19
797,99.9,14.344999,1013.48,5.0,4.03 07:51:18 19/08/19
817,99.9,14.425,1013.49,4.32,4.03 07:56:37 19/08/19
822,99.9,14.51,1013.45,4.19,4.04 08:01:51 19/08/19
823,99.9,14.6,1013.54,4.1,4.05 08:07:04 19/08/19
833,99.9,14.695,1013.58,5.0,4.05 08:12:20 19/08/19
836,99.9,14.805,1013.56,4.15,4.05 08:17:33 19/08/19
840,99.9,14.915,1013.62,5.0,4.07 08:22:47 19/08/19
842,99.9,15.075,1013.63,4.2,4.08 08:28:01 19/08/19
846,99.9,15.135,1013.65,4.18,4.09 08:33:16 19/08/19
850,99.9,15.309999,1013.7,4.18,4.11 08:38:30 19/08/19
854,99.9,15.485,1013.75,4.17,4.13 08:43:43 19/08/19
856,99.9,15.615,1013.67,4.4,4.16 08:48:58 19/08/19
859,99.9,15.805,1013.61,5.0,4.14 08:54:13 19/08/19
862,99.9,15.995,1013.74,5.0,4.14 08:59:27 19/08/19
862,99.9,16.175,1013.74,5.0,4.13 09:04:41 19/08/19
867,99.9,16.295,1013.92,5.0,4.15 09:09:59 19/08/19
866,99.9,16.4,1013.78,5.0,4.14 09:15:19 19/08/19
868,99.9,16.5,1013.87,5.0,4.12 09:20:33 19/08/19
869,99.9,16.665,1013.96,4.28,4.16 09:25:47 19/08/19
872,99.9,16.78,1014.0,5.0,4.14 09:31:02 19/08/19
873,99.9,16.915,1013.99,5.0,4.13 09:36:16 19/08/19
876,99.9,17.075,1014.06,5.0,4.12 09:41:34 19/08/19
876,99.9,17.245,1014.1,4.33,4.17 09:46:54 19/08/19
877,99.9,17.365,1014.09,5.0,4.14 09:52:08 19/08/19
879,99.9,17.41,1014.12,5.0,4.13 09:57:23 19/08/19
880,99.9,17.575,1014.19,5.0,4.12 10:02:37 19/08/19
881,99.9,17.67,1014.16,5.0,4.12 10:07:52 19/08/19
883,99.9,17.78,1014.15,4.31,4.2 10:13:06 19/08/19
884,99.9,17.970001,1014.27,5.0,4.15 10:18:21 19/08/19
887,99.9,18.130001,1014.28,5.0,4.13 10:23:39 19/08/19
888,99.9,18.18,1014.29,5.0,4.12 10:28:59 19/08/19
887,99.9,18.34,1014.27,5.0,4.12 10:34:13 19/08/19
889,99.9,18.425,1014.29,5.0,4.12 10:39:28 19/08/19
891,99.9,18.51,1014.36,5.0,4.21 10:44:43 19/08/19
895,99.9,18.575,1014.25,5.0,4.14 10:50:01 19/08/19
898,99.9,18.745,1014.35,5.0,4.13 10:55:21 19/08/19
895,99.9,18.855,1014.31,5.0,4.13 11:00:35 19/08/19
899,99.9,19.085,1014.34,5.0,4.12 11:05:50 19/08/19
898,99.9,19.2,1014.38,5.0,4.12 11:11:06 19/08/19
836,99.9,19.314999,1014.51,4.22,4.15 11:16:20 19/08/19
850,99.9,19.415,1014.54,5.0,4.15 11:21:35 19/08/19
837,99.9,19.43,1014.48,5.0,4.13 11:26:53 19/08/19
897,99.9,19.349998,1014.6,5.0,4.13 11:32:11 19/08/19
854,99.3,19.395,1014.57,5.0,4.13 11:37:26 19/08/19
829,99.9,19.435,1014.66,5.0,4.12 11:42:42 19/08/19
901,99.2,19.58,1014.62,5.0,4.12 11:47:57 19/08/19
900,97.2,19.535,1014.58,5.0,4.22 11:53:12 19/08/19
902,98.7,19.64,1014.62,5.0,4.15 11:58:27 19/08/19
902,98.7,19.805,1014.57,5.0,4.14 12:03:43 19/08/19
904,98.3,20.005001,1014.69,5.0,4.13 12:08:57 19/08/19
903,97.9,20.175,1014.74,5.0,4.13 12:14:12 19/08/19
906,97.9,20.279999,1014.66,5.0,4.12 12:19:27 19/08/19
855,98.0,20.54,1014.75,5.0,4.12 12:24:42 19/08/19
848,96.6,20.675,1014.69,4.38,4.17 12:29:57 19/08/19
826,97.0,20.6,1014.79,5.0,4.15 12:35:12 19/08/19
857,96.5,20.369999,1014.76,5.0,4.14 12:40:27 19/08/19
880,97.3,20.305,1014.8,5.0,4.13 12:45:40 19/08/19
907,97.9,20.235,1014.75,5.0,4.13 12:50:57 19/08/19
876,98.8,20.48,1014.81,5.0,4.12 12:56:12 19/08/19
847,97.9,20.67,1014.8,5.0,4.12 13:01:25 19/08/19
814,97.3,20.564999,1014.92,5.0,4.14 13:06:42 19/08/19
813,95.7,20.42,1014.89,5.0,4.15 13:11:57 19/08/19
868,96.6,20.240002,1014.93,5.0,4.13 13:17:12 19/08/19
833,98.4,20.235,1014.88,5.0,4.13 13:22:27 19/08/19
817,98.3,20.245,1015.03,5.0,4.12 13:27:42 19/08/19
833,97.1,20.150002,1014.99,5.0,4.12 13:32:57 19/08/19
832,96.7,20.130001,1015.11,4.44,4.16 13:38:12 19/08/19
850,97.7,20.154999,1015.16,5.0,4.15 13:43:27 19/08/19
839,97.1,20.235,1015.17,5.0,4.14 13:48:42 19/08/19
905,98.0,20.32,1015.21,5.0,4.13 13:53:57 19/08/19
886,98.0,20.68,1015.2,5.0,4.13 13:59:10 19/08/19
835,97.7,20.895,1015.26,5.0,4.12 14:04:27 19/08/19
856,95.4,20.835,1015.24,5.0,4.12 14:09:42 19/08/19
909,96.9,20.895,1015.34,5.0,4.12 14:14:57 19/08/19
848,94.1,21.07,1015.3,5.0,4.17 14:20:12 19/08/19
859,95.0,21.035,1015.29,5.0,4.15 14:25:28 19/08/19
854,96.1,21.035,1015.36,5.0,4.14 14:30:42 19/08/19
843,96.0,21.115,1015.51,5.0,4.13 14:35:57 19/08/19
790,95.0,21.02,1015.46,5.0,4.13 14:41:12 19/08/19
825,95.0,20.84,1015.51,5.0,4.12 14:46:27 19/08/19
847,95.1,20.67,1015.46,5.0,4.12 14:51:42 19/08/19
858,96.2,20.64,1015.53,5.0,4.12 14:56:58 19/08/19
911,95.9,20.725,1015.6,5.0,4.22 15:02:16 19/08/19
901,95.4,21.015,1015.58,5.0,4.15 15:07:36 19/08/19
902,96.6,21.349998,1015.63,5.0,4.14 15:12:51 19/08/19
895,96.4,21.665,1015.59,5.0,4.13 15:18:06 19/08/19
894,93.3,21.955,1015.67,5.0,4.13 15:23:22 19/08/19
860,95.1,22.0,1015.68,5.0,4.12 15:28:37 19/08/19
899,93.7,21.99,1015.68,5.0,4.12 15:33:57 19/08/19
897,95.7,22.14,1015.71,5.0,4.21 15:39:16 19/08/19
896,93.3,22.279999,1015.62,5.0,4.15 15:44:31 19/08/19
847,92.3,22.31,1015.59,5.0,4.14 15:49:50 19/08/19
845,92.7,22.29,1015.67,5.0,4.13 15:55:10 19/08/19
864,94.5,22.135,1015.66,5.0,4.13 16:00:26 19/08/19
825,94.3,22.035,1015.76,5.0,4.12 16:05:42 19/08/19
823,92.7,21.795,1015.77,5.0,4.12 16:10:56 19/08/19
831,93.5,21.665,1015.74,5.0,4.12 16:16:12 19/08/19
849,93.9,21.41,1015.78,4.27,4.17 16:21:27 19/08/19
879,93.3,21.365,1015.79,5.0,4.15 16:26:42 19/08/19
843,93.5,21.375,1015.73,5.0,4.14 16:31:58 19/08/19
871,95.0,21.455,1015.69,5.0,4.13 16:37:16 19/08/19
887,95.3,21.795,1015.7,5.0,4.13 16:42:36 19/08/19
885,94.0,22.065,1015.78,5.0,4.12 16:47:49 19/08/19
873,94.2,22.18,1015.85,5.0,4.12 16:53:06 19/08/19
828,91.6,22.05,1015.82,5.0,4.11 16:58:22 19/08/19
833,92.8,21.869999,1015.88,4.45,4.16 17:03:37 19/08/19
841,92.9,21.715,1015.89,5.0,4.15 17:08:52 19/08/19
815,94.0,21.675,1015.9,5.0,4.14 17:14:07 19/08/19
750,92.8,21.545,1015.99,5.0,4.13 17:19:26 19/08/19
758,93.9,21.369999,1016.14,5.0,4.13 17:24:46 19/08/19
834,94.8,21.130001,1016.13,5.0,4.12 17:30:01 19/08/19
883,95.6,21.154999,1016.06,5.0,4.12 17:35:16 19/08/19
874,96.0,21.345,1016.05,5.0,4.12 17:40:32 19/08/19
870,95.7,21.595001,1016.13,5.0,4.11 17:45:47 19/08/19
869,96.2,21.725,1016.05,5.0,4.22 17:51:03 19/08/19
865,95.8,21.935,1016.07,5.0,4.15 17:56:17 19/08/19
862,94.5,21.965,1016.03,5.0,4.14 18:01:32 19/08/19
860,93.9,21.875,1016.01,5.0,4.13 18:06:48 19/08/19
857,93.7,21.785,1016.01,5.0,4.13 18:12:04 19/08/19
854,93.2,21.630001,1015.94,5.0,4.12 18:17:18 19/08/19
852,92.7,21.515,1015.93,5.0,4.12 18:22:34 19/08/19
849,93.2,21.49,1015.93,4.32,4.2 18:27:47 19/08/19
846,92.6,21.39,1015.97,5.0,4.15 18:33:04 19/08/19
844,92.5,21.285,1016.01,5.0,4.14 18:38:20 19/08/19
841,93.0,21.119999,1015.99,5.0,4.13 18:43:38 19/08/19
838,92.5,21.08,1016.05,5.0,4.13 18:48:58 19/08/19
835,92.5,21.055,1016.03,5.0,4.12 18:54:13 19/08/19
830,92.6,20.96,1016.03,5.0,4.12 18:59:29 19/08/19
818,92.5,20.895,1016.13,4.28,4.17 19:04:43 19/08/19
821,91.6,20.865,1016.16,5.0,4.15 19:09:56 19/08/19
815,92.0,20.795,1016.13,5.0,4.14 19:15:13 19/08/19
813,91.8,20.68,1016.13,5.0,4.13 19:20:32 19/08/19
806,91.5,20.650002,1016.17,5.0,4.13 19:25:52 19/08/19
795,92.1,20.58,1016.3,5.0,4.12 19:31:08 19/08/19
789,91.9,20.5,1016.24,5.0,4.12 19:36:23 19/08/19
752,92.1,20.470001,1016.33,5.0,4.13 19:41:38 19/08/19
713,92.3,20.4,1016.34,4.83,4.14 19:46:53 19/08/19
701,92.3,20.369999,1016.34,5.0,4.14 19:52:12 19/08/19
684,92.4,20.295,1016.34,4.23,4.15 19:57:29 19/08/19
686,92.5,20.2,1016.37,5.0,4.15 20:02:46 19/08/19
707,93.1,20.17,1016.4,5.0,4.17 20:08:01 19/08/19
708,93.1,20.1,1016.34,5.0,4.17 20:13:19 19/08/19
679,93.2,20.09,1016.4,5.0,4.17 20:18:40 19/08/19
649,93.3,20.075,1016.44,4.77,4.18 20:23:53 19/08/19
631,93.2,19.994999,1016.46,4.43,4.17 20:29:09 19/08/19
602,93.1,19.965,1016.56,4.9,4.17 20:34:22 19/08/19
573,93.2,19.865,1016.62,4.89,4.17 20:39:37 19/08/19
539,93.1,19.705,1016.68,4.24,4.16 20:44:54 19/08/19
506,93.3,19.665,1016.74,4.26,4.15 20:50:12 19/08/19
439,93.3,19.57,1016.78,3.79,4.14 20:55:31 19/08/19
388,93.1,19.415,1016.83,2.99,4.14 21:00:47 19/08/19
341,93.4,19.3,1016.84,2.27,4.13 21:06:02 19/08/19
297,93.3,19.175,1016.88,1.46,4.13 21:11:17 19/08/19
265,93.4,18.99,1016.88,0.82,4.12 21:16:30 19/08/19
238,93.5,18.82,1016.95,0.41,4.12 21:21:47 19/08/19
219,93.6,18.705,1017.1,0.18,4.12 21:26:59 19/08/19
200,93.7,18.595001,1017.14,0.07,4.11 21:32:19 19/08/19
192,93.7,18.485,1017.22,0.02,4.1 21:37:39 19/08/19
182,93.9,18.384998,1017.28,0.0,4.1 21:42:57 19/08/19
177,93.9,18.28,1017.35,0.0,4.1 21:48:17 19/08/19
174,93.9,18.115,1017.34,0.0,4.1 21:53:31 19/08/19
169,94.0,18.005001,1017.42,0.0,4.09 21:58:47 19/08/19
167,94.1,17.9,1017.46,0.0,4.09 22:04:01 19/08/19
168,94.1,17.78,1017.45,0.0,4.09 22:09:15 19/08/19
167,94.4,17.685001,1017.47,0.0,4.09 22:14:30 19/08/19
167,94.5,17.59,1017.47,0.0,4.08 22:19:44 19/08/19
170,94.6,17.515,1017.57,0.0,4.08 22:25:00 19/08/19
164,94.6,17.474998,1017.56,0.0,4.08 22:30:17 19/08/19
170,94.5,17.39,1017.65,0.0,4.08 22:35:36 19/08/19
161,94.6,17.3,1017.67,0.0,4.08 22:40:52 19/08/19
168,94.8,17.215,1017.69,0.0,4.07 22:46:06 19/08/19
170,95.3,17.21,1017.73,0.0,4.07 22:51:21 19/08/19
163,95.2,17.215,1017.8,0.0,4.07 22:56:35 19/08/19
168,95.0,17.21,1017.84,0.0,4.07 23:01:47 19/08/19
166,95.0,17.195,1017.86,0.0,4.07 23:07:02 19/08/19
162,94.8,17.1,1017.9,0.0,4.07 23:12:16 19/08/19
166,94.8,16.994999,1017.9,0.0,4.06 23:17:33 19/08/19
168,94.8,16.895,1017.94,0.0,4.06 23:22:48 19/08/19
165,94.8,16.79,1017.93,0.0,4.06 23:28:05 19/08/19
165,94.8,16.64,1017.97,0.0,4.06 23:33:24 19/08/19
164,95.1,16.52,1017.98,0.0,4.06 23:38:37 19/08/19
165,94.9,16.405,1018.07,0.0,4.06 23:43:52 19/08/19
165,95.1,16.3,1018.17,0.0,4.05 23:49:08 19/08/19
168,95.1,16.185001,1018.2,0.0,4.05 23:54:23 19/08/19
166,95.2,16.025,1018.25,0.0,4.05 23:59:36 19/08/19
