170,90.0,19.725,1020.94,0.0,4.04 00:03:05 24/08/19
169,90.4,19.625,1020.92,0.0,4.04 00:08:21 24/08/19
169,90.6,19.529999,1020.96,0.0,4.04 00:13:34 24/08/19
169,91.2,19.439999,1020.99,0.0,4.04 00:18:48 24/08/19
168,91.1,19.335,1020.92,0.0,4.04 00:24:05 24/08/19
168,91.0,19.244999,1020.91,0.0,4.04 00:29:20 24/08/19
166,91.1,19.21,1020.92,0.0,4.04 00:34:38 24/08/19
166,91.1,19.130001,1020.9,0.0,4.04 00:40:03 24/08/19
166,91.3,19.035,1020.85,0.0,4.04 00:45:21 24/08/19
166,92.3,19.01,1020.87,0.0,4.04 00:50:36 24/08/19
165,91.8,18.925,1020.8,0.0,4.03 00:55:52 24/08/19
165,92.3,18.86,1020.8,0.0,4.04 01:01:06 24/08/19
164,92.1,18.825,1020.72,0.0,4.03 01:06:21 24/08/19
164,92.9,18.735,1020.73,0.0,4.03 01:11:36 24/08/19
164,92.1,18.645,1020.67,0.0,4.03 01:16:50 24/08/19
164,93.1,18.61,1020.59,0.0,4.03 01:22:06 24/08/19
163,92.3,18.529999,1020.6,0.0,4.03 01:27:20 24/08/19
163,92.9,18.43,1020.57,0.0,4.03 01:32:35 24/08/19
164,92.1,18.39,1020.53,0.0,4.03 01:37:49 24/08/19
164,92.8,18.255001,1020.51,0.0,4.03 01:43:04 24/08/19
163,93.0,18.17,1020.49,0.0,4.03 01:48:19 24/08/19
163,92.6,18.125,1020.42,0.0,4.03 01:53:33 24/08/19
163,92.9,18.035,1020.48,0.0,4.03 01:58:48 24/08/19
163,93.2,17.945,1020.44,0.0,4.03 02:04:03 24/08/19
162,92.9,17.865002,1020.47,0.0,4.03 02:09:18 24/08/19
163,92.7,17.815,1020.37,0.0,4.02 02:14:32 24/08/19
162,94.3,17.74,1020.41,0.0,4.02 02:19:48 24/08/19
161,93.9,17.715,1020.39,0.0,4.02 02:25:02 24/08/19
162,92.9,17.635,1020.39,0.0,4.02 02:30:16 24/08/19
162,93.1,17.555,1020.28,0.0,4.02 02:35:31 24/08/19
162,94.2,17.525,1020.32,0.0,4.02 02:40:46 24/08/19
162,94.6,17.445,1020.26,0.0,4.02 02:46:00 24/08/19
161,95.1,17.425,1020.22,0.0,4.02 02:51:15 24/08/19
162,97.0,17.35,1020.23,0.0,4.02 02:56:27 24/08/19
161,95.0,17.279999,1020.17,0.0,4.02 03:01:44 24/08/19
161,94.5,17.244999,1020.19,0.0,4.02 03:06:58 24/08/19
161,94.8,17.154999,1020.2,0.0,4.01 03:12:14 24/08/19
160,95.2,17.11,1020.17,0.0,4.02 03:17:31 24/08/19
161,94.4,17.02,1020.2,0.0,4.02 03:22:50 24/08/19
161,94.9,16.925,1020.15,0.0,4.01 03:28:05 24/08/19
160,95.2,16.84,1020.15,0.0,4.01 03:33:20 24/08/19
160,95.1,16.75,1020.12,0.0,4.01 03:38:34 24/08/19
160,94.9,16.665,1020.11,0.0,4.01 03:43:52 24/08/19
161,95.5,16.64,1020.13,0.0,4.01 03:49:11 24/08/19
161,95.5,16.545,1020.08,0.0,4.01 03:54:27 24/08/19
160,95.1,16.455,1020.05,0.0,4.01 03:59:44 24/08/19
160,95.3,16.42,1020.06,0.0,4.01 04:05:07 24/08/19
159,95.5,16.34,1020.02,0.0,4.01 04:10:30 24/08/19
160,95.6,16.305,1020.0,0.0,4.01 04:15:50 24/08/19
160,95.7,16.215,1020.01,0.0,4.01 04:21:02 24/08/19
160,95.9,16.125,1020.03,0.0,4.01 04:26:18 24/08/19
160,95.9,16.04,1020.0,0.0,4.01 04:31:33 24/08/19
160,96.3,15.950001,1019.94,0.0,4.01 04:36:48 24/08/19
160,96.1,15.915001,1020.0,0.0,4.0 04:42:01 24/08/19
160,96.2,15.775001,1019.9,0.0,4.01 04:47:16 24/08/19
161,96.2,15.75,1019.94,0.0,4.01 04:52:30 24/08/19
160,96.2,15.66,1019.9,0.0,4.0 04:57:44 24/08/19
160,96.2,15.63,1019.88,0.0,4.0 05:02:59 24/08/19
160,96.4,15.54,1019.85,0.0,4.0 05:08:13 24/08/19
160,96.2,15.465,1019.78,0.0,4.0 05:13:27 24/08/19
160,96.9,15.43,1019.77,0.0,4.0 05:18:42 24/08/19
162,96.7,15.35,1019.78,0.0,4.0 05:23:57 24/08/19
164,97.0,15.32,1019.74,0.0,4.0 05:29:10 24/08/19
166,96.5,15.245001,1019.76,0.0,4.0 05:34:25 24/08/19
170,96.3,15.21,1019.76,0.0,4.0 05:39:39 24/08/19
176,97.2,15.13,1019.78,0.01,4.0 05:44:53 24/08/19
184,97.0,15.045,1019.74,0.02,4.0 05:50:07 24/08/19
194,97.2,15.02,1019.71,0.05,4.0 05:55:22 24/08/19
211,97.4,14.934999,1019.67,0.11,4.0 06:00:36 24/08/19
232,97.4,14.915,1019.65,0.27,4.0 06:05:49 24/08/19
261,97.6,14.835,1019.61,0.67,4.0 06:11:02 24/08/19
306,97.1,14.755,1019.75,1.54,4.0 06:16:18 24/08/19
356,97.0,14.725,1019.68,2.42,3.99 06:21:33 24/08/19
404,97.3,14.65,1019.67,3.07,4.0 06:26:47 24/08/19
452,97.1,14.63,1019.7,3.69,4.0 06:32:02 24/08/19
498,97.5,14.545,1019.65,4.12,3.99 06:37:15 24/08/19
544,97.4,14.525,1019.66,4.15,4.0 06:42:29 24/08/19
584,97.5,14.450001,1019.72,4.29,4.0 06:47:44 24/08/19
613,99.0,14.440001,1019.76,4.79,3.99 06:52:58 24/08/19
639,98.2,14.434999,1019.74,4.95,4.0 06:58:10 24/08/19
659,98.0,14.43,1019.75,5.0,3.99 07:03:26 24/08/19
674,98.3,14.43,1019.77,4.55,4.0 07:08:41 24/08/19
688,99.4,14.415,1019.76,5.0,3.99 07:13:54 24/08/19
700,98.0,14.43,1019.72,5.0,4.0 07:19:08 24/08/19
713,97.9,14.43,1019.71,5.0,4.0 07:24:26 24/08/19
718,98.5,14.434999,1019.7,5.0,4.0 07:29:45 24/08/19
725,98.4,14.440001,1019.71,5.0,4.0 07:34:59 24/08/19
732,99.1,14.465,1019.7,5.0,4.0 07:40:13 24/08/19
738,98.3,14.525,1019.67,5.0,4.01 07:45:31 24/08/19
761,99.2,14.610001,1019.66,4.64,4.02 07:50:50 24/08/19
821,98.8,14.645,1019.67,5.0,4.02 07:56:08 24/08/19
826,99.3,14.74,1019.66,4.38,4.02 08:01:28 24/08/19
824,97.9,14.835,1019.71,4.09,4.03 08:06:41 24/08/19
826,99.4,15.0,1019.65,5.0,4.03 08:11:59 24/08/19
830,99.3,15.185,1019.61,4.17,4.04 08:17:18 24/08/19
838,99.2,15.395,1019.71,5.0,4.05 08:22:33 24/08/19
837,98.9,15.67,1019.75,5.0,4.06 08:27:48 24/08/19
840,98.6,15.974999,1019.81,4.19,4.06 08:33:01 24/08/19
843,98.7,16.345,1019.8,5.0,4.08 08:38:16 24/08/19
847,98.5,16.59,1019.78,5.0,4.08 08:43:30 24/08/19
850,99.1,16.939999,1019.76,4.2,4.1 08:48:44 24/08/19
853,98.3,17.23,1019.81,5.0,4.12 08:54:02 24/08/19
856,98.9,17.6,1019.8,5.0,4.16 08:59:23 24/08/19
859,98.0,17.915,1019.8,5.0,4.13 09:04:37 24/08/19
861,98.4,18.21,1019.8,4.25,4.14 09:09:51 24/08/19
864,98.7,18.49,1019.81,5.0,4.15 09:15:06 24/08/19
865,97.8,18.7,1019.74,5.0,4.12 09:20:21 24/08/19
867,97.8,18.935,1019.76,4.38,4.16 09:25:36 24/08/19
869,98.0,19.225,1019.8,5.0,4.14 09:30:51 24/08/19
870,97.5,19.49,1019.81,5.0,4.13 09:36:05 24/08/19
872,97.3,19.71,1019.83,5.0,4.11 09:41:20 24/08/19
874,97.3,20.0,1019.85,4.27,4.17 09:46:35 24/08/19
876,97.2,20.3,1019.84,5.0,4.14 09:51:50 24/08/19
877,97.2,20.59,1019.86,5.0,4.13 09:57:05 24/08/19
879,96.9,20.795,1019.84,5.0,4.12 10:02:20 24/08/19
880,97.2,21.0,1019.79,4.29,4.19 10:07:37 24/08/19
882,96.9,21.285,1019.79,5.0,4.14 10:12:55 24/08/19
883,96.7,21.51,1019.8,5.0,4.13 10:18:18 24/08/19
884,96.9,21.779999,1019.77,5.0,4.13 10:23:38 24/08/19
886,96.5,21.994999,1019.76,5.0,4.12 10:28:54 24/08/19
887,96.8,22.244999,1019.73,4.34,4.21 10:34:10 24/08/19
888,96.7,22.48,1019.7,5.0,4.15 10:39:24 24/08/19
889,96.3,22.765,1019.73,5.0,4.14 10:44:40 24/08/19
890,96.4,22.975,1019.72,5.0,4.13 10:49:53 24/08/19
892,96.7,23.255,1019.72,5.0,4.12 10:55:11 24/08/19
892,96.2,23.605,1019.74,5.0,4.12 11:00:26 24/08/19
893,96.2,23.849998,1019.73,5.0,4.22 11:05:42 24/08/19
893,95.6,24.145,1019.76,5.0,4.15 11:11:01 24/08/19
893,94.3,24.33,1019.73,5.0,4.14 11:16:22 24/08/19
896,94.7,24.435001,1019.72,5.0,4.13 11:21:41 24/08/19
897,95.1,24.615002,1019.61,5.0,4.13 11:27:02 24/08/19
897,94.2,24.814999,1019.49,5.0,4.12 11:32:18 24/08/19
898,93.2,25.02,1019.48,5.0,4.12 11:37:33 24/08/19
898,93.9,25.215,1019.44,5.0,4.22 11:42:49 24/08/19
899,93.4,25.435001,1019.39,5.0,4.15 11:48:05 24/08/19
900,93.9,25.605,1019.36,5.0,4.14 11:53:22 24/08/19
901,93.6,25.79,1019.31,5.0,4.14 11:58:38 24/08/19
901,93.4,25.91,1019.26,5.0,4.13 12:03:53 24/08/19
901,91.9,26.1,1019.22,5.0,4.13 12:09:10 24/08/19
902,93.1,26.295,1019.2,5.0,4.12 12:14:26 24/08/19
902,92.6,26.555,1019.13,5.0,4.12 12:19:42 24/08/19
903,93.0,26.84,1019.08,5.0,4.22 12:24:57 24/08/19
903,93.1,27.15,1019.0,5.0,4.16 12:30:13 24/08/19
903,92.6,27.385,1018.96,5.0,4.14 12:35:33 24/08/19
904,92.3,27.645,1018.95,5.0,4.14 12:40:54 24/08/19
904,92.5,27.785,1018.96,5.0,4.13 12:46:09 24/08/19
904,91.6,27.975,1018.88,5.0,4.13 12:51:26 24/08/19
904,91.9,28.165,1018.78,5.0,4.12 12:56:43 24/08/19
904,92.0,28.365,1018.74,5.0,4.12 13:01:58 24/08/19
905,92.1,28.560001,1018.71,5.0,4.22 13:07:16 24/08/19
905,90.4,28.755001,1018.62,5.0,4.16 13:12:33 24/08/19
905,91.2,28.869999,1018.59,5.0,4.15 13:17:49 24/08/19
905,85.4,28.904999,1018.57,5.0,4.14 13:23:06 24/08/19
906,90.7,29.0,1018.54,5.0,4.14 13:28:22 24/08/19
905,86.9,29.24,1018.46,5.0,4.13 13:33:37 24/08/19
906,89.8,29.355,1018.41,5.0,4.13 13:38:55 24/08/19
906,90.1,29.599998,1018.37,5.0,4.12 13:44:13 24/08/19
905,88.0,29.814999,1018.35,5.0,4.12 13:49:29 24/08/19
905,86.0,30.005001,1018.36,5.0,4.22 13:54:45 24/08/19
905,89.6,30.14,1018.3,5.0,4.16 14:00:02 24/08/19
904,87.2,30.25,1018.22,5.0,4.15 14:05:19 24/08/19
904,87.8,30.404999,1018.16,5.0,4.14 14:10:36 24/08/19
904,82.6,30.515,1018.05,5.0,4.14 14:15:56 24/08/19
904,81.2,30.53,1018.15,5.0,4.13 14:21:18 24/08/19
904,86.5,30.565,1018.13,5.0,4.13 14:26:35 24/08/19
903,83.2,30.735,1018.05,5.0,4.12 14:31:52 24/08/19
903,81.0,30.744999,1017.94,5.0,4.12 14:37:12 24/08/19
902,77.7,30.744999,1017.93,5.0,4.21 14:42:33 24/08/19
902,83.4,30.685,1017.93,5.0,4.16 14:47:51 24/08/19
902,83.4,30.83,1017.9,5.0,4.15 14:53:08 24/08/19
902,71.7,31.01,1017.79,5.0,4.14 14:58:25 24/08/19
899,79.0,31.060001,1017.78,5.0,4.14 15:03:42 24/08/19
900,74.1,31.045,1017.79,5.0,4.13 15:09:02 24/08/19
900,75.8,30.89,1017.69,5.0,4.13 15:14:24 24/08/19
899,78.4,30.880001,1017.68,5.0,4.12 15:19:42 24/08/19
898,78.4,30.945,1017.63,5.0,4.12 15:24:58 24/08/19
899,79.8,30.96,1017.54,5.0,4.21 15:30:15 24/08/19
898,80.5,31.16,1017.45,5.0,4.16 15:35:32 24/08/19
898,80.1,31.33,1017.37,5.0,4.15 15:40:49 24/08/19
898,74.6,31.46,1017.38,5.0,4.14 15:46:06 24/08/19
896,73.6,31.475,1017.35,5.0,4.14 15:51:23 24/08/19
896,77.5,31.535,1017.31,5.0,4.13 15:56:40 24/08/19
895,74.2,31.565,1017.39,5.0,4.13 16:01:57 24/08/19
895,76.8,31.49,1017.35,5.0,4.12 16:07:14 24/08/19
893,77.1,31.505001,1017.3,5.0,4.12 16:12:31 24/08/19
892,75.6,31.555,1017.29,4.37,4.21 16:17:48 24/08/19
891,76.3,31.654999,1017.3,5.0,4.16 16:23:06 24/08/19
890,74.6,31.68,1017.21,5.0,4.15 16:28:23 24/08/19
868,74.7,31.6,1017.19,5.0,4.14 16:33:39 24/08/19
858,73.2,31.6,1017.2,5.0,4.14 16:38:56 24/08/19
807,72.6,31.68,1017.11,5.0,4.13 16:44:13 24/08/19
871,73.7,31.68,1017.01,5.0,4.13 16:49:30 24/08/19
882,70.4,31.595001,1016.94,5.0,4.13 16:54:47 24/08/19
877,70.4,31.529999,1016.97,5.0,4.12 17:00:04 24/08/19
881,72.6,31.51,1016.91,5.0,4.12 17:05:21 24/08/19
880,69.3,31.49,1016.91,4.27,4.17 17:10:38 24/08/19
869,74.7,31.43,1016.78,5.0,4.16 17:15:55 24/08/19
875,69.1,31.335,1016.77,5.0,4.15 17:21:13 24/08/19
876,70.5,31.235,1016.72,5.0,4.14 17:26:28 24/08/19
875,71.7,31.235,1016.68,5.0,4.14 17:31:46 24/08/19
874,70.8,31.235,1016.72,5.0,4.13 17:37:03 24/08/19
868,71.1,31.215,1016.6,5.0,4.13 17:42:20 24/08/19
854,70.8,31.215,1016.56,5.0,4.12 17:47:37 24/08/19
867,68.5,31.17,1016.52,5.0,4.12 17:52:54 24/08/19
865,67.2,31.065,1016.5,5.0,4.12 17:58:11 24/08/19
864,63.8,30.945,1016.53,4.26,4.17 18:03:28 24/08/19
861,63.5,30.785,1016.46,5.0,4.16 18:08:45 24/08/19
800,65.5,30.665,1016.45,5.0,4.15 18:14:03 24/08/19
832,67.0,30.560001,1016.45,5.0,4.14 18:19:19 24/08/19
853,63.1,30.494999,1016.4,5.0,4.13 18:24:40 24/08/19
850,65.4,30.415,1016.39,5.0,4.13 18:30:01 24/08/19
847,64.7,30.314999,1016.42,5.0,4.13 18:35:19 24/08/19
844,64.6,30.205,1016.39,5.0,4.12 18:40:35 24/08/19
840,64.3,30.11,1016.4,5.0,4.12 18:45:52 24/08/19
836,61.7,30.0,1016.27,5.0,4.12 18:51:08 24/08/19
832,64.3,29.91,1016.25,4.3,4.17 18:56:25 24/08/19
827,62.7,29.814999,1016.19,5.0,4.16 19:01:42 24/08/19
823,62.5,29.71,1016.18,5.0,4.15 19:06:58 24/08/19
816,62.4,29.59,1016.13,5.0,4.14 19:12:15 24/08/19
812,63.8,29.42,1016.16,5.0,4.14 19:17:32 24/08/19
806,63.6,29.295,1016.11,5.0,4.13 19:22:52 24/08/19
799,63.4,29.130001,1016.15,5.0,4.13 19:28:14 24/08/19
792,63.7,28.939999,1016.15,5.0,4.12 19:33:30 24/08/19
782,63.4,28.76,1016.17,5.0,4.12 19:38:47 24/08/19
721,63.4,28.61,1016.21,4.56,4.12 19:44:03 24/08/19
719,63.8,28.425,1016.23,4.22,4.13 19:49:20 24/08/19
705,63.5,28.175,1016.19,5.0,4.14 19:54:36 24/08/19
696,63.8,27.974998,1016.14,5.0,4.14 19:59:53 24/08/19
684,63.9,27.835,1016.18,4.99,4.14 20:05:09 24/08/19
669,63.8,27.58,1016.2,5.0,4.14 20:10:26 24/08/19
657,64.2,27.375,1016.15,4.66,4.14 20:15:42 24/08/19
638,63.8,27.11,1016.17,4.75,4.14 20:20:59 24/08/19
618,64.1,26.945,1016.23,5.0,4.14 20:26:14 24/08/19
586,64.2,26.685001,1016.23,4.23,4.13 20:31:34 24/08/19
550,64.7,26.49,1016.34,4.3,4.12 20:36:55 24/08/19
504,64.9,26.28,1016.38,4.18,4.12 20:42:11 24/08/19
457,66.0,26.075,1016.35,3.62,4.12 20:47:27 24/08/19
407,66.3,25.88,1016.35,2.85,4.11 20:52:43 24/08/19
361,67.3,25.68,1016.33,2.07,4.11 20:57:59 24/08/19
320,67.8,25.485,1016.45,1.38,4.11 21:03:15 24/08/19
284,68.4,25.295,1016.47,0.62,4.1 21:08:31 24/08/19
256,68.8,25.095001,1016.53,0.25,4.1 21:13:47 24/08/19
235,69.6,24.9,1016.57,0.09,4.1 21:19:04 24/08/19
219,70.1,24.695,1016.5,0.03,4.09 21:24:19 24/08/19
208,70.4,24.51,1016.56,0.0,4.09 21:29:33 24/08/19
198,70.7,24.315,1016.6,0.0,4.09 21:34:50 24/08/19
192,71.7,24.125,1016.61,0.0,4.09 21:40:07 24/08/19
187,71.6,23.945,1016.6,0.0,4.08 21:45:22 24/08/19
184,72.5,23.815,1016.6,0.0,4.08 21:50:37 24/08/19
182,73.0,23.64,1016.61,0.0,4.08 21:55:54 24/08/19
181,73.5,23.515,1016.61,0.0,4.08 22:01:09 24/08/19
180,73.5,23.34,1016.57,0.0,4.08 22:06:24 24/08/19
179,73.9,23.215,1016.53,0.0,4.07 22:11:40 24/08/19
178,74.5,23.04,1016.55,0.0,4.07 22:16:55 24/08/19
177,74.8,22.93,1016.52,0.0,4.07 22:22:11 24/08/19
177,75.5,22.815,1016.57,0.0,4.07 22:27:26 24/08/19
177,75.2,22.645,1016.57,0.0,4.07 22:32:42 24/08/19
176,74.9,22.535,1016.61,0.0,4.06 22:37:57 24/08/19
176,75.9,22.375,1016.62,0.0,4.06 22:43:13 24/08/19
176,76.1,22.305,1016.54,0.0,4.06 22:48:29 24/08/19
175,76.5,22.205,1016.48,0.0,4.06 22:53:43 24/08/19
175,79.0,22.105,1016.5,0.0,4.06 22:58:59 24/08/19
175,78.1,21.955,1016.57,0.0,4.06 23:04:15 24/08/19
174,78.4,21.9,1016.64,0.0,4.06 23:09:29 24/08/19
174,78.1,21.755001,1016.64,0.0,4.06 23:14:45 24/08/19
173,77.1,21.715,1016.6,0.0,4.05 23:20:01 24/08/19
173,79.1,21.56,1016.59,0.0,4.05 23:25:15 24/08/19
173,79.8,21.46,1016.56,0.0,4.05 23:30:31 24/08/19
172,80.8,21.365002,1016.53,0.0,4.05 23:35:46 24/08/19
172,79.2,21.27,1016.51,0.0,4.05 23:41:01 24/08/19
