0,54.3,11.9,2.87,2.88,0.1,0.11,0 00:02:52 09/04/20
0,52.7,11.8,2.87,2.89,0.08,0.08,1 00:08:20 09/04/20
0,51.6,11.6,2.87,2.88,0.1,0.12,0 00:13:49 09/04/20
0,55.2,11.5,2.87,2.89,0.08,0.08,1 00:19:18 09/04/20
0,57.0,11.4,2.87,2.88,0.1,0.11,0 00:24:45 09/04/20
0,56.2,11.3,2.87,2.89,0.08,0.08,1 00:30:15 09/04/20
0,56.1,11.2,2.87,2.89,0.08,0.08,1 00:35:46 09/04/20
0,58.0,11.2,2.87,2.88,0.1,0.11,0 00:41:19 09/04/20
0,55.1,11.1,2.87,2.89,0.08,0.08,1 00:46:47 09/04/20
0,55.8,11.0,2.87,2.88,0.11,0.11,0 00:52:15 09/04/20
0,57.9,10.9,2.87,2.89,0.08,0.08,1 00:57:44 09/04/20
0,58.3,10.8,2.87,2.88,0.11,0.11,0 01:03:12 09/04/20
0,57.7,10.7,2.87,2.89,0.09,0.08,1 01:08:41 09/04/20
0,60.7,10.6,2.87,2.88,0.11,0.11,0 01:14:08 09/04/20
0,57.1,10.5,2.87,2.88,0.09,0.08,1 01:19:36 09/04/20
0,59.3,10.5,2.87,2.88,0.11,0.11,0 01:25:05 09/04/20
0,62.1,10.4,2.87,2.88,0.09,0.08,1 01:30:33 09/04/20
0,59.4,10.3,2.87,2.87,0.11,0.11,0 01:36:02 09/04/20
0,60.5,10.3,2.87,2.88,0.09,0.08,1 01:41:30 09/04/20
0,59.8,10.2,2.87,2.87,0.11,0.11,0 01:46:57 09/04/20
0,62.8,10.2,2.87,2.88,0.09,0.09,1 01:52:27 09/04/20
0,65.3,10.2,2.87,2.87,0.11,0.11,0 01:57:54 09/04/20
0,63.8,10.2,2.87,2.88,0.08,0.08,1 02:03:22 09/04/20
0,62.1,10.2,2.87,2.87,0.11,0.11,0 02:08:51 09/04/20
0,63.2,10.2,2.87,2.88,0.09,0.08,1 02:14:18 09/04/20
0,64.1,10.2,2.87,2.87,0.11,0.11,0 02:19:46 09/04/20
0,65.3,10.1,2.87,2.88,0.09,0.08,1 02:25:16 09/04/20
0,64.0,10.1,2.87,2.87,0.11,0.11,0 02:30:43 09/04/20
0,63.3,10.1,2.87,2.88,0.09,0.08,1 02:36:11 09/04/20
0,64.4,10.1,2.87,2.87,0.11,0.11,0 02:41:40 09/04/20
0,66.2,10.2,2.87,2.88,0.09,0.08,1 02:47:07 09/04/20
0,64.5,10.1,2.87,2.87,0.11,0.11,0 02:52:35 09/04/20
0,64.3,10.1,2.87,2.88,0.09,0.08,1 02:58:04 09/04/20
0,64.3,10.1,2.87,2.87,0.11,0.12,0 03:03:32 09/04/20
0,63.9,10.1,2.87,2.88,0.09,0.08,1 03:09:00 09/04/20
0,64.3,10.1,2.87,2.87,0.11,0.11,0 03:14:29 09/04/20
0,67.1,10.0,2.87,2.88,0.09,0.08,1 03:19:56 09/04/20
0,66.0,10.0,2.87,2.87,0.12,0.11,0 03:25:24 09/04/20
0,64.8,10.0,2.87,2.88,0.09,0.08,1 03:30:52 09/04/20
0,61.7,9.9,2.87,2.87,0.12,0.11,0 03:36:21 09/04/20
0,62.7,9.9,2.87,2.88,0.09,0.08,1 03:41:49 09/04/20
0,67.2,9.8,2.87,2.87,0.12,0.12,0 03:47:17 09/04/20
0,66.7,9.8,2.87,2.88,0.09,0.09,1 03:52:46 09/04/20
0,65.2,9.7,2.87,2.87,0.12,0.12,0 03:58:13 09/04/20
0,64.6,9.6,2.87,2.88,0.09,0.08,1 04:03:41 09/04/20
0,61.5,9.5,2.87,2.87,0.12,0.12,0 04:09:09 09/04/20
0,61.6,9.4,2.87,2.88,0.09,0.08,1 04:14:38 09/04/20
0,63.0,9.3,2.87,2.87,0.12,0.12,0 04:20:06 09/04/20
0,65.2,9.2,2.87,2.87,0.09,0.09,1 04:25:34 09/04/20
0,64.0,9.1,2.87,2.87,0.12,0.12,0 04:31:02 09/04/20
0,62.0,9.0,2.87,2.87,0.09,0.09,1 04:36:30 09/04/20
0,58.6,8.9,2.87,2.87,0.12,0.12,0 04:41:58 09/04/20
0,65.1,8.8,2.87,2.87,0.09,0.09,1 04:47:26 09/04/20
0,63.8,8.7,2.87,2.86,0.12,0.12,0 04:52:55 09/04/20
0,68.4,8.7,2.87,2.87,0.09,0.09,1 04:58:22 09/04/20
0,69.8,8.6,2.87,2.86,0.12,0.12,0 05:03:50 09/04/20
0,71.3,8.6,2.87,2.87,0.09,0.09,1 05:09:18 09/04/20
0,72.7,8.5,2.87,2.86,0.12,0.12,0 05:14:46 09/04/20
0,73.3,8.5,2.86,2.87,0.09,0.09,1 05:20:14 09/04/20
0,72.2,8.4,2.87,2.86,0.12,0.11,0 05:25:42 09/04/20
0,72.8,8.4,2.86,2.87,0.09,0.09,1 05:31:10 09/04/20
0,72.2,8.5,2.87,2.86,0.12,0.12,0 05:36:38 09/04/20
0,73.8,8.5,2.87,2.87,0.09,0.09,1 05:42:06 09/04/20
0,75.4,8.5,2.86,2.86,0.12,0.12,0 05:47:34 09/04/20
0,74.3,8.4,2.87,2.87,0.09,0.09,1 05:53:02 09/04/20
0,70.4,8.4,2.86,2.86,0.12,0.12,0 05:58:30 09/04/20
0,71.2,8.3,2.86,2.87,0.09,0.09,1 06:03:58 09/04/20
0,72.2,8.3,2.86,2.86,0.12,0.12,0 06:09:26 09/04/20
0,74.0,8.2,2.86,2.87,0.09,0.09,1 06:14:54 09/04/20
0,67.9,8.1,2.86,2.86,0.12,0.12,0 06:20:22 09/04/20
0,72.6,8.1,2.86,2.87,0.09,0.09,1 06:25:50 09/04/20
0,74.1,8.0,2.86,2.86,0.12,0.12,0 06:31:18 09/04/20
0,73.4,8.0,2.86,2.87,0.09,0.09,1 06:36:46 09/04/20
0,73.3,7.9,2.86,2.86,0.12,0.12,0 06:42:14 09/04/20
0,74.0,7.8,2.86,2.87,0.09,0.09,1 06:47:42 09/04/20
0,69.7,7.8,2.86,2.86,0.12,0.12,0 06:53:11 09/04/20
0,75.7,7.7,2.86,2.87,0.09,0.09,1 06:58:38 09/04/20
0,71.6,7.7,2.86,2.86,0.12,0.12,0 07:04:06 09/04/20
0,68.8,7.7,2.86,2.87,0.09,0.09,1 07:09:35 09/04/20
0,71.7,7.6,2.86,2.86,0.12,0.12,0 07:15:03 09/04/20
0,78.4,7.7,2.86,2.87,0.09,0.09,1 07:20:30 09/04/20
0,78.6,7.8,2.86,2.86,0.12,0.12,0 07:25:58 09/04/20
0,78.2,7.8,2.86,2.87,0.09,0.09,1 07:31:26 09/04/20
0,81.2,7.9,2.86,2.86,0.12,0.12,0 07:36:54 09/04/20
0,78.5,8.1,2.86,2.87,0.09,0.09,1 07:42:22 09/04/20
0,80.0,8.2,2.86,2.86,0.12,0.12,0 07:47:50 09/04/20
0,78.2,8.3,2.86,2.86,0.09,0.09,1 07:53:18 09/04/20
0,75.8,8.5,2.86,2.86,0.13,0.12,0 07:58:46 09/04/20
0,80.5,8.6,2.86,2.87,0.09,0.09,1 08:04:14 09/04/20
0,78.3,8.8,2.86,2.86,0.13,0.12,0 08:09:42 09/04/20
0,79.8,9.0,2.86,2.87,0.09,0.09,1 08:15:10 09/04/20
0,80.9,9.2,2.86,2.86,0.13,0.12,0 08:20:38 09/04/20
0,81.3,9.5,2.86,2.86,0.09,0.09,1 08:26:07 09/04/20
0,82.0,9.8,2.86,2.85,0.13,0.12,0 08:31:34 09/04/20
0,83.8,10.1,2.85,2.86,0.09,0.09,1 08:37:02 09/04/20
0,84.8,10.5,2.86,2.85,0.13,0.12,0 08:42:31 09/04/20
0,84.2,10.9,2.86,2.86,0.09,0.09,1 08:47:59 09/04/20
0,83.4,11.3,2.86,2.85,0.13,0.12,0 08:53:27 09/04/20
0,86.0,11.7,2.86,2.86,0.09,0.09,1 08:58:55 09/04/20
0,85.7,12.1,2.86,2.86,0.08,0.08,1 09:04:27 09/04/20
0,83.3,12.5,2.86,2.85,0.13,0.12,0 09:10:01 09/04/20
0,84.8,12.9,2.86,2.86,0.09,0.09,1 09:15:30 09/04/20
0,80.8,13.2,2.86,2.85,0.13,0.12,0 09:20:58 09/04/20
0,85.0,13.6,2.86,2.86,0.09,0.08,1 09:26:27 09/04/20
0,72.7,14.1,2.86,2.85,0.13,0.12,0 09:31:54 09/04/20
0,69.8,14.7,2.86,2.86,0.09,0.09,1 09:37:24 09/04/20
0,70.4,15.5,2.86,2.85,0.13,0.12,0 09:42:52 09/04/20
0,70.7,16.5,2.86,2.86,0.09,0.08,1 09:48:20 09/04/20
0,71.2,17.6,2.86,2.85,0.13,0.12,0 09:53:50 09/04/20
0,70.8,18.7,2.86,2.86,0.09,0.08,1 09:59:18 09/04/20
0,68.0,19.8,2.86,2.85,0.13,0.12,0 10:04:48 09/04/20
0,67.0,20.6,2.86,2.86,0.09,0.08,1 10:10:16 09/04/20
0,66.0,21.2,2.86,2.85,0.12,0.12,0 10:15:45 09/04/20
0,65.8,21.7,2.86,2.86,0.09,0.08,1 10:21:16 09/04/20
0,64.7,22.0,2.86,2.85,0.13,0.12,0 10:26:44 09/04/20
0,65.1,22.4,2.86,2.86,0.09,0.08,1 10:32:13 09/04/20
0,63.5,22.8,2.86,2.85,0.13,0.12,0 10:37:43 09/04/20
0,62.3,23.3,2.86,2.86,0.09,0.09,1 10:43:12 09/04/20
0,62.6,23.7,2.86,2.85,0.13,0.12,0 10:48:42 09/04/20
0,63.5,24.1,2.86,2.86,0.09,0.09,1 10:54:11 09/04/20
0,62.9,24.8,2.86,2.85,0.13,0.12,0 10:59:41 09/04/20
0,61.4,25.3,2.86,2.86,0.09,0.09,1 11:05:11 09/04/20
0,58.4,26.0,2.86,2.85,0.13,0.12,0 11:10:41 09/04/20
0,58.8,26.6,2.86,2.86,0.09,0.09,1 11:16:11 09/04/20
0,57.9,27.3,2.86,2.85,0.13,0.12,0 11:21:41 09/04/20
0,56.0,28.0,2.86,2.86,0.09,0.09,1 11:27:11 09/04/20
0,55.9,28.6,2.86,2.85,0.13,0.12,0 11:32:41 09/04/20
0,55.2,29.2,2.86,2.86,0.1,0.09,1 11:38:11 09/04/20
0,53.3,29.7,2.86,2.85,0.13,0.12,0 11:43:42 09/04/20
0,53.2,30.2,2.86,2.86,0.1,0.09,1 11:49:12 09/04/20
0,51.4,30.6,2.86,2.85,0.13,0.12,0 11:54:43 09/04/20
0,50.1,31.0,2.86,2.86,0.1,0.09,1 12:00:14 09/04/20
0,50.3,31.4,2.86,2.85,0.13,0.12,0 12:05:44 09/04/20
0,49.8,31.6,2.86,2.86,0.1,0.09,1 12:11:15 09/04/20
0,50.0,31.8,2.86,2.85,0.13,0.12,0 12:16:47 09/04/20
0,49.8,32.3,2.86,2.86,0.1,0.09,1 12:22:16 09/04/20
0,48.8,32.7,2.86,2.85,0.13,0.12,0 12:27:47 09/04/20
0,47.9,33.1,2.86,2.86,0.1,0.09,1 12:33:18 09/04/20
0,46.9,33.6,2.86,2.85,0.13,0.12,0 12:38:50 09/04/20
0,44.9,33.8,2.86,2.86,0.1,0.09,1 12:44:21 09/04/20
0,46.6,34.1,2.86,2.85,0.13,0.12,0 12:49:51 09/04/20
0,45.6,34.3,2.86,2.86,0.1,0.09,1 12:55:22 09/04/20
0,45.5,34.4,2.86,2.86,0.13,0.12,0 13:00:53 09/04/20
0,43.4,34.7,2.86,2.86,0.1,0.09,1 13:06:26 09/04/20
0,44.2,34.9,2.86,2.86,0.13,0.12,0 13:11:56 09/04/20
0,43.2,35.3,2.86,2.87,0.1,0.09,1 13:17:28 09/04/20
0,43.5,35.6,2.86,2.86,0.13,0.12,0 13:22:58 09/04/20
0,41.1,35.8,2.86,2.87,0.09,0.09,1 13:28:30 09/04/20
0,42.4,36.1,2.86,2.86,0.13,0.12,0 13:34:02 09/04/20
0,40.3,36.3,2.86,2.87,0.09,0.09,1 13:39:33 09/04/20
0,40.0,36.5,2.86,2.86,0.13,0.13,0 13:45:04 09/04/20
0,39.0,36.6,2.86,2.87,0.1,0.09,1 13:50:35 09/04/20
0,40.8,36.7,2.86,2.86,0.13,0.13,0 13:56:07 09/04/20
0,38.5,36.7,2.86,2.87,0.1,0.09,1 14:01:39 09/04/20
0,37.0,36.8,2.86,2.86,0.13,0.13,0 14:07:11 09/04/20
0,36.9,36.7,2.86,2.87,0.09,0.09,1 14:12:42 09/04/20
0,38.5,36.7,2.86,2.86,0.13,0.13,0 14:18:14 09/04/20
0,38.5,36.9,2.86,2.86,0.12,0.11,0 14:23:48 09/04/20
0,37.0,37.0,2.86,2.87,0.1,0.09,1 14:29:26 09/04/20
0,37.3,37.0,2.86,2.87,0.13,0.13,0 14:34:57 09/04/20
0,38.7,37.1,2.86,2.88,0.09,0.09,1 14:40:28 09/04/20
0,36.8,37.1,2.86,2.87,0.13,0.13,0 14:46:00 09/04/20
0,35.5,37.2,2.86,2.88,0.09,0.09,1 14:51:31 09/04/20
0,35.7,37.2,2.86,2.87,0.13,0.13,0 14:57:03 09/04/20
0,35.5,37.1,2.86,2.88,0.09,0.09,1 15:02:34 09/04/20
0,34.6,36.9,2.86,2.87,0.13,0.13,0 15:08:06 09/04/20
0,34.8,36.8,2.86,2.88,0.09,0.09,1 15:13:37 09/04/20
0,34.6,36.6,2.86,2.87,0.13,0.12,0 15:19:09 09/04/20
0,37.2,36.9,2.86,2.88,0.09,0.09,1 15:24:40 09/04/20
0,35.5,37.1,2.86,2.87,0.12,0.12,0 15:30:12 09/04/20
0,36.5,37.2,2.86,2.88,0.09,0.09,1 15:35:43 09/04/20
0,36.2,37.7,2.86,2.87,0.13,0.12,0 15:41:15 09/04/20
0,36.9,37.8,2.86,2.88,0.09,0.09,1 15:46:46 09/04/20
0,36.3,38.1,2.86,2.88,0.12,0.12,0 15:52:18 09/04/20
0,34.4,38.2,2.86,2.89,0.09,0.09,1 15:57:50 09/04/20
0,34.0,38.1,2.86,2.88,0.12,0.13,0 16:03:23 09/04/20
0,34.8,37.8,2.86,2.89,0.09,0.09,1 16:08:53 09/04/20
0,36.2,37.7,2.87,2.88,0.12,0.12,0 16:14:25 09/04/20
0,36.8,37.8,2.87,2.88,0.11,0.11,0 16:20:00 09/04/20
0,35.6,37.8,2.87,2.89,0.09,0.09,1 16:25:37 09/04/20
0,35.8,37.8,2.87,2.88,0.12,0.12,0 16:31:10 09/04/20
0,36.4,37.7,2.87,2.89,0.09,0.09,1 16:36:41 09/04/20
0,35.8,37.8,2.87,2.88,0.12,0.12,0 16:42:12 09/04/20
0,35.3,37.8,2.87,2.89,0.09,0.09,1 16:47:45 09/04/20
0,37.5,37.5,2.87,2.88,0.12,0.12,0 16:53:16 09/04/20
0,39.2,37.1,2.87,2.89,0.09,0.09,1 16:58:47 09/04/20
0,37.3,36.8,2.87,2.88,0.12,0.12,0 17:04:20 09/04/20
0,37.8,36.5,2.87,2.89,0.09,0.09,1 17:09:52 09/04/20
0,37.8,36.2,2.87,2.88,0.12,0.12,0 17:15:23 09/04/20
0,39.0,35.9,2.87,2.89,0.09,0.09,1 17:20:54 09/04/20
0,37.8,35.4,2.87,2.88,0.12,0.12,0 17:26:25 09/04/20
0,37.2,35.1,2.87,2.9,0.09,0.09,1 17:31:56 09/04/20
0,38.6,34.8,2.87,2.89,0.11,0.12,0 17:37:27 09/04/20
0,36.6,34.4,2.87,2.9,0.09,0.09,1 17:42:59 09/04/20
0,36.8,33.9,2.87,2.89,0.11,0.12,0 17:48:30 09/04/20
0,36.9,33.4,2.87,2.89,0.09,0.09,1 17:54:01 09/04/20
0,37.7,32.9,2.87,2.89,0.11,0.12,0 17:59:32 09/04/20
0,38.5,32.2,2.87,2.9,0.07,0.08,1 18:05:03 09/04/20
0,39.2,31.5,2.87,2.9,0.07,0.08,1 18:10:37 09/04/20
0,39.3,30.8,2.87,2.89,0.09,0.12,0 18:16:13 09/04/20
0,38.8,30.2,2.87,2.9,0.08,0.08,1 18:21:44 09/04/20
0,39.4,29.5,2.87,2.89,0.1,0.12,0 18:27:14 09/04/20
0,39.7,29.0,2.87,2.9,0.08,0.08,1 18:32:45 09/04/20
0,40.5,28.4,2.87,2.89,0.1,0.12,0 18:38:15 09/04/20
0,39.5,27.8,2.87,2.9,0.08,0.08,1 18:43:45 09/04/20
0,37.8,27.1,2.87,2.89,0.1,0.12,0 18:49:15 09/04/20
0,38.0,26.4,2.87,2.9,0.08,0.08,1 18:54:45 09/04/20
0,37.7,25.7,2.87,2.89,0.1,0.12,0 19:00:16 09/04/20
0,38.4,25.1,2.87,2.9,0.08,0.08,1 19:05:46 09/04/20
0,39.7,24.6,2.87,2.89,0.1,0.12,0 19:11:15 09/04/20
0,39.4,24.1,2.87,2.9,0.08,0.08,1 19:16:46 09/04/20
0,40.5,23.7,2.87,2.89,0.1,0.12,0 19:22:14 09/04/20
0,40.6,23.3,2.87,2.9,0.08,0.08,1 19:27:44 09/04/20
0,41.6,22.9,2.87,2.89,0.1,0.12,0 19:33:13 09/04/20
0,40.8,22.5,2.87,2.9,0.08,0.08,1 19:38:43 09/04/20
0,43.6,22.1,2.87,2.89,0.09,0.12,0 19:44:12 09/04/20
0,43.2,21.8,2.88,2.89,0.09,0.11,0 19:49:45 09/04/20
0,43.4,21.4,2.88,2.9,0.08,0.08,1 19:55:20 09/04/20
0,42.9,21.1,2.88,2.89,0.09,0.12,0 20:00:50 09/04/20
0,43.2,20.7,2.88,2.9,0.08,0.08,1 20:06:18 09/04/20
0,43.3,20.4,2.88,2.9,0.07,0.08,1 20:11:51 09/04/20
0,43.3,20.0,2.88,2.89,0.09,0.12,0 20:17:26 09/04/20
0,44.3,19.7,2.88,2.9,0.08,0.09,1 20:22:55 09/04/20
0,45.6,19.3,2.88,2.89,0.1,0.12,0 20:28:24 09/04/20
0,46.0,19.0,2.88,2.9,0.08,0.08,1 20:33:54 09/04/20
0,47.1,18.7,2.88,2.89,0.09,0.12,0 20:39:23 09/04/20
0,47.1,18.4,2.88,2.9,0.08,0.08,1 20:44:52 09/04/20
0,47.4,18.0,2.88,2.89,0.09,0.12,0 20:50:20 09/04/20
0,47.6,17.7,2.88,2.9,0.08,0.08,1 20:55:49 09/04/20
0,47.4,17.4,2.88,2.89,0.1,0.12,0 21:01:18 09/04/20
0,47.7,17.1,2.88,2.89,0.09,0.11,0 21:06:50 09/04/20
0,49.3,16.7,2.88,2.9,0.08,0.08,1 21:12:24 09/04/20
0,48.1,16.5,2.88,2.89,0.1,0.12,0 21:17:53 09/04/20
0,47.5,16.2,2.88,2.9,0.08,0.08,1 21:23:22 09/04/20
0,49.4,15.9,2.88,2.89,0.1,0.12,0 21:28:51 09/04/20
0,50.4,15.8,2.88,2.9,0.08,0.08,1 21:34:19 09/04/20
0,50.0,15.6,2.88,2.89,0.1,0.12,0 21:39:49 09/04/20
0,56.5,15.5,2.88,2.9,0.08,0.08,1 21:45:17 09/04/20
0,53.6,15.5,2.88,2.89,0.1,0.12,0 21:50:45 09/04/20
0,55.3,15.4,2.88,2.9,0.08,0.08,1 21:56:15 09/04/20
0,58.0,15.4,2.88,2.89,0.1,0.11,0 22:01:43 09/04/20
0,57.5,15.4,2.88,2.9,0.08,0.08,1 22:07:11 09/04/20
0,55.1,15.4,2.88,2.89,0.1,0.12,0 22:12:41 09/04/20
0,58.2,15.4,2.88,2.9,0.08,0.08,1 22:18:09 09/04/20
0,61.3,15.4,2.88,2.89,0.1,0.11,0 22:23:37 09/04/20
0,60.8,15.4,2.88,2.89,0.08,0.08,1 22:29:07 09/04/20
0,56.4,15.4,2.88,2.89,0.1,0.12,0 22:34:35 09/04/20
0,60.8,15.3,2.88,2.9,0.08,0.08,1 22:40:03 09/04/20
0,57.1,15.3,2.88,2.89,0.1,0.12,0 22:45:33 09/04/20
0,58.2,15.2,2.88,2.89,0.08,0.08,1 22:51:01 09/04/20
0,58.4,15.0,2.88,2.88,0.1,0.12,0 22:56:29 09/04/20
0,56.2,15.0,2.88,2.89,0.08,0.08,1 23:01:58 09/04/20
0,56.0,14.9,2.88,2.89,0.07,0.08,1 23:07:30 09/04/20
0,56.5,14.8,2.88,2.88,0.1,0.12,0 23:13:05 09/04/20
0,60.0,14.7,2.88,2.89,0.08,0.08,1 23:18:33 09/04/20
0,57.5,14.6,2.88,2.88,0.1,0.12,0 23:24:01 09/04/20
0,56.2,14.4,2.88,2.88,0.07,0.07,0 23:29:32 09/04/20
0,55.1,14.3,2.88,2.89,0.08,0.08,1 23:34:58 09/04/20
0,53.6,14.1,2.88,2.88,0.1,0.12,0 23:40:28 09/04/20
0,54.1,13.9,2.88,2.89,0.08,0.08,1 23:45:57 09/04/20
0,55.9,13.8,2.88,2.88,0.1,0.12,0 23:51:25 09/04/20
0,55.1,13.5,2.88,2.89,0.08,0.09,1 23:56:54 09/04/20
