0,74.1,8.8,2.86,2.88,0.1,0.1,1 00:01:16 16/04/20
0,78.1,8.7,2.86,2.87,0.12,0.14,0 00:06:44 16/04/20
0,79.4,8.7,2.86,2.88,0.1,0.1,1 00:12:13 16/04/20
0,79.5,8.7,2.86,2.87,0.12,0.14,0 00:17:41 16/04/20
0,80.1,8.6,2.87,2.88,0.1,0.1,1 00:23:08 16/04/20
0,78.9,8.6,2.86,2.87,0.12,0.14,0 00:28:36 16/04/20
0,79.9,8.5,2.87,2.88,0.1,0.1,1 00:34:04 16/04/20
0,80.7,8.5,2.86,2.87,0.12,0.14,0 00:39:32 16/04/20
0,77.1,8.4,2.87,2.88,0.1,0.1,1 00:45:00 16/04/20
0,79.9,8.3,2.86,2.87,0.12,0.14,0 00:50:28 16/04/20
0,77.2,8.3,2.87,2.88,0.1,0.1,1 00:55:56 16/04/20
0,81.0,8.2,2.87,2.88,0.06,0.06,1 01:01:25 16/04/20
0,83.1,8.2,2.86,2.87,0.12,0.14,0 01:06:51 16/04/20
0,83.9,8.2,2.86,2.87,0.1,0.1,1 01:12:19 16/04/20
0,85.0,8.2,2.87,2.87,0.12,0.14,0 01:17:47 16/04/20
0,84.5,8.1,2.86,2.87,0.1,0.1,1 01:23:15 16/04/20
0,82.7,8.0,2.86,2.87,0.12,0.14,0 01:28:43 16/04/20
0,75.2,8.0,2.86,2.87,0.1,0.1,1 01:34:12 16/04/20
0,80.5,7.9,2.87,2.87,0.12,0.14,0 01:39:39 16/04/20
0,74.7,7.7,2.87,2.87,0.1,0.1,1 01:45:07 16/04/20
0,74.4,7.6,2.86,2.87,0.09,0.09,1 01:50:38 16/04/20
0,74.6,7.5,2.86,2.86,0.12,0.14,0 01:56:11 16/04/20
0,73.9,7.4,2.87,2.87,0.1,0.1,1 02:01:39 16/04/20
0,78.4,7.3,2.87,2.87,0.09,0.09,1 02:07:12 16/04/20
0,76.4,7.2,2.86,2.86,0.13,0.14,0 02:12:44 16/04/20
0,81.8,7.1,2.87,2.87,0.1,0.1,1 02:18:12 16/04/20
0,84.0,6.9,2.86,2.86,0.13,0.13,0 02:23:39 16/04/20
0,76.2,6.8,2.86,2.87,0.1,0.1,1 02:29:07 16/04/20
0,80.8,6.7,2.86,2.86,0.13,0.13,0 02:34:35 16/04/20
0,77.6,6.6,2.86,2.87,0.1,0.1,1 02:40:03 16/04/20
0,83.2,6.5,2.86,2.86,0.13,0.13,0 02:45:31 16/04/20
0,82.7,6.3,2.86,2.87,0.1,0.1,1 02:50:58 16/04/20
0,82.1,6.2,2.86,2.86,0.13,0.13,0 02:56:27 16/04/20
0,82.5,6.1,2.86,2.87,0.1,0.1,1 03:01:54 16/04/20
0,80.8,6.0,2.87,2.87,0.09,0.09,1 03:07:25 16/04/20
0,87.0,5.9,2.86,2.86,0.13,0.13,0 03:12:58 16/04/20
0,80.8,5.8,2.86,2.87,0.1,0.1,1 03:18:28 16/04/20
0,85.7,5.7,2.86,2.86,0.13,0.13,0 03:23:54 16/04/20
0,81.8,5.6,2.86,2.87,0.1,0.1,1 03:29:21 16/04/20
0,87.4,5.5,2.86,2.86,0.12,0.12,0 03:34:47 16/04/20
0,87.1,5.4,2.86,2.86,0.1,0.1,1 03:40:17 16/04/20
0,87.9,5.3,2.86,2.86,0.13,0.13,0 03:45:45 16/04/20
0,88.6,5.2,2.86,2.87,0.1,0.1,1 03:51:12 16/04/20
0,90.6,5.1,2.86,2.86,0.13,0.13,0 03:56:40 16/04/20
0,89.6,5.0,2.86,2.86,0.12,0.12,0 04:02:11 16/04/20
0,84.5,5.0,2.86,2.87,0.1,0.1,1 04:07:45 16/04/20
0,89.7,4.9,2.86,2.86,0.14,0.13,0 04:13:12 16/04/20
0,91.8,4.8,2.86,2.86,0.1,0.1,1 04:18:39 16/04/20
0,83.5,4.8,2.86,2.86,0.14,0.13,0 04:24:08 16/04/20
0,90.5,4.7,2.86,2.86,0.1,0.1,1 04:29:35 16/04/20
0,88.1,4.7,2.86,2.86,0.13,0.14,0 04:35:02 16/04/20
0,90.1,4.6,2.86,2.86,0.1,0.1,1 04:40:31 16/04/20
0,92.7,4.6,2.86,2.85,0.14,0.14,0 04:45:58 16/04/20
0,92.0,4.5,2.86,2.86,0.1,0.1,1 04:51:25 16/04/20
0,92.3,4.4,2.86,2.85,0.14,0.14,0 04:56:53 16/04/20
0,92.1,4.4,2.86,2.85,0.12,0.12,0 05:02:24 16/04/20
0,88.4,4.4,2.86,2.86,0.1,0.1,1 05:07:58 16/04/20
0,91.8,4.3,2.86,2.85,0.14,0.14,0 05:13:25 16/04/20
0,92.0,4.3,2.86,2.86,0.1,0.1,1 05:18:52 16/04/20
0,91.0,4.3,2.86,2.85,0.14,0.14,0 05:24:20 16/04/20
0,93.9,4.2,2.86,2.86,0.1,0.1,1 05:29:47 16/04/20
0,93.9,4.2,2.86,2.85,0.14,0.14,0 05:35:16 16/04/20
0,93.1,4.1,2.86,2.86,0.1,0.1,1 05:40:43 16/04/20
0,90.7,4.1,2.86,2.85,0.14,0.14,0 05:46:10 16/04/20
0,94.9,4.0,2.86,2.86,0.11,0.1,1 05:51:38 16/04/20
0,92.1,4.0,2.86,2.85,0.14,0.14,0 05:57:05 16/04/20
0,94.1,3.9,2.86,2.86,0.1,0.1,1 06:02:33 16/04/20
0,96.2,3.9,2.86,2.86,0.09,0.09,1 06:08:04 16/04/20
0,94.8,3.9,2.86,2.85,0.14,0.14,0 06:13:38 16/04/20
0,93.9,3.8,2.86,2.86,0.11,0.1,1 06:19:05 16/04/20
0,96.6,3.8,2.86,2.85,0.14,0.14,0 06:24:32 16/04/20
0,94.8,3.7,2.86,2.86,0.11,0.1,1 06:30:00 16/04/20
0,92.9,3.6,2.86,2.85,0.14,0.14,0 06:35:27 16/04/20
0,92.5,3.6,2.86,2.86,0.1,0.1,1 06:40:55 16/04/20
0,96.2,3.5,2.86,2.85,0.14,0.14,0 06:46:23 16/04/20
0,95.3,3.5,2.86,2.86,0.11,0.1,1 06:51:51 16/04/20
0,96.1,3.4,2.86,2.85,0.14,0.14,0 06:57:18 16/04/20
0,97.5,3.5,2.86,2.85,0.11,0.1,1 07:02:45 16/04/20
0,96.4,3.5,2.86,2.85,0.15,0.14,0 07:08:13 16/04/20
0,98.3,3.4,2.86,2.85,0.11,0.1,1 07:13:40 16/04/20
0,97.7,3.5,2.86,2.85,0.14,0.14,0 07:19:08 16/04/20
0,96.2,3.4,2.86,2.85,0.13,0.13,0 07:24:39 16/04/20
0,97.9,3.5,2.86,2.85,0.11,0.1,1 07:30:12 16/04/20
0,99.9,3.6,2.86,2.85,0.14,0.14,0 07:35:39 16/04/20
0,98.3,3.6,2.86,2.85,0.11,0.1,1 07:41:08 16/04/20
0,98.8,3.6,2.86,2.85,0.15,0.14,0 07:46:35 16/04/20
0,99.9,3.7,2.86,2.85,0.11,0.1,1 07:52:02 16/04/20
0,99.9,3.8,2.86,2.84,0.15,0.15,0 07:57:30 16/04/20
0,99.9,4.0,2.86,2.85,0.11,0.1,1 08:02:57 16/04/20
0,99.9,4.2,2.86,2.84,0.15,0.15,0 08:08:25 16/04/20
0,99.9,4.4,2.86,2.84,0.13,0.13,0 08:13:56 16/04/20
0,99.9,4.7,2.86,2.85,0.11,0.1,1 08:19:29 16/04/20
0,99.9,5.0,2.86,2.84,0.15,0.14,0 08:24:57 16/04/20
0,99.9,5.3,2.86,2.85,0.11,0.1,1 08:30:24 16/04/20
0,99.9,5.8,2.86,2.84,0.15,0.14,0 08:35:52 16/04/20
0,99.9,6.2,2.86,2.85,0.11,0.1,1 08:41:20 16/04/20
0,99.9,6.7,2.86,2.84,0.15,0.14,0 08:46:48 16/04/20
0,99.9,7.2,2.86,2.85,0.11,0.1,1 08:52:15 16/04/20
0,99.9,7.7,2.86,2.84,0.15,0.14,0 08:57:43 16/04/20
0,99.9,8.1,2.86,2.85,0.11,0.1,1 09:03:11 16/04/20
0,99.9,8.7,2.86,2.84,0.15,0.14,0 09:08:40 16/04/20
0,99.9,9.2,2.86,2.85,0.11,0.1,1 09:14:08 16/04/20
0,99.9,9.8,2.86,2.84,0.15,0.14,0 09:19:36 16/04/20
0,99.9,10.4,2.85,2.85,0.11,0.1,1 09:25:04 16/04/20
0,99.8,11.0,2.86,2.84,0.15,0.14,0 09:30:31 16/04/20
0,98.6,11.8,2.85,2.85,0.11,0.1,1 09:35:59 16/04/20
0,98.4,12.7,2.85,2.84,0.15,0.14,0 09:41:27 16/04/20
0,96.6,13.7,2.86,2.85,0.11,0.11,1 09:46:56 16/04/20
0,95.1,14.4,2.86,2.84,0.15,0.14,0 09:52:24 16/04/20
0,94.3,15.1,2.86,2.85,0.11,0.11,1 09:57:54 16/04/20
0,93.3,15.8,2.86,2.84,0.15,0.15,0 10:03:22 16/04/20
0,91.2,16.4,2.86,2.85,0.11,0.11,1 10:08:50 16/04/20
0,89.8,16.8,2.85,2.84,0.15,0.14,0 10:14:18 16/04/20
0,90.8,17.2,2.85,2.85,0.11,0.11,1 10:19:47 16/04/20
0,90.5,17.6,2.85,2.84,0.15,0.14,0 10:25:16 16/04/20
0,87.4,17.9,2.85,2.85,0.11,0.11,1 10:30:44 16/04/20
0,86.8,18.2,2.85,2.84,0.15,0.15,0 10:36:13 16/04/20
0,89.1,18.6,2.85,2.85,0.11,0.11,1 10:41:43 16/04/20
0,90.2,19.3,2.85,2.84,0.16,0.15,0 10:47:11 16/04/20
0,88.0,20.1,2.85,2.85,0.11,0.11,1 10:52:40 16/04/20
0,88.2,20.9,2.85,2.84,0.16,0.15,0 10:58:10 16/04/20
0,83.4,21.5,2.86,2.85,0.11,0.11,1 11:03:38 16/04/20
0,76.9,21.9,2.85,2.84,0.15,0.15,0 11:09:07 16/04/20
0,76.5,22.4,2.85,2.85,0.11,0.11,1 11:14:37 16/04/20
0,74.2,22.9,2.85,2.84,0.16,0.15,0 11:20:06 16/04/20
0,76.7,23.6,2.85,2.85,0.11,0.11,1 11:25:35 16/04/20
0,70.4,24.6,2.85,2.84,0.16,0.15,0 11:31:05 16/04/20
0,71.8,25.7,2.85,2.85,0.11,0.11,1 11:36:36 16/04/20
0,64.6,26.5,2.85,2.84,0.16,0.15,0 11:42:04 16/04/20
0,65.1,27.3,2.85,2.85,0.11,0.11,1 11:47:34 16/04/20
0,59.2,27.9,2.85,2.84,0.16,0.15,0 11:53:04 16/04/20
0,56.0,28.5,2.85,2.85,0.11,0.11,1 11:58:34 16/04/20
0,58.5,29.1,2.85,2.84,0.16,0.15,0 12:04:05 16/04/20
0,56.1,29.5,2.85,2.85,0.11,0.11,1 12:09:35 16/04/20
0,55.8,30.0,2.85,2.84,0.16,0.15,0 12:15:06 16/04/20
0,56.1,30.4,2.85,2.85,0.11,0.11,1 12:20:35 16/04/20
0,51.8,30.9,2.85,2.84,0.16,0.15,0 12:26:06 16/04/20
0,49.3,31.3,2.85,2.85,0.11,0.11,1 12:31:36 16/04/20
0,48.2,31.6,2.85,2.84,0.16,0.15,0 12:37:08 16/04/20
0,49.4,32.0,2.85,2.85,0.11,0.11,1 12:42:38 16/04/20
0,46.9,32.2,2.85,2.84,0.16,0.15,0 12:48:08 16/04/20
0,45.6,32.4,2.85,2.85,0.11,0.11,1 12:53:40 16/04/20
0,40.3,32.6,2.85,2.84,0.16,0.15,0 12:59:10 16/04/20
0,43.7,32.5,2.85,2.85,0.11,0.11,1 13:04:41 16/04/20
0,43.9,32.9,2.85,2.84,0.16,0.15,0 13:10:11 16/04/20
0,42.3,33.3,2.85,2.85,0.11,0.11,1 13:15:43 16/04/20
0,38.9,33.3,2.85,2.84,0.16,0.15,0 13:21:14 16/04/20
0,42.9,33.7,2.85,2.85,0.11,0.11,1 13:26:44 16/04/20
0,40.0,34.3,2.85,2.84,0.16,0.15,0 13:32:15 16/04/20
0,41.6,34.7,2.85,2.85,0.11,0.11,1 13:37:46 16/04/20
0,37.5,34.9,2.85,2.84,0.16,0.15,0 13:43:17 16/04/20
0,39.8,34.8,2.85,2.85,0.11,0.11,1 13:48:48 16/04/20
0,41.9,35.0,2.85,2.85,0.16,0.15,0 13:54:20 16/04/20
0,36.6,35.3,2.85,2.85,0.11,0.11,1 13:59:50 16/04/20
0,35.1,35.4,2.85,2.85,0.16,0.15,0 14:05:21 16/04/20
0,36.1,35.5,2.85,2.86,0.12,0.11,1 14:10:54 16/04/20
0,35.9,35.3,2.85,2.85,0.16,0.15,0 14:16:24 16/04/20
0,35.5,35.3,2.85,2.86,0.11,0.11,1 14:21:55 16/04/20
0,37.3,35.6,2.85,2.85,0.16,0.15,0 14:27:27 16/04/20
0,35.1,35.9,2.85,2.86,0.11,0.11,1 14:32:57 16/04/20
0,36.0,36.1,2.85,2.86,0.1,0.1,1 14:38:32 16/04/20
0,33.7,36.0,2.85,2.85,0.16,0.15,0 14:44:09 16/04/20
0,33.7,35.7,2.85,2.86,0.11,0.11,1 14:49:40 16/04/20
0,34.7,35.8,2.85,2.85,0.16,0.15,0 14:55:11 16/04/20
0,37.5,36.0,2.85,2.86,0.11,0.11,1 15:00:42 16/04/20
0,36.5,36.3,2.85,2.86,0.16,0.15,0 15:06:15 16/04/20
0,34.5,36.6,2.85,2.86,0.11,0.11,1 15:11:45 16/04/20
0,36.6,36.9,2.85,2.86,0.15,0.15,0 15:17:17 16/04/20
0,36.2,36.9,2.85,2.86,0.11,0.11,1 15:22:49 16/04/20
0,34.6,36.9,2.85,2.86,0.15,0.15,0 15:28:19 16/04/20
0,35.4,36.9,2.85,2.86,0.11,0.11,1 15:33:50 16/04/20
0,33.2,36.7,2.85,2.86,0.15,0.14,0 15:39:20 16/04/20
0,35.5,36.8,2.85,2.87,0.11,0.11,1 15:44:54 16/04/20
0,35.6,37.0,2.85,2.86,0.15,0.15,0 15:50:25 16/04/20
0,37.2,37.4,2.85,2.87,0.11,0.11,1 15:55:56 16/04/20
0,36.5,37.7,2.85,2.86,0.15,0.15,0 16:01:27 16/04/20
0,37.5,38.3,2.85,2.87,0.11,0.11,1 16:07:00 16/04/20
0,34.7,38.4,2.85,2.86,0.15,0.15,0 16:12:31 16/04/20
0,34.6,38.2,2.85,2.87,0.11,0.11,1 16:18:02 16/04/20
0,37.1,38.5,2.86,2.87,0.15,0.15,0 16:23:35 16/04/20
0,36.7,38.7,2.86,2.87,0.11,0.11,1 16:29:06 16/04/20
0,36.2,38.9,2.86,2.87,0.15,0.15,0 16:34:39 16/04/20
0,35.1,39.2,2.85,2.87,0.11,0.11,1 16:40:09 16/04/20
0,35.5,39.4,2.86,2.87,0.15,0.15,0 16:45:41 16/04/20
0,35.5,39.5,2.85,2.87,0.11,0.11,1 16:51:13 16/04/20
0,34.4,39.4,2.85,2.87,0.15,0.15,0 16:56:45 16/04/20
0,33.5,39.3,2.85,2.87,0.11,0.11,1 17:02:18 16/04/20
0,34.1,39.1,2.85,2.87,0.15,0.15,0 17:07:50 16/04/20
0,31.6,38.7,2.85,2.88,0.11,0.11,1 17:13:21 16/04/20
0,32.4,38.0,2.85,2.87,0.14,0.15,0 17:18:53 16/04/20
0,32.2,37.5,2.85,2.88,0.11,0.11,1 17:24:24 16/04/20
0,34.1,37.3,2.85,2.87,0.15,0.15,0 17:29:56 16/04/20
0,34.4,37.3,2.86,2.88,0.11,0.11,1 17:35:27 16/04/20
0,34.1,37.3,2.86,2.87,0.14,0.15,0 17:40:59 16/04/20
0,34.3,37.1,2.86,2.88,0.11,0.11,1 17:46:30 16/04/20
0,32.9,36.6,2.85,2.87,0.14,0.15,0 17:52:02 16/04/20
0,33.6,35.8,2.85,2.88,0.11,0.11,1 17:57:33 16/04/20
0,34.6,34.9,2.86,2.87,0.14,0.15,0 18:03:06 16/04/20
0,35.2,34.0,2.86,2.88,0.11,0.11,1 18:08:36 16/04/20
0,36.1,33.3,2.86,2.87,0.14,0.15,0 18:14:07 16/04/20
0,35.9,32.7,2.86,2.88,0.11,0.11,1 18:19:38 16/04/20
0,36.7,32.2,2.86,2.87,0.13,0.15,0 18:25:08 16/04/20
0,37.0,31.6,2.86,2.88,0.11,0.11,1 18:30:40 16/04/20
0,37.3,30.9,2.86,2.87,0.13,0.15,0 18:36:10 16/04/20
0,36.2,30.2,2.86,2.88,0.1,0.11,1 18:41:40 16/04/20
0,36.5,29.6,2.86,2.87,0.13,0.15,0 18:47:12 16/04/20
0,37.0,29.1,2.86,2.88,0.11,0.11,1 18:52:41 16/04/20
0,37.7,28.6,2.86,2.87,0.13,0.15,0 18:58:11 16/04/20
0,37.6,28.2,2.86,2.88,0.1,0.11,1 19:03:41 16/04/20
0,38.4,27.7,2.86,2.88,0.12,0.15,0 19:09:11 16/04/20
0,39.0,27.0,2.86,2.88,0.1,0.11,1 19:14:41 16/04/20
0,40.1,26.3,2.86,2.87,0.12,0.14,0 19:20:10 16/04/20
0,42.6,25.9,2.86,2.88,0.1,0.11,1 19:25:41 16/04/20
0,43.3,25.6,2.86,2.88,0.12,0.15,0 19:31:12 16/04/20
0,43.3,25.3,2.86,2.88,0.1,0.11,1 19:36:41 16/04/20
0,44.0,24.6,2.86,2.88,0.12,0.14,0 19:42:10 16/04/20
0,44.5,24.0,2.86,2.89,0.1,0.11,1 19:47:41 16/04/20
0,45.0,23.5,2.86,2.88,0.12,0.14,0 19:53:10 16/04/20
0,44.1,23.1,2.86,2.88,0.1,0.1,1 19:58:39 16/04/20
0,45.9,22.7,2.86,2.89,0.09,0.09,1 20:04:12 16/04/20
0,45.4,22.4,2.86,2.88,0.12,0.15,0 20:09:47 16/04/20
0,44.3,22.1,2.86,2.89,0.1,0.1,1 20:15:16 16/04/20
0,44.8,21.8,2.86,2.88,0.12,0.15,0 20:20:47 16/04/20
0,45.2,21.5,2.86,2.88,0.1,0.1,1 20:26:15 16/04/20
0,44.6,21.2,2.86,2.88,0.12,0.15,0 20:31:45 16/04/20
0,45.9,20.9,2.86,2.88,0.1,0.1,1 20:37:13 16/04/20
0,47.0,20.6,2.86,2.88,0.12,0.14,0 20:42:42 16/04/20
0,49.6,20.3,2.86,2.89,0.1,0.1,1 20:48:13 16/04/20
0,49.5,20.0,2.86,2.88,0.12,0.14,0 20:53:41 16/04/20
0,50.5,19.7,2.86,2.89,0.1,0.11,1 20:59:10 16/04/20
0,52.4,19.3,2.86,2.88,0.12,0.14,0 21:04:39 16/04/20
0,50.8,18.9,2.86,2.89,0.1,0.11,1 21:10:08 16/04/20
0,53.2,18.5,2.86,2.88,0.12,0.15,0 21:15:37 16/04/20
0,52.6,18.2,2.86,2.89,0.1,0.1,1 21:21:06 16/04/20
0,54.5,17.8,2.86,2.88,0.12,0.14,0 21:26:35 16/04/20
0,53.5,17.5,2.86,2.89,0.1,0.11,1 21:32:03 16/04/20
0,52.2,17.2,2.86,2.88,0.12,0.14,0 21:37:32 16/04/20
0,52.9,16.9,2.86,2.89,0.1,0.11,1 21:43:01 16/04/20
0,52.4,16.6,2.86,2.88,0.13,0.15,0 21:48:31 16/04/20
0,52.5,16.3,2.86,2.88,0.1,0.1,1 21:53:58 16/04/20
0,51.8,16.0,2.86,2.88,0.12,0.15,0 21:59:27 16/04/20
0,54.4,15.8,2.86,2.89,0.1,0.1,1 22:04:56 16/04/20
0,52.3,15.6,2.86,2.88,0.12,0.14,0 22:10:24 16/04/20
0,52.6,15.4,2.86,2.88,0.1,0.11,1 22:15:53 16/04/20
0,53.0,15.2,2.86,2.88,0.12,0.14,0 22:21:21 16/04/20
0,53.3,15.0,2.86,2.89,0.1,0.11,1 22:26:50 16/04/20
0,54.2,14.9,2.86,2.88,0.12,0.14,0 22:32:18 16/04/20
0,56.5,14.7,2.86,2.88,0.1,0.11,1 22:37:47 16/04/20
0,53.1,14.5,2.86,2.88,0.12,0.14,0 22:43:15 16/04/20
0,57.8,14.4,2.87,2.88,0.1,0.1,1 22:48:44 16/04/20
0,53.2,14.2,2.87,2.88,0.12,0.14,0 22:54:12 16/04/20
0,57.0,14.1,2.87,2.88,0.1,0.1,1 22:59:41 16/04/20
0,54.4,13.9,2.86,2.88,0.12,0.14,0 23:05:09 16/04/20
0,52.9,13.8,2.86,2.88,0.1,0.11,1 23:10:38 16/04/20
0,54.5,13.6,2.87,2.88,0.13,0.14,0 23:16:06 16/04/20
0,54.2,13.5,2.87,2.88,0.1,0.11,1 23:21:36 16/04/20
0,56.6,13.4,2.87,2.88,0.13,0.14,0 23:27:04 16/04/20
0,58.8,13.2,2.87,2.88,0.1,0.1,1 23:32:31 16/04/20
0,57.7,13.1,2.87,2.88,0.09,0.09,1 23:38:04 16/04/20
0,59.9,13.0,2.87,2.88,0.13,0.14,0 23:43:38 16/04/20
0,55.8,12.9,2.87,2.88,0.1,0.11,1 23:49:05 16/04/20
0,61.0,12.8,2.87,2.87,0.13,0.14,0 23:54:34 16/04/20
