0,52.1,12.5,2.88,2.87,0.11,0.11,1 00:03:22 21/04/20
0,53.7,12.4,2.88,2.87,0.17,0.16,0 00:08:51 21/04/20
0,52.3,12.3,2.88,2.87,0.11,0.11,1 00:14:19 21/04/20
0,53.0,12.2,2.88,2.87,0.17,0.16,0 00:19:48 21/04/20
0,53.1,12.1,2.88,2.87,0.11,0.11,1 00:25:15 21/04/20
0,54.2,12.0,2.88,2.87,0.17,0.16,0 00:30:45 21/04/20
0,54.5,11.9,2.88,2.87,0.11,0.11,1 00:36:12 21/04/20
0,53.4,11.8,2.88,2.87,0.17,0.16,0 00:41:41 21/04/20
0,54.7,11.7,2.88,2.87,0.11,0.11,1 00:47:08 21/04/20
0,55.1,11.6,2.88,2.87,0.17,0.16,0 00:52:36 21/04/20
0,54.2,11.5,2.88,2.87,0.11,0.11,1 00:58:06 21/04/20
0,55.1,11.4,2.88,2.87,0.17,0.16,0 01:03:33 21/04/20
0,57.2,11.2,2.88,2.87,0.12,0.11,1 01:09:02 21/04/20
0,56.4,11.1,2.88,2.87,0.17,0.15,0 01:14:29 21/04/20
0,56.5,11.0,2.88,2.87,0.11,0.11,1 01:19:57 21/04/20
0,57.3,10.9,2.88,2.87,0.17,0.15,0 01:25:31 21/04/20
0,55.5,10.9,2.88,2.86,0.15,0.14,0 01:31:06 21/04/20
0,58.1,10.8,2.88,2.87,0.11,0.11,1 01:36:40 21/04/20
0,57.8,10.7,2.88,2.86,0.17,0.15,0 01:42:08 21/04/20
0,58.7,10.7,2.87,2.87,0.11,0.11,1 01:47:36 21/04/20
0,57.3,10.6,2.88,2.86,0.17,0.16,0 01:53:05 21/04/20
0,57.9,10.5,2.87,2.87,0.11,0.11,1 01:58:32 21/04/20
0,56.9,10.5,2.87,2.86,0.17,0.15,0 02:04:00 21/04/20
0,57.2,10.4,2.87,2.87,0.11,0.11,1 02:09:28 21/04/20
0,57.9,10.3,2.88,2.86,0.17,0.15,0 02:14:57 21/04/20
0,58.6,10.3,2.87,2.87,0.11,0.11,1 02:20:25 21/04/20
0,56.6,10.2,2.87,2.86,0.17,0.15,0 02:25:53 21/04/20
0,56.9,10.1,2.87,2.87,0.12,0.11,1 02:31:21 21/04/20
0,58.4,10.0,2.87,2.86,0.17,0.16,0 02:36:49 21/04/20
0,57.6,10.0,2.87,2.88,0.12,0.11,1 02:42:18 21/04/20
0,58.3,9.9,2.87,2.86,0.17,0.15,0 02:47:46 21/04/20
0,59.1,9.9,2.87,2.87,0.11,0.11,1 02:53:13 21/04/20
0,61.1,9.8,2.87,2.86,0.17,0.15,0 02:58:41 21/04/20
0,58.0,9.7,2.87,2.87,0.12,0.11,1 03:04:09 21/04/20
0,58.4,9.7,2.87,2.86,0.17,0.15,0 03:09:37 21/04/20
0,59.9,9.6,2.87,2.87,0.12,0.11,1 03:15:05 21/04/20
0,60.1,9.6,2.87,2.86,0.17,0.15,0 03:20:33 21/04/20
0,59.7,9.5,2.87,2.87,0.11,0.11,1 03:26:01 21/04/20
0,60.9,9.5,2.92,2.85,0.18,0.15,0 03:31:34 21/04/20
0,60.6,9.5,2.87,2.86,0.11,0.11,1 03:37:06 21/04/20
0,59.9,9.5,2.87,2.86,0.17,0.15,0 03:42:34 21/04/20
0,61.0,9.4,2.87,2.87,0.11,0.11,1 03:48:02 21/04/20
0,61.1,9.3,2.87,2.86,0.17,0.15,0 03:53:31 21/04/20
0,59.9,9.3,2.87,2.87,0.11,0.11,1 03:58:59 21/04/20
0,60.4,9.2,2.87,2.86,0.1,0.1,1 04:04:30 21/04/20
0,59.8,9.2,2.87,2.86,0.17,0.15,0 04:10:03 21/04/20
0,60.7,9.2,2.87,2.86,0.11,0.11,1 04:15:31 21/04/20
0,60.0,9.1,2.87,2.86,0.17,0.16,0 04:21:00 21/04/20
0,62.0,9.1,2.87,2.86,0.12,0.11,1 04:26:28 21/04/20
0,60.8,9.0,2.87,2.86,0.17,0.16,0 04:31:56 21/04/20
0,61.6,9.0,2.87,2.86,0.12,0.12,1 04:37:24 21/04/20
0,61.2,8.9,2.87,2.86,0.18,0.16,0 04:42:53 21/04/20
0,60.8,8.9,2.87,2.86,0.12,0.11,1 04:48:20 21/04/20
0,62.8,8.9,2.87,2.86,0.18,0.16,0 04:53:49 21/04/20
0,61.7,8.8,2.87,2.86,0.12,0.11,1 04:59:16 21/04/20
0,60.4,8.7,2.85,2.91,0.17,0.15,0 05:04:44 21/04/20
0,61.6,8.7,2.87,2.86,0.12,0.11,1 05:10:11 21/04/20
0,61.5,8.6,2.87,2.86,0.17,0.16,0 05:15:39 21/04/20
0,60.4,8.5,2.87,2.86,0.12,0.11,1 05:21:07 21/04/20
0,62.2,8.5,2.87,2.86,0.17,0.16,0 05:26:35 21/04/20
0,61.1,8.4,2.87,2.86,0.12,0.11,1 05:32:10 21/04/20
0,60.2,8.4,2.87,2.86,0.17,0.15,0 05:37:41 21/04/20
0,62.2,8.3,2.87,2.86,0.12,0.12,1 05:43:09 21/04/20
0,63.4,8.2,2.87,2.86,0.17,0.16,0 05:48:36 21/04/20
0,62.9,8.2,2.87,2.86,0.12,0.11,1 05:54:04 21/04/20
0,60.6,8.1,2.87,2.85,0.17,0.16,0 05:59:32 21/04/20
0,62.4,8.1,2.87,2.86,0.12,0.12,1 06:05:00 21/04/20
0,62.3,8.0,2.87,2.86,0.18,0.16,0 06:10:29 21/04/20
0,63.2,7.9,2.87,2.86,0.12,0.11,1 06:15:55 21/04/20
0,63.7,7.8,2.87,2.85,0.17,0.16,0 06:21:23 21/04/20
0,64.7,7.8,2.86,2.86,0.12,0.11,1 06:26:51 21/04/20
0,64.7,7.7,2.87,2.85,0.17,0.16,0 06:32:19 21/04/20
0,64.1,7.7,2.86,2.86,0.12,0.12,1 06:37:48 21/04/20
0,64.8,7.7,2.86,2.85,0.17,0.16,0 06:43:15 21/04/20
0,65.4,7.7,2.86,2.86,0.12,0.12,1 06:48:43 21/04/20
0,65.7,7.6,2.86,2.86,0.1,0.1,1 06:54:15 21/04/20
0,64.5,7.7,2.86,2.85,0.17,0.16,0 06:59:47 21/04/20
0,65.1,7.7,2.86,2.86,0.12,0.11,1 07:05:15 21/04/20
0,65.5,7.6,2.86,2.85,0.17,0.16,0 07:10:43 21/04/20
0,67.6,7.7,2.86,2.86,0.12,0.12,1 07:16:12 21/04/20
0,68.3,7.7,2.86,2.85,0.18,0.16,0 07:21:39 21/04/20
0,67.2,7.8,2.86,2.86,0.12,0.12,1 07:27:07 21/04/20
0,68.3,7.9,2.86,2.85,0.18,0.16,0 07:32:43 21/04/20
0,67.3,8.1,2.86,2.86,0.11,0.11,1 07:38:12 21/04/20
0,67.0,8.1,2.86,2.85,0.17,0.15,0 07:43:39 21/04/20
0,67.9,8.3,2.86,2.86,0.11,0.11,1 07:49:07 21/04/20
0,68.0,8.4,2.86,2.85,0.17,0.16,0 07:54:35 21/04/20
0,67.6,8.6,2.86,2.86,0.12,0.11,1 08:00:03 21/04/20
0,66.7,8.8,2.86,2.85,0.17,0.16,0 08:05:31 21/04/20
0,67.2,8.9,2.86,2.86,0.12,0.11,1 08:10:59 21/04/20
0,67.3,9.1,2.86,2.85,0.17,0.16,0 08:16:27 21/04/20
0,66.6,9.3,2.86,2.86,0.12,0.11,1 08:21:55 21/04/20
0,65.6,9.5,2.86,2.85,0.18,0.16,0 08:27:23 21/04/20
0,66.0,9.7,2.86,2.86,0.12,0.11,1 08:32:51 21/04/20
0,65.2,9.9,2.86,2.85,0.18,0.16,0 08:38:19 21/04/20
0,65.1,10.1,2.86,2.86,0.12,0.11,1 08:43:47 21/04/20
0,64.3,10.4,2.86,2.85,0.17,0.16,0 08:49:16 21/04/20
0,63.4,10.6,2.86,2.86,0.12,0.12,1 08:54:45 21/04/20
0,64.7,10.9,2.86,2.85,0.18,0.16,0 09:00:12 21/04/20
0,62.8,11.2,2.86,2.85,0.12,0.11,1 09:05:40 21/04/20
0,63.3,11.5,2.86,2.85,0.18,0.16,0 09:11:09 21/04/20
0,62.7,11.9,2.86,2.85,0.12,0.11,1 09:16:36 21/04/20
0,60.5,12.3,2.86,2.85,0.18,0.16,0 09:22:04 21/04/20
0,60.4,12.5,2.86,2.85,0.12,0.12,1 09:27:33 21/04/20
0,60.0,12.8,2.86,2.85,0.18,0.16,0 09:33:02 21/04/20
0,59.1,13.0,2.86,2.85,0.12,0.11,1 09:38:29 21/04/20
0,59.1,13.3,2.86,2.85,0.18,0.16,0 09:43:58 21/04/20
0,58.9,13.7,2.86,2.85,0.12,0.11,1 09:49:27 21/04/20
0,58.7,13.9,2.86,2.85,0.18,0.16,0 09:54:55 21/04/20
0,58.4,14.2,2.86,2.85,0.12,0.11,1 10:00:23 21/04/20
0,58.4,14.6,2.86,2.85,0.18,0.16,0 10:05:51 21/04/20
0,58.3,15.2,2.86,2.85,0.12,0.12,1 10:11:20 21/04/20
0,55.8,15.7,2.86,2.85,0.18,0.16,0 10:16:48 21/04/20
0,56.1,15.9,2.86,2.85,0.12,0.11,1 10:22:18 21/04/20
0,54.9,16.0,2.86,2.85,0.18,0.16,0 10:27:46 21/04/20
0,55.2,16.1,2.86,2.85,0.12,0.11,1 10:33:14 21/04/20
0,55.1,16.2,2.86,2.85,0.18,0.16,0 10:38:43 21/04/20
0,56.4,16.6,2.86,2.85,0.12,0.12,1 10:44:13 21/04/20
0,56.0,17.4,2.86,2.85,0.18,0.16,0 10:49:40 21/04/20
0,55.4,18.0,2.86,2.85,0.12,0.11,1 10:55:10 21/04/20
0,54.5,18.5,2.86,2.85,0.18,0.16,0 11:00:39 21/04/20
0,55.2,18.8,2.86,2.85,0.12,0.12,1 11:06:07 21/04/20
0,53.6,19.1,2.86,2.85,0.18,0.16,0 11:11:36 21/04/20
0,53.7,19.3,2.86,2.85,0.12,0.12,1 11:17:05 21/04/20
0,53.0,19.7,2.85,2.85,0.18,0.16,0 11:22:34 21/04/20
0,54.1,20.4,2.86,2.85,0.12,0.12,1 11:28:03 21/04/20
0,55.4,22.0,2.86,2.85,0.18,0.16,0 11:33:33 21/04/20
0,52.7,23.4,2.86,2.86,0.12,0.12,1 11:39:04 21/04/20
0,50.3,24.6,2.86,2.85,0.18,0.16,0 11:44:31 21/04/20
0,48.6,25.8,2.85,2.85,0.12,0.12,1 11:50:02 21/04/20
0,46.7,26.8,2.86,2.85,0.18,0.16,0 11:55:30 21/04/20
0,44.5,27.4,2.85,2.85,0.12,0.12,1 12:01:00 21/04/20
0,43.9,28.3,2.86,2.85,0.18,0.16,0 12:06:30 21/04/20
0,45.0,28.6,2.85,2.85,0.12,0.12,1 12:12:02 21/04/20
0,43.0,29.1,2.85,2.85,0.18,0.16,0 12:17:31 21/04/20
0,42.9,29.4,2.86,2.85,0.12,0.12,1 12:23:02 21/04/20
0,41.1,29.8,2.85,2.85,0.18,0.16,0 12:28:31 21/04/20
0,41.2,30.1,2.86,2.85,0.12,0.12,1 12:34:03 21/04/20
0,38.2,30.6,2.85,2.85,0.18,0.16,0 12:39:32 21/04/20
0,39.2,30.7,2.86,2.85,0.12,0.12,1 12:45:02 21/04/20
0,38.3,31.2,2.85,2.85,0.18,0.16,0 12:50:33 21/04/20
0,37.9,31.7,2.85,2.85,0.12,0.12,1 12:56:03 21/04/20
0,38.1,31.8,2.85,2.85,0.18,0.16,0 13:01:34 21/04/20
0,39.0,32.2,2.86,2.85,0.16,0.14,0 13:07:08 21/04/20
0,36.6,32.4,2.85,2.85,0.11,0.11,1 13:12:42 21/04/20
0,35.6,32.6,2.85,2.85,0.18,0.16,0 13:18:15 21/04/20
0,33.8,33.2,2.85,2.85,0.12,0.12,1 13:23:46 21/04/20
0,34.6,33.4,2.85,2.85,0.18,0.16,0 13:29:17 21/04/20
0,34.6,33.8,2.85,2.85,0.12,0.12,1 13:34:47 21/04/20
0,36.4,33.8,2.85,2.85,0.18,0.16,0 13:40:18 21/04/20
0,35.2,34.1,2.86,2.86,0.12,0.12,1 13:45:49 21/04/20
0,33.6,34.5,2.85,2.85,0.18,0.16,0 13:51:20 21/04/20
0,31.7,34.7,2.85,2.86,0.12,0.12,1 13:56:51 21/04/20
0,34.8,35.0,2.86,2.85,0.18,0.16,0 14:02:22 21/04/20
0,35.8,35.2,2.85,2.86,0.12,0.12,1 14:07:53 21/04/20
0,33.2,35.6,2.86,2.85,0.18,0.16,0 14:13:24 21/04/20
0,30.7,35.4,2.86,2.85,0.16,0.14,0 14:18:59 21/04/20
3,31.2,35.3,2.86,2.86,0.12,0.12,1 14:24:36 21/04/20
0,31.6,35.4,2.86,2.85,0.18,0.16,0 14:30:07 21/04/20
0,31.8,35.7,2.86,2.86,0.12,0.12,1 14:35:38 21/04/20
0,31.4,35.4,2.86,2.85,0.18,0.16,0 14:41:10 21/04/20
0,31.8,35.9,2.86,2.86,0.12,0.12,1 14:46:40 21/04/20
0,31.6,36.1,2.86,2.85,0.18,0.16,0 14:52:11 21/04/20
0,29.9,36.5,2.86,2.86,0.12,0.12,1 14:57:44 21/04/20
0,33.3,36.4,2.86,2.85,0.18,0.16,0 15:03:14 21/04/20
0,30.9,36.2,2.86,2.86,0.12,0.12,1 15:08:46 21/04/20
0,30.0,36.6,2.86,2.86,0.18,0.16,0 15:14:16 21/04/20
0,31.1,36.7,2.86,2.86,0.12,0.12,1 15:19:48 21/04/20
0,31.8,36.9,2.86,2.86,0.18,0.16,0 15:25:19 21/04/20
0,32.3,36.9,2.86,2.86,0.12,0.12,1 15:30:50 21/04/20
0,29.9,37.1,2.86,2.86,0.18,0.16,0 15:36:22 21/04/20
0,30.0,37.4,2.86,2.86,0.12,0.12,1 15:41:53 21/04/20
0,32.0,37.4,2.86,2.86,0.18,0.16,0 15:47:26 21/04/20
0,31.1,37.7,2.86,2.87,0.12,0.12,1 15:52:57 21/04/20
0,29.8,37.8,2.86,2.86,0.18,0.16,0 15:58:29 21/04/20
0,30.6,37.9,2.86,2.87,0.12,0.12,1 16:03:59 21/04/20
0,30.6,38.0,2.86,2.86,0.18,0.16,0 16:09:31 21/04/20
0,29.8,37.8,2.86,2.87,0.12,0.12,1 16:15:02 21/04/20
0,29.3,37.7,2.86,2.86,0.18,0.16,0 16:20:34 21/04/20
0,29.4,37.6,2.86,2.87,0.12,0.12,1 16:26:06 21/04/20
0,29.3,37.6,2.86,2.86,0.18,0.16,0 16:31:38 21/04/20
0,28.1,37.5,2.86,2.87,0.12,0.12,1 16:37:09 21/04/20
0,27.7,37.1,2.86,2.86,0.17,0.16,0 16:42:40 21/04/20
0,28.2,36.8,2.86,2.87,0.12,0.12,1 16:48:13 21/04/20
0,29.2,36.6,2.87,2.86,0.17,0.16,0 16:53:44 21/04/20
0,28.9,36.4,2.86,2.87,0.12,0.12,1 16:59:14 21/04/20
0,29.0,36.2,2.87,2.87,0.17,0.16,0 17:04:46 21/04/20
0,28.7,36.2,2.87,2.87,0.11,0.11,1 17:10:17 21/04/20
0,29.4,36.1,2.87,2.87,0.17,0.16,0 17:15:48 21/04/20
0,27.9,36.0,2.87,2.87,0.11,0.11,1 17:21:20 21/04/20
0,28.1,36.0,2.87,2.87,0.17,0.16,0 17:26:51 21/04/20
0,27.7,35.7,2.87,2.87,0.11,0.11,1 17:32:22 21/04/20
0,27.8,35.2,2.87,2.85,0.17,0.16,0 17:37:54 21/04/20
0,28.2,34.6,2.87,2.87,0.12,0.12,1 17:43:25 21/04/20
0,27.9,34.2,2.87,2.87,0.17,0.16,0 17:48:56 21/04/20
0,28.9,33.6,2.87,2.88,0.12,0.12,1 17:54:27 21/04/20
0,27.3,33.3,2.87,2.87,0.17,0.16,0 17:59:58 21/04/20
0,27.6,32.7,2.87,2.88,0.12,0.11,1 18:05:30 21/04/20
0,27.3,32.0,2.87,2.87,0.17,0.16,0 18:10:59 21/04/20
0,28.0,31.1,2.87,2.88,0.11,0.11,1 18:16:31 21/04/20
0,28.3,30.2,2.87,2.88,0.1,0.1,1 18:22:04 21/04/20
0,28.2,29.2,2.87,2.87,0.17,0.16,0 18:27:40 21/04/20
0,28.2,28.2,2.87,2.88,0.11,0.11,1 18:33:11 21/04/20
0,28.8,27.1,2.87,2.87,0.17,0.16,0 18:38:40 21/04/20
0,29.5,26.0,2.87,2.88,0.12,0.12,1 18:44:11 21/04/20
0,30.0,25.3,2.87,2.87,0.18,0.16,0 18:49:40 21/04/20
0,30.4,24.6,2.87,2.88,0.12,0.12,1 18:55:10 21/04/20
0,31.3,24.2,2.87,2.87,0.17,0.16,0 19:00:39 21/04/20
0,30.9,24.0,2.87,2.88,0.12,0.12,1 19:06:09 21/04/20
0,30.9,23.8,2.87,2.87,0.17,0.16,0 19:11:39 21/04/20
0,31.6,23.4,2.87,2.88,0.12,0.12,1 19:17:09 21/04/20
0,32.6,23.0,2.87,2.87,0.17,0.16,0 19:22:39 21/04/20
0,31.9,22.7,2.87,2.88,0.12,0.12,1 19:28:08 21/04/20
0,32.3,22.5,2.87,2.87,0.17,0.15,0 19:33:37 21/04/20
0,32.5,22.1,2.87,2.88,0.12,0.12,1 19:39:06 21/04/20
0,32.7,21.7,2.87,2.87,0.17,0.15,0 19:44:35 21/04/20
0,33.8,21.3,2.87,2.88,0.12,0.12,1 19:50:06 21/04/20
0,34.4,20.9,2.88,2.88,0.17,0.16,0 19:55:34 21/04/20
0,35.5,20.5,2.87,2.88,0.12,0.12,1 20:01:04 21/04/20
0,35.5,20.2,2.87,2.87,0.17,0.16,0 20:06:32 21/04/20
0,35.6,19.9,2.88,2.88,0.12,0.12,1 20:12:01 21/04/20
0,37.1,19.6,2.88,2.88,0.17,0.16,0 20:17:30 21/04/20
0,36.8,19.3,2.88,2.88,0.12,0.12,1 20:22:59 21/04/20
0,38.0,19.0,2.88,2.88,0.17,0.16,0 20:28:28 21/04/20
0,38.1,18.7,2.88,2.88,0.12,0.12,1 20:33:57 21/04/20
0,38.0,18.5,2.88,2.88,0.16,0.16,0 20:39:26 21/04/20
0,38.2,18.2,2.88,2.88,0.12,0.12,1 20:44:55 21/04/20
0,38.5,18.0,2.88,2.88,0.17,0.16,0 20:50:24 21/04/20
0,38.7,17.8,2.88,2.88,0.12,0.12,1 20:55:54 21/04/20
0,39.6,17.6,2.88,2.88,0.17,0.16,0 21:01:22 21/04/20
0,39.1,17.4,2.88,2.88,0.12,0.12,1 21:06:51 21/04/20
0,40.1,17.2,2.88,2.88,0.17,0.16,0 21:12:21 21/04/20
0,40.3,17.0,2.88,2.88,0.12,0.12,1 21:17:48 21/04/20
0,42.0,16.9,2.88,2.88,0.16,0.16,0 21:23:17 21/04/20
0,42.0,16.7,2.88,2.88,0.12,0.12,1 21:28:47 21/04/20
0,41.9,16.6,2.88,2.88,0.17,0.16,0 21:34:15 21/04/20
0,42.2,16.5,2.88,2.88,0.12,0.12,1 21:39:43 21/04/20
0,43.0,16.4,2.88,2.88,0.17,0.16,0 21:45:12 21/04/20
0,42.6,16.3,2.88,2.88,0.12,0.12,1 21:50:41 21/04/20
0,42.6,16.1,2.88,2.88,0.17,0.16,0 21:56:11 21/04/20
0,44.1,16.0,2.88,2.88,0.12,0.12,1 22:01:38 21/04/20
0,44.3,15.8,2.88,2.87,0.17,0.16,0 22:07:07 21/04/20
7,44.7,15.7,2.88,2.88,0.12,0.12,1 22:12:36 21/04/20
0,43.8,15.6,2.88,2.87,0.17,0.16,0 22:18:04 21/04/20
0,45.5,15.5,2.88,2.88,0.12,0.12,1 22:23:33 21/04/20
0,45.7,15.4,2.88,2.87,0.17,0.16,0 22:29:03 21/04/20
0,45.9,15.4,2.88,2.88,0.12,0.12,1 22:34:30 21/04/20
0,44.0,15.2,2.88,2.87,0.17,0.16,0 22:39:59 21/04/20
0,43.5,15.1,2.88,2.88,0.12,0.12,1 22:45:27 21/04/20
0,45.9,14.9,2.88,2.87,0.17,0.16,0 22:50:56 21/04/20
0,47.4,14.8,2.88,2.88,0.12,0.12,1 22:56:24 21/04/20
0,45.0,14.7,2.88,2.87,0.17,0.16,0 23:01:54 21/04/20
0,45.8,14.6,2.88,2.88,0.12,0.12,1 23:07:23 21/04/20
0,46.7,14.5,2.88,2.87,0.17,0.16,0 23:12:51 21/04/20
0,47.0,14.3,2.88,2.88,0.12,0.12,1 23:18:20 21/04/20
0,47.5,14.2,2.88,2.87,0.17,0.16,0 23:23:48 21/04/20
0,48.0,14.1,2.88,2.87,0.14,0.14,0 23:29:19 21/04/20
0,49.2,14.0,2.89,2.88,0.12,0.12,1 23:34:53 21/04/20
0,49.1,13.8,2.88,2.87,0.16,0.16,0 23:40:21 21/04/20
0,49.2,13.7,2.88,2.88,0.12,0.12,1 23:45:50 21/04/20
0,48.5,13.6,2.88,2.87,0.17,0.15,0 23:51:18 21/04/20
0,50.4,13.5,2.88,2.88,0.11,0.11,1 23:56:52 21/04/20
