34,99.9,1.01,1028.61,0.0,3.97 00:02:26 02/01/20
38,99.9,1.0699999,1028.54,0.0,3.97 00:07:39 02/01/20
40,99.9,1.085,1028.48,0.0,3.97 00:12:56 02/01/20
39,99.9,1.1,1028.47,0.0,3.97 00:18:12 02/01/20
40,99.9,1.1600001,1028.46,0.0,3.97 00:23:25 02/01/20
40,99.9,1.175,1028.33,0.0,3.97 00:28:38 02/01/20
40,99.9,1.185,1028.31,0.0,3.97 00:33:49 02/01/20
43,99.9,1.1949999,1028.26,0.0,3.97 00:39:06 02/01/20
43,99.9,1.26,1028.26,0.0,3.97 00:44:26 02/01/20
39,99.9,1.275,1028.25,0.0,3.97 00:49:43 02/01/20
35,99.9,1.3,1028.23,0.0,3.97 00:54:54 02/01/20
40,99.9,1.355,1028.26,0.0,3.97 01:00:09 02/01/20
37,99.9,1.37,1028.24,0.0,3.97 01:05:20 02/01/20
37,99.9,1.385,1028.19,0.0,3.96 01:10:33 02/01/20
36,99.9,1.395,1028.17,0.0,3.96 01:15:46 02/01/20
35,99.9,1.46,1028.06,0.0,3.96 01:20:58 02/01/20
37,99.9,1.4749999,1027.98,0.0,3.97 01:26:10 02/01/20
30,99.9,1.49,1027.98,0.0,3.97 01:31:20 02/01/20
38,99.9,1.5,1027.93,0.0,3.96 01:36:37 02/01/20
32,99.9,1.565,1027.95,0.0,3.96 01:41:45 02/01/20
36,99.9,1.58,1027.88,0.0,3.96 01:46:59 02/01/20
37,99.9,1.595,1027.84,0.0,3.96 01:52:12 02/01/20
37,99.9,1.655,1027.81,0.0,3.96 01:57:27 02/01/20
37,99.9,1.665,1027.8,0.0,3.96 02:02:45 02/01/20
30,99.9,1.69,1027.81,0.0,3.96 02:07:55 02/01/20
33,99.9,1.6949999,1027.7,0.0,3.97 02:13:08 02/01/20
37,99.9,1.755,1027.7,0.0,3.96 02:18:23 02/01/20
36,99.9,1.78,1027.64,0.0,3.96 02:23:34 02/01/20
38,99.9,1.84,1027.56,0.0,3.96 02:28:47 02/01/20
36,99.9,1.86,1027.57,0.0,3.96 02:33:59 02/01/20
40,99.9,1.875,1027.49,0.0,3.96 02:39:15 02/01/20
38,99.9,1.94,1027.46,0.0,3.96 02:44:34 02/01/20
38,99.9,1.9649999,1027.5,0.0,3.96 02:49:45 02/01/20
39,99.9,2.025,1027.42,0.0,3.96 02:54:57 02/01/20
41,99.9,1.9949999,1027.46,0.0,3.96 03:00:10 02/01/20
40,99.9,2.06,1027.48,0.0,3.96 03:05:22 02/01/20
44,99.9,2.075,1027.45,0.0,3.96 03:10:38 02/01/20
41,99.9,2.085,1027.42,0.0,3.96 03:15:55 02/01/20
42,99.9,2.15,1027.42,0.0,3.96 03:21:08 02/01/20
41,99.9,2.155,1027.33,0.0,3.96 03:26:20 02/01/20
42,99.9,2.17,1027.24,0.0,3.96 03:31:33 02/01/20
41,99.9,2.175,1027.2,0.0,3.96 03:36:45 02/01/20
42,99.9,2.18,1027.13,0.0,3.96 03:41:58 02/01/20
41,99.9,2.185,1027.06,0.0,3.96 03:47:13 02/01/20
43,99.9,2.245,1027.08,0.0,3.96 03:52:24 02/01/20
42,99.9,2.25,1027.12,0.0,3.96 03:57:36 02/01/20
42,99.9,2.255,1027.09,0.0,3.96 04:02:47 02/01/20
37,99.9,2.26,1027.06,0.0,3.96 04:07:58 02/01/20
41,99.9,2.26,1026.92,0.0,3.96 04:13:12 02/01/20
42,99.9,2.2649999,1026.88,0.0,3.96 04:18:26 02/01/20
40,99.9,2.275,1026.84,0.0,3.96 04:23:37 02/01/20
41,99.9,2.275,1026.75,0.0,3.96 04:28:50 02/01/20
41,99.9,2.275,1026.76,0.0,3.95 04:34:02 02/01/20
42,99.9,2.28,1026.78,0.0,3.96 04:39:18 02/01/20
40,99.9,2.3400002,1026.77,0.0,3.95 04:44:36 02/01/20
41,99.9,2.28,1026.79,0.0,3.95 04:49:49 02/01/20
39,99.9,2.29,1026.8,0.0,3.95 04:55:01 02/01/20
41,99.9,2.3400002,1026.72,0.0,3.95 05:00:14 02/01/20
40,99.9,2.345,1026.71,0.0,3.95 05:05:25 02/01/20
42,99.9,2.295,1026.66,0.0,3.95 05:10:38 02/01/20
40,99.9,2.295,1026.57,0.0,3.95 05:15:50 02/01/20
41,99.9,2.3000002,1026.66,0.0,3.96 05:21:03 02/01/20
40,99.9,2.3000002,1026.69,0.0,3.95 05:26:15 02/01/20
41,99.9,2.3000002,1026.69,0.0,3.95 05:31:28 02/01/20
40,99.9,2.295,1026.64,0.0,3.96 05:36:40 02/01/20
44,99.9,2.29,1026.61,0.0,3.95 05:42:02 02/01/20
40,99.9,2.35,1026.57,0.0,3.95 05:47:14 02/01/20
40,99.9,2.355,1026.55,0.0,3.95 05:52:27 02/01/20
42,99.9,2.35,1026.44,0.0,3.95 05:57:42 02/01/20
40,99.9,2.3600001,1026.46,0.0,3.95 06:03:00 02/01/20
35,99.9,2.31,1026.47,0.0,3.95 06:08:10 02/01/20
39,99.9,2.3600001,1026.57,0.0,3.95 06:13:24 02/01/20
41,99.9,2.365,1026.47,0.0,3.95 06:18:38 02/01/20
39,99.9,2.365,1026.48,0.0,3.95 06:23:49 02/01/20
40,99.9,2.37,1026.39,0.0,3.95 06:29:02 02/01/20
39,99.9,2.37,1026.38,0.0,3.95 06:34:14 02/01/20
39,99.9,2.37,1026.29,0.0,3.95 06:39:27 02/01/20
39,99.9,2.375,1026.28,0.0,3.95 06:44:39 02/01/20
40,99.9,2.37,1026.27,0.0,3.95 06:49:52 02/01/20
39,99.9,2.37,1026.33,0.0,3.95 06:55:04 02/01/20
40,99.9,2.38,1026.25,0.0,3.95 07:00:17 02/01/20
32,99.9,2.375,1026.24,0.0,3.95 07:05:27 02/01/20
40,99.9,2.315,1026.24,0.0,3.94 07:10:45 02/01/20
40,99.9,2.365,1026.21,0.0,3.95 07:16:03 02/01/20
40,99.9,2.365,1026.18,0.0,3.94 07:21:16 02/01/20
41,99.9,2.37,1026.18,0.0,3.95 07:26:34 02/01/20
38,99.9,2.37,1026.2,0.0,3.94 07:31:49 02/01/20
40,99.9,2.365,1026.11,0.0,3.94 07:37:02 02/01/20
41,99.9,2.305,1026.05,0.02,3.94 07:42:17 02/01/20
39,99.9,2.3000002,1025.9,0.04,3.94 07:47:34 02/01/20
41,99.9,2.3000002,1025.84,0.08,3.94 07:52:47 02/01/20
40,99.9,2.29,1025.84,0.17,3.94 07:57:59 02/01/20
35,99.9,2.28,1025.83,0.34,3.94 08:03:10 02/01/20
42,99.9,2.215,1025.78,0.71,3.94 08:08:24 02/01/20
38,99.9,2.21,1025.76,1.42,3.94 08:13:35 02/01/20
50,99.9,2.205,1025.72,2.19,3.94 08:18:50 02/01/20
61,99.9,2.21,1025.75,2.89,3.94 08:24:05 02/01/20
66,99.9,2.2649999,1025.79,3.63,3.94 08:29:22 02/01/20
83,99.9,2.215,1025.71,4.01,3.94 08:34:35 02/01/20
99,99.9,2.215,1025.72,4.13,3.94 08:39:47 02/01/20
115,99.9,2.255,1025.68,4.22,3.94 08:45:00 02/01/20
131,99.9,2.205,1025.67,4.58,3.94 08:50:12 02/01/20
144,99.9,2.2,1025.72,4.05,3.94 08:55:25 02/01/20
157,99.9,2.205,1025.81,4.27,3.95 09:00:37 02/01/20
173,99.9,2.205,1025.73,5.0,3.94 09:05:50 02/01/20
214,99.9,2.215,1025.69,5.0,3.96 09:11:03 02/01/20
212,99.9,2.2849998,1025.7,4.24,3.96 09:16:15 02/01/20
192,99.9,2.305,1025.78,4.22,3.96 09:21:25 02/01/20
200,99.9,2.37,1025.86,5.0,3.96 09:26:39 02/01/20
210,99.9,2.33,1025.93,5.0,3.96 09:31:52 02/01/20
226,99.9,2.395,1025.89,5.0,3.96 09:37:04 02/01/20
288,99.9,2.4099998,1025.92,4.11,3.99 09:42:17 02/01/20
267,99.9,2.485,1025.94,4.18,3.98 09:47:29 02/01/20
275,99.9,2.52,1025.88,5.0,3.99 09:52:42 02/01/20
285,99.9,2.535,1025.94,5.0,4.0 09:57:58 02/01/20
295,99.9,2.595,1025.9,5.0,4.02 10:03:15 02/01/20
301,99.9,2.605,1025.92,4.21,4.02 10:08:28 02/01/20
277,99.9,2.685,1025.88,4.1,4.01 10:13:40 02/01/20
306,99.9,2.705,1025.8,4.5,4.02 10:18:53 02/01/20
290,99.9,2.725,1025.74,4.13,4.02 10:24:06 02/01/20
306,99.9,2.79,1025.76,4.08,4.02 10:29:18 02/01/20
301,99.9,2.815,1025.71,5.0,4.02 10:34:30 02/01/20
280,99.9,2.88,1025.71,5.0,4.01 10:39:43 02/01/20
288,99.9,2.9099998,1025.8,5.0,4.02 10:44:57 02/01/20
294,99.9,2.9850001,1025.79,4.33,4.02 10:50:08 02/01/20
297,99.9,3.005,1025.71,5.0,4.02 10:55:20 02/01/20
306,99.9,3.085,1025.66,5.0,4.04 11:00:31 02/01/20
340,99.9,3.165,1025.63,4.38,4.06 11:05:45 02/01/20
311,99.9,3.205,1025.56,4.4,4.05 11:10:58 02/01/20
293,99.9,3.355,1025.51,5.0,4.04 11:16:10 02/01/20
285,99.9,3.375,1025.45,5.0,4.03 11:21:23 02/01/20
260,99.9,3.4,1025.41,4.42,4.04 11:26:35 02/01/20
273,99.9,3.46,1025.34,5.0,4.04 11:31:49 02/01/20
278,99.9,3.4750001,1025.36,4.31,4.04 11:37:01 02/01/20
265,99.9,3.48,1025.31,4.08,4.04 11:42:13 02/01/20
281,99.9,3.5,1025.21,4.22,4.04 11:47:26 02/01/20
277,99.9,3.565,1025.2,4.09,4.05 11:52:38 02/01/20
296,99.9,3.58,1025.09,4.54,4.05 11:57:52 02/01/20
297,99.9,3.665,1025.06,4.38,4.06 12:03:04 02/01/20
305,99.9,3.68,1025.04,4.15,4.06 12:08:19 02/01/20
320,99.9,3.7600002,1024.94,4.87,4.08 12:13:30 02/01/20
320,99.9,3.8449998,1024.86,4.72,4.09 12:18:42 02/01/20
354,99.9,3.895,1024.76,4.25,4.14 12:24:01 02/01/20
344,99.9,4.0550003,1024.77,4.44,4.14 12:29:19 02/01/20
327,99.9,4.16,1024.59,5.0,4.12 12:34:35 02/01/20
340,99.9,4.25,1024.43,4.2,4.13 12:39:50 02/01/20
340,99.9,4.36,1024.37,4.29,4.13 12:45:02 02/01/20
330,99.9,4.46,1024.27,4.2,4.12 12:50:15 02/01/20
332,99.9,4.54,1024.21,5.0,4.15 12:55:27 02/01/20
319,99.9,4.58,1024.13,4.75,4.12 13:00:40 02/01/20
328,99.9,4.665,1023.94,4.22,4.15 13:05:53 02/01/20
319,99.9,4.69,1023.89,5.0,4.13 13:11:05 02/01/20
305,99.9,4.765,1023.71,4.26,4.16 13:16:19 02/01/20
301,99.9,4.865,1023.61,4.9,4.13 13:21:31 02/01/20
293,99.9,4.8900003,1023.54,4.26,4.15 13:26:43 02/01/20
285,99.9,4.955,1023.43,4.22,4.14 13:31:56 02/01/20
283,99.9,4.985,1023.34,5.0,4.14 13:37:09 02/01/20
282,99.9,5.0550003,1023.37,4.22,4.13 13:42:23 02/01/20
268,99.9,5.0699997,1023.26,5.0,4.15 13:47:36 02/01/20
273,99.9,5.145,1023.18,4.3,4.16 13:52:48 02/01/20
282,99.9,5.22,1022.99,5.0,4.14 13:58:01 02/01/20
288,99.9,5.245,1022.88,5.0,4.14 14:03:13 02/01/20
299,99.9,5.27,1022.89,5.0,4.14 14:08:27 02/01/20
264,99.9,5.2799997,1022.8,4.57,4.16 14:13:39 02/01/20
272,99.9,5.36,1022.77,5.0,4.14 14:18:51 02/01/20
261,99.9,5.37,1022.77,4.3,4.16 14:24:08 02/01/20
256,99.9,5.44,1022.73,4.43,4.15 14:29:25 02/01/20
280,99.9,5.455,1022.56,4.92,4.15 14:34:40 02/01/20
266,99.9,5.535,1022.56,4.74,4.15 14:39:49 02/01/20
265,99.9,5.495,1022.49,5.0,4.14 14:45:04 02/01/20
241,99.9,5.565,1022.47,5.0,4.13 14:50:17 02/01/20
234,99.9,5.58,1022.48,4.74,4.14 14:55:33 02/01/20
249,99.9,5.645,1022.41,4.18,4.15 15:00:55 02/01/20
236,99.9,5.665,1022.32,4.3,4.16 15:06:12 02/01/20
212,99.9,5.67,1022.36,5.0,4.15 15:11:28 02/01/20
235,99.9,5.74,1022.32,5.0,4.15 15:16:47 02/01/20
231,99.9,5.75,1022.29,4.49,4.16 15:21:59 02/01/20
237,99.9,5.7749996,1022.36,4.85,4.16 15:27:13 02/01/20
234,99.9,5.79,1022.26,5.0,4.14 15:32:30 02/01/20
244,99.9,5.8500004,1022.28,5.0,4.14 15:37:46 02/01/20
204,99.9,5.875,1022.27,5.0,4.14 15:42:59 02/01/20
203,99.9,5.935,1022.21,5.0,4.14 15:48:12 02/01/20
167,99.9,5.8900003,1022.13,4.9,4.13 15:53:25 02/01/20
187,99.9,5.955,1021.98,5.0,4.13 15:58:37 02/01/20
179,99.9,5.96,1021.96,5.0,4.13 16:03:50 02/01/20
147,99.9,5.9700003,1021.99,4.79,4.12 16:09:04 02/01/20
133,99.9,6.035,1021.92,4.21,4.11 16:14:16 02/01/20
128,99.9,6.045,1021.82,4.32,4.1 16:19:29 02/01/20
130,99.9,6.05,1021.74,4.21,4.1 16:24:42 02/01/20
113,99.9,6.0699997,1021.78,4.16,4.09 16:29:56 02/01/20
106,99.9,6.13,1021.71,4.16,4.09 16:35:07 02/01/20
90,99.9,6.1549997,1021.77,3.99,4.08 16:40:24 02/01/20
79,99.9,6.17,1021.77,3.63,4.08 16:45:42 02/01/20
70,99.9,6.24,1021.79,3.12,4.08 16:50:58 02/01/20
57,99.9,6.25,1021.85,2.53,4.08 16:56:17 02/01/20
46,99.9,6.255,1021.8,1.62,4.07 17:01:29 02/01/20
39,99.9,6.26,1021.78,0.88,4.07 17:06:42 02/01/20
34,99.9,6.2749996,1021.77,0.44,4.06 17:11:58 02/01/20
32,99.9,6.33,1021.79,0.2,4.06 17:17:17 02/01/20
28,99.9,6.295,1021.87,0.09,4.06 17:22:28 02/01/20
30,99.9,6.3,1021.9,0.05,4.06 17:27:42 02/01/20
27,99.9,6.355,1021.82,0.02,4.06 17:32:53 02/01/20
29,99.9,6.355,1021.76,0.01,4.05 17:38:12 02/01/20
28,99.9,6.37,1021.84,0.0,4.05 17:43:29 02/01/20
26,99.9,6.37,1021.75,0.0,4.05 17:48:41 02/01/20
29,99.9,6.38,1021.72,0.0,4.05 17:53:56 02/01/20
28,99.9,6.375,1021.8,0.0,4.05 17:59:07 02/01/20
29,99.9,6.38,1021.68,0.0,4.05 18:04:21 02/01/20
30,99.9,6.37,1021.63,0.0,4.04 18:09:36 02/01/20
29,99.9,6.37,1021.58,0.0,4.04 18:14:50 02/01/20
30,99.9,6.37,1021.62,0.0,4.04 18:20:10 02/01/20
29,99.9,6.37,1021.48,0.0,4.04 18:25:22 02/01/20
30,99.9,6.3900003,1021.51,0.0,4.04 18:30:35 02/01/20
28,99.9,6.3900003,1021.49,0.0,4.04 18:35:47 02/01/20
28,99.9,6.395,1021.51,0.0,4.04 18:41:00 02/01/20
27,99.9,6.3900003,1021.48,0.0,4.03 18:46:13 02/01/20
28,99.9,6.3900003,1021.49,0.0,4.03 18:51:26 02/01/20
31,99.9,6.375,1021.47,0.0,4.03 18:56:48 02/01/20
29,99.9,6.395,1021.48,0.0,4.03 19:02:03 02/01/20
31,99.9,6.3900003,1021.42,0.0,4.03 19:07:14 02/01/20
34,99.9,6.375,1021.4,0.0,4.03 19:12:27 02/01/20
35,99.9,6.385,1021.33,0.0,4.03 19:17:40 02/01/20
32,99.9,6.365,1021.28,0.0,4.02 19:22:50 02/01/20
37,99.9,6.365,1021.32,0.0,4.02 19:28:05 02/01/20
38,99.9,6.36,1021.23,0.0,4.02 19:33:18 02/01/20
38,99.9,6.365,1021.15,0.0,4.02 19:38:31 02/01/20
40,99.9,6.355,1021.07,0.0,4.02 19:43:45 02/01/20
37,99.9,6.31,1021.11,0.0,4.02 19:48:58 02/01/20
39,99.9,6.37,1021.14,0.0,4.02 19:54:09 02/01/20
38,99.9,6.375,1021.09,0.0,4.02 19:59:22 02/01/20
30,99.9,6.375,1020.96,0.0,4.02 20:04:33 02/01/20
30,99.9,6.4,1020.94,0.0,4.02 20:09:46 02/01/20
37,99.9,6.405,1020.91,0.0,4.01 20:15:02 02/01/20
35,99.9,6.41,1020.8,0.0,4.01 20:20:15 02/01/20
36,99.9,6.48,1020.77,0.0,4.01 20:25:30 02/01/20
34,99.9,6.5,1020.81,0.0,4.01 20:30:48 02/01/20
34,99.9,6.56,1020.74,0.0,4.01 20:36:01 02/01/20
36,99.9,6.575,1020.73,0.0,4.01 20:41:14 02/01/20
36,99.9,6.5950003,1020.57,0.0,4.01 20:46:27 02/01/20
36,99.9,6.665,1020.39,0.0,4.01 20:51:41 02/01/20
35,99.9,6.665,1020.28,0.0,4.01 20:56:54 02/01/20
31,99.9,6.6800003,1020.19,0.0,4.01 21:02:05 02/01/20
34,99.9,6.685,1020.14,0.0,4.01 21:07:20 02/01/20
35,99.9,6.6949997,1019.95,0.0,4.01 21:12:33 02/01/20
35,99.9,6.755,1020.02,0.0,4.01 21:17:45 02/01/20
36,99.9,6.755,1020.1,0.0,4.01 21:22:59 02/01/20
31,99.9,6.7799997,1020.0,0.0,4.01 21:28:10 02/01/20
31,99.9,6.785,1019.98,0.0,4.0 21:33:23 02/01/20
35,99.9,6.79,1019.9,0.0,4.0 21:38:41 02/01/20
33,99.9,6.8500004,1020.04,0.0,4.0 21:43:58 02/01/20
31,99.9,6.8500004,1020.0,0.0,4.0 21:49:10 02/01/20
31,99.9,6.865,1019.89,0.0,4.0 21:54:24 02/01/20
32,99.9,6.86,1019.92,0.0,4.0 21:59:37 02/01/20
33,99.9,6.8900003,1019.95,0.0,4.0 22:04:50 02/01/20
33,99.9,6.9,1019.93,0.0,4.0 22:10:03 02/01/20
33,99.9,6.96,1019.87,0.0,4.0 22:15:20 02/01/20
32,99.9,6.9750004,1019.86,0.0,4.0 22:20:38 02/01/20
29,99.9,6.98,1019.81,0.0,4.0 22:25:49 02/01/20
30,99.9,6.99,1019.81,0.0,4.0 22:31:02 02/01/20
32,99.9,6.995,1019.72,0.0,4.0 22:36:17 02/01/20
32,99.9,7.0699997,1019.73,0.0,4.0 22:41:30 02/01/20
32,99.9,7.085,1019.75,0.0,4.0 22:46:43 02/01/20
29,99.9,7.0950003,1019.78,0.0,4.0 22:51:54 02/01/20
32,99.9,7.175,1019.84,0.0,3.99 22:57:09 02/01/20
31,99.9,7.19,1019.7,0.0,4.0 23:02:22 02/01/20
31,99.9,7.21,1019.76,0.0,3.99 23:07:35 02/01/20
31,99.9,7.2799997,1019.78,0.0,3.99 23:12:48 02/01/20
27,99.9,7.285,1019.75,0.0,3.99 23:17:59 02/01/20
30,99.9,7.295,1019.73,0.0,3.99 23:23:14 02/01/20
29,99.9,7.355,1019.64,0.0,3.99 23:28:27 02/01/20
28,99.9,7.36,1019.65,0.0,4.0 23:33:38 02/01/20
32,99.9,7.365,1019.59,0.0,3.99 23:38:53 02/01/20
31,99.9,7.375,1019.59,0.0,3.99 23:44:07 02/01/20
31,99.9,7.395,1019.54,0.0,3.99 23:49:20 02/01/20
31,99.9,7.4,1019.49,0.0,3.99 23:54:33 02/01/20
30,99.9,7.46,1019.42,0.0,3.99 23:59:46 02/01/20
