29,99.9,7.4750004,1019.44,0.0,3.99 00:04:58 03/01/20
29,99.9,7.54,1019.34,0.0,3.99 00:10:11 03/01/20
29,99.9,7.5,1019.35,0.0,3.99 00:15:24 03/01/20
30,99.9,7.565,1019.32,0.0,3.98 00:20:37 03/01/20
28,99.9,7.57,1019.15,0.0,3.99 00:25:49 03/01/20
28,99.9,7.585,1019.1,0.0,3.99 00:31:02 03/01/20
28,99.9,7.66,1018.93,0.0,3.99 00:36:16 03/01/20
28,99.9,7.755,1018.81,0.0,3.99 00:41:29 03/01/20
29,99.9,7.79,1018.75,0.0,3.98 00:46:46 03/01/20
28,99.9,7.87,1018.79,0.0,3.99 00:52:04 03/01/20
28,99.9,7.95,1018.71,0.0,3.99 00:57:17 03/01/20
29,99.9,7.9800005,1018.55,0.0,3.98 01:02:30 03/01/20
30,99.9,8.065001,1018.48,0.0,3.98 01:07:44 03/01/20
30,99.9,8.08,1018.37,0.0,3.98 01:12:57 03/01/20
26,99.9,8.1,1018.32,0.0,3.98 01:18:08 03/01/20
30,99.9,8.17,1018.23,0.0,3.98 01:23:23 03/01/20
26,99.9,8.19,1018.13,0.0,3.98 01:28:35 03/01/20
29,99.9,8.255,1018.06,0.0,3.98 01:33:49 03/01/20
27,99.9,8.264999,1018.08,0.0,3.98 01:39:02 03/01/20
28,99.9,8.285,1018.03,0.0,3.98 01:44:15 03/01/20
29,99.9,8.345,1017.97,0.0,3.98 01:49:29 03/01/20
29,99.9,8.355,1017.84,0.0,3.98 01:54:42 03/01/20
28,99.9,8.37,1017.77,0.0,3.98 01:59:55 03/01/20
28,99.9,8.38,1017.71,0.0,3.98 02:05:08 03/01/20
27,99.9,8.389999,1017.77,0.0,3.98 02:10:21 03/01/20
27,99.9,8.46,1017.66,0.0,3.98 02:15:33 03/01/20
29,99.9,8.475,1017.74,0.0,3.98 02:20:48 03/01/20
28,99.9,8.4800005,1017.7,0.0,3.98 02:26:01 03/01/20
28,99.9,8.495,1017.69,0.0,3.98 02:31:15 03/01/20
27,99.9,8.49,1017.68,0.0,3.98 02:36:27 03/01/20
28,99.9,8.559999,1017.65,0.0,3.98 02:41:40 03/01/20
28,99.9,8.57,1017.56,0.0,3.98 02:46:54 03/01/20
29,99.9,8.59,1017.55,0.0,3.97 02:52:08 03/01/20
28,99.9,8.655001,1017.57,0.0,3.98 02:57:21 03/01/20
27,99.9,8.68,1017.6,0.0,3.98 03:02:33 03/01/20
27,99.9,8.695,1017.48,0.0,3.98 03:07:46 03/01/20
28,99.9,8.76,1017.48,0.0,3.98 03:13:00 03/01/20
28,99.9,8.79,1017.37,0.0,3.98 03:18:13 03/01/20
28,99.9,8.845,1017.39,0.0,3.97 03:23:26 03/01/20
27,99.9,8.865,1017.31,0.0,3.97 03:28:39 03/01/20
28,99.9,8.88,1017.24,0.0,3.97 03:33:59 03/01/20
26,99.9,8.95,1017.32,0.0,3.97 03:39:14 03/01/20
27,99.9,8.965,1017.22,0.0,3.97 03:44:29 03/01/20
27,99.9,8.98,1017.19,0.0,3.97 03:49:41 03/01/20
28,99.9,8.985,1017.08,0.0,3.97 03:54:55 03/01/20
27,99.9,8.98,1017.09,0.0,3.97 04:00:07 03/01/20
27,99.9,8.985,1017.04,0.0,3.97 04:05:21 03/01/20
27,99.9,8.99,1016.82,0.0,3.97 04:10:34 03/01/20
27,99.9,8.99,1016.78,0.0,3.97 04:15:47 03/01/20
27,99.9,8.98,1016.83,0.0,3.97 04:21:00 03/01/20
27,99.9,8.985,1016.67,0.0,3.97 04:26:14 03/01/20
27,99.9,8.99,1016.63,0.0,3.97 04:31:30 03/01/20
24,99.9,8.985,1016.53,0.0,3.97 04:36:47 03/01/20
27,99.9,8.98,1016.42,0.0,3.97 04:42:02 03/01/20
26,99.9,8.99,1016.36,0.0,3.97 04:47:16 03/01/20
27,99.9,8.99,1016.21,0.0,3.97 04:52:28 03/01/20
27,99.9,8.99,1016.07,0.0,3.97 04:57:45 03/01/20
25,99.9,8.995,1016.06,0.0,3.97 05:03:02 03/01/20
27,99.9,9.004999,1016.04,0.0,3.96 05:08:20 03/01/20
27,99.9,9.059999,1016.1,0.0,3.96 05:13:38 03/01/20
27,99.9,9.059999,1016.12,0.0,3.96 05:18:55 03/01/20
26,99.9,9.07,1016.09,0.0,3.97 05:24:13 03/01/20
27,99.9,9.075,1015.99,0.0,3.96 05:29:30 03/01/20
26,99.9,9.085,1015.93,0.0,3.96 05:34:48 03/01/20
27,99.9,9.075,1015.83,0.0,3.96 05:40:06 03/01/20
25,99.9,9.094999,1015.79,0.0,3.96 05:45:23 03/01/20
26,99.9,9.094999,1015.85,0.0,3.96 05:50:37 03/01/20
26,99.9,9.110001,1015.88,0.0,3.96 05:55:50 03/01/20
27,99.9,9.165,1015.89,0.0,3.96 06:01:04 03/01/20
26,99.9,9.175,1015.79,0.0,3.96 06:06:16 03/01/20
28,99.9,9.18,1015.76,0.0,3.96 06:11:33 03/01/20
26,99.9,9.190001,1015.71,0.0,3.96 06:16:51 03/01/20
27,99.9,9.195,1015.79,0.0,3.96 06:22:05 03/01/20
27,99.9,9.190001,1015.73,0.0,3.96 06:27:18 03/01/20
26,99.9,9.255,1015.84,0.0,3.96 06:32:31 03/01/20
26,99.9,9.255,1015.95,0.0,3.96 06:37:44 03/01/20
27,99.9,9.255,1015.94,0.0,3.96 06:42:58 03/01/20
27,99.9,9.26,1016.01,0.0,3.96 06:48:12 03/01/20
27,99.9,9.26,1015.95,0.0,3.96 06:53:24 03/01/20
28,99.9,9.264999,1015.87,0.0,3.96 06:58:41 03/01/20
26,99.9,9.275,1015.89,0.0,3.96 07:03:59 03/01/20
26,99.9,9.28,1015.85,0.0,3.96 07:09:13 03/01/20
27,99.9,9.285,1015.99,0.0,3.96 07:14:26 03/01/20
26,99.9,9.295,1016.01,0.0,3.96 07:19:39 03/01/20
26,99.9,9.299999,1015.92,0.0,3.96 07:24:52 03/01/20
27,99.9,9.309999,1015.89,0.0,3.96 07:30:06 03/01/20
25,99.9,9.309999,1015.85,0.0,3.96 07:35:20 03/01/20
26,99.9,9.32,1015.92,0.0,3.96 07:40:32 03/01/20
28,99.9,9.37,1015.86,0.0,3.96 07:45:49 03/01/20
26,99.9,9.385,1015.86,0.0,3.96 07:51:07 03/01/20
27,99.9,9.389999,1015.87,0.01,3.96 07:56:21 03/01/20
28,99.9,9.395,1015.81,0.03,3.96 08:01:35 03/01/20
29,99.9,9.45,1015.82,0.06,3.96 08:06:47 03/01/20
28,99.9,9.465,1015.77,0.1,3.96 08:12:01 03/01/20
33,99.9,9.485,1015.79,0.23,3.96 08:17:14 03/01/20
36,99.9,9.5,1015.76,0.51,3.96 08:22:27 03/01/20
52,99.9,9.559999,1015.76,1.21,3.95 08:27:44 03/01/20
55,99.9,9.58,1015.87,1.85,3.96 08:33:02 03/01/20
65,99.9,9.585,1015.88,2.44,3.96 08:38:16 03/01/20
76,99.9,9.52,1015.78,2.95,3.96 08:43:30 03/01/20
86,99.9,9.51,1015.74,3.54,3.96 08:48:42 03/01/20
102,99.9,9.495,1015.75,3.96,3.96 08:53:56 03/01/20
99,99.9,9.485,1015.77,3.76,3.96 08:59:10 03/01/20
113,99.9,9.469999,1015.81,4.07,3.96 09:04:22 03/01/20
108,99.9,9.465,1015.74,4.06,3.96 09:09:36 03/01/20
111,99.9,9.4,1015.73,4.06,3.96 09:14:49 03/01/20
134,99.9,9.395,1015.7,4.08,3.96 09:20:02 03/01/20
128,99.9,9.395,1015.79,4.04,3.95 09:25:17 03/01/20
132,99.9,9.389999,1015.89,4.08,3.95 09:30:29 03/01/20
139,99.9,9.389999,1015.85,4.17,3.95 09:35:42 03/01/20
170,99.9,9.395,1015.89,4.31,3.95 09:40:56 03/01/20
170,99.9,9.389999,1015.91,4.01,3.95 09:46:09 03/01/20
184,99.9,9.4,1015.9,5.0,3.96 09:51:21 03/01/20
211,99.9,9.4,1015.84,4.5,3.96 09:56:35 03/01/20
253,99.9,9.465,1015.95,5.0,3.96 10:01:49 03/01/20
261,99.9,9.48,1015.95,5.0,3.96 10:07:03 03/01/20
200,99.9,9.495,1015.9,4.01,3.96 10:12:15 03/01/20
237,99.9,9.504999,1015.88,4.93,3.96 10:17:27 03/01/20
237,99.9,9.51,1015.87,5.0,3.97 10:22:42 03/01/20
263,99.9,9.57,1015.88,4.06,3.97 10:27:55 03/01/20
238,99.9,9.585,1015.94,5.0,3.97 10:33:07 03/01/20
279,99.9,9.59,1015.98,4.06,3.98 10:38:22 03/01/20
269,99.9,9.605,1015.98,5.0,3.98 10:43:35 03/01/20
328,99.9,9.63,1015.98,4.3,3.99 10:48:49 03/01/20
330,99.9,9.700001,1015.96,5.0,4.0 10:54:02 03/01/20
283,99.9,9.72,1015.91,4.85,3.99 10:59:14 03/01/20
300,99.9,9.799999,1015.95,5.0,4.0 11:04:29 03/01/20
312,99.9,9.815001,1015.95,4.07,4.0 11:09:43 03/01/20
354,99.9,9.889999,1015.93,4.23,4.02 11:14:55 03/01/20
304,99.9,9.925,1015.91,4.07,4.01 11:20:07 03/01/20
294,99.9,10.0,1015.85,4.63,4.0 11:25:22 03/01/20
289,99.9,10.025,1015.82,4.59,4.0 11:30:36 03/01/20
291,99.9,10.09,1015.83,4.44,4.0 11:35:49 03/01/20
303,99.9,10.17,1015.76,5.0,4.0 11:41:02 03/01/20
277,99.9,10.185,1015.83,5.0,3.99 11:46:14 03/01/20
295,99.9,10.200001,1015.84,4.17,4.02 11:51:28 03/01/20
295,99.9,10.21,1015.73,5.0,4.02 11:56:43 03/01/20
285,99.9,10.285,1015.77,5.0,4.01 12:01:56 03/01/20
270,99.9,10.225,1015.76,4.1,4.01 12:07:09 03/01/20
268,99.9,10.285,1015.74,4.08,4.01 12:12:23 03/01/20
282,99.9,10.235001,1015.68,5.0,4.0 12:17:36 03/01/20
300,99.9,10.275,1015.65,4.17,4.01 12:22:53 03/01/20
300,99.9,10.285,1015.46,4.3,4.02 12:28:11 03/01/20
287,99.9,10.295,1015.39,5.0,4.02 12:33:25 03/01/20
287,99.9,10.309999,1015.48,4.24,4.02 12:38:38 03/01/20
288,99.9,10.32,1015.41,5.0,4.02 12:43:52 03/01/20
270,99.9,10.32,1015.28,5.0,4.02 12:49:05 03/01/20
278,99.9,10.325,1015.28,5.0,4.02 12:54:23 03/01/20
271,99.9,10.385,1015.26,4.5,4.02 12:59:44 03/01/20
258,99.9,10.389999,1015.29,4.08,4.02 13:05:02 03/01/20
248,99.9,10.33,1015.3,4.36,4.01 13:10:21 03/01/20
318,99.9,10.34,1015.34,4.08,4.03 13:15:38 03/01/20
288,99.9,10.4,1015.27,5.0,4.02 13:20:51 03/01/20
302,99.9,10.41,1015.23,4.27,4.04 13:26:04 03/01/20
340,99.9,10.43,1015.26,4.81,4.05 13:31:18 03/01/20
322,99.9,10.525,1015.36,4.67,4.05 13:36:35 03/01/20
282,99.9,10.605,1015.42,4.21,4.04 13:41:54 03/01/20
254,99.9,10.605,1015.43,5.0,4.04 13:47:07 03/01/20
221,99.9,10.610001,1015.51,4.66,4.03 13:52:19 03/01/20
240,99.9,10.555,1015.58,5.0,4.03 13:57:34 03/01/20
206,99.9,10.545,1015.76,5.0,4.03 14:02:47 03/01/20
251,99.9,10.54,1015.7,5.0,4.03 14:08:01 03/01/20
214,99.9,10.59,1015.75,5.0,4.02 14:13:14 03/01/20
260,99.9,10.54,1015.73,4.28,4.03 14:18:28 03/01/20
274,99.9,10.59,1015.73,5.0,4.03 14:23:41 03/01/20
289,99.9,10.6,1015.91,4.6,4.04 14:28:55 03/01/20
316,99.9,10.615,1015.84,4.21,4.05 14:34:08 03/01/20
293,99.9,10.635,1015.83,5.0,4.06 14:39:22 03/01/20
293,99.9,10.71,1015.96,4.18,4.06 14:44:36 03/01/20
228,99.9,10.715,1016.01,5.0,4.05 14:49:48 03/01/20
236,99.9,10.72,1016.1,5.0,4.04 14:55:03 03/01/20
257,99.9,10.725,1016.24,5.0,4.05 15:00:16 03/01/20
236,99.9,10.73,1016.3,5.0,4.04 15:05:30 03/01/20
209,99.9,10.73,1016.35,5.0,4.04 15:10:42 03/01/20
208,99.9,10.735001,1016.46,4.81,4.04 15:15:56 03/01/20
215,99.9,10.74,1016.61,5.0,4.03 15:21:09 03/01/20
213,99.9,10.735001,1016.72,5.0,4.04 15:26:23 03/01/20
176,99.9,10.785,1016.74,5.0,4.04 15:31:36 03/01/20
205,99.9,10.735001,1016.84,5.0,4.03 15:36:50 03/01/20
171,99.9,10.78,1016.9,4.96,4.03 15:42:03 03/01/20
175,99.9,10.785,1016.9,5.0,4.03 15:47:17 03/01/20
178,99.9,10.79,1017.01,5.0,4.03 15:52:30 03/01/20
199,99.9,10.79,1017.07,5.0,4.03 15:57:44 03/01/20
169,99.9,10.785,1017.11,4.11,4.03 16:02:57 03/01/20
138,99.9,10.795,1017.24,4.34,4.03 16:08:09 03/01/20
123,99.9,10.79,1017.41,4.16,4.02 16:13:24 03/01/20
135,99.9,10.79,1017.57,4.36,4.02 16:18:38 03/01/20
102,99.9,10.735001,1017.66,4.14,4.02 16:23:51 03/01/20
79,99.9,10.785,1017.72,3.21,4.02 16:29:05 03/01/20
75,99.9,10.795,1017.89,3.02,4.02 16:34:18 03/01/20
75,99.9,10.78,1018.0,3.02,4.02 16:39:32 03/01/20
63,99.9,10.78,1018.13,2.6,4.02 16:44:45 03/01/20
53,99.9,10.78,1018.36,1.86,4.02 16:49:59 03/01/20
49,99.9,10.725,1018.47,1.57,4.01 16:55:12 03/01/20
48,99.9,10.71,1018.55,1.03,4.01 17:00:30 03/01/20
45,99.9,10.700001,1018.74,1.08,4.01 17:05:48 03/01/20
37,99.9,10.625,1019.0,0.37,4.01 17:11:01 03/01/20
37,99.9,10.6,1019.11,0.19,4.01 17:16:18 03/01/20
37,99.9,10.53,1019.35,0.09,4.01 17:21:37 03/01/20
36,99.9,10.43,1019.49,0.06,4.01 17:26:51 03/01/20
36,99.9,10.33,1019.78,0.05,4.01 17:32:03 03/01/20
36,99.9,10.125,1020.04,0.03,4.0 17:37:17 03/01/20
34,99.9,10.03,1020.27,0.02,4.01 17:42:30 03/01/20
34,99.9,9.835,1020.52,0.01,4.0 17:47:44 03/01/20
33,99.9,9.675,1020.7,0.01,4.0 17:52:56 03/01/20
34,99.9,9.545,1021.0,0.01,4.0 17:58:10 03/01/20
35,99.9,9.375,1021.4,0.01,4.0 18:03:24 03/01/20
33,99.9,9.26,1021.54,0.0,4.0 18:08:38 03/01/20
34,99.9,9.145,1021.69,0.0,4.0 18:13:50 03/01/20
34,99.9,8.975,1021.77,0.0,4.0 18:19:04 03/01/20
34,99.9,8.915,1021.97,0.0,4.0 18:24:17 03/01/20
35,99.9,8.76,1022.19,0.0,4.0 18:29:31 03/01/20
35,99.9,8.735001,1022.35,0.01,4.0 18:34:43 03/01/20
35,99.9,8.65,1022.61,0.0,4.0 18:39:59 03/01/20
34,99.9,8.62,1022.75,0.0,3.99 18:45:10 03/01/20
35,99.9,8.525,1022.77,0.0,3.99 18:50:23 03/01/20
35,99.9,8.5,1022.83,0.0,3.99 18:55:37 03/01/20
30,99.9,8.42,1023.02,0.0,3.99 19:00:47 03/01/20
34,99.9,8.33,1023.1,0.0,3.99 19:06:02 03/01/20
35,99.9,8.305,1023.21,0.0,3.99 19:11:18 03/01/20
31,99.9,8.24,1023.29,0.0,3.99 19:16:27 03/01/20
34,99.9,8.215,1023.33,0.0,3.99 19:21:42 03/01/20
34,99.9,8.139999,1023.51,0.0,3.99 19:26:56 03/01/20
33,99.9,8.13,1023.6,0.0,3.99 19:32:08 03/01/20
33,99.9,8.110001,1023.71,0.0,3.99 19:37:21 03/01/20
33,99.9,8.1,1023.88,0.0,3.99 19:42:34 03/01/20
33,99.9,8.08,1024.13,0.0,3.99 19:47:48 03/01/20
34,99.9,8.01,1024.23,0.0,3.98 19:53:01 03/01/20
34,99.9,7.935,1024.32,0.0,3.99 19:58:14 03/01/20
34,99.9,7.925,1024.44,0.0,3.98 20:03:28 03/01/20
34,99.9,7.9100003,1024.58,0.0,3.98 20:08:41 03/01/20
33,99.9,7.885,1024.7,0.0,3.98 20:13:53 03/01/20
34,99.9,7.805,1024.73,0.0,3.98 20:19:06 03/01/20
34,99.9,7.715,1025.0,0.0,3.98 20:24:19 03/01/20
36,99.9,7.615,1025.08,0.0,3.98 20:29:36 03/01/20
35,99.9,7.5200005,1025.1,0.0,3.98 20:34:55 03/01/20
37,99.9,7.425,1025.13,0.0,3.98 20:40:12 03/01/20
31,99.9,7.335,1025.26,0.0,3.98 20:45:27 03/01/20
36,99.9,7.23,1025.37,0.0,3.98 20:50:42 03/01/20
31,99.9,7.19,1025.48,0.0,3.98 20:55:53 03/01/20
35,99.9,7.02,1025.62,0.0,3.98 21:01:08 03/01/20
31,99.9,6.905,1025.68,0.0,3.97 21:06:19 03/01/20
35,99.9,6.8199997,1025.82,0.0,3.98 21:11:34 03/01/20
34,99.9,6.7200003,1025.96,0.0,3.98 21:16:47 03/01/20
35,99.9,6.615,1026.05,0.0,3.97 21:22:03 03/01/20
34,99.9,6.5150003,1026.12,0.0,3.97 21:27:22 03/01/20
35,99.9,6.41,1026.17,0.0,3.97 21:32:35 03/01/20
35,99.9,6.245,1026.31,0.0,3.97 21:37:47 03/01/20
35,99.9,6.19,1026.42,0.0,3.97 21:43:00 03/01/20
35,99.9,6.09,1026.5,0.0,3.97 21:48:13 03/01/20
33,99.9,5.99,1026.53,0.0,3.97 21:53:26 03/01/20
33,99.9,5.895,1026.66,0.0,3.97 21:58:39 03/01/20
33,99.9,5.79,1026.6,0.0,3.97 22:03:51 03/01/20
35,99.9,5.69,1026.65,0.0,3.97 22:09:08 03/01/20
31,99.9,5.545,1026.75,0.0,3.97 22:14:25 03/01/20
32,99.9,5.495,1026.82,0.0,3.97 22:19:38 03/01/20
32,99.9,5.4,1027.07,0.0,3.96 22:24:51 03/01/20
32,99.9,5.385,1026.99,0.0,3.97 22:30:05 03/01/20
30,99.9,5.33,1026.97,0.0,3.96 22:35:15 03/01/20
34,99.9,5.33,1027.09,0.0,3.96 22:40:30 03/01/20
33,99.9,5.335,1027.15,0.0,3.96 22:45:42 03/01/20
32,99.9,5.385,1027.14,0.0,3.96 22:50:55 03/01/20
33,99.9,5.3149996,1027.24,0.0,3.96 22:56:09 03/01/20
33,99.9,5.29,1027.46,0.0,3.96 23:01:21 03/01/20
35,99.9,5.29,1027.64,0.0,3.96 23:06:38 03/01/20
34,99.9,5.29,1027.71,0.0,3.96 23:11:55 03/01/20
33,99.9,5.29,1027.61,0.0,3.96 23:17:08 03/01/20
32,99.9,5.3,1027.61,0.0,3.96 23:22:21 03/01/20
30,99.9,5.2799997,1027.67,0.0,3.96 23:27:32 03/01/20
35,99.9,5.1949997,1027.76,0.0,3.96 23:32:50 03/01/20
32,99.9,5.115,1027.88,0.0,3.96 23:38:07 03/01/20
32,99.9,5.0150003,1027.98,0.0,3.96 23:43:20 03/01/20
36,99.9,4.925,1027.99,0.0,3.96 23:48:37 03/01/20
32,99.9,4.885,1027.96,0.0,3.96 23:53:54 03/01/20
35,99.9,4.79,1027.87,0.0,3.96 23:59:12 03/01/20
