24,99.9,5.2,1024.61,0.03,3.98 00:01:23 12/01/20
24,99.9,5.175,1024.59,0.03,3.98 00:06:36 12/01/20
22,99.9,5.12,1024.61,0.03,3.99 00:11:47 12/01/20
24,99.9,5.1,1024.42,0.03,3.98 00:17:01 12/01/20
21,99.9,5.08,1024.47,0.03,3.98 00:22:12 12/01/20
25,99.9,5.0699997,1024.35,0.02,3.98 00:27:27 12/01/20
24,99.9,5.0699997,1024.29,0.03,3.98 00:32:40 12/01/20
24,99.9,5.0550003,1024.26,0.03,3.98 00:37:52 12/01/20
25,99.9,5.0550003,1024.29,0.03,3.98 00:43:06 12/01/20
21,99.9,4.995,1024.12,0.03,3.98 00:48:16 12/01/20
29,99.9,4.98,1024.13,0.03,3.98 00:53:34 12/01/20
21,99.9,4.98,1024.04,0.03,3.98 00:58:50 12/01/20
29,99.9,4.96,1023.94,0.03,3.98 01:04:08 12/01/20
26,99.9,4.895,1023.85,0.03,3.98 01:09:26 12/01/20
28,99.9,4.8900003,1023.84,0.03,3.98 01:14:42 12/01/20
25,99.9,4.8900003,1023.68,0.03,3.97 01:20:00 12/01/20
24,99.9,4.8900003,1023.72,0.03,3.98 01:25:13 12/01/20
24,99.9,4.88,1023.6,0.03,3.97 01:30:25 12/01/20
25,99.9,4.87,1023.56,0.03,3.97 01:35:39 12/01/20
25,99.9,4.8149996,1023.5,0.03,3.97 01:40:51 12/01/20
29,99.9,4.855,1023.43,0.03,3.97 01:46:07 12/01/20
26,99.9,4.86,1023.46,0.03,3.97 01:51:25 12/01/20
24,99.9,4.805,1023.4,0.03,3.97 01:56:37 12/01/20
24,99.9,4.795,1023.33,0.02,3.97 02:01:50 12/01/20
25,99.9,4.7799997,1023.15,0.03,3.97 02:07:03 12/01/20
26,99.9,4.79,1023.17,0.03,3.97 02:12:16 12/01/20
26,99.9,4.8,1023.19,0.03,3.97 02:17:31 12/01/20
24,99.9,4.865,1023.1,0.03,3.97 02:22:41 12/01/20
25,99.9,4.88,1023.1,0.03,3.97 02:27:54 12/01/20
25,99.9,4.875,1023.08,0.03,3.97 02:33:07 12/01/20
24,99.9,4.9,1023.05,0.03,3.97 02:38:19 12/01/20
23,99.9,4.965,1022.98,0.03,3.97 02:43:32 12/01/20
25,99.9,4.9700003,1023.01,0.04,3.97 02:48:45 12/01/20
25,99.9,4.985,1022.9,0.03,3.97 02:53:58 12/01/20
22,99.9,5.05,1022.83,0.03,3.97 02:59:09 12/01/20
24,99.9,5.0150003,1022.7,0.03,3.97 03:04:23 12/01/20
20,99.9,5.08,1022.76,0.02,3.97 03:09:35 12/01/20
21,99.9,5.08,1022.77,0.02,3.97 03:14:47 12/01/20
23,99.9,5.09,1022.76,0.01,3.97 03:20:02 12/01/20
24,99.9,5.09,1022.63,0.02,3.97 03:25:14 12/01/20
24,99.9,5.1099997,1022.53,0.02,3.96 03:30:28 12/01/20
25,99.9,5.105,1022.41,0.03,3.96 03:35:40 12/01/20
24,99.9,5.165,1022.48,0.02,3.96 03:40:53 12/01/20
23,99.9,5.17,1022.47,0.03,3.96 03:46:05 12/01/20
24,99.9,5.17,1022.38,0.02,3.96 03:51:18 12/01/20
24,99.9,5.175,1022.38,0.02,3.96 03:56:32 12/01/20
23,99.9,5.17,1022.35,0.01,3.96 04:01:44 12/01/20
27,99.9,5.1800003,1022.38,0.02,3.96 04:07:00 12/01/20
24,99.9,5.24,1022.38,0.02,3.96 04:12:18 12/01/20
24,99.9,5.1949997,1022.29,0.02,3.96 04:17:31 12/01/20
23,99.9,5.2,1022.25,0.03,3.96 04:22:43 12/01/20
22,99.9,5.19,1022.18,0.03,3.96 04:27:56 12/01/20
23,99.9,5.185,1022.14,0.02,3.96 04:33:09 12/01/20
23,99.9,5.19,1022.25,0.02,3.96 04:38:22 12/01/20
23,99.9,5.12,1022.16,0.03,3.96 04:43:35 12/01/20
22,99.9,5.1099997,1022.08,0.03,3.96 04:48:47 12/01/20
19,99.9,5.105,1021.89,0.02,3.96 04:53:59 12/01/20
22,99.9,5.085,1021.85,0.02,3.96 04:59:13 12/01/20
23,99.9,5.08,1021.82,0.01,3.96 05:04:26 12/01/20
22,99.9,5.065,1021.77,0.02,3.96 05:09:38 12/01/20
22,99.9,5.06,1021.79,0.01,3.96 05:14:51 12/01/20
19,99.9,5.01,1021.8,0.01,3.96 05:20:03 12/01/20
23,99.9,5.06,1021.84,0.01,3.96 05:25:17 12/01/20
21,99.9,5.065,1021.73,0.02,3.96 05:30:29 12/01/20
21,99.9,5.0699997,1021.76,0.0,3.96 05:35:42 12/01/20
22,99.9,5.075,1021.7,0.0,3.96 05:40:56 12/01/20
23,99.9,5.09,1021.52,0.01,3.96 05:46:08 12/01/20
23,99.9,5.1099997,1021.59,0.02,3.96 05:51:21 12/01/20
22,99.9,5.17,1021.55,0.01,3.96 05:56:33 12/01/20
26,99.9,5.185,1021.54,0.01,3.96 06:01:50 12/01/20
21,99.9,5.19,1021.5,0.0,3.96 06:07:08 12/01/20
21,99.9,5.19,1021.34,0.01,3.96 06:12:20 12/01/20
22,99.9,5.1800003,1021.22,0.01,3.96 06:17:34 12/01/20
22,99.9,5.17,1021.13,0.0,3.95 06:22:46 12/01/20
21,99.9,5.1549997,1021.12,0.0,3.96 06:27:59 12/01/20
18,99.9,5.0950003,1020.95,0.0,3.96 06:33:10 12/01/20
21,99.9,5.105,1020.91,0.0,3.95 06:38:24 12/01/20
21,99.9,5.09,1020.8,0.0,3.95 06:43:38 12/01/20
17,99.9,5.1099997,1020.85,0.01,3.96 06:48:48 12/01/20
23,99.9,5.1099997,1020.96,0.0,3.95 06:54:03 12/01/20
21,99.9,5.165,1020.93,0.0,3.95 06:59:15 12/01/20
21,99.9,5.17,1020.9,0.0,3.95 07:04:28 12/01/20
21,99.9,5.17,1020.83,0.0,3.95 07:09:41 12/01/20
21,99.9,5.17,1020.75,0.0,3.95 07:14:54 12/01/20
18,99.9,5.1800003,1020.76,0.0,3.95 07:20:06 12/01/20
21,99.9,5.1800003,1020.65,0.0,3.95 07:25:19 12/01/20
21,99.9,5.185,1020.58,0.01,3.95 07:30:32 12/01/20
17,99.9,5.1800003,1020.52,0.01,3.95 07:35:43 12/01/20
18,99.9,5.185,1020.42,0.03,3.95 07:40:56 12/01/20
20,99.9,5.185,1020.41,0.06,3.95 07:46:09 12/01/20
23,99.9,5.185,1020.32,0.12,3.95 07:51:23 12/01/20
31,99.9,5.185,1020.21,0.24,3.95 07:56:41 12/01/20
28,99.9,5.245,1020.18,0.53,3.95 08:01:57 12/01/20
33,99.9,5.205,1020.07,1.11,3.95 08:07:10 12/01/20
42,99.9,5.26,1020.09,1.89,3.95 08:12:23 12/01/20
52,99.9,5.2749996,1020.04,3.37,3.95 08:17:36 12/01/20
64,99.9,5.295,1020.07,4.08,3.95 08:22:49 12/01/20
72,99.9,5.3450003,1019.93,4.06,3.95 08:28:00 12/01/20
90,99.9,5.295,1019.91,4.06,3.95 08:33:14 12/01/20
95,99.9,5.34,1019.77,4.1,3.95 08:38:25 12/01/20
118,99.9,5.36,1019.72,4.25,3.95 08:43:43 12/01/20
127,99.9,5.38,1019.63,4.66,3.95 08:49:02 12/01/20
151,99.9,5.3900003,1019.54,5.0,3.95 08:54:14 12/01/20
162,99.9,5.46,1019.57,5.0,3.95 08:59:27 12/01/20
148,99.9,5.55,1019.63,4.63,3.95 09:04:39 12/01/20
161,99.9,5.58,1019.55,4.72,3.95 09:09:52 12/01/20
173,99.9,5.6,1019.63,5.0,3.96 09:15:05 12/01/20
189,99.9,5.67,1019.64,4.91,3.96 09:20:19 12/01/20
212,99.9,5.755,1019.63,4.45,3.97 09:25:31 12/01/20
225,99.9,5.8450003,1019.54,4.32,3.98 09:30:44 12/01/20
258,99.9,5.895,1019.75,4.07,4.01 09:36:00 12/01/20
211,99.9,6.045,1019.78,4.1,3.98 09:41:18 12/01/20
236,99.9,6.08,1019.74,4.06,3.98 09:46:31 12/01/20
275,99.9,6.1,1019.8,5.0,4.0 09:51:44 12/01/20
275,99.9,6.185,1019.74,4.34,4.02 09:56:55 12/01/20
304,99.9,6.295,1019.76,4.1,4.03 10:02:13 12/01/20
296,99.9,6.4700003,1019.73,4.48,4.06 10:07:31 12/01/20
289,99.9,6.585,1019.75,4.08,4.02 10:12:49 12/01/20
297,99.9,6.6800003,1019.63,4.09,4.04 10:18:05 12/01/20
290,99.9,6.765,1019.59,5.0,4.03 10:23:17 12/01/20
284,99.9,6.8450003,1019.57,5.0,4.04 10:28:31 12/01/20
283,99.9,6.875,1019.53,4.1,4.04 10:33:44 12/01/20
258,99.9,6.95,1019.59,4.08,4.03 10:38:57 12/01/20
238,99.9,6.9750004,1019.63,4.08,4.02 10:44:10 12/01/20
212,99.9,6.99,1019.64,4.43,4.02 10:49:21 12/01/20
244,99.9,6.99,1019.7,4.14,4.02 10:54:36 12/01/20
226,99.9,7.0699997,1019.68,4.99,4.02 10:59:52 12/01/20
251,99.9,7.08,1019.74,4.08,4.02 11:05:02 12/01/20
243,99.9,7.1549997,1019.74,4.08,4.02 11:10:15 12/01/20
200,99.9,7.17,1019.65,5.0,4.02 11:15:28 12/01/20
289,99.9,7.175,1019.57,5.0,4.02 11:20:41 12/01/20
323,99.9,7.255,1019.44,5.0,4.07 11:25:54 12/01/20
255,99.9,7.3500004,1019.41,4.24,4.04 11:31:07 12/01/20
279,99.9,7.4300003,1019.5,4.68,4.05 11:36:21 12/01/20
300,99.9,7.46,1019.48,5.0,4.06 11:41:39 12/01/20
281,99.9,7.53,1019.47,5.0,4.06 11:46:56 12/01/20
286,99.9,7.56,1019.47,4.44,4.06 11:52:08 12/01/20
286,99.9,7.59,1019.46,5.0,4.07 11:57:19 12/01/20
279,99.9,7.66,1019.43,4.19,4.08 12:02:33 12/01/20
346,99.9,7.6899996,1019.38,4.22,4.12 12:07:47 12/01/20
321,99.9,7.77,1019.36,4.3,4.13 12:13:01 12/01/20
313,99.9,7.7799997,1019.27,4.79,4.11 12:18:17 12/01/20
296,99.9,7.795,1019.42,5.0,4.12 12:23:35 12/01/20
266,99.9,7.785,1019.32,5.0,4.09 12:28:48 12/01/20
269,99.9,7.79,1019.39,5.0,4.1 12:34:00 12/01/20
288,99.9,7.77,1019.22,4.16,4.12 12:39:14 12/01/20
269,99.9,7.77,1019.23,5.0,4.11 12:44:27 12/01/20
255,99.9,7.7599998,1019.19,4.34,4.11 12:49:41 12/01/20
245,99.9,7.715,1019.14,5.0,4.1 12:54:52 12/01/20
266,99.9,7.71,1019.12,4.86,4.11 13:00:07 12/01/20
285,99.9,7.7599998,1019.09,5.0,4.11 13:05:20 12/01/20
254,99.9,7.715,1019.08,5.0,4.11 13:10:34 12/01/20
252,99.9,7.715,1019.16,4.91,4.11 13:15:49 12/01/20
223,99.9,7.77,1019.15,5.0,4.11 13:20:57 12/01/20
245,99.9,7.785,1019.05,4.58,4.11 13:26:12 12/01/20
235,99.9,7.79,1019.04,4.45,4.1 13:31:25 12/01/20
254,99.9,7.79,1018.85,4.5,4.1 13:36:39 12/01/20
261,99.9,7.805,1018.93,4.22,4.11 13:41:52 12/01/20
270,99.9,7.87,1018.85,5.0,4.11 13:47:05 12/01/20
268,99.9,7.885,1018.76,4.16,4.11 13:52:18 12/01/20
292,99.9,7.905,1018.8,5.0,4.14 13:57:32 12/01/20
316,99.9,7.9849997,1018.68,4.24,4.15 14:02:42 12/01/20
300,99.9,8.065001,1018.72,5.0,4.12 14:08:00 12/01/20
334,99.9,8.105,1018.63,4.25,4.14 14:13:10 12/01/20
294,99.9,8.185,1018.55,5.0,4.12 14:18:25 12/01/20
363,99.9,8.264999,1018.39,4.23,4.17 14:23:37 12/01/20
383,99.9,8.315001,1018.39,5.0,4.22 14:28:50 12/01/20
409,99.9,8.455,1018.38,5.0,4.22 14:34:04 12/01/20
368,99.9,8.495,1018.43,4.27,4.16 14:39:19 12/01/20
317,99.9,8.57,1018.45,5.0,4.14 14:44:29 12/01/20
367,99.9,8.59,1018.42,5.0,4.22 14:49:43 12/01/20
332,99.9,8.68,1018.46,4.26,4.16 14:54:56 12/01/20
299,99.9,8.700001,1018.51,4.19,4.14 15:00:10 12/01/20
338,99.9,8.764999,1018.37,5.0,4.16 15:05:22 12/01/20
299,99.9,8.785,1018.42,4.99,4.14 15:10:36 12/01/20
290,99.9,8.85,1018.49,5.0,4.13 15:15:49 12/01/20
331,99.9,8.865,1018.72,4.28,4.17 15:21:02 12/01/20
279,99.9,8.885,1018.49,5.0,4.14 15:26:15 12/01/20
255,99.9,8.955,1018.55,4.28,4.14 15:31:28 12/01/20
259,99.9,8.91,1018.58,5.0,4.16 15:36:42 12/01/20
259,99.9,8.98,1018.51,4.26,4.14 15:41:55 12/01/20
228,99.9,8.985,1018.65,4.49,4.15 15:47:08 12/01/20
234,99.9,9.0,1018.63,5.0,4.16 15:52:21 12/01/20
265,99.9,9.075,1018.65,5.0,4.14 15:57:35 12/01/20
241,99.9,9.105,1018.68,4.78,4.14 16:02:48 12/01/20
196,99.9,9.175,1018.79,5.0,4.14 16:08:01 12/01/20
168,99.9,9.190001,1018.77,4.72,4.13 16:13:15 12/01/20
185,99.9,9.24,1018.87,4.52,4.12 16:18:28 12/01/20
183,99.9,9.195,1019.0,4.51,4.12 16:23:42 12/01/20
145,99.9,9.190001,1019.08,4.2,4.11 16:28:54 12/01/20
169,99.9,9.255,1019.15,4.63,4.11 16:34:08 12/01/20
153,99.9,9.255,1019.1,4.42,4.1 16:39:21 12/01/20
156,99.9,9.25,1019.1,4.57,4.1 16:44:34 12/01/20
144,99.9,9.195,1019.14,4.33,4.09 16:49:47 12/01/20
135,99.9,9.18,1019.13,4.19,4.09 16:55:01 12/01/20
119,99.9,9.175,1019.25,4.18,4.08 17:00:14 12/01/20
105,99.9,9.165,1019.17,4.02,4.08 17:05:27 12/01/20
96,99.9,9.155001,1019.28,3.86,4.08 17:10:41 12/01/20
81,99.9,9.15,1019.38,2.91,4.07 17:15:54 12/01/20
68,99.9,9.085,1019.52,1.88,4.07 17:21:08 12/01/20
56,99.9,9.075,1019.57,0.83,4.07 17:26:20 12/01/20
52,99.9,9.085,1019.67,0.33,4.06 17:31:37 12/01/20
45,99.9,9.15,1019.73,0.09,4.06 17:36:55 12/01/20
44,99.9,9.16,1019.74,0.04,4.06 17:42:12 12/01/20
39,99.9,9.175,1019.7,0.02,4.06 17:47:30 12/01/20
39,99.9,9.18,1019.76,0.01,4.05 17:52:44 12/01/20
38,99.9,9.18,1019.79,0.0,4.05 17:57:57 12/01/20
38,99.9,9.18,1019.82,0.0,4.05 18:03:10 12/01/20
36,99.9,9.190001,1019.82,0.0,4.05 18:08:26 12/01/20
36,99.9,9.26,1019.81,0.0,4.05 18:13:37 12/01/20
33,99.9,9.264999,1019.83,0.0,4.05 18:18:49 12/01/20
35,99.9,9.27,1019.89,0.0,4.05 18:24:03 12/01/20
36,99.9,9.285,1020.0,0.0,4.05 18:29:15 12/01/20
43,99.9,9.29,1020.05,0.0,4.04 18:34:30 12/01/20
43,99.9,9.299999,1020.04,0.0,4.04 18:39:43 12/01/20
43,99.9,9.29,1019.95,0.0,4.04 18:44:56 12/01/20
44,99.9,9.29,1020.01,0.0,4.04 18:50:10 12/01/20
48,99.9,9.275,1020.11,0.0,4.04 18:55:24 12/01/20
46,99.9,9.27,1020.13,0.0,4.04 19:00:36 12/01/20
49,99.9,9.27,1020.26,0.0,4.03 19:05:50 12/01/20
50,99.9,9.264999,1020.28,0.0,4.03 19:11:03 12/01/20
49,99.9,9.28,1020.23,0.0,4.03 19:16:16 12/01/20
49,99.9,9.27,1020.27,0.0,4.03 19:21:29 12/01/20
52,99.9,9.26,1020.32,0.0,4.03 19:26:43 12/01/20
52,99.9,9.185,1020.27,0.0,4.03 19:31:57 12/01/20
53,99.9,9.110001,1020.36,0.0,4.03 19:37:09 12/01/20
58,99.9,9.075,1020.36,0.0,4.02 19:42:26 12/01/20
55,99.9,9.0,1020.41,0.0,4.03 19:47:44 12/01/20
58,99.9,8.91,1020.46,0.0,4.02 19:52:59 12/01/20
57,99.9,8.889999,1020.45,0.0,4.02 19:58:11 12/01/20
51,99.9,8.865,1020.48,0.0,4.02 20:03:23 12/01/20
58,99.9,8.79,1020.52,0.0,4.02 20:08:37 12/01/20
62,99.9,8.71,1020.52,0.0,4.02 20:13:55 12/01/20
59,99.9,8.700001,1020.57,0.0,4.02 20:19:12 12/01/20
59,99.9,8.690001,1020.66,0.0,4.02 20:24:25 12/01/20
61,99.9,8.68,1020.72,0.0,4.02 20:29:43 12/01/20
60,99.9,8.66,1020.67,0.0,4.02 20:35:00 12/01/20
60,99.9,8.610001,1020.69,0.0,4.01 20:40:16 12/01/20
60,99.9,8.6,1020.66,0.0,4.02 20:45:27 12/01/20
60,99.9,8.59,1020.76,0.0,4.01 20:50:40 12/01/20
59,99.9,8.58,1020.83,0.0,4.01 20:55:53 12/01/20
56,99.9,8.52,1020.83,0.0,4.01 21:01:06 12/01/20
56,99.9,8.52,1020.92,0.0,4.01 21:06:20 12/01/20
57,99.9,8.52,1020.96,0.0,4.01 21:11:37 12/01/20
57,99.9,8.585,1020.94,0.0,4.01 21:16:54 12/01/20
56,99.9,8.6,1020.93,0.0,4.01 21:22:11 12/01/20
55,99.9,8.66,1020.92,0.0,4.01 21:27:29 12/01/20
54,99.9,8.675,1020.89,0.0,4.01 21:32:42 12/01/20
52,99.9,8.690001,1020.89,0.0,4.01 21:37:56 12/01/20
54,99.9,8.690001,1020.91,0.0,4.01 21:43:09 12/01/20
55,99.9,8.700001,1020.89,0.0,4.01 21:48:23 12/01/20
54,99.9,8.71,1020.95,0.0,4.0 21:53:35 12/01/20
54,99.9,8.77,1021.01,0.0,4.0 21:58:48 12/01/20
53,99.9,8.71,1020.97,0.0,4.0 22:04:06 12/01/20
52,99.9,8.76,1021.02,0.0,4.0 22:09:22 12/01/20
50,99.9,8.690001,1021.06,0.0,4.0 22:14:40 12/01/20
53,99.9,8.68,1021.13,0.0,4.0 22:19:58 12/01/20
51,99.9,8.66,1021.09,0.0,4.0 22:25:12 12/01/20
49,99.9,8.59,1021.09,0.0,4.0 22:30:25 12/01/20
51,99.9,8.52,1021.06,0.01,4.0 22:35:39 12/01/20
46,99.9,8.505,1021.06,0.0,4.0 22:40:50 12/01/20
50,99.9,8.495,1021.07,0.0,4.0 22:46:04 12/01/20
49,99.9,8.559999,1021.18,0.0,4.0 22:51:17 12/01/20
49,99.9,8.52,1021.21,0.0,4.0 22:56:31 12/01/20
49,99.9,8.58,1021.21,0.0,4.0 23:01:44 12/01/20
48,99.9,8.585,1021.29,0.01,4.0 23:06:57 12/01/20
39,99.9,8.594999,1021.27,0.0,4.0 23:12:08 12/01/20
46,99.9,8.6,1021.28,0.0,3.99 23:17:23 12/01/20
42,99.9,8.615,1021.25,0.0,3.99 23:22:36 12/01/20
45,99.9,8.675,1021.27,0.0,3.99 23:27:50 12/01/20
44,99.9,8.62,1021.22,0.0,3.99 23:33:03 12/01/20
43,99.9,8.62,1021.33,0.0,3.99 23:38:16 12/01/20
42,99.9,8.610001,1021.29,0.0,3.99 23:43:29 12/01/20
42,99.9,8.610001,1021.27,0.0,3.99 23:48:43 12/01/20
43,99.9,8.605,1021.29,0.0,3.99 23:53:56 12/01/20
38,99.9,8.6,1021.31,0.0,3.99 23:59:07 12/01/20
