41,99.9,8.585,1021.29,0.0,3.99 00:04:22 13/01/20
41,99.9,8.575,1021.29,0.0,3.99 00:09:35 13/01/20
41,99.9,8.525,1021.31,0.0,3.99 00:14:49 13/01/20
36,99.9,8.515,1021.23,0.0,3.99 00:20:00 13/01/20
41,99.9,8.515,1021.25,0.0,3.99 00:25:15 13/01/20
36,99.9,8.515,1021.29,0.0,3.99 00:30:27 13/01/20
39,99.9,8.515,1021.39,0.01,3.99 00:35:41 13/01/20
37,99.9,8.515,1021.41,0.0,3.99 00:40:53 13/01/20
42,99.9,8.51,1021.36,0.0,3.98 00:46:11 13/01/20
40,99.9,8.515,1021.38,0.0,3.98 00:51:29 13/01/20
42,99.9,8.505,1021.32,0.0,3.98 00:56:46 13/01/20
38,99.9,8.505,1021.3,0.01,3.98 01:02:04 13/01/20
38,99.9,8.5,1021.22,0.01,3.98 01:07:17 13/01/20
37,99.9,8.485,1021.18,0.02,3.98 01:12:31 13/01/20
37,99.9,8.43,1021.23,0.02,3.98 01:17:44 13/01/20
36,99.9,8.415,1021.2,0.02,3.98 01:22:57 13/01/20
32,99.9,8.335,1021.03,0.01,3.98 01:28:09 13/01/20
36,99.9,8.299999,1021.04,0.02,3.98 01:33:23 13/01/20
36,99.9,8.21,1021.01,0.02,3.98 01:38:36 13/01/20
37,99.9,8.17,1021.04,0.02,3.98 01:43:49 13/01/20
35,99.9,8.075,1021.01,0.02,3.98 01:49:01 13/01/20
38,99.9,7.9849997,1020.96,0.02,3.97 01:54:16 13/01/20
38,99.9,7.895,1020.91,0.02,3.87 01:59:29 13/01/20
39,99.9,7.815,1020.98,0.02,3.98 02:04:42 13/01/20
41,99.9,7.79,1020.87,0.02,3.98 02:09:56 13/01/20
34,99.9,7.71,1020.8,0.02,3.97 02:15:06 13/01/20
34,99.9,7.64,1020.82,0.02,3.98 02:20:19 13/01/20
40,99.9,7.615,1020.79,0.02,3.97 02:25:34 13/01/20
38,99.9,7.605,1020.72,0.02,3.98 02:30:46 13/01/20
38,99.9,7.58,1020.69,0.02,3.97 02:35:59 13/01/20
40,99.9,7.5150003,1020.65,0.02,3.97 02:41:13 13/01/20
42,99.9,7.495,1020.71,0.02,3.97 02:46:27 13/01/20
39,99.9,7.4750004,1020.58,0.02,3.97 02:51:39 13/01/20
43,99.9,7.4100003,1020.69,0.02,3.97 02:56:53 13/01/20
38,99.9,7.4,1020.6,0.01,3.97 03:02:04 13/01/20
42,99.9,7.405,1020.6,0.01,3.97 03:07:19 13/01/20
43,99.9,7.395,1020.5,0.01,3.97 03:12:32 13/01/20
43,99.9,7.4100003,1020.46,0.01,3.97 03:17:45 13/01/20
43,99.9,7.4750004,1020.51,0.01,3.97 03:22:58 13/01/20
43,99.9,7.4849997,1020.42,0.01,3.97 03:28:11 13/01/20
42,99.9,7.495,1020.46,0.01,3.97 03:33:25 13/01/20
43,99.9,7.505,1020.42,0.02,3.97 03:38:38 13/01/20
41,99.9,7.5200005,1020.37,0.0,3.97 03:43:50 13/01/20
41,99.9,7.575,1020.34,0.02,3.97 03:49:03 13/01/20
40,99.9,7.59,1020.23,0.02,3.97 03:54:16 13/01/20
40,99.9,7.585,1020.25,0.01,3.97 03:59:29 13/01/20
44,99.9,7.58,1020.25,0.0,3.97 04:04:46 13/01/20
40,99.9,7.585,1020.16,0.01,3.96 04:10:04 13/01/20
37,99.9,7.6,1019.95,0.01,3.96 04:15:16 13/01/20
34,99.9,7.61,1019.96,0.02,3.97 04:20:28 13/01/20
40,99.9,7.665,1019.96,0.02,3.96 04:25:43 13/01/20
39,99.9,7.665,1019.91,0.01,3.97 04:30:56 13/01/20
40,99.9,7.605,1019.85,0.01,3.93 04:36:09 13/01/20
38,99.9,7.595,1019.83,0.01,3.96 04:41:22 13/01/20
40,99.9,7.58,1019.76,0.01,3.96 04:46:37 13/01/20
38,99.9,7.5299997,1019.71,0.01,3.96 04:51:52 13/01/20
37,99.9,7.585,1019.55,0.0,3.96 04:57:10 13/01/20
37,99.9,7.54,1019.49,0.01,3.96 05:02:23 13/01/20
37,99.9,7.585,1019.38,0.01,3.96 05:07:36 13/01/20
37,99.9,7.585,1019.29,0.01,3.96 05:12:49 13/01/20
38,99.9,7.58,1019.21,0.01,3.96 05:18:02 13/01/20
36,99.9,7.58,1019.19,0.01,3.96 05:23:14 13/01/20
38,99.9,7.575,1019.21,0.0,3.96 05:28:29 13/01/20
41,99.9,7.5249996,1019.16,0.0,3.96 05:33:46 13/01/20
39,99.9,7.59,1019.18,0.0,3.96 05:39:03 13/01/20
33,99.9,7.575,1019.07,0.0,3.96 05:44:14 13/01/20
37,99.9,7.5200005,1019.02,0.0,3.96 05:49:29 13/01/20
37,99.9,7.51,1018.97,0.0,3.96 05:54:42 13/01/20
36,99.9,7.5,1018.92,0.0,3.96 05:59:55 13/01/20
35,99.9,7.4849997,1018.92,0.0,3.96 06:05:07 13/01/20
36,99.9,7.4750004,1018.82,0.0,3.96 06:10:21 13/01/20
36,99.9,7.465,1018.84,0.0,3.96 06:15:35 13/01/20
37,99.9,7.4100003,1018.86,0.0,3.96 06:20:48 13/01/20
38,99.9,7.395,1018.83,0.01,3.96 06:26:07 13/01/20
36,99.9,7.37,1018.85,0.01,3.96 06:31:22 13/01/20
36,99.9,7.3,1018.82,0.01,3.96 06:36:35 13/01/20
36,99.9,7.2200003,1018.87,0.0,3.96 06:41:48 13/01/20
35,99.9,7.205,1018.85,0.0,3.96 06:47:01 13/01/20
36,99.9,7.185,1018.88,0.0,3.96 06:52:14 13/01/20
36,99.9,7.12,1018.92,0.0,3.96 06:57:27 13/01/20
36,99.9,7.1099997,1018.9,0.0,3.96 07:02:43 13/01/20
36,99.9,7.105,1018.82,0.0,3.96 07:07:53 13/01/20
36,99.9,7.0950003,1018.73,0.01,3.96 07:13:06 13/01/20
37,99.9,7.105,1018.75,0.01,3.96 07:18:19 13/01/20
37,99.9,7.0950003,1018.68,0.0,3.95 07:23:34 13/01/20
34,99.9,7.09,1018.71,0.0,3.96 07:28:45 13/01/20
37,99.9,7.0150003,1018.56,0.0,3.95 07:34:02 13/01/20
35,99.9,6.985,1018.56,0.01,3.96 07:39:20 13/01/20
36,99.9,6.8900003,1018.42,0.02,3.95 07:44:33 13/01/20
37,99.9,6.81,1018.47,0.04,3.96 07:49:46 13/01/20
40,99.9,6.7200003,1018.41,0.09,3.95 07:54:59 13/01/20
38,99.9,6.675,1018.31,0.2,3.95 08:00:10 13/01/20
50,99.9,6.585,1018.33,0.44,3.95 08:05:28 13/01/20
46,99.9,6.5,1018.23,0.98,3.95 08:10:45 13/01/20
59,99.9,6.41,1018.12,1.83,3.95 08:15:59 13/01/20
60,99.9,6.3199997,1018.14,2.84,3.95 08:21:10 13/01/20
82,99.9,6.27,1018.18,3.79,3.95 08:26:25 13/01/20
87,99.9,6.185,1018.13,4.06,3.95 08:31:36 13/01/20
114,99.9,6.1099997,1018.07,4.22,3.95 08:36:51 13/01/20
126,99.9,6.115,1018.11,4.41,3.95 08:42:03 13/01/20
143,99.9,6.1099997,1018.13,4.79,3.95 08:47:16 13/01/20
155,99.9,6.09,1018.19,5.0,3.95 08:52:29 13/01/20
158,99.9,6.0699997,1018.17,5.0,3.96 08:57:41 13/01/20
165,99.9,5.995,1018.19,4.55,3.96 09:02:53 13/01/20
196,99.9,5.915,1018.19,4.16,3.95 09:08:08 13/01/20
206,99.9,5.9,1018.17,5.0,3.96 09:13:21 13/01/20
223,99.9,5.875,1018.1,4.01,3.96 09:18:36 13/01/20
231,99.9,5.8199997,1018.06,4.41,3.97 09:23:46 13/01/20
226,99.9,5.8149996,1018.06,4.06,3.98 09:28:57 13/01/20
275,99.9,5.83,1018.06,4.35,4.01 09:34:12 13/01/20
283,99.9,5.905,1018.06,4.2,4.07 09:39:24 13/01/20
272,99.9,5.99,1017.98,5.0,4.04 09:44:38 13/01/20
270,99.9,6.02,1017.94,4.38,4.03 09:49:51 13/01/20
294,99.9,6.105,1017.97,5.0,4.02 09:55:04 13/01/20
285,99.9,6.115,1018.0,4.3,4.02 10:00:17 13/01/20
256,99.9,6.13,1017.97,4.56,4.01 10:05:29 13/01/20
266,99.9,6.1949997,1017.9,4.66,4.01 10:10:42 13/01/20
274,99.9,6.215,1017.85,5.0,4.01 10:15:55 13/01/20
279,99.9,6.29,1017.82,4.16,4.03 10:21:07 13/01/20
308,99.9,6.3149996,1017.82,5.0,4.04 10:26:21 13/01/20
309,99.9,6.415,1017.84,4.14,4.04 10:31:34 13/01/20
295,99.9,6.5150003,1017.8,5.0,4.05 10:36:45 13/01/20
316,99.9,6.6099997,1017.76,4.14,4.06 10:42:00 13/01/20
317,99.9,6.7,1017.76,4.11,4.06 10:47:13 13/01/20
325,99.9,6.805,1017.64,4.2,4.08 10:52:26 13/01/20
330,99.9,6.905,1017.63,5.0,4.09 10:57:40 13/01/20
329,99.9,7.065,1017.7,4.16,4.1 11:02:52 13/01/20
321,99.9,7.175,1017.67,5.0,4.12 11:08:03 13/01/20
316,99.9,7.27,1017.45,4.25,4.13 11:13:16 13/01/20
335,99.9,7.365,1017.39,4.21,4.15 11:18:31 13/01/20
338,99.9,7.415,1017.33,5.0,4.14 11:23:44 13/01/20
337,99.9,7.505,1017.3,5.0,4.13 11:28:57 13/01/20
338,99.9,7.6449995,1017.21,5.0,4.14 11:34:10 13/01/20
342,99.9,7.6899996,1017.21,4.28,4.14 11:39:24 13/01/20
305,99.9,7.7799997,1017.18,4.17,4.12 11:44:36 13/01/20
298,99.9,7.85,1017.16,4.27,4.14 11:49:47 13/01/20
345,99.9,7.89,1017.06,4.26,4.15 11:55:02 13/01/20
343,99.9,7.965,1016.83,4.47,4.14 12:00:15 13/01/20
345,99.9,8.065001,1016.8,5.0,4.14 12:05:29 13/01/20
361,99.9,8.16,1016.55,4.38,4.15 12:10:42 13/01/20
374,99.9,8.29,1016.51,5.0,4.17 12:15:53 13/01/20
318,99.9,8.47,1016.25,4.67,4.12 12:21:09 13/01/20
333,99.9,8.559999,1015.92,5.0,4.15 12:26:21 13/01/20
366,99.9,8.57,1015.77,4.29,4.17 12:31:34 13/01/20
343,99.9,8.67,1015.71,4.23,4.17 12:36:47 13/01/20
369,99.9,8.76,1015.54,4.25,4.19 12:42:01 13/01/20
360,99.9,8.860001,1015.39,4.31,4.19 12:47:15 13/01/20
355,99.9,8.95,1015.32,5.0,4.22 12:52:27 13/01/20
369,99.9,9.05,1015.28,5.0,4.22 12:57:40 13/01/20
353,99.9,9.135,1015.13,5.0,4.2 13:02:54 13/01/20
372,99.9,9.155001,1014.92,5.0,4.22 13:08:08 13/01/20
339,99.9,9.18,1014.66,5.0,4.18 13:13:20 13/01/20
373,99.9,9.185,1014.6,5.0,4.22 13:18:37 13/01/20
325,99.9,9.264999,1014.5,4.75,4.15 13:23:55 13/01/20
306,99.9,9.200001,1014.39,5.0,4.13 13:29:13 13/01/20
285,99.9,9.18,1014.28,4.22,4.15 13:34:30 13/01/20
336,99.9,9.094999,1014.2,4.23,4.17 13:39:46 13/01/20
420,99.9,9.16,1014.18,5.0,4.22 13:44:57 13/01/20
348,99.9,9.28,1014.05,5.0,4.18 13:50:14 13/01/20
410,99.9,9.365,1013.92,5.0,4.22 13:55:33 13/01/20
390,99.9,9.445,1013.85,5.0,4.22 14:00:44 13/01/20
385,99.9,9.559999,1013.77,5.0,4.22 14:05:59 13/01/20
374,99.9,9.655001,1013.83,5.0,4.22 14:11:11 13/01/20
377,99.9,9.685,1013.68,5.0,4.22 14:16:25 13/01/20
376,99.9,9.78,1013.67,5.0,4.23 14:21:39 13/01/20
366,99.9,9.775,1013.52,5.0,4.22 14:26:50 13/01/20
305,99.9,9.700001,1013.56,4.27,4.17 14:32:04 13/01/20
310,99.9,9.525,1013.45,4.27,4.18 14:37:19 13/01/20
319,99.9,9.475,1013.51,4.33,4.17 14:42:33 13/01/20
292,99.9,9.360001,1013.39,4.31,4.15 14:47:44 13/01/20
282,99.9,9.21,1013.26,5.0,4.13 14:52:59 13/01/20
290,99.9,9.200001,1013.06,4.7,4.14 14:58:12 13/01/20
282,99.9,9.190001,1012.99,4.24,4.15 15:03:25 13/01/20
278,99.9,9.190001,1012.86,4.19,4.15 15:08:39 13/01/20
254,99.9,9.18,1012.75,4.22,4.16 15:13:50 13/01/20
269,99.9,9.185,1012.74,4.19,4.14 15:19:10 13/01/20
251,99.9,9.175,1012.61,4.94,4.15 15:24:27 13/01/20
253,99.9,9.115,1012.6,5.0,4.13 15:29:41 13/01/20
250,99.9,9.094999,1012.63,5.0,4.13 15:34:57 13/01/20
234,99.9,9.094999,1012.58,4.53,4.15 15:40:15 13/01/20
204,99.9,9.07,1012.52,4.26,4.15 15:45:28 13/01/20
238,99.9,9.025,1012.36,5.0,4.15 15:50:42 13/01/20
221,99.9,9.01,1012.16,5.0,4.14 15:55:54 13/01/20
230,99.9,9.004999,1012.03,5.0,4.16 16:01:08 13/01/20
211,99.9,9.055,1012.0,5.0,4.16 16:06:22 13/01/20
208,99.9,9.004999,1011.99,4.22,4.15 16:11:35 13/01/20
206,99.9,9.004999,1011.86,4.91,4.15 16:16:49 13/01/20
186,99.9,9.004999,1011.74,5.0,4.15 16:22:01 13/01/20
180,99.9,9.0,1011.5,4.66,4.14 16:27:18 13/01/20
145,99.9,8.995,1011.32,4.72,4.13 16:32:36 13/01/20
135,99.9,8.975,1011.25,4.38,4.12 16:37:51 13/01/20
122,99.9,8.925,1011.15,4.24,4.12 16:43:03 13/01/20
99,99.9,8.91,1011.1,3.68,4.11 16:48:21 13/01/20
81,99.9,8.905001,1011.21,3.03,4.1 16:53:38 13/01/20
78,99.9,8.885,1010.97,2.73,4.1 16:58:52 13/01/20
53,99.9,8.88,1010.93,2.03,4.1 17:04:02 13/01/20
52,99.9,8.88,1010.8,1.53,4.09 17:09:17 13/01/20
48,99.9,8.87,1010.76,0.93,4.09 17:14:31 13/01/20
49,99.9,8.875,1010.59,0.64,4.08 17:19:44 13/01/20
41,99.9,8.82,1010.56,0.24,4.08 17:24:57 13/01/20
39,99.9,8.815001,1010.53,0.08,4.08 17:30:10 13/01/20
40,99.9,8.865,1010.39,0.04,4.07 17:35:24 13/01/20
40,99.9,8.855,1010.28,0.01,4.07 17:40:37 13/01/20
39,99.9,8.815001,1010.32,0.01,4.07 17:45:50 13/01/20
39,99.9,8.815001,1010.27,0.0,4.07 17:51:03 13/01/20
42,99.9,8.87,1010.26,0.0,4.06 17:56:20 13/01/20
40,99.9,8.88,1010.27,0.0,4.06 18:01:38 13/01/20
40,99.9,8.895,1010.2,0.0,4.06 18:06:55 13/01/20
39,99.9,8.96,1010.13,0.0,4.06 18:12:13 13/01/20
36,99.9,8.98,1010.11,0.0,4.06 18:17:26 13/01/20
38,99.9,8.99,1009.92,0.0,4.05 18:22:40 13/01/20
37,99.9,9.01,1009.82,0.0,4.05 18:27:54 13/01/20
36,99.9,9.08,1009.59,0.0,4.05 18:33:06 13/01/20
38,99.9,9.094999,1009.54,0.0,4.04 18:38:23 13/01/20
36,99.9,9.115,1009.36,0.02,4.03 18:43:41 13/01/20
34,99.9,9.175,1009.21,0.0,4.05 18:48:55 13/01/20
36,99.9,9.190001,1009.13,0.0,4.04 18:54:08 13/01/20
34,99.9,9.205,1009.04,0.0,4.04 18:59:21 13/01/20
33,99.9,9.200001,1008.95,0.0,4.04 19:04:34 13/01/20
33,99.9,9.215,1009.06,0.0,4.04 19:09:48 13/01/20
33,99.9,9.28,1008.97,0.0,4.04 19:15:01 13/01/20
32,99.9,9.285,1008.94,0.0,4.03 19:20:14 13/01/20
33,99.9,9.29,1008.89,0.0,4.04 19:25:31 13/01/20
32,99.9,9.299999,1008.82,0.0,4.03 19:30:49 13/01/20
31,99.9,9.305,1008.81,0.0,4.03 19:36:03 13/01/20
31,99.9,9.305,1008.62,0.0,4.03 19:41:16 13/01/20
30,99.9,9.309999,1008.83,0.0,4.03 19:46:29 13/01/20
32,99.9,9.37,1008.69,0.0,4.03 19:51:46 13/01/20
30,99.9,9.38,1008.65,0.0,4.03 19:57:04 13/01/20
29,99.9,9.395,1008.47,0.0,4.03 20:02:18 13/01/20
30,99.9,9.4,1008.36,0.0,4.03 20:07:31 13/01/20
24,99.9,9.41,1008.42,0.0,4.03 20:12:42 13/01/20
28,99.9,9.465,1008.31,0.0,4.03 20:17:59 13/01/20
29,99.9,9.485,1008.24,0.0,4.02 20:23:11 13/01/20
28,99.9,9.49,1008.17,0.0,4.03 20:28:24 13/01/20
29,99.9,9.5,1008.21,0.0,4.02 20:33:38 13/01/20
29,99.9,9.504999,1008.22,0.0,4.02 20:38:51 13/01/20
29,99.9,9.57,1008.13,0.0,4.02 20:44:05 13/01/20
28,99.9,9.585,1007.98,0.0,4.02 20:49:17 13/01/20
28,99.9,9.6,1007.77,0.0,4.02 20:54:31 13/01/20
28,99.9,9.605,1007.67,0.0,4.02 20:59:45 13/01/20
28,99.9,9.685,1007.51,0.0,4.02 21:04:57 13/01/20
28,99.9,9.695,1007.39,0.0,4.01 21:10:11 13/01/20
28,99.9,9.700001,1007.21,0.0,4.01 21:15:25 13/01/20
27,99.9,9.705,1007.05,0.0,4.02 21:20:37 13/01/20
29,99.9,9.764999,1006.9,0.0,4.01 21:25:51 13/01/20
22,99.9,9.78,1006.72,0.0,4.02 21:31:03 13/01/20
27,99.9,9.795,1006.72,0.0,4.01 21:36:21 13/01/20
26,99.9,9.860001,1006.67,0.0,4.01 21:41:39 13/01/20
26,99.9,9.885,1006.45,0.0,4.01 21:46:53 13/01/20
22,99.9,9.96,1006.38,0.0,4.01 21:52:07 13/01/20
25,99.9,9.98,1006.39,0.0,4.01 21:57:19 13/01/20
26,99.9,9.99,1006.27,0.0,4.01 22:02:33 13/01/20
25,99.9,10.065001,1006.16,0.0,4.01 22:07:46 13/01/20
26,99.9,10.09,1006.01,0.0,4.01 22:13:06 13/01/20
24,99.9,10.155001,1005.86,0.0,4.01 22:18:21 13/01/20
25,99.9,10.175,1005.86,0.0,4.01 22:23:35 13/01/20
25,99.9,10.185,1005.92,0.0,4.01 22:28:48 13/01/20
25,99.9,10.205,1005.77,0.0,4.0 22:34:02 13/01/20
20,99.9,10.245,1005.66,0.0,4.01 22:39:14 13/01/20
23,99.9,10.27,1005.69,0.0,4.0 22:44:28 13/01/20
23,99.9,10.27,1005.66,0.0,4.01 22:49:42 13/01/20
16,99.9,10.29,1005.62,0.0,4.01 22:54:53 13/01/20
24,99.9,10.37,1005.62,0.0,4.0 23:00:09 13/01/20
23,99.9,10.385,1005.49,0.0,4.0 23:05:23 13/01/20
22,99.9,10.45,1005.51,0.0,4.0 23:10:36 13/01/20
18,99.9,10.469999,1005.53,0.0,4.0 23:15:47 13/01/20
22,99.9,10.485,1005.42,0.0,4.0 23:21:02 13/01/20
22,99.9,10.55,1005.45,0.0,4.0 23:26:16 13/01/20
22,99.9,10.555,1005.4,0.0,4.0 23:31:29 13/01/20
23,99.9,10.565001,1005.33,0.0,4.0 23:36:43 13/01/20
22,99.9,10.575,1005.37,0.0,4.0 23:41:56 13/01/20
22,99.9,10.59,1005.27,0.0,4.0 23:47:10 13/01/20
23,99.9,10.655001,1005.23,0.0,4.0 23:52:24 13/01/20
25,99.9,10.67,1005.02,0.0,3.99 23:57:39 13/01/20
