30,99.9,4.98,999.46,0.0,3.98 00:02:52 29/01/20
31,99.9,4.9300003,999.49,0.0,3.98 00:08:08 29/01/20
30,99.9,4.925,999.53,0.0,3.99 00:13:26 29/01/20
28,99.9,4.905,999.6,0.0,3.98 00:18:39 29/01/20
28,99.9,4.825,999.76,0.0,3.98 00:23:51 29/01/20
26,99.9,4.8,999.77,0.0,3.99 00:29:03 29/01/20
27,99.9,4.73,999.77,0.0,3.98 00:34:17 29/01/20
27,99.9,4.7,999.76,0.0,3.98 00:39:29 29/01/20
27,99.9,4.6400003,999.8,0.0,3.98 00:44:43 29/01/20
27,99.9,4.615,999.74,0.0,3.98 00:49:55 29/01/20
28,99.9,4.545,999.86,0.0,3.98 00:55:08 29/01/20
27,99.9,4.58,999.93,0.0,3.98 01:00:20 29/01/20
27,99.9,4.51,1000.03,0.0,3.98 01:05:33 29/01/20
28,99.9,4.505,1000.08,0.0,3.97 01:10:50 29/01/20
27,99.9,4.5,1000.15,0.0,3.98 01:16:07 29/01/20
25,99.9,4.5,1000.22,0.0,3.98 01:21:19 29/01/20
26,99.9,4.49,1000.24,0.0,3.98 01:26:33 29/01/20
28,99.9,4.495,1000.33,0.0,3.98 01:31:45 29/01/20
27,99.9,4.505,1000.33,0.0,3.98 01:36:57 29/01/20
28,99.9,4.5699997,1000.4,0.0,3.98 01:42:10 29/01/20
26,99.9,4.585,1000.44,0.0,3.98 01:47:23 29/01/20
27,99.9,4.59,1000.54,0.0,3.97 01:52:39 29/01/20
27,99.9,4.5950003,1000.63,0.0,3.97 01:57:57 29/01/20
27,99.9,4.605,1000.62,0.0,3.97 02:03:09 29/01/20
28,99.9,4.67,1000.78,0.0,3.97 02:08:22 29/01/20
27,99.9,4.685,1000.85,0.0,3.97 02:13:35 29/01/20
28,99.9,4.705,1001.01,0.0,3.97 02:18:52 29/01/20
26,99.9,4.785,1001.02,0.0,3.97 02:24:09 29/01/20
27,99.9,4.8149996,1001.17,0.0,3.97 02:29:21 29/01/20
28,99.9,4.885,1001.15,0.0,3.97 02:34:34 29/01/20
27,99.9,4.91,1001.27,0.0,3.97 02:39:47 29/01/20
27,99.9,4.98,1001.49,0.0,3.97 02:45:00 29/01/20
27,99.9,5.0,1001.56,0.0,3.97 02:50:12 29/01/20
26,99.9,5.01,1001.71,0.0,3.97 02:55:25 29/01/20
27,99.9,5.0150003,1001.71,0.0,3.97 03:00:38 29/01/20
26,99.9,5.02,1001.76,0.0,3.97 03:05:54 29/01/20
26,99.9,5.075,1001.86,0.0,3.97 03:11:12 29/01/20
26,99.9,5.0150003,1001.9,0.0,3.96 03:16:28 29/01/20
24,99.9,5.005,1001.9,0.0,3.97 03:21:46 29/01/20
23,99.9,4.9350004,1001.97,0.0,3.96 03:26:59 29/01/20
23,99.9,4.915,1002.01,0.0,3.96 03:32:11 29/01/20
23,99.9,4.84,1002.03,0.0,3.97 03:37:25 29/01/20
23,99.9,4.8149996,1002.15,0.0,3.96 03:42:37 29/01/20
24,99.9,4.74,1002.24,0.0,3.96 03:47:49 29/01/20
24,99.9,4.71,1002.37,0.0,3.97 03:53:02 29/01/20
24,99.9,4.625,1002.6,0.0,3.96 03:58:15 29/01/20
24,99.9,4.605,1002.7,0.0,3.96 04:03:31 29/01/20
24,99.9,4.5950003,1002.7,0.0,3.96 04:08:49 29/01/20
24,99.9,4.535,1002.67,0.0,3.96 04:14:05 29/01/20
24,99.9,4.52,1002.71,0.0,3.96 04:19:26 29/01/20
25,99.9,4.5150003,1002.85,0.0,3.96 04:24:45 29/01/20
25,99.9,4.505,1002.79,0.0,3.96 04:29:56 29/01/20
24,99.9,4.505,1002.79,0.0,3.96 04:35:09 29/01/20
26,99.9,4.505,1002.79,0.0,3.96 04:40:22 29/01/20
25,99.9,4.51,1002.87,0.0,3.96 04:45:35 29/01/20
25,99.9,4.58,1002.91,0.0,3.96 04:50:47 29/01/20
25,99.9,4.59,1002.92,0.0,3.96 04:56:00 29/01/20
25,99.9,4.5950003,1003.04,0.0,3.96 05:01:16 29/01/20
25,99.9,4.6099997,1003.18,0.0,3.96 05:06:34 29/01/20
25,99.9,4.615,1003.26,0.0,3.96 05:11:47 29/01/20
25,99.9,4.615,1003.27,0.0,3.96 05:16:59 29/01/20
24,99.9,4.615,1003.31,0.0,3.96 05:22:12 29/01/20
24,99.9,4.615,1003.25,0.0,3.96 05:27:28 29/01/20
24,99.9,4.605,1003.37,0.0,3.96 05:32:46 29/01/20
24,99.9,4.535,1003.43,0.0,3.96 05:37:59 29/01/20
24,99.9,4.525,1003.37,0.0,3.96 05:43:11 29/01/20
24,99.9,4.51,1003.54,0.0,3.96 05:48:24 29/01/20
24,99.9,4.5150003,1003.51,0.0,3.96 05:53:37 29/01/20
24,99.9,4.5150003,1003.59,0.0,3.96 05:58:49 29/01/20
24,99.9,4.51,1003.62,0.0,3.96 06:04:03 29/01/20
24,99.9,4.505,1003.67,0.0,3.96 06:09:15 29/01/20
22,99.9,4.5,1003.67,0.0,3.95 06:14:27 29/01/20
23,99.9,4.425,1003.72,0.0,3.95 06:19:40 29/01/20
24,99.9,4.41,1003.8,0.0,3.95 06:24:53 29/01/20
25,99.9,4.4,1003.8,0.0,3.96 06:30:06 29/01/20
23,99.9,4.4,1003.8,0.0,3.95 06:35:18 29/01/20
25,99.9,4.395,1003.98,0.0,3.95 06:40:31 29/01/20
24,99.9,4.405,1003.9,0.0,3.95 06:45:47 29/01/20
24,99.9,4.41,1003.94,0.0,3.95 06:51:05 29/01/20
23,99.9,4.415,1003.96,0.0,3.95 06:56:17 29/01/20
24,99.9,4.48,1004.0,0.0,3.95 07:01:31 29/01/20
23,99.9,4.485,1004.03,0.0,3.95 07:06:43 29/01/20
24,99.9,4.495,1004.1,0.0,3.95 07:11:56 29/01/20
23,99.9,4.5150003,1004.17,0.0,3.95 07:17:08 29/01/20
24,99.9,4.59,1004.2,0.0,3.95 07:22:21 29/01/20
21,99.9,4.605,1004.21,0.0,3.95 07:27:33 29/01/20
24,99.9,4.62,1004.26,0.01,3.95 07:32:46 29/01/20
19,99.9,4.76,1004.36,0.01,3.95 07:37:58 29/01/20
28,99.9,4.77,1004.32,0.05,3.95 07:43:12 29/01/20
31,99.9,4.785,1004.25,0.13,3.95 07:48:24 29/01/20
22,99.9,4.805,1004.21,0.43,3.95 07:53:35 29/01/20
42,99.9,4.87,1004.32,1.02,3.95 07:58:50 29/01/20
52,99.9,4.885,1004.29,1.97,3.95 08:04:03 29/01/20
60,99.9,4.885,1004.39,2.63,3.95 08:09:15 29/01/20
72,99.9,4.895,1004.42,3.15,3.95 08:14:28 29/01/20
83,99.9,4.895,1004.4,3.67,3.94 08:19:41 29/01/20
98,99.9,4.905,1004.48,3.95,3.94 08:24:58 29/01/20
105,99.9,4.9700003,1004.56,4.06,3.95 08:30:15 29/01/20
133,99.9,4.9750004,1004.59,4.35,3.94 08:35:31 29/01/20
144,99.9,4.985,1004.71,4.75,3.95 08:40:49 29/01/20
173,99.9,5.06,1004.77,5.0,3.95 08:46:05 29/01/20
182,99.9,5.01,1004.95,4.14,3.95 08:51:23 29/01/20
209,99.9,5.0150003,1005.04,4.35,3.95 08:56:39 29/01/20
215,99.9,5.025,1005.03,4.87,3.96 09:02:01 29/01/20
202,99.9,5.065,1005.07,4.56,3.96 09:07:19 29/01/20
213,99.9,5.0150003,1005.04,4.03,3.96 09:12:31 29/01/20
231,99.9,5.005,1005.21,4.98,3.97 09:17:47 29/01/20
227,99.9,5.065,1005.2,4.58,3.97 09:23:05 29/01/20
256,99.9,5.0150003,1005.44,5.0,3.99 09:28:21 29/01/20
302,99.9,5.09,1005.5,4.07,4.01 09:33:39 29/01/20
259,99.9,5.125,1005.55,5.0,4.01 09:38:56 29/01/20
313,99.9,5.205,1005.5,4.17,4.1 09:44:13 29/01/20
325,99.9,5.305,1005.59,4.29,4.19 09:49:29 29/01/20
304,99.9,5.56,1005.58,4.27,4.18 09:54:47 29/01/20
325,99.9,5.67,1005.69,5.0,4.21 10:00:00 29/01/20
330,99.9,5.7749996,1005.74,5.0,4.14 10:05:13 29/01/20
333,99.9,5.865,1005.84,4.33,4.21 10:10:25 29/01/20
319,99.9,5.835,1005.84,4.76,4.16 10:15:38 29/01/20
280,99.9,5.895,1005.82,5.0,4.12 10:20:51 29/01/20
278,99.9,5.81,1005.81,5.0,4.15 10:26:05 29/01/20
272,99.9,5.805,1005.86,4.36,4.13 10:31:15 29/01/20
285,99.9,5.8,1006.0,4.29,4.14 10:36:30 29/01/20
297,99.9,5.87,1006.09,4.54,4.13 10:41:47 29/01/20
298,99.9,5.8900003,1006.13,4.23,4.14 10:47:05 29/01/20
293,99.9,5.96,1006.28,5.0,4.13 10:52:20 29/01/20
332,99.9,5.985,1006.24,4.33,4.15 10:57:38 29/01/20
318,99.9,6.075,1006.41,5.0,4.15 11:02:52 29/01/20
324,99.9,6.1,1006.58,4.22,4.16 11:08:04 29/01/20
320,99.9,6.225,1006.56,4.29,4.15 11:13:17 29/01/20
348,99.9,6.2799997,1006.6,5.0,4.17 11:18:30 29/01/20
320,99.9,6.385,1006.67,5.0,4.16 11:23:43 29/01/20
313,99.9,6.465,1006.79,5.0,4.14 11:28:56 29/01/20
315,99.9,6.415,1006.85,4.22,4.15 11:34:07 29/01/20
317,99.9,6.415,1007.0,4.79,4.13 11:39:28 29/01/20
366,99.9,6.42,1007.02,4.29,4.18 11:44:44 29/01/20
319,99.9,6.54,1007.02,5.0,4.14 11:49:57 29/01/20
313,99.9,6.485,1007.04,4.22,4.14 11:55:09 29/01/20
359,99.9,6.4750004,1007.07,4.24,4.18 12:00:22 29/01/20
316,99.9,6.49,1007.05,4.65,4.15 12:05:35 29/01/20
346,99.9,6.5699997,1006.95,4.27,4.17 12:10:48 29/01/20
338,99.9,6.575,1006.98,4.34,4.18 12:16:04 29/01/20
351,99.9,6.585,1006.95,4.37,4.19 12:21:18 29/01/20
298,99.9,6.5950003,1006.93,5.0,4.14 12:26:35 29/01/20
304,99.9,6.585,1006.91,5.0,4.15 12:31:46 29/01/20
323,99.9,6.59,1006.87,4.4,4.15 12:37:02 29/01/20
335,99.9,6.5950003,1006.85,5.0,4.14 12:42:15 29/01/20
277,99.9,6.66,1007.01,4.21,4.16 12:47:28 29/01/20
339,99.9,6.66,1006.98,4.25,4.17 12:52:40 29/01/20
326,99.9,6.615,1007.01,4.24,4.16 12:57:53 29/01/20
345,99.9,6.665,1007.05,4.23,4.17 13:03:06 29/01/20
348,99.9,6.67,1007.04,4.52,4.16 13:08:17 29/01/20
301,99.9,6.69,1007.0,4.28,4.13 13:13:32 29/01/20
334,99.9,6.765,1007.1,5.0,4.17 13:18:45 29/01/20
313,99.9,6.7749996,1007.21,4.44,4.16 13:23:56 29/01/20
290,99.9,6.785,1007.18,5.0,4.13 13:29:11 29/01/20
353,99.9,6.8500004,1007.48,5.0,4.13 13:34:24 29/01/20
341,99.9,6.79,1007.5,4.26,4.16 13:39:37 29/01/20
459,99.9,6.8,1007.51,5.0,4.22 13:44:50 29/01/20
420,99.9,6.9750004,1007.62,5.0,4.22 13:50:01 29/01/20
343,99.9,7.16,1007.64,5.0,4.18 13:55:16 29/01/20
421,99.9,7.285,1007.71,5.0,4.22 14:00:29 29/01/20
406,99.9,7.535,1007.8,5.0,4.23 14:05:40 29/01/20
440,99.9,7.74,1007.89,5.0,4.21 14:10:55 29/01/20
361,99.9,7.8650002,1007.91,4.29,4.17 14:16:09 29/01/20
362,99.9,7.875,1008.02,5.0,4.19 14:21:22 29/01/20
413,99.9,7.88,1008.09,5.0,4.12 14:26:34 29/01/20
429,99.9,8.030001,1008.13,5.0,4.21 14:31:47 29/01/20
432,99.9,8.21,1008.2,5.0,4.22 14:37:07 29/01/20
401,99.9,8.255,1008.23,5.0,4.21 14:42:22 29/01/20
357,99.9,8.355,1008.27,5.0,4.22 14:47:36 29/01/20
405,99.9,8.38,1008.32,5.0,4.22 14:52:54 29/01/20
306,99.9,8.365,1008.32,5.0,4.13 14:58:10 29/01/20
348,99.9,8.27,1008.4,5.0,4.19 15:03:23 29/01/20
372,99.9,8.175,1008.44,5.0,4.22 15:08:40 29/01/20
328,99.9,8.15,1008.5,4.26,4.17 15:14:02 29/01/20
311,99.9,8.065001,1008.54,5.0,4.15 15:19:20 29/01/20
261,99.9,7.9700003,1008.65,4.32,4.14 15:24:34 29/01/20
274,99.9,7.895,1008.74,4.22,4.14 15:29:46 29/01/20
222,99.9,7.7999997,1008.84,4.94,4.15 15:34:59 29/01/20
208,99.9,7.7,1008.92,4.57,4.15 15:40:12 29/01/20
209,99.9,7.61,1008.98,4.51,4.16 15:45:25 29/01/20
215,99.9,7.595,1008.98,5.0,4.13 15:50:42 29/01/20
231,99.9,7.57,1008.98,5.0,4.15 15:56:01 29/01/20
253,99.9,7.555,1009.0,5.0,4.16 16:01:13 29/01/20
256,99.9,7.54,1009.13,5.0,4.17 16:06:26 29/01/20
253,99.9,7.495,1009.22,5.0,4.16 16:11:39 29/01/20
246,99.9,7.55,1009.3,5.0,4.15 16:16:52 29/01/20
235,99.9,7.555,1009.25,4.34,4.15 16:22:05 29/01/20
216,99.9,7.55,1009.22,5.0,4.13 16:27:19 29/01/20
218,99.9,7.4849997,1009.1,5.0,4.14 16:32:35 29/01/20
199,99.9,7.4700003,1009.33,4.39,4.14 16:37:53 29/01/20
193,99.9,7.395,1009.5,5.0,4.14 16:43:06 29/01/20
183,99.9,7.365,1009.56,4.91,4.14 16:48:19 29/01/20
170,99.9,7.295,1009.48,5.0,4.14 16:53:32 29/01/20
156,99.9,7.215,1009.54,5.0,4.14 16:58:45 29/01/20
147,99.9,7.2,1009.65,5.0,4.13 17:03:58 29/01/20
129,99.9,7.175,1009.71,4.86,4.12 17:09:10 29/01/20
118,99.9,7.09,1009.79,4.87,4.12 17:14:24 29/01/20
99,99.9,7.0550003,1009.78,4.26,4.11 17:19:37 29/01/20
85,99.9,6.965,1009.81,4.22,4.1 17:24:50 29/01/20
67,99.9,6.875,1009.93,3.77,4.1 17:30:03 29/01/20
51,99.9,6.795,1009.99,3.11,4.09 17:35:16 29/01/20
36,99.9,6.765,1009.96,2.2,4.09 17:40:29 29/01/20
26,99.9,6.685,1010.1,1.33,4.09 17:45:42 29/01/20
19,99.9,6.66,1010.14,0.81,4.08 17:50:55 29/01/20
14,99.9,6.6,1010.19,0.37,4.08 17:56:08 29/01/20
11,99.9,6.575,1010.23,0.13,4.07 18:01:21 29/01/20
10,99.9,6.505,1010.41,0.04,4.07 18:06:34 29/01/20
8,99.9,6.485,1010.53,0.01,4.07 18:11:47 29/01/20
9,99.9,6.465,1010.48,0.0,4.06 18:17:01 29/01/20
9,99.9,6.41,1010.55,0.0,4.06 18:22:14 29/01/20
8,99.9,6.4,1010.6,0.0,4.06 18:27:27 29/01/20
5,99.9,6.4,1010.57,0.0,4.06 18:32:37 29/01/20
8,99.9,6.405,1010.63,0.0,4.06 18:37:52 29/01/20
8,99.9,6.45,1010.64,0.0,4.05 18:43:05 29/01/20
8,99.9,6.395,1010.73,0.0,4.05 18:48:18 29/01/20
8,99.9,6.395,1010.75,0.0,4.05 18:53:31 29/01/20
11,99.9,6.395,1010.8,0.0,4.05 18:58:48 29/01/20
4,99.9,6.3900003,1010.8,0.0,4.01 19:04:04 29/01/20
7,99.9,6.365,1010.9,0.0,4.04 19:09:18 29/01/20
7,99.9,6.29,1010.94,0.0,4.04 19:14:31 29/01/20
7,99.9,6.26,1010.88,0.0,4.04 19:19:44 29/01/20
7,99.9,6.1800003,1010.83,0.0,4.04 19:24:57 29/01/20
9,99.9,6.105,1010.91,0.0,4.04 19:30:13 29/01/20
7,99.9,6.075,1011.06,0.0,4.04 19:35:32 29/01/20
7,99.9,6.0,1011.16,0.0,4.03 19:40:44 29/01/20
7,99.9,5.9700003,1011.21,0.0,4.03 19:45:57 29/01/20
7,99.9,5.955,1011.36,0.0,4.03 19:51:10 29/01/20
6,99.9,5.87,1011.34,0.0,4.03 19:56:22 29/01/20
6,99.9,5.8,1011.28,0.0,4.03 20:01:38 29/01/20
7,99.9,5.8500004,1011.27,0.0,4.03 20:06:48 29/01/20
7,99.9,5.855,1011.27,0.0,4.03 20:12:02 29/01/20
8,99.9,5.87,1011.42,0.0,4.03 20:17:14 29/01/20
8,99.9,5.8900003,1011.32,0.0,4.02 20:22:27 29/01/20
7,99.9,5.965,1011.39,0.0,4.02 20:27:40 29/01/20
7,99.9,5.9750004,1011.42,0.0,4.02 20:32:53 29/01/20
6,99.9,5.99,1011.42,0.0,4.02 20:38:05 29/01/20
7,99.9,6.005,1011.43,0.0,4.02 20:43:18 29/01/20
7,99.9,6.065,1011.4,0.0,4.02 20:48:31 29/01/20
7,99.9,6.075,1011.43,0.0,4.02 20:53:45 29/01/20
7,99.9,6.145,1011.32,0.0,4.02 20:58:58 29/01/20
4,99.9,6.1549997,1011.4,0.0,4.02 21:04:08 29/01/20
11,99.9,6.185,1011.37,0.0,4.01 21:09:27 29/01/20
8,99.9,6.265,1011.27,0.0,4.01 21:14:45 29/01/20
8,99.9,6.295,1011.22,0.0,4.02 21:19:58 29/01/20
5,99.9,6.37,1011.2,0.0,4.01 21:25:08 29/01/20
7,99.9,6.45,1011.18,0.0,4.01 21:30:23 29/01/20
7,99.9,6.48,1011.22,0.0,4.01 21:35:36 29/01/20
7,99.9,6.55,1011.28,0.0,4.01 21:40:49 29/01/20
5,99.9,6.575,1011.26,0.0,4.01 21:46:00 29/01/20
10,99.9,6.59,1011.31,0.0,4.01 21:51:18 29/01/20
7,99.9,6.665,1011.32,0.0,4.01 21:56:37 29/01/20
7,99.9,6.74,1011.32,0.0,4.01 22:01:50 29/01/20
4,99.9,6.76,1011.19,0.0,4.01 22:07:00 29/01/20
7,99.9,6.77,1011.29,0.0,4.01 22:12:15 29/01/20
7,99.9,6.835,1011.21,0.0,4.01 22:17:31 29/01/20
6,99.9,6.86,1011.25,0.0,4.01 22:22:49 29/01/20
6,99.9,6.87,1011.32,0.0,4.0 22:28:02 29/01/20
3,99.9,6.8900003,1011.36,0.0,4.01 22:33:13 29/01/20
6,99.9,6.955,1011.37,0.0,4.0 22:38:29 29/01/20
6,99.9,6.965,1011.36,0.0,4.0 22:43:41 29/01/20
3,99.9,6.9750004,1011.4,0.0,4.0 22:48:52 29/01/20
6,99.9,6.99,1011.46,0.0,4.0 22:54:07 29/01/20
3,99.9,7.01,1011.38,0.0,4.0 22:59:18 29/01/20
6,99.9,7.09,1011.4,0.0,4.0 23:04:33 29/01/20
6,99.9,7.175,1011.44,0.0,4.0 23:09:46 29/01/20
3,99.9,7.19,1011.36,0.0,4.0 23:14:57 29/01/20
6,99.9,7.1949997,1011.39,0.0,4.0 23:20:12 29/01/20
6,99.9,7.2,1011.38,0.0,4.0 23:25:25 29/01/20
6,99.9,7.1949997,1011.43,0.0,4.0 23:30:41 29/01/20
6,99.9,7.255,1011.46,0.0,4.0 23:35:51 29/01/20
5,99.9,7.27,1011.34,0.0,4.0 23:41:03 29/01/20
6,99.9,7.2749996,1011.27,0.0,3.99 23:46:17 29/01/20
4,99.9,7.2799997,1011.35,0.0,4.0 23:51:29 29/01/20
5,99.9,7.265,1011.36,0.0,3.99 23:56:44 29/01/20
