108,85.80,6.58,1020.09,0.04,3.97 00:08:29 20/02/19
109,84.00,7.03,1020.08,0.05,3.95 00:19:12 20/02/19
110,86.10,6.42,1020.18,0.06,3.96 00:29:43 20/02/19
111,84.00,6.66,1020.21,0.05,3.95 00:40:12 20/02/19
107,85.60,5.97,1020.19,0.05,3.96 00:50:50 20/02/19
111,88.20,5.60,1020.19,0.05,3.96 01:01:26 20/02/19
115,88.60,5.34,1020.23,0.06,3.96 01:12:14 20/02/19
112,85.00,5.94,1020.25,0.06,3.94 01:22:54 20/02/19
112,88.50,5.35,1020.35,0.06,3.96 01:33:31 20/02/19
107,85.00,5.99,1020.20,0.03,3.93 01:44:05 20/02/19
107,90.20,5.61,1020.34,0.03,3.96 01:54:37 20/02/19
107,85.40,6.28,1020.24,0.03,3.93 02:05:14 20/02/19
103,88.30,5.92,1020.16,0.02,3.95 02:15:50 20/02/19
103,89.10,5.78,1020.10,0.03,3.95 02:26:27 20/02/19
112,90.00,5.70,1019.95,0.04,3.95 02:37:25 20/02/19
109,90.60,5.70,1019.91,0.04,3.95 02:48:05 20/02/19
110,91.30,5.70,1019.82,0.04,3.95 02:58:44 20/02/19
103,90.40,5.78,1019.79,0.03,3.96 03:09:14 20/02/19
105,91.10,5.77,1019.67,0.06,3.96 03:19:51 20/02/19
109,91.30,5.70,1019.57,0.05,3.95 03:30:33 20/02/19
102,90.50,5.68,1019.68,0.03,3.96 03:41:06 20/02/19
105,90.40,5.57,1019.72,0.01,3.96 03:51:51 20/02/19
96,91.20,5.42,1019.78,0.01,3.96 04:02:20 20/02/19
100,91.70,5.30,1019.74,0.01,3.96 04:12:50 20/02/19
107,91.50,5.30,1019.79,0.03,3.95 04:23:28 20/02/19
102,91.40,5.31,1019.79,0.01,3.95 04:34:08 20/02/19
95,91.40,5.38,1019.87,0.01,3.96 04:44:41 20/02/19
97,91.10,5.40,1019.97,0.00,3.96 04:55:11 20/02/19
100,91.60,5.47,1019.95,0.02,3.96 05:05:41 20/02/19
100,91.90,5.50,1019.94,0.02,3.96 05:16:18 20/02/19
94,91.70,5.47,1019.90,0.01,3.96 05:26:47 20/02/19
99,93.20,5.38,1020.11,0.01,3.96 05:37:25 20/02/19
98,91.80,5.28,1020.01,0.01,3.96 05:48:03 20/02/19
100,92.20,5.13,1020.10,0.01,3.96 05:58:39 20/02/19
97,92.70,4.95,1020.02,0.01,3.96 06:09:06 20/02/19
103,91.90,4.81,1019.98,0.01,3.95 06:19:46 20/02/19
120,91.80,4.61,1020.00,0.07,3.95 06:30:34 20/02/19
147,93.20,4.50,1020.15,0.45,3.96 06:41:06 20/02/19
219,90.10,5.13,1020.14,1.67,3.92 06:51:40 20/02/19
343,92.50,4.57,1020.28,3.75,3.93 07:02:51 20/02/19
437,92.70,4.41,1020.32,4.00,3.94 07:13:34 20/02/19
542,93.80,4.38,1020.50,4.27,3.94 07:24:23 20/02/19
591,92.40,4.39,1020.60,5.00,3.94 07:35:09 20/02/19
631,93.20,4.40,1020.72,4.00,3.95 07:45:50 20/02/19
709,94.00,4.60,1020.80,4.84,3.98 07:56:20 20/02/19
707,92.60,4.88,1020.80,4.18,3.98 08:06:58 20/02/19
747,93.20,5.11,1020.89,4.11,3.99 08:17:42 20/02/19
785,90.60,6.22,1020.97,5.00,4.00 08:28:14 20/02/19
817,92.40,6.19,1021.00,4.17,4.06 08:39:07 20/02/19
785,92.40,6.68,1021.16,4.91,4.03 08:49:45 20/02/19
789,93.40,6.95,1021.23,5.00,4.05 09:00:26 20/02/19
787,93.40,6.95,1021.21,5.00,4.04 09:00:38 20/02/19
786,91.50,7.89,1021.52,5.00,4.03 09:11:11 20/02/19
800,92.60,7.59,1021.60,4.70,4.07 09:21:50 20/02/19
796,90.90,8.28,1021.71,4.17,4.05 09:32:27 20/02/19
790,93.10,8.00,1021.76,5.00,4.08 09:43:18 20/02/19
789,93.30,8.01,1021.75,4.34,4.08 09:43:25 20/02/19
785,92.90,7.96,1021.77,4.20,4.10 09:53:60 20/02/19
800,91.40,8.77,1021.87,4.23,4.10 10:04:39 20/02/19
813,92.10,8.46,1021.90,4.30,4.20 10:15:25 20/02/19
815,92.90,8.60,1021.86,5.00,4.10 10:25:61 20/02/19
821,92.90,8.76,1021.90,4.24,4.14 10:36:39 20/02/19
819,93.30,9.07,1021.90,5.00,4.09 10:47:26 20/02/19
813,92.70,9.33,1021.99,4.23,4.14 10:58:08 20/02/19
812,92.60,9.47,1022.00,5.00,4.10 11:08:49 20/02/19
802,92.40,9.61,1022.05,4.21,4.14 11:19:21 20/02/19
809,92.30,9.65,1022.06,5.00,4.10 11:30:08 20/02/19
799,92.40,9.66,1022.02,4.24,4.14 11:40:52 20/02/19
796,89.70,10.62,1021.98,5.00,4.09 11:51:24 20/02/19
814,91.40,10.22,1022.02,5.00,4.09 12:01:54 20/02/19
813,91.60,10.22,1022.01,4.26,4.16 12:02:12 20/02/19
808,91.60,10.25,1021.89,5.00,4.11 12:12:51 20/02/19
828,91.20,10.40,1021.95,5.00,4.09 12:23:28 20/02/19
866,91.50,10.59,1021.84,5.00,4.21 12:33:58 20/02/19
815,90.50,11.01,1021.80,5.00,4.11 12:44:37 20/02/19
833,90.10,10.98,1021.90,5.00,4.10 12:55:13 20/02/19
849,91.10,11.06,1021.87,5.00,4.21 13:06:02 20/02/19
859,90.70,11.51,1021.82,5.00,4.11 13:16:38 20/02/19
862,90.80,11.93,1021.83,5.00,4.10 13:27:12 20/02/19
858,90.20,12.17,1021.84,5.00,4.09 13:37:43 20/02/19
851,87.70,12.02,1021.76,5.00,4.09 13:48:15 20/02/19
855,87.80,12.09,1021.71,5.00,4.21 13:58:46 20/02/19
851,87.40,12.32,1021.69,5.00,4.12 14:09:23 20/02/19
850,88.60,12.43,1021.56,5.00,4.10 14:20:07 20/02/19
844,85.20,12.53,1021.51,5.00,4.09 14:30:43 20/02/19
841,83.20,12.51,1021.61,5.00,4.21 14:41:14 20/02/19
845,84.70,12.53,1021.59,5.00,4.12 14:51:45 20/02/19
825,81.90,12.47,1021.74,5.00,4.10 15:02:35 20/02/19
809,81.60,12.44,1021.75,5.00,4.10 15:13:11 20/02/19
803,81.40,12.33,1021.71,5.00,4.09 15:23:51 20/02/19
800,82.30,12.24,1021.68,4.23,4.14 15:34:31 20/02/19
788,82.60,12.32,1021.57,5.00,4.12 15:45:09 20/02/19
785,76.30,12.25,1021.56,5.00,4.10 15:55:53 20/02/19
763,76.70,12.06,1021.50,5.00,4.10 16:06:28 20/02/19
743,77.40,12.01,1021.67,5.00,4.09 16:17:07 20/02/19
728,76.40,11.93,1021.70,4.30,4.12 16:27:46 20/02/19
704,76.10,11.78,1021.70,5.00,4.11 16:38:17 20/02/19
659,76.60,11.65,1021.61,5.00,4.10 16:48:57 20/02/19
631,78.60,11.48,1021.70,5.00,4.10 16:59:35 20/02/19
593,80.00,11.27,1021.77,5.00,4.10 17:10:06 20/02/19
533,79.40,11.00,1021.88,4.60,4.10 17:20:44 20/02/19
446,78.50,10.62,1022.02,4.17,4.08 17:31:27 20/02/19
307,75.50,10.92,1022.07,3.68,4.03 17:41:58 20/02/19
197,77.50,10.06,1022.19,1.47,4.04 17:52:32 20/02/19
139,75.60,10.13,1022.17,0.26,4.01 18:03:08 20/02/19
116,77.70,9.32,1022.11,0.02,4.02 18:13:44 20/02/19
108,78.10,8.78,1022.31,0.00,4.01 18:24:24 20/02/19
101,78.50,8.41,1022.37,0.00,4.02 18:34:57 20/02/19
100,79.10,8.12,1022.51,0.00,4.02 18:45:35 20/02/19
99,79.90,7.90,1022.48,0.00,4.01 18:56:13 20/02/19
98,80.60,7.73,1022.62,0.00,4.02 19:06:42 20/02/19
94,80.80,7.63,1022.83,0.00,4.02 19:17:11 20/02/19
104,81.60,7.60,1022.81,0.00,4.01 19:27:51 20/02/19
106,82.00,7.57,1022.75,0.00,4.00 19:38:49 20/02/19
92,80.20,8.39,1022.79,0.00,3.98 19:49:21 20/02/19
104,82.10,8.02,1022.94,0.00,3.99 19:59:53 20/02/19
106,82.60,7.88,1023.02,0.00,3.99 20:10:31 20/02/19
112,83.70,7.70,1023.00,0.00,3.99 20:21:21 20/02/19
110,83.60,7.59,1023.14,0.00,3.99 20:31:60 20/02/19
112,84.40,7.40,1023.23,0.00,3.99 20:42:46 20/02/19
109,81.00,8.00,1023.21,0.00,3.97 20:53:19 20/02/19
109,83.30,7.41,1023.16,0.00,3.98 21:03:49 20/02/19
111,85.10,7.26,1023.25,0.00,3.98 21:14:27 20/02/19
114,86.30,7.35,1023.31,0.00,3.98 21:24:58 20/02/19
108,86.70,7.57,1023.26,0.00,3.98 21:35:35 20/02/19
110,87.80,7.78,1023.28,0.00,3.98 21:46:12 20/02/19
114,83.60,8.73,1023.22,0.00,3.96 21:56:47 20/02/19
110,85.60,8.40,1023.12,0.00,3.97 22:07:20 20/02/19
118,86.40,8.27,1023.10,0.00,3.97 22:17:60 20/02/19
114,84.00,9.08,1023.21,0.00,3.96 22:28:37 20/02/19
107,86.50,8.61,1023.15,0.00,3.97 22:39:15 20/02/19
112,88.00,8.27,1023.12,0.00,3.97 22:49:53 20/02/19
103,87.10,8.07,1023.09,0.00,3.97 23:00:21 20/02/19
116,87.60,7.79,1023.21,0.02,3.97 23:11:05 20/02/19
111,89.20,7.53,1023.09,0.02,3.97 23:21:39 20/02/19
108,87.20,8.04,1023.00,0.02,3.96 23:32:07 20/02/19
109,87.10,7.43,1023.25,0.03,3.96 23:42:39 20/02/19
109,89.40,7.09,1023.40,0.03,3.97 23:53:16 20/02/19
