0,66.1,9.605,1022.21,0.0,4.12 00:03:03 02/04/21
0,66.8,9.49,1022.26,0.0,4.12 00:08:16 02/04/21
0,67.6,9.38,1022.34,0.0,4.12 00:13:34 02/04/21
0,67.5,9.29,1022.37,0.0,4.12 00:18:46 02/04/21
0,67.9,9.190001,1022.41,0.0,4.12 00:23:58 02/04/21
0,68.1,9.094999,1022.44,0.0,4.12 00:29:14 02/04/21
0,68.0,9.055,1022.53,0.0,4.12 00:34:25 02/04/21
0,67.2,8.96,1022.48,0.0,4.12 00:39:36 02/04/21
0,67.9,8.865,1022.54,0.0,4.11 00:44:52 02/04/21
0,67.6,8.755,1022.47,0.0,4.12 00:50:05 02/04/21
0,67.6,8.67,1022.49,0.0,4.12 00:55:19 02/04/21
0,68.2,8.575,1022.5,0.0,4.11 01:00:31 02/04/21
0,67.9,8.48,1022.5,0.0,4.11 01:05:45 02/04/21
0,68.3,8.38,1022.57,0.0,4.11 01:10:56 02/04/21
0,68.6,8.28,1022.56,0.0,4.11 01:16:11 02/04/21
0,68.4,8.18,1022.59,0.0,4.11 01:21:25 02/04/21
0,68.2,8.085,1022.62,0.0,4.11 01:26:41 02/04/21
0,69.1,7.9900002,1022.62,0.0,4.11 01:31:59 02/04/21
1,68.6,7.895,1022.6,0.0,4.11 01:37:13 02/04/21
3,68.3,7.86,1022.67,0.0,4.11 01:42:23 02/04/21
6,68.6,7.76,1022.61,0.0,4.11 01:47:38 02/04/21
6,70.1,7.62,1022.64,0.0,4.11 01:52:52 02/04/21
7,69.2,7.5649996,1022.58,0.0,4.11 01:58:08 02/04/21
7,69.6,7.485,1022.62,0.0,4.11 02:03:26 02/04/21
6,69.9,7.4,1022.66,0.0,4.11 02:08:37 02/04/21
7,70.0,7.36,1022.71,0.0,4.11 02:13:50 02/04/21
9,69.7,7.265,1022.64,0.0,4.11 02:19:05 02/04/21
9,70.9,7.185,1022.63,0.0,4.11 02:24:17 02/04/21
9,70.5,7.0950003,1022.67,0.0,4.11 02:29:31 02/04/21
10,70.8,7.005,1022.59,0.0,4.11 02:34:52 02/04/21
8,71.2,6.99,1022.57,0.0,4.11 02:40:07 02/04/21
7,70.0,6.96,1022.6,0.0,4.11 02:45:18 02/04/21
7,70.4,6.875,1022.63,0.0,4.11 02:50:31 02/04/21
8,71.7,6.785,1022.61,0.0,4.11 02:55:46 02/04/21
7,71.3,6.69,1022.53,0.0,4.11 03:00:59 02/04/21
6,70.6,6.6000004,1022.54,0.0,4.11 03:06:12 02/04/21
5,72.2,6.51,1022.49,0.0,4.11 03:11:23 02/04/21
5,70.6,6.46,1022.44,0.0,4.11 03:16:35 02/04/21
4,72.1,6.37,1022.44,0.0,4.11 03:21:48 02/04/21
5,72.0,6.2799997,1022.41,0.0,4.11 03:27:03 02/04/21
4,71.3,6.1949997,1022.48,0.0,4.1 03:32:16 02/04/21
4,72.0,6.11,1022.47,0.0,4.11 03:37:27 02/04/21
4,72.5,6.08,1022.56,0.0,4.1 03:42:45 02/04/21
3,71.8,6.0550003,1022.59,0.0,4.1 03:48:03 02/04/21
3,72.0,5.9700003,1022.59,0.0,4.11 03:53:14 02/04/21
2,72.5,5.895,1022.57,0.0,4.11 03:58:27 02/04/21
3,72.0,5.865,1022.56,0.0,4.1 04:03:42 02/04/21
2,71.4,5.785,1022.67,0.0,4.11 04:08:54 02/04/21
2,71.5,5.69,1022.68,0.0,4.1 04:14:06 02/04/21
2,71.1,5.6549997,1022.58,0.0,4.11 04:19:18 02/04/21
2,72.5,5.56,1022.51,0.0,4.11 04:24:31 02/04/21
2,72.7,5.4750004,1022.57,0.0,4.1 04:29:51 02/04/21
1,72.2,5.445,1022.56,0.0,4.1 04:35:05 02/04/21
2,71.8,5.3599997,1022.57,0.0,4.1 04:40:24 02/04/21
1,72.3,5.29,1022.65,0.0,4.1 04:45:40 02/04/21
1,75.2,5.205,1022.65,0.0,4.1 04:50:54 02/04/21
1,72.7,5.175,1022.64,0.0,4.1 04:56:08 02/04/21
1,74.7,5.15,1022.62,0.0,4.1 05:01:18 02/04/21
2,74.8,5.08,1022.61,0.0,4.1 05:06:37 02/04/21
1,73.6,5.0550003,1022.53,0.0,4.1 05:11:52 02/04/21
1,73.9,4.965,1022.49,0.0,4.1 05:17:07 02/04/21
1,75.1,4.89,1022.49,0.0,4.1 05:22:21 02/04/21
1,74.1,4.88,1022.58,0.0,4.1 05:27:32 02/04/21
1,73.9,4.865,1022.51,0.0,4.1 05:32:46 02/04/21
1,74.7,4.795,1022.67,0.0,4.1 05:37:58 02/04/21
1,73.8,4.76,1022.59,0.0,4.1 05:43:14 02/04/21
1,74.0,4.7349997,1022.61,0.0,4.1 05:48:32 02/04/21
0,75.1,4.61,1022.63,0.0,4.1 05:53:44 02/04/21
1,74.5,4.5699997,1022.66,0.0,4.1 05:58:57 02/04/21
1,74.3,4.495,1022.7,0.0,4.1 06:04:09 02/04/21
0,74.3,4.465,1022.69,0.0,4.1 06:09:21 02/04/21
1,76.0,4.445,1022.71,0.0,4.1 06:14:35 02/04/21
0,75.4,4.385,1022.81,0.0,4.1 06:19:48 02/04/21
1,75.5,4.35,1022.76,0.02,4.1 06:25:02 02/04/21
1,74.3,4.285,1022.77,0.04,4.1 06:30:14 02/04/21
1,75.9,4.2749996,1022.74,0.11,4.1 06:35:25 02/04/21
1,75.9,4.265,1022.79,0.27,4.1 06:40:40 02/04/21
2,76.2,4.265,1022.86,0.65,4.09 06:45:56 02/04/21
3,76.1,4.27,1022.9,1.3,4.1 06:51:13 02/04/21
0,76.8,4.27,1022.89,2.08,4.1 06:56:24 02/04/21
6,76.8,4.265,1022.9,2.92,4.09 07:01:42 02/04/21
7,77.7,4.26,1022.86,3.64,4.1 07:06:59 02/04/21
10,78.4,4.25,1022.91,4.18,4.1 07:12:12 02/04/21
13,77.9,4.19,1022.84,4.17,4.1 07:17:25 02/04/21
13,76.4,4.185,1022.91,4.47,4.1 07:22:37 02/04/21
13,77.5,4.1800003,1022.92,4.7,4.1 07:27:48 02/04/21
21,77.7,4.175,1022.99,5.0,4.1 07:33:07 02/04/21
25,77.9,4.2349997,1023.03,5.0,4.1 07:38:29 02/04/21
24,77.8,4.24,1023.04,4.32,4.09 07:43:45 02/04/21
27,76.5,4.1949997,1023.12,4.78,4.1 07:49:00 02/04/21
31,76.2,4.25,1023.16,4.27,4.1 07:54:14 02/04/21
36,76.7,4.265,1023.24,5.0,4.1 07:59:34 02/04/21
35,77.5,4.345,1023.3,4.17,4.11 08:04:43 02/04/21
37,79.2,4.39,1023.37,4.97,4.1 08:09:58 02/04/21
31,78.4,4.5299997,1023.28,5.0,4.11 08:15:08 02/04/21
39,79.3,4.575,1023.34,4.3,4.1 08:20:23 02/04/21
37,81.9,4.67,1023.4,4.51,4.1 08:25:33 02/04/21
41,81.3,4.77,1023.43,5.0,4.1 08:30:48 02/04/21
49,82.4,4.9350004,1023.42,5.0,4.11 08:36:01 02/04/21
48,84.1,5.0699997,1023.46,5.0,4.11 08:41:13 02/04/21
63,85.1,5.27,1023.48,5.0,4.12 08:46:26 02/04/21
52,83.8,5.445,1023.45,4.17,4.12 08:51:40 02/04/21
47,84.8,5.5699997,1023.53,5.0,4.11 08:56:50 02/04/21
47,83.1,5.675,1023.5,4.18,4.12 09:02:03 02/04/21
58,84.7,5.77,1023.63,5.0,4.12 09:07:21 02/04/21
59,84.2,5.875,1023.61,4.24,4.12 09:12:39 02/04/21
62,84.2,5.96,1023.65,5.0,4.12 09:17:55 02/04/21
58,83.0,6.05,1023.67,5.0,4.12 09:23:13 02/04/21
63,84.2,6.1400003,1023.64,4.17,4.13 09:28:27 02/04/21
67,82.8,6.1800003,1023.72,4.24,4.13 09:33:40 02/04/21
69,84.4,6.2749996,1023.74,5.0,4.13 09:38:56 02/04/21
48,83.9,6.365,1023.76,4.17,4.13 09:44:13 02/04/21
48,85.8,6.455,1023.78,4.17,4.14 09:49:31 02/04/21
45,83.7,6.545,1023.85,4.18,4.14 09:54:48 02/04/21
43,83.3,6.5699997,1023.82,4.38,4.13 10:00:01 02/04/21
41,82.2,6.5950003,1023.79,4.61,4.14 10:05:14 02/04/21
51,82.3,6.6800003,1023.9,4.26,4.15 10:10:26 02/04/21
50,83.2,6.77,1023.9,5.0,4.15 10:15:40 02/04/21
51,85.0,6.9300003,1023.93,5.0,4.16 10:20:53 02/04/21
52,83.3,7.0550003,1023.99,4.49,4.17 10:26:06 02/04/21
54,85.8,7.23,1024.07,4.73,4.17 10:31:19 02/04/21
56,85.2,7.36,1024.06,5.0,4.19 10:36:31 02/04/21
68,86.5,7.625,1024.13,5.0,4.21 10:41:43 02/04/21
58,85.0,8.03,1024.06,4.73,4.21 10:46:58 02/04/21
67,84.6,8.55,1024.15,5.0,4.22 10:52:09 02/04/21
57,86.0,9.12,1024.1,5.0,4.21 10:57:23 02/04/21
67,85.5,9.594999,1024.06,5.0,4.17 11:02:37 02/04/21
53,82.5,9.915,1024.1,5.0,4.16 11:07:49 02/04/21
47,82.1,10.18,1024.1,5.0,4.16 11:13:02 02/04/21
61,80.4,10.28,1024.01,5.0,4.16 11:18:21 02/04/21
50,80.3,10.309999,1024.02,5.0,4.16 11:23:39 02/04/21
51,79.3,10.235001,1023.98,5.0,4.16 11:28:53 02/04/21
53,79.5,10.23,1024.02,5.0,4.16 11:34:05 02/04/21
50,79.1,10.245001,1023.96,5.0,4.16 11:39:20 02/04/21
40,78.6,10.309999,1023.98,5.0,4.16 11:44:33 02/04/21
38,77.9,10.23,1023.93,5.0,4.16 11:49:47 02/04/21
43,77.4,9.995,1023.84,5.0,4.16 11:55:00 02/04/21
47,77.7,9.885,1023.87,5.0,4.16 12:00:17 02/04/21
51,77.8,9.860001,1023.71,5.0,4.16 12:05:34 02/04/21
47,77.7,9.93,1023.73,5.0,4.15 12:10:49 02/04/21
64,77.3,10.0,1023.7,5.0,4.15 12:16:02 02/04/21
60,77.9,10.175,1023.69,5.0,4.15 12:21:16 02/04/21
53,78.7,10.315001,1023.81,5.0,4.15 12:26:30 02/04/21
47,77.6,10.469999,1023.82,5.0,4.15 12:31:46 02/04/21
62,78.1,10.585,1023.85,5.0,4.15 12:37:05 02/04/21
61,77.6,10.71,1023.8,5.0,4.15 12:42:19 02/04/21
46,76.7,10.88,1023.82,5.0,4.15 12:47:34 02/04/21
52,76.1,10.835,1023.82,5.0,4.15 12:52:49 02/04/21
51,76.1,10.82,1023.91,5.0,4.15 12:58:08 02/04/21
52,74.9,10.74,1023.89,5.0,4.15 13:03:20 02/04/21
54,75.8,10.725,1023.91,5.0,4.15 13:08:32 02/04/21
51,76.3,10.75,1023.85,5.0,4.15 13:13:50 02/04/21
78,76.0,10.9,1023.83,5.0,4.15 13:19:01 02/04/21
72,76.3,11.26,1023.81,5.0,4.15 13:24:15 02/04/21
70,74.9,11.695,1023.72,5.0,4.15 13:29:27 02/04/21
74,75.9,12.08,1023.73,5.0,4.15 13:34:43 02/04/21
48,74.6,12.4,1023.66,5.0,4.15 13:39:56 02/04/21
75,74.8,12.530001,1023.67,5.0,4.15 13:45:09 02/04/21
68,73.5,12.73,1023.72,5.0,4.15 13:50:21 02/04/21
67,74.2,13.07,1023.76,5.0,4.15 13:55:36 02/04/21
49,74.0,13.434999,1023.59,5.0,4.15 14:00:49 02/04/21
73,71.5,13.68,1023.58,5.0,4.15 14:06:05 02/04/21
71,72.0,13.795,1023.5,5.0,4.15 14:11:18 02/04/21
46,71.5,14.055,1023.58,5.0,4.15 14:16:32 02/04/21
72,69.3,14.030001,1023.6,5.0,4.15 14:21:55 02/04/21
71,67.0,14.115,1023.45,5.0,4.15 14:27:10 02/04/21
43,69.7,14.145,1023.36,5.0,4.15 14:32:22 02/04/21
72,69.9,14.16,1023.29,5.0,4.15 14:37:36 02/04/21
49,69.5,14.32,1023.25,5.0,4.15 14:42:50 02/04/21
63,67.8,13.955,1023.25,5.0,4.14 14:48:04 02/04/21
50,67.1,13.889999,1023.29,5.0,4.14 14:53:20 02/04/21
67,67.7,13.63,1023.21,5.0,4.15 14:58:33 02/04/21
55,70.2,13.735001,1023.32,5.0,4.15 15:03:47 02/04/21
70,69.2,13.775,1023.19,5.0,4.14 15:09:01 02/04/21
75,67.8,13.785,1023.37,5.0,4.14 15:14:15 02/04/21
55,68.8,13.875,1023.33,5.0,4.14 15:19:29 02/04/21
68,68.6,13.885,1023.31,5.0,4.14 15:24:43 02/04/21
66,68.6,13.945,1023.21,5.0,4.14 15:30:01 02/04/21
56,63.8,13.71,1023.21,5.0,4.14 15:35:20 02/04/21
48,67.0,13.555,1023.31,5.0,4.14 15:40:34 02/04/21
52,66.8,13.405001,1023.35,5.0,4.14 15:45:47 02/04/21
50,66.3,13.17,1023.27,5.0,4.14 15:51:10 02/04/21
55,65.2,12.98,1023.22,5.0,4.14 15:56:23 02/04/21
51,67.3,12.875,1023.29,5.0,4.14 16:01:38 02/04/21
65,68.1,12.92,1023.24,5.0,4.14 16:06:55 02/04/21
50,66.0,12.945,1023.29,5.0,4.14 16:12:11 02/04/21
45,66.4,12.88,1023.34,5.0,4.14 16:17:27 02/04/21
48,66.4,12.775,1023.28,5.0,4.14 16:22:41 02/04/21
52,67.2,12.725,1023.34,5.0,4.14 16:27:54 02/04/21
43,66.5,12.565,1023.39,5.0,4.14 16:33:08 02/04/21
44,66.4,12.38,1023.32,5.0,4.14 16:38:23 02/04/21
48,67.1,12.275,1023.35,5.0,4.14 16:43:36 02/04/21
48,67.0,12.17,1023.35,5.0,4.14 16:48:50 02/04/21
50,67.9,12.08,1023.29,5.0,4.14 16:54:03 02/04/21
43,67.9,12.145,1023.3,5.0,4.14 16:59:15 02/04/21
42,67.4,12.09,1023.31,5.0,4.14 17:04:31 02/04/21
44,67.5,12.049999,1023.33,5.0,4.14 17:09:44 02/04/21
40,66.7,11.88,1023.33,5.0,4.14 17:14:57 02/04/21
61,67.6,11.77,1023.36,5.0,4.14 17:20:12 02/04/21
41,67.1,11.705,1023.31,5.0,4.14 17:25:25 02/04/21
38,67.4,11.68,1023.27,5.0,4.14 17:30:40 02/04/21
40,67.2,11.65,1023.22,5.0,4.14 17:35:51 02/04/21
37,68.0,11.585,1023.23,5.0,4.13 17:41:06 02/04/21
37,67.1,11.49,1023.15,5.0,4.14 17:46:20 02/04/21
35,67.9,11.465,1023.17,5.0,4.13 17:51:36 02/04/21
36,68.6,11.385,1023.1,5.0,4.14 17:56:47 02/04/21
37,67.8,11.3,1023.04,5.0,4.13 18:01:59 02/04/21
33,68.9,11.195,1023.06,5.0,4.13 18:07:12 02/04/21
34,68.2,11.059999,1023.14,5.0,4.13 18:12:32 02/04/21
28,68.9,11.049999,1023.16,5.0,4.13 18:17:48 02/04/21
25,68.7,10.975,1023.29,5.0,4.13 18:23:02 02/04/21
26,68.9,10.81,1023.29,5.0,4.13 18:28:17 02/04/21
26,69.2,10.719999,1023.31,5.0,4.14 18:33:31 02/04/21
24,69.2,10.675,1023.31,5.0,4.13 18:38:45 02/04/21
22,69.5,10.57,1023.28,5.0,4.13 18:43:58 02/04/21
20,69.6,10.49,1023.33,5.0,4.13 18:49:11 02/04/21
20,70.1,10.38,1023.4,5.0,4.13 18:54:24 02/04/21
17,70.3,10.219999,1023.43,5.0,4.13 18:59:38 02/04/21
13,70.2,10.12,1023.56,5.0,4.13 19:04:51 02/04/21
11,69.9,10.075,1023.69,4.91,4.13 19:10:05 02/04/21
13,70.6,9.975,1023.73,4.75,4.13 19:15:18 02/04/21
10,70.6,9.88,1023.78,4.67,4.13 19:20:35 02/04/21
10,70.6,9.725,1023.74,4.56,4.13 19:25:54 02/04/21
9,70.9,9.605,1023.79,4.38,4.13 19:31:07 02/04/21
9,71.0,9.505,1023.85,4.45,4.13 19:36:20 02/04/21
8,70.8,9.41,1023.76,4.3,4.13 19:41:37 02/04/21
6,70.5,9.375,1023.87,4.19,4.13 19:46:54 02/04/21
5,70.8,9.305,1023.87,3.84,4.13 19:52:09 02/04/21
4,71.3,9.2,1023.91,3.5,4.13 19:57:21 02/04/21
5,71.0,9.195,1023.89,3.68,4.13 20:02:35 02/04/21
4,71.0,9.175,1023.88,3.6,4.13 20:07:47 02/04/21
3,70.8,9.075,1023.79,3.13,4.13 20:13:07 02/04/21
1,70.4,9.01,1023.8,2.61,4.13 20:18:22 02/04/21
0,70.7,8.97,1023.88,1.94,4.13 20:23:37 02/04/21
0,70.7,8.96,1023.84,1.22,4.13 20:28:50 02/04/21
0,71.0,8.950001,1023.92,0.69,4.12 20:34:03 02/04/21
0,70.9,8.885,1023.83,0.41,4.13 20:39:17 02/04/21
0,70.6,8.865,1023.77,0.16,4.12 20:44:29 02/04/21
0,71.1,8.79,1023.87,0.05,4.13 20:49:41 02/04/21
0,71.1,8.77,1023.87,0.01,4.12 20:54:57 02/04/21
0,71.1,8.76,1023.85,0.0,4.12 21:00:08 02/04/21
0,71.1,8.7,1023.9,0.0,4.12 21:05:24 02/04/21
0,71.3,8.755,1023.92,0.0,4.12 21:10:36 02/04/21
0,71.3,8.695,1024.01,0.0,4.12 21:15:50 02/04/21
0,71.5,8.684999,1024.1,0.0,4.12 21:21:01 02/04/21
0,71.5,8.684999,1024.18,0.0,4.12 21:26:16 02/04/21
0,71.6,8.68,1024.18,0.0,4.12 21:31:29 02/04/21
0,72.1,8.675,1024.17,0.0,4.12 21:36:41 02/04/21
0,72.1,8.67,1024.23,0.0,4.12 21:42:00 02/04/21
0,71.8,8.665,1024.2,0.0,4.12 21:47:17 02/04/21
0,72.3,8.665,1024.29,0.0,4.12 21:52:32 02/04/21
0,72.5,8.6050005,1024.31,0.0,4.12 21:57:46 02/04/21
0,72.8,8.59,1024.17,0.0,4.12 22:02:58 02/04/21
0,73.1,8.59,1024.17,0.0,4.12 22:08:14 02/04/21
0,72.9,8.58,1024.24,0.0,4.12 22:13:33 02/04/21
0,73.4,8.51,1024.24,0.0,4.12 22:18:46 02/04/21
0,73.0,8.555,1024.14,0.0,4.12 22:23:58 02/04/21
0,73.2,8.49,1024.17,0.0,4.12 22:29:10 02/04/21
0,74.4,8.48,1024.29,0.0,4.12 22:34:24 02/04/21
0,74.7,8.48,1024.31,0.0,4.12 22:39:39 02/04/21
0,73.9,8.47,1024.24,0.0,4.12 22:44:49 02/04/21
0,73.9,8.46,1024.24,0.0,4.12 22:50:04 02/04/21
0,74.5,8.395,1024.32,0.0,4.12 22:55:18 02/04/21
0,75.7,8.375,1024.22,0.0,4.12 23:00:29 02/04/21
0,74.1,8.32,1024.24,0.0,4.12 23:05:47 02/04/21
0,74.0,8.31,1024.11,0.0,4.12 23:10:59 02/04/21
0,74.8,8.344999,1024.11,0.0,4.12 23:16:10 02/04/21
0,74.9,8.219999,1024.17,0.0,4.12 23:21:22 02/04/21
0,75.2,8.195,1024.16,0.0,4.12 23:26:35 02/04/21
0,74.6,8.175,1024.14,0.0,4.12 23:31:49 02/04/21
0,75.5,8.165,1024.16,0.0,4.12 23:37:03 02/04/21
0,75.4,8.15,1024.2,0.0,4.12 23:42:15 02/04/21
0,76.0,8.09,1024.17,0.0,4.11 23:47:30 02/04/21
0,77.4,8.085,1024.23,0.0,4.12 23:52:41 02/04/21
0,75.7,8.075,1024.2,0.0,4.11 23:57:54 02/04/21
