0,76.9,8.07,1024.11,0.0,4.12 00:03:07 03/04/21
0,75.4,8.065,1024.07,0.0,4.12 00:08:23 03/04/21
0,75.9,8.05,1024.07,0.0,4.11 00:13:35 03/04/21
0,75.4,7.9900002,1024.31,0.0,4.11 00:18:47 03/04/21
0,76.8,7.915,1024.28,0.0,4.11 00:24:02 03/04/21
0,76.6,7.89,1024.27,0.0,4.11 00:29:14 03/04/21
0,77.4,7.855,1024.31,0.0,4.11 00:34:28 03/04/21
0,76.3,7.7799997,1024.33,0.0,4.11 00:39:39 03/04/21
0,78.2,7.685,1024.32,0.0,4.11 00:44:52 03/04/21
0,76.6,7.5950003,1024.31,0.0,4.11 00:50:06 03/04/21
0,76.5,7.545,1024.4,0.0,4.11 00:55:19 03/04/21
0,77.9,7.4049997,1024.36,0.0,4.11 01:00:31 03/04/21
0,78.5,7.3050003,1024.35,0.0,4.11 01:05:44 03/04/21
0,79.7,7.265,1024.37,0.0,4.11 01:11:03 03/04/21
0,78.6,7.185,1024.35,0.0,4.11 01:16:21 03/04/21
0,77.6,7.09,1024.32,0.0,4.11 01:21:32 03/04/21
0,78.0,6.9700003,1024.26,0.0,4.11 01:26:45 03/04/21
0,77.3,6.87,1024.21,0.0,4.11 01:31:58 03/04/21
0,77.4,6.765,1024.2,0.0,4.11 01:37:11 03/04/21
0,78.7,6.615,1024.17,0.0,4.11 01:42:26 03/04/21
0,77.5,6.575,1024.17,0.0,4.11 01:47:39 03/04/21
0,78.1,6.565,1024.2,0.0,4.11 01:52:50 03/04/21
0,78.7,6.505,1024.24,0.0,4.11 01:58:04 03/04/21
0,79.5,6.505,1024.16,0.0,4.11 02:03:24 03/04/21
0,80.1,6.635,1024.09,0.0,4.11 02:08:42 03/04/21
0,80.8,6.67,1024.22,0.0,4.11 02:13:53 03/04/21
0,79.9,6.6949997,1024.02,0.0,4.11 02:19:05 03/04/21
0,80.5,6.77,1024.03,0.0,4.11 02:24:18 03/04/21
0,80.7,6.8,1024.02,0.0,4.11 02:29:31 03/04/21
0,79.7,6.8599997,1023.9,0.0,4.11 02:34:47 03/04/21
0,79.7,6.88,1023.91,0.0,4.11 02:39:57 03/04/21
0,80.5,6.94,1023.77,0.0,4.11 02:45:11 03/04/21
0,80.9,6.95,1023.77,0.0,4.11 02:50:23 03/04/21
0,81.3,6.9700003,1023.82,0.0,4.11 02:55:36 03/04/21
0,79.7,6.9700003,1023.75,0.0,4.11 03:00:49 03/04/21
0,80.1,6.9700003,1023.69,0.0,4.11 03:06:02 03/04/21
0,81.5,6.9750004,1023.71,0.0,4.11 03:11:14 03/04/21
0,82.0,6.9700003,1023.75,0.0,4.1 03:16:28 03/04/21
0,80.5,6.9700003,1023.72,0.0,4.1 03:21:48 03/04/21
0,81.2,6.98,1023.8,0.0,4.1 03:27:03 03/04/21
0,80.8,6.9750004,1023.67,0.0,4.11 03:32:15 03/04/21
0,81.1,6.9750004,1023.66,0.0,4.1 03:37:29 03/04/21
0,79.9,6.96,1023.7,0.0,4.1 03:42:43 03/04/21
0,80.2,6.965,1023.69,0.0,4.1 03:47:58 03/04/21
0,80.4,6.96,1023.74,0.0,4.1 03:53:17 03/04/21
0,80.5,6.96,1023.74,0.0,4.11 03:58:28 03/04/21
0,79.8,6.945,1023.7,0.0,4.1 04:03:43 03/04/21
0,79.4,6.89,1023.73,0.0,4.1 04:08:54 03/04/21
0,80.5,6.88,1023.76,0.0,4.1 04:14:09 03/04/21
0,80.6,6.875,1023.82,0.0,4.1 04:19:23 03/04/21
0,80.3,6.8599997,1023.68,0.0,4.1 04:24:35 03/04/21
0,80.7,6.855,1023.74,0.0,4.1 04:29:46 03/04/21
0,80.7,6.79,1023.79,0.0,4.1 04:35:01 03/04/21
0,81.1,6.77,1023.84,0.0,4.1 04:40:11 03/04/21
0,80.2,6.755,1023.87,0.0,4.1 04:45:24 03/04/21
0,80.2,6.6949997,1023.97,0.0,4.1 04:50:37 03/04/21
0,79.7,6.6800003,1024.0,0.0,4.1 04:55:52 03/04/21
0,79.9,6.67,1023.99,0.0,4.1 05:01:03 03/04/21
0,80.1,6.665,1024.07,0.0,4.1 05:06:16 03/04/21
0,80.3,6.59,1023.97,0.0,4.1 05:11:31 03/04/21
0,79.6,6.575,1023.95,0.0,4.1 05:16:42 03/04/21
0,80.0,6.565,1024.07,0.0,4.1 05:21:57 03/04/21
0,79.5,6.55,1024.06,0.0,4.1 05:27:10 03/04/21
0,79.6,6.5,1024.0,0.0,4.1 05:32:27 03/04/21
0,79.5,6.545,1023.97,0.0,4.1 05:37:43 03/04/21
0,80.9,6.485,1023.91,0.0,4.1 05:43:00 03/04/21
0,80.6,6.48,1023.93,0.0,4.1 05:48:10 03/04/21
2,80.5,6.4700003,1023.94,0.0,4.1 05:53:23 03/04/21
6,80.2,6.465,1023.86,0.0,4.1 05:58:36 03/04/21
7,80.0,6.455,1023.95,0.0,4.1 06:03:49 03/04/21
2,80.0,6.395,1023.91,0.0,4.1 06:09:00 03/04/21
0,79.5,6.38,1023.98,0.0,4.1 06:14:15 03/04/21
0,80.4,6.37,1023.92,0.0,4.1 06:19:27 03/04/21
0,80.1,6.365,1024.0,0.0,4.1 06:24:40 03/04/21
0,79.4,6.35,1024.08,0.02,4.1 06:29:53 03/04/21
0,79.7,6.29,1024.03,0.07,4.1 06:35:05 03/04/21
0,80.0,6.2749996,1024.09,0.21,4.1 06:40:23 03/04/21
0,79.8,6.27,1024.17,0.54,4.1 06:45:41 03/04/21
0,81.0,6.265,1024.31,1.07,4.1 06:50:53 03/04/21
0,80.3,6.255,1024.27,1.75,4.1 06:56:06 03/04/21
1,80.7,6.25,1024.32,2.46,4.1 07:01:19 03/04/21
3,80.0,6.245,1024.37,3.11,4.1 07:06:31 03/04/21
4,80.4,6.2349997,1024.36,3.55,4.1 07:11:45 03/04/21
6,79.8,6.2349997,1024.37,3.91,4.1 07:16:58 03/04/21
7,79.7,6.1800003,1024.38,4.17,4.1 07:22:12 03/04/21
8,79.8,6.225,1024.51,4.2,4.1 07:27:23 03/04/21
12,80.4,6.1800003,1024.53,4.24,4.1 07:32:37 03/04/21
10,80.2,6.24,1024.58,4.26,4.1 07:37:54 03/04/21
14,80.2,6.255,1024.65,4.66,4.1 07:43:09 03/04/21
15,80.7,6.26,1024.66,5.0,4.1 07:48:25 03/04/21
20,80.5,6.2749996,1024.71,4.39,4.1 07:53:38 03/04/21
18,81.6,6.3,1024.7,4.17,4.1 07:58:51 03/04/21
21,80.6,6.365,1024.75,5.0,4.1 08:04:06 03/04/21
24,80.4,6.44,1024.83,5.0,4.1 08:09:16 03/04/21
20,80.9,6.465,1024.88,5.0,4.1 08:14:29 03/04/21
21,81.8,6.545,1024.97,5.0,4.1 08:19:40 03/04/21
31,81.4,6.565,1025.05,5.0,4.1 08:24:55 03/04/21
23,81.1,6.59,1025.02,4.64,4.11 08:30:06 03/04/21
27,82.5,6.6800003,1025.07,5.0,4.11 08:35:23 03/04/21
26,81.5,6.765,1025.17,4.46,4.11 08:40:38 03/04/21
28,81.2,6.85,1025.25,4.18,4.11 08:45:59 03/04/21
40,80.7,6.94,1025.24,4.16,4.11 08:51:15 03/04/21
30,81.5,6.9700003,1025.27,5.0,4.11 08:56:28 03/04/21
32,81.7,7.0550003,1025.35,4.23,4.12 09:01:43 03/04/21
36,82.0,7.1000004,1025.39,4.87,4.12 09:07:00 03/04/21
37,81.9,7.25,1025.47,5.0,4.13 09:12:17 03/04/21
41,81.9,7.335,1025.5,5.0,4.13 09:17:30 03/04/21
40,82.3,7.445,1025.47,4.23,4.14 09:22:41 03/04/21
37,83.8,7.63,1025.55,4.18,4.13 09:27:58 03/04/21
30,82.4,7.745,1025.57,5.0,4.13 09:33:08 03/04/21
35,83.2,7.83,1025.57,5.0,4.14 09:38:22 03/04/21
38,82.8,7.845,1025.6,5.0,4.14 09:43:35 03/04/21
36,82.8,7.935,1025.62,4.22,4.14 09:48:48 03/04/21
38,82.7,7.96,1025.67,4.54,4.14 09:54:00 03/04/21
37,81.6,8.035,1025.66,4.31,4.12 09:59:15 03/04/21
34,82.8,8.07,1025.74,5.0,4.14 10:04:29 03/04/21
39,81.8,8.145,1025.81,4.46,4.15 10:09:39 03/04/21
40,83.2,8.23,1025.83,5.0,4.15 10:14:54 03/04/21
36,83.1,8.265,1025.91,4.26,4.15 10:20:07 03/04/21
42,82.5,8.33,1025.91,4.24,4.16 10:25:21 03/04/21
35,82.8,8.37,1025.92,4.28,4.16 10:30:32 03/04/21
46,82.8,8.52,1026.01,4.31,4.17 10:35:48 03/04/21
51,83.3,8.639999,1026.03,4.3,4.19 10:41:00 03/04/21
43,83.9,8.844999,1025.99,5.0,4.15 10:46:16 03/04/21
49,83.6,9.01,1026.08,5.0,4.15 10:51:27 03/04/21
42,82.9,9.125,1026.11,5.0,4.15 10:56:41 03/04/21
48,81.6,9.21,1026.14,5.0,4.15 11:01:51 03/04/21
45,83.1,9.325,1026.21,5.0,4.15 11:07:06 03/04/21
49,82.6,9.5,1026.15,5.0,4.14 11:12:20 03/04/21
47,82.4,9.690001,1026.18,5.0,4.15 11:17:33 03/04/21
44,82.0,9.799999,1026.16,5.0,4.14 11:22:50 03/04/21
45,80.6,9.889999,1026.18,5.0,4.14 11:28:08 03/04/21
56,81.1,9.92,1026.12,5.0,4.14 11:33:20 03/04/21
55,81.2,10.165,1026.09,5.0,4.14 11:38:35 03/04/21
51,81.5,10.365,1026.11,5.0,4.14 11:43:48 03/04/21
56,81.1,10.49,1026.1,5.0,4.14 11:49:03 03/04/21
61,82.4,10.785,1026.07,5.0,4.14 11:54:17 03/04/21
41,82.2,11.21,1026.12,5.0,4.14 11:59:27 03/04/21
66,80.5,11.514999,1026.07,5.0,4.14 12:04:47 03/04/21
67,80.6,11.835,1026.09,5.0,4.14 12:10:05 03/04/21
62,80.0,12.125,1026.02,5.0,4.14 12:15:18 03/04/21
42,78.7,12.41,1026.09,5.0,4.14 12:20:30 03/04/21
57,78.0,12.54,1026.08,5.0,4.14 12:25:44 03/04/21
63,77.8,12.65,1026.06,5.0,4.14 12:31:03 03/04/21
61,75.2,12.74,1026.08,5.0,4.14 12:36:22 03/04/21
63,76.7,12.75,1026.05,5.0,4.14 12:41:36 03/04/21
36,75.2,12.690001,1026.12,5.0,4.14 12:46:49 03/04/21
41,75.6,12.585,1026.15,5.0,4.14 12:52:01 03/04/21
45,75.2,12.48,1026.08,5.0,4.14 12:57:17 03/04/21
46,74.8,12.305,1026.08,5.0,4.14 13:02:32 03/04/21
67,76.9,12.309999,1026.04,5.0,4.14 13:07:43 03/04/21
63,77.7,12.620001,1025.98,5.0,4.14 13:12:57 03/04/21
71,78.1,13.02,1025.97,5.0,4.14 13:18:12 03/04/21
41,76.4,13.46,1025.95,5.0,4.14 13:23:26 03/04/21
45,73.4,13.44,1025.95,5.0,4.14 13:28:44 03/04/21
55,74.1,13.28,1025.9,5.0,4.14 13:34:02 03/04/21
71,75.7,13.45,1025.9,5.0,4.14 13:39:16 03/04/21
39,75.0,13.795,1025.81,5.0,4.14 13:44:34 03/04/21
46,72.4,13.690001,1025.81,5.0,4.14 13:49:51 03/04/21
45,72.4,13.655001,1025.8,5.0,4.14 13:55:07 03/04/21
72,74.5,13.725,1025.79,5.0,4.14 14:00:23 03/04/21
74,75.0,14.07,1025.89,5.0,4.14 14:05:38 03/04/21
72,74.8,14.475,1025.78,5.0,4.14 14:10:56 03/04/21
71,72.0,14.83,1025.77,5.0,4.14 14:16:10 03/04/21
73,71.2,14.975,1025.62,5.0,4.13 14:21:23 03/04/21
52,72.9,15.145,1025.57,5.0,4.14 14:26:38 03/04/21
46,71.6,15.005,1025.55,5.0,4.14 14:31:55 03/04/21
45,67.5,14.725,1025.57,5.0,4.13 14:37:06 03/04/21
45,68.0,14.41,1025.52,5.0,4.13 14:42:21 03/04/21
76,67.7,14.094999,1025.46,5.0,4.13 14:47:34 03/04/21
75,71.9,14.165,1025.36,5.0,4.13 14:52:48 03/04/21
