44,69.3,10.24,1023.33,4.14,3.95 12:43:48 04/04/21
45,71.9,9.895,1023.34,4.05,3.96 12:49:02 04/04/21
46,72.9,9.594999,1023.25,4.65,3.96 12:54:16 04/04/21
47,74.2,9.495,1023.07,4.04,3.96 12:59:27 04/04/21
49,74.8,9.5,1022.96,4.93,3.97 13:04:42 04/04/21
48,73.8,9.5,1022.89,4.08,3.97 13:09:56 04/04/21
47,74.5,9.52,1022.82,4.04,3.97 13:15:07 04/04/21
48,75.0,9.555,1022.77,4.14,3.98 13:20:22 04/04/21
48,74.9,9.700001,1022.74,4.06,3.98 13:25:36 04/04/21
48,74.9,9.795,1022.66,4.08,3.98 13:30:49 04/04/21
55,75.0,9.84,1022.67,5.0,3.98 13:36:01 04/04/21
48,75.0,9.92,1022.66,4.3,3.99 13:41:13 04/04/21
53,73.3,9.934999,1022.61,4.77,4.0 13:46:29 04/04/21
60,74.6,9.940001,1022.56,4.09,4.01 13:51:42 04/04/21
47,74.7,10.014999,1022.59,4.07,4.0 13:56:55 04/04/21
50,74.6,10.1,1022.54,4.08,4.0 14:02:09 04/04/21
53,74.1,10.125,1022.39,4.12,4.03 14:07:21 04/04/21
51,73.9,10.215,1022.32,4.15,4.02 14:12:34 04/04/21
50,72.6,10.165,1022.32,4.14,4.02 14:17:49 04/04/21
52,73.2,10.22,1022.35,4.15,4.02 14:23:03 04/04/21
54,73.2,10.24,1022.22,4.53,4.03 14:28:17 04/04/21
52,73.2,10.255,1021.95,5.0,4.04 14:33:29 04/04/21
56,74.1,10.344999,1021.91,4.15,4.05 14:38:43 04/04/21
61,74.7,10.51,1021.93,4.14,4.05 14:43:55 04/04/21
67,73.6,10.610001,1021.79,4.39,4.16 14:49:08 04/04/21
51,74.4,10.934999,1021.72,4.17,4.06 14:54:23 04/04/21
53,73.9,11.139999,1021.66,4.17,4.07 14:59:37 04/04/21
67,74.9,11.305,1021.54,5.0,4.16 15:04:49 04/04/21
65,75.6,11.985,1021.4,5.0,4.17 15:10:05 04/04/21
58,74.3,12.535,1021.33,4.36,4.16 15:15:21 04/04/21
65,73.2,13.01,1021.19,5.0,4.17 15:20:39 04/04/21
47,62.9,13.405001,1019.55,4.26,4.16 17:00:02 04/04/21
49,61.2,13.27,1019.54,4.25,4.16 17:00:17 04/04/21
50,63.0,12.805,1019.51,4.27,4.17 17:05:30 04/04/21
49,65.3,12.43,1019.39,4.29,4.17 17:10:45 04/04/21
51,66.1,12.245001,1019.28,4.27,4.17 17:15:58 04/04/21
45,65.8,12.13,1019.21,4.27,4.17 17:21:10 04/04/21
51,67.7,12.035,1019.17,4.3,4.19 17:26:26 04/04/21
49,67.5,12.055,1019.11,4.3,4.19 17:31:43 04/04/21
51,67.7,12.195,1019.04,4.34,4.21 17:37:02 04/04/21
48,67.9,12.225,1018.97,4.3,4.2 17:42:15 04/04/21
46,67.3,12.195,1018.89,4.37,4.2 17:47:27 04/04/21
43,67.8,12.094999,1018.89,4.3,4.16 17:52:41 04/04/21
43,66.1,11.81,1018.78,4.31,4.2 17:57:57 04/04/21
41,67.5,11.735001,1018.73,4.46,4.19 18:03:08 04/04/21
47,67.8,11.68,1018.61,4.33,4.2 18:08:22 04/04/21
40,68.1,11.61,1018.68,4.37,4.2 18:13:36 04/04/21
42,68.5,11.615,1018.61,4.43,4.2 18:18:56 04/04/21
42,68.2,11.68,1018.62,4.56,4.21 18:24:11 04/04/21
38,68.3,11.629999,1018.69,4.33,4.21 18:29:25 04/04/21
35,68.1,11.505,1018.57,5.0,4.17 18:34:40 04/04/21
39,67.3,11.205,1018.43,5.0,4.16 18:39:53 04/04/21
39,68.1,11.065,1018.4,5.0,4.16 18:45:07 04/04/21
39,68.3,10.955,1018.31,5.0,4.16 18:50:20 04/04/21
37,69.1,10.860001,1018.44,5.0,4.16 18:55:34 04/04/21
36,68.9,10.775,1018.19,5.0,4.16 19:00:49 04/04/21
35,68.7,10.655001,1018.18,5.0,4.16 19:06:10 04/04/21
33,68.7,10.549999,1017.98,5.0,4.16 19:11:28 04/04/21
30,69.1,10.445,1017.96,5.0,4.16 19:16:45 04/04/21
29,68.8,10.344999,1017.8,5.0,4.16 19:22:00 04/04/21
27,68.6,10.245001,1017.63,5.0,4.15 19:27:13 04/04/21
20,69.3,10.139999,1017.7,5.0,4.15 19:32:24 04/04/21
16,68.7,10.025,1017.68,5.0,4.15 19:37:38 04/04/21
14,68.6,9.87,1017.61,5.0,4.15 19:42:53 04/04/21
14,68.6,9.745001,1017.55,5.0,4.15 19:48:07 04/04/21
15,69.1,9.635,1017.52,5.0,4.15 19:53:19 04/04/21
14,69.4,9.514999,1017.47,5.0,4.15 19:58:33 04/04/21
11,69.0,9.35,1017.41,5.0,4.15 20:03:44 04/04/21
9,69.1,9.24,1017.44,4.84,4.15 20:08:59 04/04/21
6,69.4,9.135,1017.36,4.2,4.15 20:14:15 04/04/21
3,69.1,9.03,1017.43,3.23,4.15 20:19:27 04/04/21
1,69.4,8.85,1017.34,2.56,4.15 20:24:40 04/04/21
0,69.2,8.675,1017.22,2.26,4.15 20:29:52 04/04/21
0,69.4,8.545,1017.28,1.39,4.14 20:35:06 04/04/21
0,69.3,8.375,1017.25,0.67,4.15 20:40:18 04/04/21
0,69.9,8.255,1017.24,0.29,4.15 20:45:30 04/04/21
0,69.8,8.145,1017.22,0.12,4.14 20:50:45 04/04/21
0,69.7,7.9900002,1017.03,0.04,4.14 20:56:02 04/04/21
0,69.7,7.865,1016.92,0.01,4.14 21:01:20 04/04/21
0,69.8,7.745,1016.78,0.0,4.14 21:06:33 04/04/21
0,70.3,7.625,1016.4,0.0,4.14 21:11:46 04/04/21
0,70.7,7.465,1016.52,0.0,4.14 21:17:00 04/04/21
0,70.8,7.365,1016.37,0.0,4.14 21:22:14 04/04/21
0,70.8,7.25,1016.46,0.0,4.14 21:27:24 04/04/21
0,70.5,7.16,1016.3,0.0,4.14 21:32:39 04/04/21
0,70.9,7.0550003,1016.3,0.0,4.14 21:37:55 04/04/21
0,71.3,6.95,1016.3,0.0,4.14 21:43:13 04/04/21
0,71.8,6.8,1016.26,0.0,4.14 21:48:26 04/04/21
0,71.4,6.76,1016.17,0.0,4.14 21:53:41 04/04/21
0,71.5,6.5950003,1016.09,0.0,4.14 21:58:50 04/04/21
0,71.2,6.48,1015.99,0.0,4.14 22:04:07 04/04/21
0,71.4,6.375,1015.92,0.0,4.14 22:09:18 04/04/21
0,72.1,6.27,1015.93,0.0,4.14 22:14:31 04/04/21
0,72.8,6.1949997,1015.86,0.0,4.14 22:19:43 04/04/21
0,72.6,6.175,1015.92,0.0,4.14 22:24:57 04/04/21
0,72.7,6.16,1015.58,0.0,4.14 22:30:10 04/04/21
0,73.5,6.1549997,1015.5,0.0,4.14 22:35:21 04/04/21
0,74.7,6.165,1015.48,0.0,4.13 22:40:34 04/04/21
0,76.5,6.19,1015.5,0.0,4.13 22:45:49 04/04/21
0,75.9,6.255,1015.24,0.0,4.13 22:51:05 04/04/21
0,75.3,6.2749996,1014.97,0.0,4.13 22:56:24 04/04/21
0,74.9,6.295,1014.82,0.0,4.13 23:01:36 04/04/21
0,75.1,6.3599997,1014.76,0.0,4.13 23:06:49 04/04/21
0,76.5,6.37,1014.8,0.0,4.13 23:12:00 04/04/21
0,75.6,6.375,1014.66,0.0,4.13 23:17:15 04/04/21
0,76.7,6.44,1014.57,0.0,4.13 23:22:28 04/04/21
0,75.8,6.4350004,1014.48,0.0,4.13 23:27:41 04/04/21
0,77.0,6.385,1014.46,0.0,4.13 23:32:57 04/04/21
0,76.1,6.375,1014.36,0.0,4.13 23:38:16 04/04/21
0,76.1,6.355,1014.35,0.0,4.13 23:43:29 04/04/21
0,77.1,6.265,1014.28,0.0,4.13 23:48:41 04/04/21
0,76.5,6.2,1014.23,0.0,4.13 23:53:54 04/04/21
0,76.1,6.165,1014.16,0.0,4.13 23:59:07 04/04/21
