5,93.0,2.48,1012.94,0.0,4.12 00:01:30 06/04/21
7,94.0,2.5,1012.94,0.0,4.12 00:06:47 06/04/21
6,94.5,2.57,1012.84,0.0,4.11 00:12:04 06/04/21
7,94.7,2.59,1012.98,0.0,4.11 00:17:18 06/04/21
6,95.0,2.585,1013.04,0.0,4.12 00:22:29 06/04/21
6,94.4,2.575,1013.1,0.0,4.12 00:27:42 06/04/21
4,94.2,2.495,1013.24,0.0,4.11 00:32:53 06/04/21
4,94.4,2.42,1013.27,0.0,4.11 00:38:07 06/04/21
2,93.9,2.385,1013.22,0.0,4.12 00:43:17 06/04/21
3,93.8,2.37,1013.14,0.0,4.11 00:48:32 06/04/21
2,94.1,2.35,1013.24,0.0,4.11 00:53:44 06/04/21
3,94.1,2.29,1013.21,0.0,4.11 00:58:55 06/04/21
1,93.2,2.285,1013.17,0.0,4.11 01:04:08 06/04/21
1,93.4,2.28,1013.26,0.0,4.11 01:09:20 06/04/21
2,92.9,2.27,1013.17,0.0,4.11 01:14:34 06/04/21
1,92.7,2.265,1013.22,0.0,4.11 01:19:48 06/04/21
2,93.0,2.275,1013.51,0.0,4.11 01:25:03 06/04/21
2,93.0,2.275,1013.61,0.0,4.11 01:30:25 06/04/21
2,92.9,2.275,1013.57,0.0,4.11 01:35:43 06/04/21
1,93.1,2.26,1013.26,0.0,4.11 01:40:52 06/04/21
1,92.7,2.25,1013.07,0.0,4.11 01:46:08 06/04/21
1,93.2,2.25,1013.12,0.0,4.11 01:51:19 06/04/21
0,93.1,2.2450001,1013.13,0.0,4.11 01:56:29 06/04/21
0,93.3,2.23,1013.13,0.0,4.11 02:01:41 06/04/21
0,94.0,2.1799998,1013.14,0.0,4.11 02:06:53 06/04/21
2,94.4,2.1799998,1013.07,0.0,4.11 02:12:14 06/04/21
2,95.0,2.26,1013.04,0.0,4.11 02:17:28 06/04/21
1,95.2,2.26,1013.02,0.0,4.11 02:22:39 06/04/21
2,95.2,2.255,1013.03,0.0,4.11 02:27:52 06/04/21
2,94.7,2.26,1013.04,0.0,4.11 02:33:04 06/04/21
1,95.2,2.26,1012.97,0.0,4.11 02:38:16 06/04/21
2,95.3,2.26,1012.97,0.0,4.11 02:43:30 06/04/21
2,95.7,2.27,1013.01,0.0,4.11 02:48:44 06/04/21
2,95.6,2.275,1013.01,0.0,4.11 02:53:57 06/04/21
0,95.8,2.3400002,1013.05,0.0,4.11 02:59:06 06/04/21
0,96.1,2.365,1013.0,0.0,4.11 03:04:22 06/04/21
0,96.4,2.38,1012.97,0.0,4.11 03:09:31 06/04/21
0,96.5,2.395,1012.95,0.0,4.11 03:14:44 06/04/21
0,96.3,2.445,1012.92,0.0,4.11 03:19:58 06/04/21
1,96.0,2.445,1012.83,0.0,4.11 03:25:13 06/04/21
0,95.7,2.385,1012.82,0.0,4.1 03:30:22 06/04/21
0,95.0,2.375,1012.92,0.0,4.11 03:35:36 06/04/21
1,95.1,2.3600001,1013.01,0.0,4.11 03:40:47 06/04/21
1,95.2,2.35,1012.9,0.0,4.11 03:46:05 06/04/21
1,95.7,2.35,1012.97,0.0,4.11 03:51:21 06/04/21
1,95.8,2.355,1012.97,0.0,4.11 03:56:33 06/04/21
1,96.2,2.35,1012.92,0.0,4.1 04:01:46 06/04/21
0,95.9,2.345,1012.87,0.0,4.1 04:06:56 06/04/21
2,95.3,2.345,1012.77,0.0,4.1 04:12:11 06/04/21
1,95.0,2.335,1012.8,0.0,4.1 04:17:22 06/04/21
1,95.5,2.3400002,1012.74,0.0,4.11 04:22:35 06/04/21
2,95.4,2.28,1012.69,0.0,4.1 04:27:49 06/04/21
2,95.6,2.28,1012.72,0.0,4.1 04:32:59 06/04/21
3,96.0,2.285,1012.73,0.0,4.1 04:38:17 06/04/21
3,96.0,2.285,1012.67,0.0,4.1 04:43:38 06/04/21
3,95.7,2.335,1012.7,0.0,4.1 04:49:04 06/04/21
3,95.7,2.3400002,1012.69,0.0,4.1 04:54:16 06/04/21
2,95.7,2.28,1012.8,0.0,4.1 04:59:29 06/04/21
2,95.4,2.26,1012.73,0.0,4.11 05:04:40 06/04/21
3,96.2,2.25,1012.79,0.0,4.1 05:09:54 06/04/21
2,96.4,2.25,1012.84,0.0,4.1 05:15:04 06/04/21
2,96.9,2.26,1012.86,0.0,4.1 05:20:17 06/04/21
3,96.7,2.27,1012.83,0.0,4.1 05:25:32 06/04/21
3,96.2,2.285,1012.68,0.0,4.1 05:30:43 06/04/21
3,95.6,2.26,1012.58,0.0,4.1 05:35:55 06/04/21
3,95.1,2.19,1012.5,0.0,4.1 05:41:08 06/04/21
4,94.8,2.155,1012.46,0.0,4.1 05:46:21 06/04/21
0,94.4,2.075,1012.5,0.0,4.1 05:51:32 06/04/21
0,94.6,2.05,1012.51,0.0,4.1 05:56:43 06/04/21
0,94.3,1.9599999,1012.52,0.0,4.1 06:01:55 06/04/21
0,95.0,1.895,1012.53,0.0,4.1 06:07:10 06/04/21
0,94.5,1.875,1012.57,0.0,4.1 06:12:21 06/04/21
0,94.1,1.845,1012.53,0.0,4.1 06:17:34 06/04/21
0,94.6,1.83,1012.68,0.02,4.1 06:22:45 06/04/21
0,94.7,1.7750001,1012.77,0.03,4.1 06:27:59 06/04/21
0,94.4,1.825,1012.74,0.1,4.09 06:33:22 06/04/21
0,94.6,1.845,1012.8,0.33,4.1 06:38:33 06/04/21
5,94.5,1.845,1012.98,0.19,4.1 06:43:49 06/04/21
11,95.9,1.87,1012.83,0.93,4.1 06:49:06 06/04/21
9,96.0,1.875,1012.94,1.61,4.1 06:54:16 06/04/21
11,95.6,1.875,1013.02,1.34,4.1 06:59:31 06/04/21
15,96.5,1.875,1012.93,1.98,4.1 07:04:47 06/04/21
21,96.3,1.93,1012.84,3.2,4.1 07:10:07 06/04/21
22,96.0,1.885,1012.7,3.81,4.1 07:15:24 06/04/21
24,95.7,1.875,1012.77,4.12,4.1 07:20:38 06/04/21
24,95.7,1.865,1012.78,4.13,4.1 07:25:48 06/04/21
28,95.7,1.86,1012.69,4.17,4.1 07:31:06 06/04/21
34,95.2,1.85,1012.72,4.19,4.1 07:36:23 06/04/21
51,95.6,1.84,1012.77,5.0,4.1 07:41:36 06/04/21
40,95.6,1.85,1012.86,4.62,4.1 07:46:46 06/04/21
44,95.5,1.86,1012.91,4.93,4.1 07:52:03 06/04/21
47,95.8,1.885,1012.9,4.78,4.1 07:57:21 06/04/21
40,95.6,1.935,1012.97,4.31,4.1 08:02:32 06/04/21
37,95.7,1.9549999,1013.08,4.74,4.1 08:07:44 06/04/21
32,96.5,1.9549999,1013.05,4.24,4.1 08:12:58 06/04/21
25,97.8,1.91,1013.05,4.22,4.1 08:18:08 06/04/21
34,97.7,1.965,1013.1,4.32,4.1 08:23:22 06/04/21
39,97.1,1.89,1013.19,4.7,4.1 08:28:36 06/04/21
38,97.0,1.88,1013.23,4.22,4.1 08:33:46 06/04/21
31,97.1,1.87,1013.28,3.88,4.09 08:39:00 06/04/21
34,97.7,1.7950001,1013.09,4.21,4.09 08:44:12 06/04/21
33,97.2,1.7750001,1013.12,4.17,4.1 08:49:24 06/04/21
51,97.3,1.77,1013.0,4.32,4.09 08:54:37 06/04/21
48,97.7,1.7650001,1012.87,4.44,4.1 08:59:47 06/04/21
61,97.8,1.7750001,1012.87,4.24,4.1 09:05:02 06/04/21
67,98.0,1.79,1012.94,4.51,4.1 09:10:13 06/04/21
62,97.5,1.865,1012.88,5.0,4.1 09:15:25 06/04/21
77,97.7,1.9499999,1012.95,4.99,4.11 09:20:39 06/04/21
56,97.3,1.995,1013.07,5.0,4.1 09:25:51 06/04/21
65,97.1,2.06,1013.04,5.0,4.1 09:31:02 06/04/21
68,97.2,2.135,1013.02,5.0,4.1 09:36:20 06/04/21
74,97.5,2.165,1013.0,5.0,4.1 09:41:37 06/04/21
102,98.2,2.265,1013.05,5.0,4.12 09:46:50 06/04/21
91,98.3,2.3899999,1013.05,5.0,4.11 09:52:02 06/04/21
78,98.1,2.56,1013.02,4.22,4.11 09:57:12 06/04/21
78,98.0,2.61,1012.98,5.0,4.11 10:02:27 06/04/21
84,98.2,2.69,1012.86,4.56,4.11 10:07:39 06/04/21
79,97.5,2.77,1012.87,5.0,4.12 10:12:52 06/04/21
106,97.7,2.8,1012.88,4.28,4.14 10:18:04 06/04/21
57,97.8,2.9650002,1013.06,4.32,4.12 10:23:15 06/04/21
61,97.4,2.9450002,1012.88,5.0,4.12 10:28:27 06/04/21
100,97.0,2.975,1012.84,4.24,4.15 10:33:42 06/04/21
116,97.9,3.055,1012.82,4.28,4.19 10:38:54 06/04/21
83,98.1,3.275,1012.83,5.0,4.15 10:44:07 06/04/21
79,97.8,3.3850002,1012.86,4.29,4.16 10:49:17 06/04/21
90,96.6,3.4099998,1012.85,4.33,4.17 10:54:32 06/04/21
81,97.0,3.56,1012.86,4.25,4.16 10:59:44 06/04/21
84,97.0,3.5800002,1012.77,5.0,4.18 11:04:57 06/04/21
119,97.0,3.6200001,1012.75,5.0,4.21 11:10:13 06/04/21
107,98.1,4.005,1012.8,5.0,4.21 11:15:29 06/04/21
59,97.7,4.31,1012.67,5.0,4.16 11:20:43 06/04/21
43,96.1,4.33,1012.88,5.0,4.15 11:25:54 06/04/21
72,95.3,3.9650002,1012.97,5.0,4.14 11:31:17 06/04/21
83,95.5,3.665,1012.92,5.0,4.14 11:36:30 06/04/21
80,95.7,3.435,1012.9,5.0,4.14 11:41:46 06/04/21
83,95.9,3.325,1012.77,5.0,4.14 11:47:03 06/04/21
117,96.1,3.3,1012.67,5.0,4.14 11:52:16 06/04/21
100,97.6,3.46,1012.56,5.0,4.14 11:57:27 06/04/21
118,97.3,3.585,1012.65,5.0,4.14 12:02:40 06/04/21
119,98.1,3.835,1012.62,5.0,4.14 12:07:53 06/04/21
116,97.9,3.9850001,1012.52,5.0,4.14 12:13:04 06/04/21
109,98.1,4.185,1012.52,5.0,4.14 12:18:19 06/04/21
124,97.8,4.375,1012.53,5.0,4.14 12:23:31 06/04/21
99,97.0,4.54,1012.58,5.0,4.14 12:28:42 06/04/21
109,95.9,4.515,1012.45,5.0,4.1 12:33:57 06/04/21
93,96.2,4.5950003,1012.33,5.0,4.14 12:39:09 06/04/21
93,95.5,4.58,1012.26,5.0,4.14 12:44:21 06/04/21
110,96.0,4.415,1012.28,5.0,4.14 12:49:36 06/04/21
81,96.7,4.4,1012.25,5.0,4.14 12:54:48 06/04/21
46,96.4,4.3199997,1012.56,5.0,4.14 13:00:00 06/04/21
61,95.2,4.12,1012.41,5.0,4.14 13:05:14 06/04/21
61,94.7,3.835,1012.42,5.0,4.14 13:10:24 06/04/21
64,94.6,3.5900002,1012.37,5.0,4.13 13:15:37 06/04/21
67,94.5,3.375,1012.33,5.0,4.13 13:20:56 06/04/21
59,95.1,3.185,1012.31,5.0,4.13 13:26:12 06/04/21
46,95.9,2.9250002,1012.37,4.98,4.13 13:31:30 06/04/21
46,96.2,2.77,1012.38,5.0,4.13 13:36:45 06/04/21
68,96.3,2.605,1012.41,5.0,4.13 13:41:59 06/04/21
105,97.1,2.52,1012.33,5.0,4.13 13:47:09 06/04/21
124,97.2,2.605,1012.18,5.0,4.13 13:52:21 06/04/21
140,97.8,2.875,1012.14,5.0,4.13 13:57:34 06/04/21
116,98.1,3.24,1012.08,5.0,4.13 14:02:46 06/04/21
109,97.9,3.46,1012.0,5.0,4.13 14:07:59 06/04/21
90,97.6,3.595,1011.87,5.0,4.13 14:13:16 06/04/21
109,97.4,3.67,1011.77,5.0,4.13 14:18:33 06/04/21
116,97.7,3.7649999,1011.61,5.0,4.13 14:23:45 06/04/21
80,97.2,3.79,1011.6,5.0,4.13 14:28:57 06/04/21
127,97.7,3.8,1011.59,5.0,4.13 14:34:12 06/04/21
107,97.5,4.0550003,1011.54,5.0,4.13 14:39:24 06/04/21
97,96.3,4.175,1011.49,5.0,4.13 14:44:37 06/04/21
106,95.3,4.19,1011.42,5.0,4.13 14:49:48 06/04/21
148,95.4,4.26,1011.4,5.0,4.13 14:55:02 06/04/21
115,95.2,4.44,1011.31,5.0,4.13 15:00:19 06/04/21
72,95.2,4.575,1011.33,5.0,4.13 15:05:34 06/04/21
78,95.6,4.685,1011.53,5.0,4.12 15:10:54 06/04/21
81,95.4,4.8199997,1011.47,5.0,4.13 15:16:08 06/04/21
91,96.5,4.925,1011.46,5.0,4.13 15:21:21 06/04/21
66,95.7,5.04,1011.37,5.0,4.13 15:26:36 06/04/21
58,94.3,4.815,1011.36,5.0,4.13 15:31:51 06/04/21
36,94.5,4.54,1011.75,5.0,4.13 15:37:05 06/04/21
39,94.8,3.885,1011.67,5.0,4.13 15:42:21 06/04/21
58,95.1,3.4850001,1011.69,5.0,4.13 15:47:35 06/04/21
68,95.2,3.25,1011.78,5.0,4.12 15:52:49 06/04/21
68,95.8,3.05,1011.63,5.0,4.13 15:57:59 06/04/21
91,96.6,2.885,1011.57,5.0,4.12 16:03:12 06/04/21
120,97.0,2.905,1011.53,5.0,4.12 16:08:24 06/04/21
108,98.3,3.1,1011.53,5.0,4.12 16:13:41 06/04/21
111,98.3,3.3600001,1011.39,5.0,4.12 16:19:00 06/04/21
61,98.0,3.48,1011.26,5.0,4.12 16:24:09 06/04/21
59,97.7,3.4899998,1011.3,5.0,4.12 16:29:22 06/04/21
80,97.8,3.325,1011.41,5.0,4.12 16:34:45 06/04/21
110,97.8,3.145,1011.45,5.0,4.12 16:39:57 06/04/21
80,98.4,3.095,1011.52,5.0,4.12 16:45:10 06/04/21
68,98.5,2.94,1011.5,5.0,4.12 16:50:20 06/04/21
87,98.8,2.995,1011.56,5.0,4.12 16:55:35 06/04/21
78,98.4,2.995,1011.57,5.0,4.12 17:00:46 06/04/21
99,98.5,3.01,1011.51,5.0,4.12 17:06:00 06/04/21
90,99.0,3.175,1011.49,5.0,4.12 17:11:11 06/04/21
55,99.5,3.28,1011.52,5.0,4.12 17:16:25 06/04/21
23,98.8,3.28,1011.53,4.0,4.12 17:21:36 06/04/21
55,98.5,3.02,1011.66,4.58,4.13 17:26:48 06/04/21
83,98.0,2.77,1011.56,5.0,4.14 17:32:02 06/04/21
88,98.4,2.605,1011.63,4.36,4.17 17:37:15 06/04/21
84,98.8,2.525,1011.66,4.25,4.17 17:42:27 06/04/21
78,98.8,2.545,1011.68,5.0,4.16 17:47:40 06/04/21
71,99.1,2.525,1011.67,4.22,4.16 17:52:52 06/04/21
74,99.1,2.6,1011.63,5.0,4.16 17:58:07 06/04/21
58,98.7,2.545,1011.63,4.3,4.16 18:03:15 06/04/21
75,98.8,2.5149999,1011.41,4.23,4.17 18:08:28 06/04/21
87,99.0,2.53,1011.41,5.0,4.15 18:13:45 06/04/21
89,98.8,2.595,1011.35,5.0,4.14 18:18:56 06/04/21
72,99.2,2.605,1011.36,5.0,4.14 18:24:06 06/04/21
61,99.3,2.61,1011.31,5.0,4.14 18:29:20 06/04/21
54,99.3,2.58,1011.32,5.0,4.14 18:34:31 06/04/21
62,99.1,2.5,1011.22,5.0,4.14 18:39:44 06/04/21
66,98.9,2.395,1011.16,5.0,4.14 18:44:57 06/04/21
63,99.0,2.3899999,1011.19,5.0,4.14 18:50:08 06/04/21
67,99.1,2.32,1011.24,5.0,4.14 18:55:22 06/04/21
67,99.2,2.315,1011.36,5.0,4.14 19:00:34 06/04/21
69,98.9,2.3,1011.26,5.0,4.14 19:05:45 06/04/21
69,99.4,2.285,1011.39,5.0,4.14 19:10:58 06/04/21
65,99.6,2.305,1011.53,5.0,4.14 19:16:10 06/04/21
54,99.5,2.315,1011.48,5.0,4.14 19:21:24 06/04/21
45,99.2,2.31,1011.46,5.0,4.14 19:26:36 06/04/21
35,99.1,2.29,1011.45,5.0,4.14 19:31:47 06/04/21
35,98.9,2.275,1011.38,5.0,4.14 19:37:01 06/04/21
32,99.0,2.2150002,1011.4,5.0,4.14 19:42:13 06/04/21
39,98.8,2.205,1011.46,5.0,4.13 19:47:31 06/04/21
33,98.9,2.1950002,1011.41,5.0,4.13 19:52:47 06/04/21
22,98.7,2.1799998,1011.34,4.29,4.13 19:57:59 06/04/21
23,98.8,2.17,1011.35,4.28,4.14 20:03:10 06/04/21
19,99.2,2.1599998,1011.29,3.99,4.13 20:08:24 06/04/21
18,99.3,2.1,1011.33,3.63,4.13 20:13:40 06/04/21
11,99.8,2.095,1011.4,2.77,4.13 20:18:56 06/04/21
12,99.7,2.08,1011.39,2.54,4.13 20:24:10 06/04/21
10,99.9,2.06,1011.43,2.37,4.13 20:29:22 06/04/21
7,99.9,2.0,1011.44,1.99,4.13 20:34:33 06/04/21
4,99.9,1.9250001,1011.68,1.39,4.13 20:39:47 06/04/21
3,99.9,1.9549999,1011.64,0.53,4.13 20:44:59 06/04/21
2,99.9,1.905,1011.66,0.18,4.13 20:50:12 06/04/21
1,99.9,1.9549999,1011.81,0.01,4.13 20:55:24 06/04/21
1,99.9,1.9,1011.86,0.0,4.13 21:00:38 06/04/21
0,99.9,1.88,1012.05,0.0,4.13 21:05:50 06/04/21
0,99.9,1.81,1012.08,0.0,4.13 21:11:00 06/04/21
0,99.9,1.72,1012.14,0.0,4.13 21:16:14 06/04/21
0,99.9,1.705,1012.18,0.0,4.13 21:21:26 06/04/21
0,99.9,1.68,1012.01,0.0,4.13 21:26:39 06/04/21
0,99.9,1.6199999,1012.14,0.0,4.13 21:31:49 06/04/21
0,99.9,1.595,1012.2,0.0,4.13 21:37:01 06/04/21
0,99.9,1.5799999,1012.21,0.0,4.13 21:42:17 06/04/21
0,99.9,1.575,1012.18,0.0,4.13 21:47:26 06/04/21
0,99.9,1.56,1012.31,0.0,4.12 21:52:38 06/04/21
0,99.9,1.5,1012.26,0.0,4.13 21:57:54 06/04/21
0,99.9,1.505,1012.32,0.0,4.13 22:03:10 06/04/21
0,99.9,1.5,1012.36,0.0,4.13 22:08:24 06/04/21
0,99.9,1.485,1012.47,0.0,4.13 22:13:41 06/04/21
0,99.7,1.4599999,1012.41,0.0,4.13 22:18:49 06/04/21
0,99.4,1.385,1012.47,0.0,4.12 22:24:10 06/04/21
0,99.9,1.385,1012.58,0.0,4.12 22:29:28 06/04/21
0,99.8,1.375,1012.56,0.0,4.12 22:34:43 06/04/21
0,99.9,1.375,1012.59,0.0,4.12 22:39:56 06/04/21
0,99.9,1.37,1012.56,0.0,4.12 22:45:08 06/04/21
0,99.9,1.36,1012.48,0.0,4.12 22:50:21 06/04/21
0,99.9,1.37,1012.5,0.0,4.12 22:55:33 06/04/21
0,99.9,1.38,1012.52,0.0,4.12 23:00:46 06/04/21
0,99.9,1.385,1012.5,0.0,4.12 23:05:56 06/04/21
0,99.9,1.4499999,1012.65,0.0,4.12 23:11:10 06/04/21
0,99.9,1.4599999,1012.75,0.0,4.12 23:16:23 06/04/21
0,99.9,1.48,1012.75,0.0,4.12 23:21:36 06/04/21
0,99.9,1.48,1012.72,0.0,4.12 23:26:47 06/04/21
0,99.9,1.47,1012.69,0.0,4.12 23:31:58 06/04/21
0,99.9,1.4599999,1012.7,0.0,4.12 23:37:12 06/04/21
0,99.7,1.39,1012.79,0.0,4.12 23:42:24 06/04/21
0,99.4,1.36,1012.71,0.0,4.12 23:47:35 06/04/21
0,99.7,1.34,1012.79,0.0,4.12 23:52:50 06/04/21
0,99.9,1.2850001,1013.08,0.0,4.12 23:58:01 06/04/21
