0,91.0,3.63,1020.85,0.0,4.1 00:03:03 08/04/21
0,91.0,3.63,1020.87,0.0,4.1 00:08:15 08/04/21
0,90.8,3.56,1020.88,0.0,4.1 00:13:27 08/04/21
0,90.9,3.55,1020.93,0.0,4.1 00:18:41 08/04/21
0,91.3,3.54,1020.95,0.0,4.1 00:23:51 08/04/21
0,91.2,3.52,1021.0,0.0,4.1 00:29:04 08/04/21
0,91.1,3.455,1020.98,0.0,4.1 00:34:17 08/04/21
0,91.1,3.4450002,1021.01,0.0,4.1 00:39:29 08/04/21
0,91.2,3.38,1021.04,0.0,4.1 00:44:42 08/04/21
0,91.1,3.375,1021.12,0.0,4.1 00:50:01 08/04/21
0,91.1,3.375,1021.19,0.0,4.1 00:55:16 08/04/21
0,91.1,3.37,1021.21,0.0,4.1 01:00:33 08/04/21
0,91.2,3.375,1021.32,0.0,4.1 01:05:54 08/04/21
1,91.5,3.375,1021.31,0.0,4.1 01:11:14 08/04/21
3,91.4,3.37,1021.37,0.0,4.1 01:16:22 08/04/21
3,91.9,3.355,1021.27,0.0,4.1 01:21:37 08/04/21
4,91.7,3.3400002,1021.31,0.0,4.1 01:26:53 08/04/21
0,91.7,3.33,1021.26,0.0,4.1 01:32:08 08/04/21
0,91.7,3.2649999,1021.16,0.0,4.1 01:37:27 08/04/21
0,91.7,3.25,1021.25,0.0,4.1 01:42:44 08/04/21
0,91.7,3.235,1021.25,0.0,4.1 01:47:55 08/04/21
0,92.1,3.165,1021.22,0.0,4.1 01:53:09 08/04/21
0,92.1,3.1599998,1021.24,0.0,4.1 01:58:22 08/04/21
0,91.9,3.145,1021.23,0.0,4.1 02:03:35 08/04/21
0,91.9,3.13,1021.24,0.0,4.1 02:08:50 08/04/21
0,91.9,3.065,1021.3,0.0,4.1 02:14:11 08/04/21
0,91.8,3.0500002,1021.34,0.0,4.1 02:19:32 08/04/21
0,92.0,3.04,1021.34,0.0,4.09 02:24:51 08/04/21
0,91.8,2.97,1021.37,0.0,4.09 02:30:01 08/04/21
0,91.9,2.955,1021.31,0.0,4.09 02:35:14 08/04/21
0,91.9,2.94,1021.37,0.0,4.1 02:40:28 08/04/21
0,92.0,2.935,1021.39,0.0,4.09 02:45:38 08/04/21
0,92.2,2.935,1021.44,0.0,4.09 02:50:53 08/04/21
0,92.1,2.935,1021.43,0.0,4.09 02:56:08 08/04/21
0,92.1,2.94,1021.36,0.0,4.09 03:01:25 08/04/21
0,92.2,2.945,1021.44,0.0,4.09 03:06:39 08/04/21
0,92.2,2.9499998,1021.44,0.0,4.09 03:11:54 08/04/21
0,92.2,2.96,1021.48,0.0,4.1 03:17:12 08/04/21
0,92.2,2.9650002,1021.46,0.0,4.09 03:22:25 08/04/21
0,92.2,2.9650002,1021.49,0.0,4.09 03:27:40 08/04/21
0,92.1,2.975,1021.51,0.0,4.09 03:33:01 08/04/21
0,92.1,2.97,1021.49,0.0,4.09 03:38:22 08/04/21
0,92.1,3.02,1021.48,0.0,4.09 03:43:40 08/04/21
0,92.0,2.96,1021.55,0.0,4.09 03:48:51 08/04/21
0,92.1,2.945,1021.5,0.0,4.09 03:54:05 08/04/21
0,92.1,2.94,1021.54,0.01,4.09 03:59:16 08/04/21
0,92.1,2.94,1021.48,0.0,4.09 04:04:30 08/04/21
0,92.0,2.885,1021.41,0.0,4.09 04:09:41 08/04/21
0,92.0,2.875,1021.45,0.0,4.09 04:14:54 08/04/21
0,92.0,2.87,1021.43,0.0,4.09 04:20:07 08/04/21
0,92.0,2.865,1021.49,0.0,4.09 04:25:19 08/04/21
0,92.0,2.87,1021.52,0.0,4.09 04:30:37 08/04/21
0,92.0,2.87,1021.47,0.0,4.09 04:35:53 08/04/21
0,92.0,2.8600001,1021.46,0.0,4.09 04:41:05 08/04/21
0,92.0,2.8600001,1021.48,0.0,4.09 04:46:18 08/04/21
0,92.1,2.85,1021.41,0.0,4.09 04:51:30 08/04/21
0,92.0,2.855,1021.45,0.0,4.09 04:56:41 08/04/21
0,92.0,2.8400002,1021.45,0.0,4.09 05:01:54 08/04/21
0,92.0,2.775,1021.5,0.0,4.09 05:07:08 08/04/21
0,91.9,2.7649999,1021.51,0.0,4.09 05:12:20 08/04/21
0,91.9,2.7649999,1021.54,0.0,4.09 05:17:33 08/04/21
0,91.9,2.745,1021.53,0.0,4.09 05:22:43 08/04/21
0,91.9,2.735,1021.47,0.0,4.09 05:27:58 08/04/21
0,91.9,2.675,1021.48,0.0,4.09 05:33:08 08/04/21
0,91.9,2.6599998,1021.51,0.0,4.09 05:38:23 08/04/21
0,91.9,2.655,1021.48,0.0,4.09 05:43:35 08/04/21
0,91.9,2.65,1021.52,0.0,4.09 05:48:48 08/04/21
0,91.9,2.58,1021.43,0.0,4.09 05:54:01 08/04/21
0,91.8,2.565,1021.41,0.0,4.09 05:59:16 08/04/21
0,91.9,2.555,1021.41,0.0,4.09 06:04:33 08/04/21
0,91.9,2.54,1021.4,0.0,4.09 06:09:46 08/04/21
0,91.9,2.48,1021.44,0.01,4.09 06:14:58 08/04/21
0,91.8,2.53,1021.4,0.04,4.09 06:20:11 08/04/21
0,91.7,2.535,1021.44,0.1,4.09 06:25:27 08/04/21
0,91.8,2.545,1021.46,0.29,4.09 06:30:43 08/04/21
0,91.8,2.54,1021.39,0.73,4.09 06:35:57 08/04/21
0,91.6,2.535,1021.46,1.38,4.09 06:41:09 08/04/21
0,91.7,2.535,1021.48,2.14,4.08 06:46:25 08/04/21
0,91.6,2.535,1021.55,2.97,4.09 06:51:46 08/04/21
1,91.6,2.48,1021.51,3.78,4.09 06:57:02 08/04/21
2,91.6,2.455,1021.5,3.94,4.09 07:02:16 08/04/21
3,91.6,2.445,1021.54,4.19,4.09 07:07:26 08/04/21
5,91.6,2.44,1021.57,4.2,4.09 07:12:41 08/04/21
7,91.5,2.4299998,1021.61,4.63,4.09 07:17:51 08/04/21
9,91.5,2.42,1021.61,4.43,4.09 07:23:09 08/04/21
9,91.4,2.4299998,1021.66,4.72,4.09 07:28:27 08/04/21
11,91.4,2.4499998,1021.73,4.9,4.09 07:33:39 08/04/21
13,91.6,2.4650002,1021.68,4.9,4.09 07:38:51 08/04/21
15,91.3,2.48,1021.72,4.22,4.08 07:44:04 08/04/21
16,91.3,2.56,1021.74,4.22,4.09 07:49:20 08/04/21
22,91.2,2.59,1021.81,4.2,4.09 07:54:37 08/04/21
29,91.5,2.665,1021.85,5.0,4.09 07:59:48 08/04/21
20,91.4,2.745,1021.85,5.0,4.09 08:05:02 08/04/21
25,91.5,2.8200002,1021.83,5.0,4.09 08:10:14 08/04/21
25,91.5,2.8600001,1021.92,5.0,4.09 08:15:28 08/04/21
26,91.8,2.945,1021.97,4.18,4.1 08:20:43 08/04/21
28,91.7,3.0300002,1021.9,4.17,4.1 08:26:02 08/04/21
28,91.8,3.06,1021.9,5.0,4.1 08:31:14 08/04/21
27,91.6,3.15,1021.94,5.0,4.11 08:36:25 08/04/21
30,91.4,3.235,1021.97,4.17,4.11 08:41:37 08/04/21
38,91.8,3.33,1022.03,5.0,4.11 08:46:54 08/04/21
33,91.7,3.4299998,1022.07,4.53,4.12 08:52:10 08/04/21
38,91.8,3.54,1022.03,4.35,4.12 08:57:24 08/04/21
35,91.5,3.64,1022.1,5.0,4.13 09:02:35 08/04/21
38,91.6,3.745,1022.09,5.0,4.13 09:07:49 08/04/21
40,91.6,3.855,1022.17,5.0,4.14 09:13:02 08/04/21
38,91.6,4.02,1022.17,4.31,4.14 09:18:14 08/04/21
36,91.5,4.13,1022.2,5.0,4.14 09:23:27 08/04/21
42,91.6,4.245,1022.28,5.0,4.16 09:28:40 08/04/21
38,91.5,4.415,1022.31,4.22,4.16 09:33:51 08/04/21
41,91.5,4.5299997,1022.21,4.29,4.16 09:39:06 08/04/21
33,90.8,4.65,1022.2,4.26,4.17 09:44:16 08/04/21
39,91.3,4.8199997,1022.18,4.29,4.17 09:49:30 08/04/21
43,91.3,4.95,1022.25,4.26,4.14 09:54:43 08/04/21
34,90.8,5.125,1022.27,4.36,4.18 09:59:54 08/04/21
47,90.8,5.245,1022.31,4.38,4.13 10:05:11 08/04/21
34,90.3,5.41,1022.22,4.47,4.2 10:10:21 08/04/21
44,91.3,5.63,1022.27,4.32,4.21 10:15:38 08/04/21
37,90.1,5.9350004,1022.29,5.0,4.22 10:20:55 08/04/21
41,90.7,6.2200003,1022.28,5.0,4.21 10:26:08 08/04/21
37,88.7,6.45,1022.27,5.0,4.16 10:31:21 08/04/21
37,89.8,6.6,1022.28,5.0,4.16 10:36:34 08/04/21
32,86.1,6.765,1022.26,5.0,4.16 10:41:45 08/04/21
36,86.4,6.8,1022.33,5.0,4.16 10:46:58 08/04/21
41,88.3,6.885,1022.25,5.0,4.15 10:52:18 08/04/21
37,79.8,6.895,1022.29,5.0,4.15 10:57:34 08/04/21
37,84.2,6.8149996,1022.24,5.0,4.15 11:02:47 08/04/21
38,83.1,6.8900003,1022.19,5.0,4.15 11:07:59 08/04/21
39,81.8,6.98,1022.21,5.0,4.15 11:13:12 08/04/21
41,78.4,6.9,1022.12,5.0,4.15 11:18:26 08/04/21
41,82.0,6.98,1022.23,5.0,4.15 11:23:38 08/04/21
42,80.7,7.0550003,1022.14,5.0,4.15 11:28:52 08/04/21
44,76.8,7.08,1022.17,5.0,4.15 11:34:05 08/04/21
43,78.9,7.1099997,1022.18,5.0,4.15 11:39:17 08/04/21
43,77.7,7.115,1022.08,5.0,4.15 11:44:30 08/04/21
41,78.2,7.185,1022.01,5.0,4.15 11:49:43 08/04/21
41,77.2,7.2,1022.1,5.0,4.15 11:54:56 08/04/21
42,78.7,7.185,1022.07,5.0,4.15 12:00:10 08/04/21
40,78.7,7.1949997,1021.99,5.0,4.15 12:05:23 08/04/21
37,76.1,7.1949997,1022.06,5.0,4.15 12:10:35 08/04/21
38,78.9,7.2,1022.03,5.0,4.15 12:15:48 08/04/21
41,74.6,7.19,1022.05,5.0,4.15 12:21:02 08/04/21
42,75.5,7.2,1022.0,5.0,4.15 12:26:14 08/04/21
42,73.7,7.205,1021.96,5.0,4.15 12:31:28 08/04/21
40,74.0,7.215,1021.96,5.0,4.15 12:36:40 08/04/21
39,71.7,7.2,1021.97,5.0,4.14 12:41:54 08/04/21
43,74.0,7.1949997,1021.87,5.0,4.15 12:47:07 08/04/21
43,73.5,7.265,1021.87,5.0,4.15 12:52:19 08/04/21
41,75.4,7.3,1021.87,5.0,4.14 12:57:32 08/04/21
40,76.2,7.38,1021.81,5.0,4.14 13:02:45 08/04/21
43,71.8,7.395,1021.84,5.0,4.14 13:08:00 08/04/21
42,72.7,7.4750004,1021.79,5.0,4.14 13:13:12 08/04/21
48,72.2,7.495,1021.72,5.0,4.14 13:18:29 08/04/21
40,72.9,7.6499996,1021.74,5.0,4.14 13:23:45 08/04/21
47,71.3,7.6850004,1021.68,5.0,4.14 13:28:58 08/04/21
49,73.5,7.775,1021.76,5.0,4.14 13:34:13 08/04/21
50,73.4,7.885,1021.71,5.0,4.14 13:39:25 08/04/21
43,74.0,7.965,1021.61,5.0,4.14 13:44:40 08/04/21
51,72.9,8.05,1021.61,5.0,4.14 13:49:53 08/04/21
68,73.2,8.25,1021.54,5.0,4.14 13:55:12 08/04/21
45,73.1,8.530001,1021.54,5.0,4.14 14:00:28 08/04/21
50,69.5,8.4800005,1021.42,5.0,4.14 14:05:47 08/04/21
62,73.1,8.655001,1021.4,5.0,4.14 14:11:01 08/04/21
64,70.7,9.120001,1021.24,5.0,4.14 14:16:19 08/04/21
42,66.7,9.245,1021.25,5.0,4.14 14:21:37 08/04/21
39,70.6,9.1,1021.24,5.0,4.14 14:26:50 08/04/21
60,69.3,8.985,1021.05,5.0,4.14 14:32:04 08/04/21
55,74.3,9.3,1021.1,5.0,4.14 14:37:16 08/04/21
55,70.7,9.610001,1021.0,5.0,4.14 14:42:29 08/04/21
54,68.5,9.83,1020.88,5.0,4.14 14:47:46 08/04/21
47,68.2,9.845,1020.86,5.0,4.14 14:53:01 08/04/21
53,71.0,9.93,1020.81,5.0,4.14 14:58:20 08/04/21
48,69.7,9.865,1020.79,5.0,4.14 15:03:32 08/04/21
58,67.5,9.79,1020.64,5.0,4.14 15:08:44 08/04/21
62,68.7,9.865,1020.66,5.0,4.14 15:13:59 08/04/21
41,71.5,10.13,1020.55,5.0,4.14 15:19:12 08/04/21
40,68.1,10.075,1020.46,5.0,4.14 15:24:24 08/04/21
43,71.1,10.135,1020.44,5.0,4.14 15:29:37 08/04/21
65,66.6,10.16,1020.38,5.0,4.14 15:34:54 08/04/21
49,68.7,10.24,1020.28,5.0,4.14 15:40:09 08/04/21
62,68.9,10.325001,1020.22,5.0,4.13 15:45:18 08/04/21
59,64.1,10.424999,1020.17,5.0,4.13 15:50:33 08/04/21
55,66.3,10.37,1020.09,5.0,4.14 15:55:45 08/04/21
58,68.7,10.434999,1019.97,5.0,4.13 16:01:00 08/04/21
56,62.9,10.45,1019.97,5.0,4.13 16:06:13 08/04/21
42,64.6,10.45,1019.93,5.0,4.13 16:11:25 08/04/21
58,64.3,10.38,1019.85,5.0,4.13 16:16:45 08/04/21
58,66.1,10.389999,1019.74,5.0,4.13 16:22:03 08/04/21
49,65.0,10.395,1019.68,5.0,4.13 16:27:14 08/04/21
51,66.2,10.525,1019.62,5.0,4.13 16:32:27 08/04/21
49,66.2,10.63,1019.55,5.0,4.14 16:37:40 08/04/21
48,65.1,10.745,1019.42,5.0,4.13 16:42:56 08/04/21
47,64.6,10.84,1019.42,5.0,4.13 16:48:07 08/04/21
50,63.8,10.865,1019.36,5.0,4.13 16:53:31 08/04/21
52,67.4,10.855,1019.2,5.0,4.13 16:58:45 08/04/21
45,67.2,10.93,1019.17,5.0,4.13 17:03:56 08/04/21
47,66.8,11.035,1019.14,5.0,4.13 17:09:12 08/04/21
54,65.1,10.965,1019.03,5.0,4.13 17:14:25 08/04/21
48,64.3,10.895,1019.09,5.0,4.13 17:19:37 08/04/21
43,69.8,10.96,1019.07,5.0,4.13 17:24:50 08/04/21
52,69.0,11.04,1018.9,5.0,4.13 17:30:06 08/04/21
51,64.7,11.055,1018.86,5.0,4.13 17:35:19 08/04/21
47,61.5,10.799999,1018.85,5.0,4.13 17:40:33 08/04/21
47,64.5,10.690001,1018.83,5.0,4.13 17:45:46 08/04/21
43,65.1,10.685,1018.87,5.0,4.13 17:50:58 08/04/21
46,63.7,10.675,1018.73,5.0,4.13 17:56:12 08/04/21
46,63.6,10.610001,1018.71,5.0,4.13 18:01:28 08/04/21
41,64.5,10.66,1018.67,5.0,4.13 18:06:39 08/04/21
40,64.8,10.59,1018.68,5.0,4.13 18:11:52 08/04/21
37,62.6,10.495,1018.64,5.0,4.13 18:17:05 08/04/21
38,64.7,10.415,1018.58,5.0,4.13 18:22:20 08/04/21
41,65.8,10.325,1018.52,5.0,4.13 18:27:38 08/04/21
38,66.6,10.32,1018.54,5.0,4.13 18:32:54 08/04/21
40,66.3,10.235001,1018.39,5.0,4.13 18:38:10 08/04/21
38,65.8,10.049999,1018.44,5.0,4.13 18:43:21 08/04/21
38,66.1,10.03,1018.5,5.0,4.12 18:48:36 08/04/21
33,66.5,10.014999,1018.48,5.0,4.13 18:53:47 08/04/21
34,66.7,9.875,1018.49,5.0,4.13 18:59:02 08/04/21
32,66.7,9.775,1018.38,5.0,4.13 19:04:16 08/04/21
33,65.9,9.66,1018.36,5.0,4.13 19:09:29 08/04/21
32,66.6,9.559999,1018.24,5.0,4.12 19:14:44 08/04/21
26,66.3,9.47,1018.17,5.0,4.13 19:19:54 08/04/21
24,67.1,9.37,1018.17,5.0,4.13 19:25:09 08/04/21
21,66.4,9.265,1018.16,5.0,4.12 19:30:21 08/04/21
20,67.8,9.16,1017.98,5.0,4.12 19:35:36 08/04/21
17,66.9,9.075,1018.0,5.0,4.12 19:40:48 08/04/21
16,67.6,9.035,1017.94,5.0,4.12 19:46:02 08/04/21
14,67.7,8.88,1017.86,5.0,4.12 19:51:16 08/04/21
13,68.5,8.835,1017.8,5.0,4.12 19:56:29 08/04/21
11,68.4,8.745001,1017.81,5.0,4.12 20:01:42 08/04/21
8,68.4,8.65,1017.71,4.72,4.12 20:06:55 08/04/21
6,68.5,8.535,1017.7,4.2,4.12 20:12:07 08/04/21
3,68.3,8.375,1017.67,3.71,4.12 20:17:21 08/04/21
2,68.3,8.25,1017.56,3.0,4.12 20:22:33 08/04/21
1,68.1,8.125,1017.52,2.46,4.12 20:27:46 08/04/21
0,68.1,7.96,1017.64,1.94,4.12 20:32:59 08/04/21
0,68.2,7.835,1017.58,1.38,4.12 20:38:15 08/04/21
0,68.2,7.665,1017.55,0.77,4.12 20:43:25 08/04/21
0,68.2,7.54,1017.47,0.37,4.12 20:48:40 08/04/21
0,68.7,7.44,1017.55,0.16,4.12 20:53:51 08/04/21
0,68.6,7.34,1017.45,0.06,4.12 20:59:06 08/04/21
0,68.7,7.245,1017.47,0.02,4.12 21:04:18 08/04/21
0,68.9,7.15,1017.44,0.0,4.12 21:09:32 08/04/21
0,69.3,7.06,1017.34,0.0,4.12 21:14:45 08/04/21
0,69.1,6.96,1017.39,0.0,4.12 21:19:57 08/04/21
0,69.6,6.855,1017.42,0.0,4.11 21:25:10 08/04/21
0,70.4,6.83,1017.4,0.0,4.12 21:30:22 08/04/21
0,70.1,6.755,1017.42,0.0,4.12 21:35:37 08/04/21
0,69.6,6.665,1017.32,0.0,4.12 21:40:52 08/04/21
0,70.1,6.565,1017.32,0.0,4.12 21:46:03 08/04/21
0,69.9,6.5299997,1017.32,0.0,4.12 21:51:18 08/04/21
0,69.9,6.45,1017.27,0.0,4.11 21:56:30 08/04/21
0,70.4,6.38,1017.25,0.0,4.11 22:01:41 08/04/21
0,70.1,6.295,1017.2,0.0,4.11 22:06:54 08/04/21
0,70.3,6.26,1017.06,0.0,4.11 22:12:08 08/04/21
0,70.7,6.23,1017.04,0.0,4.11 22:17:21 08/04/21
0,70.7,6.15,1016.94,0.0,4.12 22:22:32 08/04/21
0,70.7,6.06,1016.88,0.0,4.11 22:27:46 08/04/21
0,70.5,5.9700003,1016.8,0.0,4.11 22:32:59 08/04/21
0,70.9,5.95,1016.74,0.0,4.11 22:38:12 08/04/21
0,70.7,5.88,1016.71,0.0,4.11 22:43:23 08/04/21
0,71.2,5.85,1016.62,0.0,4.11 22:48:39 08/04/21
0,70.9,5.785,1016.67,0.0,4.11 22:53:51 08/04/21
0,71.2,5.755,1016.62,0.0,4.11 22:59:02 08/04/21
0,71.3,5.6800003,1016.55,0.0,4.11 23:04:18 08/04/21
0,71.4,5.665,1016.44,0.0,4.11 23:09:28 08/04/21
0,71.7,5.65,1016.4,0.0,4.11 23:14:40 08/04/21
0,71.9,5.6400003,1016.35,0.0,4.11 23:19:56 08/04/21
0,72.1,5.635,1016.23,0.0,4.11 23:25:08 08/04/21
0,72.2,5.645,1016.14,0.0,4.11 23:30:21 08/04/21
0,71.9,5.65,1016.03,0.0,4.11 23:35:34 08/04/21
0,72.0,5.65,1015.97,0.0,4.11 23:40:47 08/04/21
0,72.2,5.645,1016.02,0.0,4.11 23:45:58 08/04/21
0,72.1,5.635,1015.95,0.0,4.11 23:51:12 08/04/21
0,72.4,5.5699997,1015.89,0.0,4.11 23:56:24 08/04/21
