0,72.2,5.56,1015.8,0.0,4.11 00:01:38 09/04/21
0,72.2,5.545,1015.71,0.0,4.11 00:06:55 09/04/21
0,72.3,5.5299997,1015.66,0.0,4.11 00:12:11 09/04/21
0,72.3,5.45,1015.65,0.0,4.11 00:17:25 09/04/21
0,72.2,5.365,1015.55,0.0,4.11 00:22:41 09/04/21
0,73.0,5.34,1015.48,0.0,4.11 00:28:02 09/04/21
0,73.9,5.255,1015.37,0.0,4.11 00:33:20 09/04/21
0,73.2,5.185,1015.41,0.0,4.11 00:38:31 09/04/21
0,73.3,5.15,1015.34,0.0,4.11 00:43:44 09/04/21
0,73.8,5.08,1015.29,0.0,4.11 00:48:58 09/04/21
0,73.5,5.0550003,1015.29,0.0,4.11 00:54:11 09/04/21
0,74.4,4.9700003,1015.22,0.0,4.11 00:59:25 09/04/21
0,74.8,4.955,1015.21,0.0,4.11 01:04:41 09/04/21
0,75.0,4.89,1015.14,0.0,4.1 01:09:59 09/04/21
0,75.5,4.87,1015.11,0.0,4.1 01:15:13 09/04/21
0,74.9,4.84,1015.02,0.0,4.1 01:20:31 09/04/21
0,74.8,4.7799997,1015.06,0.0,4.1 01:25:43 09/04/21
0,74.6,4.7349997,1014.99,0.0,4.1 01:30:58 09/04/21
0,74.7,4.65,1014.94,0.0,4.11 01:36:08 09/04/21
0,74.8,4.58,1014.87,0.0,4.1 01:41:21 09/04/21
0,74.8,4.495,1014.84,0.0,4.1 01:46:39 09/04/21
0,75.1,4.47,1014.84,0.0,4.1 01:51:57 09/04/21
0,75.6,4.45,1014.74,0.0,4.11 01:57:09 09/04/21
0,76.5,4.39,1014.69,0.0,4.1 02:02:21 09/04/21
0,76.4,4.39,1014.62,0.0,4.1 02:07:35 09/04/21
0,75.9,4.435,1014.65,0.0,4.1 02:12:47 09/04/21
0,76.2,4.37,1014.53,0.0,4.1 02:18:03 09/04/21
0,76.5,4.37,1014.52,0.0,4.1 02:23:13 09/04/21
0,76.7,4.34,1014.42,0.0,4.1 02:28:25 09/04/21
0,76.4,4.2749996,1014.37,0.0,4.1 02:33:42 09/04/21
0,77.2,4.265,1014.36,0.0,4.1 02:38:59 09/04/21
0,77.5,4.25,1014.25,0.0,4.1 02:44:10 09/04/21
0,78.3,4.185,1014.2,0.0,4.1 02:49:29 09/04/21
0,78.5,4.1800003,1014.22,0.0,4.1 02:54:46 09/04/21
0,78.2,4.17,1014.13,0.0,4.1 02:59:58 09/04/21
0,77.6,4.15,1014.04,0.0,4.1 03:05:12 09/04/21
0,78.1,4.145,1013.92,0.0,4.1 03:10:24 09/04/21
0,78.8,4.145,1013.84,0.0,4.1 03:15:34 09/04/21
0,79.2,4.0950003,1013.8,0.0,4.1 03:20:49 09/04/21
0,78.9,4.145,1013.76,0.0,4.1 03:26:03 09/04/21
0,78.9,4.15,1013.68,0.0,4.1 03:31:14 09/04/21
0,78.6,4.16,1013.61,0.0,4.1 03:36:27 09/04/21
0,79.2,4.1549997,1013.55,0.0,4.1 03:41:39 09/04/21
0,78.7,4.15,1013.51,0.0,4.1 03:46:52 09/04/21
0,78.6,4.145,1013.49,0.0,4.1 03:52:05 09/04/21
0,78.5,4.085,1013.48,0.0,4.1 03:57:17 09/04/21
0,77.8,4.13,1013.44,0.0,4.1 04:02:30 09/04/21
0,77.8,4.135,1013.42,0.0,4.1 04:07:43 09/04/21
0,78.0,4.13,1013.34,0.0,4.1 04:12:54 09/04/21
0,78.0,4.125,1013.31,0.0,4.1 04:18:07 09/04/21
0,78.1,4.0550003,1013.24,0.0,4.1 04:23:21 09/04/21
0,77.4,4.035,1013.21,0.0,4.1 04:28:31 09/04/21
0,78.1,4.025,1013.19,0.0,4.1 04:33:44 09/04/21
0,79.1,3.975,1013.15,0.0,4.1 04:38:59 09/04/21
0,80.3,4.045,1013.11,0.0,4.1 04:44:11 09/04/21
0,80.1,4.115,1013.06,0.0,4.1 04:49:24 09/04/21
0,80.8,4.205,1013.05,0.0,4.1 04:54:36 09/04/21
0,80.7,4.25,1013.01,0.0,4.1 04:59:50 09/04/21
0,80.4,4.335,1012.98,0.0,4.1 05:05:02 09/04/21
0,80.8,4.41,1012.92,0.0,4.1 05:10:14 09/04/21
0,80.3,4.445,1012.94,0.0,4.1 05:15:26 09/04/21
0,80.8,4.455,1012.85,0.0,4.1 05:20:38 09/04/21
0,79.8,4.525,1012.85,0.0,4.1 05:25:51 09/04/21
0,80.3,4.535,1012.83,0.0,4.1 05:31:06 09/04/21
0,79.7,4.54,1012.8,0.0,4.1 05:36:18 09/04/21
0,79.5,4.535,1012.71,0.0,4.1 05:41:30 09/04/21
0,79.8,4.535,1012.7,0.0,4.1 05:46:43 09/04/21
0,79.6,4.5299997,1012.69,0.0,4.1 05:51:54 09/04/21
0,79.5,4.52,1012.71,0.0,4.09 05:57:09 09/04/21
0,79.4,4.455,1012.69,0.0,4.09 06:02:21 09/04/21
0,79.8,4.46,1012.67,0.0,4.09 06:07:34 09/04/21
0,79.5,4.45,1012.69,0.0,4.1 06:12:46 09/04/21
0,80.1,4.445,1012.62,0.03,4.09 06:17:59 09/04/21
0,79.9,4.435,1012.51,0.09,4.09 06:23:15 09/04/21
0,79.5,4.415,1012.51,0.22,4.09 06:28:23 09/04/21
0,79.5,4.35,1012.52,0.51,4.09 06:33:39 09/04/21
0,80.0,4.345,1012.58,1.05,4.09 06:38:53 09/04/21
0,79.4,4.335,1012.44,1.71,4.09 06:44:03 09/04/21
0,80.0,4.345,1012.51,2.3,4.1 06:49:14 09/04/21
2,79.6,4.335,1012.41,2.85,4.09 06:54:29 09/04/21
4,79.7,4.33,1012.37,3.56,4.09 06:59:52 09/04/21
6,79.4,4.335,1012.36,4.17,4.09 07:05:02 09/04/21
7,79.3,4.27,1012.32,4.26,4.09 07:10:14 09/04/21
10,79.9,4.265,1012.39,4.44,4.1 07:15:27 09/04/21
11,79.9,4.26,1012.38,5.0,4.09 07:20:38 09/04/21
12,80.5,4.25,1012.39,5.0,4.1 07:25:51 09/04/21
16,80.4,4.245,1012.45,4.98,4.1 07:31:05 09/04/21
19,81.1,4.25,1012.4,4.62,4.09 07:36:22 09/04/21
19,82.6,4.27,1012.39,4.97,4.1 07:41:37 09/04/21
23,81.4,4.33,1012.43,5.0,4.1 07:46:55 09/04/21
25,82.6,4.36,1012.44,5.0,4.1 07:52:13 09/04/21
25,81.4,4.445,1012.44,5.0,4.11 07:57:24 09/04/21
27,81.7,4.485,1012.46,4.54,4.11 08:02:37 09/04/21
28,82.1,4.635,1012.49,4.25,4.11 08:07:49 09/04/21
29,82.6,4.7349997,1012.45,4.84,4.11 08:13:03 09/04/21
37,81.8,4.84,1012.41,4.17,4.12 08:18:15 09/04/21
34,82.9,4.945,1012.31,5.0,4.13 08:23:27 09/04/21
39,82.4,5.12,1012.29,5.0,4.13 08:28:45 09/04/21
32,82.8,5.25,1012.2,4.22,4.09 08:34:01 09/04/21
36,82.2,5.4350004,1012.27,5.0,4.14 08:39:19 09/04/21
35,82.3,5.625,1012.25,5.0,4.14 08:44:37 09/04/21
37,83.0,5.825,1012.34,5.0,4.15 08:49:50 09/04/21
36,83.4,6.02,1012.26,4.28,4.16 08:55:02 09/04/21
37,83.1,6.21,1012.35,4.25,4.16 09:00:15 09/04/21
32,83.4,6.41,1012.29,5.0,4.16 09:05:26 09/04/21
41,82.7,6.54,1012.3,4.23,4.17 09:10:43 09/04/21
38,82.8,6.785,1012.27,5.0,4.18 09:15:53 09/04/21
45,83.1,7.0299997,1012.27,4.5,4.2 09:21:08 09/04/21
45,82.8,7.36,1012.2,4.35,4.2 09:26:21 09/04/21
44,82.6,7.755,1012.26,4.29,4.2 09:31:33 09/04/21
46,82.1,8.065,1012.27,5.0,4.21 09:36:47 09/04/21
42,80.8,8.29,1012.25,4.3,4.2 09:41:59 09/04/21
38,79.8,8.385,1012.16,4.34,4.19 09:47:12 09/04/21
38,79.9,8.465,1012.22,5.0,4.17 09:52:24 09/04/21
42,80.4,8.53,1012.24,5.0,4.16 09:57:41 09/04/21
46,79.5,8.545,1012.21,5.0,4.16 10:02:53 09/04/21
43,81.0,8.685,1012.19,5.0,4.16 10:08:05 09/04/21
46,80.3,8.79,1012.16,5.0,4.16 10:13:18 09/04/21
37,80.7,8.895,1012.18,5.0,4.16 10:18:32 09/04/21
43,80.4,9.0,1012.1,5.0,4.16 10:23:43 09/04/21
50,80.4,9.1,1012.08,5.0,4.16 10:28:59 09/04/21
45,80.2,9.27,1012.16,5.0,4.16 10:34:10 09/04/21
47,79.7,9.44,1012.15,5.0,4.16 10:39:25 09/04/21
48,79.8,9.57,1012.08,5.0,4.15 10:44:38 09/04/21
48,80.3,9.755,1012.17,5.0,4.15 10:49:51 09/04/21
48,79.8,9.93,1012.18,5.0,4.15 10:55:03 09/04/21
47,79.7,10.05,1012.13,5.0,4.15 11:00:19 09/04/21
43,79.3,10.165,1012.18,5.0,4.15 11:05:30 09/04/21
54,78.5,10.26,1012.05,5.0,4.15 11:10:45 09/04/21
51,79.4,10.385,1012.09,5.0,4.16 11:15:58 09/04/21
49,79.6,10.625,1012.05,5.0,4.15 11:21:12 09/04/21
53,79.8,10.835,1012.05,5.0,4.15 11:26:26 09/04/21
46,78.3,11.025,1012.0,5.0,4.15 11:31:42 09/04/21
49,76.6,11.05,1012.04,5.0,4.15 11:37:04 09/04/21
43,76.8,11.059999,1011.94,5.0,4.15 11:42:22 09/04/21
53,76.6,11.075,1011.95,5.0,4.15 11:47:37 09/04/21
53,77.5,11.17,1011.92,5.0,4.15 11:52:53 09/04/21
54,77.2,11.345,1011.94,5.0,4.15 11:58:12 09/04/21
53,76.7,11.52,1011.74,5.0,4.15 12:03:25 09/04/21
59,77.4,11.705,1011.76,5.0,4.15 12:08:39 09/04/21
55,76.6,11.889999,1011.83,5.0,4.15 12:13:51 09/04/21
57,77.1,12.005,1011.78,5.0,4.15 12:19:06 09/04/21
58,76.3,12.045,1011.79,5.0,4.15 12:24:23 09/04/21
57,76.3,12.219999,1011.66,5.0,4.15 12:29:42 09/04/21
61,76.9,12.389999,1011.7,5.0,4.15 12:34:55 09/04/21
53,78.7,12.58,1011.69,5.0,4.15 12:40:10 09/04/21
63,75.9,12.71,1011.68,5.0,4.15 12:45:23 09/04/21
64,77.1,12.969999,1011.66,5.0,4.15 12:50:40 09/04/21
55,76.9,13.120001,1011.55,5.0,4.15 12:55:59 09/04/21
64,74.4,13.14,1011.56,5.0,4.15 13:01:13 09/04/21
66,73.9,13.215,1011.59,5.0,4.15 13:06:26 09/04/21
52,72.6,13.24,1011.52,5.0,4.15 13:11:38 09/04/21
57,72.7,13.175,1011.45,5.0,4.15 13:16:55 09/04/21
55,74.6,13.3,1011.42,5.0,4.15 13:22:08 09/04/21
55,73.6,13.355,1011.51,5.0,4.14 13:27:26 09/04/21
56,72.8,13.28,1011.48,5.0,4.14 13:32:43 09/04/21
53,73.5,13.41,1011.42,5.0,4.14 13:37:57 09/04/21
56,73.5,13.44,1011.34,5.0,4.14 13:43:12 09/04/21
56,74.1,13.620001,1011.36,5.0,4.15 13:48:25 09/04/21
54,71.3,13.65,1011.3,5.0,4.15 13:53:38 09/04/21
60,70.7,13.645,1011.29,5.0,4.14 13:58:53 09/04/21
51,71.2,13.635,1011.27,5.0,4.14 14:04:07 09/04/21
50,70.6,13.57,1011.22,5.0,4.14 14:09:22 09/04/21
75,71.7,13.565001,1011.24,5.0,4.14 14:14:35 09/04/21
55,73.9,13.795,1011.08,5.0,4.14 14:19:49 09/04/21
48,72.3,13.865,1011.01,5.0,4.14 14:25:03 09/04/21
52,70.1,13.87,1011.07,5.0,4.14 14:30:20 09/04/21
62,69.9,13.865,1010.95,5.0,4.14 14:35:40 09/04/21
43,73.2,14.014999,1010.89,5.0,4.14 14:40:51 09/04/21
45,67.8,13.965,1010.9,5.0,4.14 14:46:05 09/04/21
60,66.0,13.645,1010.92,5.0,4.14 14:51:19 09/04/21
71,70.0,13.835,1010.8,5.0,4.14 14:56:39 09/04/21
63,67.9,14.035,1010.73,5.0,4.14 15:01:58 09/04/21
43,68.3,14.055,1010.88,5.0,4.14 15:07:12 09/04/21
49,66.9,13.985,1010.7,5.0,4.14 15:12:30 09/04/21
60,68.1,13.969999,1010.7,5.0,4.14 15:17:47 09/04/21
59,69.1,14.2,1010.65,5.0,4.14 15:23:01 09/04/21
62,69.7,14.424999,1010.61,5.0,4.14 15:28:16 09/04/21
62,69.0,14.54,1010.62,5.0,4.14 15:33:33 09/04/21
47,68.6,14.615,1010.49,5.0,4.14 15:38:52 09/04/21
61,66.4,14.525,1010.39,5.0,4.14 15:44:04 09/04/21
53,68.3,14.545,1010.3,5.0,4.14 15:49:18 09/04/21
62,68.7,14.635,1010.3,5.0,4.14 15:54:35 09/04/21
56,69.4,14.735001,1010.34,5.0,4.14 15:59:49 09/04/21
57,66.4,14.745,1010.2,5.0,4.14 16:05:02 09/04/21
47,68.7,14.74,1010.17,5.0,4.14 16:10:14 09/04/21
48,67.9,14.73,1010.1,5.0,4.14 16:15:28 09/04/21
61,67.8,14.665,1010.06,5.0,4.14 16:20:45 09/04/21
45,65.6,14.675,1010.03,5.0,4.14 16:25:59 09/04/21
54,65.5,14.585,1010.12,5.0,4.14 16:31:17 09/04/21
43,67.0,14.66,1009.91,5.0,4.14 16:36:34 09/04/21
30,67.6,14.59,1009.98,5.0,4.14 16:41:48 09/04/21
36,66.3,14.49,1009.93,5.0,4.14 16:47:06 09/04/21
36,66.5,14.315001,1009.86,5.0,4.14 16:52:26 09/04/21
38,67.1,14.215,1009.77,5.0,4.14 16:57:38 09/04/21
45,66.4,14.18,1009.72,5.0,4.14 17:02:54 09/04/21
45,66.6,14.200001,1009.73,5.0,4.13 17:08:07 09/04/21
43,68.6,14.285,1009.69,5.0,4.14 17:13:19 09/04/21
44,69.8,14.365,1009.64,5.0,4.13 17:18:33 09/04/21
42,69.0,14.475,1009.67,5.0,4.13 17:23:47 09/04/21
51,67.1,14.485,1009.64,5.0,4.13 17:29:03 09/04/21
47,67.9,14.585,1009.61,5.0,4.13 17:34:17 09/04/21
42,68.5,14.764999,1009.63,5.0,4.13 17:39:31 09/04/21
37,69.4,14.78,1009.53,5.0,4.13 17:44:43 09/04/21
48,69.0,14.78,1009.5,5.0,4.13 17:49:58 09/04/21
50,66.8,14.79,1009.46,5.0,4.13 17:55:12 09/04/21
35,69.0,14.799999,1009.37,5.0,4.13 18:00:26 09/04/21
38,69.6,14.855,1009.38,5.0,4.13 18:05:42 09/04/21
38,70.7,14.865,1009.36,5.0,4.13 18:10:54 09/04/21
34,70.1,14.865,1009.36,5.0,4.13 18:16:07 09/04/21
32,69.0,14.799999,1009.38,5.0,4.13 18:21:21 09/04/21
32,67.8,14.705,1009.39,5.0,4.13 18:26:37 09/04/21
32,65.9,14.555,1009.3,5.0,4.13 18:31:52 09/04/21
35,67.9,14.51,1009.28,5.0,4.13 18:37:07 09/04/21
34,68.6,14.485,1009.23,5.0,4.13 18:42:19 09/04/21
26,68.1,14.485,1009.28,5.0,4.13 18:47:31 09/04/21
23,68.2,14.405001,1009.31,5.0,4.13 18:52:45 09/04/21
36,67.6,14.309999,1009.26,5.0,4.13 18:58:01 09/04/21
29,68.6,14.24,1009.21,5.0,4.13 19:03:15 09/04/21
26,68.9,14.23,1009.21,5.0,4.13 19:08:28 09/04/21
23,69.2,14.21,1009.17,5.0,4.13 19:13:42 09/04/21
22,68.2,14.139999,1009.21,5.0,4.13 19:18:57 09/04/21
21,68.5,14.105,1009.14,5.0,4.13 19:24:09 09/04/21
22,67.9,14.025,1009.12,5.0,4.13 19:29:27 09/04/21
20,68.3,13.995,1009.11,5.0,4.13 19:34:39 09/04/21
18,67.9,13.905001,1009.0,5.0,4.13 19:39:57 09/04/21
15,67.8,13.815001,1009.01,5.0,4.13 19:45:16 09/04/21
14,68.3,13.71,1008.98,5.0,4.13 19:50:32 09/04/21
10,68.1,13.605,1008.93,4.92,4.13 19:55:41 09/04/21
9,67.9,13.450001,1008.91,4.6,4.12 20:00:57 09/04/21
7,67.9,13.335,1008.97,4.31,4.13 20:06:10 09/04/21
6,67.9,13.22,1008.9,4.15,4.13 20:11:23 09/04/21
4,67.5,13.110001,1009.01,3.68,4.12 20:16:38 09/04/21
2,69.0,12.96,1009.04,2.92,4.12 20:21:52 09/04/21
1,68.4,12.85,1009.06,2.31,4.12 20:27:06 09/04/21
0,68.2,12.74,1009.04,1.86,4.12 20:32:19 09/04/21
0,68.2,12.62,1009.0,1.41,4.12 20:37:31 09/04/21
0,68.6,12.465,1009.11,0.81,4.12 20:42:47 09/04/21
0,68.4,12.41,1009.15,0.33,4.13 20:48:00 09/04/21
0,68.8,12.265,1009.23,0.13,4.12 20:53:12 09/04/21
0,68.9,12.215,1009.16,0.05,4.12 20:58:29 09/04/21
0,68.9,12.135,1009.23,0.01,4.12 21:03:42 09/04/21
0,69.5,12.049999,1009.27,0.0,4.12 21:08:55 09/04/21
0,69.9,12.035,1009.22,0.0,4.12 21:14:08 09/04/21
0,70.1,11.965,1009.3,0.0,4.12 21:19:23 09/04/21
0,70.2,11.940001,1009.24,0.0,4.12 21:24:36 09/04/21
0,69.9,11.855,1009.28,0.0,4.12 21:29:53 09/04/21
0,70.6,11.82,1009.37,0.0,4.12 21:35:03 09/04/21
0,70.2,11.735001,1009.38,0.0,4.12 21:40:15 09/04/21
0,70.5,11.655001,1009.45,0.0,4.12 21:45:29 09/04/21
0,70.6,11.63,1009.47,0.0,4.12 21:50:44 09/04/21
0,71.8,11.559999,1009.45,0.0,4.12 21:55:58 09/04/21
0,71.5,11.53,1009.45,0.0,4.12 22:01:17 09/04/21
0,72.1,11.475,1009.48,0.0,4.12 22:06:34 09/04/21
0,71.1,11.425,1009.42,0.0,4.12 22:11:47 09/04/21
0,71.5,11.344999,1009.38,0.0,4.12 22:16:59 09/04/21
0,71.8,11.27,1009.43,0.0,4.12 22:22:13 09/04/21
0,71.6,11.24,1009.56,0.0,4.12 22:27:28 09/04/21
0,72.8,11.165,1009.49,0.0,4.12 22:32:40 09/04/21
0,72.4,11.135,1009.5,0.0,4.12 22:38:00 09/04/21
0,73.1,11.07,1009.4,0.0,4.12 22:43:18 09/04/21
0,72.6,11.04,1009.38,0.0,4.12 22:48:32 09/04/21
0,72.3,10.965,1009.37,0.0,4.12 22:53:45 09/04/21
0,72.5,10.934999,1009.36,0.0,4.11 22:58:57 09/04/21
0,72.8,10.860001,1009.26,0.0,4.11 23:04:10 09/04/21
0,72.8,10.785,1009.26,0.0,4.12 23:09:24 09/04/21
0,72.4,10.75,1009.33,0.0,4.11 23:14:43 09/04/21
0,72.7,10.68,1009.28,0.0,4.11 23:20:05 09/04/21
0,72.4,10.655001,1009.14,0.0,4.11 23:25:23 09/04/21
0,72.2,10.635,1009.18,0.0,4.11 23:30:35 09/04/21
0,72.4,10.559999,1009.19,0.0,4.11 23:35:49 09/04/21
0,72.9,10.485001,1009.12,0.0,4.12 23:41:04 09/04/21
0,72.9,10.465,1009.11,0.0,4.11 23:46:16 09/04/21
0,73.8,10.450001,1009.11,0.0,4.11 23:51:29 09/04/21
0,74.0,10.38,1008.97,0.0,4.11 23:56:41 09/04/21
