0,99.9,7.9249997,1005.19,0.0,4.11 00:01:50 11/04/21
0,99.9,7.91,1005.31,0.0,4.11 00:07:02 11/04/21
0,99.9,7.89,1005.29,0.0,4.11 00:12:17 11/04/21
0,99.9,7.89,1005.26,0.0,4.11 00:17:30 11/04/21
0,99.9,7.88,1005.32,0.0,4.11 00:22:41 11/04/21
0,99.9,7.8149996,1005.23,0.0,4.11 00:27:56 11/04/21
0,99.9,7.8050003,1005.22,0.0,4.11 00:33:09 11/04/21
0,99.9,7.74,1005.17,0.0,4.11 00:38:23 11/04/21
0,99.9,7.725,1005.06,0.0,4.11 00:43:36 11/04/21
0,99.9,7.715,1005.17,0.0,4.11 00:48:48 11/04/21
0,99.9,7.71,1005.32,0.0,4.11 00:53:59 11/04/21
0,99.9,7.6450005,1005.38,0.0,4.11 00:59:14 11/04/21
0,99.9,7.625,1005.44,0.0,4.11 01:04:26 11/04/21
0,99.9,7.545,1005.42,0.0,4.11 01:09:40 11/04/21
0,99.9,7.52,1005.47,0.0,4.11 01:14:53 11/04/21
0,99.9,7.495,1005.49,0.0,4.11 01:20:05 11/04/21
0,99.9,7.42,1005.48,0.0,4.11 01:25:20 11/04/21
0,99.9,7.4,1005.64,0.0,4.11 01:30:33 11/04/21
0,99.9,7.3199997,1005.56,0.0,4.11 01:35:45 11/04/21
0,99.9,7.3,1005.58,0.0,4.11 01:40:59 11/04/21
0,99.9,7.27,1005.59,0.0,4.11 01:46:11 11/04/21
0,99.9,7.2,1005.57,0.0,4.11 01:51:25 11/04/21
0,99.9,7.115,1005.64,0.0,4.11 01:56:37 11/04/21
0,99.9,7.03,1005.63,0.0,4.11 02:01:50 11/04/21
0,99.9,6.93,1005.66,0.0,4.11 02:07:03 11/04/21
0,99.9,6.83,1005.65,0.0,4.11 02:12:16 11/04/21
0,99.9,6.74,1005.69,0.0,4.11 02:17:33 11/04/21
0,99.9,6.645,1005.66,0.0,4.11 02:22:49 11/04/21
0,99.9,6.615,1005.71,0.0,4.11 02:28:02 11/04/21
0,99.9,6.52,1005.6,0.0,4.11 02:33:20 11/04/21
0,99.9,6.5,1005.66,0.0,4.1 02:38:38 11/04/21
0,99.9,6.42,1005.46,0.0,4.1 02:43:55 11/04/21
0,99.9,6.34,1005.46,0.0,4.1 02:49:12 11/04/21
0,99.9,6.25,1005.52,0.0,4.11 02:54:23 11/04/21
0,99.9,6.1400003,1005.61,0.0,4.11 02:59:38 11/04/21
0,99.9,6.11,1005.68,0.0,4.11 03:04:51 11/04/21
0,99.9,6.025,1005.74,0.0,4.1 03:10:02 11/04/21
0,99.9,5.995,1005.69,0.0,4.1 03:15:18 11/04/21
0,99.9,5.91,1005.65,0.0,4.1 03:20:29 11/04/21
0,99.9,5.815,1005.72,0.0,4.1 03:25:40 11/04/21
0,99.9,5.745,1005.85,0.0,4.1 03:30:55 11/04/21
0,99.9,5.71,1005.87,0.0,4.1 03:36:08 11/04/21
0,99.9,5.625,1005.91,0.0,4.1 03:41:25 11/04/21
0,99.9,5.545,1005.98,0.0,4.1 03:46:42 11/04/21
0,99.9,5.435,1006.08,0.0,4.1 03:51:53 11/04/21
0,99.9,5.41,1005.97,0.0,4.1 03:57:07 11/04/21
0,99.9,5.31,1005.99,0.0,4.1 04:02:20 11/04/21
0,99.9,5.2349997,1005.95,0.0,4.1 04:07:33 11/04/21
0,99.9,5.21,1005.99,0.0,4.1 04:12:46 11/04/21
0,99.9,5.1949997,1006.19,0.0,4.1 04:17:58 11/04/21
0,99.9,5.125,1006.17,0.0,4.1 04:23:09 11/04/21
0,99.9,5.0950003,1006.23,0.0,4.1 04:28:24 11/04/21
0,99.9,5.03,1006.16,0.0,4.1 04:33:40 11/04/21
0,99.9,5.0150003,1006.26,0.0,4.1 04:38:58 11/04/21
0,99.9,5.005,1006.3,0.0,4.1 04:44:11 11/04/21
0,99.9,4.935,1006.28,0.0,4.1 04:49:21 11/04/21
0,99.9,4.92,1006.43,0.0,4.1 04:54:34 11/04/21
0,99.9,4.895,1006.45,0.0,4.1 04:59:47 11/04/21
0,99.9,4.895,1006.35,0.0,4.1 05:04:59 11/04/21
0,99.9,4.83,1006.4,0.0,4.1 05:10:13 11/04/21
0,99.9,4.8,1006.45,0.0,4.1 05:15:25 11/04/21
0,99.9,4.74,1006.52,0.0,4.1 05:20:39 11/04/21
0,99.9,4.73,1006.57,0.0,4.1 05:25:51 11/04/21
0,99.9,4.73,1006.57,0.0,4.1 05:31:03 11/04/21
0,99.9,4.7799997,1006.6,0.0,4.1 05:36:16 11/04/21
0,99.9,4.725,1006.57,0.0,4.1 05:41:35 11/04/21
0,99.9,4.7200003,1006.6,0.0,4.1 05:46:55 11/04/21
0,99.9,4.715,1006.56,0.0,4.1 05:52:12 11/04/21
0,99.9,4.71,1006.76,0.0,4.1 05:57:23 11/04/21
0,99.9,4.6949997,1006.9,0.0,4.1 06:02:38 11/04/21
0,99.9,4.69,1006.92,0.0,4.1 06:07:51 11/04/21
0,99.9,4.685,1006.98,0.01,4.1 06:13:01 11/04/21
0,99.9,4.625,1007.02,0.03,4.1 06:18:20 11/04/21
0,99.9,4.6800003,1007.14,0.07,4.1 06:23:36 11/04/21
0,99.9,4.675,1007.28,0.19,4.1 06:28:50 11/04/21
0,99.9,4.675,1007.4,0.41,4.1 06:34:02 11/04/21
1,99.9,4.6800003,1007.4,0.81,4.09 06:39:14 11/04/21
2,99.9,4.685,1007.47,1.52,4.1 06:44:28 11/04/21
3,99.9,4.6800003,1007.49,2.07,4.1 06:49:39 11/04/21
5,99.9,4.685,1007.47,2.57,4.09 06:54:52 11/04/21
6,99.9,4.685,1007.49,2.71,4.09 07:00:06 11/04/21
8,99.9,4.69,1007.47,3.36,4.1 07:05:17 11/04/21
10,99.9,4.69,1007.52,3.82,4.09 07:10:30 11/04/21
11,99.9,4.7,1007.63,3.96,4.09 07:15:42 11/04/21
13,99.9,4.6949997,1007.68,4.16,4.1 07:20:55 11/04/21
12,99.9,4.7,1007.91,3.96,4.09 07:26:08 11/04/21
15,99.9,4.715,1008.09,4.2,4.09 07:31:22 11/04/21
17,99.9,4.7200003,1008.2,4.17,4.1 07:36:34 11/04/21
23,99.9,4.7799997,1008.16,4.77,4.09 07:41:48 11/04/21
29,99.9,4.785,1008.05,5.0,4.1 07:47:00 11/04/21
28,99.9,4.8050003,1007.97,4.81,4.1 07:52:12 11/04/21
29,99.9,4.81,1008.16,5.0,4.1 07:57:23 11/04/21
40,99.9,4.87,1008.29,4.16,4.1 08:02:41 11/04/21
45,99.9,4.89,1008.3,5.0,4.1 08:07:51 11/04/21
40,99.9,4.8999996,1008.34,5.0,4.1 08:13:02 11/04/21
40,99.9,4.91,1008.34,5.0,4.1 08:18:16 11/04/21
38,99.9,4.9049997,1008.43,5.0,4.1 08:23:27 11/04/21
44,99.9,4.8999996,1008.47,5.0,4.1 08:28:41 11/04/21
39,99.9,4.9049997,1008.57,4.26,4.1 08:33:52 11/04/21
35,99.9,4.91,1008.74,5.0,4.1 08:39:05 11/04/21
44,99.9,4.91,1008.92,5.0,4.1 08:44:18 11/04/21
33,99.9,4.915,1009.09,5.0,4.1 08:49:30 11/04/21
38,99.9,4.91,1009.07,5.0,4.1 08:54:46 11/04/21
45,99.9,4.9049997,1009.07,4.99,4.1 08:59:58 11/04/21
42,99.9,4.9049997,1009.12,5.0,4.1 09:05:10 11/04/21
45,99.9,4.91,1009.15,4.41,4.1 09:10:25 11/04/21
60,99.9,4.91,1009.11,5.0,4.1 09:15:36 11/04/21
57,99.9,4.9700003,1009.13,4.75,4.1 09:20:50 11/04/21
51,99.9,4.99,1009.2,5.0,4.1 09:26:01 11/04/21
49,99.9,5.02,1009.22,4.33,4.11 09:31:13 11/04/21
50,99.9,5.075,1009.25,5.0,4.11 09:36:25 11/04/21
50,99.9,5.085,1009.4,5.0,4.1 09:41:39 11/04/21
50,99.9,5.1000004,1009.52,4.19,4.1 09:46:52 11/04/21
52,99.9,5.105,1009.5,4.88,4.11 09:52:03 11/04/21
73,99.9,5.175,1009.64,5.0,4.12 09:57:17 11/04/21
80,99.9,5.205,1009.6,4.18,4.12 10:02:30 11/04/21
76,99.9,5.285,1009.68,4.17,4.12 10:07:44 11/04/21
72,99.9,5.38,1009.74,5.0,4.12 10:12:56 11/04/21
59,99.9,5.415,1009.79,4.17,4.11 10:18:11 11/04/21
54,99.9,5.49,1009.86,4.42,4.12 10:23:21 11/04/21
58,99.9,5.485,1009.96,4.82,4.11 10:28:34 11/04/21
60,99.9,5.485,1009.97,5.0,4.12 10:33:45 11/04/21
66,99.9,5.49,1010.07,5.0,4.11 10:39:00 11/04/21
62,99.9,5.485,1010.13,4.17,4.12 10:44:11 11/04/21
61,99.9,5.435,1010.29,4.22,4.12 10:49:25 11/04/21
72,99.9,5.49,1010.36,4.28,4.12 10:54:39 11/04/21
71,99.9,5.51,1010.3,5.0,4.13 10:59:49 11/04/21
62,99.9,5.585,1010.39,4.32,4.13 11:05:03 11/04/21
55,99.9,5.6000004,1010.37,5.0,4.12 11:10:15 11/04/21
68,99.9,5.625,1010.45,4.17,4.13 11:15:28 11/04/21
97,99.9,5.62,1010.51,4.26,4.14 11:20:42 11/04/21
97,99.9,5.6949997,1010.54,4.27,4.16 11:25:55 11/04/21
94,99.9,5.8,1010.75,5.0,4.15 11:31:07 11/04/21
86,99.9,5.98,1010.76,4.26,4.17 11:36:18 11/04/21
65,99.9,6.1000004,1010.83,4.54,4.16 11:41:32 11/04/21
48,99.9,6.245,1010.97,4.22,4.15 11:46:44 11/04/21
45,99.9,6.27,1010.93,5.0,4.15 11:51:59 11/04/21
39,99.9,6.2749996,1010.92,5.0,4.14 11:57:11 11/04/21
39,99.9,6.27,1011.14,4.26,4.14 12:02:24 11/04/21
42,99.9,6.215,1011.12,5.0,4.15 12:07:36 11/04/21
36,99.9,6.1949997,1011.14,5.0,4.14 12:12:50 11/04/21
42,99.9,6.11,1011.17,5.0,4.14 12:18:04 11/04/21
43,99.9,6.02,1011.22,5.0,4.14 12:23:16 11/04/21
53,99.9,6.0150003,1011.22,5.0,4.16 12:28:29 11/04/21
54,99.9,6.025,1011.29,4.78,4.16 12:33:42 11/04/21
67,99.9,6.17,1011.24,4.24,4.18 12:38:53 11/04/21
78,99.9,6.29,1011.39,4.38,4.2 12:44:07 11/04/21
62,99.9,6.58,1011.41,4.29,4.2 12:49:18 11/04/21
51,99.9,6.795,1011.53,5.0,4.16 12:54:33 11/04/21
46,99.9,6.88,1011.57,5.0,4.16 12:59:47 11/04/21
