0,75.5,9.885,1013.82,0.0,4.11 00:03:32 21/04/21
0,76.0,9.8,1013.89,0.0,4.11 00:08:46 21/04/21
0,76.1,9.775,1013.86,0.0,4.11 00:13:58 21/04/21
0,77.4,9.705,1013.98,0.0,4.11 00:19:12 21/04/21
0,77.2,9.684999,1014.0,0.0,4.11 00:24:26 21/04/21
0,76.7,9.665,1014.02,0.0,4.11 00:29:40 21/04/21
0,77.1,9.594999,1014.02,0.0,4.11 00:34:52 21/04/21
0,77.4,9.58,1014.05,0.0,4.11 00:40:10 21/04/21
1,77.8,9.57,1014.07,0.0,4.11 00:45:31 21/04/21
1,77.4,9.555,1014.04,0.0,4.11 00:50:49 21/04/21
2,77.6,9.48,1014.1,0.0,4.11 00:56:01 21/04/21
4,78.6,9.41,1014.12,0.0,4.11 01:01:17 21/04/21
5,78.0,9.4,1014.1,0.0,4.11 01:06:28 21/04/21
6,78.0,9.37,1014.11,0.0,4.11 01:11:43 21/04/21
7,78.6,9.3,1014.15,0.0,4.11 01:16:56 21/04/21
7,77.9,9.27,1014.13,0.0,4.11 01:22:09 21/04/21
8,78.4,9.190001,1014.14,0.0,4.11 01:27:23 21/04/21
8,78.8,9.105,1014.11,0.0,4.11 01:32:34 21/04/21
9,78.7,9.075,1014.06,0.0,4.1 01:37:50 21/04/21
9,78.8,8.995,1014.07,0.0,4.11 01:43:02 21/04/21
8,79.1,8.97,1014.08,0.0,4.11 01:48:15 21/04/21
9,80.1,8.9,1014.01,0.0,4.11 01:53:29 21/04/21
8,80.2,8.88,1014.03,0.0,4.1 01:58:43 21/04/21
8,80.5,8.81,1014.02,0.0,4.1 02:03:55 21/04/21
7,79.9,8.785,1013.94,0.0,4.1 02:09:09 21/04/21
6,80.6,8.695,1013.9,0.0,4.1 02:14:20 21/04/21
7,79.4,8.615,1013.93,0.0,4.11 02:19:36 21/04/21
5,79.9,8.585,1013.91,0.0,4.11 02:24:46 21/04/21
5,80.4,8.49,1013.81,0.0,4.1 02:30:01 21/04/21
6,81.0,8.4,1013.81,0.0,4.1 02:35:18 21/04/21
5,80.3,8.375,1013.77,0.0,4.1 02:40:36 21/04/21
5,80.9,8.3,1013.82,0.0,4.1 02:45:48 21/04/21
5,80.6,8.265,1013.74,0.0,4.1 02:51:06 21/04/21
4,80.8,8.175,1013.73,0.0,4.1 02:56:24 21/04/21
4,81.0,8.085,1013.64,0.0,4.1 03:01:37 21/04/21
4,80.9,7.9900002,1013.61,0.0,4.1 03:06:50 21/04/21
4,81.2,7.9049997,1013.62,0.0,4.1 03:12:04 21/04/21
4,81.4,7.8100004,1013.56,0.0,4.1 03:17:17 21/04/21
3,81.0,7.7699995,1013.61,0.0,4.1 03:22:30 21/04/21
3,80.9,7.69,1013.57,0.0,4.1 03:27:44 21/04/21
3,81.0,7.59,1013.53,0.0,4.1 03:32:57 21/04/21
3,81.7,7.5,1013.63,0.0,4.1 03:38:09 21/04/21
3,81.8,7.4700003,1013.66,0.0,4.1 03:43:22 21/04/21
3,81.3,7.3849998,1013.66,0.0,4.1 03:48:35 21/04/21
3,81.6,7.295,1013.56,0.0,4.1 03:53:48 21/04/21
3,82.4,7.215,1013.66,0.0,4.1 03:59:01 21/04/21
3,83.0,7.185,1013.68,0.0,4.1 04:04:13 21/04/21
3,82.3,7.11,1013.77,0.0,4.1 04:09:28 21/04/21
3,82.5,7.08,1013.74,0.0,4.1 04:14:40 21/04/21
3,82.8,7.005,1013.75,0.0,4.1 04:19:53 21/04/21
2,82.5,6.91,1013.74,0.0,4.1 04:25:07 21/04/21
2,82.2,6.875,1013.69,0.0,4.1 04:30:18 21/04/21
2,82.7,6.79,1013.77,0.0,4.1 04:35:32 21/04/21
3,82.6,6.705,1013.75,0.0,4.1 04:40:45 21/04/21
2,82.8,6.67,1013.72,0.0,4.1 04:45:57 21/04/21
2,83.0,6.5950003,1013.74,0.0,4.1 04:51:11 21/04/21
2,82.9,6.565,1013.72,0.0,4.1 04:56:24 21/04/21
2,83.0,6.495,1013.74,0.0,4.09 05:01:37 21/04/21
2,83.3,6.415,1013.78,0.0,4.1 05:06:51 21/04/21
2,83.2,6.3999996,1013.77,0.0,4.09 05:12:04 21/04/21
2,83.3,6.38,1013.8,0.0,4.1 05:17:16 21/04/21
2,83.6,6.3199997,1013.82,0.0,4.1 05:22:29 21/04/21
2,83.5,6.355,1013.84,0.0,4.1 05:27:42 21/04/21
2,83.7,6.27,1013.7,0.0,4.1 05:32:55 21/04/21
2,84.0,6.2,1013.7,0.0,4.1 05:38:09 21/04/21
3,83.7,6.17,1013.72,0.0,4.09 05:43:24 21/04/21
2,84.1,6.105,1013.71,0.02,4.09 05:48:42 21/04/21
2,83.5,6.09,1013.72,0.07,4.09 05:53:53 21/04/21
2,84.0,6.0699997,1013.74,0.2,4.1 05:59:08 21/04/21
3,84.6,5.98,1013.72,0.47,4.1 06:04:22 21/04/21
4,83.9,5.95,1013.67,0.98,4.09 06:09:34 21/04/21
4,84.9,5.88,1013.77,1.67,4.09 06:14:46 21/04/21
6,84.3,5.8050003,1013.71,2.36,4.1 06:19:59 21/04/21
8,84.7,5.79,1013.77,3.0,4.09 06:25:13 21/04/21
9,84.9,5.715,1013.76,3.55,4.09 06:30:23 21/04/21
13,84.8,5.7,1013.87,4.13,4.1 06:35:38 21/04/21
15,85.1,5.6800003,1013.84,4.29,4.1 06:40:51 21/04/21
18,85.4,5.675,1013.91,4.71,4.09 06:46:04 21/04/21
20,85.3,5.675,1013.87,5.0,4.1 06:51:16 21/04/21
25,85.8,5.69,1013.91,5.0,4.09 06:56:29 21/04/21
30,86.0,5.7749996,1014.05,5.0,4.1 07:01:41 21/04/21
28,85.4,5.795,1014.03,5.0,4.1 07:06:53 21/04/21
29,86.7,5.885,1014.08,5.0,4.1 07:12:06 21/04/21
35,87.0,5.98,1014.13,5.0,4.1 07:17:25 21/04/21
36,85.3,6.0950003,1014.26,5.0,4.1 07:22:42 21/04/21
34,84.1,6.255,1014.3,5.0,4.1 07:27:53 21/04/21
38,85.8,6.385,1014.44,4.22,4.11 07:33:06 21/04/21
42,86.7,6.55,1014.4,4.22,4.1 07:38:21 21/04/21
46,85.7,6.665,1014.41,5.0,4.1 07:43:37 21/04/21
44,86.6,6.84,1014.39,5.0,4.11 07:48:56 21/04/21
43,87.2,7.0150003,1014.41,5.0,4.11 07:54:07 21/04/21
45,86.3,7.145,1014.51,4.77,4.11 07:59:20 21/04/21
51,86.4,7.265,1014.55,5.0,4.12 08:04:35 21/04/21
52,85.8,7.445,1014.64,5.0,4.11 08:09:48 21/04/21
52,85.5,7.575,1014.64,4.27,4.12 08:15:00 21/04/21
51,86.1,7.745,1014.64,5.0,4.12 08:20:13 21/04/21
51,85.9,7.845,1014.63,5.0,4.11 08:25:26 21/04/21
56,85.4,7.925,1014.57,5.0,4.12 08:30:39 21/04/21
65,84.9,7.96,1014.67,5.0,4.12 08:35:54 21/04/21
75,84.9,8.05,1014.72,4.22,4.14 08:41:06 21/04/21
79,85.4,8.22,1014.61,4.29,4.15 08:46:19 21/04/21
63,85.8,8.445,1014.65,5.0,4.15 08:51:32 21/04/21
63,85.6,8.725,1014.62,4.27,4.16 08:56:45 21/04/21
61,84.6,9.004999,1014.64,4.66,4.17 09:01:57 21/04/21
61,84.8,9.24,1014.75,4.66,4.17 09:07:12 21/04/21
59,84.9,9.504999,1014.71,4.27,4.18 09:12:26 21/04/21
58,87.7,9.795,1014.78,4.26,4.19 09:17:38 21/04/21
59,87.9,10.01,1014.72,4.31,4.19 09:22:57 21/04/21
58,86.2,10.32,1014.81,4.3,4.2 09:28:17 21/04/21
53,88.8,10.705,1014.83,4.66,4.21 09:33:35 21/04/21
56,86.6,10.965,1014.9,5.0,4.21 09:38:52 21/04/21
52,87.9,11.315001,1014.91,5.0,4.21 09:44:03 21/04/21
55,88.8,11.615,1014.93,5.0,4.17 09:49:18 21/04/21
52,87.0,11.785,1014.96,5.0,4.17 09:54:30 21/04/21
50,86.1,11.889999,1014.99,5.0,4.17 09:59:43 21/04/21
51,87.8,12.07,1015.06,5.0,4.16 10:05:01 21/04/21
49,87.8,12.25,1015.01,5.0,4.16 10:10:19 21/04/21
52,86.6,12.434999,1015.07,5.0,4.16 10:15:38 21/04/21
50,87.0,12.645,1015.08,5.0,4.16 10:20:53 21/04/21
52,87.9,12.915,1015.11,5.0,4.16 10:26:18 21/04/21
52,86.9,13.135,1015.15,5.0,4.16 10:31:35 21/04/21
50,85.6,13.264999,1015.14,5.0,4.16 10:36:54 21/04/21
51,86.3,13.45,1015.22,5.0,4.16 10:42:08 21/04/21
52,85.8,13.615,1015.2,5.0,4.16 10:47:21 21/04/21
49,85.7,13.745,1015.2,5.0,4.16 10:52:35 21/04/21
50,86.2,14.01,1015.3,5.0,4.16 10:57:47 21/04/21
53,85.9,14.23,1015.38,5.0,4.16 11:03:04 21/04/21
51,85.5,14.465,1015.38,5.0,4.16 11:08:18 21/04/21
53,86.0,14.690001,1015.38,5.0,4.15 11:13:32 21/04/21
56,84.9,14.815001,1015.44,5.0,4.16 11:18:47 21/04/21
56,84.9,14.99,1015.35,5.0,4.16 11:23:59 21/04/21
57,85.0,15.27,1015.39,5.0,4.15 11:29:17 21/04/21
56,85.4,15.5,1015.47,5.0,4.16 11:34:36 21/04/21
55,84.4,15.75,1015.42,5.0,4.16 11:39:48 21/04/21
54,84.3,15.885,1015.44,5.0,4.15 11:45:02 21/04/21
56,84.4,16.075,1015.45,5.0,4.15 11:50:19 21/04/21
56,84.0,16.27,1015.38,5.0,4.15 11:55:33 21/04/21
55,83.8,16.48,1015.36,5.0,4.16 12:00:46 21/04/21
51,83.6,16.744999,1015.4,5.0,4.15 12:05:59 21/04/21
55,81.9,16.875,1015.42,5.0,4.15 12:11:20 21/04/21
57,79.8,16.970001,1015.37,5.0,4.15 12:16:39 21/04/21
58,81.9,17.055,1015.39,5.0,4.15 12:21:53 21/04/21
58,81.7,17.24,1015.41,5.0,4.15 12:27:07 21/04/21
58,81.4,17.365,1015.43,5.0,4.15 12:32:20 21/04/21
58,81.4,17.560001,1015.39,5.0,4.15 12:37:35 21/04/21
61,79.8,17.75,1015.41,5.0,4.15 12:42:57 21/04/21
58,78.7,17.865,1015.32,5.0,4.15 12:48:13 21/04/21
60,78.2,18.025002,1015.33,5.0,4.15 12:53:31 21/04/21
57,75.7,18.224998,1015.31,5.0,4.15 12:58:49 21/04/21
61,79.2,18.335,1015.32,5.0,4.15 13:04:06 21/04/21
51,77.5,18.535,1015.38,5.0,4.15 13:09:20 21/04/21
59,74.8,18.675,1015.43,5.0,4.15 13:14:34 21/04/21
62,76.1,18.775,1015.4,5.0,4.15 13:19:50 21/04/21
61,76.5,18.945,1015.46,5.0,4.15 13:25:03 21/04/21
60,74.7,19.185,1015.4,5.0,4.15 13:30:20 21/04/21
65,75.3,19.135,1015.38,5.0,4.15 13:30:38 21/04/21
58,74.2,19.25,1015.27,5.0,4.15 13:35:49 21/04/21
57,72.4,19.33,1015.34,5.0,4.15 13:41:05 21/04/21
58,73.8,19.255,1015.32,5.0,4.15 13:46:19 21/04/21
58,73.4,19.185001,1015.28,5.0,4.15 13:51:35 21/04/21
56,69.5,19.175,1015.35,5.0,4.15 13:56:49 21/04/21
61,73.4,19.18,1015.33,5.0,4.15 14:02:08 21/04/21
59,72.6,19.285,1015.33,5.0,4.15 14:07:26 21/04/21
56,72.3,19.435001,1015.31,5.0,4.14 14:12:41 21/04/21
52,72.6,19.535,1015.27,5.0,4.15 14:17:57 21/04/21
57,72.5,19.55,1015.28,5.0,4.14 14:23:15 21/04/21
58,72.8,19.470001,1015.26,5.0,4.15 14:28:35 21/04/21
61,72.8,19.565,1015.36,5.0,4.14 14:33:50 21/04/21
60,71.3,19.74,1015.28,5.0,4.15 14:39:04 21/04/21
60,73.2,19.915,1015.23,5.0,4.14 14:44:17 21/04/21
62,71.2,20.025002,1015.25,5.0,4.14 14:49:35 21/04/21
47,71.6,20.11,1015.23,5.0,4.14 14:54:54 21/04/21
62,67.3,20.060001,1015.19,5.0,4.14 15:00:10 21/04/21
42,71.6,20.21,1015.19,5.0,4.14 15:05:26 21/04/21
60,70.1,20.1,1015.19,5.0,4.14 15:10:42 21/04/21
62,70.9,20.005001,1015.13,5.0,4.14 15:15:55 21/04/21
65,66.0,20.065,1015.12,5.0,4.14 15:21:12 21/04/21
43,70.1,20.005001,1015.14,5.0,4.14 15:26:26 21/04/21
42,65.7,19.83,1015.1,5.0,4.14 15:31:41 21/04/21
36,68.3,19.58,1015.18,5.0,4.14 15:36:57 21/04/21
34,65.8,19.29,1015.2,5.0,4.14 15:42:09 21/04/21
35,66.8,18.925,1015.21,5.0,4.14 15:47:26 21/04/21
34,67.4,18.865,1015.24,5.0,4.14 15:52:40 21/04/21
33,65.5,18.625,1015.29,5.0,4.14 15:57:53 21/04/21
59,66.2,18.48,1015.29,5.0,4.14 16:03:09 21/04/21
63,68.3,18.39,1015.23,5.0,4.14 16:08:29 21/04/21
47,70.9,18.725,1015.35,5.0,4.14 16:13:47 21/04/21
58,68.9,18.915,1015.33,5.0,4.14 16:19:02 21/04/21
33,67.0,18.795,1015.37,5.0,4.14 16:24:17 21/04/21
57,69.5,18.605,1015.3,5.0,4.14 16:29:31 21/04/21
55,70.5,18.654999,1015.34,5.0,4.14 16:34:46 21/04/21
44,69.2,18.665,1015.43,5.0,4.14 16:39:59 21/04/21
57,71.4,18.75,1015.45,5.0,4.14 16:45:16 21/04/21
56,69.8,18.865,1015.42,5.0,4.14 16:50:32 21/04/21
39,69.6,18.869999,1015.39,5.0,4.14 16:55:44 21/04/21
45,68.8,18.695,1015.41,5.0,4.14 17:01:00 21/04/21
57,69.5,18.6,1015.4,5.0,4.14 17:06:14 21/04/21
38,69.4,18.585,1015.43,5.0,4.14 17:11:32 21/04/21
33,68.6,18.494999,1015.41,5.0,4.14 17:16:50 21/04/21
51,69.2,18.34,1015.32,5.0,4.14 17:22:05 21/04/21
53,68.8,18.34,1015.35,5.0,4.14 17:27:21 21/04/21
51,69.7,18.41,1015.33,5.0,4.14 17:32:33 21/04/21
52,67.0,18.48,1015.41,5.0,4.14 17:37:50 21/04/21
52,67.9,18.435,1015.36,5.0,4.13 17:43:04 21/04/21
51,66.5,18.404999,1015.39,5.0,4.14 17:48:18 21/04/21
51,68.5,18.395,1015.39,5.0,4.14 17:53:32 21/04/21
48,67.5,18.395,1015.46,5.0,4.13 17:58:46 21/04/21
50,67.6,18.255001,1015.46,5.0,4.13 18:04:05 21/04/21
43,66.5,18.17,1015.55,5.0,4.14 18:09:16 21/04/21
46,66.6,18.064999,1015.65,5.0,4.14 18:14:31 21/04/21
48,67.5,18.01,1015.63,5.0,4.13 18:19:47 21/04/21
46,66.1,17.95,1015.59,5.0,4.13 18:25:00 21/04/21
46,66.8,17.86,1015.68,5.0,4.13 18:30:17 21/04/21
44,66.1,17.744999,1015.71,5.0,4.13 18:35:31 21/04/21
43,65.8,17.56,1015.65,5.0,4.13 18:40:45 21/04/21
43,66.3,17.385,1015.79,5.0,4.13 18:45:58 21/04/21
41,66.6,17.27,1015.86,5.0,4.13 18:51:13 21/04/21
27,66.1,17.08,1015.9,5.0,4.13 18:56:31 21/04/21
26,66.2,16.87,1015.94,5.0,4.13 19:01:42 21/04/21
36,67.0,16.66,1015.97,5.0,4.13 19:06:55 21/04/21
39,66.9,16.465,1015.97,5.0,4.13 19:12:20 21/04/21
36,67.2,16.37,1015.99,5.0,4.13 19:17:34 21/04/21
35,66.7,16.185001,1016.0,5.0,4.13 19:22:48 21/04/21
34,67.0,16.06,1016.11,5.0,4.13 19:28:01 21/04/21
34,66.9,15.870001,1016.19,5.0,4.13 19:33:21 21/04/21
29,67.0,15.69,1016.21,5.0,4.13 19:38:38 21/04/21
23,67.5,15.495001,1016.28,5.0,4.13 19:43:54 21/04/21
22,67.3,15.285,1016.4,5.0,4.13 19:49:08 21/04/21
18,67.2,15.07,1016.46,5.0,4.13 19:54:24 21/04/21
16,67.6,14.860001,1016.53,5.0,4.13 19:59:34 21/04/21
15,67.6,14.6,1016.6,5.0,4.13 20:04:50 21/04/21
13,67.6,14.389999,1016.69,5.0,4.13 20:10:04 21/04/21
12,67.4,14.175,1016.78,5.0,4.13 20:15:16 21/04/21
11,67.6,13.885,1016.86,5.0,4.13 20:20:32 21/04/21
9,67.3,13.625,1016.93,4.89,4.13 20:25:46 21/04/21
7,67.6,13.47,1017.04,4.35,4.13 20:31:00 21/04/21
5,67.9,13.2,1017.2,4.13,4.13 20:36:15 21/04/21
3,68.0,12.99,1017.26,3.72,4.12 20:41:27 21/04/21
2,68.6,12.795,1017.39,3.33,4.13 20:46:41 21/04/21
1,68.1,12.594999,1017.43,2.73,4.12 20:51:55 21/04/21
0,68.2,12.47,1017.57,2.17,4.12 20:57:09 21/04/21
0,68.2,12.285,1017.62,1.68,4.12 21:02:21 21/04/21
0,68.8,12.09,1017.75,1.06,4.12 21:07:36 21/04/21
0,68.3,11.885,1017.75,0.56,4.12 21:12:50 21/04/21
0,67.8,11.705,1017.98,0.25,4.12 21:18:03 21/04/21
0,67.8,11.52,1018.05,0.11,4.12 21:23:16 21/04/21
0,68.1,11.31,1018.1,0.05,4.12 21:28:31 21/04/21
0,68.6,11.184999,1018.15,0.02,4.12 21:33:44 21/04/21
0,68.5,11.075,1018.25,0.0,4.12 21:38:58 21/04/21
0,68.6,10.965,1018.34,0.0,4.12 21:44:11 21/04/21
0,68.9,10.805,1018.51,0.0,4.12 21:49:25 21/04/21
0,68.7,10.67,1018.47,0.0,4.12 21:54:36 21/04/21
0,69.2,10.57,1018.58,0.0,4.12 21:59:52 21/04/21
0,69.7,10.395,1018.62,0.0,4.12 22:05:05 21/04/21
0,69.3,10.31,1018.63,0.0,4.12 22:10:17 21/04/21
0,69.9,10.205,1018.7,0.0,4.12 22:15:31 21/04/21
0,69.8,10.16,1018.73,0.0,4.12 22:20:45 21/04/21
0,70.3,9.99,1018.8,0.0,4.12 22:25:59 21/04/21
0,69.8,9.950001,1018.78,0.0,4.12 22:31:12 21/04/21
0,69.8,9.815001,1018.91,0.0,4.12 22:36:26 21/04/21
0,70.0,9.755,1018.96,0.0,4.12 22:41:38 21/04/21
0,69.9,9.6,1018.99,0.0,4.12 22:46:52 21/04/21
0,70.6,9.48,1019.0,0.0,4.12 22:52:06 21/04/21
0,70.9,9.389999,1019.07,0.0,4.12 22:57:20 21/04/21
0,70.5,9.344999,1019.2,0.0,4.11 23:02:32 21/04/21
0,70.6,9.205,1019.21,0.0,4.12 23:07:45 21/04/21
0,70.3,9.1,1019.36,0.0,4.11 23:12:59 21/04/21
0,70.1,9.0,1019.39,0.0,4.11 23:18:13 21/04/21
0,70.9,8.9,1019.41,0.0,4.11 23:23:24 21/04/21
0,70.7,8.780001,1019.36,0.0,4.11 23:28:42 21/04/21
0,70.3,8.675,1019.4,0.0,4.11 23:34:00 21/04/21
0,71.0,8.575,1019.48,0.0,4.11 23:39:14 21/04/21
0,71.5,8.415,1019.51,0.0,4.11 23:44:35 21/04/21
0,71.0,8.389999,1019.56,0.0,4.11 23:49:48 21/04/21
0,71.2,8.295,1019.62,0.0,4.11 23:55:02 21/04/21
