0,57.6,8.77,1023.55,0.01,4.11 00:01:31 25/04/21
0,57.9,8.665,1023.6,0.01,4.11 00:06:48 25/04/21
0,58.0,8.57,1023.61,0.0,4.11 00:12:04 25/04/21
0,59.3,8.395,1023.58,0.01,4.11 00:17:17 25/04/21
0,58.2,8.305,1023.64,0.01,4.11 00:22:32 25/04/21
0,59.1,8.195,1023.69,0.0,4.11 00:27:45 25/04/21
0,59.0,8.16,1023.68,0.01,4.11 00:33:01 25/04/21
0,58.9,8.085,1023.77,0.01,4.11 00:38:12 25/04/21
0,58.6,8.055,1023.82,0.01,4.11 00:43:24 25/04/21
0,59.2,7.975,1023.84,0.01,4.11 00:48:36 25/04/21
0,58.9,7.9049997,1023.89,0.01,4.1 00:53:53 25/04/21
0,59.4,7.875,1024.0,0.01,4.11 00:59:05 25/04/21
0,59.2,7.8,1023.99,0.0,4.11 01:04:19 25/04/21
0,59.7,7.705,1024.06,0.01,4.11 01:09:29 25/04/21
0,59.6,7.67,1024.1,0.01,4.11 01:14:42 25/04/21
0,59.6,7.59,1024.18,0.0,4.11 01:19:57 25/04/21
0,59.5,7.55,1024.13,0.0,4.1 01:25:11 25/04/21
0,59.5,7.475,1024.1,0.0,4.11 01:30:23 25/04/21
0,59.6,7.445,1024.17,0.0,4.1 01:35:36 25/04/21
0,61.5,7.365,1024.15,0.0,4.1 01:40:49 25/04/21
0,61.9,7.3050003,1024.16,0.0,4.11 01:46:01 25/04/21
0,62.6,7.2749996,1024.18,0.0,4.1 01:51:15 25/04/21
0,61.3,7.215,1024.22,0.0,4.1 01:56:28 25/04/21
0,61.1,7.185,1024.21,0.0,4.1 02:01:42 25/04/21
0,61.2,7.1000004,1024.28,0.0,4.1 02:06:55 25/04/21
0,61.2,7.065,1024.31,0.0,4.1 02:12:11 25/04/21
0,62.1,6.99,1024.27,0.0,4.1 02:17:27 25/04/21
0,63.9,6.9700003,1024.28,0.0,4.1 02:22:46 25/04/21
0,63.2,6.96,1024.21,0.0,4.1 02:28:02 25/04/21
0,63.5,6.885,1024.16,0.0,4.1 02:33:19 25/04/21
0,62.9,6.865,1024.14,0.0,4.1 02:38:30 25/04/21
0,62.7,6.785,1024.07,0.0,4.1 02:43:41 25/04/21
0,64.0,6.6949997,1024.1,0.0,4.1 02:48:56 25/04/21
0,62.3,6.6549997,1024.02,0.0,4.1 02:54:09 25/04/21
0,64.3,6.5150003,1024.1,0.0,4.1 02:59:22 25/04/21
0,65.4,6.4750004,1024.14,0.0,4.1 03:04:33 25/04/21
0,63.4,6.38,1024.08,0.0,4.1 03:09:51 25/04/21
0,64.8,6.295,1024.1,0.0,4.1 03:15:10 25/04/21
0,63.7,6.255,1024.13,0.0,4.1 03:20:23 25/04/21
0,63.6,6.17,1024.06,0.0,4.1 03:25:35 25/04/21
0,63.1,6.08,1024.06,0.0,4.1 03:30:48 25/04/21
0,63.0,6.05,1024.14,0.0,4.1 03:36:01 25/04/21
0,63.3,5.965,1024.14,0.0,4.1 03:41:14 25/04/21
0,63.7,5.875,1024.17,0.0,4.1 03:46:28 25/04/21
0,63.7,5.795,1024.22,0.0,4.1 03:51:39 25/04/21
0,63.2,5.7,1024.25,0.0,4.1 03:56:52 25/04/21
0,63.7,5.65,1024.18,0.0,4.1 04:02:05 25/04/21
0,64.0,5.5699997,1024.23,0.0,4.1 04:07:19 25/04/21
0,64.4,5.485,1024.24,0.0,4.1 04:12:29 25/04/21
0,64.0,5.455,1024.25,0.0,4.1 04:17:44 25/04/21
0,63.9,5.37,1024.22,0.0,4.1 04:22:56 25/04/21
0,63.1,5.29,1024.28,0.0,4.1 04:28:08 25/04/21
0,65.0,5.26,1024.31,0.0,4.1 04:33:22 25/04/21
0,64.5,5.1800003,1024.24,0.0,4.1 04:38:36 25/04/21
0,64.6,5.1549997,1024.29,0.0,4.1 04:43:48 25/04/21
0,66.0,5.0699997,1024.42,0.0,4.09 04:49:04 25/04/21
0,65.7,5.04,1024.45,0.0,4.1 04:54:22 25/04/21
0,66.9,4.945,1024.37,0.0,4.1 04:59:35 25/04/21
0,66.5,4.87,1024.45,0.0,4.1 05:04:47 25/04/21
0,65.9,4.7799997,1024.42,0.0,4.09 05:09:58 25/04/21
0,67.2,4.69,1024.42,0.0,4.09 05:15:13 25/04/21
0,67.1,4.605,1024.44,0.0,4.1 05:20:26 25/04/21
0,66.1,4.575,1024.42,0.0,4.1 05:25:38 25/04/21
0,66.6,4.485,1024.38,0.0,4.09 05:30:50 25/04/21
1,67.9,4.395,1024.39,0.02,4.09 05:36:04 25/04/21
4,66.4,4.36,1024.35,0.05,4.09 05:41:20 25/04/21
5,67.3,4.2749996,1024.41,0.14,4.09 05:46:41 25/04/21
5,67.8,4.175,1024.39,0.34,4.09 05:51:59 25/04/21
6,68.1,4.0699997,1024.34,0.76,4.09 05:57:11 25/04/21
7,67.9,3.98,1024.36,1.41,4.09 06:02:24 25/04/21
9,68.0,3.8899999,1024.33,2.13,4.09 06:07:37 25/04/21
10,68.2,3.855,1024.32,2.83,4.09 06:12:48 25/04/21
14,68.1,3.7549999,1024.36,3.46,4.09 06:18:03 25/04/21
16,68.5,3.6000001,1024.3,3.97,4.09 06:23:15 25/04/21
14,69.1,3.565,1024.36,4.17,4.09 06:28:25 25/04/21
22,70.0,3.475,1024.43,4.37,4.09 06:33:40 25/04/21
27,68.5,3.3899999,1024.39,4.4,4.09 06:38:54 25/04/21
28,69.6,3.375,1024.4,4.62,4.09 06:44:05 25/04/21
24,68.2,3.3,1024.45,4.4,4.09 06:49:16 25/04/21
39,68.4,3.2849998,1024.42,5.0,4.09 06:54:34 25/04/21
35,68.1,3.345,1024.44,5.0,4.09 06:59:50 25/04/21
44,67.7,3.35,1024.39,4.76,4.09 07:05:04 25/04/21
40,67.9,3.455,1024.46,4.48,4.1 07:10:17 25/04/21
41,68.1,3.555,1024.57,4.36,4.1 07:15:30 25/04/21
47,68.6,3.65,1024.55,5.0,4.1 07:20:42 25/04/21
39,67.3,3.745,1024.64,4.32,4.1 07:25:54 25/04/21
36,69.7,3.85,1024.72,4.33,4.1 07:31:08 25/04/21
33,68.5,3.96,1024.81,5.0,4.09 07:36:20 25/04/21
40,71.5,4.0699997,1024.87,4.31,4.11 07:41:32 25/04/21
34,70.2,4.23,1024.79,5.0,4.1 07:46:44 25/04/21
44,70.4,4.345,1024.82,4.24,4.11 07:51:56 25/04/21
45,71.7,4.465,1024.8,5.0,4.11 07:57:09 25/04/21
38,72.2,4.66,1024.78,5.0,4.11 08:02:23 25/04/21
41,73.1,4.865,1024.82,4.38,4.12 08:07:37 25/04/21
42,72.4,5.13,1024.92,4.34,4.13 08:12:49 25/04/21
43,74.0,5.405,1024.95,4.82,4.13 08:18:03 25/04/21
50,71.0,5.625,1024.94,4.51,4.14 08:23:14 25/04/21
48,73.5,5.915,1024.99,4.4,4.14 08:28:31 25/04/21
51,74.9,6.225,1024.89,4.3,4.15 08:33:49 25/04/21
42,72.9,6.51,1024.94,5.0,4.14 08:39:06 25/04/21
37,73.4,6.79,1025.03,5.0,4.15 08:44:24 25/04/21
38,72.3,6.945,1024.91,5.0,4.15 08:49:36 25/04/21
47,70.3,7.135,1024.93,4.38,4.17 08:54:49 25/04/21
44,71.1,7.3199997,1024.94,4.31,4.17 09:00:00 25/04/21
46,73.7,7.51,1025.02,4.36,4.18 09:05:13 25/04/21
45,73.9,7.715,1025.05,4.28,4.19 09:10:28 25/04/21
38,72.4,7.92,1025.02,5.0,4.18 09:15:41 25/04/21
44,72.0,8.04,1025.08,5.0,4.15 09:20:54 25/04/21
50,71.1,8.045,1025.07,5.0,4.14 09:26:08 25/04/21
47,70.4,8.12,1025.0,5.0,4.14 09:31:19 25/04/21
43,71.5,8.245,1025.13,5.0,4.14 09:36:35 25/04/21
38,70.1,8.26,1025.16,5.0,4.14 09:41:47 25/04/21
42,70.1,8.25,1025.18,5.0,4.14 09:46:59 25/04/21
46,71.0,8.255,1025.07,5.0,4.14 09:52:14 25/04/21
36,70.3,8.2699995,1025.13,5.0,4.14 09:57:25 25/04/21
63,70.2,8.33,1025.12,5.0,4.14 10:02:41 25/04/21
41,69.7,8.43,1025.14,5.0,4.14 10:07:55 25/04/21
39,70.0,8.585,1025.16,5.0,4.14 10:13:06 25/04/21
67,69.4,8.625,1025.13,5.0,4.14 10:18:18 25/04/21
67,71.9,8.98,1025.1,5.0,4.14 10:23:33 25/04/21
48,70.8,9.41,1025.01,5.0,4.13 10:28:46 25/04/21
42,69.4,9.655001,1025.0,5.0,4.13 10:33:59 25/04/21
46,68.5,9.695,1025.07,5.0,4.13 10:39:13 25/04/21
63,68.2,9.605,1024.96,5.0,4.13 10:44:26 25/04/21
55,69.4,9.785,1025.04,5.0,4.14 10:49:40 25/04/21
64,70.2,10.05,1024.96,5.0,4.14 10:54:54 25/04/21
54,68.8,10.264999,1025.0,5.0,4.13 11:00:10 25/04/21
39,69.1,10.389999,1025.08,5.0,4.13 11:05:29 25/04/21
60,67.5,10.41,1025.13,5.0,4.13 11:10:40 25/04/21
63,68.4,10.559999,1025.07,5.0,4.14 11:15:55 25/04/21
62,67.8,10.685,1025.03,5.0,4.13 11:21:09 25/04/21
61,68.8,10.934999,1024.9,5.0,4.13 11:26:21 25/04/21
61,68.3,11.205,1024.93,5.0,4.14 11:31:36 25/04/21
62,68.7,11.5,1024.89,5.0,4.13 11:36:51 25/04/21
61,67.4,11.715,1024.86,5.0,4.13 11:42:03 25/04/21
62,66.8,11.775,1024.86,5.0,4.13 11:47:17 25/04/21
62,67.0,11.92,1024.86,5.0,4.13 11:52:30 25/04/21
62,65.6,12.045,1024.8,5.0,4.13 11:57:44 25/04/21
62,66.7,12.155001,1024.67,5.0,4.13 12:02:58 25/04/21
61,67.4,12.415,1024.72,5.0,4.13 12:08:11 25/04/21
63,67.1,12.615,1024.79,5.0,4.13 12:13:25 25/04/21
63,66.2,12.8,1024.74,5.0,4.13 12:18:40 25/04/21
63,63.4,12.78,1024.55,5.0,4.13 12:23:53 25/04/21
63,65.7,12.92,1024.58,5.0,4.13 12:29:07 25/04/21
64,67.3,13.125,1024.58,5.0,4.13 12:34:20 25/04/21
64,65.0,13.32,1024.47,5.0,4.13 12:39:34 25/04/21
65,65.9,13.495,1024.44,5.0,4.13 12:44:48 25/04/21
65,65.2,13.705,1024.4,5.0,4.13 12:50:03 25/04/21
64,63.4,13.764999,1024.32,5.0,4.13 12:55:17 25/04/21
64,65.3,13.924999,1024.24,5.0,4.13 13:00:30 25/04/21
63,64.2,14.174999,1024.25,5.0,4.13 13:05:42 25/04/21
64,64.4,14.305,1024.23,5.0,4.13 13:10:58 25/04/21
65,64.5,14.5,1024.31,5.0,4.13 13:16:12 25/04/21
63,64.0,14.684999,1024.11,5.0,4.13 13:21:24 25/04/21
65,64.9,14.79,1024.04,5.0,4.13 13:26:41 25/04/21
65,64.3,14.995,1024.01,5.0,4.13 13:31:54 25/04/21
65,64.1,15.184999,1024.05,5.0,4.13 13:37:08 25/04/21
64,63.4,15.280001,1024.0,5.0,4.13 13:42:21 25/04/21
64,63.8,15.389999,1024.02,5.0,4.13 13:47:36 25/04/21
65,62.7,15.5,1024.07,5.0,4.13 13:52:51 25/04/21
64,63.4,15.66,1024.09,5.0,4.13 13:58:05 25/04/21
64,62.2,15.785,1024.03,5.0,4.13 14:03:20 25/04/21
63,62.4,15.889999,1023.95,5.0,4.13 14:08:33 25/04/21
64,62.1,15.965,1023.98,5.0,4.13 14:13:47 25/04/21
65,59.4,15.925,1024.03,5.0,4.13 14:19:06 25/04/21
64,60.4,15.945,1023.95,5.0,4.12 14:24:25 25/04/21
64,60.4,16.02,1023.95,5.0,4.13 14:29:39 25/04/21
63,60.3,16.11,1023.91,5.0,4.13 14:34:52 25/04/21
62,58.9,16.215,1023.86,5.0,4.13 14:40:05 25/04/21
64,60.7,16.305,1023.82,5.0,4.13 14:45:23 25/04/21
63,60.6,16.42,1023.8,5.0,4.13 14:50:36 25/04/21
62,59.5,16.58,1023.78,5.0,4.13 14:55:50 25/04/21
64,58.2,16.525,1023.7,5.0,4.13 15:01:08 25/04/21
63,58.3,16.61,1023.66,5.0,4.12 15:06:27 25/04/21
63,56.6,16.55,1023.6,5.0,4.13 15:11:42 25/04/21
63,58.3,16.54,1023.52,5.0,4.12 15:16:56 25/04/21
62,55.5,16.54,1023.48,5.0,4.12 15:22:10 25/04/21
63,58.7,16.605,1023.39,5.0,4.12 15:27:25 25/04/21
62,57.7,16.61,1023.33,5.0,4.12 15:32:39 25/04/21
61,57.3,16.695,1023.25,5.0,4.12 15:37:53 25/04/21
62,58.2,16.785,1023.21,5.0,4.12 15:43:08 25/04/21
61,57.4,16.75,1023.18,5.0,4.12 15:48:22 25/04/21
63,58.4,16.82,1023.14,5.0,4.12 15:53:40 25/04/21
61,56.0,16.67,1023.06,5.0,4.12 15:59:00 25/04/21
60,57.6,16.785,1022.95,5.0,4.12 16:04:14 25/04/21
60,58.4,16.885,1022.94,5.0,4.12 16:09:28 25/04/21
61,58.1,16.92,1022.88,5.0,4.12 16:14:43 25/04/21
61,56.5,16.865,1022.83,5.0,4.12 16:19:58 25/04/21
61,55.6,16.86,1022.73,5.0,4.12 16:25:10 25/04/21
59,55.6,16.84,1022.74,5.0,4.12 16:30:26 25/04/21
57,56.7,16.755001,1022.63,5.0,4.12 16:35:40 25/04/21
54,53.8,16.68,1022.58,5.0,4.12 16:40:58 25/04/21
57,55.2,16.595001,1022.49,5.0,4.12 16:46:17 25/04/21
56,56.4,16.564999,1022.53,5.0,4.12 16:51:32 25/04/21
58,56.9,16.58,1022.59,5.0,4.12 16:56:46 25/04/21
58,58.0,16.715,1022.48,5.0,4.12 17:02:01 25/04/21
56,56.3,16.75,1022.4,5.0,4.12 17:07:15 25/04/21
57,56.7,16.755001,1022.36,5.0,4.12 17:12:29 25/04/21
57,56.6,16.685001,1022.31,5.0,4.12 17:17:43 25/04/21
56,56.2,16.68,1022.27,5.0,4.12 17:22:58 25/04/21
57,55.3,16.66,1022.14,5.0,4.12 17:28:12 25/04/21
57,54.2,16.5,1022.09,5.0,4.12 17:33:27 25/04/21
56,54.7,16.34,1021.96,5.0,4.12 17:38:41 25/04/21
56,55.5,16.305,1021.96,5.0,4.12 17:43:55 25/04/21
57,55.6,16.3,1021.92,5.0,4.12 17:49:13 25/04/21
54,56.1,16.355,1021.9,5.0,4.12 17:54:31 25/04/21
54,56.0,16.365,1021.98,5.0,4.12 17:59:47 25/04/21
52,56.4,16.37,1022.03,5.0,4.12 18:05:00 25/04/21
54,55.0,16.285,1022.03,5.0,4.12 18:10:19 25/04/21
51,54.8,16.195,1021.97,5.0,4.12 18:15:39 25/04/21
50,54.9,16.02,1022.02,5.0,4.12 18:20:52 25/04/21
50,55.3,15.834999,1021.86,5.0,4.12 18:26:07 25/04/21
48,54.9,15.645,1021.87,5.0,4.12 18:31:20 25/04/21
48,53.6,15.375,1021.86,5.0,4.12 18:36:36 25/04/21
48,54.7,15.16,1021.8,5.0,4.11 18:41:49 25/04/21
47,54.3,15.04,1021.8,5.0,4.12 18:47:04 25/04/21
45,54.3,14.895,1021.77,5.0,4.12 18:52:16 25/04/21
44,54.6,14.77,1021.73,5.0,4.12 18:57:31 25/04/21
42,55.0,14.655001,1021.73,5.0,4.11 19:02:49 25/04/21
40,54.1,14.48,1021.73,5.0,4.12 19:08:06 25/04/21
39,55.1,14.360001,1021.7,5.0,4.11 19:13:22 25/04/21
39,55.3,14.184999,1021.72,5.0,4.11 19:18:36 25/04/21
39,55.5,14.07,1021.66,5.0,4.11 19:23:51 25/04/21
39,55.3,13.96,1021.61,5.0,4.11 19:29:04 25/04/21
34,55.6,13.940001,1021.65,5.0,4.11 19:34:17 25/04/21
32,55.7,13.785,1021.64,5.0,4.11 19:39:33 25/04/21
31,55.4,13.665,1021.51,5.0,4.11 19:44:46 25/04/21
20,55.5,13.465,1021.54,5.0,4.11 19:49:58 25/04/21
18,55.7,13.275,1021.49,5.0,4.11 19:55:18 25/04/21
16,55.5,13.094999,1021.47,5.0,4.11 20:00:34 25/04/21
23,56.2,12.9,1021.46,5.0,4.11 20:05:50 25/04/21
15,55.5,12.695,1021.5,5.0,4.11 20:11:04 25/04/21
13,55.8,12.485001,1021.49,5.0,4.11 20:16:17 25/04/21
11,56.3,12.29,1021.42,5.0,4.11 20:21:29 25/04/21
10,56.0,12.11,1021.38,5.0,4.11 20:26:44 25/04/21
8,56.4,11.96,1021.37,4.76,4.11 20:31:57 25/04/21
7,56.3,11.780001,1021.3,4.4,4.11 20:37:12 25/04/21
6,56.5,11.605,1021.29,4.23,4.11 20:42:26 25/04/21
4,56.5,11.49,1021.19,4.04,4.11 20:47:39 25/04/21
2,56.8,11.37,1021.13,3.58,4.11 20:52:51 25/04/21
1,56.6,11.190001,1021.01,3.09,4.11 20:58:07 25/04/21
0,56.9,11.07,1020.88,2.49,4.11 21:03:20 25/04/21
0,57.7,10.889999,1020.93,1.85,4.11 21:08:34 25/04/21
0,57.2,10.780001,1020.9,1.21,4.11 21:13:47 25/04/21
0,57.4,10.67,1020.99,0.66,4.11 21:19:01 25/04/21
0,57.8,10.5,1021.02,0.31,4.11 21:24:14 25/04/21
0,57.8,10.395,1021.08,0.14,4.1 21:29:28 25/04/21
0,58.0,10.295,1021.2,0.06,4.1 21:34:41 25/04/21
0,57.9,10.195,1021.21,0.03,4.11 21:39:53 25/04/21
0,57.9,10.094999,1021.24,0.01,4.1 21:45:08 25/04/21
0,57.7,9.98,1021.34,0.01,4.1 21:50:22 25/04/21
0,58.0,9.875,1021.4,0.0,4.1 21:55:36 25/04/21
0,58.3,9.76,1021.46,0.0,4.1 22:00:48 25/04/21
0,58.2,9.61,1021.56,0.0,4.1 22:06:00 25/04/21
0,58.2,9.51,1021.58,0.0,4.1 22:11:15 25/04/21
0,58.2,9.47,1021.6,0.0,4.1 22:16:32 25/04/21
0,58.1,9.385,1021.61,0.0,4.1 22:21:49 25/04/21
0,58.4,9.29,1021.62,0.0,4.1 22:27:04 25/04/21
0,58.3,9.2,1021.66,0.0,4.1 22:32:18 25/04/21
0,58.4,9.105,1021.71,0.0,4.1 22:37:30 25/04/21
0,58.4,8.995,1021.8,0.0,4.1 22:42:42 25/04/21
0,58.5,8.82,1021.75,0.0,4.1 22:47:55 25/04/21
0,58.6,8.695,1021.74,0.0,4.1 22:53:10 25/04/21
0,58.7,8.59,1021.67,0.0,4.1 22:58:24 25/04/21
0,58.9,8.47,1021.64,0.0,4.1 23:03:37 25/04/21
0,59.0,8.365,1021.55,0.0,4.1 23:08:48 25/04/21
0,59.1,8.195,1021.54,0.0,4.1 23:14:03 25/04/21
0,59.4,8.09,1021.51,0.0,4.1 23:19:14 25/04/21
0,59.5,7.98,1021.44,0.0,4.1 23:24:28 25/04/21
0,59.7,7.8149996,1021.41,0.0,4.1 23:29:42 25/04/21
0,59.4,7.7699995,1021.41,0.0,4.1 23:34:56 25/04/21
0,60.0,7.615,1021.47,0.0,4.1 23:40:07 25/04/21
0,59.9,7.55,1021.42,0.0,4.1 23:45:22 25/04/21
0,60.1,7.4,1021.46,0.0,4.1 23:50:36 25/04/21
0,60.0,7.3,1021.47,0.0,4.1 23:55:46 25/04/21
