0,75.1,5.1949997,1009.68,0.0,4.11 00:02:22 30/04/21
0,75.1,5.115,1009.67,0.0,4.11 00:07:35 30/04/21
1,75.3,5.08,1009.74,0.0,4.11 00:12:47 30/04/21
2,75.4,4.985,1009.8,0.0,4.11 00:18:02 30/04/21
4,75.1,4.89,1009.88,0.0,4.11 00:23:12 30/04/21
5,75.4,4.73,1009.92,0.0,4.11 00:28:24 30/04/21
7,75.4,4.67,1009.93,0.0,4.11 00:33:43 30/04/21
7,75.2,4.59,1009.92,0.0,4.11 00:39:00 30/04/21
7,75.2,4.505,1009.91,0.0,4.11 00:44:12 30/04/21
8,75.5,4.405,1009.91,0.0,4.11 00:49:25 30/04/21
8,75.2,4.37,1010.05,0.0,4.11 00:54:39 30/04/21
8,75.8,4.2799997,1010.03,0.0,4.1 00:59:49 30/04/21
9,75.8,4.1949997,1010.05,0.0,4.11 01:05:03 30/04/21
7,76.5,4.115,1010.02,0.0,4.11 01:10:16 30/04/21
8,76.5,4.085,1009.99,0.0,4.11 01:15:33 30/04/21
6,76.6,4.0099998,1009.96,0.0,4.11 01:20:51 30/04/21
6,76.8,3.98,1009.96,0.0,4.1 01:26:03 30/04/21
5,76.5,3.9,1009.97,0.0,4.11 01:31:15 30/04/21
5,76.8,3.81,1009.97,0.0,4.11 01:36:29 30/04/21
5,76.6,3.78,1009.95,0.0,4.1 01:41:41 30/04/21
4,77.1,3.71,1009.93,0.0,4.1 01:46:53 30/04/21
4,77.2,3.685,1009.84,0.0,4.1 01:52:04 30/04/21
4,76.6,3.675,1009.77,0.0,4.1 01:57:20 30/04/21
4,75.9,3.665,1009.74,0.0,4.1 02:02:31 30/04/21
4,77.1,3.665,1009.77,0.0,4.1 02:07:44 30/04/21
4,76.0,3.655,1009.69,0.0,4.1 02:12:57 30/04/21
4,77.1,3.65,1009.7,0.0,4.1 02:18:09 30/04/21
3,77.9,3.65,1009.68,0.0,4.1 02:23:20 30/04/21
3,76.9,3.645,1009.74,0.0,4.1 02:28:34 30/04/21
3,77.6,3.6000001,1009.74,0.0,4.1 02:33:46 30/04/21
3,77.5,3.585,1009.68,0.0,4.1 02:39:00 30/04/21
3,77.9,3.575,1009.73,0.0,4.1 02:44:12 30/04/21
2,77.7,3.505,1009.79,0.0,4.1 02:49:23 30/04/21
3,76.8,3.4650002,1009.85,0.0,4.1 02:54:38 30/04/21
2,77.2,3.3899999,1009.91,0.0,4.1 02:59:48 30/04/21
2,77.3,3.3600001,1009.94,0.0,4.1 03:05:01 30/04/21
2,76.9,3.29,1009.98,0.0,4.1 03:10:15 30/04/21
2,77.1,3.28,1010.03,0.0,4.1 03:15:28 30/04/21
2,78.2,3.27,1010.06,0.0,4.1 03:20:41 30/04/21
2,78.2,3.26,1010.04,0.0,4.1 03:25:53 30/04/21
2,77.2,3.19,1010.01,0.0,4.1 03:31:08 30/04/21
1,77.0,3.165,1010.14,0.0,4.1 03:36:18 30/04/21
2,77.6,3.155,1010.27,0.0,4.1 03:41:36 30/04/21
1,76.9,3.145,1010.2,0.0,4.1 03:46:53 30/04/21
1,77.8,3.145,1010.23,0.0,4.1 03:52:04 30/04/21
2,77.8,3.15,1010.23,0.0,4.1 03:57:18 30/04/21
2,78.3,3.15,1010.17,0.0,4.1 04:02:30 30/04/21
1,78.3,3.155,1010.17,0.0,4.1 04:07:40 30/04/21
2,78.9,3.15,1010.1,0.0,4.1 04:12:55 30/04/21
1,78.8,3.145,1010.13,0.0,4.1 04:18:07 30/04/21
2,78.8,3.085,1010.1,0.0,4.1 04:23:21 30/04/21
1,77.7,3.0700002,1010.16,0.0,4.1 04:28:32 30/04/21
1,78.0,3.0500002,1010.13,0.0,4.1 04:33:43 30/04/21
1,77.8,3.04,1010.13,0.0,4.1 04:38:56 30/04/21
1,77.8,3.04,1010.15,0.0,4.1 04:44:08 30/04/21
2,76.6,3.0500002,1010.12,0.0,4.1 04:49:25 30/04/21
1,77.9,3.13,1010.08,0.0,4.1 04:54:34 30/04/21
1,77.1,3.225,1010.01,0.0,4.1 04:59:46 30/04/21
1,78.4,3.27,1009.99,0.0,4.1 05:05:00 30/04/21
2,78.3,3.35,1010.01,0.0,4.1 05:10:13 30/04/21
2,79.2,3.4450002,1010.08,0.0,4.1 05:15:26 30/04/21
2,80.7,3.535,1010.28,0.0,4.1 05:20:38 30/04/21
2,80.4,3.56,1010.25,0.01,4.1 05:25:51 30/04/21
3,82.3,3.72,1010.17,0.04,4.09 05:31:07 30/04/21
3,80.9,3.8400002,1009.95,0.11,4.1 05:36:29 30/04/21
3,80.5,3.9499998,1009.93,0.24,4.1 05:41:46 30/04/21
2,80.4,4.0299997,1010.01,0.53,4.09 05:46:59 30/04/21
1,79.3,4.05,1009.97,1.04,4.09 05:52:13 30/04/21
0,79.7,4.065,1009.8,1.7,4.1 05:57:22 30/04/21
1,79.4,4.125,1009.81,2.6,4.1 06:02:36 30/04/21
3,78.9,4.065,1009.82,3.44,4.09 06:07:49 30/04/21
4,78.7,4.05,1009.81,3.59,4.09 06:13:07 30/04/21
5,79.0,4.04,1009.8,3.94,4.09 06:18:23 30/04/21
7,78.1,4.025,1009.85,4.22,4.09 06:23:36 30/04/21
8,78.5,4.025,1009.96,4.24,4.09 06:28:48 30/04/21
11,79.5,3.9699998,1009.9,4.29,4.09 06:34:01 30/04/21
10,79.9,3.98,1009.91,4.97,4.1 06:39:14 30/04/21
10,79.3,3.975,1009.99,5.0,4.1 06:44:25 30/04/21
14,79.7,3.9699998,1010.09,5.0,4.09 06:49:39 30/04/21
11,79.9,4.04,1010.25,4.21,4.1 06:54:52 30/04/21
15,79.6,4.065,1010.3,4.91,4.09 07:00:05 30/04/21
13,80.7,4.16,1010.4,4.75,4.1 07:05:17 30/04/21
13,80.7,4.265,1010.4,4.66,4.09 07:10:30 30/04/21
15,80.7,4.435,1010.62,4.93,4.1 07:15:42 30/04/21
12,81.2,4.5550003,1010.64,5.0,4.1 07:20:55 30/04/21
13,82.6,4.725,1010.35,4.66,4.09 07:26:09 30/04/21
14,80.9,4.845,1010.29,4.81,4.1 07:31:21 30/04/21
14,80.9,4.995,1010.45,4.17,4.09 07:36:37 30/04/21
21,81.0,5.04,1010.42,5.0,4.1 07:41:55 30/04/21
13,80.1,5.145,1010.38,5.0,4.1 07:47:06 30/04/21
17,80.9,5.245,1010.49,4.61,4.1 07:52:20 30/04/21
19,81.2,5.335,1010.58,4.88,4.09 07:57:33 30/04/21
18,80.5,5.4300003,1010.6,4.17,4.1 08:02:45 30/04/21
24,83.9,5.5299997,1010.65,4.56,4.1 08:08:04 30/04/21
20,84.4,5.6949997,1010.57,4.16,4.11 08:13:18 30/04/21
22,86.6,5.8199997,1010.57,5.0,4.11 08:18:31 30/04/21
29,84.8,5.925,1010.55,4.2,4.11 08:23:47 30/04/21
32,85.2,6.0299997,1010.55,5.0,4.12 08:28:59 30/04/21
29,83.2,6.145,1010.47,4.67,4.11 08:34:10 30/04/21
36,83.1,6.24,1010.5,4.89,4.12 08:39:27 30/04/21
37,81.7,6.3900003,1010.54,4.23,4.13 08:44:36 30/04/21
35,80.8,6.51,1010.61,5.0,4.13 08:49:49 30/04/21
44,84.3,6.63,1010.72,5.0,4.13 08:55:04 30/04/21
37,86.3,6.8199997,1010.73,5.0,4.14 09:00:15 30/04/21
39,85.4,7.0,1010.69,4.23,4.14 09:05:30 30/04/21
39,83.7,7.135,1010.75,5.0,4.15 09:10:43 30/04/21
41,85.4,7.305,1010.64,5.0,4.15 09:15:56 30/04/21
39,85.3,7.42,1010.64,4.25,4.16 09:21:07 30/04/21
41,88.0,7.54,1010.61,5.0,4.16 09:26:20 30/04/21
44,86.6,7.65,1010.57,4.86,4.17 09:31:39 30/04/21
40,85.6,7.825,1010.57,4.23,4.17 09:36:56 30/04/21
37,84.6,7.925,1010.6,5.0,4.17 09:42:10 30/04/21
33,83.8,8.015,1010.58,4.34,4.16 09:47:21 30/04/21
34,84.9,8.1,1010.68,4.28,4.16 09:52:39 30/04/21
25,85.9,8.125,1010.74,4.22,4.16 09:57:47 30/04/21
37,84.5,8.13,1010.79,4.23,4.17 10:03:02 30/04/21
42,86.7,8.215,1010.79,5.0,4.15 10:08:15 30/04/21
47,84.2,8.305,1010.86,5.0,4.15 10:13:29 30/04/21
36,85.1,8.41,1010.9,5.0,4.14 10:18:42 30/04/21
32,82.3,8.49,1010.94,5.0,4.14 10:23:56 30/04/21
33,83.3,8.505,1011.01,5.0,4.14 10:29:07 30/04/21
39,84.3,8.52,1011.02,5.0,4.14 10:34:25 30/04/21
41,83.9,8.59,1010.98,5.0,4.14 10:39:47 30/04/21
44,83.6,8.63,1010.99,5.0,4.14 10:45:04 30/04/21
48,84.8,8.78,1011.04,5.0,4.14 10:50:16 30/04/21
50,85.7,8.915,1010.98,5.0,4.14 10:55:30 30/04/21
43,85.3,9.1,1011.13,5.0,4.14 11:00:45 30/04/21
42,84.3,9.205,1011.18,5.0,4.14 11:05:57 30/04/21
36,82.7,9.299999,1011.18,5.0,4.14 11:11:09 30/04/21
44,84.4,9.395,1011.19,5.0,4.14 11:16:24 30/04/21
62,84.3,9.5,1011.18,5.0,4.14 11:21:47 30/04/21
52,83.6,9.700001,1011.13,5.0,4.14 11:27:00 30/04/21
40,83.7,9.799999,1011.04,5.0,4.14 11:32:11 30/04/21
46,83.2,9.875,1011.11,5.0,4.14 11:37:28 30/04/21
63,83.3,9.98,1011.03,5.0,4.14 11:42:41 30/04/21
68,84.0,10.175,1011.0,5.0,4.14 11:47:57 30/04/21
67,84.5,10.610001,1010.89,5.0,4.14 11:53:15 30/04/21
62,85.0,11.025,1010.91,5.0,4.14 11:58:27 30/04/21
65,83.0,11.42,1010.86,5.0,4.14 12:03:41 30/04/21
63,82.8,11.79,1010.85,5.0,4.14 12:08:55 30/04/21
72,81.9,12.02,1010.81,5.0,4.14 12:14:11 30/04/21
64,81.5,12.389999,1010.81,5.0,4.14 12:19:22 30/04/21
44,80.9,12.59,1010.65,5.0,4.14 12:24:38 30/04/21
42,79.4,12.645,1010.73,5.0,4.14 12:29:50 30/04/21
64,80.2,12.725,1010.65,5.0,4.14 12:35:04 30/04/21
44,80.0,13.02,1010.63,5.0,4.14 12:40:17 30/04/21
37,77.7,13.125,1010.59,5.0,4.13 12:45:34 30/04/21
35,77.5,12.975,1010.6,5.0,4.14 12:50:45 30/04/21
39,77.2,12.845,1010.58,5.0,4.14 12:56:00 30/04/21
42,77.2,12.67,1010.53,5.0,4.13 13:01:13 30/04/21
42,78.2,12.57,1010.51,5.0,4.13 13:06:26 30/04/21
45,78.6,12.575,1010.41,5.0,4.13 13:11:45 30/04/21
64,77.0,12.725,1010.29,5.0,4.13 13:17:02 30/04/21
40,79.1,12.924999,1010.28,5.0,4.13 13:22:17 30/04/21
38,78.1,13.085,1010.24,5.0,4.13 13:27:32 30/04/21
31,77.2,13.04,1010.29,5.0,4.13 13:32:45 30/04/21
28,76.8,12.965,1010.34,5.0,4.13 13:37:58 30/04/21
27,76.1,12.865,1010.28,5.0,4.13 13:43:11 30/04/21
27,76.6,12.695,1010.3,5.0,4.13 13:48:24 30/04/21
29,77.0,12.594999,1010.35,5.0,4.13 13:53:43 30/04/21
29,76.6,12.5,1010.35,5.0,4.13 13:58:54 30/04/21
31,77.0,12.475,1010.31,5.0,4.13 14:04:08 30/04/21
31,77.2,12.465,1010.28,5.0,4.13 14:09:21 30/04/21
34,77.3,12.4,1010.24,5.0,4.13 14:14:36 30/04/21
35,77.3,12.405001,1010.27,5.0,4.13 14:19:49 30/04/21
38,77.6,12.405001,1010.31,5.0,4.13 14:25:02 30/04/21
38,77.7,12.465,1010.27,5.0,4.13 14:30:14 30/04/21
39,76.6,12.425,1010.29,5.0,4.13 14:35:28 30/04/21
40,77.4,12.415,1010.28,5.0,4.13 14:40:46 30/04/21
40,77.7,12.5,1010.29,5.0,4.13 14:45:56 30/04/21
40,75.2,12.52,1010.22,5.0,4.13 14:51:11 30/04/21
42,77.0,12.585,1010.2,5.0,4.13 14:56:23 30/04/21
43,76.7,12.675,1010.21,5.0,4.13 15:01:39 30/04/21
45,75.4,12.695,1010.18,5.0,4.13 15:06:52 30/04/21
66,75.3,12.785,1010.11,5.0,4.13 15:12:05 30/04/21
50,74.3,12.889999,1010.07,5.0,4.13 15:17:21 30/04/21
49,74.2,12.99,1010.03,5.0,4.13 15:22:33 30/04/21
49,74.6,13.165,1010.03,5.0,4.13 15:27:46 30/04/21
50,75.0,13.29,1009.99,5.0,4.13 15:33:01 30/04/21
50,74.7,13.4,1009.98,5.0,4.13 15:38:14 30/04/21
48,75.6,13.485,1009.91,5.0,4.12 15:43:29 30/04/21
46,72.9,13.65,1009.93,5.0,4.13 15:48:44 30/04/21
63,74.8,13.675,1009.94,5.0,4.13 15:53:58 30/04/21
48,75.8,13.76,1009.93,5.0,4.13 15:59:12 30/04/21
44,74.7,13.785,1009.89,5.0,4.13 16:04:23 30/04/21
41,75.2,13.785,1009.9,5.0,4.13 16:09:39 30/04/21
37,72.9,13.705,1009.89,5.0,4.13 16:14:53 30/04/21
34,73.9,13.610001,1009.94,5.0,4.12 16:20:05 30/04/21
34,73.3,13.455,1009.9,5.0,4.12 16:25:26 30/04/21
34,73.0,13.35,1009.8,5.0,4.12 16:30:44 30/04/21
34,73.4,13.315001,1009.86,5.0,4.12 16:35:57 30/04/21
35,72.7,13.23,1009.83,5.0,4.12 16:41:09 30/04/21
38,73.8,13.23,1009.8,5.0,4.12 16:46:28 30/04/21
45,74.2,13.305,1009.81,5.0,4.12 16:51:47 30/04/21
39,75.1,13.42,1009.82,5.0,4.12 16:57:01 30/04/21
35,75.9,13.514999,1009.84,5.0,4.12 17:02:13 30/04/21
32,75.2,13.605,1009.87,5.0,4.12 17:07:28 30/04/21
29,74.7,13.545,1009.86,5.0,4.12 17:12:42 30/04/21
34,74.9,13.52,1009.85,5.0,4.12 17:17:56 30/04/21
31,74.5,13.434999,1009.82,5.0,4.12 17:23:10 30/04/21
31,74.9,13.344999,1009.86,5.0,4.12 17:28:24 30/04/21
30,74.3,13.25,1009.88,5.0,4.12 17:33:37 30/04/21
30,73.6,13.15,1009.91,5.0,4.12 17:38:52 30/04/21
31,73.6,12.98,1009.91,5.0,4.12 17:44:06 30/04/21
30,72.8,12.885,1009.94,5.0,4.12 17:49:21 30/04/21
28,73.9,12.860001,1010.01,5.0,4.12 17:54:32 30/04/21
28,74.2,12.855,1010.03,5.0,4.12 17:59:51 30/04/21
28,73.3,12.844999,1010.01,5.0,4.12 18:05:17 30/04/21
26,73.2,12.76,1009.92,5.0,4.12 18:10:32 30/04/21
25,73.3,12.675,1009.91,5.0,4.12 18:15:45 30/04/21
25,73.1,12.65,1009.92,5.0,4.12 18:20:58 30/04/21
26,72.9,12.565,1009.98,5.0,4.12 18:26:13 30/04/21
25,72.9,12.535,1010.01,5.0,4.12 18:31:25 30/04/21
25,73.1,12.46,1010.02,5.0,4.12 18:36:41 30/04/21
23,73.5,12.455,1010.1,5.0,4.12 18:41:53 30/04/21
20,74.2,12.455,1010.19,5.0,4.12 18:47:08 30/04/21
16,74.0,12.46,1010.09,5.0,4.12 18:52:22 30/04/21
15,74.1,12.46,1010.17,5.0,4.12 18:57:40 30/04/21
12,74.8,12.455,1010.23,5.0,4.12 19:02:58 30/04/21
12,74.4,12.365,1010.26,5.0,4.12 19:08:18 30/04/21
12,74.4,12.344999,1010.24,5.0,4.12 19:13:34 30/04/21
14,74.6,12.255,1010.28,5.0,4.11 19:18:47 30/04/21
14,73.8,12.139999,1010.29,5.0,4.12 19:23:59 30/04/21
16,74.0,11.97,1010.33,5.0,4.12 19:29:18 30/04/21
15,74.0,11.875,1010.31,5.0,4.12 19:34:33 30/04/21
13,74.1,11.780001,1010.33,5.0,4.11 19:39:49 30/04/21
14,74.5,11.745001,1010.36,5.0,4.11 19:45:05 30/04/21
13,74.3,11.66,1010.43,5.0,4.11 19:50:17 30/04/21
13,74.4,11.58,1010.38,5.0,4.11 19:55:32 30/04/21
11,75.1,11.549999,1010.42,5.0,4.11 20:00:44 30/04/21
11,74.9,11.405,1010.39,5.0,4.11 20:06:00 30/04/21
10,74.7,11.37,1010.44,5.0,4.12 20:11:13 30/04/21
10,74.9,11.295,1010.49,5.0,4.11 20:16:26 30/04/21
9,75.0,11.215,1010.59,5.0,4.11 20:21:40 30/04/21
8,74.8,11.190001,1010.63,5.0,4.11 20:26:53 30/04/21
7,74.9,11.17,1010.67,4.96,4.11 20:32:06 30/04/21
6,74.9,11.15,1010.7,4.73,4.11 20:37:24 30/04/21
4,74.8,11.07,1010.74,4.47,4.11 20:42:41 30/04/21
3,75.0,11.045,1010.77,4.17,4.11 20:47:54 30/04/21
3,74.9,10.965,1010.82,4.23,4.11 20:53:10 30/04/21
2,75.0,10.88,1010.88,3.89,4.11 20:58:22 30/04/21
0,75.0,10.79,1010.9,3.13,4.11 21:03:35 30/04/21
0,75.0,10.755,1010.86,2.74,4.11 21:08:50 30/04/21
0,74.9,10.67,1010.92,1.8,4.11 21:14:02 30/04/21
0,74.9,10.58,1010.99,1.24,4.11 21:19:19 30/04/21
0,75.0,10.495,1011.09,0.75,4.11 21:24:31 30/04/21
0,74.9,10.4,1011.07,0.39,4.11 21:29:42 30/04/21
0,75.2,10.305,1011.18,0.18,4.11 21:34:58 30/04/21
0,75.2,10.26,1011.16,0.08,4.11 21:40:13 30/04/21
0,75.2,10.105,1011.18,0.03,4.11 21:45:23 30/04/21
0,75.5,10.065,1011.26,0.01,4.11 21:50:39 30/04/21
0,75.3,9.98,1011.3,0.0,4.11 21:55:51 30/04/21
0,75.4,9.885,1011.37,0.0,4.11 22:01:03 30/04/21
0,75.2,9.79,1011.4,0.0,4.11 22:06:18 30/04/21
0,75.4,9.7,1011.44,0.0,4.11 22:11:36 30/04/21
0,75.9,9.675,1011.56,0.0,4.11 22:17:02 30/04/21
0,75.3,9.6,1011.55,0.0,4.1 22:22:16 30/04/21
0,75.4,9.555,1011.48,0.0,4.1 22:27:29 30/04/21
0,75.4,9.47,1011.43,0.0,4.11 22:32:45 30/04/21
0,75.7,9.385,1011.49,0.0,4.1 22:37:55 30/04/21
0,76.1,9.305,1011.48,0.0,4.1 22:43:07 30/04/21
0,75.7,9.27,1011.48,0.0,4.1 22:48:22 30/04/21
0,76.4,9.21,1011.54,0.0,4.1 22:53:39 30/04/21
0,76.7,9.18,1011.54,0.0,4.1 22:58:57 30/04/21
0,76.5,9.17,1011.57,0.0,4.1 23:04:09 30/04/21
0,77.0,9.105,1011.53,0.0,4.1 23:09:24 30/04/21
0,77.2,9.094999,1011.68,0.0,4.11 23:14:35 30/04/21
0,76.7,9.055,1011.71,0.0,4.1 23:19:51 30/04/21
0,76.6,8.98,1011.76,0.0,4.1 23:25:05 30/04/21
0,76.7,8.88,1011.78,0.0,4.1 23:30:18 30/04/21
0,76.2,8.71,1011.8,0.0,4.1 23:35:30 30/04/21
0,76.1,8.585,1011.88,0.0,4.1 23:40:43 30/04/21
0,76.3,8.465,1011.93,0.0,4.1 23:45:56 30/04/21
0,76.3,8.225,1011.96,0.0,4.1 23:51:11 30/04/21
0,76.4,8.095,1012.05,0.0,4.1 23:56:21 30/04/21
