0,99.9,5.2,2.81,2.81,0.15,0.13,1 00:00:23 03/12/20
0,99.9,5.2,2.81,2.81,0.21,0.17,0 00:05:51 03/12/20
0,99.9,5.2,2.81,2.81,0.16,0.13,1 00:11:18 03/12/20
0,99.9,5.2,2.81,2.81,0.19,0.15,0 00:16:44 03/12/20
0,99.9,5.2,2.81,2.81,0.16,0.14,1 00:22:14 03/12/20
0,99.9,5.2,2.81,2.81,0.21,0.17,0 00:27:41 03/12/20
0,99.9,5.2,2.81,2.81,0.16,0.13,1 00:33:07 03/12/20
0,99.9,5.2,2.81,2.81,0.2,0.16,0 00:38:42 03/12/20
0,99.9,5.3,2.81,2.81,0.16,0.14,1 00:44:11 03/12/20
0,99.9,5.3,2.81,2.81,0.21,0.17,0 00:49:38 03/12/20
0,99.9,5.4,2.81,2.81,0.16,0.13,1 00:55:05 03/12/20
0,99.9,5.4,2.81,2.81,0.2,0.16,0 01:00:33 03/12/20
0,99.9,5.4,2.81,2.81,0.16,0.14,1 01:06:00 03/12/20
0,99.9,5.5,2.81,2.81,0.21,0.17,0 01:11:28 03/12/20
0,99.9,5.5,2.81,2.81,0.16,0.13,1 01:16:54 03/12/20
0,99.9,5.5,2.81,2.81,0.21,0.17,0 01:22:23 03/12/20
0,99.9,5.5,2.81,2.81,0.16,0.14,1 01:27:49 03/12/20
0,99.9,5.5,2.81,2.81,0.2,0.17,0 01:33:16 03/12/20
0,99.9,5.5,2.81,2.81,0.15,0.13,1 01:38:42 03/12/20
0,99.9,5.5,2.81,2.81,0.21,0.17,0 01:44:11 03/12/20
0,99.9,5.4,2.81,2.81,0.14,0.12,1 01:49:37 03/12/20
0,99.9,5.4,2.81,2.81,0.2,0.17,0 01:55:05 03/12/20
0,99.9,5.4,2.81,2.81,0.16,0.14,1 02:00:34 03/12/20
0,99.9,5.4,2.81,2.81,0.21,0.17,0 02:06:00 03/12/20
0,99.9,5.4,2.81,2.81,0.16,0.14,1 02:11:28 03/12/20
0,99.9,5.3,2.81,2.81,0.2,0.17,0 02:16:54 03/12/20
0,99.9,5.3,2.81,2.81,0.16,0.14,1 02:22:22 03/12/20
0,99.9,5.3,2.81,2.81,0.21,0.17,0 02:27:50 03/12/20
0,99.9,5.3,2.81,2.81,0.09,0.08,0 02:33:18 03/12/20
0,99.9,5.3,2.81,2.81,0.16,0.14,0 02:38:55 03/12/20
0,99.9,5.4,2.81,2.81,0.16,0.13,1 02:44:20 03/12/20
0,99.9,5.4,2.81,2.81,0.21,0.17,0 02:49:48 03/12/20
0,99.9,5.4,2.81,2.81,0.16,0.13,1 02:55:14 03/12/20
0,99.9,5.4,2.81,2.81,0.18,0.15,0 03:00:40 03/12/20
0,99.9,5.4,2.81,2.81,0.16,0.14,1 03:06:09 03/12/20
0,99.9,5.4,2.81,2.81,0.2,0.17,0 03:11:36 03/12/20
0,99.9,5.5,2.81,2.81,0.16,0.13,1 03:17:03 03/12/20
0,99.9,5.5,2.81,2.81,0.21,0.17,0 03:22:31 03/12/20
0,99.9,5.5,2.81,2.81,0.17,0.14,0 03:28:02 03/12/20
0,99.9,5.6,2.81,2.81,0.16,0.13,1 03:33:34 03/12/20
0,99.9,5.6,2.81,2.81,0.2,0.17,0 03:39:01 03/12/20
0,99.9,5.6,2.81,2.81,0.14,0.12,1 03:44:27 03/12/20
0,99.9,5.6,2.81,2.81,0.21,0.17,0 03:49:56 03/12/20
0,99.9,5.6,2.81,2.81,0.14,0.12,1 03:55:21 03/12/20
0,99.9,5.6,2.81,2.81,0.2,0.17,0 04:00:51 03/12/20
0,99.9,5.6,2.81,2.81,0.16,0.14,1 04:06:18 03/12/20
0,99.9,5.6,2.81,2.81,0.21,0.17,0 04:11:46 03/12/20
0,99.9,5.6,2.81,2.81,0.16,0.13,1 04:17:12 03/12/20
0,99.9,5.6,2.81,2.81,0.2,0.17,0 04:22:40 03/12/20
0,99.9,5.6,2.81,2.81,0.16,0.14,1 04:28:08 03/12/20
0,99.9,5.6,2.81,2.81,0.2,0.17,0 04:33:34 03/12/20
0,99.9,5.7,2.81,2.81,0.09,0.09,0 04:39:03 03/12/20
0,99.9,5.6,2.81,2.81,0.16,0.14,1 04:44:38 03/12/20
0,99.9,5.7,2.81,2.81,0.18,0.15,0 04:50:04 03/12/20
0,99.9,5.7,2.81,2.81,0.16,0.13,1 04:55:32 03/12/20
0,99.9,5.7,2.81,2.81,0.21,0.17,0 05:01:00 03/12/20
0,99.9,5.7,2.81,2.81,0.14,0.12,1 05:06:26 03/12/20
0,99.9,5.7,2.81,2.81,0.2,0.17,0 05:11:54 03/12/20
0,99.9,5.7,2.81,2.81,0.17,0.14,0 05:17:25 03/12/20
0,99.9,5.7,2.81,2.81,0.16,0.14,1 05:22:58 03/12/20
0,99.9,5.7,2.81,2.81,0.18,0.15,0 05:28:24 03/12/20
0,99.9,5.7,2.81,2.81,0.16,0.13,1 05:33:52 03/12/20
0,99.9,5.7,2.81,2.81,0.2,0.17,0 05:39:20 03/12/20
0,99.9,5.7,2.81,2.81,0.14,0.12,1 05:44:46 03/12/20
0,99.9,5.8,2.81,2.81,0.2,0.17,0 05:50:14 03/12/20
0,99.9,5.8,2.81,2.81,0.16,0.13,1 05:55:42 03/12/20
0,99.9,5.7,2.81,2.81,0.21,0.17,0 06:01:10 03/12/20
0,99.9,5.8,2.81,2.81,0.16,0.13,1 06:06:36 03/12/20
0,99.9,5.8,2.81,2.81,0.21,0.17,0 06:12:04 03/12/20
0,99.9,5.8,2.81,2.81,0.16,0.13,1 06:17:32 03/12/20
0,99.9,5.8,2.81,2.81,0.2,0.17,0 06:22:58 03/12/20
0,99.9,5.8,2.81,2.81,0.17,0.14,0 06:28:29 03/12/20
0,99.9,5.8,2.81,2.81,0.14,0.12,1 06:34:00 03/12/20
0,99.9,5.8,2.81,2.81,0.2,0.17,0 06:39:29 03/12/20
0,99.9,5.8,2.81,2.81,0.15,0.12,1 06:44:55 03/12/20
0,99.9,5.8,2.81,2.81,0.21,0.17,0 06:50:24 03/12/20
0,99.9,5.8,2.81,2.81,0.16,0.13,1 06:55:58 03/12/20
0,99.9,5.8,2.81,2.81,0.2,0.17,0 07:01:27 03/12/20
0,99.9,5.9,2.81,2.81,0.16,0.13,1 07:06:55 03/12/20
0,99.9,5.8,2.81,2.81,0.21,0.17,0 07:12:22 03/12/20
0,99.9,5.9,2.81,2.81,0.17,0.14,0 07:17:53 03/12/20
0,99.9,5.9,2.81,2.81,0.16,0.12,1 07:23:25 03/12/20
0,99.9,5.9,2.81,2.81,0.21,0.17,0 07:28:53 03/12/20
0,99.9,5.9,2.81,2.81,0.16,0.13,1 07:34:20 03/12/20
0,99.9,5.9,2.81,2.81,0.2,0.17,0 07:39:47 03/12/20
0,99.9,5.8,2.81,2.81,0.16,0.14,1 07:45:16 03/12/20
0,99.9,5.8,2.81,2.81,0.21,0.17,0 07:50:43 03/12/20
0,99.9,5.9,2.81,2.81,0.15,0.12,1 07:56:08 03/12/20
0,99.9,5.8,2.81,2.81,0.21,0.17,0 08:01:37 03/12/20
0,99.9,5.8,2.81,2.81,0.16,0.13,1 08:07:05 03/12/20
0,99.9,5.8,2.81,2.81,0.21,0.17,0 08:12:31 03/12/20
0,99.9,5.8,2.81,2.81,0.16,0.13,1 08:17:59 03/12/20
0,99.9,5.8,2.81,2.81,0.13,0.11,1 08:23:31 03/12/20
0,99.9,5.8,2.81,2.81,0.13,0.11,1 08:29:06 03/12/20
0,99.9,5.8,2.81,2.81,0.19,0.16,0 08:34:37 03/12/20
0,99.9,5.8,2.81,2.81,0.16,0.13,1 08:40:06 03/12/20
0,99.9,5.8,2.81,2.81,0.19,0.16,0 08:45:32 03/12/20
0,99.9,5.8,2.81,2.81,0.15,0.13,1 08:51:08 03/12/20
0,99.9,5.8,2.81,2.81,0.13,0.11,1 08:56:40 03/12/20
0,99.9,5.8,2.81,2.81,0.21,0.18,0 09:02:13 03/12/20
0,99.9,5.8,2.81,2.81,0.14,0.12,1 09:07:39 03/12/20
0,99.9,5.8,2.81,2.81,0.21,0.17,0 09:13:07 03/12/20
0,99.9,5.8,2.81,2.81,0.16,0.13,1 09:18:35 03/12/20
0,99.9,5.8,2.81,2.81,0.21,0.18,0 09:24:03 03/12/20
0,99.9,5.8,2.81,2.81,0.15,0.13,1 09:29:29 03/12/20
0,99.9,5.9,2.81,2.81,0.21,0.18,0 09:34:57 03/12/20
0,99.9,5.9,2.81,2.81,0.16,0.13,1 09:40:24 03/12/20
0,99.9,5.9,2.81,2.81,0.21,0.17,0 09:45:51 03/12/20
0,99.9,6.0,2.81,2.81,0.15,0.12,1 09:51:18 03/12/20
0,99.9,6.0,2.81,2.81,0.21,0.18,0 09:56:46 03/12/20
0,99.9,6.1,2.81,2.81,0.17,0.14,0 10:02:17 03/12/20
0,99.9,6.2,2.81,2.81,0.16,0.13,1 10:07:49 03/12/20
0,99.9,6.2,2.81,2.81,0.21,0.18,0 10:13:18 03/12/20
0,99.9,6.3,2.81,2.81,0.16,0.13,1 10:18:45 03/12/20
0,99.9,6.3,2.81,2.81,0.21,0.17,0 10:24:11 03/12/20
0,99.9,6.3,2.81,2.81,0.16,0.13,1 10:29:39 03/12/20
0,99.9,6.4,2.81,2.81,0.21,0.17,0 10:35:06 03/12/20
0,99.9,6.5,2.81,2.81,0.16,0.13,1 10:40:33 03/12/20
0,99.9,6.6,2.81,2.81,0.21,0.18,0 10:46:06 03/12/20
0,99.9,6.8,2.81,2.81,0.16,0.13,1 10:51:37 03/12/20
0,99.9,6.9,2.81,2.81,0.18,0.15,0 10:57:04 03/12/20
0,99.9,7.0,2.81,2.81,0.17,0.14,0 11:02:35 03/12/20
0,99.9,7.2,2.81,2.81,0.16,0.13,1 11:08:08 03/12/20
0,99.9,7.3,2.81,2.81,0.21,0.17,0 11:13:35 03/12/20
0,99.9,7.4,2.81,2.81,0.16,0.13,1 11:19:03 03/12/20
0,99.9,7.5,2.81,2.81,0.21,0.18,0 11:24:31 03/12/20
0,99.9,7.6,2.81,2.81,0.16,0.13,1 11:29:58 03/12/20
0,99.9,7.7,2.81,2.81,0.21,0.18,0 11:35:25 03/12/20
0,99.9,7.7,2.81,2.81,0.16,0.13,1 11:40:52 03/12/20
0,99.9,7.7,2.81,2.81,0.19,0.16,0 11:46:19 03/12/20
0,99.9,7.7,2.81,2.81,0.15,0.13,1 11:51:47 03/12/20
0,99.9,7.7,2.81,2.81,0.21,0.18,0 11:57:15 03/12/20
0,99.9,7.7,2.81,2.81,0.16,0.13,1 12:02:43 03/12/20
0,99.9,7.6,2.81,2.81,0.21,0.17,0 12:08:10 03/12/20
0,99.9,7.6,2.81,2.81,0.16,0.13,1 12:13:37 03/12/20
0,99.9,7.6,2.81,2.81,0.2,0.16,0 12:19:03 03/12/20
0,99.9,7.5,2.81,2.81,0.14,0.12,1 12:24:30 03/12/20
0,99.9,7.5,2.81,2.81,0.21,0.17,0 12:29:59 03/12/20
0,99.9,7.5,2.81,2.81,0.16,0.13,1 12:35:27 03/12/20
0,99.9,7.5,2.81,2.81,0.21,0.18,0 12:40:55 03/12/20
0,99.9,7.4,2.81,2.81,0.15,0.13,1 12:46:31 03/12/20
0,99.9,7.4,2.81,2.81,0.13,0.11,1 12:52:04 03/12/20
0,99.9,7.4,2.81,2.81,0.21,0.18,0 12:57:35 03/12/20
0,99.9,7.4,2.81,2.81,0.15,0.13,1 13:03:02 03/12/20
0,99.9,7.3,2.81,2.81,0.21,0.18,0 13:08:29 03/12/20
0,99.9,7.3,2.81,2.81,0.16,0.13,1 13:13:56 03/12/20
0,99.9,7.3,2.81,2.81,0.19,0.16,0 13:19:22 03/12/20
0,99.9,7.3,2.81,2.81,0.16,0.13,1 13:24:52 03/12/20
0,99.9,7.2,2.81,2.81,0.21,0.17,0 13:30:18 03/12/20
0,99.9,7.2,2.81,2.81,0.16,0.13,1 13:35:46 03/12/20
0,99.9,7.1,2.81,2.81,0.21,0.17,0 13:41:13 03/12/20
0,99.9,7.0,2.81,2.81,0.17,0.14,0 13:46:44 03/12/20
0,99.9,7.0,2.81,2.81,0.16,0.13,1 13:52:17 03/12/20
0,99.9,7.0,2.81,2.81,0.21,0.17,0 13:57:44 03/12/20
0,99.9,7.0,2.81,2.81,0.16,0.13,1 14:03:12 03/12/20
0,99.9,6.9,2.81,2.81,0.21,0.18,0 14:08:40 03/12/20
0,99.9,6.9,2.81,2.81,0.15,0.12,1 14:14:06 03/12/20
3,99.9,6.9,2.81,2.81,0.21,0.18,0 14:19:34 03/12/20
0,99.9,6.9,2.81,2.81,0.16,0.13,1 14:25:01 03/12/20
0,99.9,6.8,2.81,2.81,0.2,0.16,0 14:30:28 03/12/20
0,99.9,6.8,2.81,2.81,0.16,0.13,1 14:35:57 03/12/20
0,99.9,6.8,2.81,2.81,0.21,0.17,0 14:41:31 03/12/20
0,99.9,6.7,2.81,2.81,0.17,0.14,0 14:47:03 03/12/20
0,99.9,6.7,2.81,2.81,0.14,0.12,1 14:52:34 03/12/20
0,99.9,6.7,2.81,2.81,0.21,0.17,0 14:58:03 03/12/20
0,99.9,6.6,2.81,2.81,0.16,0.13,1 15:03:32 03/12/20
0,99.9,6.6,2.81,2.81,0.21,0.18,0 15:08:58 03/12/20
0,99.9,6.5,2.81,2.81,0.16,0.13,1 15:14:25 03/12/20
0,99.9,6.5,2.81,2.81,0.22,0.18,0 15:19:55 03/12/20
0,99.9,6.5,2.81,2.81,0.16,0.13,1 15:25:21 03/12/20
0,99.9,6.4,2.81,2.81,0.21,0.17,0 15:30:47 03/12/20
0,99.9,6.4,2.81,2.81,0.16,0.13,1 15:36:15 03/12/20
0,99.9,6.3,2.81,2.81,0.13,0.11,1 15:41:47 03/12/20
0,99.9,6.3,2.81,2.81,0.21,0.17,0 15:47:18 03/12/20
0,99.9,6.3,2.81,2.81,0.16,0.13,1 15:52:46 03/12/20
0,99.9,6.3,2.81,2.81,0.21,0.18,0 15:58:13 03/12/20
0,99.9,6.3,2.81,2.81,0.16,0.13,1 16:03:40 03/12/20
0,99.9,6.3,2.81,2.81,0.13,0.11,1 16:09:11 03/12/20
0,99.9,6.3,2.81,2.81,0.21,0.18,0 16:14:44 03/12/20
0,99.9,6.2,2.81,2.81,0.16,0.13,1 16:20:12 03/12/20
0,99.9,6.2,2.81,2.81,0.21,0.17,0 16:25:38 03/12/20
0,99.9,6.2,2.81,2.81,0.16,0.13,1 16:31:06 03/12/20
0,99.9,6.2,2.81,2.81,0.21,0.18,0 16:36:34 03/12/20
0,99.9,6.2,2.81,2.81,0.18,0.15,0 16:42:12 03/12/20
0,99.9,6.2,2.81,2.81,0.15,0.12,1 16:47:36 03/12/20
0,99.9,6.1,2.81,2.81,0.19,0.16,0 16:53:09 03/12/20
0,99.9,6.1,2.81,2.81,0.15,0.13,1 16:58:40 03/12/20
0,99.9,6.1,2.81,2.81,0.21,0.17,0 17:04:08 03/12/20
0,99.9,6.0,2.81,2.81,0.14,0.12,1 17:09:33 03/12/20
0,99.9,6.0,2.81,2.81,0.21,0.17,0 17:15:02 03/12/20
0,99.9,6.0,2.81,2.81,0.15,0.12,1 17:20:29 03/12/20
0,99.9,5.9,2.81,2.81,0.21,0.18,0 17:25:57 03/12/20
0,99.9,5.9,2.81,2.81,0.15,0.13,1 17:31:24 03/12/20
0,99.9,5.9,2.81,2.81,0.21,0.17,0 17:36:52 03/12/20
0,99.9,5.9,2.81,2.81,0.16,0.13,1 17:42:19 03/12/20
0,99.9,5.9,2.81,2.81,0.21,0.18,0 17:47:47 03/12/20
0,99.9,5.9,2.81,2.81,0.15,0.13,1 17:53:13 03/12/20
0,99.9,5.8,2.81,2.81,0.21,0.18,0 17:58:41 03/12/20
0,99.9,5.8,2.81,2.81,0.15,0.13,1 18:04:08 03/12/20
0,99.9,5.8,2.81,2.81,0.21,0.17,0 18:09:35 03/12/20
0,99.9,5.8,2.81,2.81,0.16,0.13,1 18:15:03 03/12/20
0,99.9,5.8,2.81,2.81,0.13,0.11,1 18:20:35 03/12/20
0,99.9,5.8,2.81,2.81,0.21,0.17,0 18:26:06 03/12/20
0,99.9,5.8,2.81,2.81,0.15,0.13,1 18:31:34 03/12/20
0,99.9,5.8,2.81,2.81,0.19,0.16,0 18:36:59 03/12/20
0,99.9,5.8,2.81,2.81,0.16,0.13,1 18:42:29 03/12/20
0,99.9,5.9,2.81,2.81,0.21,0.17,0 18:47:55 03/12/20
0,99.9,5.9,2.81,2.81,0.14,0.12,1 18:53:21 03/12/20
0,99.9,5.8,2.81,2.81,0.21,0.18,0 18:58:53 03/12/20
0,99.9,5.8,2.81,2.81,0.15,0.13,1 19:04:17 03/12/20
0,99.9,5.8,2.81,2.81,0.21,0.18,0 19:09:46 03/12/20
0,99.9,5.8,2.81,2.81,0.16,0.13,1 19:15:12 03/12/20
0,99.9,5.8,2.81,2.81,0.21,0.17,0 19:20:39 03/12/20
0,99.9,5.8,2.81,2.81,0.15,0.13,1 19:26:07 03/12/20
3,99.9,5.7,4.08,4.16,0.24,0.2,0 19:31:34 03/12/20
3,99.9,5.5,2.81,2.81,0.1,0.09,1 20:25:09 03/12/20
0,99.9,5.6,2.81,2.81,0.09,0.08,1 20:30:38 03/12/20
0,99.9,5.6,2.81,2.81,0.09,0.07,1 20:30:48 03/12/20
0,99.9,5.6,2.81,2.81,0.19,0.16,0 20:36:13 03/12/20
0,99.9,5.6,2.81,2.81,0.16,0.13,1 20:41:41 03/12/20
0,99.9,5.6,2.81,2.81,0.21,0.17,0 20:47:09 03/12/20
0,99.9,5.5,2.81,2.81,0.1,0.09,0 20:52:37 03/12/20
0,99.9,5.5,2.81,2.81,0.16,0.13,1 20:58:04 03/12/20
0,99.9,5.5,2.81,2.81,0.21,0.17,0 21:03:30 03/12/20
0,99.9,5.5,2.81,2.81,0.15,0.12,1 21:08:57 03/12/20
0,99.9,5.5,2.81,2.81,0.21,0.18,0 21:14:25 03/12/20
0,99.9,5.5,2.81,2.81,0.16,0.13,1 21:19:53 03/12/20
0,99.9,5.5,2.81,2.81,0.21,0.17,0 21:25:19 03/12/20
0,99.9,5.5,2.81,2.81,0.17,0.14,0 21:30:51 03/12/20
0,99.9,5.5,2.81,2.81,0.16,0.13,1 21:36:24 03/12/20
0,99.9,5.5,2.81,2.81,0.21,0.18,0 21:41:51 03/12/20
0,99.9,5.5,2.81,2.81,0.15,0.12,1 21:47:16 03/12/20
0,99.9,5.5,2.83,2.8,0.09,0.08,1 21:52:47 03/12/20
0,99.9,5.4,2.81,2.81,0.19,0.16,0 21:58:11 03/12/20
0,99.9,5.5,2.81,2.81,0.16,0.13,1 22:03:42 03/12/20
0,99.9,5.4,2.82,2.81,0.21,0.17,0 22:09:07 03/12/20
0,99.9,5.4,2.81,2.81,0.09,0.08,0 22:14:39 03/12/20
0,99.9,5.5,2.81,2.81,0.17,0.14,0 22:20:14 03/12/20
0,99.9,5.4,2.81,2.81,0.15,0.12,1 22:25:46 03/12/20
0,99.9,5.5,2.81,2.81,0.21,0.17,0 22:31:13 03/12/20
0,99.9,5.5,2.81,2.81,0.16,0.13,1 22:36:41 03/12/20
0,99.9,5.5,2.81,2.81,0.21,0.17,0 22:42:09 03/12/20
0,99.9,5.5,2.81,2.81,0.17,0.14,0 22:47:40 03/12/20
0,99.9,5.5,2.81,2.81,0.15,0.12,1 22:53:11 03/12/20
0,99.9,5.5,2.81,2.81,0.21,0.18,0 22:58:42 03/12/20
0,99.9,5.5,2.81,2.81,0.16,0.13,1 23:04:16 03/12/20
0,99.9,5.5,2.81,2.81,0.21,0.17,0 23:09:42 03/12/20
0,99.9,5.5,2.81,2.81,0.16,0.13,1 23:15:10 03/12/20
0,99.9,5.5,2.81,2.81,0.21,0.18,0 23:20:37 03/12/20
0,99.9,5.5,2.81,2.81,0.14,0.12,1 23:26:04 03/12/20
0,99.9,5.4,2.81,2.81,0.2,0.16,0 23:31:30 03/12/20
0,99.9,5.4,2.81,2.81,0.16,0.13,1 23:37:00 03/12/20
0,99.9,5.5,2.81,2.81,0.21,0.18,0 23:42:26 03/12/20
0,99.9,5.5,2.81,2.81,0.15,0.13,1 23:47:53 03/12/20
0,99.9,5.5,2.81,2.81,0.21,0.17,0 23:53:21 03/12/20
0,99.9,5.5,2.81,2.81,0.16,0.13,1 23:58:48 03/12/20
