0,99.9,0.9,2.81,2.8,0.21,0.17,0 00:00:39 05/12/20
0,99.9,0.8,2.81,2.81,0.17,0.14,0 00:06:10 05/12/20
0,99.9,0.7,2.81,2.81,0.15,0.13,1 00:11:42 05/12/20
0,99.9,0.5,2.81,2.81,0.21,0.17,0 00:17:09 05/12/20
0,99.9,0.4,2.81,2.8,0.15,0.13,1 00:22:36 05/12/20
0,99.9,0.3,2.81,2.8,0.21,0.17,0 00:28:03 05/12/20
0,99.9,0.2,2.81,2.81,0.15,0.13,1 00:33:30 05/12/20
0,99.9,0.1,2.81,2.8,0.21,0.18,0 00:38:58 05/12/20
0,99.9,0.0,2.81,2.8,0.16,0.13,1 00:44:25 05/12/20
0,99.9,0.0,2.81,2.8,0.21,0.18,0 00:49:52 05/12/20
0,99.9,-0.1,2.81,2.8,0.16,0.13,1 00:55:21 05/12/20
0,99.9,-0.1,2.81,2.8,0.21,0.18,0 01:00:54 05/12/20
0,99.9,-0.2,2.81,2.8,0.16,0.13,1 01:06:21 05/12/20
0,99.9,-0.3,2.81,2.8,0.13,0.11,1 01:11:51 05/12/20
0,99.9,-0.3,2.81,2.8,0.18,0.15,0 01:17:21 05/12/20
0,99.9,-0.4,2.81,2.8,0.16,0.13,1 01:22:50 05/12/20
0,99.9,-0.4,2.81,2.8,0.21,0.18,0 01:28:18 05/12/20
0,99.9,-0.5,2.81,2.8,0.16,0.13,1 01:33:45 05/12/20
0,99.9,-0.5,2.81,2.8,0.21,0.18,0 01:39:11 05/12/20
0,99.9,-0.6,2.81,2.8,0.16,0.13,1 01:44:38 05/12/20
0,99.9,-0.6,2.81,2.8,0.21,0.18,0 01:50:06 05/12/20
0,99.9,-0.6,2.81,2.8,0.17,0.14,0 01:55:35 05/12/20
0,99.9,-0.7,2.81,2.8,0.16,0.13,1 02:01:07 05/12/20
0,99.9,-0.7,2.81,2.8,0.21,0.17,0 02:06:34 05/12/20
0,99.9,-0.7,2.81,2.8,0.16,0.13,1 02:12:02 05/12/20
0,99.9,-0.7,2.81,2.8,0.21,0.18,0 02:17:29 05/12/20
0,99.9,-0.7,2.8,2.8,0.16,0.13,1 02:22:55 05/12/20
0,99.9,-0.7,2.8,2.8,0.19,0.16,0 02:28:20 05/12/20
0,99.9,-0.8,2.81,2.8,0.16,0.13,1 02:33:49 05/12/20
0,99.9,-0.8,2.81,2.8,0.13,0.11,1 02:39:19 05/12/20
0,99.9,-0.8,2.81,2.8,0.21,0.17,0 02:44:51 05/12/20
0,99.9,-0.9,2.8,2.8,0.16,0.13,1 02:50:19 05/12/20
0,99.9,-0.9,2.81,2.8,0.21,0.17,0 02:55:45 05/12/20
0,99.9,-0.9,2.81,2.8,0.16,0.13,1 03:01:13 05/12/20
0,99.9,-1.0,2.81,2.8,0.21,0.18,0 03:06:39 05/12/20
0,99.9,-1.0,2.81,2.8,0.16,0.13,1 03:12:06 05/12/20
0,99.9,-1.1,2.81,2.8,0.21,0.18,0 03:17:33 05/12/20
0,99.9,-1.1,2.81,2.8,0.17,0.14,0 03:23:03 05/12/20
0,99.9,-1.2,2.8,2.8,0.15,0.13,1 03:28:35 05/12/20
0,99.9,-1.3,2.8,2.8,0.21,0.17,0 03:34:02 05/12/20
0,99.9,-1.3,2.8,2.8,0.16,0.13,1 03:39:30 05/12/20
0,99.9,-1.4,2.8,2.8,0.21,0.18,0 03:44:57 05/12/20
0,99.9,-1.4,2.8,2.8,0.14,0.11,1 03:50:21 05/12/20
0,99.9,-1.4,2.8,2.8,0.21,0.18,0 03:55:50 05/12/20
0,99.9,-1.4,2.8,2.8,0.15,0.13,1 04:01:17 05/12/20
0,99.9,-1.4,2.8,2.8,0.21,0.17,0 04:06:43 05/12/20
0,99.9,-1.4,2.8,2.8,0.15,0.13,1 04:12:10 05/12/20
0,99.9,-1.4,2.8,2.8,0.21,0.18,0 04:17:38 05/12/20
0,99.9,-1.3,2.8,2.8,0.16,0.13,1 04:23:04 05/12/20
0,99.9,-1.3,2.8,2.8,0.21,0.18,0 04:28:31 05/12/20
0,99.9,-1.3,2.8,2.8,0.16,0.13,1 04:33:58 05/12/20
0,99.9,-1.2,2.8,2.8,0.13,0.11,1 04:39:28 05/12/20
0,99.9,-1.2,2.8,2.8,0.21,0.17,0 04:45:00 05/12/20
0,99.9,-1.1,2.8,2.8,0.16,0.13,1 04:50:28 05/12/20
0,99.9,-1.0,2.8,2.79,0.2,0.17,0 04:55:54 05/12/20
0,99.9,-0.8,2.8,2.8,0.16,0.13,1 05:01:22 05/12/20
0,99.9,-0.6,2.8,2.8,0.21,0.18,0 05:06:49 05/12/20
0,99.9,-0.4,2.8,2.8,0.16,0.13,1 05:12:15 05/12/20
0,99.9,-0.2,2.8,2.79,0.21,0.18,0 05:17:42 05/12/20
0,99.9,-0.1,2.8,2.8,0.16,0.13,1 05:23:09 05/12/20
0,99.9,0.1,2.8,2.79,0.21,0.18,0 05:28:36 05/12/20
0,99.9,0.2,2.8,2.8,0.16,0.13,1 05:34:03 05/12/20
0,99.9,0.3,2.8,2.79,0.21,0.17,0 05:39:30 05/12/20
0,99.9,0.5,2.8,2.79,0.15,0.12,1 05:44:56 05/12/20
0,99.9,0.6,2.8,2.79,0.19,0.16,0 05:50:23 05/12/20
0,99.9,0.7,2.8,2.79,0.16,0.13,1 05:55:50 05/12/20
0,99.9,0.8,2.8,2.79,0.21,0.17,0 06:01:17 05/12/20
0,99.9,0.8,2.8,2.79,0.16,0.13,1 06:06:44 05/12/20
0,99.9,0.9,2.8,2.79,0.21,0.17,0 06:12:11 05/12/20
0,99.9,1.0,2.8,2.79,0.16,0.13,1 06:17:38 05/12/20
0,99.9,1.0,2.8,2.79,0.19,0.16,0 06:23:05 05/12/20
0,99.9,1.1,2.8,2.79,0.15,0.12,1 06:28:31 05/12/20
0,99.9,1.2,2.8,2.79,0.21,0.17,0 06:34:01 05/12/20
0,99.9,1.2,2.8,2.79,0.16,0.13,1 06:39:27 05/12/20
0,99.9,1.3,2.8,2.79,0.2,0.16,0 06:44:53 05/12/20
0,99.9,1.3,2.8,2.79,0.16,0.13,1 06:50:21 05/12/20
0,99.9,1.4,2.8,2.79,0.21,0.17,0 06:55:48 05/12/20
0,99.9,1.4,2.8,2.79,0.16,0.13,1 07:01:15 05/12/20
0,99.9,1.4,2.8,2.79,0.2,0.16,0 07:06:41 05/12/20
0,99.9,1.5,2.8,2.79,0.15,0.12,1 07:12:17 05/12/20
0,99.9,1.5,2.8,2.79,0.21,0.17,0 07:17:45 05/12/20
0,99.9,1.5,2.8,2.79,0.16,0.13,1 07:23:12 05/12/20
0,99.9,1.5,2.8,2.79,0.13,0.11,1 07:28:43 05/12/20
0,99.9,1.5,2.8,2.79,0.21,0.17,0 07:34:14 05/12/20
0,99.9,1.4,2.8,2.79,0.16,0.13,1 07:39:44 05/12/20
0,99.9,1.3,2.8,2.79,0.21,0.17,0 07:45:09 05/12/20
0,99.9,1.3,2.8,2.79,0.16,0.13,1 07:50:36 05/12/20
0,99.9,1.2,2.8,2.79,0.13,0.11,1 07:56:06 05/12/20
0,99.9,1.2,2.84,2.78,0.21,0.18,0 08:01:38 05/12/20
0,99.9,1.1,2.8,2.79,0.16,0.13,1 08:07:05 05/12/20
0,99.9,1.1,2.8,2.79,0.21,0.17,0 08:12:32 05/12/20
0,99.9,1.0,2.8,2.79,0.15,0.13,1 08:17:59 05/12/20
0,99.9,1.0,2.8,2.79,0.21,0.17,0 08:23:26 05/12/20
0,99.9,0.9,2.8,2.79,0.15,0.13,1 08:28:53 05/12/20
0,99.9,0.8,2.8,2.79,0.21,0.17,0 08:34:20 05/12/20
0,99.9,0.8,2.8,2.79,0.15,0.13,1 08:39:47 05/12/20
0,99.9,0.7,2.8,2.79,0.21,0.17,0 08:45:14 05/12/20
0,99.9,0.7,2.8,2.79,0.15,0.12,1 08:50:41 05/12/20
0,99.9,0.7,2.8,2.79,0.21,0.18,0 08:56:09 05/12/20
0,99.9,0.8,2.8,2.79,0.15,0.13,1 09:01:35 05/12/20
0,99.9,0.8,2.8,2.79,0.21,0.17,0 09:07:02 05/12/20
0,99.9,0.9,2.8,2.79,0.15,0.13,1 09:12:30 05/12/20
0,99.9,0.9,2.8,2.79,0.2,0.16,0 09:17:55 05/12/20
0,99.9,1.0,2.8,2.79,0.15,0.13,1 09:23:23 05/12/20
0,99.9,1.0,2.8,2.79,0.21,0.17,0 09:28:50 05/12/20
0,99.9,1.1,2.8,2.79,0.15,0.13,1 09:34:17 05/12/20
0,99.9,1.3,2.8,2.79,0.21,0.17,0 09:39:44 05/12/20
0,99.9,1.5,2.8,2.79,0.16,0.13,1 09:45:11 05/12/20
0,99.9,1.9,2.8,2.79,0.21,0.17,0 09:50:38 05/12/20
0,99.9,2.4,2.8,2.79,0.16,0.13,1 09:56:08 05/12/20
0,99.9,3.2,2.8,2.79,0.21,0.17,0 10:01:33 05/12/20
0,99.9,4.2,2.8,2.79,0.16,0.13,1 10:07:00 05/12/20
0,99.9,4.9,2.8,2.79,0.21,0.18,0 10:12:27 05/12/20
0,99.9,5.6,2.8,2.79,0.16,0.13,1 10:17:54 05/12/20
0,99.9,6.0,2.8,2.79,0.21,0.17,0 10:23:21 05/12/20
0,99.9,6.2,2.8,2.79,0.16,0.13,1 10:28:49 05/12/20
0,99.9,6.2,2.8,2.79,0.21,0.18,0 10:34:17 05/12/20
0,99.9,6.0,2.8,2.79,0.16,0.13,1 10:39:46 05/12/20
0,99.9,5.9,2.8,2.79,0.21,0.18,0 10:45:11 05/12/20
0,99.9,5.8,2.8,2.79,0.16,0.13,1 10:50:39 05/12/20
0,99.9,5.8,2.8,2.79,0.2,0.16,0 10:56:05 05/12/20
0,99.9,5.8,2.8,2.79,0.16,0.13,1 11:01:33 05/12/20
0,99.9,5.9,2.8,2.79,0.21,0.18,0 11:07:01 05/12/20
0,99.9,6.0,2.8,2.79,0.15,0.12,1 11:12:26 05/12/20
0,99.9,6.1,2.8,2.79,0.19,0.16,0 11:17:53 05/12/20
0,99.9,6.3,2.8,2.79,0.16,0.13,1 11:23:23 05/12/20
0,99.9,6.6,2.8,2.79,0.21,0.17,0 11:28:49 05/12/20
0,99.9,6.8,2.8,2.79,0.16,0.13,1 11:34:17 05/12/20
0,99.9,7.2,2.8,2.79,0.21,0.18,0 11:39:45 05/12/20
0,99.9,7.7,2.8,2.79,0.16,0.13,1 11:45:12 05/12/20
0,99.9,8.3,2.8,2.79,0.21,0.18,0 11:50:40 05/12/20
0,99.9,8.6,2.8,2.79,0.16,0.13,1 11:56:07 05/12/20
0,99.9,8.7,2.8,2.79,0.21,0.18,0 12:01:35 05/12/20
0,99.9,8.7,2.8,2.79,0.16,0.13,1 12:07:02 05/12/20
0,99.9,8.8,2.8,2.79,0.21,0.18,0 12:12:30 05/12/20
0,99.9,8.9,2.8,2.79,0.07,0.06,1 12:18:09 05/12/20
0,99.9,9.0,2.8,2.79,0.22,0.18,0 12:23:34 05/12/20
0,99.9,9.0,2.8,2.79,0.16,0.13,1 12:29:02 05/12/20
0,99.9,9.1,2.8,2.79,0.21,0.18,0 12:34:29 05/12/20
0,99.9,9.1,2.8,2.79,0.16,0.13,1 12:39:56 05/12/20
0,99.9,9.2,2.8,2.79,0.18,0.15,0 12:45:21 05/12/20
0,99.9,9.2,2.8,2.79,0.16,0.13,1 12:50:51 05/12/20
0,99.9,9.2,2.8,2.79,0.21,0.17,0 12:56:18 05/12/20
0,99.9,9.2,2.8,2.79,0.16,0.13,1 13:01:46 05/12/20
0,99.9,9.1,2.8,2.79,0.21,0.17,0 13:07:14 05/12/20
0,99.9,9.0,2.8,2.8,0.16,0.13,1 13:12:41 05/12/20
0,99.9,8.9,2.8,2.79,0.13,0.11,1 13:18:13 05/12/20
0,99.9,8.9,2.8,2.79,0.21,0.18,0 13:23:45 05/12/20
0,99.9,8.8,2.8,2.79,0.16,0.13,1 13:29:12 05/12/20
0,99.9,8.7,2.8,2.79,0.21,0.18,0 13:34:40 05/12/20
0,99.9,8.7,2.8,2.8,0.15,0.13,1 13:40:08 05/12/20
0,99.9,8.8,2.8,2.79,0.21,0.18,0 13:45:36 05/12/20
0,99.9,8.8,2.8,2.79,0.15,0.13,1 13:51:05 05/12/20
0,99.9,8.9,2.8,2.8,0.21,0.18,0 13:56:31 05/12/20
0,99.9,8.9,2.8,2.8,0.16,0.13,1 14:01:58 05/12/20
0,99.9,8.9,2.8,2.79,0.21,0.17,0 14:07:25 05/12/20
0,99.9,8.9,2.8,2.8,0.16,0.13,1 14:12:53 05/12/20
0,99.9,8.8,2.8,2.8,0.21,0.17,0 14:18:20 05/12/20
0,99.9,8.7,2.8,2.8,0.16,0.13,1 14:23:48 05/12/20
0,99.9,8.6,2.8,2.8,0.18,0.15,0 14:29:14 05/12/20
0,99.9,8.5,2.8,2.8,0.16,0.13,1 14:34:43 05/12/20
0,99.9,8.3,2.8,2.8,0.21,0.17,0 14:40:10 05/12/20
0,99.9,8.2,2.8,2.8,0.16,0.13,1 14:45:38 05/12/20
0,99.9,8.1,2.8,2.8,0.21,0.17,0 14:51:06 05/12/20
0,99.9,7.9,2.8,2.8,0.15,0.12,1 14:56:33 05/12/20
0,99.9,7.8,2.8,2.8,0.21,0.18,0 15:02:03 05/12/20
0,99.9,7.7,2.8,2.8,0.16,0.13,1 15:07:28 05/12/20
0,99.9,7.5,2.8,2.8,0.21,0.18,0 15:12:56 05/12/20
0,99.9,7.4,2.8,2.8,0.16,0.13,1 15:18:22 05/12/20
0,99.9,7.3,2.8,2.8,0.21,0.18,0 15:23:50 05/12/20
0,99.9,7.2,2.8,2.8,0.16,0.13,1 15:29:18 05/12/20
0,99.9,7.1,2.8,2.8,0.21,0.18,0 15:34:45 05/12/20
0,99.9,7.0,2.8,2.8,0.16,0.13,1 15:40:13 05/12/20
0,99.9,6.9,2.8,2.8,0.21,0.17,0 15:45:40 05/12/20
0,99.9,6.8,2.8,2.8,0.16,0.13,1 15:51:07 05/12/20
0,99.9,6.8,2.8,2.8,0.21,0.17,0 15:56:34 05/12/20
0,99.9,6.7,2.8,2.8,0.15,0.12,1 16:02:01 05/12/20
0,99.9,6.6,2.8,2.8,0.21,0.18,0 16:07:30 05/12/20
0,99.9,6.5,2.8,2.8,0.16,0.13,1 16:12:56 05/12/20
0,99.9,6.5,2.8,2.8,0.19,0.16,0 16:18:22 05/12/20
0,99.9,6.4,2.8,2.8,0.16,0.13,1 16:23:52 05/12/20
0,99.9,6.3,2.8,2.8,0.21,0.17,0 16:29:18 05/12/20
0,99.9,6.2,2.8,2.8,0.16,0.13,1 16:34:46 05/12/20
0,99.9,6.1,2.8,2.8,0.21,0.18,0 16:40:13 05/12/20
0,99.9,6.0,2.8,2.8,0.16,0.13,1 16:45:40 05/12/20
0,99.9,5.8,2.8,2.8,0.13,0.11,1 16:51:11 05/12/20
0,99.9,5.6,2.8,2.8,0.21,0.18,0 16:56:44 05/12/20
0,99.9,5.4,2.8,2.8,0.16,0.13,1 17:02:12 05/12/20
0,99.9,5.1,2.8,2.8,0.21,0.17,0 17:07:38 05/12/20
0,99.9,4.8,2.8,2.8,0.16,0.14,0 17:13:11 05/12/20
0,99.9,4.6,2.8,2.8,0.16,0.13,1 17:18:42 05/12/20
0,99.9,4.3,2.8,2.8,0.21,0.18,0 17:24:09 05/12/20
0,99.9,4.0,2.8,2.8,0.13,0.11,1 17:29:35 05/12/20
0,99.9,3.7,2.8,2.8,0.21,0.18,0 17:35:03 05/12/20
0,99.9,3.6,2.8,2.8,0.16,0.13,1 17:40:32 05/12/20
0,99.9,3.3,2.8,2.8,0.21,0.18,0 17:45:58 05/12/20
0,99.9,3.1,2.8,2.8,0.16,0.13,1 17:51:25 05/12/20
0,99.9,2.9,2.8,2.8,0.19,0.16,0 17:56:50 05/12/20
0,99.9,2.6,2.8,2.8,0.16,0.13,1 18:02:20 05/12/20
0,99.9,2.4,2.8,2.8,0.22,0.18,0 18:07:47 05/12/20
0,99.9,2.2,2.8,2.8,0.16,0.13,1 18:13:13 05/12/20
0,99.9,2.1,2.8,2.8,0.21,0.18,0 18:18:40 05/12/20
0,99.9,1.9,2.8,2.8,0.17,0.14,0 18:24:14 05/12/20
0,99.9,1.7,2.8,2.8,0.15,0.13,1 18:29:43 05/12/20
0,99.9,1.6,2.8,2.8,0.21,0.17,0 18:35:10 05/12/20
0,99.9,1.4,2.8,2.8,0.16,0.13,1 18:40:37 05/12/20
0,99.9,1.3,2.8,2.8,0.21,0.17,0 18:46:04 05/12/20
0,99.9,1.1,2.8,2.8,0.16,0.13,1 18:51:31 05/12/20
0,99.9,0.9,2.8,2.8,0.21,0.17,0 18:56:59 05/12/20
0,99.9,0.8,2.8,2.8,0.15,0.12,1 19:02:25 05/12/20
0,99.9,0.7,2.8,2.8,0.21,0.18,0 19:07:52 05/12/20
0,99.9,0.6,2.8,2.8,0.16,0.13,1 19:13:19 05/12/20
0,99.9,0.5,2.8,2.8,0.21,0.17,0 19:18:46 05/12/20
0,99.9,0.5,2.8,2.8,0.15,0.13,1 19:24:13 05/12/20
0,99.9,0.4,2.8,2.8,0.21,0.17,0 19:29:40 05/12/20
0,99.9,0.4,2.8,2.8,0.15,0.13,1 19:35:07 05/12/20
0,99.9,0.3,2.8,2.8,0.21,0.18,0 19:40:34 05/12/20
0,99.9,0.3,2.8,2.8,0.16,0.13,1 19:46:01 05/12/20
0,99.9,0.2,2.8,2.8,0.21,0.17,0 19:51:28 05/12/20
0,99.9,0.1,2.8,2.8,0.15,0.13,1 19:56:55 05/12/20
0,99.9,0.1,2.8,2.8,0.21,0.18,0 20:02:22 05/12/20
0,99.9,0.1,2.8,2.8,0.16,0.13,1 20:07:50 05/12/20
0,99.9,0.0,2.8,2.8,0.21,0.18,0 20:13:17 05/12/20
0,99.9,0.0,2.8,2.8,0.16,0.13,1 20:18:44 05/12/20
0,99.9,-0.1,2.8,2.8,0.21,0.18,0 20:24:10 05/12/20
0,99.9,-0.1,2.8,2.8,0.16,0.13,1 20:29:40 05/12/20
0,99.9,-0.1,2.8,2.8,0.22,0.18,0 20:35:14 05/12/20
0,99.9,-0.1,2.8,2.8,0.16,0.13,1 20:40:42 05/12/20
0,99.9,-0.1,2.8,2.8,0.21,0.17,0 20:46:07 05/12/20
0,99.9,-0.2,2.8,2.8,0.16,0.13,1 20:51:33 05/12/20
0,99.9,-0.3,2.8,2.8,0.21,0.17,0 20:57:00 05/12/20
0,99.9,-0.3,2.8,2.8,0.13,0.11,1 21:02:25 05/12/20
0,99.9,-0.4,2.8,2.8,0.21,0.18,0 21:07:55 05/12/20
0,99.9,-0.4,2.8,2.8,0.16,0.13,1 21:13:22 05/12/20
0,99.9,-0.5,2.8,2.8,0.21,0.18,0 21:18:49 05/12/20
0,99.9,-0.5,2.8,2.8,0.16,0.13,1 21:24:15 05/12/20
0,99.9,-0.6,2.8,2.8,0.21,0.18,0 21:29:42 05/12/20
0,99.9,-0.6,2.8,2.8,0.15,0.12,1 21:35:08 05/12/20
0,99.9,-0.7,2.8,2.8,0.21,0.17,0 21:40:36 05/12/20
0,99.9,-0.8,2.8,2.8,0.16,0.13,1 21:46:02 05/12/20
0,99.9,-0.9,2.8,2.8,0.21,0.18,0 21:51:29 05/12/20
0,99.9,-1.0,2.8,2.8,0.16,0.13,1 21:56:57 05/12/20
0,99.9,-1.0,2.8,2.8,0.21,0.18,0 22:02:24 05/12/20
0,99.9,-1.1,2.8,2.8,0.14,0.11,1 22:07:51 05/12/20
0,99.9,-1.1,2.8,2.8,0.19,0.16,0 22:13:15 05/12/20
0,99.9,-1.2,2.8,2.8,0.16,0.13,1 22:18:44 05/12/20
0,99.9,-1.3,2.8,2.8,0.13,0.11,1 22:24:14 05/12/20
0,99.9,-1.3,2.8,2.8,0.21,0.18,0 22:29:46 05/12/20
0,99.9,-1.3,2.8,2.8,0.15,0.13,1 22:35:13 05/12/20
0,99.9,-1.4,2.8,2.8,0.21,0.17,0 22:40:40 05/12/20
0,99.9,-1.5,2.8,2.8,0.16,0.13,1 22:46:09 05/12/20
0,99.9,-1.5,2.8,2.8,0.21,0.18,0 22:51:37 05/12/20
0,99.9,-1.5,2.8,2.8,0.16,0.13,1 22:57:01 05/12/20
0,99.9,-1.6,2.8,2.8,0.22,0.18,0 23:02:29 05/12/20
0,99.9,-1.6,2.8,2.8,0.16,0.13,1 23:07:54 05/12/20
0,99.9,-1.7,2.8,2.79,0.21,0.17,0 23:13:21 05/12/20
0,99.9,-1.7,2.8,2.8,0.14,0.11,1 23:18:47 05/12/20
0,99.9,-1.8,2.8,2.79,0.21,0.18,0 23:24:15 05/12/20
0,99.9,-1.8,2.8,2.8,0.14,0.11,1 23:29:40 05/12/20
0,99.9,-1.8,2.8,2.8,0.13,0.11,1 23:35:12 05/12/20
0,99.9,-1.8,2.8,2.79,0.21,0.18,0 23:40:45 05/12/20
0,99.9,-1.8,2.8,2.79,0.16,0.13,1 23:46:11 05/12/20
0,99.9,-1.8,2.8,2.79,0.21,0.18,0 23:51:39 05/12/20
0,99.9,-1.8,2.8,2.8,0.16,0.13,1 23:57:05 05/12/20
