0,52.6,11.835,1023.46,0.0,3.99 00:01:27 07/05/20
0,54.1,11.83,1023.47,0.0,3.99 00:06:41 07/05/20
0,54.2,11.825,1023.46,0.0,3.98 00:11:55 07/05/20
0,54.2,11.815001,1023.51,0.0,3.98 00:17:12 07/05/20
0,54.1,11.74,1023.51,0.0,3.98 00:22:31 07/05/20
0,54.4,11.72,1023.56,0.0,3.98 00:27:45 07/05/20
0,55.0,11.59,1023.55,0.0,3.98 00:32:58 07/05/20
0,55.0,11.549999,1023.57,0.0,3.98 00:38:12 07/05/20
0,54.0,11.465,1023.58,0.0,3.98 00:43:26 07/05/20
0,55.4,11.37,1023.55,0.0,3.97 00:48:39 07/05/20
0,55.0,11.33,1023.51,0.0,3.98 00:53:52 07/05/20
0,56.7,11.190001,1023.59,0.0,3.97 00:59:07 07/05/20
0,56.7,11.145,1023.55,0.0,3.97 01:04:20 07/05/20
0,56.6,11.059999,1023.6,0.0,3.97 01:09:34 07/05/20
0,56.5,10.97,1023.65,0.0,3.97 01:14:48 07/05/20
0,56.5,10.865,1023.57,0.01,3.97 01:20:00 07/05/20
0,57.2,10.775,1023.62,0.02,3.97 01:25:15 07/05/20
0,57.9,10.675,1023.65,0.01,3.97 01:30:28 07/05/20
0,57.5,10.575,1023.66,0.02,3.97 01:35:42 07/05/20
0,57.8,10.48,1023.72,0.01,3.96 01:40:55 07/05/20
0,59.7,10.375,1023.68,0.02,3.96 01:46:09 07/05/20
0,59.0,10.285,1023.76,0.01,3.96 01:51:23 07/05/20
0,59.0,10.184999,1023.73,0.01,3.96 01:56:37 07/05/20
0,59.0,10.15,1023.76,0.01,3.96 02:01:49 07/05/20
0,59.3,10.055,1023.68,0.02,3.96 02:07:02 07/05/20
0,60.4,9.985001,1023.67,0.02,3.96 02:12:16 07/05/20
0,60.4,9.950001,1023.65,0.02,3.96 02:17:30 07/05/20
0,60.5,9.87,1023.62,0.02,3.96 02:22:43 07/05/20
0,61.4,9.780001,1023.59,0.01,3.96 02:27:55 07/05/20
0,60.0,9.75,1023.61,0.02,3.96 02:33:10 07/05/20
0,61.3,9.66,1023.52,0.01,3.96 02:38:24 07/05/20
0,62.9,9.58,1023.51,0.01,3.96 02:43:35 07/05/20
0,62.3,9.54,1023.45,0.01,3.96 02:48:51 07/05/20
0,63.1,9.455,1023.57,0.01,3.95 02:54:04 07/05/20
0,63.0,9.38,1023.53,0.01,3.95 02:59:17 07/05/20
0,62.5,9.35,1023.47,0.01,3.95 03:04:31 07/05/20
0,64.2,9.265,1023.47,0.01,3.95 03:09:45 07/05/20
0,63.2,9.184999,1023.45,0.01,3.95 03:14:57 07/05/20
0,63.8,9.145,1023.43,0.01,3.95 03:20:11 07/05/20
0,67.0,9.07,1023.44,0.0,3.95 03:25:24 07/05/20
0,65.3,8.99,1023.41,0.0,3.95 03:30:38 07/05/20
0,64.9,8.955,1023.38,0.0,3.95 03:35:51 07/05/20
0,66.3,8.87,1023.29,0.0,3.95 03:41:07 07/05/20
0,66.5,8.844999,1023.26,0.0,3.95 03:46:18 07/05/20
0,65.4,8.76,1023.31,0.0,3.95 03:51:31 07/05/20
0,65.5,8.68,1023.32,0.0,3.94 03:56:45 07/05/20
0,67.9,8.665,1023.38,0.0,3.94 04:01:57 07/05/20
1,66.5,8.639999,1023.35,0.0,3.94 04:07:11 07/05/20
2,66.4,8.55,1023.31,0.0,3.94 04:12:25 07/05/20
7,66.9,8.47,1023.27,0.0,3.94 04:17:37 07/05/20
10,67.3,8.389999,1023.3,0.0,3.94 04:22:51 07/05/20
10,68.1,8.344999,1023.22,0.0,3.94 04:28:04 07/05/20
11,68.5,8.255,1023.14,0.0,3.94 04:33:20 07/05/20
12,68.4,8.17,1023.14,0.0,3.94 04:38:37 07/05/20
12,70.7,8.085,1023.15,0.0,3.94 04:43:52 07/05/20
12,69.9,8.05,1023.1,0.0,3.93 04:49:09 07/05/20
13,73.8,7.9700003,1023.0,0.0,3.93 04:54:27 07/05/20
14,72.5,7.9500003,1023.05,0.0,3.93 04:59:41 07/05/20
14,71.5,7.875,1023.02,0.0,3.93 05:04:53 07/05/20
15,70.3,7.8,1023.01,0.02,3.93 05:10:06 07/05/20
15,69.6,7.76,1022.85,0.05,3.93 05:15:20 07/05/20
16,72.0,7.67,1022.86,0.11,3.89 05:20:33 07/05/20
18,73.1,7.5950003,1022.85,0.25,3.93 05:25:46 07/05/20
20,71.7,7.5600004,1022.93,0.57,3.93 05:30:59 07/05/20
22,71.1,7.465,1022.8,1.14,3.93 05:36:10 07/05/20
27,72.0,7.365,1022.87,1.83,3.93 05:41:25 07/05/20
36,71.7,7.2749996,1022.82,2.44,3.93 05:46:40 07/05/20
44,71.9,7.245,1022.84,3.02,3.92 05:51:52 07/05/20
56,71.4,7.1549997,1022.96,3.55,3.92 05:57:05 07/05/20
67,71.8,7.075,1022.99,4.01,3.92 06:02:18 07/05/20
79,74.6,6.9750004,1023.01,4.04,3.92 06:07:31 07/05/20
92,71.9,6.94,1023.0,4.23,3.92 06:12:49 07/05/20
106,71.7,6.855,1023.0,4.28,3.92 06:18:09 07/05/20
116,73.9,6.825,1022.91,4.47,3.92 06:23:28 07/05/20
123,74.0,6.755,1023.02,4.99,3.92 06:28:38 07/05/20
134,74.2,6.6800003,1023.08,5.0,3.92 06:33:53 07/05/20
139,74.6,6.66,1023.06,5.0,3.92 06:39:06 07/05/20
145,75.1,6.65,1023.12,5.0,3.92 06:44:19 07/05/20
157,74.7,6.6400003,1023.13,4.9,3.92 06:49:32 07/05/20
159,75.7,6.645,1023.14,4.58,3.93 06:54:45 07/05/20
161,74.3,6.65,1023.04,5.0,3.92 06:59:58 07/05/20
167,74.9,6.665,1023.06,5.0,3.92 07:05:12 07/05/20
174,75.3,6.6800003,1023.1,4.21,3.89 07:10:24 07/05/20
179,77.4,6.76,1023.06,5.0,3.94 07:15:41 07/05/20
207,76.8,6.8599997,1022.99,4.42,3.95 07:21:00 07/05/20
266,75.4,6.965,1023.04,5.0,3.96 07:26:12 07/05/20
288,73.1,7.065,1022.96,5.0,3.96 07:31:25 07/05/20
272,75.1,7.24,1022.93,5.0,3.96 07:36:38 07/05/20
283,72.7,7.37,1022.95,4.21,3.96 07:41:52 07/05/20
285,74.2,7.645,1022.97,5.0,3.97 07:47:05 07/05/20
292,79.9,7.995,1022.9,4.76,3.98 07:52:18 07/05/20
296,76.9,8.309999,1022.91,4.07,3.98 07:57:32 07/05/20
304,77.4,8.625,1022.91,5.0,4.0 08:02:43 07/05/20
309,77.1,8.965,1022.86,5.0,4.0 08:07:58 07/05/20
312,78.4,9.355,1022.95,4.11,4.01 08:13:12 07/05/20
316,76.6,9.755,1022.91,4.15,4.02 08:18:24 07/05/20
319,81.9,10.264999,1022.96,4.81,4.03 08:23:38 07/05/20
323,83.1,10.755,1023.01,4.14,4.04 08:28:51 07/05/20
326,80.5,11.17,1022.9,5.0,4.06 08:34:05 07/05/20
329,77.8,11.52,1022.93,4.24,4.09 08:39:19 07/05/20
334,75.3,11.955,1022.96,4.26,4.12 08:44:32 07/05/20
335,72.4,12.365,1022.92,4.25,4.17 08:49:46 07/05/20
339,73.3,12.690001,1022.96,5.0,4.2 08:55:00 07/05/20
340,72.0,12.995,1022.96,4.28,4.16 09:00:17 07/05/20
346,70.8,13.105,1022.91,4.25,4.14 09:05:43 07/05/20
348,70.2,13.27,1022.85,4.36,4.14 09:10:58 07/05/20
353,69.2,13.38,1022.84,4.28,4.18 09:16:15 07/05/20
358,75.0,13.57,1022.81,4.28,4.18 09:21:33 07/05/20
360,69.0,13.690001,1022.66,4.3,4.2 09:26:49 07/05/20
363,69.5,13.860001,1022.69,4.98,4.2 09:32:03 07/05/20
366,71.8,14.055,1022.66,5.0,4.2 09:37:17 07/05/20
370,69.4,14.245,1022.69,5.0,4.2 09:42:31 07/05/20
372,69.7,14.434999,1022.7,5.0,4.1 09:47:45 07/05/20
377,70.3,14.620001,1022.71,5.0,4.12 09:52:57 07/05/20
378,70.1,14.91,1022.75,5.0,4.12 09:58:14 07/05/20
380,72.4,15.14,1022.62,5.0,4.12 10:03:27 07/05/20
383,70.8,15.424999,1022.66,5.0,4.12 10:08:40 07/05/20
385,70.0,15.610001,1022.65,5.0,4.12 10:13:56 07/05/20
385,71.6,15.905,1022.56,5.0,4.12 10:19:14 07/05/20
387,69.1,16.18,1022.64,5.0,4.12 10:24:33 07/05/20
390,67.7,16.295,1022.61,5.0,4.2 10:29:48 07/05/20
393,67.6,16.415,1022.6,5.0,4.11 10:35:01 07/05/20
393,65.8,16.66,1022.6,5.0,4.13 10:40:16 07/05/20
395,64.8,16.735,1022.58,5.0,4.1 10:45:30 07/05/20
397,65.0,16.8,1022.58,5.0,4.21 10:50:45 07/05/20
398,66.9,17.0,1022.62,5.0,4.1 10:56:00 07/05/20
398,65.7,17.345001,1022.62,5.0,4.2 11:01:17 07/05/20
401,66.2,17.58,1022.54,5.0,4.11 11:06:37 07/05/20
402,65.2,17.865,1022.5,5.0,4.19 11:11:49 07/05/20
403,62.9,18.0,1022.43,5.0,4.11 11:17:06 07/05/20
405,63.7,18.1,1022.42,5.0,4.12 11:22:20 07/05/20
406,63.4,18.34,1022.37,5.0,4.11 11:27:36 07/05/20
405,63.7,18.54,1022.34,5.0,4.11 11:32:54 07/05/20
406,60.0,18.72,1022.35,5.0,4.2 11:38:13 07/05/20
408,61.7,18.77,1022.32,5.0,4.11 11:43:28 07/05/20
410,59.1,18.96,1022.31,5.0,4.2 11:48:42 07/05/20
413,60.8,19.130001,1022.34,5.0,4.12 11:53:55 07/05/20
413,61.7,19.345001,1022.35,5.0,4.12 11:59:12 07/05/20
413,59.9,19.625,1022.3,5.0,4.11 12:04:27 07/05/20
413,57.6,19.835,1022.31,5.0,4.12 12:09:42 07/05/20
414,61.2,20.05,1022.3,5.0,4.12 12:14:58 07/05/20
416,60.5,20.224998,1022.24,5.0,4.11 12:20:11 07/05/20
417,58.4,20.41,1022.2,5.0,4.13 12:25:27 07/05/20
416,55.8,20.439999,1022.13,5.0,4.11 12:30:40 07/05/20
416,51.3,20.39,1022.11,5.0,4.14 12:35:56 07/05/20
418,57.1,20.365,1022.12,5.0,4.11 12:41:11 07/05/20
419,58.9,20.55,1022.03,5.0,4.21 12:46:26 07/05/20
420,58.8,20.84,1022.02,5.0,4.12 12:51:41 07/05/20
420,57.9,21.11,1021.96,5.0,4.2 12:57:00 07/05/20
423,57.4,21.325,1021.92,5.0,4.12 13:02:20 07/05/20
417,58.1,21.515,1021.9,5.0,4.19 13:07:37 07/05/20
419,53.0,21.805,1021.87,5.0,4.12 13:12:50 07/05/20
418,55.6,21.93,1021.81,5.0,4.11 13:18:06 07/05/20
422,55.8,22.095001,1021.79,5.0,4.13 13:23:22 07/05/20
421,54.5,22.21,1021.69,5.0,4.11 13:28:36 07/05/20
419,49.2,22.165,1021.58,5.0,4.12 13:33:55 07/05/20
423,52.6,22.09,1021.56,5.0,4.11 13:39:15 07/05/20
425,54.3,22.25,1021.52,5.0,4.12 13:44:31 07/05/20
419,51.4,22.36,1021.46,5.0,4.11 13:49:47 07/05/20
422,54.1,22.529999,1021.48,5.0,4.13 13:55:01 07/05/20
421,54.0,22.785,1021.48,5.0,4.11 14:00:17 07/05/20
411,52.8,22.994999,1021.46,5.0,4.13 14:05:33 07/05/20
417,51.4,23.095001,1021.34,5.0,4.11 14:10:48 07/05/20
404,50.4,23.055,1021.21,5.0,4.13 14:16:03 07/05/20
427,51.8,23.135,1021.04,5.0,4.12 14:21:18 07/05/20
422,47.1,23.215,1020.98,5.0,4.14 14:26:32 07/05/20
418,51.3,23.235,1021.01,5.0,4.12 14:31:49 07/05/20
422,51.0,23.305,1020.91,5.0,4.14 14:37:05 07/05/20
414,52.1,23.404999,1020.84,5.0,4.12 14:42:20 07/05/20
420,48.7,23.505001,1020.72,5.0,4.21 14:47:36 07/05/20
402,41.1,23.42,1020.6,5.0,4.12 14:52:51 07/05/20
419,48.2,23.165,1020.72,5.0,4.21 14:58:05 07/05/20
420,49.5,23.295,1020.69,5.0,4.12 15:03:22 07/05/20
407,49.8,23.455,1020.66,5.0,4.11 15:08:42 07/05/20
411,49.9,23.45,1020.58,5.0,4.12 15:14:02 07/05/20
416,50.4,23.46,1020.48,5.0,4.11 15:19:17 07/05/20
409,39.0,23.33,1020.37,5.0,4.13 15:24:33 07/05/20
414,47.4,23.33,1020.31,5.0,4.11 15:29:48 07/05/20
417,47.5,23.625,1020.23,5.0,4.13 15:35:04 07/05/20
417,49.2,23.72,1020.16,5.0,4.12 15:40:19 07/05/20
412,47.1,23.84,1020.1,5.0,4.13 15:45:35 07/05/20
408,46.8,23.935001,1020.03,5.0,4.12 15:50:51 07/05/20
403,48.5,23.955,1019.93,5.0,4.13 15:56:07 07/05/20
408,49.0,24.05,1019.86,5.0,4.12 16:01:22 07/05/20
405,49.2,24.14,1019.8,5.0,4.14 16:06:37 07/05/20
386,49.2,24.244999,1019.78,5.0,4.12 16:11:53 07/05/20
382,47.4,24.23,1019.62,5.0,4.14 16:17:08 07/05/20
391,47.0,24.02,1019.64,5.0,4.12 16:22:24 07/05/20
393,46.0,23.91,1019.63,5.0,4.21 16:27:39 07/05/20
389,44.6,23.91,1019.43,5.0,4.12 16:32:55 07/05/20
362,47.0,23.975,1019.52,5.0,4.2 16:38:15 07/05/20
334,46.7,23.9,1019.54,5.0,4.13 16:43:33 07/05/20
351,45.5,23.73,1019.42,5.0,4.13 16:48:51 07/05/20
362,42.4,23.505001,1019.38,5.0,4.12 16:54:06 07/05/20
360,41.9,23.375,1019.34,5.0,4.12 16:59:26 07/05/20
348,46.4,23.345,1019.3,5.0,4.12 17:04:44 07/05/20
315,45.3,23.355,1019.21,5.0,4.13 17:10:01 07/05/20
340,44.8,23.325,1019.2,5.0,4.12 17:15:15 07/05/20
326,44.8,23.265,1019.08,5.0,4.13 17:20:36 07/05/20
331,42.6,23.165,1019.07,5.0,4.11 17:25:56 07/05/20
324,43.9,23.14,1019.01,5.0,4.13 17:31:12 07/05/20
324,44.0,23.055,1018.94,5.0,4.11 17:36:27 07/05/20
330,45.3,23.060001,1018.97,5.0,4.13 17:41:43 07/05/20
314,44.6,23.05,1019.01,5.0,4.11 17:47:02 07/05/20
307,43.8,23.045,1018.97,5.0,4.14 17:52:20 07/05/20
304,44.1,22.869999,1018.89,5.0,4.11 17:57:41 07/05/20
294,44.7,22.685001,1018.78,5.0,4.14 18:03:01 07/05/20
296,43.2,22.564999,1018.77,5.0,4.12 18:08:17 07/05/20
301,43.6,22.465,1018.75,4.28,4.2 18:13:32 07/05/20
302,43.2,22.529999,1018.68,5.0,4.12 18:18:48 07/05/20
290,43.4,22.470001,1018.68,4.27,4.18 18:24:04 07/05/20
279,43.4,22.46,1018.67,5.0,4.12 18:29:18 07/05/20
273,43.7,22.445,1018.55,4.27,4.15 18:34:34 07/05/20
269,43.5,22.369999,1018.51,4.2,4.12 18:40:01 07/05/20
264,43.5,22.29,1018.54,4.38,4.12 18:45:31 07/05/20
259,43.8,22.195,1018.51,5.0,4.12 18:50:45 07/05/20
256,45.0,22.085,1018.55,5.0,4.12 18:56:01 07/05/20
254,44.2,21.99,1018.59,5.0,4.12 19:01:19 07/05/20
249,43.8,21.89,1018.57,5.0,4.12 19:06:30 07/05/20
241,44.1,21.849998,1018.52,5.0,4.12 19:11:50 07/05/20
233,44.5,21.705,1018.42,5.0,4.11 19:17:09 07/05/20
227,44.6,21.67,1018.47,5.0,4.14 19:22:25 07/05/20
220,44.9,21.52,1018.38,5.0,4.12 19:27:43 07/05/20
213,44.6,21.404999,1018.37,4.21,4.16 19:32:57 07/05/20
209,44.9,21.3,1018.31,5.0,4.13 19:38:11 07/05/20
203,44.9,21.18,1018.27,5.0,4.12 19:43:26 07/05/20
194,45.2,21.01,1018.27,4.19,4.14 19:48:41 07/05/20
183,45.3,20.904999,1018.24,4.63,4.14 19:54:00 07/05/20
177,45.3,20.8,1018.33,5.0,4.15 19:59:24 07/05/20
169,45.9,20.695,1018.26,4.23,4.16 20:04:44 07/05/20
164,46.5,20.6,1018.22,5.0,4.16 20:09:59 07/05/20
159,46.9,20.505001,1018.15,4.22,4.16 20:15:12 07/05/20
153,46.5,20.34,1018.14,5.0,4.15 20:20:29 07/05/20
145,47.0,20.215,1018.07,5.0,4.15 20:25:43 07/05/20
143,47.6,20.095001,1018.08,5.0,4.14 20:31:02 07/05/20
127,47.3,19.925,1018.07,5.0,4.14 20:36:14 07/05/20
115,47.4,19.73,1018.06,5.0,4.12 20:41:29 07/05/20
100,47.9,19.525,1018.0,4.85,4.11 20:46:44 07/05/20
92,48.0,19.325,1018.02,4.35,4.1 20:52:03 07/05/20
81,48.2,19.130001,1018.02,4.26,4.09 20:57:26 07/05/20
70,48.8,18.99,1018.04,4.17,4.06 21:02:55 07/05/20
57,49.3,18.810001,1018.01,3.76,4.08 21:08:07 07/05/20
50,49.6,18.619999,1018.01,3.71,4.08 21:13:22 07/05/20
39,50.0,18.375,1018.08,3.25,4.07 21:18:36 07/05/20
29,50.7,18.225,1018.09,2.87,4.06 21:24:01 07/05/20
17,51.0,18.04,1018.11,1.68,4.06 21:29:17 07/05/20
12,51.6,17.835,1018.1,0.98,4.06 21:34:29 07/05/20
7,51.7,17.630001,1018.16,0.57,4.05 21:39:53 07/05/20
4,51.0,17.45,1018.2,0.3,4.05 21:45:09 07/05/20
2,52.0,17.265,1018.26,0.15,4.04 21:50:23 07/05/20
0,52.4,17.064999,1018.28,0.07,4.04 21:55:44 07/05/20
0,52.5,16.939999,1018.25,0.03,4.03 22:01:04 07/05/20
0,52.5,16.755001,1018.22,0.01,4.03 22:06:23 07/05/20
0,53.8,16.555,1018.18,0.0,4.03 22:11:41 07/05/20
0,52.8,16.425,1018.19,0.0,4.03 22:16:59 07/05/20
0,53.5,16.26,1018.27,0.0,4.02 22:22:20 07/05/20
0,54.2,16.085,1018.25,0.0,3.99 22:27:51 07/05/20
0,54.1,15.975,1018.2,0.0,4.02 22:33:16 07/05/20
0,54.1,15.84,1018.2,0.0,4.02 22:38:31 07/05/20
0,54.6,15.675,1018.21,0.0,4.01 22:43:51 07/05/20
0,54.6,15.58,1018.22,0.0,4.01 22:49:15 07/05/20
0,55.3,15.465,1018.1,0.0,4.01 22:54:31 07/05/20
0,55.6,15.295,1018.14,0.0,4.01 22:59:47 07/05/20
0,55.6,15.16,1018.13,0.0,4.01 23:05:03 07/05/20
0,56.3,15.049999,1018.13,0.0,4.0 23:10:15 07/05/20
0,56.0,14.934999,1018.19,0.0,4.0 23:15:27 07/05/20
0,56.1,14.715,1018.23,0.0,4.0 23:20:43 07/05/20
0,56.5,14.665,1018.19,0.0,4.0 23:25:57 07/05/20
0,57.7,14.505,1018.18,0.0,4.0 23:31:15 07/05/20
0,57.2,14.445,1018.12,0.0,4.0 23:36:34 07/05/20
0,59.9,14.295,1018.17,0.0,3.99 23:41:48 07/05/20
0,57.7,14.184999,1018.11,0.0,3.96 23:47:01 07/05/20
0,58.6,14.08,1018.0,0.0,3.99 23:52:16 07/05/20
0,58.7,13.97,1018.1,0.0,3.99 23:57:33 07/05/20
