0,53.2,16.16,1013.55,0.0,3.99 00:04:41 09/05/20
0,53.1,16.15,1013.53,0.0,3.99 00:09:55 09/05/20
0,53.9,16.14,1013.48,0.0,3.98 00:15:09 09/05/20
0,53.8,16.115,1013.5,0.0,3.99 00:20:22 09/05/20
0,53.9,15.99,1013.49,0.0,3.98 00:25:38 09/05/20
0,53.4,15.965,1013.42,0.0,3.98 00:30:52 09/05/20
0,53.4,15.870001,1013.35,0.0,3.98 00:36:07 09/05/20
0,55.2,15.785,1013.36,0.0,3.98 00:41:21 09/05/20
0,54.0,15.76,1013.36,0.0,3.98 00:46:39 09/05/20
0,54.9,15.735001,1013.35,0.0,3.98 00:52:02 09/05/20
0,54.7,15.685,1013.33,0.0,3.98 00:57:19 09/05/20
0,54.2,15.675,1013.27,0.0,3.98 01:02:36 09/05/20
0,54.4,15.665,1013.2,0.0,3.98 01:07:50 09/05/20
0,54.5,15.645,1013.16,0.0,3.98 01:13:05 09/05/20
0,54.0,15.625,1013.2,0.0,3.97 01:18:18 09/05/20
0,53.5,15.545,1013.11,0.0,3.97 01:23:37 09/05/20
0,53.9,15.460001,1013.11,0.0,3.97 01:28:55 09/05/20
0,54.4,15.365,1013.1,0.0,3.97 01:34:10 09/05/20
0,54.9,15.26,1013.1,0.0,3.97 01:39:24 09/05/20
0,54.7,15.155001,1013.1,0.0,3.97 01:44:38 09/05/20
0,55.0,15.055,1013.04,0.0,3.97 01:49:52 09/05/20
0,54.9,14.955,1012.94,0.0,3.97 01:55:07 09/05/20
0,54.6,14.865,1012.84,0.0,3.97 02:00:21 09/05/20
0,54.9,14.77,1012.82,0.0,3.96 02:05:35 09/05/20
0,54.4,14.73,1012.82,0.0,3.96 02:10:50 09/05/20
0,54.8,14.58,1012.92,0.0,3.96 02:16:03 09/05/20
0,55.7,14.48,1012.93,0.0,3.96 02:21:17 09/05/20
0,55.8,14.440001,1012.86,0.0,3.96 02:26:31 09/05/20
0,55.7,14.34,1012.88,0.0,3.94 02:31:45 09/05/20
0,56.2,14.235001,1012.86,0.0,3.96 02:37:03 09/05/20
0,55.8,14.09,1012.86,0.0,3.96 02:42:24 09/05/20
0,56.1,13.98,1012.84,0.0,3.96 02:47:36 09/05/20
0,56.4,13.865,1012.81,0.0,3.96 02:52:50 09/05/20
0,56.3,13.76,1012.8,0.0,3.96 02:58:04 09/05/20
0,57.5,13.594999,1012.84,0.0,3.96 03:03:16 09/05/20
0,57.1,13.48,1012.78,0.0,3.96 03:08:30 09/05/20
0,56.9,13.37,1012.81,0.0,3.96 03:13:46 09/05/20
0,58.7,13.26,1012.67,0.0,3.96 03:18:58 09/05/20
0,57.5,13.16,1012.68,0.0,3.96 03:24:15 09/05/20
0,57.9,13.065,1012.64,0.0,3.95 03:29:28 09/05/20
0,57.7,12.965,1012.5,0.0,3.95 03:34:42 09/05/20
0,57.7,12.88,1012.48,0.0,3.95 03:39:56 09/05/20
0,58.6,12.84,1012.38,0.0,3.95 03:45:10 09/05/20
0,59.1,12.755,1012.43,0.0,3.95 03:50:23 09/05/20
0,58.8,12.66,1012.41,0.0,3.95 03:55:37 09/05/20
0,59.3,12.585,1012.37,0.0,3.95 04:00:51 09/05/20
0,60.1,12.565,1012.3,0.0,3.94 04:06:04 09/05/20
0,59.5,12.555,1012.39,0.0,3.95 04:11:17 09/05/20
0,59.6,12.49,1012.36,0.0,3.94 04:16:31 09/05/20
0,60.7,12.465,1012.33,0.0,3.94 04:21:47 09/05/20
0,60.2,12.455,1012.21,0.0,3.94 04:27:00 09/05/20
0,59.8,12.450001,1012.29,0.0,3.94 04:32:14 09/05/20
0,60.6,12.375,1012.11,0.0,3.9 04:37:28 09/05/20
0,61.1,12.365,1012.09,0.0,3.94 04:42:42 09/05/20
0,62.4,12.295,1012.01,0.0,3.94 04:47:59 09/05/20
0,60.9,12.280001,1012.04,0.0,3.94 04:53:17 09/05/20
0,61.1,12.255,1011.94,0.0,3.94 04:58:30 09/05/20
0,61.9,12.17,1012.0,0.0,3.94 05:03:44 09/05/20
0,61.1,12.075,1011.95,0.02,3.94 05:08:59 09/05/20
0,62.2,11.985001,1011.94,0.05,3.94 05:14:13 09/05/20
2,60.5,11.950001,1011.85,0.12,3.94 05:19:27 09/05/20
4,60.1,11.87,1011.87,0.27,3.93 05:24:44 09/05/20
7,63.2,11.84,1011.86,0.57,3.94 05:30:03 09/05/20
12,61.0,11.76,1011.8,1.07,3.93 05:35:16 09/05/20
18,62.8,11.690001,1011.81,1.75,3.93 05:40:30 09/05/20
27,64.5,11.675,1011.73,2.63,3.93 05:45:44 09/05/20
37,61.2,11.665,1011.72,3.3,3.93 05:51:01 09/05/20
49,63.2,11.655001,1011.74,3.91,3.93 05:56:20 09/05/20
58,63.8,11.63,1011.71,4.05,3.93 06:01:34 09/05/20
73,66.6,11.565,1011.7,4.3,3.93 06:06:47 09/05/20
89,62.1,11.555,1011.73,4.79,3.93 06:12:01 09/05/20
103,65.6,11.5,1011.71,5.0,3.93 06:17:18 09/05/20
113,63.4,11.549999,1011.73,4.37,3.93 06:22:37 09/05/20
127,63.7,11.545,1011.71,5.0,3.93 06:27:50 09/05/20
140,65.4,11.559999,1011.74,4.58,3.93 06:33:04 09/05/20
146,63.1,11.58,1011.7,5.0,3.94 06:38:16 09/05/20
155,65.5,11.655001,1011.69,5.0,3.94 06:43:31 09/05/20
169,65.1,11.73,1011.66,5.0,3.95 06:48:43 09/05/20
181,65.3,11.77,1011.68,4.0,3.95 06:54:00 09/05/20
191,65.4,11.860001,1011.72,4.07,3.96 06:59:13 09/05/20
193,65.5,11.950001,1011.63,4.83,3.96 07:04:27 09/05/20
200,65.0,12.055,1011.52,4.03,3.97 07:09:38 09/05/20
208,65.7,12.165,1011.51,4.6,3.98 07:14:55 09/05/20
229,65.2,12.280001,1011.47,4.14,3.98 07:20:08 09/05/20
244,63.5,12.445,1011.45,4.3,3.99 07:25:23 09/05/20
245,66.1,12.585,1011.58,4.21,3.99 07:30:35 09/05/20
260,65.3,12.775,1011.6,4.55,4.0 07:35:49 09/05/20
258,65.5,12.950001,1011.52,5.0,4.01 07:41:01 09/05/20
282,65.1,13.145,1011.53,4.15,4.01 07:46:18 09/05/20
262,63.7,13.35,1011.48,4.99,4.01 07:51:32 09/05/20
260,64.1,13.605,1011.46,5.0,4.02 07:56:45 09/05/20
253,63.6,13.805,1011.49,4.12,4.03 08:01:59 09/05/20
258,63.1,13.995,1011.45,4.09,4.03 08:07:13 09/05/20
253,66.4,14.21,1011.49,4.35,4.04 08:12:28 09/05/20
263,63.8,14.4,1011.53,4.1,4.05 08:17:42 09/05/20
260,64.1,14.64,1011.52,4.98,4.06 08:22:55 09/05/20
273,63.5,14.785,1011.48,4.15,4.07 08:28:09 09/05/20
259,63.1,14.965,1011.42,4.2,4.05 08:33:23 09/05/20
275,62.8,15.105,1011.4,4.21,4.1 08:38:38 09/05/20
265,64.0,15.295,1011.47,4.39,4.12 08:43:52 09/05/20
286,61.5,15.49,1011.47,4.23,4.17 08:49:07 09/05/20
305,61.8,15.63,1011.41,4.39,4.14 08:54:19 09/05/20
319,62.5,15.809999,1011.35,4.26,4.16 08:59:35 09/05/20
334,66.7,16.0,1011.35,4.26,4.17 09:04:49 09/05/20
334,62.2,16.115,1011.34,4.26,4.17 09:10:01 09/05/20
324,62.3,16.3,1011.28,4.29,4.17 09:15:21 09/05/20
309,63.6,16.535,1011.29,4.25,4.16 09:20:41 09/05/20
304,62.9,16.740002,1011.25,4.26,4.16 09:25:53 09/05/20
310,62.6,16.855,1011.27,5.0,4.1 09:31:09 09/05/20
346,62.7,16.974998,1011.28,5.0,4.11 09:36:28 09/05/20
363,63.3,17.18,1011.34,5.0,4.12 09:41:47 09/05/20
368,64.0,17.45,1011.23,5.0,4.2 09:47:01 09/05/20
353,64.4,17.8,1011.29,5.0,4.11 09:52:16 09/05/20
324,63.3,18.02,1011.31,5.0,4.13 09:57:31 09/05/20
311,62.6,18.150002,1011.3,4.29,4.17 10:02:45 09/05/20
319,61.6,18.295,1011.24,5.0,4.11 10:08:00 09/05/20
350,62.2,18.33,1011.27,5.0,4.14 10:13:14 09/05/20
356,62.6,18.5,1011.23,5.0,4.11 10:18:29 09/05/20
353,62.8,18.630001,1011.21,5.0,4.2 10:23:42 09/05/20
365,63.1,18.83,1011.2,5.0,4.21 10:29:02 09/05/20
351,62.7,19.035,1011.21,5.0,4.11 10:34:22 09/05/20
349,62.1,19.215,1011.16,4.32,4.2 10:39:37 09/05/20
359,61.9,19.345,1011.16,5.0,4.11 10:44:52 09/05/20
355,61.5,19.5,1011.13,5.0,4.1 10:50:06 09/05/20
372,60.9,19.615,1011.18,5.0,4.12 10:55:21 09/05/20
369,61.5,19.740002,1011.2,5.0,4.11 11:00:36 09/05/20
367,61.5,19.98,1011.12,5.0,4.12 11:05:52 09/05/20
383,61.2,20.165,1011.08,5.0,4.11 11:11:07 09/05/20
396,61.0,20.31,1011.09,5.0,4.12 11:16:21 09/05/20
403,61.1,20.52,1011.12,5.0,4.11 11:21:37 09/05/20
406,62.1,20.865,1011.03,5.0,4.13 11:26:50 09/05/20
405,61.4,21.165,1010.9,5.0,4.11 11:32:06 09/05/20
396,60.8,21.45,1010.9,5.0,4.2 11:37:21 09/05/20
373,59.6,21.67,1010.84,5.0,4.12 11:42:36 09/05/20
401,59.1,21.779999,1010.79,5.0,4.1 11:47:52 09/05/20
371,59.7,21.885,1010.81,5.0,4.13 11:53:07 09/05/20
392,58.9,22.04,1010.75,5.0,4.11 11:58:22 09/05/20
340,59.4,22.09,1010.73,5.0,4.14 12:03:37 09/05/20
372,59.2,22.18,1010.73,5.0,4.11 12:08:53 09/05/20
413,59.4,22.345001,1010.64,5.0,4.2 12:14:09 09/05/20
418,59.9,22.635,1010.66,5.0,4.12 12:19:25 09/05/20
414,58.5,22.91,1010.58,5.0,4.2 12:24:39 09/05/20
415,58.7,23.085,1010.57,5.0,4.12 12:29:54 09/05/20
414,58.2,23.42,1010.54,5.0,4.19 12:35:10 09/05/20
419,56.6,23.555,1010.49,5.0,4.12 12:40:25 09/05/20
401,57.4,23.75,1010.45,5.0,4.11 12:45:41 09/05/20
411,55.0,23.95,1010.45,5.0,4.13 12:50:55 09/05/20
422,54.9,23.975,1010.41,5.0,4.11 12:56:12 09/05/20
410,55.4,24.135,1010.39,5.0,4.13 13:01:28 09/05/20
412,56.0,24.314999,1010.39,5.0,4.11 13:06:43 09/05/20
416,56.4,24.61,1010.36,5.0,4.13 13:11:59 09/05/20
421,56.6,24.825,1010.4,5.0,4.11 13:17:15 09/05/20
423,56.1,25.18,1010.32,5.0,4.13 13:22:28 09/05/20
418,54.2,25.395,1010.31,5.0,4.12 13:27:47 09/05/20
411,53.4,25.42,1010.27,5.0,4.13 13:33:02 09/05/20
419,52.5,25.535,1010.21,5.0,4.12 13:38:16 09/05/20
420,54.2,25.7,1010.11,5.0,4.14 13:43:32 09/05/20
418,55.0,25.89,1010.1,5.0,4.12 13:48:49 09/05/20
418,49.2,25.93,1010.05,5.0,4.14 13:54:05 09/05/20
417,51.1,25.855,1009.89,5.0,4.12 13:59:20 09/05/20
418,52.2,26.01,1009.81,5.0,4.11 14:04:37 09/05/20
418,49.7,26.2,1009.75,5.0,4.2 14:09:53 09/05/20
420,49.8,26.3,1009.76,5.0,4.12 14:15:07 09/05/20
419,51.2,26.39,1009.69,5.0,4.2 14:20:25 09/05/20
419,51.5,26.505001,1009.64,5.0,4.13 14:25:41 09/05/20
418,51.5,26.67,1009.51,5.0,4.11 14:30:57 09/05/20
418,50.0,26.8,1009.46,5.0,4.13 14:36:13 09/05/20
417,45.0,26.8,1009.38,5.0,4.12 14:41:30 09/05/20
416,47.0,26.645,1009.39,5.0,4.13 14:46:49 09/05/20
415,45.6,26.525002,1009.31,5.0,4.11 14:52:10 09/05/20
415,49.1,26.55,1009.35,5.0,4.13 14:57:24 09/05/20
414,46.5,26.705,1009.27,5.0,4.12 15:02:42 09/05/20
416,47.7,26.875,1009.22,5.0,4.11 15:07:58 09/05/20
413,47.8,27.02,1009.17,5.0,4.13 15:13:18 09/05/20
409,48.5,27.185,1009.08,5.0,4.11 15:18:39 09/05/20
408,49.3,27.305,1008.99,5.0,4.13 15:23:55 09/05/20
412,46.1,27.455,1008.91,5.0,4.11 15:29:15 09/05/20
408,46.5,27.470001,1008.85,5.0,4.11 15:34:36 09/05/20
408,48.0,27.49,1008.78,5.0,4.13 15:39:56 09/05/20
407,45.4,27.625,1008.77,5.0,4.12 15:45:17 09/05/20
405,42.5,27.545,1008.66,5.0,4.14 15:50:34 09/05/20
403,44.7,27.435001,1008.58,5.0,4.12 15:55:50 09/05/20
402,45.7,27.34,1008.57,5.0,4.2 16:01:07 09/05/20
401,47.0,27.349998,1008.47,5.0,4.12 16:06:22 09/05/20
402,46.6,27.43,1008.49,5.0,4.11 16:11:38 09/05/20
400,44.3,27.51,1008.31,5.0,4.2 16:16:55 09/05/20
398,47.5,27.615002,1008.23,5.0,4.12 16:22:11 09/05/20
396,44.7,27.655,1008.16,5.0,4.13 16:27:27 09/05/20
397,46.7,27.650002,1008.17,5.0,4.12 16:32:42 09/05/20
394,45.5,27.575,1008.11,5.0,4.11 16:38:00 09/05/20
393,46.4,27.58,1008.08,5.0,4.13 16:43:16 09/05/20
390,45.7,27.57,1007.96,5.0,4.11 16:48:32 09/05/20
387,46.6,27.64,1007.98,5.0,4.13 16:53:48 09/05/20
386,44.6,27.585,1007.87,5.0,4.12 16:59:05 09/05/20
383,45.1,27.565,1007.81,5.0,4.11 17:04:21 09/05/20
378,41.7,27.41,1007.7,5.0,4.13 17:09:37 09/05/20
376,44.1,27.240002,1007.66,5.0,4.12 17:14:53 09/05/20
374,42.2,27.064999,1007.58,5.0,4.13 17:20:13 09/05/20
364,41.1,26.95,1007.61,5.0,4.12 17:25:34 09/05/20
368,43.8,26.925,1007.53,5.0,4.13 17:30:50 09/05/20
359,44.9,26.92,1007.48,5.0,4.12 17:36:10 09/05/20
358,44.0,26.91,1007.35,5.0,4.14 17:41:31 09/05/20
362,43.3,26.865,1007.38,5.0,4.12 17:46:47 09/05/20
354,44.7,26.9,1007.27,5.0,4.1 17:52:07 09/05/20
358,43.6,26.720001,1007.23,5.0,4.2 17:57:28 09/05/20
356,42.3,26.55,1007.1,5.0,4.12 18:02:44 09/05/20
348,42.8,26.43,1007.03,5.0,4.2 18:08:00 09/05/20
341,42.9,26.349998,1007.05,5.0,4.12 18:13:16 09/05/20
335,43.5,26.325,1007.07,5.0,4.1 18:18:32 09/05/20
330,42.4,26.245,1006.99,5.0,4.13 18:23:48 09/05/20
331,42.7,26.145,1006.9,5.0,4.12 18:29:04 09/05/20
334,43.2,26.07,1006.83,5.0,4.13 18:34:20 09/05/20
326,43.3,26.035,1006.73,5.0,4.12 18:39:36 09/05/20
321,42.9,25.93,1006.64,5.0,4.13 18:44:52 09/05/20
315,42.8,25.75,1006.69,5.0,4.12 18:50:06 09/05/20
308,41.4,25.564999,1006.68,4.24,4.15 18:55:24 09/05/20
298,42.6,25.45,1006.7,5.0,4.12 19:00:41 09/05/20
298,42.9,25.355,1006.73,5.0,4.11 19:05:57 09/05/20
291,42.9,25.255001,1006.69,5.0,4.13 19:11:12 09/05/20
281,43.4,25.16,1006.71,5.0,4.11 19:16:28 09/05/20
226,43.1,25.05,1006.7,5.0,4.14 19:21:44 09/05/20
234,43.3,24.955,1006.65,5.0,4.11 19:26:59 09/05/20
251,44.2,24.86,1006.59,4.27,4.13 19:32:16 09/05/20
219,43.0,24.755001,1006.58,5.0,4.13 19:37:31 09/05/20
254,43.5,24.654999,1006.52,5.0,4.11 19:42:50 09/05/20
200,43.7,24.494999,1006.52,5.0,4.12 19:48:16 09/05/20
195,43.5,24.39,1006.59,5.0,4.14 19:53:39 09/05/20
195,43.5,24.29,1006.57,5.0,4.16 19:58:59 09/05/20
189,43.8,24.17,1006.56,5.0,4.14 20:04:16 09/05/20
182,43.6,24.0,1006.57,5.0,4.12 20:09:31 09/05/20
177,43.8,23.815,1006.57,4.72,4.12 20:14:45 09/05/20
166,43.8,23.69,1006.61,4.17,4.1 20:20:10 09/05/20
158,44.1,23.57,1006.66,4.2,4.13 20:25:25 09/05/20
144,44.4,23.38,1006.62,5.0,4.12 20:30:41 09/05/20
132,44.6,23.195,1006.56,4.25,4.12 20:35:55 09/05/20
120,44.6,23.005001,1006.63,4.25,4.11 20:41:16 09/05/20
110,44.6,22.795,1006.57,4.79,4.1 20:46:40 09/05/20
98,44.7,22.6,1006.51,4.64,4.09 20:52:04 09/05/20
83,44.8,22.395,1006.51,4.26,4.08 20:57:25 09/05/20
73,45.2,22.19,1006.46,4.17,4.08 21:02:40 09/05/20
61,45.4,21.935,1006.5,3.85,4.07 21:07:56 09/05/20
49,45.5,21.73,1006.46,3.31,4.07 21:13:10 09/05/20
41,45.7,21.525,1006.45,2.88,4.06 21:18:24 09/05/20
32,45.9,21.32,1006.43,2.4,4.06 21:23:41 09/05/20
25,46.3,21.130001,1006.5,2.04,4.05 21:28:57 09/05/20
16,46.3,20.98,1006.41,1.27,4.05 21:34:11 09/05/20
10,46.6,20.735,1006.47,0.68,4.05 21:39:29 09/05/20
6,46.7,20.545,1006.54,0.33,4.04 21:44:41 09/05/20
3,47.3,20.345001,1006.57,0.15,4.04 21:49:55 09/05/20
1,47.3,20.145,1006.57,0.06,4.04 21:55:11 09/05/20
0,47.5,20.015,1006.58,0.02,4.04 22:00:26 09/05/20
0,47.7,19.84,1006.66,0.0,4.03 22:05:41 09/05/20
0,48.2,19.654999,1006.55,0.0,4.03 22:10:56 09/05/20
0,48.5,19.525,1006.55,0.0,4.03 22:16:11 09/05/20
0,48.8,19.42,1006.56,0.0,4.02 22:21:30 09/05/20
0,49.5,19.25,1006.49,0.0,4.02 22:26:48 09/05/20
0,49.8,19.135,1006.46,0.0,3.99 22:32:05 09/05/20
0,50.3,19.02,1006.38,0.0,4.02 22:37:20 09/05/20
0,50.4,18.915,1006.36,0.0,4.02 22:42:34 09/05/20
0,50.4,18.744999,1006.31,0.0,4.02 22:47:47 09/05/20
0,50.9,18.635,1006.28,0.0,4.01 22:53:03 09/05/20
0,53.8,18.474998,1006.29,0.0,4.01 22:58:16 09/05/20
0,51.2,18.36,1006.23,0.0,4.01 23:03:33 09/05/20
0,51.9,18.25,1006.29,0.0,4.01 23:08:51 09/05/20
0,52.6,18.08,1006.28,0.0,4.0 23:14:11 09/05/20
0,54.3,17.96,1006.28,0.0,4.0 23:19:25 09/05/20
0,53.3,17.855,1006.24,0.0,4.0 23:24:41 09/05/20
0,54.3,17.685001,1006.21,0.0,4.0 23:29:55 09/05/20
0,54.0,17.645,1006.09,0.0,4.0 23:35:09 09/05/20
0,54.1,17.55,1006.13,0.0,4.0 23:40:24 09/05/20
0,54.2,17.45,1006.08,0.0,4.0 23:45:39 09/05/20
0,55.0,17.35,1006.08,0.0,4.0 23:50:54 09/05/20
0,53.7,17.265,1005.99,0.0,3.99 23:56:12 09/05/20
