0,54.5,17.244999,1005.93,0.0,3.99 00:01:31 10/05/20
0,55.3,17.145,1005.91,0.0,3.99 00:06:45 10/05/20
0,55.0,17.06,1005.96,0.0,3.99 00:12:00 10/05/20
0,55.1,17.029999,1006.08,0.0,3.99 00:17:14 10/05/20
0,55.2,16.95,1006.12,0.0,3.99 00:22:29 10/05/20
0,56.0,16.875,1006.0,0.0,3.98 00:27:43 10/05/20
0,57.0,16.845001,1005.91,0.0,3.98 00:32:58 10/05/20
0,56.0,16.77,1005.86,0.0,3.96 00:38:12 10/05/20
0,56.1,16.744999,1005.82,0.0,3.98 00:43:27 10/05/20
0,56.8,16.675,1005.71,0.0,3.98 00:48:41 10/05/20
0,56.5,16.59,1005.64,0.0,3.98 00:53:59 10/05/20
0,56.7,16.555,1005.56,0.0,3.98 00:59:22 10/05/20
0,56.6,16.465,1005.45,0.0,3.98 01:04:41 10/05/20
0,57.1,16.375,1005.41,0.0,3.98 01:09:56 10/05/20
0,57.7,16.279999,1005.28,0.0,3.98 01:15:14 10/05/20
0,57.3,16.25,1005.32,0.0,3.98 01:20:33 10/05/20
0,58.4,16.165,1005.32,0.0,3.98 01:25:49 10/05/20
0,58.5,16.08,1005.31,0.0,3.98 01:31:02 10/05/20
0,59.5,15.985001,1005.24,0.0,3.97 01:36:16 10/05/20
0,58.3,15.950001,1005.22,0.0,3.97 01:41:31 10/05/20
0,58.7,15.860001,1005.25,0.0,3.97 01:46:46 10/05/20
0,59.3,15.785,1005.3,0.0,3.97 01:51:59 10/05/20
0,59.6,15.755,1005.3,0.0,3.97 01:57:14 10/05/20
0,58.8,15.675,1005.23,0.0,3.97 02:02:28 10/05/20
0,58.8,15.655,1005.28,0.0,3.97 02:07:42 10/05/20
0,60.7,15.635,1005.3,0.0,3.97 02:12:56 10/05/20
0,60.1,15.565,1005.21,0.0,3.96 02:18:11 10/05/20
0,59.8,15.559999,1005.22,0.0,3.96 02:23:26 10/05/20
0,64.1,15.57,1005.18,0.0,3.96 02:28:38 10/05/20
0,61.2,15.58,1005.07,0.0,3.96 02:33:52 10/05/20
0,62.3,15.66,1005.07,0.0,3.96 02:39:08 10/05/20
0,62.9,15.7300005,1005.08,0.0,3.93 02:44:22 10/05/20
0,63.4,15.75,1004.95,0.0,3.96 02:49:36 10/05/20
0,63.2,15.825001,1004.88,0.0,3.96 02:54:51 10/05/20
0,64.2,15.855,1004.89,0.0,3.96 03:00:10 10/05/20
0,63.2,15.885,1004.77,0.0,3.96 03:05:28 10/05/20
0,63.5,15.940001,1004.77,0.0,3.96 03:10:42 10/05/20
0,65.3,15.950001,1004.74,0.0,3.96 03:16:00 10/05/20
0,67.8,15.969999,1004.7,0.0,3.96 03:21:19 10/05/20
0,66.6,15.969999,1004.59,0.0,3.96 03:26:34 10/05/20
0,67.2,15.975,1004.57,0.0,3.96 03:31:49 10/05/20
0,66.2,15.98,1004.56,0.0,3.96 03:37:02 10/05/20
0,68.5,15.969999,1004.47,0.0,3.95 03:42:21 10/05/20
0,67.2,15.975,1004.47,0.0,3.95 03:47:43 10/05/20
0,67.0,15.975,1004.44,0.0,3.96 03:53:02 10/05/20
0,68.9,15.965,1004.37,0.0,3.95 03:58:17 10/05/20
0,69.3,15.960001,1004.36,0.0,3.95 04:03:31 10/05/20
0,68.3,15.965,1004.4,0.0,3.95 04:08:45 10/05/20
0,69.4,15.969999,1004.38,0.0,3.95 04:14:00 10/05/20
0,71.7,15.98,1004.38,0.0,3.95 04:19:14 10/05/20
0,69.3,15.985001,1004.3,0.0,3.95 04:24:29 10/05/20
0,71.4,16.035,1004.17,0.0,3.95 04:29:43 10/05/20
0,71.2,16.045,1004.21,0.0,3.95 04:34:57 10/05/20
0,70.2,16.045,1004.29,0.0,3.94 04:40:12 10/05/20
0,71.3,16.045,1004.31,0.0,3.94 04:45:26 10/05/20
0,71.1,15.99,1004.28,0.0,3.94 04:50:40 10/05/20
0,71.1,15.98,1004.27,0.0,3.94 04:55:55 10/05/20
0,73.7,15.975,1004.24,0.0,3.93 05:01:09 10/05/20
0,75.6,16.025,1004.11,0.02,3.95 05:06:21 10/05/20
0,77.4,15.975,1004.07,0.05,3.94 05:11:37 10/05/20
1,74.6,15.969999,1004.06,0.12,3.94 05:16:52 10/05/20
2,74.8,15.960001,1003.95,0.22,3.94 05:22:07 10/05/20
4,79.4,15.960001,1003.89,0.45,3.94 05:27:20 10/05/20
7,74.8,15.960001,1003.91,0.81,3.94 05:32:39 10/05/20
12,78.1,15.955,1003.89,1.28,3.94 05:37:58 10/05/20
19,76.0,15.895,1003.81,2.04,3.94 05:43:12 10/05/20
27,74.0,15.879999,1003.84,2.56,3.94 05:48:26 10/05/20
40,75.5,15.865,1003.81,3.58,3.94 05:53:44 10/05/20
47,74.2,15.855,1003.84,3.71,3.94 05:59:03 10/05/20
55,81.4,15.84,1003.76,3.96,3.94 06:04:18 10/05/20
61,73.3,15.775001,1003.72,4.01,3.94 06:09:33 10/05/20
68,78.6,15.775001,1003.66,4.12,3.93 06:14:46 10/05/20
79,76.2,15.77,1003.68,4.42,3.94 06:20:01 10/05/20
89,75.5,15.76,1003.69,4.61,3.94 06:25:15 10/05/20
108,78.3,15.765,1003.65,5.0,3.93 06:30:29 10/05/20
119,77.0,15.77,1003.58,4.9,3.94 06:35:43 10/05/20
125,76.3,15.775001,1003.6,5.0,3.94 06:40:58 10/05/20
133,76.2,15.775001,1003.54,4.3,3.94 06:46:10 10/05/20
138,76.9,15.775001,1003.55,4.52,3.94 06:51:26 10/05/20
151,76.9,15.785,1003.53,4.01,3.94 06:56:41 10/05/20
159,78.9,15.85,1003.6,5.0,3.94 07:01:56 10/05/20
164,78.8,15.875,1003.59,4.55,3.91 07:07:14 10/05/20
161,78.9,15.950001,1003.53,5.0,3.95 07:12:32 10/05/20
164,81.0,16.02,1003.5,5.0,3.95 07:17:47 10/05/20
178,77.0,16.05,1003.53,4.4,3.95 07:23:01 10/05/20
201,80.0,16.08,1003.46,4.09,3.96 07:28:15 10/05/20
208,77.4,16.16,1003.48,4.06,3.96 07:33:33 10/05/20
214,73.0,16.25,1003.61,4.02,3.97 07:38:52 10/05/20
212,79.8,16.33,1003.66,5.0,3.97 07:44:07 10/05/20
206,76.8,16.38,1003.72,4.58,3.97 07:49:21 10/05/20
221,73.1,16.460001,1003.7,4.06,3.97 07:54:39 10/05/20
207,73.9,16.55,1003.77,4.17,3.97 07:59:59 10/05/20
205,75.1,16.625,1003.78,5.0,3.98 08:05:11 10/05/20
204,78.6,16.65,1003.83,4.03,3.98 08:10:27 10/05/20
197,83.0,16.675,1003.8,4.08,3.98 08:15:42 10/05/20
189,78.2,16.74,1003.79,4.04,3.97 08:20:56 10/05/20
192,76.3,16.8,1003.73,4.11,3.98 08:26:11 10/05/20
192,74.7,16.82,1003.76,4.86,3.97 08:31:26 10/05/20
183,79.2,16.835,1003.66,4.07,3.98 08:36:39 10/05/20
177,75.3,16.84,1003.65,4.58,3.97 08:41:55 10/05/20
192,73.7,16.85,1003.72,5.0,3.98 08:47:09 10/05/20
208,77.0,16.86,1003.68,5.0,3.99 08:52:24 10/05/20
224,74.3,16.925,1003.7,5.0,4.0 08:57:37 10/05/20
241,75.2,17.005001,1003.69,4.1,4.0 09:02:52 10/05/20
251,78.4,17.035,1003.71,5.0,4.01 09:08:05 10/05/20
257,80.9,17.119999,1003.65,5.0,4.02 09:13:23 10/05/20
258,78.1,17.215,1003.66,4.72,3.99 09:18:35 10/05/20
238,79.1,17.25,1003.71,5.0,4.02 09:23:50 10/05/20
226,75.8,17.32,1003.65,4.18,4.02 09:29:04 10/05/20
217,75.6,17.335,1003.69,4.56,4.02 09:34:19 10/05/20
221,73.9,17.34,1003.68,5.0,4.03 09:39:34 10/05/20
232,74.5,17.35,1003.71,4.22,4.04 09:44:49 10/05/20
254,75.8,17.42,1003.68,5.0,4.04 09:50:06 10/05/20
270,77.1,17.5,1003.72,4.17,4.07 09:55:30 10/05/20
295,75.1,17.59,1003.79,4.19,4.09 10:00:47 10/05/20
279,75.3,17.619999,1003.78,4.19,4.11 10:06:03 10/05/20
277,74.5,17.645,1003.73,4.18,4.13 10:11:18 10/05/20
269,75.0,17.71,1003.71,4.84,4.15 10:16:33 10/05/20
278,74.4,17.78,1003.65,4.22,4.13 10:21:48 10/05/20
288,76.7,17.810001,1003.55,4.26,4.14 10:27:02 10/05/20
290,76.7,17.895,1003.57,4.33,4.14 10:32:16 10/05/20
288,76.2,17.92,1003.49,4.21,4.15 10:37:31 10/05/20
303,80.6,18.015,1003.5,5.0,4.1 10:42:46 10/05/20
283,76.3,18.085,1003.49,4.29,4.17 10:48:00 10/05/20
288,76.4,18.115,1003.46,4.41,4.17 10:53:15 10/05/20
291,75.0,18.19,1003.44,4.21,4.15 10:58:30 10/05/20
291,74.5,18.275002,1003.48,5.0,4.11 11:03:44 10/05/20
283,76.3,18.315,1003.51,4.25,4.16 11:08:57 10/05/20
286,74.4,18.39,1003.48,5.0,4.11 11:14:14 10/05/20
280,74.7,18.465,1003.5,4.22,4.1 11:19:28 10/05/20
283,77.7,18.5,1003.53,5.0,4.11 11:24:43 10/05/20
289,74.2,18.595001,1003.51,5.0,4.11 11:30:02 10/05/20
302,79.1,18.69,1003.45,5.0,4.12 11:35:21 10/05/20
292,75.7,18.77,1003.46,4.31,4.14 11:40:36 10/05/20
295,76.6,18.810001,1003.43,5.0,4.12 11:45:50 10/05/20
294,75.9,18.884998,1003.47,4.26,4.14 11:51:05 10/05/20
293,75.3,18.91,1003.44,5.0,4.12 11:56:21 10/05/20
290,77.4,18.99,1003.44,5.0,4.12 12:01:37 10/05/20
287,75.6,19.060001,1003.47,4.34,4.14 12:06:51 10/05/20
288,77.3,19.085,1003.48,5.0,4.12 12:12:04 10/05/20
289,78.9,19.17,1003.5,5.0,4.14 12:17:20 10/05/20
292,78.0,19.205,1003.47,5.0,4.12 12:22:34 10/05/20
295,75.4,19.28,1003.5,5.0,4.13 12:27:49 10/05/20
307,76.4,19.315,1003.45,5.0,4.05 12:33:04 10/05/20
316,75.4,19.395,1003.4,5.0,4.13 12:38:18 10/05/20
325,75.0,19.555,1003.35,5.0,4.11 12:43:31 10/05/20
324,75.5,19.654999,1003.36,5.0,4.14 12:48:47 10/05/20
316,75.5,19.775002,1003.47,5.0,4.11 12:54:04 10/05/20
317,75.3,19.884998,1003.53,4.29,4.19 12:59:18 10/05/20
324,76.9,19.99,1003.55,5.0,4.11 13:04:33 10/05/20
323,75.3,20.09,1003.59,4.27,4.18 13:09:48 10/05/20
315,74.8,20.185001,1003.5,4.32,4.16 13:15:03 10/05/20
327,75.1,20.28,1003.57,5.0,4.12 13:20:18 10/05/20
345,74.6,20.38,1003.44,5.0,4.12 13:25:31 10/05/20
361,75.9,20.485,1003.44,5.0,4.11 13:30:46 10/05/20
364,75.9,20.665,1003.42,5.0,4.12 13:36:03 10/05/20
370,76.7,20.869999,1003.38,5.0,4.11 13:41:18 10/05/20
368,77.7,21.055,1003.33,5.0,4.12 13:46:32 10/05/20
363,76.0,21.154999,1003.38,5.0,4.11 13:51:49 10/05/20
353,76.7,21.25,1003.47,5.0,4.12 13:57:03 10/05/20
350,74.8,21.295,1003.51,5.0,4.11 14:02:17 10/05/20
396,75.0,21.38,1003.43,5.0,4.12 14:07:34 10/05/20
367,76.0,21.55,1003.39,5.0,4.11 14:12:49 10/05/20
332,74.6,21.52,1003.5,5.0,4.13 14:18:04 10/05/20
305,74.9,21.585,1003.64,5.0,4.11 14:23:19 10/05/20
349,74.2,21.575,1003.56,5.0,4.13 14:28:34 10/05/20
365,74.3,21.64,1003.48,5.0,4.11 14:33:51 10/05/20
364,74.9,21.68,1003.48,5.0,4.06 14:39:05 10/05/20
372,74.2,21.845,1003.48,5.0,4.11 14:44:21 10/05/20
366,74.1,21.95,1003.42,5.0,4.14 14:49:33 10/05/20
347,74.1,22.07,1003.54,5.0,4.11 14:54:52 10/05/20
330,73.2,22.16,1003.52,4.46,4.2 15:00:04 10/05/20
349,73.3,22.185001,1003.44,5.0,4.11 15:05:22 10/05/20
375,71.7,22.240002,1003.32,4.32,4.2 15:10:37 10/05/20
366,72.5,22.255001,1003.25,5.0,4.12 15:15:52 10/05/20
377,72.9,22.349998,1003.18,5.0,4.11 15:21:08 10/05/20
360,72.8,22.535,1003.07,5.0,4.12 15:26:22 10/05/20
335,72.9,22.650002,1003.12,5.0,4.11 15:31:38 10/05/20
377,72.4,22.745,1003.05,5.0,4.12 15:36:53 10/05/20
353,70.8,22.695,1003.09,5.0,4.11 15:42:12 10/05/20
368,72.0,22.835,1003.03,5.0,4.12 15:47:36 10/05/20
369,72.1,22.99,1002.95,5.0,4.11 15:52:57 10/05/20
350,70.6,23.035,1002.86,5.0,4.13 15:58:12 10/05/20
349,70.5,23.055,1002.89,5.0,4.11 16:03:27 10/05/20
323,70.9,23.075,1002.91,5.0,4.13 16:08:43 10/05/20
296,67.8,23.005001,1003.01,5.0,4.11 16:13:58 10/05/20
286,69.4,22.884998,1003.09,5.0,4.13 16:19:14 10/05/20
284,69.4,22.78,1003.1,5.0,4.12 16:24:29 10/05/20
277,69.2,22.675,1003.16,5.0,4.12 16:29:51 10/05/20
257,69.2,22.585,1003.14,5.0,4.12 16:35:12 10/05/20
308,69.0,22.505001,1003.07,5.0,4.13 16:40:36 10/05/20
313,70.0,22.494999,1002.97,5.0,4.11 16:46:01 10/05/20
3,90.7,11.315,1008.31,0.0,3.84 23:33:43 10/05/20
3,88.7,11.395,1008.49,0.0,3.87 23:39:03 10/05/20
3,88.1,11.395,1008.53,0.0,3.86 23:44:15 10/05/20
4,88.1,11.389999,1008.61,0.0,3.85 23:49:32 10/05/20
2,87.9,11.3,1008.56,0.0,3.85 23:54:51 10/05/20
