0,54.7,7.665,1017.6,0.0,3.99 00:00:54 12/05/20
0,55.6,7.55,1017.57,0.0,3.98 00:06:08 12/05/20
0,55.4,7.445,1017.6,0.0,3.99 00:11:18 12/05/20
0,55.2,7.34,1017.49,0.0,3.98 00:16:33 12/05/20
0,55.5,7.25,1017.54,0.0,3.98 00:21:50 12/05/20
0,56.4,7.1549997,1017.67,0.0,3.98 00:27:08 12/05/20
0,56.5,7.06,1017.68,0.0,3.98 00:32:21 12/05/20
0,56.9,6.94,1017.68,0.0,3.98 00:37:35 12/05/20
0,56.7,6.845,1017.73,0.0,3.97 00:42:51 12/05/20
0,56.5,6.75,1017.68,0.0,3.97 00:48:09 12/05/20
0,57.7,6.665,1017.73,0.0,3.97 00:53:26 12/05/20
0,57.1,6.635,1017.76,0.0,3.94 00:58:44 12/05/20
0,57.6,6.545,1017.82,0.0,3.97 01:03:57 12/05/20
0,58.3,6.46,1017.91,0.0,3.97 01:09:10 12/05/20
0,58.1,6.4350004,1017.99,0.0,3.97 01:14:23 12/05/20
0,58.7,6.35,1017.99,0.0,3.97 01:19:37 12/05/20
0,58.1,6.265,1018.02,0.0,3.97 01:24:50 12/05/20
0,58.9,6.23,1018.14,0.0,3.97 01:30:03 12/05/20
0,59.4,6.16,1018.21,0.0,3.97 01:35:16 12/05/20
0,59.4,6.125,1018.25,0.0,3.96 01:40:29 12/05/20
0,59.5,6.04,1018.27,0.0,3.96 01:45:42 12/05/20
0,60.2,6.02,1018.27,0.0,3.96 01:50:53 12/05/20
0,60.1,5.94,1018.26,0.0,3.96 01:56:08 12/05/20
0,60.9,5.865,1018.35,0.0,3.96 02:01:21 12/05/20
0,61.9,5.83,1018.39,0.0,3.96 02:06:32 12/05/20
0,61.4,5.6800003,1018.41,0.0,3.96 02:11:46 12/05/20
0,61.2,5.575,1018.38,0.0,3.96 02:16:59 12/05/20
0,61.9,5.54,1018.34,0.0,3.96 02:22:12 12/05/20
0,61.6,5.445,1018.39,0.0,3.96 02:27:23 12/05/20
0,63.0,5.29,1018.33,0.0,3.96 02:32:42 12/05/20
0,63.4,5.25,1018.35,0.0,3.96 02:37:58 12/05/20
1,63.4,5.145,1018.44,0.0,3.95 02:43:21 12/05/20
3,62.2,5.115,1018.48,0.0,3.95 02:48:31 12/05/20
2,62.9,5.02,1018.54,0.0,3.95 02:53:46 12/05/20
3,64.0,4.925,1018.55,0.0,3.95 02:59:00 12/05/20
2,63.8,4.835,1018.6,0.0,3.95 03:04:12 12/05/20
2,64.8,4.74,1018.54,0.0,3.95 03:09:25 12/05/20
2,65.1,4.67,1018.6,0.0,3.95 03:14:38 12/05/20
3,65.3,4.635,1018.62,0.0,3.95 03:19:49 12/05/20
3,66.6,4.56,1018.65,0.0,3.95 03:25:02 12/05/20
3,65.2,4.5299997,1018.7,0.0,3.95 03:30:17 12/05/20
2,66.5,4.45,1018.71,0.0,3.95 03:35:27 12/05/20
2,66.3,4.37,1018.76,0.0,3.95 03:40:42 12/05/20
1,66.3,4.33,1018.72,0.0,3.94 03:45:54 12/05/20
2,67.9,4.24,1018.76,0.0,3.95 03:51:06 12/05/20
1,67.5,4.1549997,1018.8,0.0,3.94 03:56:20 12/05/20
2,67.7,4.065,1018.72,0.0,3.94 04:01:33 12/05/20
3,67.3,3.98,1018.67,0.0,3.94 04:06:45 12/05/20
2,67.9,3.9450002,1018.69,0.0,3.94 04:11:58 12/05/20
2,67.3,3.85,1018.65,0.0,3.93 04:17:15 12/05/20
2,67.9,3.7649999,1018.73,0.0,3.94 04:22:33 12/05/20
2,67.9,3.725,1018.73,0.0,3.94 04:27:45 12/05/20
2,69.2,3.635,1018.75,0.0,3.93 04:33:01 12/05/20
2,68.5,3.545,1018.75,0.0,3.93 04:38:19 12/05/20
2,69.5,3.455,1018.77,0.0,3.93 04:43:31 12/05/20
2,69.0,3.37,1018.8,0.0,3.93 04:48:45 12/05/20
3,71.1,3.3400002,1018.81,0.0,3.93 04:54:02 12/05/20
3,70.6,3.27,1018.84,0.02,3.89 04:59:18 12/05/20
3,69.8,3.24,1018.91,0.05,3.93 05:04:31 12/05/20
4,68.6,3.15,1018.87,0.11,3.93 05:09:43 12/05/20
5,70.4,3.115,1018.89,0.24,3.93 05:14:54 12/05/20
5,70.8,3.04,1018.88,0.51,3.93 05:20:08 12/05/20
8,70.7,3.02,1018.91,1.02,3.93 05:25:19 12/05/20
13,71.6,2.945,1018.9,1.68,3.93 05:30:32 12/05/20
21,71.6,2.925,1018.9,2.34,3.92 05:35:46 12/05/20
31,72.1,2.92,1018.85,2.94,3.92 05:41:00 12/05/20
41,72.5,2.8600001,1018.92,3.47,3.92 05:46:15 12/05/20
52,71.8,2.845,1018.87,3.91,3.92 05:51:31 12/05/20
63,72.1,2.8400002,1018.87,4.02,3.92 05:56:45 12/05/20
76,73.0,2.7849998,1018.93,4.15,3.92 06:01:58 12/05/20
84,72.0,2.7649999,1018.89,4.42,3.92 06:07:11 12/05/20
94,72.2,2.76,1018.95,4.34,3.92 06:12:21 12/05/20
105,73.8,2.75,1018.99,4.77,3.92 06:17:36 12/05/20
115,74.0,2.745,1018.98,5.0,3.92 06:22:48 12/05/20
120,73.4,2.735,1018.97,5.0,3.92 06:28:01 12/05/20
134,73.7,2.735,1018.96,4.9,3.92 06:33:17 12/05/20
134,74.1,2.745,1019.04,4.75,3.93 06:38:35 12/05/20
148,74.1,2.76,1019.1,4.69,3.92 06:43:47 12/05/20
152,74.7,2.7649999,1019.0,4.19,3.93 06:49:00 12/05/20
155,75.1,2.835,1019.04,5.0,3.93 06:54:12 12/05/20
173,74.4,2.8600001,1018.94,5.0,3.94 06:59:26 12/05/20
174,79.0,2.96,1018.96,5.0,3.93 07:04:38 12/05/20
176,80.3,3.065,1018.92,4.16,3.96 07:09:50 12/05/20
218,83.5,3.255,1018.95,4.66,3.96 07:15:03 12/05/20
250,87.5,3.4499998,1019.06,4.54,3.96 07:20:14 12/05/20
257,82.7,3.645,1019.04,4.15,3.96 07:25:28 12/05/20
265,91.8,3.8650002,1019.07,4.02,3.97 07:30:42 12/05/20
265,83.8,4.12,1019.05,5.0,3.98 07:35:54 12/05/20
271,83.5,4.34,1019.22,4.07,3.98 07:41:07 12/05/20
276,84.0,4.6099997,1019.19,4.09,3.98 07:46:19 12/05/20
280,88.8,4.885,1019.21,5.0,3.99 07:51:32 12/05/20
288,82.4,5.12,1019.28,5.0,4.0 07:56:45 12/05/20
288,84.1,5.4,1019.28,5.0,4.01 08:01:58 12/05/20
293,87.2,5.76,1019.31,4.08,4.02 08:07:11 12/05/20
297,81.7,6.115,1019.28,4.09,4.03 08:12:24 12/05/20
302,86.7,6.58,1019.34,4.21,4.04 08:17:37 12/05/20
305,83.6,7.105,1019.34,4.15,4.06 08:22:52 12/05/20
309,78.3,7.6,1019.29,4.16,4.07 08:28:03 12/05/20
312,91.8,8.184999,1019.32,4.25,4.09 08:33:17 12/05/20
315,87.8,8.49,1019.38,4.2,4.1 08:38:29 12/05/20
316,90.2,8.695,1019.34,4.65,4.18 08:43:46 12/05/20
322,85.6,8.885,1019.35,5.0,4.1 08:49:04 12/05/20
325,78.6,9.105,1019.31,4.27,4.16 08:54:18 12/05/20
328,81.6,9.265,1019.29,4.24,4.17 08:59:31 12/05/20
328,83.4,9.415,1019.23,4.29,4.18 09:04:48 12/05/20
337,77.6,9.565001,1019.23,4.32,4.18 09:10:06 12/05/20
339,80.2,9.690001,1019.28,4.28,4.19 09:15:20 12/05/20
349,79.8,9.795,1019.28,4.3,4.2 09:20:32 12/05/20
360,83.9,9.825,1019.29,5.0,4.2 09:25:47 12/05/20
364,74.8,9.969999,1019.3,5.0,4.2 09:31:00 12/05/20
362,76.4,10.135,1019.15,5.0,4.21 09:36:12 12/05/20
368,78.0,10.42,1019.18,5.0,4.1 09:41:27 12/05/20
316,75.3,10.57,1019.15,5.0,4.11 09:46:41 12/05/20
374,73.8,10.6,1019.07,5.0,4.11 09:51:58 12/05/20
262,73.3,10.76,1019.04,5.0,4.12 09:57:16 12/05/20
383,73.0,10.77,1019.04,5.0,4.12 10:02:30 12/05/20
388,71.9,10.809999,1019.01,5.0,4.12 10:07:44 12/05/20
383,72.0,11.04,1019.04,5.0,4.13 10:12:57 12/05/20
385,72.9,11.24,1018.87,5.0,4.13 10:18:12 12/05/20
289,71.9,11.44,1018.82,5.0,4.13 10:23:23 12/05/20
272,70.3,11.455,1018.83,5.0,4.14 10:28:38 12/05/20
243,69.4,11.37,1018.75,4.73,4.16 10:33:53 12/05/20
247,68.2,11.200001,1018.76,4.25,4.15 10:39:06 12/05/20
234,69.1,11.065001,1018.76,4.23,4.13 10:44:19 12/05/20
244,67.7,10.88,1018.74,5.0,4.1 10:49:34 12/05/20
394,68.8,10.700001,1018.76,5.0,4.11 10:54:47 12/05/20
275,70.1,10.835,1018.76,5.0,4.11 11:00:00 12/05/20
267,69.7,10.87,1018.73,5.0,4.11 11:05:14 12/05/20
352,70.9,10.945,1018.65,5.0,4.11 11:10:27 12/05/20
409,69.4,11.16,1018.6,5.0,4.12 11:15:39 12/05/20
265,70.0,11.45,1018.62,5.0,4.11 11:20:58 12/05/20
257,67.6,11.57,1018.62,5.0,4.12 11:26:17 12/05/20
288,66.9,11.49,1018.5,5.0,4.12 11:31:30 12/05/20
344,67.9,11.389999,1018.41,5.0,4.1 11:36:44 12/05/20
410,67.8,11.475,1018.4,5.0,4.12 11:41:56 12/05/20
323,68.6,11.68,1018.33,5.0,4.12 11:47:11 12/05/20
423,69.1,12.0,1018.26,5.0,4.1 11:52:25 12/05/20
316,68.0,12.305,1018.26,5.0,4.11 11:57:44 12/05/20
409,69.0,12.514999,1018.15,5.0,4.12 12:03:01 12/05/20
331,70.3,12.889999,1018.09,5.0,4.13 12:08:15 12/05/20
424,69.1,13.2,1017.97,5.0,4.11 12:13:30 12/05/20
278,65.5,13.52,1018.04,5.0,4.13 12:18:44 12/05/20
264,60.7,13.445,1017.97,5.0,4.13 12:23:57 12/05/20
261,62.4,13.12,1018.05,5.0,4.11 12:29:11 12/05/20
268,64.0,12.975,1017.95,4.24,4.18 12:34:25 12/05/20
271,62.8,12.799999,1017.95,5.0,4.11 12:39:37 12/05/20
274,64.4,12.695,1017.9,4.34,4.16 12:44:53 12/05/20
279,63.0,12.6,1017.92,5.0,4.11 12:50:06 12/05/20
284,61.0,12.405001,1017.77,5.0,4.12 12:55:20 12/05/20
273,63.7,12.315001,1017.79,4.24,4.16 13:00:39 12/05/20
324,63.2,12.315001,1017.75,5.0,4.11 13:05:56 12/05/20
416,65.9,12.455,1017.64,5.0,4.1 13:11:11 12/05/20
428,66.6,12.91,1017.57,5.0,4.12 13:16:22 12/05/20
427,64.6,13.48,1017.45,5.0,4.1 13:21:38 12/05/20
303,63.9,13.9,1017.45,5.0,4.12 13:26:52 12/05/20
289,61.5,13.88,1017.4,5.0,4.1 13:32:06 12/05/20
283,61.6,13.76,1017.37,5.0,4.12 13:37:20 12/05/20
287,60.3,13.6,1017.36,5.0,4.1 13:42:34 12/05/20
337,61.6,13.495,1017.4,5.0,4.12 13:47:46 12/05/20
331,64.1,13.57,1017.35,5.0,4.1 13:53:02 12/05/20
299,61.4,13.655001,1017.22,5.0,4.12 13:58:16 12/05/20
275,59.9,13.59,1017.23,5.0,4.1 14:03:30 12/05/20
262,62.1,13.51,1017.29,5.0,4.13 14:08:44 12/05/20
253,60.2,13.415,1017.17,5.0,4.11 14:13:58 12/05/20
254,61.1,13.315001,1017.16,5.0,4.13 14:19:12 12/05/20
259,61.3,13.139999,1017.14,4.43,4.17 14:24:24 12/05/20
272,61.0,13.02,1017.09,5.0,4.11 14:29:43 12/05/20
279,61.1,12.860001,1017.07,4.3,4.18 14:35:03 12/05/20
289,61.4,12.83,1017.06,5.0,4.11 14:40:14 12/05/20
297,60.4,12.815001,1016.98,4.26,4.17 14:45:30 12/05/20
295,61.8,12.825,1017.05,5.0,4.11 14:50:44 12/05/20
296,63.2,12.9,1016.93,5.0,4.12 14:55:57 12/05/20
285,63.0,12.93,1016.91,5.0,4.1 15:01:11 12/05/20
285,62.8,12.995,1016.86,5.0,4.12 15:06:25 12/05/20
283,62.8,13.004999,1016.91,5.0,4.1 15:11:39 12/05/20
285,63.6,13.09,1016.89,5.0,4.12 15:16:53 12/05/20
289,62.6,13.115,1016.76,5.0,4.1 15:22:08 12/05/20
293,62.6,13.12,1016.71,5.0,4.12 15:27:22 12/05/20
297,60.8,13.12,1016.72,5.0,4.1 15:32:35 12/05/20
304,60.1,13.02,1016.69,5.0,4.12 15:37:49 12/05/20
310,62.5,13.04,1016.67,5.0,4.1 15:43:03 12/05/20
318,62.7,13.110001,1016.68,5.0,4.12 15:48:15 12/05/20
330,62.2,13.145,1016.57,5.0,4.1 15:53:34 12/05/20
340,62.7,13.295,1016.5,5.0,4.12 15:58:54 12/05/20
345,60.3,13.42,1016.38,5.0,4.1 16:04:07 12/05/20
340,62.3,13.605,1016.36,5.0,4.13 16:09:21 12/05/20
403,62.3,13.875,1016.3,5.0,4.11 16:14:35 12/05/20
395,64.1,14.23,1016.22,5.0,4.14 16:19:50 12/05/20
379,59.4,14.610001,1016.13,5.0,4.1 16:25:04 12/05/20
386,62.1,14.83,1016.09,5.0,4.21 16:30:21 12/05/20
393,60.6,14.98,1016.01,5.0,4.11 16:35:40 12/05/20
335,56.3,14.905001,1016.03,5.0,4.21 16:40:55 12/05/20
389,60.3,14.82,1015.9,5.0,4.2 16:46:20 12/05/20
389,58.6,15.05,1015.78,5.0,4.2 16:51:51 12/05/20
281,60.3,15.155001,1015.67,5.0,4.12 16:57:02 12/05/20
274,56.2,15.094999,1015.71,5.0,4.13 17:02:16 12/05/20
286,57.2,14.84,1015.71,5.0,4.11 17:07:31 12/05/20
285,57.5,14.72,1015.71,5.0,4.12 17:12:45 12/05/20
302,57.8,14.610001,1015.68,5.0,4.11 17:18:00 12/05/20
288,58.1,14.6,1015.64,5.0,4.12 17:23:13 12/05/20
266,57.7,14.46,1015.63,5.0,4.1 17:28:31 12/05/20
368,57.9,14.485,1015.49,5.0,4.12 17:33:50 12/05/20
363,56.7,14.514999,1015.4,5.0,4.11 17:39:05 12/05/20
359,57.4,14.675,1015.29,5.0,4.12 17:44:18 12/05/20
360,57.2,14.700001,1015.2,5.0,4.11 17:49:32 12/05/20
371,58.8,14.78,1015.07,5.0,4.13 17:54:46 12/05/20
345,57.8,14.88,1015.13,5.0,4.11 18:00:01 12/05/20
323,58.1,14.88,1015.03,5.0,4.13 18:05:15 12/05/20
279,59.4,14.98,1014.96,5.0,4.11 18:10:29 12/05/20
263,58.1,14.995,1014.91,5.0,4.12 18:15:43 12/05/20
259,57.1,14.83,1014.95,5.0,4.12 18:20:56 12/05/20
254,55.6,14.635,1014.95,5.0,4.13 18:26:11 12/05/20
239,56.3,14.440001,1014.84,5.0,4.14 18:31:29 12/05/20
232,56.6,14.305,1014.79,4.22,4.14 18:36:48 12/05/20
245,56.0,14.059999,1014.78,5.0,4.12 18:42:00 12/05/20
283,57.6,14.01,1014.74,4.24,4.15 18:47:20 12/05/20
246,56.6,13.934999,1014.74,4.18,4.11 18:52:48 12/05/20
231,57.1,13.915,1014.71,5.0,4.12 18:58:01 12/05/20
213,57.1,13.815001,1014.55,5.0,4.12 19:03:15 12/05/20
203,57.3,13.785,1014.51,5.0,4.13 19:08:29 12/05/20
197,57.2,13.635,1014.47,5.0,4.11 19:13:43 12/05/20
206,56.8,13.545,1014.45,5.0,4.13 19:18:57 12/05/20
211,57.9,13.514999,1014.38,5.0,4.11 19:24:11 12/05/20
212,57.6,13.445,1014.38,5.0,4.13 19:29:25 12/05/20
199,57.7,13.425,1014.38,5.0,4.11 19:34:39 12/05/20
181,58.1,13.395,1014.29,4.91,4.13 19:39:53 12/05/20
185,57.8,13.309999,1014.26,4.32,4.15 19:45:07 12/05/20
184,58.3,13.24,1014.22,5.0,4.13 19:50:21 12/05/20
182,58.2,13.22,1014.19,5.0,4.11 19:55:36 12/05/20
175,58.0,13.12,1014.16,5.0,4.12 20:00:50 12/05/20
173,58.2,13.04,1014.12,5.0,4.14 20:06:03 12/05/20
171,58.4,13.025,1014.15,5.0,4.15 20:11:15 12/05/20
161,58.7,12.955,1014.08,5.0,4.15 20:16:31 12/05/20
146,59.3,12.925,1014.07,4.89,4.15 20:21:48 12/05/20
139,59.0,12.84,1013.99,5.0,4.14 20:27:08 12/05/20
127,58.8,12.725,1014.0,4.2,4.14 20:32:21 12/05/20
118,58.7,12.610001,1013.99,4.2,4.13 20:37:35 12/05/20
105,58.6,12.434999,1014.06,5.0,4.11 20:42:52 12/05/20
101,58.8,12.309999,1014.0,4.21,4.11 20:48:11 12/05/20
92,59.1,12.139999,1014.07,4.58,4.11 20:53:23 12/05/20
85,59.1,11.950001,1014.03,4.54,4.1 20:58:37 12/05/20
77,59.3,11.83,1014.04,4.56,4.09 21:03:52 12/05/20
67,59.6,11.675,1014.01,4.18,4.08 21:09:06 12/05/20
55,59.7,11.57,1014.01,4.1,4.07 21:14:23 12/05/20
48,59.8,11.455,1013.97,3.9,4.07 21:19:42 12/05/20
42,60.5,11.355,1014.03,3.75,4.06 21:24:59 12/05/20
34,60.6,11.26,1014.06,3.51,4.06 21:30:18 12/05/20
25,61.4,11.165,1014.04,2.95,4.05 21:35:30 12/05/20
16,60.9,11.07,1014.06,1.91,4.05 21:40:45 12/05/20
10,61.1,10.96,1014.05,1.14,4.05 21:45:58 12/05/20
6,61.7,10.84,1014.04,0.59,4.04 21:51:10 12/05/20
3,61.7,10.67,1014.11,0.27,4.04 21:56:26 12/05/20
1,61.8,10.495,1014.15,0.13,4.04 22:01:39 12/05/20
0,62.2,10.37,1014.11,0.06,4.03 22:06:51 12/05/20
0,63.0,10.235001,1014.08,0.02,4.03 22:12:06 12/05/20
0,62.9,10.0,1014.13,0.01,4.02 22:17:20 12/05/20
0,63.4,9.865,1014.08,0.0,4.02 22:22:33 12/05/20
0,64.4,9.67,1014.01,0.0,4.02 22:27:47 12/05/20
0,64.0,9.48,1013.95,0.0,4.02 22:33:00 12/05/20
0,64.7,9.35,1013.94,0.0,4.01 22:38:12 12/05/20
0,65.1,9.165,1013.84,0.0,4.01 22:43:28 12/05/20
0,65.8,8.98,1013.84,0.0,3.97 22:48:42 12/05/20
0,65.9,8.85,1013.86,0.0,4.01 22:53:54 12/05/20
0,66.0,8.675,1013.84,0.0,4.01 22:59:08 12/05/20
0,66.6,8.555,1013.82,0.0,4.0 23:04:20 12/05/20
0,66.8,8.389999,1013.8,0.0,4.0 23:09:34 12/05/20
0,67.5,8.2699995,1013.72,0.0,4.0 23:14:48 12/05/20
0,67.5,8.155001,1013.77,0.0,4.0 23:20:00 12/05/20
0,68.3,8.04,1013.74,0.0,4.0 23:25:13 12/05/20
0,68.1,7.87,1013.7,0.0,4.0 23:30:27 12/05/20
0,68.5,7.755,1013.75,0.0,3.99 23:35:40 12/05/20
0,69.8,7.6000004,1013.88,0.0,3.99 23:40:54 12/05/20
0,69.4,7.475,1013.83,0.0,3.99 23:46:06 12/05/20
0,70.9,7.38,1013.84,0.0,3.99 23:51:19 12/05/20
0,69.9,7.27,1013.77,0.0,3.99 23:56:33 12/05/20
