271,99.9,7.25,1022.26,3.91,3.81 07:43:05 16/05/20
277,96.6,7.4100003,1022.19,3.94,3.83 07:48:23 16/05/20
283,92.5,7.595,1022.18,5.0,3.84 07:53:36 16/05/20
311,94.9,7.875,1022.16,3.93,3.85 07:58:49 16/05/20
289,96.7,8.235001,1022.13,3.92,3.86 08:04:06 16/05/20
296,92.4,8.6,1022.17,5.0,3.86 08:09:24 16/05/20
299,92.2,9.035,1022.05,3.94,3.87 08:14:38 16/05/20
304,95.4,9.635,1022.15,3.97,3.89 08:19:52 16/05/20
307,93.0,10.225,1022.18,4.51,3.89 08:25:05 16/05/20
310,91.1,10.585,1022.18,4.19,3.91 08:30:19 16/05/20
315,89.5,10.95,1022.19,3.99,3.92 08:35:32 16/05/20
319,90.2,11.360001,1022.19,4.91,3.94 08:40:45 16/05/20
322,88.1,11.685,1022.1,4.07,3.9 08:45:58 16/05/20
324,85.5,11.91,1022.11,4.12,3.97 08:51:13 16/05/20
326,84.4,12.09,1022.15,4.07,3.98 08:56:26 16/05/20
322,82.7,12.135,1022.13,4.2,3.99 09:01:44 16/05/20
327,84.6,12.275,1022.18,4.25,4.01 09:07:06 16/05/20
336,82.5,12.375,1022.19,4.17,4.03 09:12:25 16/05/20
339,83.8,12.475,1022.11,4.14,4.04 09:17:39 16/05/20
340,81.4,12.565001,1022.02,4.16,4.06 09:22:56 16/05/20
342,82.3,12.745,1022.13,4.17,4.07 09:28:20 16/05/20
349,80.6,12.93,1022.18,4.2,4.09 09:33:37 16/05/20
352,81.7,13.115,1022.02,4.22,4.12 09:38:51 16/05/20
355,81.3,13.34,1022.06,4.26,4.14 09:44:05 16/05/20
360,80.5,13.545,1022.06,4.28,4.15 09:49:17 16/05/20
358,79.6,13.77,1022.0,4.34,4.19 09:54:33 16/05/20
366,78.7,14.085,1021.96,5.0,4.19 09:59:45 16/05/20
367,78.6,14.455,1022.03,5.0,4.2 10:05:01 16/05/20
365,76.7,14.76,1022.04,5.0,4.2 10:10:15 16/05/20
367,75.5,14.905001,1022.01,5.0,4.2 10:15:34 16/05/20
370,72.1,15.085,1022.03,5.0,4.2 10:20:52 16/05/20
372,71.7,15.205,1022.05,5.0,4.21 10:26:10 16/05/20
375,71.5,15.38,1022.03,5.0,4.21 10:31:29 16/05/20
380,72.3,15.45,1022.06,5.0,4.2 10:36:44 16/05/20
380,71.6,15.63,1022.02,5.0,4.13 10:41:58 16/05/20
382,68.8,15.665,1022.07,5.0,4.13 10:47:12 16/05/20
383,69.3,15.754999,1022.07,5.0,4.13 10:52:26 16/05/20
382,69.8,15.855,1021.97,5.0,4.13 10:57:41 16/05/20
386,70.7,16.05,1021.92,5.0,4.13 11:02:55 16/05/20
384,68.8,16.295,1021.93,5.0,4.13 11:08:11 16/05/20
387,69.5,16.35,1021.88,5.0,4.14 11:13:23 16/05/20
391,68.9,16.494999,1021.76,5.0,4.14 11:18:38 16/05/20
390,67.8,16.69,1021.66,5.0,4.21 11:23:57 16/05/20
392,63.7,16.795,1021.63,5.0,4.1 11:29:16 16/05/20
394,67.2,16.880001,1021.55,5.0,4.2 11:34:30 16/05/20
399,64.0,17.02,1021.46,5.0,4.11 11:39:43 16/05/20
403,65.6,17.19,1021.47,5.0,4.2 11:44:59 16/05/20
410,61.2,17.305,1021.65,5.0,4.11 11:50:14 16/05/20
318,61.3,17.31,1021.68,4.3,4.18 11:55:28 16/05/20
317,59.0,17.235,1021.59,5.0,4.08 12:00:41 16/05/20
377,60.6,17.225,1021.51,5.0,4.11 12:05:58 16/05/20
410,62.8,17.385,1021.41,5.0,4.11 12:11:13 16/05/20
403,64.2,17.505001,1021.36,5.0,4.2 12:16:31 16/05/20
397,61.4,17.855,1021.24,5.0,4.11 12:21:50 16/05/20
375,62.4,18.09,1021.31,5.0,4.12 12:27:04 16/05/20
399,62.2,18.119999,1021.33,5.0,4.12 12:32:20 16/05/20
354,60.1,18.285,1021.3,5.0,4.12 12:37:34 16/05/20
326,61.8,18.314999,1021.35,5.0,4.1 12:42:49 16/05/20
324,61.1,18.305,1021.26,5.0,4.13 12:48:03 16/05/20
351,63.1,18.23,1021.24,5.0,4.1 12:53:18 16/05/20
332,58.4,18.145,1021.23,5.0,4.13 12:58:34 16/05/20
329,60.8,18.055,1021.13,5.0,4.11 13:03:47 16/05/20
317,58.0,18.02,1021.17,5.0,4.14 13:09:02 16/05/20
326,58.4,17.869999,1021.18,5.0,4.11 13:14:17 16/05/20
357,59.6,17.845,1021.21,5.0,4.14 13:19:31 16/05/20
366,58.1,17.875,1021.16,5.0,4.11 13:24:46 16/05/20
330,59.8,17.955,1021.16,5.0,4.21 13:30:04 16/05/20
300,58.2,17.974998,1021.18,5.0,4.11 13:35:22 16/05/20
307,57.4,17.88,1021.05,4.38,4.2 13:40:38 16/05/20
351,57.7,17.849998,1021.12,5.0,4.11 13:45:54 16/05/20
335,57.6,17.849998,1021.03,5.0,4.1 13:51:08 16/05/20
326,57.3,17.865,1021.02,4.26,4.13 13:56:20 16/05/20
319,59.5,17.875,1020.97,5.0,4.12 14:01:37 16/05/20
315,58.9,17.875,1021.02,5.0,4.1 14:06:55 16/05/20
314,57.6,17.884998,1020.98,5.0,4.12 14:12:15 16/05/20
414,59.6,17.955,1020.89,5.0,4.1 14:17:29 16/05/20
398,57.0,18.33,1020.75,5.0,4.12 14:22:45 16/05/20
326,58.5,18.765,1020.81,5.0,4.11 14:27:59 16/05/20
308,53.4,18.77,1020.72,5.0,4.12 14:33:17 16/05/20
397,55.1,18.745,1020.67,5.0,4.11 14:38:37 16/05/20
415,55.6,18.76,1020.64,5.0,4.12 14:43:52 16/05/20
313,54.4,18.855,1020.5,5.0,4.11 14:49:07 16/05/20
424,54.8,18.939999,1020.47,5.0,4.13 14:54:21 16/05/20
397,51.5,18.96,1020.36,5.0,4.11 14:59:36 16/05/20
391,54.9,19.125,1020.32,5.0,4.13 15:04:51 16/05/20
317,54.8,19.25,1020.34,5.0,4.11 15:10:06 16/05/20
354,53.1,19.185001,1020.34,5.0,4.13 15:15:21 16/05/20
408,53.2,19.175,1020.31,5.0,4.11 15:20:35 16/05/20
365,53.2,19.165,1020.26,5.0,4.1 15:25:50 16/05/20
349,52.7,19.34,1020.23,5.0,4.2 15:31:05 16/05/20
406,52.8,19.369999,1020.22,5.0,4.12 15:36:18 16/05/20
323,54.6,19.445,1020.15,5.0,4.21 15:41:36 16/05/20
316,53.1,19.465,1020.13,5.0,4.12 15:46:50 16/05/20
359,54.1,19.46,1020.04,5.0,4.11 15:52:03 16/05/20
307,54.5,19.39,1020.08,4.21,4.13 15:57:18 16/05/20
353,54.4,19.315,1020.04,5.0,4.12 16:02:35 16/05/20
414,53.6,19.369999,1019.97,5.0,4.11 16:07:50 16/05/20
340,56.3,19.635,1019.91,5.0,4.12 16:13:05 16/05/20
286,53.7,19.845,1019.86,5.0,4.11 16:18:19 16/05/20
310,53.9,19.715,1019.84,5.0,4.13 16:23:34 16/05/20
380,53.8,19.66,1019.84,5.0,4.11 16:28:49 16/05/20
304,53.1,19.6,1019.83,5.0,4.11 16:34:02 16/05/20
330,53.3,19.57,1019.8,5.0,4.13 16:39:19 16/05/20
380,55.0,19.564999,1019.74,5.0,4.11 16:44:35 16/05/20
315,54.4,19.52,1019.61,5.0,4.1 16:49:50 16/05/20
340,53.1,19.49,1019.6,5.0,4.13 16:55:02 16/05/20
306,53.9,19.355,1019.68,5.0,4.11 17:00:19 16/05/20
290,51.6,19.15,1019.72,5.0,4.1 17:05:34 16/05/20
304,52.9,18.825,1019.77,5.0,4.14 17:10:55 16/05/20
332,54.4,18.86,1019.71,5.0,4.11 17:16:13 16/05/20
387,55.1,18.985,1019.67,5.0,4.1 17:21:25 16/05/20
287,55.7,19.17,1019.7,4.32,4.19 17:26:40 16/05/20
261,54.6,19.23,1019.79,5.0,4.12 17:31:57 16/05/20
358,55.5,19.285,1019.63,5.0,4.1 17:37:11 16/05/20
283,54.4,19.305,1019.79,4.26,4.16 17:42:26 16/05/20
281,52.5,19.075,1019.79,5.0,4.11 17:47:49 16/05/20
356,53.5,19.015,1019.75,5.0,4.1 17:53:06 16/05/20
299,53.0,18.87,1019.77,5.0,4.11 17:58:19 16/05/20
291,52.9,18.77,1019.71,5.0,4.12 18:03:32 16/05/20
358,53.1,18.735,1019.62,5.0,4.11 18:08:48 16/05/20
258,51.8,18.65,1019.69,5.0,4.1 18:14:04 16/05/20
340,52.3,18.474998,1019.68,5.0,4.13 18:19:18 16/05/20
346,52.5,18.385,1019.68,5.0,4.11 18:24:33 16/05/20
336,51.0,18.175,1019.64,5.0,4.13 18:29:47 16/05/20
339,51.9,18.135,1019.76,5.0,4.11 18:35:01 16/05/20
336,51.8,18.05,1019.67,5.0,4.1 18:40:18 16/05/20
329,51.5,17.955,1019.73,5.0,4.13 18:45:30 16/05/20
306,51.2,17.785,1019.64,5.0,4.11 18:50:47 16/05/20
305,52.5,17.765,1019.81,5.0,4.13 18:56:01 16/05/20
306,51.9,17.575,1019.69,5.0,4.11 19:01:17 16/05/20
306,51.7,17.474998,1019.79,5.0,4.14 19:06:31 16/05/20
302,52.1,17.295,1019.67,5.0,4.11 19:11:44 16/05/20
240,53.3,17.185001,1019.79,5.0,4.13 19:17:00 16/05/20
189,53.6,17.154999,1019.88,5.0,4.15 19:22:14 16/05/20
188,53.9,16.985,1019.79,5.0,4.13 19:27:30 16/05/20
185,54.1,16.939999,1019.85,5.0,4.12 19:32:44 16/05/20
179,54.0,16.795,1019.93,4.44,4.12 19:37:59 16/05/20
177,54.4,16.695,1019.97,5.0,4.15 19:43:12 16/05/20
188,54.6,16.654999,1020.02,5.0,4.13 19:48:28 16/05/20
173,54.3,16.525,1020.05,5.0,4.1 19:53:41 16/05/20
160,54.4,16.295,1020.08,5.0,4.13 19:58:56 16/05/20
165,54.4,16.045,1020.24,5.0,4.13 20:04:10 16/05/20
153,54.5,15.98,1020.4,4.22,4.13 20:09:25 16/05/20
145,54.8,15.78,1020.36,5.0,4.13 20:14:40 16/05/20
141,54.7,15.67,1020.37,5.0,4.12 20:19:53 16/05/20
136,55.5,15.55,1020.42,4.18,4.12 20:25:06 16/05/20
128,55.9,15.389999,1020.42,4.19,4.12 20:30:21 16/05/20
131,56.0,15.33,1020.43,5.0,4.11 20:35:36 16/05/20
126,56.4,15.23,1020.41,5.0,4.11 20:40:51 16/05/20
121,56.5,15.16,1020.41,4.49,4.11 20:46:05 16/05/20
118,56.7,15.139999,1020.39,4.83,4.1 20:51:19 16/05/20
117,57.2,15.13,1020.44,5.0,4.1 20:56:32 16/05/20
106,57.7,15.045,1020.53,5.0,4.09 21:01:48 16/05/20
96,57.0,14.97,1020.58,5.0,4.09 21:07:02 16/05/20
88,58.3,14.875,1020.6,4.22,4.08 21:12:16 16/05/20
74,57.8,14.780001,1020.68,4.25,4.07 21:17:30 16/05/20
58,58.1,14.665,1020.67,4.16,4.06 21:22:48 16/05/20
47,57.4,14.49,1020.75,3.62,4.06 21:28:07 16/05/20
37,57.3,14.35,1020.77,3.18,4.06 21:33:21 16/05/20
29,56.9,14.155001,1020.91,2.66,4.05 21:38:36 16/05/20
20,57.3,13.965,1020.86,1.97,4.05 21:43:49 16/05/20
14,57.1,13.780001,1020.99,1.2,4.04 21:49:04 16/05/20
8,57.4,13.645,1021.1,0.61,4.0 21:54:18 16/05/20
5,57.5,13.48,1021.18,0.29,4.04 21:59:30 16/05/20
2,58.0,13.35,1021.07,0.13,4.04 22:04:46 16/05/20
1,57.8,13.17,1021.05,0.06,4.04 22:10:00 16/05/20
0,58.3,13.04,1021.0,0.02,4.03 22:15:14 16/05/20
0,58.8,12.844999,1021.02,0.0,4.03 22:20:31 16/05/20
0,58.4,12.655001,1021.03,0.0,4.03 22:25:51 16/05/20
0,58.9,12.48,1021.17,0.0,4.02 22:31:04 16/05/20
0,59.1,12.285,1021.17,0.0,4.02 22:36:18 16/05/20
0,59.2,12.094999,1021.2,0.0,4.02 22:41:33 16/05/20
0,59.4,11.965,1021.13,0.0,4.02 22:46:45 16/05/20
0,60.1,11.844999,1021.15,0.0,4.02 22:51:59 16/05/20
0,60.6,11.665,1021.23,0.0,4.02 22:57:13 16/05/20
0,61.0,11.495,1021.34,0.0,4.01 23:02:25 16/05/20
0,61.4,11.365,1021.26,0.0,4.01 23:07:40 16/05/20
0,61.9,11.255,1021.23,0.0,4.0 23:12:54 16/05/20
0,62.2,11.09,1021.25,0.0,4.01 23:18:12 16/05/20
0,62.7,10.97,1021.24,0.0,4.0 23:23:31 16/05/20
0,63.1,10.805,1021.34,0.0,4.0 23:28:44 16/05/20
0,64.0,10.675,1021.34,0.0,4.0 23:33:57 16/05/20
0,63.4,10.505,1021.28,0.0,4.0 23:39:16 16/05/20
0,64.2,10.395,1021.39,0.0,3.99 23:44:33 16/05/20
0,64.7,10.285,1021.38,0.0,3.99 23:49:50 16/05/20
0,64.7,10.175,1021.44,0.0,3.99 23:55:09 16/05/20
