0,65.2,10.049999,1021.39,0.0,3.98 00:00:22 17/05/20
0,65.8,9.889999,1021.52,0.0,3.99 00:05:36 17/05/20
0,66.3,9.765,1021.43,0.0,3.99 00:10:47 17/05/20
0,66.5,9.615,1021.57,0.0,3.99 00:16:01 17/05/20
0,66.8,9.505,1021.59,0.0,3.99 00:21:21 17/05/20
0,67.1,9.455,1021.55,0.0,3.99 00:26:39 17/05/20
0,67.6,9.29,1021.5,0.0,3.99 00:31:51 17/05/20
0,68.0,9.175,1021.49,0.0,3.98 00:37:05 17/05/20
0,68.1,9.07,1021.57,0.0,3.98 00:42:18 17/05/20
0,69.2,8.965,1021.62,0.0,3.98 00:47:30 17/05/20
0,69.3,8.865,1021.6,0.0,3.98 00:52:43 17/05/20
0,68.9,8.76,1021.57,0.0,3.98 00:57:58 17/05/20
0,68.9,8.66,1021.51,0.0,3.98 01:03:12 17/05/20
0,70.2,8.57,1021.56,0.0,3.98 01:08:26 17/05/20
2,70.4,8.47,1021.51,0.0,3.97 01:13:38 17/05/20
2,69.8,8.375,1021.64,0.0,3.97 01:18:57 17/05/20
3,70.2,8.29,1021.63,0.0,3.97 01:24:14 17/05/20
3,71.0,8.195,1021.69,0.0,3.97 01:29:28 17/05/20
4,71.4,8.15,1021.72,0.0,3.97 01:34:40 17/05/20
4,71.7,8.065,1021.62,0.0,3.97 01:39:57 17/05/20
5,71.1,7.9700003,1021.59,0.0,3.97 01:45:15 17/05/20
4,71.8,7.875,1021.5,0.0,3.96 01:50:37 17/05/20
6,72.9,7.845,1021.58,0.0,3.96 01:55:50 17/05/20
6,72.6,7.695,1021.59,0.0,3.96 02:01:07 17/05/20
6,72.4,7.66,1021.57,0.0,3.96 02:06:25 17/05/20
6,72.7,7.5600004,1021.6,0.0,3.96 02:11:39 17/05/20
5,73.8,7.4700003,1021.59,0.0,3.97 02:16:52 17/05/20
5,74.0,7.375,1021.69,0.0,3.96 02:22:05 17/05/20
5,73.8,7.285,1021.72,0.0,3.96 02:27:19 17/05/20
4,74.0,7.185,1021.76,0.0,3.96 02:32:31 17/05/20
4,74.0,7.09,1021.75,0.0,3.96 02:37:44 17/05/20
4,74.4,6.99,1021.76,0.0,3.96 02:42:58 17/05/20
4,74.0,6.895,1021.76,0.0,3.96 02:48:11 17/05/20
4,74.8,6.8,1021.77,0.0,3.96 02:53:22 17/05/20
4,75.1,6.71,1021.76,0.0,3.96 02:58:37 17/05/20
4,75.6,6.66,1021.66,0.0,3.96 03:03:50 17/05/20
4,75.7,6.575,1021.69,0.0,3.96 03:09:04 17/05/20
3,75.5,6.485,1021.68,0.0,3.96 03:14:14 17/05/20
4,75.7,6.45,1021.73,0.0,3.95 03:19:29 17/05/20
4,76.2,6.365,1021.68,0.0,3.96 03:24:42 17/05/20
5,77.4,6.2749996,1021.69,0.0,3.95 03:29:55 17/05/20
4,75.4,6.19,1021.69,0.0,3.95 03:35:08 17/05/20
4,76.6,6.16,1021.72,0.0,3.95 03:40:21 17/05/20
4,76.9,6.085,1021.71,0.0,3.95 03:45:34 17/05/20
4,77.2,6.005,1021.7,0.0,3.95 03:50:47 17/05/20
4,77.3,5.9700003,1021.69,0.0,3.95 03:56:00 17/05/20
4,77.8,5.94,1021.7,0.0,3.94 04:01:13 17/05/20
4,77.4,5.865,1021.71,0.0,3.95 04:06:26 17/05/20
4,77.8,5.79,1021.79,0.0,3.95 04:11:39 17/05/20
4,78.5,5.71,1021.85,0.0,3.94 04:16:52 17/05/20
5,79.1,5.67,1021.82,0.0,3.95 04:22:05 17/05/20
5,78.2,5.585,1021.87,0.0,3.95 04:27:18 17/05/20
5,79.6,5.5550003,1021.82,0.0,3.94 04:32:31 17/05/20
4,79.6,5.4750004,1021.92,0.0,3.94 04:37:45 17/05/20
5,79.1,5.385,1021.83,0.0,3.94 04:42:58 17/05/20
5,79.6,5.365,1021.8,0.01,3.94 04:48:10 17/05/20
6,79.4,5.285,1021.82,0.02,3.94 04:53:23 17/05/20
5,80.3,5.26,1021.86,0.06,3.94 04:58:36 17/05/20
6,80.1,5.185,1021.82,0.13,3.94 05:03:49 17/05/20
8,80.7,5.145,1021.86,0.29,3.93 05:09:05 17/05/20
9,80.7,5.075,1021.85,0.61,3.94 05:14:23 17/05/20
12,79.7,5.04,1021.77,1.17,3.94 05:19:36 17/05/20
17,81.1,4.96,1021.75,1.98,3.93 05:24:49 17/05/20
26,81.1,4.89,1021.82,2.7,3.93 05:30:05 17/05/20
35,80.8,4.87,1021.76,3.29,3.93 05:35:26 17/05/20
44,80.5,4.855,1021.79,3.74,3.93 05:40:36 17/05/20
56,81.4,4.835,1021.79,4.05,3.93 05:45:49 17/05/20
66,82.1,4.7749996,1021.78,4.05,3.93 05:51:01 17/05/20
79,82.9,4.765,1021.86,4.3,3.93 05:56:14 17/05/20
90,82.4,4.76,1021.94,4.65,3.93 06:01:27 17/05/20
99,83.1,4.755,1021.9,4.01,3.93 06:06:43 17/05/20
107,84.2,4.755,1021.94,4.12,3.93 06:12:01 17/05/20
115,82.8,4.765,1021.97,5.0,3.93 06:17:14 17/05/20
126,81.8,4.7749996,1021.99,4.45,3.93 06:22:28 17/05/20
134,82.9,4.79,1022.03,4.66,3.93 06:27:40 17/05/20
137,83.0,4.85,1021.96,5.0,3.93 06:32:53 17/05/20
142,85.8,4.87,1022.04,5.0,3.93 06:38:06 17/05/20
142,83.1,4.945,1022.12,4.21,3.94 06:43:19 17/05/20
150,84.7,4.98,1022.21,4.93,3.94 06:48:31 17/05/20
151,85.0,5.065,1022.24,5.0,3.94 06:53:44 17/05/20
156,84.2,5.1549997,1022.29,4.23,3.95 06:58:57 17/05/20
152,85.7,5.255,1022.27,4.06,3.95 07:04:13 17/05/20
166,87.0,5.3599997,1022.34,4.67,3.96 07:09:31 17/05/20
249,83.7,5.5299997,1022.34,5.0,3.96 07:14:44 17/05/20
258,89.5,5.65,1022.27,5.0,3.97 07:19:57 17/05/20
266,84.7,5.835,1022.22,5.0,3.97 07:25:10 17/05/20
273,89.4,6.05,1022.29,4.61,3.96 07:30:23 17/05/20
270,90.8,6.325,1022.31,5.0,3.98 07:35:36 17/05/20
274,91.7,6.685,1022.3,4.34,3.98 07:40:49 17/05/20
281,93.2,7.075,1022.38,4.06,3.99 07:46:01 17/05/20
285,94.2,7.4449997,1022.35,4.06,3.99 07:51:16 17/05/20
297,90.5,7.7799997,1022.41,4.14,4.0 07:56:29 17/05/20
294,95.7,8.155,1022.45,5.0,3.97 08:01:42 17/05/20
298,92.2,8.610001,1022.45,5.0,4.02 08:06:56 17/05/20
301,96.6,9.095,1022.45,4.14,4.03 08:12:08 17/05/20
306,92.1,9.675,1022.41,4.15,4.04 08:17:22 17/05/20
311,91.8,10.325,1022.46,4.27,4.05 08:22:33 17/05/20
311,91.8,10.940001,1022.43,4.17,4.07 08:27:49 17/05/20
315,91.0,11.415,1022.47,4.19,4.09 08:33:01 17/05/20
318,89.9,11.795,1022.45,4.2,4.11 08:38:17 17/05/20
322,87.0,12.07,1022.5,5.0,4.15 08:43:30 17/05/20
321,87.5,12.395,1022.58,4.36,4.19 08:48:47 17/05/20
327,85.6,12.63,1022.58,5.0,4.09 08:54:06 17/05/20
329,84.1,12.735001,1022.57,5.0,4.14 08:59:20 17/05/20
333,84.6,12.889999,1022.59,5.0,4.11 09:04:34 17/05/20
333,85.0,12.98,1022.65,5.0,4.12 09:09:51 17/05/20
338,83.8,13.07,1022.61,5.0,4.12 09:15:10 17/05/20
342,83.5,13.17,1022.64,5.0,4.12 09:20:24 17/05/20
345,83.2,13.34,1022.65,5.0,4.12 09:25:38 17/05/20
349,82.4,13.51,1022.62,5.0,4.13 09:30:52 17/05/20
352,85.2,13.65,1022.62,5.0,4.13 09:36:06 17/05/20
353,81.4,13.82,1022.65,5.0,4.1 09:41:20 17/05/20
357,84.8,14.01,1022.64,5.0,4.18 09:46:34 17/05/20
358,82.8,14.195,1022.77,5.0,4.2 09:51:48 17/05/20
362,82.9,14.34,1022.74,5.0,4.1 09:57:02 17/05/20
364,81.7,14.575001,1022.79,5.0,4.2 10:02:17 17/05/20
365,80.6,14.725,1022.81,5.0,4.11 10:07:30 17/05/20
365,80.8,14.975,1022.93,5.0,4.11 10:12:44 17/05/20
371,80.2,15.1,1022.92,5.0,4.1 10:17:59 17/05/20
370,79.9,15.3,1022.91,5.0,4.11 10:23:13 17/05/20
373,79.3,15.42,1022.97,5.0,4.1 10:28:27 17/05/20
376,77.3,15.615,1023.0,5.0,4.12 10:33:41 17/05/20
379,77.3,15.709999,1023.03,5.0,4.1 10:38:56 17/05/20
380,77.8,15.965,1023.01,5.0,4.12 10:44:10 17/05/20
381,76.3,16.085,1023.02,5.0,4.1 10:49:24 17/05/20
381,76.4,16.22,1022.98,5.0,4.12 10:54:42 17/05/20
385,76.6,16.395,1022.95,5.0,4.11 11:00:00 17/05/20
386,75.6,16.5,1022.97,5.0,4.12 11:05:16 17/05/20
388,76.6,16.685001,1022.95,5.0,4.11 11:10:30 17/05/20
388,73.8,16.89,1023.06,5.0,4.13 11:15:45 17/05/20
390,72.6,17.09,1023.11,5.0,4.11 11:20:59 17/05/20
273,71.9,17.27,1023.08,5.0,4.14 11:26:14 17/05/20
393,71.4,17.295,1023.11,5.0,4.11 11:31:28 17/05/20
396,73.7,17.404999,1023.14,5.0,4.14 11:36:43 17/05/20
398,73.9,17.675,1023.09,5.0,4.11 11:41:57 17/05/20
397,73.8,17.95,1023.08,5.0,4.21 11:47:12 17/05/20
398,71.1,18.235,1023.05,5.0,4.11 11:52:30 17/05/20
254,72.6,18.445,1023.06,4.24,4.17 11:57:50 17/05/20
407,71.4,18.560001,1023.0,5.0,4.11 12:03:04 17/05/20
405,67.3,18.67,1022.99,5.0,4.19 12:08:22 17/05/20
406,70.7,18.765,1022.95,5.0,4.12 12:13:34 17/05/20
406,69.3,18.965,1023.0,5.0,4.11 12:18:49 17/05/20
398,65.8,19.085,1022.98,5.0,4.12 12:24:04 17/05/20
385,62.7,19.09,1022.94,5.0,4.11 12:29:18 17/05/20
413,64.8,19.115,1022.95,5.0,4.12 12:34:33 17/05/20
414,59.3,19.3,1023.01,5.0,4.11 12:39:48 17/05/20
410,59.7,19.470001,1022.99,5.0,4.13 12:45:03 17/05/20
414,64.3,19.665,1022.95,5.0,4.11 12:50:18 17/05/20
387,63.0,19.970001,1022.89,5.0,4.13 12:55:33 17/05/20
298,53.8,19.895,1022.92,5.0,4.11 13:00:51 17/05/20
297,62.8,19.715,1022.92,5.0,4.1 13:06:12 17/05/20
395,58.8,19.605,1023.04,5.0,4.13 13:11:27 17/05/20
414,57.8,19.59,1022.9,5.0,4.11 13:16:41 17/05/20
419,61.0,19.765,1022.85,5.0,4.13 13:21:56 17/05/20
421,60.3,20.21,1022.81,5.0,4.11 13:27:11 17/05/20
302,57.6,20.365,1022.93,5.0,4.14 13:32:24 17/05/20
422,57.6,20.2,1023.0,5.0,4.12 13:37:41 17/05/20
423,59.9,20.2,1022.9,5.0,4.21 13:42:56 17/05/20
421,57.3,20.240002,1022.83,5.0,4.12 13:48:11 17/05/20
317,58.2,20.565,1022.75,5.0,4.2 13:53:26 17/05/20
314,55.4,20.59,1022.74,5.0,4.12 13:58:41 17/05/20
420,55.4,20.33,1022.72,5.0,4.2 14:03:56 17/05/20
271,52.0,20.060001,1022.69,5.0,4.13 14:09:11 17/05/20
280,53.0,19.805,1022.69,5.0,4.11 14:14:26 17/05/20
310,56.0,19.675,1022.61,5.0,4.13 14:19:41 17/05/20
405,58.3,19.805,1022.51,5.0,4.11 14:24:56 17/05/20
330,59.1,20.095001,1022.5,5.0,4.13 14:30:14 17/05/20
390,58.5,20.515,1022.39,5.0,4.11 14:35:34 17/05/20
338,58.1,20.77,1022.3,5.0,4.13 14:40:49 17/05/20
311,56.3,20.805,1022.29,5.0,4.12 14:46:04 17/05/20
331,56.5,20.715,1022.23,5.0,4.13 14:51:19 17/05/20
425,56.5,20.8,1022.25,5.0,4.12 14:56:34 17/05/20
425,58.5,21.16,1022.21,5.0,4.13 15:01:53 17/05/20
317,54.3,21.605,1022.17,5.0,4.12 15:07:13 17/05/20
287,53.6,21.5,1022.07,5.0,4.11 15:12:29 17/05/20
415,52.5,21.175,1022.03,5.0,4.14 15:17:44 17/05/20
406,48.4,21.105,1021.96,5.0,4.12 15:22:59 17/05/20
407,52.1,21.205,1022.02,5.0,4.14 15:28:15 17/05/20
403,49.1,21.325,1022.03,5.0,4.12 15:33:29 17/05/20
409,52.8,21.49,1022.07,5.0,4.21 15:38:44 17/05/20
399,54.8,21.765,1022.02,5.0,4.12 15:44:04 17/05/20
358,55.1,22.04,1021.86,5.0,4.11 15:49:23 17/05/20
282,50.5,22.09,1021.84,4.27,4.18 15:54:39 17/05/20
295,49.7,21.77,1021.83,5.0,4.12 15:59:57 17/05/20
407,53.2,21.69,1021.86,5.0,4.11 16:05:09 17/05/20
401,47.3,21.73,1021.74,5.0,4.12 16:10:28 17/05/20
387,49.1,21.825,1021.72,5.0,4.12 16:15:48 17/05/20
399,51.1,21.970001,1021.67,5.0,4.13 16:21:04 17/05/20
394,49.5,22.005001,1021.66,5.0,4.11 16:26:19 17/05/20
271,52.3,21.985,1021.6,5.0,4.13 16:31:34 17/05/20
306,50.8,21.825,1021.59,5.0,4.12 16:36:50 17/05/20
397,52.0,21.79,1021.56,5.0,4.11 16:42:05 17/05/20
401,52.7,21.9,1021.49,5.0,4.13 16:47:21 17/05/20
399,48.8,22.0,1021.37,5.0,4.12 16:52:35 17/05/20
395,47.5,22.09,1021.43,5.0,4.11 16:57:51 17/05/20
393,46.4,22.035,1021.36,5.0,4.13 17:03:07 17/05/20
258,49.2,21.955,1021.3,5.0,4.12 17:08:21 17/05/20
382,45.7,21.675,1021.31,5.0,4.14 17:13:40 17/05/20
387,49.2,21.58,1021.19,5.0,4.12 17:19:00 17/05/20
383,48.2,21.795,1021.15,5.0,4.11 17:24:16 17/05/20
377,49.2,21.9,1021.26,5.0,4.14 17:29:31 17/05/20
372,50.4,22.0,1021.26,5.0,4.12 17:34:46 17/05/20
367,49.6,22.015,1021.23,5.0,4.21 17:40:01 17/05/20
366,49.4,22.029999,1021.28,5.0,4.12 17:45:17 17/05/20
367,48.8,22.015,1021.24,5.0,4.11 17:50:33 17/05/20
357,45.9,21.869999,1021.12,5.0,4.2 17:55:47 17/05/20
357,45.7,21.79,1021.08,4.31,4.19 18:01:13 17/05/20
355,47.8,21.695,1021.08,5.0,4.13 18:06:27 17/05/20
350,47.6,21.67,1021.01,5.0,4.13 18:11:42 17/05/20
347,48.0,21.6,1020.96,5.0,4.12 18:16:58 17/05/20
345,48.5,21.635,1021.02,5.0,4.11 18:22:12 17/05/20
337,46.2,21.625,1020.97,5.0,4.13 18:27:28 17/05/20
334,46.9,21.48,1020.88,5.0,4.11 18:32:43 17/05/20
329,47.1,21.39,1020.92,5.0,4.13 18:37:58 17/05/20
328,46.9,21.29,1020.83,5.0,4.12 18:43:13 17/05/20
324,47.9,21.18,1020.89,5.0,4.11 18:48:28 17/05/20
318,47.0,21.150002,1020.82,5.0,4.13 18:53:44 17/05/20
314,47.3,21.02,1020.83,5.0,4.11 18:58:59 17/05/20
311,47.6,20.915,1020.78,5.0,4.14 19:04:14 17/05/20
305,47.4,20.82,1020.86,5.0,4.12 19:09:29 17/05/20
301,47.1,20.785,1020.81,5.0,4.13 19:14:45 17/05/20
273,47.3,20.67,1020.75,5.0,4.11 19:19:59 17/05/20
194,48.0,20.525,1020.74,4.37,4.12 19:25:14 17/05/20
197,48.3,20.505001,1020.78,4.22,4.15 19:30:29 17/05/20
193,47.8,20.415,1020.79,5.0,4.14 19:35:44 17/05/20
177,47.5,20.369999,1020.72,5.0,4.12 19:40:59 17/05/20
176,47.8,20.285,1020.78,4.47,4.12 19:46:14 17/05/20
170,47.9,20.205,1020.79,5.0,4.13 19:51:29 17/05/20
163,47.6,20.115,1020.86,5.0,4.12 19:56:44 17/05/20
160,48.2,20.025,1020.87,4.7,4.16 20:01:59 17/05/20
168,48.6,19.99,1020.83,4.36,4.16 20:07:14 17/05/20
165,47.8,19.9,1020.84,5.0,4.16 20:12:29 17/05/20
152,47.6,19.735,1020.86,5.0,4.16 20:17:44 17/05/20
146,48.1,19.625,1020.92,4.3,4.16 20:22:59 17/05/20
150,48.1,19.505001,1020.99,5.0,4.15 20:28:14 17/05/20
139,48.2,19.35,1020.92,5.0,4.15 20:33:30 17/05/20
131,48.3,19.235,1020.87,5.0,4.14 20:38:42 17/05/20
127,48.4,19.119999,1020.82,5.0,4.13 20:43:59 17/05/20
120,48.6,18.95,1020.78,5.0,4.13 20:49:13 17/05/20
110,48.9,18.83,1020.76,5.0,4.12 20:54:27 17/05/20
104,49.2,18.64,1020.78,4.98,4.11 20:59:43 17/05/20
95,49.5,18.505001,1020.79,4.47,4.11 21:04:58 17/05/20
86,49.8,18.33,1020.83,4.44,4.1 21:10:13 17/05/20
75,49.9,18.14,1020.78,4.17,4.09 21:15:27 17/05/20
61,50.1,17.93,1020.78,4.0,4.08 21:20:43 17/05/20
49,50.4,17.735,1020.73,3.54,4.08 21:25:57 17/05/20
39,50.8,17.535,1020.73,3.03,4.07 21:31:11 17/05/20
29,51.0,17.34,1020.7,2.35,4.07 21:36:26 17/05/20
20,51.3,17.135,1020.75,1.67,4.06 21:41:39 17/05/20
13,51.7,16.935,1020.83,1.07,4.06 21:46:55 17/05/20
9,52.0,16.744999,1020.85,0.61,4.05 21:52:08 17/05/20
5,52.5,16.55,1020.91,0.3,4.05 21:57:24 17/05/20
3,52.9,16.35,1020.89,0.15,4.05 22:02:38 17/05/20
1,53.1,16.235,1020.93,0.06,4.05 22:07:53 17/05/20
0,53.6,16.06,1020.93,0.02,4.04 22:13:08 17/05/20
0,53.7,15.924999,1021.05,0.0,4.04 22:18:21 17/05/20
0,54.2,15.76,1021.0,0.0,4.04 22:23:36 17/05/20
0,54.2,15.64,1021.08,0.0,4.04 22:28:50 17/05/20
0,55.3,15.475,1021.07,0.0,4.03 22:34:04 17/05/20
0,55.4,15.355,1021.12,0.0,4.03 22:39:19 17/05/20
0,55.6,15.26,1021.24,0.0,4.03 22:44:34 17/05/20
0,56.2,15.15,1021.28,0.0,4.02 22:49:47 17/05/20
0,55.4,15.049999,1021.31,0.0,4.02 22:55:01 17/05/20
0,55.7,14.955,1021.38,0.0,4.02 23:00:16 17/05/20
0,56.6,14.865,1021.44,0.0,4.02 23:05:28 17/05/20
0,56.4,14.83,1021.45,0.0,4.02 23:10:45 17/05/20
0,56.9,14.755,1021.49,0.0,4.02 23:15:58 17/05/20
0,56.5,14.67,1021.44,0.0,4.02 23:21:12 17/05/20
0,56.9,14.639999,1021.39,0.0,4.01 23:26:27 17/05/20
0,57.7,14.63,1021.51,0.0,4.01 23:31:41 17/05/20
0,56.9,14.565,1021.48,0.0,4.01 23:36:59 17/05/20
0,57.0,14.54,1021.43,0.0,4.01 23:42:18 17/05/20
0,58.0,14.465,1021.52,0.0,4.01 23:47:35 17/05/20
0,56.7,14.440001,1021.48,0.0,4.0 23:52:54 17/05/20
0,57.3,14.365,1021.53,0.0,4.0 23:58:08 17/05/20
