106,67.9,19.33,1031.87,4.45,3.74 21:11:50 25/05/20
97,62.4,19.825,1031.84,4.43,3.75 21:17:05 25/05/20
83,61.0,19.935,1031.87,3.9,3.74 21:22:20 25/05/20
71,60.0,19.945,1031.94,3.85,3.73 21:27:35 25/05/20
59,60.2,19.855,1031.98,3.72,3.73 21:32:50 25/05/20
47,59.9,19.76,1032.0,3.23,3.72 21:38:05 25/05/20
37,60.2,19.630001,1032.08,2.73,3.72 21:43:20 25/05/20
28,59.9,19.52,1032.15,2.16,3.71 21:48:35 25/05/20
20,59.9,19.42,1032.22,1.6,3.71 21:53:50 25/05/20
13,60.5,19.255001,1032.29,1.07,3.71 21:59:05 25/05/20
8,60.2,19.135,1032.32,0.61,3.71 22:04:19 25/05/20
5,60.2,18.965,1032.31,0.31,3.7 22:09:34 25/05/20
3,62.1,18.85,1032.37,0.16,3.7 22:14:50 25/05/20
1,60.8,18.74,1032.32,0.07,3.7 22:20:02 25/05/20
0,60.8,18.575,1032.29,0.03,3.7 22:25:19 25/05/20
0,61.2,18.445,1032.27,0.01,3.7 22:30:33 25/05/20
0,61.1,18.325,1032.27,0.0,3.69 22:35:46 25/05/20
0,61.4,18.154999,1032.33,0.0,3.69 22:41:06 25/05/20
0,61.2,18.045,1032.34,0.0,3.69 22:46:26 25/05/20
0,61.4,17.945,1032.35,0.0,3.69 22:51:41 25/05/20
0,61.6,17.855,1032.38,0.0,3.69 22:56:56 25/05/20
0,62.5,17.744999,1032.32,0.0,3.69 23:02:10 25/05/20
0,63.9,17.645,1032.29,0.0,3.69 23:07:25 25/05/20
0,63.0,17.54,1032.33,0.0,3.68 23:12:40 25/05/20
0,63.5,17.445,1032.41,0.0,3.69 23:17:53 25/05/20
0,62.5,17.35,1032.39,0.0,3.68 23:23:13 25/05/20
0,63.9,17.25,1032.39,0.0,3.68 23:28:32 25/05/20
0,64.1,17.145,1032.38,0.0,3.68 23:33:47 25/05/20
0,64.2,17.029999,1032.37,0.0,3.68 23:39:01 25/05/20
0,64.7,16.865002,1032.41,0.0,3.68 23:44:15 25/05/20
0,65.1,16.74,1032.46,0.0,3.68 23:49:30 25/05/20
0,65.4,16.57,1032.55,0.0,3.68 23:54:48 25/05/20
