250,99.9,14.195,1032.2,3.85,2.78 07:37:37 27/05/20
259,94.0,14.455,1032.1,5.0,3.2 07:42:49 27/05/20
264,91.9,14.51,1032.13,5.0,3.36 07:48:03 27/05/20
269,92.7,14.615,1032.14,3.78,3.47 07:53:17 27/05/20
272,93.8,14.79,1032.17,3.77,3.57 07:58:31 27/05/20
277,91.5,15.030001,1032.14,3.74,3.66 08:03:45 27/05/20
286,94.9,15.455,1032.16,4.69,3.73 08:08:57 27/05/20
290,87.7,15.815,1032.08,3.86,3.75 08:14:12 27/05/20
292,88.8,16.32,1032.12,3.87,3.77 08:19:27 27/05/20
294,90.3,16.82,1032.12,4.03,3.79 08:24:42 27/05/20
299,87.7,17.150002,1032.1,4.68,3.82 08:29:56 27/05/20
304,87.2,17.52,1032.18,3.94,3.84 08:35:10 27/05/20
306,88.2,17.735,1032.1,3.96,3.87 08:40:25 27/05/20
312,87.9,17.96,1032.12,4.0,3.9 08:45:38 27/05/20
316,83.1,18.085,1032.13,4.03,3.92 08:50:52 27/05/20
317,82.0,18.04,1032.15,4.05,3.94 08:56:08 27/05/20
322,88.6,17.974998,1032.15,4.08,3.96 09:01:22 27/05/20
323,85.6,17.96,1032.06,4.11,3.99 09:06:39 27/05/20
324,87.2,18.09,1032.04,4.11,3.98 09:11:53 27/05/20
329,87.9,18.19,1032.02,4.17,4.04 09:17:07 27/05/20
332,89.5,18.29,1032.02,4.2,4.07 09:22:21 27/05/20
335,88.6,18.384998,1032.01,4.23,4.09 09:27:37 27/05/20
338,87.5,18.485,1031.99,4.25,4.11 09:32:51 27/05/20
341,85.7,18.654999,1031.95,4.28,4.13 09:38:05 27/05/20
343,88.3,18.849998,1031.97,4.31,4.15 09:43:20 27/05/20
344,87.1,19.035,1031.95,4.36,4.18 09:48:39 27/05/20
347,87.8,19.295,1031.96,5.0,4.19 09:53:58 27/05/20
349,85.8,19.675,1031.87,5.0,4.19 09:59:14 27/05/20
352,86.2,19.935,1031.98,5.0,4.19 10:04:27 27/05/20
354,86.0,20.215,1031.9,5.0,4.2 10:09:42 27/05/20
356,85.3,20.485,1031.94,5.0,4.2 10:14:57 27/05/20
359,84.4,20.68,1031.91,5.0,4.2 10:20:13 27/05/20
361,84.1,20.865,1031.9,5.0,4.2 10:25:26 27/05/20
360,83.2,20.985,1031.89,5.0,4.2 10:30:47 27/05/20
365,83.9,21.225,1031.83,5.0,4.13 10:36:06 27/05/20
367,83.1,21.33,1031.88,5.0,4.2 10:41:19 27/05/20
367,82.4,21.445,1031.89,5.0,4.12 10:46:36 27/05/20
368,80.6,21.535,1031.89,5.0,4.2 10:51:51 27/05/20
370,81.7,21.715,1031.88,5.0,4.11 10:57:07 27/05/20
373,79.9,21.880001,1031.84,5.0,4.2 11:02:21 27/05/20
375,81.7,22.02,1031.78,5.0,4.12 11:07:36 27/05/20
374,79.5,22.21,1031.75,5.0,4.2 11:12:52 27/05/20
375,78.3,22.470001,1031.72,5.0,4.12 11:18:07 27/05/20
377,76.5,22.5,1031.68,5.0,4.1 11:23:23 27/05/20
377,75.1,22.535,1031.61,5.0,4.13 11:28:37 27/05/20
379,76.6,22.625,1031.55,5.0,4.1 11:33:56 27/05/20
383,76.4,22.89,1031.65,5.0,4.13 11:39:16 27/05/20
382,73.4,23.02,1031.54,5.0,4.2 11:44:43 27/05/20
384,74.3,23.035,1031.57,5.0,4.13 11:49:57 27/05/20
382,75.3,23.195,1031.54,5.0,4.11 11:55:11 27/05/20
380,74.9,23.470001,1031.54,5.0,4.13 12:00:30 27/05/20
374,70.3,23.665,1031.56,5.0,4.11 12:05:54 27/05/20
376,72.8,23.69,1031.57,5.0,4.2 12:11:18 27/05/20
305,68.2,23.86,1031.58,5.0,4.13 12:16:37 27/05/20
306,71.6,23.805,1031.58,5.0,4.11 12:21:57 27/05/20
408,72.6,23.865,1031.56,5.0,4.2 12:27:14 27/05/20
320,73.5,24.24,1031.47,5.0,4.12 12:32:46 27/05/20
298,69.4,24.435001,1031.4,5.0,4.11 12:38:07 27/05/20
400,70.0,24.395,1031.43,5.0,4.09 12:43:23 27/05/20
373,71.0,24.565,1031.36,5.0,4.11 12:48:51 27/05/20
343,64.7,24.685001,1031.36,5.0,4.1 12:54:10 27/05/20
341,67.1,24.61,1031.37,5.0,4.2 12:59:26 27/05/20
335,67.5,24.630001,1031.36,5.0,4.12 13:04:42 27/05/20
400,68.3,24.785,1031.33,5.0,4.11 13:09:58 27/05/20
403,69.3,25.045,1031.29,5.0,4.2 13:15:16 27/05/20
383,68.7,25.355,1031.2,5.0,4.12 13:20:27 27/05/20
398,67.5,25.625,1031.24,5.0,4.11 13:25:45 27/05/20
408,60.1,25.59,1031.17,5.0,4.2 13:31:01 27/05/20
397,65.8,25.6,1031.17,5.0,4.12 13:36:16 27/05/20
301,58.1,25.585,1031.13,4.26,4.16 13:41:32 27/05/20
400,60.6,25.355,1031.09,5.0,4.13 13:46:49 27/05/20
401,62.8,25.314999,1030.99,5.0,4.12 13:52:04 27/05/20
406,63.2,25.57,1031.03,5.0,4.11 13:57:20 27/05/20
404,59.9,25.875,1031.0,5.0,4.13 14:02:35 27/05/20
405,59.9,26.05,1031.03,5.0,4.12 14:07:51 27/05/20
398,63.5,26.3,1030.92,5.0,4.11 14:13:07 27/05/20
394,58.9,26.52,1030.95,5.0,4.14 14:18:25 27/05/20
394,57.9,26.485,1030.93,5.0,4.12 14:23:39 27/05/20
397,58.9,26.635,1030.88,5.0,4.11 14:28:55 27/05/20
397,54.3,26.744999,1030.87,5.0,4.14 14:34:11 27/05/20
393,54.6,26.605,1030.71,5.0,4.12 14:39:27 27/05/20
396,55.0,26.59,1030.7,5.0,4.11 14:44:43 27/05/20
395,56.7,26.595001,1030.66,5.0,4.15 14:49:59 27/05/20
395,55.1,26.74,1030.62,5.0,4.13 14:55:15 27/05/20
395,55.1,26.765,1030.63,5.0,4.11 15:00:31 27/05/20
395,55.8,26.95,1030.58,5.0,4.21 15:05:45 27/05/20
393,51.4,26.994999,1030.58,5.0,4.13 15:11:03 27/05/20
394,53.0,26.985,1030.57,5.0,4.12 15:16:19 27/05/20
392,51.0,26.975,1030.56,5.0,4.11 15:21:36 27/05/20
392,53.5,26.895,1030.56,5.0,4.2 15:26:53 27/05/20
391,54.9,27.08,1030.49,5.0,4.13 15:32:08 27/05/20
390,49.7,27.244999,1030.44,5.0,4.12 15:37:24 27/05/20
388,54.0,27.32,1030.5,5.0,4.11 15:42:40 27/05/20
389,51.4,27.435001,1030.38,5.0,4.14 15:47:57 27/05/20
389,53.9,27.555,1030.41,5.0,4.12 15:53:12 27/05/20
388,52.9,27.575,1030.41,5.0,4.11 15:58:28 27/05/20
386,51.1,27.58,1030.28,5.0,4.14 16:03:48 27/05/20
373,48.9,27.32,1030.25,5.0,4.12 16:09:09 27/05/20
383,49.0,27.215,1030.24,5.0,4.11 16:14:29 27/05/20
382,50.3,27.060001,1030.32,5.0,4.1 16:19:50 27/05/20
381,49.9,27.135,1030.24,5.0,4.14 16:25:06 27/05/20
381,51.6,27.275,1030.21,5.0,4.11 16:30:22 27/05/20
379,52.2,27.369999,1030.25,5.0,4.11 16:35:39 27/05/20
378,47.5,27.385,1030.21,5.0,4.1 16:40:59 27/05/20
376,50.2,27.32,1030.18,5.0,4.2 16:46:19 27/05/20
374,45.8,27.225,1030.17,5.0,4.13 16:51:37 27/05/20
373,47.2,27.02,1030.3,5.0,4.11 16:56:52 27/05/20
376,48.3,26.96,1030.23,5.0,4.1 17:02:08 27/05/20
371,49.0,26.955,1030.23,5.0,4.2 17:07:24 27/05/20
367,46.7,27.04,1030.21,5.0,4.13 17:12:41 27/05/20
364,46.2,26.96,1030.13,5.0,4.2 17:17:56 27/05/20
363,45.8,26.805,1030.22,5.0,4.13 17:23:12 27/05/20
361,46.2,26.7,1030.23,5.0,4.12 17:28:28 27/05/20
359,45.7,26.58,1030.25,5.0,4.11 17:33:44 27/05/20
355,45.2,26.465,1030.26,5.0,4.11 17:39:00 27/05/20
355,44.6,26.23,1030.28,4.28,4.17 17:44:16 27/05/20
353,45.8,26.21,1030.22,5.0,4.13 17:49:32 27/05/20
350,44.8,26.105,1030.2,5.0,4.12 17:54:46 27/05/20
346,45.3,25.91,1030.1,5.0,4.11 18:00:02 27/05/20
345,44.6,25.635,1030.02,4.33,4.16 18:05:24 27/05/20
343,43.9,25.41,1030.04,5.0,4.13 18:10:44 27/05/20
340,44.9,25.295,1030.02,5.0,4.12 18:16:00 27/05/20
338,44.6,25.125,1030.01,5.0,4.11 18:21:17 27/05/20
336,44.8,24.994999,1029.92,5.0,4.15 18:26:32 27/05/20
333,45.3,24.92,1029.98,5.0,4.13 18:31:47 27/05/20
328,44.6,24.79,1029.83,5.0,4.11 18:37:03 27/05/20
326,44.6,24.595001,1029.87,5.0,4.1 18:42:19 27/05/20
323,44.9,24.48,1029.83,5.0,4.09 18:47:35 27/05/20
319,43.8,24.305,1029.84,5.0,4.12 18:52:50 27/05/20
316,45.0,24.195,1029.87,5.0,4.11 18:58:06 27/05/20
310,44.8,24.08,1029.84,4.22,4.12 19:03:22 27/05/20
308,45.3,23.99,1029.82,5.0,4.16 19:08:38 27/05/20
248,45.2,23.9,1029.88,5.0,4.12 19:13:53 27/05/20
168,45.3,23.735,1029.84,5.0,4.15 19:19:08 27/05/20
173,44.0,23.55,1029.82,5.0,4.13 19:24:24 27/05/20
191,44.4,23.404999,1029.77,5.0,4.12 19:29:39 27/05/20
161,44.9,23.235,1029.79,5.0,4.11 19:34:55 27/05/20
158,44.1,23.06,1029.78,5.0,4.1 19:40:09 27/05/20
157,45.4,22.939999,1029.8,5.0,4.13 19:45:25 27/05/20
154,44.9,22.83,1029.73,4.3,4.14 19:50:41 27/05/20
163,45.7,22.795,1029.7,4.85,4.14 19:55:56 27/05/20
152,45.4,22.705,1029.72,5.0,4.14 20:01:15 27/05/20
148,45.7,22.56,1029.7,4.6,4.15 20:06:39 27/05/20
145,46.6,22.52,1029.83,5.0,4.16 20:11:59 27/05/20
143,47.3,22.425,1029.88,4.28,4.16 20:17:15 27/05/20
140,48.5,22.34,1029.97,5.0,4.17 20:22:28 27/05/20
131,49.0,22.244999,1029.98,4.22,4.17 20:27:43 27/05/20
130,49.3,22.154999,1030.0,4.8,4.16 20:33:04 27/05/20
131,49.5,22.05,1030.05,5.0,4.16 20:38:24 27/05/20
124,50.8,21.87,1030.07,5.0,4.16 20:43:40 27/05/20
123,50.9,21.755001,1030.16,4.89,4.15 20:48:53 27/05/20
119,50.9,21.58,1030.19,5.0,4.15 20:54:10 27/05/20
107,52.0,21.439999,1030.25,5.0,4.13 20:59:29 27/05/20
100,51.1,21.27,1030.26,4.63,4.13 21:04:49 27/05/20
89,51.5,21.075,1030.3,4.97,4.12 21:10:04 27/05/20
81,51.0,20.925,1030.35,4.3,4.11 21:15:26 27/05/20
71,52.8,20.720001,1030.45,4.27,4.1 21:20:43 27/05/20
64,52.9,20.54,1030.49,4.2,4.09 21:26:02 27/05/20
57,52.9,20.295,1030.45,4.21,4.09 21:31:20 27/05/20
50,52.2,20.15,1030.41,4.06,4.09 21:36:35 27/05/20
43,53.0,19.955,1030.49,3.77,4.08 21:41:50 27/05/20
36,53.5,19.76,1030.56,3.37,4.08 21:47:06 27/05/20
28,53.5,19.575,1030.61,2.83,4.07 21:52:20 27/05/20
21,53.9,19.435,1030.7,2.25,4.07 21:57:39 27/05/20
14,54.0,19.255001,1030.74,1.58,4.07 22:02:57 27/05/20
9,53.6,19.07,1030.85,0.88,4.06 22:08:14 27/05/20
5,54.4,18.935,1030.85,0.42,4.06 22:13:29 27/05/20
3,55.1,18.765,1030.88,0.21,4.06 22:18:42 27/05/20
1,55.4,18.65,1030.94,0.1,4.05 22:23:56 27/05/20
0,56.0,18.535,1030.94,0.04,4.05 22:29:12 27/05/20
0,56.3,18.365002,1031.0,0.02,4.05 22:34:28 27/05/20
0,56.0,18.25,1031.0,0.0,4.04 22:39:42 27/05/20
0,55.6,18.095001,1031.07,0.0,4.04 22:44:56 27/05/20
0,56.7,17.97,1031.1,0.0,4.04 22:50:12 27/05/20
0,56.3,17.880001,1031.21,0.0,4.04 22:55:25 27/05/20
0,56.3,17.765,1031.23,0.0,4.04 23:00:44 27/05/20
0,57.4,17.66,1031.29,0.0,4.03 23:06:03 27/05/20
0,58.0,17.56,1031.21,0.0,4.03 23:11:18 27/05/20
0,57.3,17.39,1031.21,0.0,4.03 23:16:36 27/05/20
0,57.0,17.345001,1031.15,0.0,4.03 23:21:55 27/05/20
0,58.0,17.18,1031.21,0.0,4.03 23:27:08 27/05/20
0,58.0,17.06,1031.18,0.0,4.02 23:32:24 27/05/20
0,58.3,16.965,1031.22,0.0,4.02 23:37:42 27/05/20
0,57.7,16.87,1031.19,0.0,4.02 23:43:02 27/05/20
0,58.7,16.765,1031.2,0.0,3.99 23:48:14 27/05/20
0,59.7,16.67,1031.22,0.0,4.02 23:53:29 27/05/20
0,59.0,16.56,1031.18,0.0,4.02 23:58:45 27/05/20
