0,75.7,14.1,2.92,2.92,0.17,0.15,1 00:01:55 03/08/20
0,75.1,14.0,2.92,2.92,0.23,0.19,0 00:07:23 03/08/20
0,75.7,13.9,2.92,2.92,0.16,0.14,1 00:12:52 03/08/20
0,75.7,13.8,2.92,2.92,0.23,0.2,0 00:18:20 03/08/20
0,75.5,13.7,2.92,2.92,0.17,0.15,1 00:23:49 03/08/20
0,76.7,13.6,2.92,2.92,0.23,0.2,0 00:29:16 03/08/20
0,78.9,13.5,2.92,2.92,0.17,0.15,1 00:34:46 03/08/20
0,77.4,13.4,2.92,2.92,0.23,0.2,0 00:40:13 03/08/20
0,77.3,13.3,2.92,2.92,0.17,0.15,1 00:45:42 03/08/20
0,76.3,13.2,2.92,2.92,0.23,0.2,0 00:51:09 03/08/20
0,76.6,13.1,2.92,2.92,0.16,0.15,1 00:56:37 03/08/20
0,76.4,13.0,2.92,2.92,0.24,0.21,0 01:02:07 03/08/20
0,76.9,12.9,2.92,2.92,0.17,0.15,1 01:07:34 03/08/20
0,76.5,12.8,2.92,2.92,0.23,0.2,0 01:13:03 03/08/20
0,76.8,12.7,2.92,2.92,0.16,0.14,1 01:18:30 03/08/20
0,76.8,12.6,2.92,2.92,0.23,0.2,0 01:23:58 03/08/20
0,76.4,12.5,2.92,2.92,0.17,0.15,1 01:29:28 03/08/20
0,77.8,12.5,2.92,2.92,0.23,0.2,0 01:34:55 03/08/20
0,77.2,12.4,2.92,2.92,0.17,0.15,1 01:40:23 03/08/20
0,77.0,12.3,2.92,2.92,0.23,0.2,0 01:45:51 03/08/20
0,77.0,12.2,2.92,2.92,0.17,0.15,1 01:51:20 03/08/20
0,77.5,12.1,2.92,2.92,0.23,0.2,0 01:56:47 03/08/20
0,77.7,12.0,2.92,2.92,0.17,0.15,1 02:02:15 03/08/20
0,77.8,11.9,2.92,2.92,0.23,0.2,0 02:07:43 03/08/20
0,77.3,11.8,2.92,2.92,0.17,0.15,1 02:13:13 03/08/20
0,78.2,11.7,2.92,2.92,0.23,0.2,0 02:18:40 03/08/20
0,77.6,11.6,2.92,2.92,0.17,0.15,1 02:24:08 03/08/20
0,77.7,11.6,2.92,2.92,0.23,0.2,0 02:29:36 03/08/20
0,77.9,11.5,2.92,2.92,0.17,0.15,1 02:35:04 03/08/20
0,80.5,11.5,2.92,2.92,0.24,0.2,0 02:40:32 03/08/20
0,78.6,11.4,2.92,2.92,0.17,0.15,1 02:46:00 03/08/20
0,78.5,11.3,2.92,2.91,0.24,0.2,0 02:51:29 03/08/20
0,78.3,11.3,2.92,2.92,0.17,0.15,1 02:56:57 03/08/20
0,78.0,11.2,2.92,2.91,0.24,0.2,0 03:02:25 03/08/20
0,79.4,11.2,2.92,2.92,0.17,0.15,1 03:07:53 03/08/20
0,78.6,11.1,2.92,2.91,0.24,0.2,0 03:13:26 03/08/20
0,79.4,11.1,2.92,2.91,0.17,0.15,1 03:18:58 03/08/20
0,78.8,11.0,2.92,2.91,0.24,0.2,0 03:24:26 03/08/20
0,78.9,10.9,2.92,2.91,0.17,0.15,1 03:29:54 03/08/20
0,78.8,10.9,2.92,2.91,0.24,0.2,0 03:35:22 03/08/20
0,78.9,10.8,2.92,2.91,0.17,0.15,1 03:40:50 03/08/20
0,79.8,10.7,2.92,2.91,0.24,0.2,0 03:46:18 03/08/20
0,80.4,10.7,2.92,2.91,0.17,0.15,1 03:51:45 03/08/20
0,80.3,10.6,2.91,2.91,0.24,0.2,0 03:57:13 03/08/20
0,79.6,10.6,2.92,2.91,0.17,0.15,1 04:02:41 03/08/20
0,80.5,10.5,2.92,2.91,0.24,0.2,0 04:08:09 03/08/20
0,80.5,10.4,2.92,2.91,0.17,0.15,1 04:13:37 03/08/20
0,80.1,10.4,2.91,2.91,0.24,0.21,0 04:19:05 03/08/20
0,80.2,10.3,2.99,2.9,0.17,0.15,1 04:24:33 03/08/20
0,80.5,10.2,2.91,2.91,0.24,0.21,0 04:30:01 03/08/20
0,80.0,10.2,2.91,2.91,0.17,0.15,1 04:35:29 03/08/20
0,80.2,10.1,2.91,2.91,0.24,0.21,0 04:40:57 03/08/20
0,82.3,10.1,2.91,2.91,0.18,0.16,0 04:46:29 03/08/20
0,80.3,10.0,2.91,2.91,0.17,0.15,1 04:52:02 03/08/20
0,80.3,10.0,2.91,2.91,0.23,0.2,0 04:57:29 03/08/20
0,81.1,9.9,2.91,2.91,0.17,0.15,1 05:02:57 03/08/20
0,81.8,9.9,2.91,2.91,0.23,0.2,0 05:08:25 03/08/20
0,82.1,9.8,2.91,2.91,0.17,0.15,1 05:14:01 03/08/20
0,81.2,9.8,2.91,2.91,0.24,0.2,0 05:19:31 03/08/20
0,82.2,9.8,2.91,2.91,0.17,0.15,1 05:24:58 03/08/20
0,80.7,9.7,2.91,2.91,0.24,0.21,0 05:30:26 03/08/20
0,83.2,9.7,2.91,2.91,0.17,0.15,1 05:35:54 03/08/20
0,82.0,9.7,2.92,2.91,0.14,0.12,1 05:41:25 03/08/20
0,83.2,9.8,2.91,2.91,0.24,0.21,0 05:46:59 03/08/20
0,82.9,9.7,2.91,2.91,0.17,0.15,1 05:52:26 03/08/20
0,81.9,9.8,2.91,2.91,0.23,0.2,0 05:57:54 03/08/20
0,86.1,9.8,2.91,2.91,0.17,0.15,1 06:03:22 03/08/20
0,87.8,9.9,2.91,2.9,0.24,0.21,0 06:08:51 03/08/20
0,87.4,10.0,2.91,2.91,0.17,0.15,1 06:14:19 03/08/20
0,85.7,10.0,2.91,2.9,0.24,0.21,0 06:19:46 03/08/20
0,87.8,10.1,2.91,2.91,0.17,0.15,1 06:25:14 03/08/20
0,88.6,10.2,2.91,2.9,0.24,0.21,0 06:30:42 03/08/20
0,90.1,10.3,2.91,2.91,0.17,0.15,1 06:36:10 03/08/20
0,90.1,10.4,2.91,2.9,0.24,0.21,0 06:41:38 03/08/20
0,88.8,10.5,2.91,2.9,0.17,0.15,1 06:47:07 03/08/20
0,87.9,10.6,2.91,2.9,0.24,0.21,0 06:52:34 03/08/20
0,90.5,10.6,2.91,2.9,0.17,0.15,1 06:58:02 03/08/20
0,89.4,10.8,2.91,2.9,0.24,0.21,0 07:03:30 03/08/20
0,90.6,10.8,2.91,2.9,0.17,0.15,1 07:08:58 03/08/20
0,91.0,11.0,2.91,2.9,0.24,0.21,0 07:14:33 03/08/20
0,90.7,11.2,2.91,2.9,0.18,0.16,0 07:20:06 03/08/20
0,91.5,11.4,2.91,2.9,0.18,0.16,1 07:25:41 03/08/20
0,92.7,11.6,2.91,2.9,0.24,0.21,0 07:31:08 03/08/20
0,93.2,11.8,2.91,2.9,0.17,0.15,1 07:36:36 03/08/20
0,95.6,12.1,2.91,2.9,0.24,0.21,0 07:42:04 03/08/20
0,96.4,12.4,2.91,2.9,0.17,0.15,1 07:47:32 03/08/20
0,96.3,12.7,2.91,2.9,0.24,0.21,0 07:53:01 03/08/20
0,96.7,13.0,2.91,2.9,0.17,0.15,1 07:58:28 03/08/20
0,96.3,13.3,2.91,2.9,0.24,0.21,0 08:03:56 03/08/20
0,95.0,13.6,2.9,2.9,0.16,0.14,1 08:09:24 03/08/20
0,94.5,14.0,2.91,2.9,0.24,0.21,0 08:14:53 03/08/20
0,93.9,14.3,2.9,2.9,0.17,0.15,1 08:20:22 03/08/20
0,93.6,14.6,2.9,2.9,0.24,0.21,0 08:25:49 03/08/20
0,93.3,15.0,2.89,2.91,0.17,0.16,1 08:31:18 03/08/20
0,92.7,15.3,2.9,2.9,0.24,0.21,0 08:36:46 03/08/20
0,91.8,15.7,2.9,2.9,0.18,0.16,1 08:42:16 03/08/20
0,91.2,16.1,2.9,2.9,0.24,0.21,0 08:47:44 03/08/20
0,91.1,16.5,2.9,2.9,0.18,0.16,1 08:53:13 03/08/20
0,91.0,16.8,2.9,2.9,0.24,0.21,0 08:58:41 03/08/20
0,91.1,17.2,2.9,2.9,0.17,0.15,1 09:04:09 03/08/20
0,91.0,17.5,2.9,2.9,0.24,0.21,0 09:09:37 03/08/20
0,90.9,17.8,2.9,2.9,0.17,0.15,1 09:15:06 03/08/20
0,90.7,18.0,2.9,2.9,0.25,0.21,0 09:20:36 03/08/20
0,90.5,18.3,2.9,2.9,0.17,0.15,1 09:26:03 03/08/20
0,90.3,18.4,2.9,2.9,0.25,0.21,0 09:31:33 03/08/20
0,90.3,18.5,2.9,2.9,0.17,0.16,1 09:37:01 03/08/20
0,90.2,18.6,2.9,2.9,0.24,0.21,0 09:42:29 03/08/20
0,89.6,18.6,2.9,2.9,0.17,0.16,1 09:47:59 03/08/20
0,89.5,18.7,2.9,2.9,0.25,0.21,0 09:53:27 03/08/20
0,89.4,18.8,2.9,2.9,0.19,0.17,0 09:58:59 03/08/20
0,89.4,19.0,2.9,2.9,0.17,0.15,1 10:04:33 03/08/20
0,89.4,19.2,2.9,2.9,0.25,0.21,0 10:10:03 03/08/20
0,88.8,19.3,2.9,2.9,0.18,0.16,1 10:15:31 03/08/20
0,88.9,19.6,2.9,2.9,0.25,0.21,0 10:21:00 03/08/20
0,89.3,20.0,2.9,2.9,0.18,0.16,1 10:26:30 03/08/20
0,85.3,20.2,2.9,2.9,0.24,0.2,0 10:31:58 03/08/20
0,85.7,20.4,2.9,2.9,0.17,0.15,1 10:37:26 03/08/20
0,86.3,20.7,2.9,2.9,0.24,0.21,0 10:42:55 03/08/20
0,86.9,21.0,2.9,2.9,0.17,0.15,1 10:48:24 03/08/20
0,87.2,21.3,2.9,2.9,0.24,0.21,0 10:53:53 03/08/20
0,85.9,21.6,2.9,2.9,0.17,0.15,1 10:59:22 03/08/20
0,85.8,22.1,2.9,2.9,0.25,0.22,0 11:04:53 03/08/20
0,85.0,22.5,2.9,2.9,0.18,0.16,1 11:10:21 03/08/20
0,85.4,23.0,2.92,2.88,0.25,0.21,0 11:15:51 03/08/20
0,84.7,23.4,2.9,2.9,0.17,0.15,1 11:21:19 03/08/20
0,83.5,23.7,2.9,2.9,0.14,0.13,1 11:26:52 03/08/20
0,80.5,24.0,2.9,2.9,0.25,0.21,0 11:32:27 03/08/20
0,83.6,24.4,2.9,2.9,0.17,0.15,1 11:37:56 03/08/20
0,82.0,24.8,2.9,2.9,0.25,0.21,0 11:43:26 03/08/20
0,78.0,25.2,2.9,2.9,0.18,0.16,1 11:48:56 03/08/20
0,79.6,25.6,2.9,2.9,0.25,0.21,0 11:54:25 03/08/20
0,76.6,26.0,2.9,2.9,0.17,0.15,1 11:59:54 03/08/20
0,76.5,26.5,2.9,2.9,0.25,0.21,0 12:05:25 03/08/20
0,77.5,27.2,2.9,2.9,0.18,0.16,1 12:10:54 03/08/20
0,76.7,27.7,2.9,2.9,0.25,0.21,0 12:16:24 03/08/20
0,72.9,27.6,2.9,2.9,0.17,0.15,1 12:21:54 03/08/20
0,76.7,27.9,2.9,2.9,0.24,0.21,0 12:27:23 03/08/20
0,73.8,28.9,2.9,2.9,0.17,0.15,1 12:32:53 03/08/20
0,67.0,29.5,2.9,2.9,0.24,0.21,0 12:38:23 03/08/20
0,61.1,29.0,2.9,2.9,0.17,0.15,1 12:43:53 03/08/20
0,65.6,28.7,2.9,2.9,0.24,0.21,0 12:49:23 03/08/20
0,61.9,28.3,2.9,2.9,0.17,0.15,1 12:54:53 03/08/20
0,67.9,28.2,2.9,2.9,0.24,0.21,0 13:00:23 03/08/20
0,70.9,29.2,2.9,2.9,0.17,0.15,1 13:05:53 03/08/20
0,63.1,30.1,2.9,2.9,0.24,0.21,0 13:11:23 03/08/20
0,58.7,30.2,2.9,2.9,0.17,0.15,1 13:16:54 03/08/20
0,59.0,29.8,2.9,2.9,0.25,0.21,0 13:22:24 03/08/20
0,64.0,29.9,2.9,2.9,0.18,0.16,1 13:27:54 03/08/20
0,64.7,30.6,2.9,2.9,0.25,0.22,0 13:33:25 03/08/20
0,63.6,31.5,2.9,2.9,0.17,0.15,1 13:38:54 03/08/20
0,56.1,32.0,2.9,2.9,0.21,0.19,0 13:44:23 03/08/20
0,52.8,31.6,2.9,2.9,0.18,0.16,1 13:49:56 03/08/20
0,57.4,31.0,2.9,2.9,0.25,0.22,0 13:55:27 03/08/20
0,59.9,31.3,2.9,2.91,0.18,0.16,1 14:00:56 03/08/20
0,56.7,31.9,2.9,2.9,0.24,0.21,0 14:06:26 03/08/20
0,54.0,32.7,2.9,2.91,0.18,0.16,1 14:11:57 03/08/20
0,54.8,33.4,2.9,2.91,0.24,0.21,0 14:17:27 03/08/20
0,50.2,34.0,2.9,2.91,0.18,0.16,1 14:22:59 03/08/20
0,49.2,34.5,2.9,2.91,0.25,0.21,0 14:28:29 03/08/20
0,50.1,35.0,2.9,2.91,0.18,0.16,1 14:34:01 03/08/20
0,49.7,35.5,2.9,2.91,0.24,0.21,0 14:39:31 03/08/20
0,49.7,36.1,2.9,2.91,0.17,0.15,1 14:45:02 03/08/20
0,52.4,36.8,2.9,2.91,0.25,0.22,0 14:50:33 03/08/20
0,53.5,37.8,2.91,2.91,0.18,0.16,1 14:56:04 03/08/20
0,50.3,38.6,2.91,2.91,0.24,0.21,0 15:01:35 03/08/20
0,46.0,39.1,2.91,2.91,0.18,0.16,1 15:07:07 03/08/20
0,45.6,39.3,2.91,2.91,0.24,0.21,0 15:12:38 03/08/20
0,43.5,39.6,2.91,2.92,0.18,0.16,1 15:18:11 03/08/20
0,43.9,39.9,2.91,2.92,0.15,0.13,1 15:23:45 03/08/20
0,41.5,40.5,2.91,2.91,0.24,0.21,0 15:29:22 03/08/20
0,40.2,40.5,2.91,2.92,0.17,0.15,1 15:34:54 03/08/20
0,35.8,40.4,2.91,2.92,0.25,0.22,0 15:40:27 03/08/20
0,39.0,40.4,2.91,2.92,0.18,0.16,1 15:45:58 03/08/20
0,37.9,40.3,2.91,2.92,0.25,0.22,0 15:51:30 03/08/20
0,35.9,40.3,2.91,2.92,0.17,0.15,1 15:57:02 03/08/20
0,39.9,40.5,2.91,2.92,0.24,0.21,0 16:02:33 03/08/20
0,36.9,41.0,2.91,2.92,0.17,0.15,1 16:08:05 03/08/20
0,36.2,41.3,2.91,2.92,0.24,0.21,0 16:13:37 03/08/20
0,36.7,41.4,2.91,2.92,0.17,0.15,1 16:19:09 03/08/20
0,35.7,41.7,2.91,2.92,0.24,0.21,0 16:24:41 03/08/20
0,36.5,40.9,2.91,2.92,0.17,0.15,1 16:30:13 03/08/20
0,38.6,40.4,2.91,2.92,0.24,0.21,0 16:35:45 03/08/20
0,38.6,39.5,2.91,2.92,0.18,0.16,1 16:41:18 03/08/20
0,37.0,38.8,2.91,2.92,0.25,0.21,0 16:46:49 03/08/20
0,37.8,37.1,2.91,2.92,0.17,0.15,1 16:52:20 03/08/20
0,40.5,36.2,2.91,2.92,0.24,0.2,0 16:57:51 03/08/20
0,41.1,36.4,2.91,2.92,0.17,0.15,1 17:03:23 03/08/20
0,39.0,36.2,2.91,2.92,0.25,0.21,0 17:08:54 03/08/20
0,39.5,34.9,2.91,2.92,0.18,0.16,1 17:14:31 03/08/20
0,40.8,33.1,2.91,2.92,0.25,0.21,0 17:20:06 03/08/20
0,42.0,31.4,2.91,2.92,0.17,0.15,1 17:25:35 03/08/20
0,44.0,30.3,2.91,2.92,0.23,0.2,0 17:31:06 03/08/20
0,45.7,30.1,2.91,2.92,0.17,0.15,1 17:36:36 03/08/20
0,46.5,30.9,2.91,2.92,0.24,0.21,0 17:42:07 03/08/20
0,46.1,31.8,2.91,2.92,0.17,0.15,1 17:47:36 03/08/20
0,45.4,32.6,2.91,2.92,0.24,0.2,0 17:53:07 03/08/20
0,44.6,33.0,2.91,2.92,0.18,0.16,1 17:58:39 03/08/20
0,43.5,33.0,2.91,2.92,0.24,0.2,0 18:04:09 03/08/20
0,42.9,32.3,2.91,2.93,0.17,0.15,1 18:09:39 03/08/20
0,43.1,31.0,2.91,2.92,0.23,0.2,0 18:15:09 03/08/20
0,43.5,29.6,2.91,2.93,0.17,0.15,1 18:20:40 03/08/20
0,44.4,28.4,2.91,2.92,0.24,0.2,0 18:26:10 03/08/20
0,45.5,27.5,2.92,2.93,0.18,0.16,0 18:31:43 03/08/20
0,46.5,26.6,2.92,2.93,0.17,0.15,1 18:37:18 03/08/20
0,47.1,25.9,2.92,2.93,0.23,0.2,0 18:42:49 03/08/20
0,47.9,25.4,2.92,2.93,0.17,0.15,1 18:48:18 03/08/20
0,48.5,25.0,2.92,2.93,0.23,0.2,0 18:53:47 03/08/20
0,49.3,24.6,2.92,2.93,0.17,0.15,1 18:59:17 03/08/20
0,50.0,24.3,2.92,2.93,0.23,0.2,0 19:04:47 03/08/20
0,50.4,24.1,2.92,2.93,0.17,0.15,1 19:10:16 03/08/20
0,50.6,23.8,2.92,2.93,0.23,0.2,0 19:15:45 03/08/20
0,51.1,23.6,2.92,2.93,0.17,0.15,1 19:21:16 03/08/20
0,51.8,23.3,2.92,2.93,0.23,0.2,0 19:26:51 03/08/20
0,52.1,23.0,2.92,2.93,0.14,0.13,1 19:32:20 03/08/20
0,52.6,22.7,2.92,2.93,0.23,0.2,0 19:37:51 03/08/20
0,52.9,22.5,2.91,2.93,0.17,0.15,1 19:43:21 03/08/20
0,52.9,22.2,2.92,2.93,0.23,0.2,0 19:48:50 03/08/20
0,53.2,22.0,2.92,2.93,0.17,0.15,1 19:54:19 03/08/20
0,53.2,21.8,2.92,2.93,0.23,0.2,0 19:59:48 03/08/20
0,53.0,21.6,2.92,2.93,0.17,0.15,1 20:05:17 03/08/20
0,53.9,21.3,2.92,2.93,0.24,0.21,0 20:10:48 03/08/20
0,53.7,21.1,2.92,2.93,0.17,0.15,1 20:16:16 03/08/20
0,53.6,20.9,2.92,2.93,0.23,0.2,0 20:21:45 03/08/20
0,53.1,20.7,2.92,2.93,0.17,0.15,1 20:27:14 03/08/20
0,54.5,20.6,2.92,2.93,0.23,0.2,0 20:32:43 03/08/20
0,54.2,20.4,2.92,2.93,0.17,0.15,1 20:38:12 03/08/20
0,54.4,20.2,2.92,2.93,0.23,0.2,0 20:43:41 03/08/20
0,57.6,20.0,2.92,2.93,0.17,0.15,1 20:49:10 03/08/20
0,58.5,20.0,2.92,2.93,0.23,0.2,0 20:54:39 03/08/20
0,58.5,19.9,2.92,2.93,0.17,0.15,1 21:00:08 03/08/20
0,59.4,19.7,2.92,2.93,0.21,0.18,0 21:05:36 03/08/20
0,59.9,19.5,2.92,2.93,0.17,0.15,1 21:11:07 03/08/20
0,59.2,19.3,2.92,2.93,0.23,0.19,0 21:16:34 03/08/20
0,58.6,19.0,2.92,2.93,0.17,0.15,1 21:22:03 03/08/20
0,58.1,18.8,2.92,2.92,0.23,0.2,0 21:27:32 03/08/20
0,58.6,18.6,2.93,2.92,0.17,0.15,1 21:33:11 03/08/20
0,58.4,18.4,2.92,2.92,0.23,0.2,0 21:38:39 03/08/20
0,59.3,18.2,2.92,2.93,0.17,0.14,1 21:44:08 03/08/20
0,58.5,18.0,2.92,2.92,0.22,0.19,0 21:49:36 03/08/20
0,58.8,17.8,2.92,2.93,0.17,0.15,1 21:55:05 03/08/20
0,60.3,17.7,2.92,2.92,0.23,0.2,0 22:00:34 03/08/20
0,58.9,17.5,2.92,2.92,0.16,0.15,1 22:06:02 03/08/20
0,58.8,17.4,2.92,2.92,0.23,0.2,0 22:11:32 03/08/20
0,58.7,17.3,2.92,2.93,0.17,0.15,1 22:17:00 03/08/20
0,59.3,17.2,2.92,2.92,0.23,0.19,0 22:22:28 03/08/20
0,60.2,17.0,2.92,2.93,0.17,0.15,1 22:27:57 03/08/20
0,60.7,17.0,2.92,2.92,0.21,0.18,0 22:33:25 03/08/20
0,59.2,16.9,2.92,2.92,0.17,0.15,1 22:38:54 03/08/20
0,59.4,16.7,2.92,2.92,0.23,0.2,0 22:44:23 03/08/20
0,59.7,16.6,2.92,2.92,0.17,0.15,1 22:49:51 03/08/20
0,61.6,16.5,2.92,2.92,0.23,0.2,0 22:55:20 03/08/20
0,61.5,16.4,2.92,2.92,0.17,0.15,1 23:00:49 03/08/20
0,59.8,16.3,2.92,2.92,0.23,0.2,0 23:06:18 03/08/20
0,60.1,16.1,2.92,2.92,0.17,0.15,1 23:11:46 03/08/20
0,63.1,16.1,2.92,2.92,0.23,0.19,0 23:17:14 03/08/20
0,65.3,15.9,2.92,2.92,0.17,0.15,1 23:22:43 03/08/20
0,66.3,15.8,2.92,2.92,0.14,0.12,1 23:28:15 03/08/20
0,70.7,15.8,2.92,2.92,0.23,0.2,0 23:33:49 03/08/20
0,71.6,15.7,2.92,2.92,0.17,0.15,1 23:39:17 03/08/20
0,75.6,15.7,2.92,2.92,0.24,0.2,0 23:44:54 03/08/20
0,73.8,15.6,2.92,2.92,0.17,0.15,1 23:50:24 03/08/20
0,68.4,15.5,2.92,2.92,0.22,0.19,0 23:55:51 03/08/20
