0,59.1,16.8,2.92,2.92,0.17,0.14,1 00:00:25 05/08/20
0,63.6,16.7,2.92,2.92,0.23,0.19,0 00:05:53 05/08/20
0,64.1,16.7,2.92,2.92,0.17,0.15,0 00:11:26 05/08/20
0,62.2,16.7,2.92,2.92,0.17,0.14,1 00:16:59 05/08/20
0,60.6,16.7,2.92,2.92,0.23,0.2,0 00:22:28 05/08/20
0,56.9,16.6,2.92,2.92,0.17,0.15,1 00:27:57 05/08/20
0,56.1,16.5,2.92,2.92,0.24,0.2,0 00:33:26 05/08/20
0,56.3,16.4,2.92,2.92,0.17,0.15,1 00:38:54 05/08/20
0,58.2,16.3,2.92,2.92,0.23,0.19,0 00:44:22 05/08/20
0,57.4,16.1,2.92,2.92,0.17,0.15,1 00:49:51 05/08/20
0,58.5,16.0,2.92,2.92,0.23,0.19,0 00:55:19 05/08/20
0,57.9,15.9,2.92,2.92,0.17,0.15,1 01:00:48 05/08/20
0,58.6,15.7,2.92,2.92,0.23,0.19,0 01:06:16 05/08/20
0,58.6,15.6,2.92,2.92,0.17,0.15,1 01:11:45 05/08/20
0,59.2,15.5,2.92,2.92,0.23,0.19,0 01:17:13 05/08/20
0,58.2,15.3,2.92,2.92,0.17,0.15,1 01:22:42 05/08/20
0,58.9,15.2,2.92,2.92,0.23,0.19,0 01:28:10 05/08/20
0,58.5,15.0,2.92,2.92,0.15,0.13,1 01:33:37 05/08/20
0,57.5,14.9,2.92,2.92,0.23,0.19,0 01:39:07 05/08/20
0,57.6,14.8,2.92,2.92,0.17,0.15,1 01:44:36 05/08/20
0,58.7,14.7,2.92,2.92,0.23,0.2,0 01:50:04 05/08/20
0,58.0,14.6,2.91,2.92,0.17,0.15,1 01:55:33 05/08/20
0,58.8,14.5,2.92,2.92,0.24,0.2,0 02:01:01 05/08/20
0,58.1,14.3,2.92,2.92,0.17,0.14,1 02:06:29 05/08/20
0,57.8,14.3,2.92,2.92,0.24,0.2,0 02:11:58 05/08/20
0,58.1,14.2,2.91,2.92,0.17,0.15,1 02:17:27 05/08/20
0,58.5,14.1,2.91,2.92,0.23,0.2,0 02:22:54 05/08/20
0,58.4,13.9,2.91,2.92,0.17,0.15,1 02:28:23 05/08/20
0,58.3,13.9,2.91,2.92,0.24,0.2,0 02:33:52 05/08/20
0,58.3,13.8,2.91,2.92,0.17,0.15,1 02:39:19 05/08/20
0,58.3,13.7,2.91,2.92,0.24,0.2,0 02:44:48 05/08/20
0,58.3,13.6,2.91,2.92,0.17,0.15,1 02:50:17 05/08/20
0,58.1,13.5,2.91,2.92,0.23,0.2,0 02:55:44 05/08/20
0,59.0,13.4,2.91,2.92,0.17,0.15,1 03:01:14 05/08/20
0,58.9,13.3,2.91,2.91,0.24,0.2,0 03:06:41 05/08/20
0,58.9,13.2,2.91,2.92,0.17,0.15,1 03:12:09 05/08/20
0,59.0,13.1,2.91,2.91,0.23,0.2,0 03:17:37 05/08/20
0,59.3,13.1,2.91,2.92,0.15,0.13,1 03:23:04 05/08/20
0,59.4,12.9,2.91,2.91,0.24,0.2,0 03:28:34 05/08/20
0,59.2,12.9,2.91,2.92,0.17,0.15,1 03:34:03 05/08/20
0,59.4,12.8,2.91,2.91,0.23,0.2,0 03:39:30 05/08/20
0,59.3,12.8,2.91,2.92,0.17,0.15,1 03:44:59 05/08/20
0,59.1,12.7,2.91,2.91,0.24,0.2,0 03:50:27 05/08/20
0,59.7,12.6,2.91,2.92,0.17,0.15,1 03:55:55 05/08/20
0,59.7,12.6,2.91,2.91,0.24,0.21,0 04:01:24 05/08/20
0,63.6,12.5,2.91,2.91,0.17,0.15,1 04:06:51 05/08/20
0,59.5,12.5,2.91,2.91,0.23,0.2,0 04:12:19 05/08/20
0,60.1,12.4,2.91,2.91,0.16,0.14,1 04:17:47 05/08/20
0,60.7,12.4,2.91,2.91,0.24,0.21,0 04:23:16 05/08/20
0,59.5,12.3,2.91,2.91,0.17,0.15,1 04:28:44 05/08/20
0,60.7,12.3,2.91,2.91,0.24,0.21,0 04:34:13 05/08/20
0,61.2,12.2,2.91,2.91,0.17,0.15,1 04:39:40 05/08/20
0,61.7,12.2,2.91,2.91,0.23,0.2,0 04:45:08 05/08/20
0,62.0,12.2,2.91,2.91,0.17,0.15,1 04:50:37 05/08/20
0,59.8,12.1,2.91,2.91,0.24,0.2,0 04:56:05 05/08/20
0,67.3,12.1,2.91,2.91,0.17,0.15,1 05:01:33 05/08/20
0,66.1,12.1,2.91,2.91,0.24,0.2,0 05:07:02 05/08/20
0,66.9,12.1,2.91,2.91,0.17,0.15,1 05:12:29 05/08/20
0,66.9,12.1,2.91,2.91,0.24,0.2,0 05:17:57 05/08/20
0,64.4,12.1,2.91,2.91,0.17,0.15,1 05:23:25 05/08/20
0,66.6,12.1,2.91,2.91,0.25,0.21,0 05:28:55 05/08/20
0,68.8,12.1,2.91,2.91,0.15,0.14,1 05:34:20 05/08/20
0,70.5,12.1,2.91,2.91,0.24,0.21,0 05:39:50 05/08/20
0,65.8,12.1,2.91,2.91,0.17,0.15,1 05:45:19 05/08/20
0,70.3,12.1,2.91,2.91,0.24,0.2,0 05:50:46 05/08/20
0,69.2,12.1,2.91,2.91,0.17,0.15,1 05:56:14 05/08/20
0,73.2,12.1,2.91,2.91,0.14,0.13,1 06:01:46 05/08/20
0,75.0,12.2,2.91,2.91,0.25,0.21,0 06:07:21 05/08/20
0,75.7,12.2,2.91,2.91,0.17,0.15,1 06:12:48 05/08/20
0,77.3,12.3,2.91,2.91,0.24,0.2,0 06:18:16 05/08/20
0,74.9,12.3,2.91,2.91,0.17,0.15,1 06:23:45 05/08/20
0,72.6,12.3,2.91,2.91,0.24,0.2,0 06:29:12 05/08/20
0,74.0,12.3,2.91,2.91,0.17,0.15,1 06:34:40 05/08/20
0,74.0,12.4,2.91,2.9,0.24,0.2,0 06:40:09 05/08/20
0,74.7,12.4,2.91,2.91,0.18,0.15,1 06:45:37 05/08/20
0,76.7,12.4,2.91,2.9,0.25,0.21,0 06:51:05 05/08/20
0,77.0,12.5,2.91,2.91,0.18,0.15,1 06:56:34 05/08/20
0,80.3,12.6,2.91,2.9,0.24,0.2,0 07:02:01 05/08/20
0,78.4,12.7,2.9,2.91,0.17,0.15,1 07:07:29 05/08/20
0,78.6,12.7,2.91,2.9,0.25,0.21,0 07:12:59 05/08/20
0,78.0,12.8,2.91,2.91,0.18,0.15,1 07:18:26 05/08/20
0,80.1,12.9,2.9,2.9,0.25,0.21,0 07:23:55 05/08/20
0,78.9,13.1,2.9,2.9,0.17,0.15,1 07:29:22 05/08/20
0,78.3,13.2,2.9,2.9,0.24,0.21,0 07:34:51 05/08/20
0,78.0,13.3,2.9,2.9,0.18,0.16,1 07:40:19 05/08/20
0,78.7,13.5,2.9,2.9,0.25,0.21,0 07:45:48 05/08/20
0,79.5,13.7,2.9,2.9,0.17,0.15,1 07:51:15 05/08/20
0,81.4,13.9,2.9,2.9,0.14,0.13,1 07:56:47 05/08/20
0,82.1,14.2,2.9,2.9,0.25,0.21,0 08:02:21 05/08/20
0,78.1,14.5,2.9,2.9,0.17,0.15,1 08:07:49 05/08/20
0,81.9,14.7,2.9,2.9,0.24,0.21,0 08:13:18 05/08/20
0,76.1,15.0,2.9,2.9,0.18,0.16,1 08:18:46 05/08/20
0,79.2,15.3,2.9,2.9,0.24,0.21,0 08:24:14 05/08/20
0,78.5,15.6,2.9,2.9,0.18,0.16,1 08:29:43 05/08/20
0,75.6,15.9,2.9,2.9,0.2,0.17,0 08:35:09 05/08/20
0,76.5,16.1,2.9,2.9,0.18,0.16,1 08:40:40 05/08/20
0,74.1,16.4,2.9,2.9,0.24,0.21,0 08:46:08 05/08/20
0,75.1,16.7,2.9,2.9,0.18,0.16,1 08:51:37 05/08/20
0,77.0,17.0,2.9,2.9,0.24,0.21,0 08:57:05 05/08/20
0,77.5,17.3,2.9,2.9,0.18,0.16,1 09:02:34 05/08/20
0,71.2,17.7,2.9,2.9,0.25,0.22,0 09:08:04 05/08/20
0,70.8,18.2,2.9,2.9,0.17,0.15,1 09:13:31 05/08/20
0,70.7,18.5,2.9,2.9,0.25,0.21,0 09:19:01 05/08/20
0,68.6,18.8,2.9,2.9,0.18,0.16,1 09:24:29 05/08/20
0,69.2,18.9,2.9,2.9,0.25,0.21,0 09:29:58 05/08/20
0,70.1,19.1,2.9,2.9,0.18,0.15,1 09:35:27 05/08/20
0,69.2,19.4,2.9,2.9,0.24,0.21,0 09:40:55 05/08/20
0,69.8,19.6,2.9,2.9,0.18,0.15,1 09:46:24 05/08/20
0,68.4,19.9,2.9,2.9,0.24,0.21,0 09:51:53 05/08/20
0,66.8,20.1,2.9,2.9,0.18,0.15,1 09:57:22 05/08/20
0,66.2,20.3,2.9,2.9,0.25,0.21,0 10:02:52 05/08/20
0,65.0,20.5,2.9,2.9,0.18,0.16,1 10:08:21 05/08/20
0,65.4,20.7,2.9,2.9,0.25,0.21,0 10:13:50 05/08/20
0,64.0,21.1,2.9,2.9,0.18,0.15,1 10:19:18 05/08/20
0,63.0,21.5,2.9,2.9,0.25,0.21,0 10:24:47 05/08/20
0,63.4,21.8,2.9,2.9,0.18,0.16,1 10:30:16 05/08/20
0,61.8,22.0,2.9,2.9,0.25,0.21,0 10:35:46 05/08/20
0,59.5,22.1,2.9,2.9,0.18,0.16,1 10:41:15 05/08/20
0,58.8,22.3,2.9,2.9,0.25,0.22,0 10:46:44 05/08/20
0,61.5,22.5,2.9,2.9,0.15,0.13,1 10:52:11 05/08/20
0,60.0,22.9,2.9,2.9,0.25,0.21,0 10:57:42 05/08/20
0,59.4,23.2,2.9,2.9,0.18,0.16,1 11:03:12 05/08/20
0,59.1,23.6,2.9,2.9,0.25,0.22,0 11:08:42 05/08/20
0,59.2,23.9,2.9,2.9,0.18,0.16,1 11:14:10 05/08/20
0,58.0,24.3,2.9,2.9,0.25,0.22,0 11:19:40 05/08/20
0,54.6,24.7,2.9,2.9,0.18,0.16,1 11:25:09 05/08/20
0,55.2,25.1,2.9,2.9,0.25,0.22,0 11:30:43 05/08/20
0,54.4,25.5,2.9,2.9,0.18,0.16,1 11:36:18 05/08/20
0,55.5,26.1,2.9,2.9,0.25,0.21,0 11:41:47 05/08/20
0,55.8,26.6,2.9,2.9,0.18,0.16,1 11:47:17 05/08/20
0,51.6,27.1,2.9,2.9,0.25,0.22,0 11:52:47 05/08/20
0,51.7,27.5,2.9,2.9,0.18,0.16,1 11:58:18 05/08/20
0,52.1,28.0,2.9,2.9,0.15,0.13,1 12:03:50 05/08/20
0,49.3,28.6,2.9,2.9,0.25,0.21,0 12:09:26 05/08/20
0,54.6,29.3,2.9,2.9,0.19,0.17,0 12:14:59 05/08/20
0,55.4,30.3,2.9,2.9,0.18,0.16,1 12:20:35 05/08/20
0,52.4,31.2,2.9,2.9,0.25,0.22,0 12:26:06 05/08/20
0,53.7,32.9,2.9,2.9,0.2,0.17,0 12:31:39 05/08/20
0,49.2,34.2,2.9,2.9,0.18,0.16,1 12:37:15 05/08/20
0,43.9,35.3,2.9,2.9,0.25,0.21,0 12:42:46 05/08/20
0,47.2,35.9,2.9,2.9,0.18,0.16,1 12:48:17 05/08/20
0,46.1,36.5,2.9,2.9,0.25,0.22,0 12:53:48 05/08/20
0,43.5,37.0,2.9,2.9,0.18,0.16,1 12:59:20 05/08/20
0,42.2,37.4,2.9,2.9,0.26,0.22,0 13:04:51 05/08/20
0,39.6,37.8,2.9,2.9,0.18,0.16,1 13:10:22 05/08/20
0,43.0,38.3,2.9,2.9,0.26,0.23,0 13:15:55 05/08/20
0,42.7,38.8,2.9,2.91,0.18,0.16,1 13:21:27 05/08/20
0,41.0,39.0,2.9,2.9,0.25,0.22,0 13:26:57 05/08/20
0,37.4,39.4,2.9,2.91,0.18,0.16,1 13:32:28 05/08/20
0,37.7,39.3,2.9,2.91,0.25,0.22,0 13:38:01 05/08/20
0,37.3,39.5,2.9,2.91,0.18,0.16,1 13:43:32 05/08/20
0,36.9,39.8,2.9,2.91,0.25,0.22,0 13:49:04 05/08/20
0,36.4,40.2,2.9,2.91,0.18,0.16,1 13:54:35 05/08/20
0,34.2,40.3,2.9,2.91,0.25,0.21,0 14:00:07 05/08/20
0,38.3,40.5,2.9,2.91,0.18,0.16,1 14:05:40 05/08/20
0,33.7,40.6,2.9,2.91,0.25,0.22,0 14:11:11 05/08/20
0,34.0,41.0,2.9,2.91,0.18,0.16,1 14:16:43 05/08/20
0,33.9,41.3,2.9,2.91,0.26,0.22,0 14:22:15 05/08/20
0,34.9,41.7,2.9,2.91,0.18,0.16,1 14:27:47 05/08/20
0,33.2,42.1,2.9,2.91,0.25,0.22,0 14:33:20 05/08/20
0,33.5,42.4,2.9,2.92,0.18,0.16,1 14:38:51 05/08/20
0,34.7,42.7,2.9,2.91,0.25,0.21,0 14:44:24 05/08/20
0,33.2,42.9,2.9,2.92,0.18,0.16,1 14:49:56 05/08/20
0,32.2,43.3,2.91,2.92,0.25,0.21,0 14:55:28 05/08/20
0,33.8,43.4,2.91,2.92,0.18,0.16,1 15:01:02 05/08/20
0,32.5,43.9,2.91,2.92,0.25,0.22,0 15:06:34 05/08/20
0,30.8,44.4,2.91,2.92,0.18,0.16,1 15:12:06 05/08/20
0,30.7,44.6,2.91,2.92,0.25,0.21,0 15:17:38 05/08/20
0,30.3,45.0,2.91,2.92,0.18,0.16,1 15:23:11 05/08/20
0,25.9,44.1,2.91,2.92,0.25,0.21,0 15:28:44 05/08/20
0,30.0,44.1,2.91,2.92,0.18,0.16,1 15:34:17 05/08/20
0,26.2,44.1,2.91,2.92,0.25,0.22,0 15:39:49 05/08/20
0,28.5,44.3,2.91,2.92,0.18,0.15,1 15:45:21 05/08/20
0,28.2,44.5,2.91,2.92,0.25,0.22,0 15:50:55 05/08/20
0,29.5,45.2,2.91,2.92,0.18,0.16,0 15:56:31 05/08/20
0,27.5,45.7,2.91,2.93,0.18,0.16,1 16:02:09 05/08/20
0,27.2,45.9,2.91,2.93,0.25,0.22,0 16:07:43 05/08/20
0,25.1,46.1,2.91,2.93,0.18,0.15,1 16:13:15 05/08/20
0,26.9,45.9,2.91,2.93,0.25,0.21,0 16:18:48 05/08/20
0,26.7,45.8,2.91,2.93,0.18,0.16,1 16:24:22 05/08/20
0,25.3,45.9,2.91,2.93,0.24,0.21,0 16:29:53 05/08/20
0,26.0,45.8,2.91,2.93,0.18,0.15,1 16:35:26 05/08/20
0,26.2,45.7,2.91,2.93,0.24,0.21,0 16:40:59 05/08/20
0,25.5,45.8,2.91,2.93,0.18,0.15,1 16:46:32 05/08/20
0,26.0,45.7,2.91,2.93,0.24,0.21,0 16:52:05 05/08/20
0,26.5,45.8,2.91,2.93,0.18,0.16,1 16:57:39 05/08/20
0,25.6,45.7,2.91,2.93,0.25,0.21,0 17:03:12 05/08/20
0,26.2,45.7,2.91,2.93,0.18,0.16,1 17:08:45 05/08/20
0,26.1,45.8,2.91,2.93,0.25,0.21,0 17:14:17 05/08/20
0,24.4,45.5,2.91,2.93,0.18,0.16,1 17:19:50 05/08/20
0,24.1,44.6,2.91,2.93,0.25,0.21,0 17:25:23 05/08/20
0,24.9,43.9,2.92,2.93,0.19,0.17,0 17:30:59 05/08/20
0,25.9,43.9,2.92,2.94,0.17,0.15,1 17:36:37 05/08/20
0,25.8,43.9,2.91,2.94,0.24,0.21,0 17:42:10 05/08/20
0,25.2,43.5,2.92,2.94,0.17,0.15,1 17:47:43 05/08/20
0,25.8,43.1,2.91,2.94,0.24,0.21,0 17:53:16 05/08/20
0,25.8,42.7,2.91,2.94,0.17,0.15,1 17:58:47 05/08/20
0,25.7,42.2,2.92,2.94,0.24,0.21,0 18:04:20 05/08/20
0,25.3,41.6,2.92,2.94,0.17,0.15,1 18:09:52 05/08/20
0,25.7,41.0,2.92,2.94,0.24,0.2,0 18:15:24 05/08/20
0,26.0,40.2,2.92,2.94,0.17,0.15,1 18:20:56 05/08/20
0,26.7,39.5,2.92,2.94,0.23,0.2,0 18:26:28 05/08/20
0,27.2,38.7,2.92,2.94,0.17,0.15,1 18:32:01 05/08/20
0,27.3,37.8,2.92,2.94,0.24,0.2,0 18:37:32 05/08/20
0,26.9,36.7,2.92,2.94,0.17,0.15,1 18:43:03 05/08/20
0,27.4,35.6,2.92,2.94,0.23,0.19,0 18:48:34 05/08/20
0,28.4,34.7,2.92,2.94,0.18,0.15,0 18:54:09 05/08/20
0,28.7,34.0,2.92,2.94,0.18,0.16,0 18:59:49 05/08/20
0,28.6,33.4,2.92,2.94,0.17,0.15,1 19:05:25 05/08/20
0,29.9,32.9,2.92,2.94,0.23,0.19,0 19:10:56 05/08/20
0,29.1,32.4,2.92,2.94,0.17,0.15,1 19:16:28 05/08/20
0,29.3,31.9,2.92,2.94,0.24,0.19,0 19:21:58 05/08/20
0,29.4,31.5,2.92,2.94,0.17,0.15,1 19:27:28 05/08/20
0,29.6,31.1,2.92,2.94,0.23,0.19,0 19:32:59 05/08/20
0,29.5,30.9,2.92,2.94,0.17,0.14,1 19:38:29 05/08/20
0,29.9,30.7,2.92,2.94,0.23,0.19,0 19:44:00 05/08/20
0,30.3,30.5,2.92,2.94,0.17,0.14,1 19:49:30 05/08/20
0,31.4,30.4,2.92,2.94,0.23,0.19,0 19:55:01 05/08/20
0,30.1,30.4,2.92,2.94,0.17,0.15,1 20:00:32 05/08/20
0,30.1,30.3,2.92,2.94,0.23,0.18,0 20:06:01 05/08/20
0,31.4,30.2,2.92,2.94,0.17,0.15,1 20:11:32 05/08/20
0,31.4,30.0,2.92,2.94,0.23,0.18,0 20:17:02 05/08/20
0,31.5,29.9,2.92,2.94,0.18,0.15,0 20:22:36 05/08/20
0,32.4,29.7,2.92,2.94,0.17,0.15,1 20:28:12 05/08/20
0,33.4,29.5,2.92,2.95,0.13,0.12,1 20:33:47 05/08/20
0,33.8,29.2,2.92,2.94,0.23,0.18,0 20:39:21 05/08/20
0,35.4,29.0,2.92,2.95,0.16,0.14,1 20:44:52 05/08/20
0,36.5,28.7,2.92,2.94,0.23,0.18,0 20:50:22 05/08/20
0,37.5,28.4,2.92,2.94,0.17,0.15,1 20:55:52 05/08/20
0,45.5,28.0,2.92,2.94,0.23,0.18,0 21:01:22 05/08/20
0,48.4,27.7,2.92,2.94,0.17,0.15,1 21:06:52 05/08/20
0,49.0,27.4,2.92,2.94,0.23,0.18,0 21:12:22 05/08/20
0,51.4,27.0,2.92,2.94,0.17,0.15,1 21:17:52 05/08/20
0,52.2,26.7,2.92,2.94,0.23,0.18,0 21:23:22 05/08/20
0,50.4,26.3,2.93,2.94,0.16,0.14,1 21:28:51 05/08/20
0,52.8,25.8,3.06,2.91,0.23,0.18,0 21:34:21 05/08/20
0,52.8,25.4,2.92,2.94,0.16,0.14,1 21:39:51 05/08/20
0,52.2,25.0,2.92,2.94,0.22,0.18,0 21:45:21 05/08/20
0,51.6,24.7,2.92,2.94,0.14,0.12,1 21:50:48 05/08/20
0,52.4,24.3,2.93,2.94,0.13,0.12,1 21:56:24 05/08/20
0,53.6,24.0,2.92,2.94,0.23,0.18,0 22:01:58 05/08/20
0,54.1,23.7,2.93,2.94,0.18,0.14,0 22:07:31 05/08/20
0,52.8,23.4,2.92,2.94,0.17,0.15,1 22:13:06 05/08/20
0,54.0,23.1,2.92,2.94,0.22,0.18,0 22:18:35 05/08/20
0,54.2,22.8,2.92,2.94,0.16,0.14,1 22:24:05 05/08/20
0,54.2,22.5,2.92,2.94,0.23,0.18,0 22:29:34 05/08/20
0,52.2,22.3,2.92,2.94,0.16,0.14,1 22:35:03 05/08/20
0,52.5,22.0,2.92,2.94,0.23,0.18,0 22:40:32 05/08/20
0,51.8,21.8,2.92,2.94,0.16,0.14,1 22:46:02 05/08/20
0,52.0,21.5,2.92,2.94,0.23,0.18,0 22:51:31 05/08/20
0,53.6,21.3,2.92,2.94,0.16,0.14,1 22:57:00 05/08/20
0,51.6,21.1,2.92,2.94,0.23,0.18,0 23:02:30 05/08/20
0,50.5,20.9,2.92,2.94,0.16,0.14,1 23:07:58 05/08/20
0,52.2,20.7,2.92,2.94,0.23,0.18,0 23:13:27 05/08/20
0,51.5,20.5,2.92,2.94,0.16,0.14,1 23:18:56 05/08/20
0,51.6,20.3,2.92,2.94,0.22,0.18,0 23:24:25 05/08/20
0,51.7,20.1,2.92,2.94,0.16,0.14,1 23:29:54 05/08/20
0,51.5,19.9,2.92,2.94,0.22,0.18,0 23:35:23 05/08/20
0,51.8,19.7,2.92,2.94,0.16,0.14,1 23:40:52 05/08/20
0,50.8,19.6,2.92,2.93,0.22,0.18,0 23:46:21 05/08/20
0,51.2,19.4,2.92,2.94,0.16,0.14,1 23:51:50 05/08/20
0,50.7,19.3,2.92,2.93,0.23,0.18,0 23:57:20 05/08/20
