0,60.3,23.8,2.96,2.96,0.23,0.2,0 00:04:49 10/08/20
0,58.9,23.7,2.96,2.96,0.17,0.15,1 00:10:19 10/08/20
0,60.0,23.6,2.95,2.96,0.23,0.2,0 00:15:48 10/08/20
0,58.7,23.5,2.95,2.96,0.16,0.14,1 00:21:16 10/08/20
0,57.2,23.3,2.95,2.95,0.23,0.2,0 00:26:46 10/08/20
0,57.3,23.2,2.95,2.96,0.17,0.15,1 00:32:16 10/08/20
0,58.6,23.1,2.95,2.95,0.22,0.19,0 00:37:45 10/08/20
0,59.4,23.0,2.95,2.96,0.17,0.15,1 00:43:14 10/08/20
0,57.4,22.9,2.95,2.95,0.22,0.19,0 00:48:43 10/08/20
0,57.0,22.8,2.95,2.96,0.16,0.14,1 00:54:13 10/08/20
0,57.4,22.6,2.95,2.95,0.23,0.2,0 00:59:42 10/08/20
0,59.9,22.6,2.95,2.96,0.17,0.15,1 01:05:12 10/08/20
0,60.2,22.5,2.95,2.95,0.22,0.2,0 01:10:40 10/08/20
0,57.8,22.4,2.95,2.95,0.17,0.15,1 01:16:11 10/08/20
0,57.8,22.2,2.95,2.95,0.23,0.2,0 01:21:39 10/08/20
0,57.9,22.1,2.95,2.96,0.17,0.15,1 01:27:09 10/08/20
0,61.2,22.0,2.95,2.95,0.23,0.2,0 01:32:38 10/08/20
0,60.4,21.9,2.95,2.95,0.16,0.14,1 01:38:07 10/08/20
0,57.8,21.8,2.95,2.95,0.23,0.2,0 01:43:36 10/08/20
0,57.7,21.7,2.95,2.95,0.17,0.15,1 01:49:05 10/08/20
0,61.6,21.6,2.95,2.95,0.23,0.2,0 01:54:35 10/08/20
0,59.2,21.6,2.95,2.95,0.16,0.14,1 02:00:03 10/08/20
0,58.5,21.4,2.95,2.95,0.22,0.2,0 02:05:32 10/08/20
0,59.2,21.3,2.95,2.95,0.16,0.14,1 02:11:01 10/08/20
0,58.6,21.2,2.95,2.95,0.14,0.12,1 02:16:34 10/08/20
0,60.7,21.1,2.95,2.95,0.23,0.21,0 02:22:10 10/08/20
0,58.9,21.0,2.95,2.95,0.17,0.15,1 02:27:38 10/08/20
0,59.3,20.9,2.95,2.95,0.23,0.2,0 02:33:07 10/08/20
0,58.7,20.8,2.95,2.95,0.17,0.15,1 02:38:36 10/08/20
0,59.1,20.7,2.95,2.95,0.23,0.2,0 02:44:05 10/08/20
0,58.8,20.6,2.95,2.95,0.17,0.15,1 02:49:34 10/08/20
0,59.9,20.5,2.95,2.95,0.23,0.2,0 02:55:04 10/08/20
0,59.5,20.5,2.95,2.95,0.17,0.15,1 03:00:33 10/08/20
0,59.3,20.4,2.95,2.95,0.23,0.2,0 03:06:02 10/08/20
0,59.8,20.4,2.95,2.95,0.17,0.15,1 03:11:31 10/08/20
0,72.0,20.3,2.95,2.95,0.23,0.2,0 03:16:59 10/08/20
0,62.6,20.3,2.95,2.95,0.17,0.15,1 03:22:28 10/08/20
0,61.8,20.2,2.95,2.95,0.23,0.2,0 03:27:57 10/08/20
0,61.7,20.2,2.95,2.95,0.17,0.15,1 03:33:26 10/08/20
0,67.1,20.1,2.95,2.95,0.23,0.2,0 03:38:55 10/08/20
0,63.0,20.1,2.95,2.95,0.17,0.15,1 03:44:24 10/08/20
0,67.9,20.1,2.95,2.95,0.23,0.2,0 03:49:53 10/08/20
0,75.4,20.1,2.95,2.95,0.17,0.15,1 03:55:22 10/08/20
0,75.1,20.2,2.95,2.95,0.23,0.2,0 04:00:51 10/08/20
0,71.1,20.2,2.95,2.95,0.17,0.15,1 04:06:20 10/08/20
0,68.6,20.1,2.95,2.95,0.23,0.2,0 04:11:49 10/08/20
0,74.2,20.1,2.95,2.95,0.17,0.15,1 04:17:18 10/08/20
0,71.5,20.1,2.95,2.95,0.14,0.12,1 04:22:50 10/08/20
0,65.8,20.0,2.95,2.94,0.23,0.2,0 04:28:25 10/08/20
0,64.2,20.0,2.95,2.95,0.17,0.15,1 04:33:53 10/08/20
0,69.1,19.9,2.95,2.94,0.23,0.2,0 04:39:22 10/08/20
0,65.7,19.9,2.95,2.95,0.17,0.15,1 04:44:51 10/08/20
0,66.6,19.8,2.95,2.94,0.23,0.2,0 04:50:20 10/08/20
0,69.8,19.8,2.95,2.95,0.17,0.15,1 04:55:49 10/08/20
0,71.8,19.8,2.95,2.94,0.23,0.2,0 05:01:19 10/08/20
0,70.4,19.8,2.95,2.95,0.17,0.15,1 05:06:48 10/08/20
0,77.5,19.8,2.95,2.94,0.23,0.2,0 05:12:16 10/08/20
0,76.0,19.8,2.94,2.94,0.17,0.15,1 05:17:45 10/08/20
0,69.1,19.8,2.94,2.94,0.23,0.2,0 05:23:14 10/08/20
0,66.1,19.7,2.95,2.94,0.17,0.15,1 05:28:46 10/08/20
0,66.0,19.7,2.94,2.94,0.22,0.2,0 05:34:20 10/08/20
0,65.0,19.6,2.94,2.94,0.17,0.15,1 05:39:49 10/08/20
0,64.7,19.5,2.94,2.94,0.23,0.2,0 05:45:18 10/08/20
0,65.3,19.5,2.94,2.94,0.17,0.15,1 05:50:47 10/08/20
0,64.8,19.4,2.95,2.94,0.23,0.2,0 05:56:17 10/08/20
0,74.9,19.4,2.94,2.94,0.17,0.15,1 06:01:45 10/08/20
0,68.7,19.3,2.94,2.94,0.23,0.2,0 06:07:14 10/08/20
0,66.3,19.2,2.94,2.94,0.17,0.15,1 06:12:43 10/08/20
0,66.0,19.2,2.94,2.94,0.23,0.2,0 06:18:12 10/08/20
0,66.8,19.1,2.94,2.94,0.17,0.15,1 06:23:40 10/08/20
0,67.1,19.1,2.94,2.94,0.23,0.2,0 06:29:09 10/08/20
0,65.6,19.0,2.94,2.94,0.17,0.15,1 06:34:39 10/08/20
0,65.8,18.9,2.94,2.94,0.23,0.2,0 06:40:07 10/08/20
0,67.9,18.9,2.94,2.94,0.17,0.15,1 06:45:36 10/08/20
0,71.6,18.9,2.94,2.94,0.23,0.2,0 06:51:05 10/08/20
0,68.0,18.9,2.94,2.94,0.17,0.15,1 06:56:33 10/08/20
0,73.3,18.9,2.94,2.94,0.24,0.21,0 07:02:03 10/08/20
0,73.1,18.9,2.94,2.94,0.17,0.15,1 07:07:31 10/08/20
0,79.3,19.0,2.94,2.94,0.24,0.21,0 07:13:00 10/08/20
0,73.7,19.0,2.94,2.94,0.17,0.15,1 07:18:29 10/08/20
0,82.4,19.1,2.94,2.94,0.23,0.2,0 07:23:57 10/08/20
0,83.4,19.2,2.94,2.94,0.17,0.15,1 07:29:26 10/08/20
0,82.2,19.3,2.94,2.94,0.24,0.21,0 07:34:56 10/08/20
0,82.5,19.4,2.94,2.94,0.17,0.15,1 07:40:24 10/08/20
0,84.9,19.5,2.94,2.94,0.24,0.21,0 07:45:53 10/08/20
0,84.8,19.7,2.94,2.94,0.17,0.15,1 07:51:22 10/08/20
0,84.6,19.8,2.94,2.94,0.23,0.2,0 07:56:51 10/08/20
0,87.2,20.0,2.94,2.94,0.17,0.15,1 08:02:19 10/08/20
0,87.3,20.2,2.94,2.94,0.23,0.2,0 08:07:48 10/08/20
0,84.6,20.4,2.94,2.94,0.17,0.15,1 08:13:17 10/08/20
0,85.0,20.7,2.94,2.93,0.23,0.2,0 08:18:46 10/08/20
0,86.7,20.9,2.94,2.94,0.17,0.15,1 08:24:15 10/08/20
0,85.8,21.1,2.94,2.93,0.23,0.2,0 08:29:44 10/08/20
0,84.5,21.4,2.94,2.93,0.18,0.16,1 08:35:15 10/08/20
0,84.0,21.7,2.94,2.93,0.24,0.21,0 08:40:43 10/08/20
0,85.6,22.0,2.94,2.94,0.17,0.15,1 08:46:12 10/08/20
0,84.7,22.3,2.94,2.93,0.24,0.21,0 08:51:42 10/08/20
0,83.2,22.6,2.94,2.93,0.17,0.15,1 08:57:10 10/08/20
0,83.2,23.0,2.94,2.93,0.24,0.21,0 09:02:41 10/08/20
0,85.0,23.4,2.94,2.94,0.17,0.15,1 09:08:09 10/08/20
0,81.6,23.7,2.94,2.93,0.23,0.2,0 09:13:38 10/08/20
0,78.8,23.9,2.94,2.94,0.17,0.15,1 09:19:08 10/08/20
0,76.5,24.1,2.94,2.93,0.24,0.21,0 09:24:38 10/08/20
0,78.3,24.3,2.94,2.93,0.18,0.16,1 09:30:08 10/08/20
0,78.1,24.6,2.94,2.93,0.24,0.21,0 09:35:37 10/08/20
0,77.7,24.8,2.94,2.93,0.18,0.16,1 09:41:07 10/08/20
0,78.8,25.1,2.94,2.93,0.24,0.21,0 09:46:36 10/08/20
0,78.1,25.4,2.94,2.94,0.17,0.15,1 09:52:05 10/08/20
0,77.7,25.8,2.94,2.93,0.23,0.2,0 09:57:34 10/08/20
0,75.8,26.2,2.94,2.94,0.18,0.15,1 10:03:05 10/08/20
0,75.7,26.5,2.94,2.93,0.24,0.21,0 10:08:34 10/08/20
0,75.3,26.8,2.94,2.93,0.17,0.15,1 10:14:04 10/08/20
0,75.5,27.1,2.94,2.93,0.24,0.21,0 10:19:33 10/08/20
0,74.5,27.4,2.94,2.93,0.17,0.15,1 10:25:03 10/08/20
0,73.9,27.7,2.94,2.93,0.24,0.21,0 10:30:33 10/08/20
0,73.5,28.1,2.94,2.94,0.18,0.15,1 10:36:04 10/08/20
0,70.1,28.3,2.94,2.93,0.24,0.21,0 10:41:33 10/08/20
0,71.9,28.5,2.93,2.93,0.17,0.15,1 10:47:03 10/08/20
0,71.7,28.8,2.94,2.93,0.24,0.21,0 10:52:33 10/08/20
0,70.0,29.0,2.94,2.94,0.17,0.15,1 10:58:03 10/08/20
0,71.0,29.4,2.94,2.93,0.24,0.21,0 11:03:33 10/08/20
0,69.0,29.8,2.94,2.93,0.18,0.16,1 11:09:05 10/08/20
0,62.4,30.2,2.94,2.93,0.24,0.21,0 11:14:34 10/08/20
0,67.0,30.5,2.93,2.93,0.17,0.15,1 11:20:04 10/08/20
0,66.2,31.0,2.94,2.93,0.25,0.22,0 11:25:36 10/08/20
0,65.1,31.6,2.94,2.94,0.18,0.16,1 11:31:06 10/08/20
0,62.3,32.1,2.94,2.93,0.24,0.21,0 11:36:36 10/08/20
0,63.3,32.6,2.94,2.93,0.17,0.15,1 11:42:06 10/08/20
0,60.1,33.1,2.94,2.93,0.24,0.21,0 11:47:37 10/08/20
0,63.0,33.6,2.94,2.93,0.19,0.17,0 11:53:11 10/08/20
0,59.7,34.3,2.94,2.94,0.17,0.15,1 11:58:47 10/08/20
0,61.4,35.0,2.93,2.93,0.24,0.21,0 12:04:18 10/08/20
0,60.7,35.6,2.94,2.94,0.17,0.15,1 12:09:49 10/08/20
0,63.5,36.2,2.94,2.94,0.14,0.13,1 12:15:24 10/08/20
0,64.2,36.8,2.94,2.93,0.25,0.21,0 12:21:01 10/08/20
0,63.7,37.2,2.94,2.94,0.17,0.15,1 12:26:32 10/08/20
0,63.1,37.8,2.94,2.94,0.25,0.22,0 12:32:05 10/08/20
0,60.5,38.3,2.94,2.94,0.18,0.16,1 12:37:36 10/08/20
0,60.0,38.7,2.94,2.94,0.24,0.21,0 12:43:07 10/08/20
0,58.3,38.7,2.94,2.94,0.17,0.15,1 12:48:38 10/08/20
0,57.9,38.7,2.94,2.94,0.24,0.22,0 12:54:10 10/08/20
0,57.4,38.8,2.94,2.94,0.17,0.15,1 12:59:42 10/08/20
0,57.9,39.1,2.94,2.94,0.24,0.21,0 13:05:13 10/08/20
0,57.5,39.5,2.94,2.94,0.18,0.16,1 13:10:45 10/08/20
0,58.3,40.1,2.94,2.94,0.24,0.21,0 13:16:17 10/08/20
0,57.6,40.9,2.94,2.94,0.18,0.16,1 13:21:50 10/08/20
0,55.5,41.6,2.94,2.94,0.25,0.21,0 13:27:21 10/08/20
0,54.9,42.2,2.94,2.94,0.19,0.17,0 13:32:57 10/08/20
0,50.5,42.1,2.94,2.94,0.18,0.16,1 13:38:35 10/08/20
0,51.0,41.8,2.94,2.94,0.24,0.21,0 13:44:06 10/08/20
0,51.7,41.6,2.94,2.94,0.17,0.15,1 13:49:38 10/08/20
0,50.3,41.5,2.94,2.94,0.24,0.21,0 13:55:11 10/08/20
0,49.0,41.6,2.94,2.95,0.18,0.16,1 14:00:44 10/08/20
0,49.2,42.0,2.94,2.94,0.24,0.21,0 14:06:15 10/08/20
0,50.8,42.4,2.94,2.95,0.18,0.16,1 14:11:48 10/08/20
0,50.2,42.8,2.94,2.95,0.24,0.21,0 14:17:19 10/08/20
0,47.2,43.6,2.94,2.95,0.18,0.16,1 14:22:52 10/08/20
0,45.5,44.1,2.94,2.95,0.24,0.21,0 14:28:24 10/08/20
0,43.3,44.2,2.94,2.95,0.18,0.16,1 14:33:57 10/08/20
0,41.2,43.2,2.94,2.95,0.24,0.21,0 14:39:29 10/08/20
0,42.3,41.9,2.94,2.95,0.18,0.16,1 14:45:02 10/08/20
0,43.8,41.0,2.94,2.95,0.24,0.21,0 14:50:34 10/08/20
0,45.9,40.3,2.94,2.95,0.18,0.15,1 14:56:06 10/08/20
0,47.8,40.2,2.94,2.95,0.24,0.21,0 15:01:38 10/08/20
0,47.4,40.8,2.94,2.95,0.18,0.15,1 15:07:10 10/08/20
0,47.1,41.7,2.94,2.95,0.24,0.21,0 15:12:42 10/08/20
0,43.8,42.1,2.94,2.96,0.18,0.15,1 15:18:15 10/08/20
0,43.0,41.8,2.94,2.95,0.23,0.21,0 15:23:46 10/08/20
0,43.6,41.3,2.94,2.96,0.17,0.15,1 15:29:18 10/08/20
0,45.2,40.9,2.94,2.95,0.23,0.21,0 15:34:50 10/08/20
0,47.1,41.3,2.95,2.96,0.17,0.15,1 15:40:23 10/08/20
0,48.1,42.4,2.94,2.96,0.24,0.21,0 15:45:55 10/08/20
0,47.0,44.0,2.95,2.96,0.17,0.15,1 15:51:28 10/08/20
0,45.5,45.5,2.95,2.96,0.24,0.21,0 15:57:00 10/08/20
0,45.1,46.5,2.95,2.96,0.17,0.15,1 16:02:33 10/08/20
0,41.6,47.4,2.95,2.96,0.24,0.21,0 16:08:06 10/08/20
0,37.4,47.6,2.95,2.96,0.17,0.15,1 16:13:39 10/08/20
0,38.1,48.0,2.95,2.96,0.23,0.21,0 16:19:12 10/08/20
0,35.2,47.9,2.95,2.96,0.17,0.15,1 16:24:46 10/08/20
0,35.3,47.3,2.95,2.96,0.24,0.21,0 16:30:20 10/08/20
0,34.2,46.2,2.95,2.96,0.17,0.15,1 16:35:52 10/08/20
0,35.6,45.4,2.95,2.96,0.23,0.2,0 16:41:25 10/08/20
0,37.4,45.2,2.95,2.96,0.17,0.15,1 16:46:59 10/08/20
0,37.6,45.6,2.95,2.96,0.24,0.21,0 16:52:31 10/08/20
0,38.7,46.1,2.95,2.96,0.17,0.15,1 16:58:04 10/08/20
0,37.7,46.8,2.95,2.96,0.24,0.21,0 17:03:38 10/08/20
0,35.0,47.2,2.95,2.97,0.17,0.15,1 17:09:11 10/08/20
0,34.0,47.2,2.95,2.96,0.23,0.2,0 17:14:43 10/08/20
0,33.4,47.2,2.95,2.97,0.17,0.15,1 17:20:17 10/08/20
0,33.5,47.2,2.95,2.96,0.24,0.2,0 17:25:50 10/08/20
0,33.7,47.1,2.95,2.97,0.17,0.15,1 17:31:23 10/08/20
0,33.5,47.0,2.95,2.96,0.23,0.2,0 17:36:57 10/08/20
0,33.0,46.8,2.95,2.97,0.17,0.15,1 17:42:30 10/08/20
0,34.3,46.8,2.95,2.96,0.23,0.2,0 17:48:03 10/08/20
0,33.7,46.6,2.95,2.97,0.17,0.15,1 17:53:37 10/08/20
0,33.7,46.4,2.95,2.97,0.23,0.2,0 17:59:09 10/08/20
0,32.8,46.0,2.95,2.97,0.17,0.15,1 18:04:42 10/08/20
0,32.5,45.5,2.94,2.96,0.23,0.19,0 18:10:15 10/08/20
0,32.6,44.9,2.95,2.97,0.17,0.15,1 18:15:48 10/08/20
0,33.4,44.0,2.95,2.97,0.23,0.2,0 18:21:21 10/08/20
0,33.8,43.0,2.95,2.97,0.17,0.15,1 18:26:54 10/08/20
0,34.7,42.2,2.96,2.97,0.23,0.2,0 18:32:26 10/08/20
0,35.3,41.5,2.95,2.97,0.17,0.15,1 18:37:59 10/08/20
0,35.5,40.7,2.96,2.97,0.23,0.19,0 18:43:30 10/08/20
0,35.7,40.1,2.96,2.97,0.16,0.14,1 18:49:02 10/08/20
0,36.2,39.5,2.96,2.97,0.23,0.18,0 18:54:34 10/08/20
0,36.8,39.0,2.96,2.97,0.17,0.15,1 19:00:07 10/08/20
0,37.4,38.6,2.96,2.97,0.23,0.19,0 19:05:38 10/08/20
0,37.2,38.2,2.96,2.97,0.16,0.14,1 19:11:09 10/08/20
0,37.6,37.9,2.96,2.97,0.23,0.19,0 19:16:42 10/08/20
0,37.4,37.7,2.96,2.97,0.17,0.15,1 19:22:13 10/08/20
0,37.1,37.4,2.96,2.97,0.22,0.18,0 19:27:44 10/08/20
7,37.8,37.1,2.96,2.97,0.17,0.15,1 19:33:16 10/08/20
0,37.7,36.9,2.96,2.97,0.23,0.19,0 19:38:48 10/08/20
0,38.9,36.6,2.96,2.97,0.16,0.14,1 19:44:18 10/08/20
0,39.4,36.3,2.96,2.97,0.23,0.19,0 19:49:50 10/08/20
0,40.0,35.9,2.96,2.97,0.17,0.15,1 19:55:22 10/08/20
0,40.7,35.6,2.96,2.97,0.22,0.18,0 20:00:52 10/08/20
0,40.4,35.2,2.96,2.97,0.16,0.14,1 20:06:23 10/08/20
0,40.7,34.8,2.96,2.97,0.23,0.19,0 20:11:56 10/08/20
0,41.0,34.4,2.96,2.97,0.17,0.15,1 20:17:27 10/08/20
0,41.3,34.1,2.96,2.96,0.24,0.18,0 20:22:58 10/08/20
0,41.9,33.8,2.96,2.97,0.16,0.14,1 20:28:28 10/08/20
0,42.5,33.5,2.96,2.97,0.22,0.18,0 20:33:58 10/08/20
0,43.1,33.1,2.96,2.97,0.17,0.15,1 20:39:30 10/08/20
0,43.9,32.8,2.96,2.97,0.23,0.18,0 20:45:00 10/08/20
0,44.3,32.5,2.96,2.97,0.17,0.14,1 20:50:31 10/08/20
0,44.6,32.1,2.96,2.97,0.22,0.18,0 20:56:01 10/08/20
0,44.9,31.8,2.96,2.97,0.17,0.14,1 21:01:32 10/08/20
0,45.8,31.5,2.96,2.97,0.22,0.18,0 21:07:03 10/08/20
0,46.3,31.2,2.96,2.97,0.17,0.14,1 21:12:34 10/08/20
0,49.2,30.9,2.96,2.97,0.22,0.18,0 21:18:03 10/08/20
0,52.4,30.5,2.96,2.97,0.16,0.15,1 21:23:34 10/08/20
0,55.2,30.3,2.96,2.97,0.22,0.18,0 21:29:04 10/08/20
0,57.4,30.2,2.96,2.97,0.17,0.15,1 21:34:36 10/08/20
0,58.6,30.0,2.96,2.97,0.23,0.18,0 21:40:05 10/08/20
0,59.4,29.8,2.96,2.97,0.16,0.14,1 21:45:35 10/08/20
0,60.1,29.5,2.96,2.97,0.22,0.18,0 21:51:06 10/08/20
0,60.9,29.2,2.96,2.97,0.17,0.14,1 21:56:36 10/08/20
0,61.2,28.9,2.96,2.97,0.22,0.18,0 22:02:06 10/08/20
0,60.9,28.6,2.96,2.97,0.16,0.14,1 22:07:36 10/08/20
0,61.5,28.3,2.96,2.97,0.23,0.18,0 22:13:07 10/08/20
0,61.1,28.0,2.96,2.97,0.17,0.14,1 22:18:37 10/08/20
0,56.7,27.8,2.96,2.97,0.22,0.18,0 22:24:07 10/08/20
0,57.1,27.5,2.96,2.97,0.16,0.14,1 22:29:37 10/08/20
0,57.3,27.2,2.96,2.97,0.22,0.18,0 22:35:06 10/08/20
0,54.8,27.0,2.96,2.97,0.16,0.14,1 22:40:36 10/08/20
0,55.6,26.7,2.96,2.97,0.22,0.18,0 22:46:06 10/08/20
0,54.3,26.5,2.96,2.97,0.16,0.14,1 22:51:36 10/08/20
0,54.3,26.4,2.96,2.97,0.22,0.18,0 22:57:05 10/08/20
0,52.8,26.1,2.96,2.97,0.16,0.14,1 23:02:36 10/08/20
0,51.4,26.0,2.96,2.96,0.22,0.18,0 23:08:05 10/08/20
0,50.6,25.8,2.96,2.97,0.17,0.14,0 23:13:38 10/08/20
0,49.7,25.7,2.96,2.97,0.16,0.14,1 23:19:13 10/08/20
0,49.6,25.6,2.96,2.96,0.22,0.18,0 23:24:43 10/08/20
0,49.4,25.5,2.96,2.97,0.17,0.15,1 23:30:14 10/08/20
0,49.0,25.4,2.96,2.96,0.22,0.18,0 23:35:42 10/08/20
0,49.0,25.3,2.96,2.97,0.17,0.14,1 23:41:12 10/08/20
0,48.8,25.2,2.96,2.96,0.23,0.19,0 23:46:43 10/08/20
0,49.4,25.1,2.96,2.97,0.16,0.14,1 23:52:11 10/08/20
0,50.9,25.0,2.96,2.96,0.22,0.18,0 23:57:41 10/08/20
