0,49.5,26.5,2.97,2.98,0.15,0.13,1 00:00:27 13/08/20
0,49.7,26.4,2.97,2.98,0.22,0.17,0 00:05:57 13/08/20
0,51.1,26.4,2.97,2.98,0.18,0.13,0 00:11:30 13/08/20
0,52.8,26.3,2.97,2.98,0.15,0.13,1 00:17:05 13/08/20
0,52.9,26.2,2.97,2.98,0.22,0.17,0 00:22:36 13/08/20
0,53.9,26.1,2.97,2.98,0.15,0.13,1 00:28:05 13/08/20
0,54.1,26.0,2.97,2.98,0.12,0.11,1 00:33:38 13/08/20
0,53.8,25.9,2.97,2.98,0.22,0.17,0 00:39:13 13/08/20
0,53.8,25.7,2.97,2.98,0.15,0.13,1 00:44:43 13/08/20
0,54.0,25.6,2.97,2.98,0.22,0.18,0 00:50:13 13/08/20
0,52.8,25.5,2.97,2.98,0.15,0.13,1 00:55:42 13/08/20
0,52.4,25.4,2.97,2.98,0.22,0.18,0 01:01:13 13/08/20
0,52.1,25.3,2.97,2.98,0.15,0.13,1 01:06:42 13/08/20
0,52.2,25.2,2.97,2.98,0.22,0.18,0 01:12:11 13/08/20
0,52.7,25.1,2.97,2.98,0.15,0.13,1 01:17:42 13/08/20
0,52.9,25.0,2.97,2.98,0.23,0.18,0 01:23:12 13/08/20
0,53.6,24.9,2.97,2.98,0.15,0.13,1 01:28:40 13/08/20
0,54.5,24.8,2.97,2.97,0.22,0.18,0 01:34:10 13/08/20
0,55.0,24.8,2.97,2.98,0.15,0.13,1 01:39:39 13/08/20
0,55.0,24.7,2.97,2.97,0.22,0.18,0 01:45:10 13/08/20
0,55.4,24.6,2.97,2.98,0.16,0.13,1 01:50:40 13/08/20
0,54.8,24.5,2.97,2.97,0.22,0.18,0 01:56:08 13/08/20
0,53.8,24.4,2.97,2.98,0.15,0.13,1 02:01:38 13/08/20
0,53.6,24.3,2.97,2.97,0.22,0.18,0 02:07:07 13/08/20
0,53.4,24.2,2.97,2.97,0.15,0.13,1 02:12:37 13/08/20
0,53.3,24.1,2.97,2.97,0.22,0.18,0 02:18:06 13/08/20
0,53.5,24.0,2.97,2.97,0.16,0.13,1 02:23:36 13/08/20
0,53.7,23.9,2.97,2.97,0.22,0.18,0 02:29:05 13/08/20
0,53.5,23.8,2.97,2.97,0.16,0.13,1 02:34:35 13/08/20
0,53.7,23.8,2.97,2.97,0.22,0.18,0 02:40:05 13/08/20
0,53.8,23.7,2.97,2.97,0.18,0.15,0 02:45:37 13/08/20
0,54.5,23.6,2.97,2.97,0.16,0.13,1 02:51:12 13/08/20
0,53.6,23.5,2.97,2.97,0.22,0.18,0 02:56:41 13/08/20
0,53.4,23.4,2.97,2.97,0.16,0.13,1 03:02:11 13/08/20
0,53.7,23.4,2.97,2.97,0.23,0.18,0 03:07:41 13/08/20
0,53.6,23.3,2.96,2.97,0.15,0.13,1 03:13:10 13/08/20
0,54.2,23.2,2.97,2.97,0.23,0.18,0 03:18:39 13/08/20
0,54.8,23.2,2.97,2.97,0.15,0.13,1 03:24:08 13/08/20
0,56.5,23.1,2.97,2.97,0.23,0.19,0 03:29:39 13/08/20
0,58.5,23.1,2.97,2.97,0.16,0.14,1 03:35:07 13/08/20
0,60.7,23.2,2.96,2.97,0.22,0.18,0 03:40:36 13/08/20
0,62.4,23.2,2.97,2.97,0.18,0.15,0 03:46:09 13/08/20
0,59.8,23.3,2.96,2.97,0.16,0.14,1 03:51:44 13/08/20
0,60.8,23.3,2.96,2.97,0.22,0.18,0 03:57:13 13/08/20
0,58.8,23.3,2.96,2.97,0.16,0.14,1 04:02:44 13/08/20
0,58.1,23.2,2.96,2.97,0.23,0.19,0 04:08:12 13/08/20
0,56.9,23.2,2.96,2.97,0.16,0.13,1 04:13:41 13/08/20
0,57.1,23.1,2.96,2.97,0.13,0.11,1 04:19:14 13/08/20
0,56.7,23.1,2.96,2.96,0.23,0.19,0 04:24:49 13/08/20
0,55.7,23.0,2.96,2.97,0.16,0.14,1 04:30:18 13/08/20
0,59.0,23.0,2.96,2.96,0.23,0.19,0 04:35:49 13/08/20
0,58.1,22.9,2.96,2.97,0.16,0.14,1 04:41:17 13/08/20
0,62.4,22.9,2.96,2.97,0.13,0.11,1 04:46:50 13/08/20
0,61.8,22.9,2.96,2.96,0.22,0.19,0 04:52:24 13/08/20
0,63.7,22.9,2.96,2.97,0.16,0.14,1 04:57:54 13/08/20
0,61.9,22.9,2.96,2.96,0.23,0.19,0 05:03:24 13/08/20
0,60.0,22.9,2.96,2.97,0.16,0.14,1 05:08:52 13/08/20
0,60.0,22.8,2.96,2.96,0.23,0.19,0 05:14:22 13/08/20
0,62.4,22.8,2.96,2.96,0.16,0.14,1 05:19:51 13/08/20
0,64.3,22.8,2.96,2.96,0.23,0.19,0 05:25:20 13/08/20
0,61.0,22.8,2.96,2.96,0.17,0.15,1 05:30:51 13/08/20
0,60.0,22.8,2.96,2.96,0.23,0.19,0 05:36:19 13/08/20
0,66.2,22.8,2.96,2.96,0.16,0.14,1 05:41:48 13/08/20
0,59.2,22.7,2.96,2.96,0.22,0.19,0 05:47:18 13/08/20
0,58.4,22.7,2.96,2.96,0.17,0.15,1 05:52:47 13/08/20
0,60.3,22.7,2.96,2.96,0.23,0.2,0 05:58:17 13/08/20
0,61.5,22.6,2.96,2.96,0.16,0.14,1 06:03:45 13/08/20
0,61.6,22.6,2.96,2.96,0.14,0.12,1 06:09:18 13/08/20
0,62.7,22.6,2.96,2.96,0.23,0.2,0 06:14:53 13/08/20
0,63.7,22.6,2.96,2.96,0.16,0.14,1 06:20:22 13/08/20
0,63.2,22.7,2.96,2.96,0.23,0.19,0 06:25:51 13/08/20
0,63.6,22.7,2.96,2.96,0.17,0.15,1 06:31:21 13/08/20
0,63.6,22.6,2.96,2.96,0.23,0.2,0 06:36:50 13/08/20
0,64.2,22.7,2.96,2.96,0.16,0.14,1 06:42:19 13/08/20
0,62.6,22.7,2.96,2.96,0.23,0.19,0 06:47:49 13/08/20
0,62.2,22.7,2.96,2.96,0.17,0.15,1 06:53:18 13/08/20
0,62.2,22.7,2.96,2.96,0.23,0.2,0 06:58:48 13/08/20
0,62.2,22.7,2.96,2.96,0.16,0.14,1 07:04:16 13/08/20
0,61.6,22.7,2.96,2.96,0.23,0.2,0 07:09:46 13/08/20
0,63.7,22.7,2.96,2.96,0.17,0.15,1 07:15:15 13/08/20
0,65.5,22.8,2.96,2.96,0.23,0.19,0 07:20:44 13/08/20
0,66.7,22.9,2.96,2.96,0.17,0.15,1 07:26:14 13/08/20
0,66.0,23.0,2.96,2.96,0.23,0.2,0 07:31:43 13/08/20
0,65.3,23.0,2.96,2.96,0.17,0.15,1 07:37:13 13/08/20
0,64.0,23.1,2.96,2.96,0.23,0.19,0 07:42:41 13/08/20
0,64.2,23.2,2.96,2.96,0.17,0.15,1 07:48:11 13/08/20
0,64.7,23.4,2.96,2.96,0.23,0.2,0 07:53:41 13/08/20
0,64.1,23.5,2.96,2.96,0.17,0.15,1 07:59:10 13/08/20
0,63.9,23.6,2.96,2.96,0.23,0.2,0 08:04:39 13/08/20
0,62.7,23.7,2.95,2.96,0.17,0.15,1 08:10:08 13/08/20
0,62.6,23.9,2.96,2.96,0.23,0.2,0 08:15:38 13/08/20
0,62.1,24.0,2.96,2.96,0.17,0.15,1 08:21:07 13/08/20
0,61.8,24.2,2.95,2.95,0.23,0.2,0 08:26:37 13/08/20
0,62.1,24.3,2.95,2.96,0.17,0.15,1 08:32:06 13/08/20
0,62.8,24.5,2.95,2.95,0.21,0.18,0 08:37:35 13/08/20
0,63.2,24.6,2.95,2.95,0.17,0.15,1 08:43:05 13/08/20
0,63.3,24.8,2.95,2.95,0.23,0.2,0 08:48:35 13/08/20
0,63.1,25.0,2.95,2.95,0.17,0.15,1 08:54:04 13/08/20
0,63.4,25.2,2.95,2.95,0.23,0.2,0 08:59:34 13/08/20
0,63.7,25.4,2.95,2.95,0.17,0.15,1 09:05:03 13/08/20
0,63.6,25.6,2.95,2.95,0.23,0.21,0 09:10:34 13/08/20
0,63.9,25.9,2.95,2.95,0.17,0.15,1 09:16:03 13/08/20
0,66.8,26.2,2.95,2.95,0.23,0.2,0 09:21:33 13/08/20
0,65.6,26.4,2.95,2.95,0.17,0.15,1 09:27:02 13/08/20
0,67.0,26.5,2.95,2.95,0.24,0.21,0 09:32:33 13/08/20
0,66.7,26.6,2.95,2.95,0.17,0.15,1 09:38:02 13/08/20
0,66.0,26.6,2.95,2.95,0.24,0.21,0 09:43:33 13/08/20
0,66.9,26.7,2.95,2.95,0.17,0.15,1 09:49:01 13/08/20
0,68.8,26.9,2.95,2.95,0.23,0.2,0 09:54:31 13/08/20
0,66.6,27.0,2.95,2.95,0.17,0.15,1 10:00:02 13/08/20
0,68.8,27.1,2.95,2.95,0.24,0.21,0 10:05:31 13/08/20
0,69.2,27.1,2.95,2.95,0.17,0.15,1 10:11:01 13/08/20
0,66.4,27.1,2.95,2.95,0.24,0.21,0 10:16:32 13/08/20
0,67.2,27.2,2.95,2.95,0.17,0.15,1 10:22:01 13/08/20
0,67.3,27.4,2.95,2.95,0.23,0.2,0 10:27:30 13/08/20
0,68.9,27.7,2.95,2.95,0.17,0.15,1 10:33:00 13/08/20
0,69.2,28.1,2.95,2.95,0.23,0.2,0 10:38:30 13/08/20
0,69.8,28.4,2.95,2.95,0.17,0.15,1 10:44:00 13/08/20
0,68.2,28.7,2.95,2.95,0.23,0.2,0 10:49:30 13/08/20
0,70.0,28.8,2.95,2.95,0.17,0.15,1 10:55:00 13/08/20
0,68.7,28.9,2.95,2.95,0.23,0.2,0 11:00:31 13/08/20
0,69.5,29.1,2.95,2.95,0.17,0.15,1 11:06:01 13/08/20
0,70.2,29.4,2.95,2.95,0.24,0.21,0 11:11:31 13/08/20
0,70.7,29.8,2.95,2.95,0.17,0.15,1 11:17:02 13/08/20
0,68.4,30.2,2.95,2.95,0.23,0.21,0 11:22:31 13/08/20
0,68.2,30.5,2.95,2.95,0.17,0.15,1 11:28:02 13/08/20
0,67.7,30.8,2.95,2.95,0.24,0.21,0 11:33:33 13/08/20
0,69.4,31.1,2.95,2.95,0.17,0.15,1 11:39:03 13/08/20
0,68.4,31.5,2.95,2.95,0.24,0.21,0 11:44:33 13/08/20
0,65.6,32.1,2.95,2.95,0.17,0.15,1 11:50:04 13/08/20
0,66.2,32.7,2.95,2.95,0.23,0.2,0 11:55:34 13/08/20
0,66.7,33.5,2.95,2.95,0.17,0.15,1 12:01:05 13/08/20
0,65.8,34.2,2.95,2.95,0.24,0.21,0 12:06:36 13/08/20
0,64.4,34.8,2.95,2.95,0.17,0.15,1 12:12:07 13/08/20
0,65.8,35.8,2.95,2.95,0.24,0.21,0 12:17:38 13/08/20
0,64.2,37.0,2.95,2.95,0.17,0.15,1 12:23:10 13/08/20
0,61.0,38.0,2.95,2.95,0.22,0.19,0 12:28:39 13/08/20
0,56.0,38.6,2.95,2.95,0.17,0.15,1 12:34:12 13/08/20
0,55.3,38.9,2.95,2.95,0.23,0.21,0 12:39:44 13/08/20
0,55.1,39.1,2.95,2.95,0.17,0.15,1 12:45:15 13/08/20
0,53.0,39.0,2.95,2.95,0.24,0.21,0 12:50:47 13/08/20
0,54.1,39.4,2.95,2.95,0.19,0.17,0 12:56:22 13/08/20
0,53.7,40.1,2.95,2.96,0.17,0.15,1 13:01:59 13/08/20
0,55.9,40.8,2.95,2.95,0.23,0.21,0 13:07:31 13/08/20
0,54.5,41.4,2.95,2.96,0.17,0.15,1 13:13:03 13/08/20
0,54.7,42.0,2.95,2.95,0.23,0.21,0 13:18:35 13/08/20
0,51.5,42.2,2.95,2.96,0.17,0.15,1 13:24:08 13/08/20
0,50.4,42.3,2.95,2.95,0.24,0.21,0 13:29:40 13/08/20
0,48.7,42.0,2.95,2.96,0.17,0.15,1 13:35:12 13/08/20
0,49.5,41.9,2.95,2.96,0.23,0.21,0 13:40:44 13/08/20
0,51.6,42.0,2.95,2.96,0.18,0.16,1 13:46:18 13/08/20
0,52.0,42.6,2.95,2.96,0.24,0.21,0 13:51:49 13/08/20
0,46.4,43.5,2.95,2.96,0.17,0.15,1 13:57:21 13/08/20
0,49.5,44.1,2.95,2.96,0.24,0.21,0 14:02:54 13/08/20
0,43.9,44.2,2.95,2.96,0.17,0.15,1 14:08:26 13/08/20
0,46.7,44.1,2.95,2.96,0.24,0.21,0 14:13:59 13/08/20
0,45.4,44.2,2.95,2.96,0.18,0.16,1 14:19:33 13/08/20
0,44.4,44.6,2.95,2.96,0.23,0.21,0 14:25:04 13/08/20
0,43.3,45.4,2.95,2.96,0.17,0.15,1 14:30:37 13/08/20
0,41.8,45.7,2.95,2.96,0.24,0.21,0 14:36:10 13/08/20
0,41.4,46.2,2.96,2.96,0.17,0.15,1 14:41:43 13/08/20
0,41.1,46.6,2.96,2.96,0.24,0.21,0 14:47:16 13/08/20
0,40.8,47.3,2.95,2.97,0.17,0.15,1 14:52:50 13/08/20
0,39.6,47.7,2.96,2.96,0.23,0.21,0 14:58:22 13/08/20
0,39.0,47.8,2.96,2.97,0.18,0.16,1 15:03:57 13/08/20
0,39.6,47.6,2.96,2.97,0.24,0.21,0 15:09:29 13/08/20
0,40.0,48.0,2.96,2.97,0.17,0.15,1 15:15:02 13/08/20
0,37.7,47.9,2.96,2.97,0.22,0.19,0 15:20:35 13/08/20
0,38.3,47.9,2.96,2.97,0.17,0.15,1 15:26:09 13/08/20
0,36.4,47.8,2.96,2.97,0.23,0.21,0 15:31:42 13/08/20
0,37.1,47.5,2.96,2.97,0.17,0.15,1 15:37:16 13/08/20
0,36.7,47.4,2.96,2.97,0.24,0.21,0 15:42:49 13/08/20
0,35.8,47.5,2.96,2.97,0.17,0.15,1 15:48:23 13/08/20
0,35.2,47.6,2.96,2.97,0.23,0.2,0 15:53:55 13/08/20
0,35.5,47.6,2.96,2.97,0.17,0.15,1 15:59:29 13/08/20
0,33.9,47.7,2.96,2.97,0.21,0.18,0 16:05:01 13/08/20
0,35.8,47.1,2.96,2.98,0.17,0.15,1 16:10:35 13/08/20
0,34.0,46.7,2.96,2.97,0.21,0.19,0 16:16:08 13/08/20
0,35.4,46.3,2.96,2.98,0.17,0.15,1 16:21:42 13/08/20
0,36.5,45.2,2.96,2.98,0.24,0.2,0 16:27:15 13/08/20
0,37.2,44.3,2.96,2.98,0.17,0.15,1 16:32:49 13/08/20
0,38.1,43.5,2.96,2.98,0.23,0.2,0 16:38:20 13/08/20
0,37.9,42.6,2.96,2.98,0.17,0.15,1 16:43:53 13/08/20
0,37.8,41.4,2.96,2.98,0.23,0.2,0 16:49:25 13/08/20
0,37.7,40.1,2.96,2.98,0.17,0.15,1 16:54:58 13/08/20
0,38.2,38.8,2.96,2.98,0.23,0.2,0 17:00:29 13/08/20
0,38.7,37.6,2.96,2.98,0.17,0.15,1 17:06:00 13/08/20
0,39.0,36.5,2.96,2.98,0.23,0.19,0 17:11:32 13/08/20
0,40.7,35.5,2.96,2.98,0.17,0.15,1 17:17:04 13/08/20
0,40.9,34.6,2.96,2.98,0.23,0.19,0 17:22:35 13/08/20
0,42.3,33.9,2.96,2.98,0.17,0.15,1 17:28:06 13/08/20
0,42.8,33.2,2.96,2.98,0.2,0.17,0 17:33:34 13/08/20
0,47.3,32.1,2.96,2.98,0.17,0.15,1 17:39:08 13/08/20
0,50.6,30.9,2.96,2.98,0.23,0.19,0 17:44:38 13/08/20
0,55.8,29.4,2.96,2.98,0.16,0.14,1 17:50:07 13/08/20
0,60.1,27.8,2.96,2.98,0.08,0.08,1 17:55:39 13/08/20
0,59.6,26.8,2.96,2.98,0.22,0.18,0 18:01:08 13/08/20
0,58.5,26.1,2.96,2.98,0.16,0.14,1 18:06:37 13/08/20
0,55.9,25.6,2.96,2.98,0.23,0.18,0 18:12:08 13/08/20
0,58.1,25.1,2.96,2.98,0.17,0.15,1 18:17:37 13/08/20
0,55.9,24.8,2.96,2.98,0.22,0.18,0 18:23:06 13/08/20
0,55.9,24.5,2.96,2.98,0.15,0.13,1 18:28:34 13/08/20
0,56.0,24.3,2.96,2.98,0.22,0.18,0 18:34:05 13/08/20
0,56.1,24.3,2.97,2.99,0.16,0.15,1 18:39:35 13/08/20
0,56.6,24.3,2.97,2.98,0.22,0.18,0 18:45:04 13/08/20
0,57.5,24.4,2.97,2.98,0.16,0.15,1 18:50:34 13/08/20
0,57.1,24.5,2.97,2.98,0.22,0.18,0 18:56:03 13/08/20
0,57.2,24.6,2.97,2.98,0.16,0.15,1 19:01:33 13/08/20
0,58.5,24.7,2.96,2.98,0.22,0.18,0 19:07:02 13/08/20
0,57.4,24.9,2.97,2.98,0.16,0.15,1 19:12:32 13/08/20
0,57.0,25.0,2.97,2.98,0.23,0.18,0 19:18:03 13/08/20
0,56.1,25.0,2.96,2.98,0.16,0.14,1 19:23:31 13/08/20
0,56.7,25.1,2.97,2.98,0.23,0.18,0 19:29:01 13/08/20
0,56.9,25.2,2.97,2.98,0.16,0.14,1 19:34:30 13/08/20
0,57.0,25.2,2.97,2.98,0.23,0.18,0 19:40:00 13/08/20
0,57.2,25.2,2.97,2.98,0.17,0.15,1 19:45:31 13/08/20
0,58.5,25.1,2.96,2.98,0.18,0.15,0 19:50:57 13/08/20
0,58.2,25.0,2.97,2.98,0.16,0.14,1 19:56:29 13/08/20
0,59.0,24.9,2.97,2.98,0.22,0.18,0 20:01:58 13/08/20
0,63.7,24.8,2.97,2.98,0.16,0.14,1 20:07:28 13/08/20
0,61.4,24.7,2.96,2.98,0.22,0.18,0 20:12:57 13/08/20
0,60.5,24.6,2.97,2.98,0.16,0.14,1 20:18:27 13/08/20
0,59.8,24.4,2.96,2.98,0.22,0.18,0 20:23:56 13/08/20
0,60.6,24.2,2.96,2.98,0.16,0.14,1 20:29:26 13/08/20
0,60.6,24.1,2.97,2.98,0.22,0.18,0 20:34:55 13/08/20
0,60.1,24.0,2.96,2.98,0.16,0.14,1 20:40:25 13/08/20
0,59.7,23.8,2.97,2.98,0.22,0.18,0 20:45:54 13/08/20
0,59.3,23.7,2.97,2.98,0.16,0.14,1 20:51:24 13/08/20
0,59.4,23.5,2.97,2.97,0.22,0.18,0 20:56:53 13/08/20
0,60.1,23.4,2.97,2.98,0.16,0.14,1 21:02:23 13/08/20
0,61.2,23.2,2.97,2.97,0.23,0.19,0 21:07:52 13/08/20
0,59.6,23.1,2.97,2.98,0.16,0.14,1 21:13:21 13/08/20
0,59.5,23.0,2.96,2.97,0.23,0.19,0 21:18:52 13/08/20
0,67.8,22.9,2.97,2.98,0.16,0.14,1 21:24:20 13/08/20
0,65.3,22.8,2.96,2.97,0.22,0.18,0 21:29:49 13/08/20
0,71.9,22.7,2.96,2.98,0.16,0.14,1 21:35:19 13/08/20
0,73.7,22.7,2.96,2.97,0.23,0.19,0 21:40:48 13/08/20
0,75.0,22.7,2.96,2.98,0.16,0.14,1 21:46:18 13/08/20
0,76.0,22.6,2.96,2.97,0.22,0.18,0 21:51:46 13/08/20
0,75.2,22.6,2.96,2.98,0.16,0.14,1 21:57:16 13/08/20
0,71.1,22.5,2.96,2.97,0.23,0.19,0 22:02:45 13/08/20
0,74.2,22.5,2.96,2.97,0.17,0.14,1 22:08:15 13/08/20
0,71.4,22.3,2.96,2.97,0.22,0.18,0 22:13:43 13/08/20
0,64.4,22.3,2.96,2.97,0.18,0.15,0 22:19:16 13/08/20
0,69.4,22.2,2.96,2.97,0.17,0.14,1 22:24:51 13/08/20
0,65.3,22.0,2.96,2.97,0.23,0.19,0 22:30:20 13/08/20
0,78.8,22.0,2.96,2.97,0.16,0.14,1 22:35:49 13/08/20
0,75.9,22.0,2.96,2.97,0.22,0.19,0 22:41:18 13/08/20
0,81.0,22.0,2.96,2.97,0.16,0.14,1 22:46:48 13/08/20
0,69.8,21.9,2.96,2.97,0.23,0.19,0 22:52:17 13/08/20
0,74.8,21.8,2.96,2.97,0.17,0.15,1 22:57:46 13/08/20
0,70.8,21.8,2.96,2.97,0.23,0.19,0 23:03:16 13/08/20
0,69.5,21.7,2.96,2.97,0.17,0.15,1 23:08:45 13/08/20
0,70.7,21.7,2.96,2.97,0.23,0.19,0 23:14:13 13/08/20
0,73.8,21.7,2.96,2.97,0.16,0.14,1 23:19:43 13/08/20
0,68.1,21.6,2.96,2.97,0.23,0.19,0 23:25:12 13/08/20
0,67.3,21.5,2.96,2.97,0.17,0.15,1 23:30:41 13/08/20
0,75.1,21.5,2.96,2.97,0.23,0.19,0 23:36:10 13/08/20
0,75.8,21.5,2.96,2.97,0.17,0.15,1 23:41:40 13/08/20
0,74.2,21.5,2.96,2.97,0.23,0.19,0 23:47:08 13/08/20
0,71.5,21.4,2.96,2.97,0.16,0.14,1 23:52:37 13/08/20
0,70.2,21.3,2.96,2.97,0.23,0.19,0 23:58:06 13/08/20
