0,68.8,21.3,2.96,2.97,0.16,0.14,1 00:03:36 14/08/20
0,67.4,21.2,2.96,2.96,0.24,0.2,0 00:09:06 14/08/20
0,68.6,21.1,2.96,2.97,0.17,0.15,1 00:14:34 14/08/20
0,79.3,21.1,2.96,2.96,0.23,0.19,0 00:20:03 14/08/20
0,83.9,21.1,2.96,2.97,0.17,0.15,1 00:25:32 14/08/20
0,75.6,21.1,2.96,2.96,0.23,0.2,0 00:31:01 14/08/20
0,81.4,21.1,2.96,2.97,0.17,0.15,1 00:36:31 14/08/20
0,84.3,21.0,2.96,2.96,0.23,0.19,0 00:42:00 14/08/20
0,81.1,21.0,2.96,2.97,0.16,0.14,1 00:47:28 14/08/20
0,81.3,21.0,2.96,2.96,0.23,0.19,0 00:52:57 14/08/20
0,72.7,20.9,2.96,2.96,0.17,0.14,1 00:58:26 14/08/20
0,72.0,20.8,2.96,2.96,0.23,0.19,0 01:03:55 14/08/20
0,69.6,20.7,2.96,2.96,0.16,0.14,1 01:09:23 14/08/20
0,70.7,20.6,2.96,2.96,0.23,0.19,0 01:14:53 14/08/20
0,72.7,20.5,2.96,2.96,0.17,0.14,1 01:20:22 14/08/20
0,72.0,20.4,2.96,2.96,0.23,0.19,0 01:25:51 14/08/20
0,70.0,20.3,2.96,2.96,0.17,0.14,1 01:31:20 14/08/20
0,72.2,20.3,2.96,2.96,0.23,0.19,0 01:36:49 14/08/20
0,76.7,20.2,2.96,2.96,0.17,0.14,1 01:42:18 14/08/20
0,72.4,20.2,2.96,2.96,0.23,0.19,0 01:47:47 14/08/20
0,79.0,20.2,2.95,2.96,0.17,0.14,1 01:53:16 14/08/20
0,76.3,20.1,2.96,2.96,0.23,0.2,0 01:58:46 14/08/20
0,73.5,20.0,2.96,2.96,0.17,0.15,1 02:04:15 14/08/20
0,72.2,20.0,2.95,2.96,0.2,0.17,0 02:09:42 14/08/20
0,75.3,19.9,2.96,2.96,0.17,0.15,1 02:15:12 14/08/20
0,78.6,19.9,2.95,2.96,0.23,0.2,0 02:20:41 14/08/20
0,80.7,19.9,2.95,2.96,0.17,0.15,1 02:26:10 14/08/20
0,76.5,19.8,2.95,2.96,0.23,0.2,0 02:31:39 14/08/20
0,84.1,19.8,2.95,2.96,0.18,0.16,0 02:37:11 14/08/20
0,85.3,19.9,2.95,2.96,0.17,0.15,1 02:42:45 14/08/20
0,82.2,19.9,2.95,2.96,0.23,0.2,0 02:48:14 14/08/20
0,76.3,19.8,2.95,2.96,0.17,0.15,1 02:53:43 14/08/20
0,77.4,19.7,2.95,2.96,0.24,0.2,0 02:59:13 14/08/20
0,77.4,19.7,2.95,2.96,0.17,0.15,1 03:04:42 14/08/20
0,75.4,19.6,2.95,2.96,0.23,0.2,0 03:10:10 14/08/20
0,77.1,19.6,2.95,2.96,0.17,0.15,1 03:15:39 14/08/20
0,78.5,19.6,2.95,2.96,0.23,0.2,0 03:21:08 14/08/20
0,82.5,19.6,2.95,2.96,0.15,0.13,1 03:26:35 14/08/20
0,84.3,19.6,2.95,2.95,0.23,0.2,0 03:32:06 14/08/20
0,79.6,19.6,2.95,2.96,0.17,0.15,1 03:37:34 14/08/20
0,84.7,19.6,2.95,2.95,0.23,0.2,0 03:43:03 14/08/20
0,90.3,19.7,2.95,2.95,0.17,0.15,1 03:48:32 14/08/20
0,89.6,19.7,2.95,2.95,0.23,0.2,0 03:54:01 14/08/20
0,90.7,19.8,2.95,2.96,0.17,0.15,1 03:59:31 14/08/20
0,84.8,19.8,2.95,2.95,0.24,0.2,0 04:05:00 14/08/20
0,90.7,19.8,2.95,2.95,0.17,0.15,1 04:10:28 14/08/20
0,90.4,19.9,2.95,2.95,0.24,0.2,0 04:15:57 14/08/20
0,91.5,19.8,2.95,2.95,0.18,0.15,0 04:21:30 14/08/20
0,90.7,19.9,2.95,2.96,0.17,0.15,1 04:27:04 14/08/20
0,91.2,19.8,2.95,2.95,0.23,0.2,0 04:32:32 14/08/20
0,90.9,19.8,2.95,2.95,0.17,0.15,1 04:38:01 14/08/20
0,89.1,19.8,2.95,2.95,0.23,0.2,0 04:43:30 14/08/20
0,84.6,19.7,2.95,2.95,0.17,0.15,1 04:48:59 14/08/20
0,86.4,19.6,2.95,2.95,0.24,0.21,0 04:54:29 14/08/20
0,89.6,19.6,2.95,2.95,0.17,0.15,1 04:59:57 14/08/20
0,90.3,19.6,2.95,2.95,0.24,0.21,0 05:05:26 14/08/20
0,90.9,19.5,2.95,2.95,0.18,0.16,1 05:10:56 14/08/20
0,87.8,19.5,2.95,2.95,0.24,0.21,0 05:16:25 14/08/20
0,90.2,19.5,2.95,2.95,0.17,0.15,1 05:21:52 14/08/20
0,82.8,19.4,2.95,2.95,0.23,0.2,0 05:27:21 14/08/20
0,90.8,19.4,2.95,2.95,0.17,0.15,1 05:32:50 14/08/20
0,91.1,19.4,2.95,2.95,0.24,0.21,0 05:38:20 14/08/20
0,91.1,19.4,2.95,2.95,0.17,0.15,1 05:43:48 14/08/20
0,91.8,19.4,2.95,2.95,0.24,0.21,0 05:49:17 14/08/20
0,92.3,19.5,2.95,2.95,0.18,0.16,1 05:54:47 14/08/20
0,92.0,19.5,2.95,2.95,0.23,0.2,0 06:00:15 14/08/20
0,90.9,19.6,2.95,2.95,0.17,0.15,1 06:05:43 14/08/20
0,90.2,19.6,2.95,2.95,0.24,0.21,0 06:11:13 14/08/20
0,92.0,19.6,2.95,2.95,0.17,0.15,1 06:16:42 14/08/20
0,91.4,19.6,2.95,2.95,0.24,0.21,0 06:22:10 14/08/20
0,91.2,19.6,2.95,2.95,0.17,0.15,1 06:27:39 14/08/20
0,90.9,19.6,2.95,2.95,0.24,0.21,0 06:33:08 14/08/20
0,92.6,19.6,2.95,2.95,0.19,0.16,0 06:38:40 14/08/20
0,88.7,19.5,2.95,2.95,0.17,0.15,1 06:44:14 14/08/20
0,91.5,19.5,2.95,2.95,0.23,0.2,0 06:49:43 14/08/20
0,90.5,19.5,2.95,2.95,0.17,0.15,1 06:55:13 14/08/20
0,88.1,19.5,2.95,2.95,0.24,0.21,0 07:00:41 14/08/20
0,91.2,19.5,2.94,2.95,0.17,0.15,1 07:06:10 14/08/20
0,92.0,19.5,2.94,2.95,0.24,0.21,0 07:11:39 14/08/20
0,91.7,19.5,2.94,2.95,0.17,0.15,1 07:17:07 14/08/20
0,92.6,19.5,2.94,2.95,0.22,0.19,0 07:22:35 14/08/20
0,91.9,19.5,2.94,2.95,0.18,0.15,1 07:28:06 14/08/20
0,91.5,19.6,2.94,2.94,0.24,0.21,0 07:33:35 14/08/20
0,91.3,19.7,2.94,2.95,0.17,0.15,1 07:39:03 14/08/20
0,90.6,19.7,2.94,2.95,0.24,0.21,0 07:44:32 14/08/20
0,90.0,19.7,2.94,2.95,0.18,0.15,1 07:50:01 14/08/20
0,88.9,19.8,2.94,2.94,0.23,0.21,0 07:55:30 14/08/20
0,87.4,19.8,2.94,2.95,0.17,0.15,1 08:00:58 14/08/20
0,86.9,19.8,2.94,2.94,0.24,0.21,0 08:06:27 14/08/20
0,86.6,19.8,2.94,2.95,0.17,0.15,1 08:11:56 14/08/20
0,86.5,19.8,2.94,2.94,0.24,0.21,0 08:17:26 14/08/20
0,87.7,19.8,2.94,2.95,0.18,0.15,1 08:22:55 14/08/20
0,90.2,19.9,2.94,2.94,0.24,0.21,0 08:28:23 14/08/20
0,93.5,20.1,2.94,2.94,0.18,0.15,1 08:33:52 14/08/20
0,93.1,20.2,2.94,2.94,0.24,0.21,0 08:39:21 14/08/20
0,93.0,20.4,2.94,2.94,0.17,0.15,1 08:44:50 14/08/20
0,95.6,20.6,2.94,2.94,0.24,0.21,0 08:50:19 14/08/20
0,95.3,20.9,2.94,2.94,0.18,0.15,1 08:55:48 14/08/20
0,94.9,21.1,2.94,2.94,0.24,0.21,0 09:01:17 14/08/20
0,93.2,21.3,2.94,2.94,0.18,0.16,1 09:06:46 14/08/20
0,93.9,21.5,2.94,2.94,0.24,0.21,0 09:12:15 14/08/20
0,92.7,21.7,2.94,2.94,0.18,0.16,1 09:17:45 14/08/20
0,92.5,22.1,2.94,2.94,0.24,0.21,0 09:23:13 14/08/20
0,93.8,22.3,2.94,2.94,0.17,0.15,1 09:28:42 14/08/20
0,91.8,22.5,2.94,2.94,0.24,0.21,0 09:34:11 14/08/20
0,91.7,22.7,2.94,2.94,0.18,0.16,1 09:39:41 14/08/20
0,91.7,22.8,2.94,2.94,0.24,0.21,0 09:45:10 14/08/20
0,93.4,22.9,2.94,2.94,0.17,0.15,1 09:50:39 14/08/20
0,92.2,23.0,2.94,2.94,0.24,0.21,0 09:56:09 14/08/20
0,93.7,23.1,2.94,2.94,0.18,0.16,1 10:01:38 14/08/20
0,93.8,23.3,2.94,2.94,0.25,0.21,0 10:07:08 14/08/20
0,93.8,23.4,2.94,2.94,0.17,0.15,1 10:12:36 14/08/20
0,93.6,23.6,2.94,2.94,0.25,0.21,0 10:18:06 14/08/20
0,93.6,23.8,2.94,2.94,0.18,0.16,1 10:23:36 14/08/20
0,93.2,24.1,2.94,2.94,0.25,0.22,0 10:29:06 14/08/20
0,92.9,24.3,2.94,2.94,0.18,0.16,1 10:34:34 14/08/20
0,93.0,24.7,2.94,2.94,0.24,0.21,0 10:40:03 14/08/20
0,92.1,25.0,2.94,2.94,0.18,0.16,1 10:45:33 14/08/20
0,91.6,25.2,2.94,2.94,0.25,0.22,0 10:51:04 14/08/20
0,91.6,25.4,2.94,2.94,0.18,0.16,1 10:56:33 14/08/20
0,91.3,25.6,2.94,2.94,0.25,0.21,0 11:02:02 14/08/20
0,91.3,25.9,2.94,2.94,0.17,0.15,1 11:07:31 14/08/20
0,91.9,26.4,2.94,2.94,0.25,0.21,0 11:13:01 14/08/20
0,90.3,26.8,2.94,2.94,0.18,0.16,1 11:18:31 14/08/20
0,90.1,27.1,2.94,2.94,0.24,0.21,0 11:24:00 14/08/20
0,88.4,27.2,2.94,2.94,0.17,0.15,1 11:29:30 14/08/20
0,87.6,27.3,2.94,2.94,0.25,0.21,0 11:35:01 14/08/20
0,86.2,27.2,2.94,2.94,0.18,0.16,1 11:40:30 14/08/20
0,85.3,27.1,2.94,2.94,0.25,0.21,0 11:46:00 14/08/20
0,85.7,26.8,2.94,2.94,0.17,0.15,1 11:51:29 14/08/20
0,86.3,26.5,2.94,2.94,0.24,0.21,0 11:56:59 14/08/20
0,87.0,26.4,2.94,2.94,0.18,0.16,1 12:02:29 14/08/20
0,87.2,26.4,2.94,2.94,0.14,0.13,1 12:08:02 14/08/20
0,87.3,26.3,2.94,2.94,0.24,0.21,0 12:13:37 14/08/20
0,87.0,26.2,2.94,2.94,0.18,0.16,1 12:19:07 14/08/20
0,87.3,26.1,2.94,2.94,0.25,0.21,0 12:24:37 14/08/20
0,89.8,26.7,2.94,2.94,0.17,0.15,1 12:30:06 14/08/20
0,90.8,27.8,2.94,2.94,0.24,0.21,0 12:35:36 14/08/20
0,91.6,29.4,2.94,2.94,0.18,0.16,1 12:41:07 14/08/20
0,90.4,30.9,2.94,2.94,0.24,0.21,0 12:46:36 14/08/20
0,87.9,32.5,2.94,2.94,0.18,0.16,1 12:52:08 14/08/20
0,82.0,33.8,2.94,2.94,0.14,0.13,1 12:57:41 14/08/20
0,72.0,33.8,2.94,2.94,0.25,0.22,0 13:03:17 14/08/20
0,72.4,33.3,2.94,2.94,0.18,0.16,1 13:08:48 14/08/20
0,70.5,32.3,2.94,2.94,0.24,0.21,0 13:14:18 14/08/20
0,72.1,31.2,2.94,2.94,0.18,0.16,1 13:19:49 14/08/20
2,73.8,30.2,2.94,2.94,0.25,0.22,0 13:25:20 14/08/20
0,74.2,29.5,3.02,2.92,0.18,0.15,1 13:30:49 14/08/20
0,77.2,29.3,2.91,3.02,0.24,0.21,0 13:36:19 14/08/20
0,78.5,29.5,2.94,2.94,0.17,0.15,1 13:41:49 14/08/20
0,79.2,29.8,2.94,2.94,0.25,0.22,0 13:47:21 14/08/20
0,80.0,30.2,2.94,2.94,0.18,0.16,1 13:52:50 14/08/20
0,82.4,31.1,2.94,2.94,0.25,0.22,0 13:58:21 14/08/20
0,79.6,32.3,2.94,2.94,0.17,0.15,1 14:03:51 14/08/20
0,73.4,32.5,2.94,2.94,0.25,0.22,0 14:09:22 14/08/20
0,71.8,32.0,2.94,2.94,0.18,0.16,1 14:14:53 14/08/20
0,72.0,31.4,2.94,2.94,0.25,0.21,0 14:20:23 14/08/20
0,73.5,30.6,2.94,2.95,0.17,0.15,1 14:25:52 14/08/20
0,72.8,30.0,2.94,2.94,0.25,0.21,0 14:31:23 14/08/20
0,75.0,29.5,2.94,2.95,0.18,0.16,1 14:36:53 14/08/20
0,75.0,29.2,2.94,2.94,0.25,0.22,0 14:42:23 14/08/20
0,75.3,29.5,2.94,2.95,0.18,0.16,1 14:47:54 14/08/20
0,74.6,30.1,2.94,2.94,0.24,0.21,0 14:53:23 14/08/20
0,74.1,30.2,2.94,2.95,0.17,0.15,1 14:58:53 14/08/20
0,74.2,30.2,2.94,2.94,0.22,0.2,0 15:04:23 14/08/20
0,76.2,30.4,2.94,2.95,0.18,0.16,1 15:09:54 14/08/20
0,75.5,30.7,2.94,2.95,0.25,0.21,0 15:15:25 14/08/20
0,74.3,30.9,2.94,2.95,0.17,0.15,1 15:20:54 14/08/20
0,72.6,30.7,2.94,2.95,0.25,0.22,0 15:26:25 14/08/20
0,72.6,30.1,2.94,2.95,0.18,0.16,1 15:31:56 14/08/20
0,75.8,29.7,2.94,2.95,0.24,0.21,0 15:37:25 14/08/20
0,76.8,29.5,2.94,2.95,0.17,0.15,1 15:42:55 14/08/20
0,80.1,29.9,2.94,2.95,0.14,0.13,1 15:48:29 14/08/20
0,80.7,31.1,2.94,2.95,0.25,0.22,0 15:54:05 14/08/20
0,79.0,31.7,2.94,2.95,0.17,0.15,1 15:59:35 14/08/20
0,79.7,33.0,2.94,2.95,0.25,0.21,0 16:05:06 14/08/20
0,70.8,34.1,2.94,2.95,0.17,0.15,1 16:10:36 14/08/20
0,68.0,35.0,2.94,2.95,0.24,0.21,0 16:16:07 14/08/20
0,69.2,35.8,2.94,2.95,0.17,0.15,1 16:21:38 14/08/20
0,61.3,36.0,2.94,2.95,0.24,0.21,0 16:27:09 14/08/20
0,60.8,35.8,2.94,2.95,0.17,0.15,1 16:32:40 14/08/20
0,60.9,35.3,2.94,2.95,0.24,0.21,0 16:38:11 14/08/20
0,61.2,34.4,2.94,2.95,0.17,0.15,1 16:43:42 14/08/20
0,60.4,33.3,2.94,2.95,0.24,0.21,0 16:49:13 14/08/20
0,62.7,32.3,2.94,2.95,0.18,0.16,1 16:54:44 14/08/20
0,64.3,32.0,2.94,2.95,0.24,0.21,0 17:00:14 14/08/20
0,62.9,32.1,2.94,2.95,0.18,0.16,1 17:05:45 14/08/20
0,64.5,31.9,2.94,2.95,0.24,0.21,0 17:11:15 14/08/20
0,63.7,31.5,2.94,2.95,0.18,0.16,1 17:16:46 14/08/20
0,63.9,30.9,2.94,2.95,0.24,0.21,0 17:22:16 14/08/20
0,65.6,30.6,2.94,2.95,0.17,0.15,1 17:27:47 14/08/20
0,65.6,31.2,2.94,2.95,0.25,0.21,0 17:33:17 14/08/20
0,66.1,31.7,2.94,2.95,0.17,0.15,1 17:38:47 14/08/20
0,64.1,32.0,2.94,2.95,0.25,0.21,0 17:44:18 14/08/20
0,65.3,32.8,2.94,2.95,0.17,0.15,1 17:49:48 14/08/20
0,62.7,33.7,2.94,2.95,0.25,0.21,0 17:55:20 14/08/20
0,59.9,34.4,2.94,2.95,0.18,0.16,1 18:00:50 14/08/20
0,59.4,34.7,2.94,2.95,0.25,0.21,0 18:06:21 14/08/20
7,59.2,34.8,2.94,2.95,0.18,0.16,1 18:11:52 14/08/20
0,58.5,34.6,2.94,2.95,0.14,0.13,1 18:17:26 14/08/20
0,58.1,34.2,2.94,2.95,0.24,0.21,0 18:23:02 14/08/20
0,58.5,33.7,2.94,2.95,0.17,0.15,1 18:28:33 14/08/20
0,59.7,33.2,2.94,2.95,0.25,0.21,0 18:34:04 14/08/20
0,59.8,32.6,2.95,2.95,0.19,0.17,0 18:39:38 14/08/20
0,60.8,32.1,2.94,2.95,0.17,0.15,1 18:45:14 14/08/20
0,61.7,31.5,2.94,2.95,0.25,0.21,0 18:50:45 14/08/20
0,62.6,31.1,2.95,2.96,0.18,0.16,0 18:56:20 14/08/20
0,63.5,30.7,2.95,2.96,0.17,0.15,1 19:01:54 14/08/20
0,63.8,30.4,2.92,2.99,0.14,0.13,1 19:07:28 14/08/20
0,64.9,30.1,2.95,2.95,0.24,0.21,0 19:13:04 14/08/20
0,65.6,30.0,2.95,2.96,0.18,0.16,1 19:18:35 14/08/20
0,65.6,29.8,2.95,2.95,0.24,0.21,0 19:24:04 14/08/20
0,66.3,29.7,2.95,2.96,0.17,0.15,1 19:29:34 14/08/20
0,66.9,29.5,2.95,2.95,0.25,0.22,0 19:35:06 14/08/20
0,68.0,29.4,2.95,2.96,0.18,0.16,1 19:40:35 14/08/20
0,67.3,29.2,2.95,2.95,0.24,0.21,0 19:46:05 14/08/20
0,68.0,29.0,2.95,2.96,0.18,0.16,1 19:51:35 14/08/20
0,68.9,28.6,2.95,2.95,0.24,0.21,0 19:57:06 14/08/20
0,69.5,28.3,2.95,2.96,0.17,0.15,1 20:02:36 14/08/20
0,69.6,27.9,2.95,2.95,0.24,0.21,0 20:08:06 14/08/20
0,70.4,27.6,2.95,2.96,0.17,0.16,1 20:13:35 14/08/20
0,70.6,27.3,2.95,2.95,0.24,0.21,0 20:19:05 14/08/20
0,70.9,27.0,2.95,2.96,0.17,0.15,1 20:24:35 14/08/20
0,71.1,26.7,2.95,2.95,0.23,0.21,0 20:30:04 14/08/20
0,71.7,26.4,2.95,2.93,0.18,0.15,1 20:35:35 14/08/20
0,71.5,26.1,2.95,2.95,0.24,0.21,0 20:41:04 14/08/20
0,72.2,25.9,2.95,2.96,0.17,0.15,1 20:46:33 14/08/20
0,71.8,25.6,2.95,2.95,0.24,0.21,0 20:52:04 14/08/20
0,72.3,25.4,2.95,2.96,0.19,0.17,0 20:57:36 14/08/20
0,72.8,25.2,2.95,2.96,0.18,0.15,1 21:03:12 14/08/20
0,72.3,24.9,2.95,2.95,0.24,0.21,0 21:08:41 14/08/20
0,73.0,24.7,2.95,2.96,0.17,0.15,1 21:14:10 14/08/20
0,73.2,24.5,2.95,2.95,0.25,0.21,0 21:19:41 14/08/20
0,73.1,24.3,2.95,2.96,0.17,0.15,1 21:25:10 14/08/20
0,73.3,24.1,2.95,2.95,0.23,0.21,0 21:30:38 14/08/20
0,73.8,23.9,2.95,2.96,0.17,0.15,1 21:36:08 14/08/20
0,76.8,23.7,2.95,2.95,0.23,0.21,0 21:41:37 14/08/20
0,76.6,23.6,2.95,2.96,0.18,0.16,1 21:47:08 14/08/20
0,79.4,23.4,2.95,2.95,0.24,0.21,0 21:52:36 14/08/20
0,75.2,23.3,2.95,2.96,0.17,0.15,1 21:58:05 14/08/20
0,81.0,23.1,2.95,2.96,0.14,0.13,1 22:03:38 14/08/20
0,75.8,23.0,2.95,2.95,0.24,0.21,0 22:09:13 14/08/20
0,76.3,22.9,2.95,2.96,0.17,0.15,1 22:14:43 14/08/20
0,76.1,22.8,2.95,2.95,0.23,0.2,0 22:20:11 14/08/20
0,75.7,22.6,2.95,2.96,0.17,0.15,1 22:25:41 14/08/20
0,75.7,22.5,2.95,2.95,0.24,0.21,0 22:31:10 14/08/20
0,75.7,22.4,2.95,2.95,0.17,0.15,1 22:36:39 14/08/20
0,75.1,22.3,2.95,2.95,0.23,0.2,0 22:42:08 14/08/20
0,76.7,22.3,2.95,2.95,0.17,0.15,1 22:47:37 14/08/20
0,81.6,22.2,2.95,2.95,0.23,0.2,0 22:53:06 14/08/20
0,84.7,22.2,2.95,2.96,0.17,0.15,1 22:58:36 14/08/20
0,81.3,22.2,2.95,2.95,0.24,0.21,0 23:04:05 14/08/20
0,81.1,22.2,2.95,2.96,0.17,0.15,1 23:09:35 14/08/20
0,78.4,22.1,2.95,2.95,0.23,0.21,0 23:15:03 14/08/20
0,77.1,22.1,2.95,2.95,0.16,0.14,1 23:20:31 14/08/20
0,77.5,22.0,2.95,2.95,0.23,0.21,0 23:26:02 14/08/20
0,79.1,22.0,2.95,2.95,0.18,0.16,1 23:31:32 14/08/20
0,78.0,21.9,2.95,2.95,0.23,0.21,0 23:37:00 14/08/20
0,78.8,21.8,2.95,2.95,0.17,0.15,1 23:42:29 14/08/20
0,77.8,21.8,2.95,2.95,0.24,0.21,0 23:47:59 14/08/20
0,77.9,21.7,2.95,2.95,0.17,0.15,1 23:53:27 14/08/20
0,78.0,21.6,2.95,2.95,0.23,0.21,0 23:58:56 14/08/20
