0,93.5,21.0,2.93,2.95,0.17,0.16,1 00:04:07 20/08/20
0,89.6,21.0,2.93,2.95,0.24,0.21,0 00:09:36 20/08/20
0,89.0,21.0,2.93,2.95,0.17,0.16,1 00:15:05 20/08/20
0,85.6,20.9,2.93,2.95,0.22,0.2,0 00:20:33 20/08/20
0,90.8,20.9,2.93,2.95,0.17,0.16,1 00:26:03 20/08/20
0,90.4,20.9,2.93,2.95,0.24,0.21,0 00:31:32 20/08/20
0,87.8,20.9,2.93,2.95,0.17,0.16,1 00:37:01 20/08/20
0,90.7,20.9,2.93,2.95,0.24,0.21,0 00:42:30 20/08/20
0,89.9,20.9,2.93,2.95,0.17,0.16,1 00:47:59 20/08/20
0,90.2,20.9,2.93,2.95,0.24,0.21,0 00:53:28 20/08/20
0,91.5,20.9,2.93,2.95,0.17,0.16,1 00:58:57 20/08/20
0,93.7,20.9,2.93,2.95,0.24,0.21,0 01:04:26 20/08/20
0,91.2,20.8,2.93,2.95,0.17,0.16,1 01:09:55 20/08/20
0,92.1,20.8,2.93,2.94,0.24,0.21,0 01:15:24 20/08/20
0,91.5,20.8,2.93,2.95,0.17,0.16,1 01:20:53 20/08/20
0,95.5,20.8,2.93,2.94,0.24,0.21,0 01:26:22 20/08/20
0,93.3,20.9,2.93,2.94,0.17,0.16,1 01:31:51 20/08/20
0,92.5,20.8,2.93,2.94,0.24,0.21,0 01:37:20 20/08/20
0,91.4,20.8,2.93,2.94,0.17,0.16,1 01:42:49 20/08/20
0,92.1,20.8,2.93,2.94,0.22,0.2,0 01:48:17 20/08/20
0,93.2,20.8,2.93,2.94,0.17,0.16,1 01:53:47 20/08/20
0,93.3,20.8,2.93,2.94,0.24,0.21,0 01:59:16 20/08/20
0,93.2,20.8,2.93,2.94,0.17,0.16,1 02:04:45 20/08/20
0,92.8,20.7,2.93,2.94,0.2,0.18,0 02:10:12 20/08/20
0,94.4,20.7,2.93,2.94,0.18,0.16,1 02:15:44 20/08/20
0,93.7,20.7,2.93,2.94,0.24,0.21,0 02:21:12 20/08/20
0,92.6,20.6,2.93,2.94,0.17,0.16,1 02:26:41 20/08/20
0,92.3,20.6,2.93,2.94,0.24,0.21,0 02:32:10 20/08/20
0,94.8,20.6,2.93,2.94,0.18,0.16,1 02:37:39 20/08/20
0,93.1,20.6,2.93,2.94,0.25,0.22,0 02:43:09 20/08/20
0,93.2,20.5,2.93,2.94,0.18,0.16,1 02:48:38 20/08/20
0,91.8,20.4,2.93,2.94,0.25,0.22,0 02:54:07 20/08/20
0,92.2,20.3,2.93,2.94,0.18,0.16,1 02:59:35 20/08/20
0,93.2,20.3,2.93,2.94,0.25,0.22,0 03:05:04 20/08/20
0,92.8,20.2,2.93,2.94,0.18,0.16,1 03:10:33 20/08/20
0,91.2,20.1,2.93,2.94,0.25,0.22,0 03:16:02 20/08/20
0,91.4,20.0,2.93,2.94,0.18,0.16,1 03:21:31 20/08/20
0,91.6,20.0,2.93,2.94,0.24,0.21,0 03:26:59 20/08/20
0,96.7,20.0,2.93,2.94,0.18,0.16,1 03:32:28 20/08/20
0,94.7,20.0,2.93,2.94,0.24,0.21,0 03:37:57 20/08/20
0,92.6,19.9,2.93,2.94,0.18,0.16,1 03:43:27 20/08/20
0,98.0,19.9,2.93,2.94,0.25,0.22,0 03:48:55 20/08/20
0,94.0,19.9,2.93,2.94,0.18,0.16,1 03:54:24 20/08/20
0,94.6,19.9,2.93,2.94,0.15,0.13,1 03:59:56 20/08/20
0,93.7,19.9,2.93,2.94,0.25,0.21,0 04:05:30 20/08/20
0,93.1,19.8,2.93,2.94,0.18,0.16,1 04:10:59 20/08/20
0,93.8,19.7,2.93,2.94,0.25,0.22,0 04:16:29 20/08/20
0,94.0,19.7,2.93,2.94,0.18,0.16,1 04:21:58 20/08/20
0,93.6,19.7,2.93,2.94,0.25,0.22,0 04:27:26 20/08/20
0,94.3,19.6,2.93,2.94,0.18,0.16,1 04:32:55 20/08/20
0,94.4,19.6,2.93,2.94,0.24,0.21,0 04:38:24 20/08/20
0,94.0,19.6,2.93,2.94,0.17,0.15,1 04:43:51 20/08/20
0,96.9,19.6,2.93,2.94,0.24,0.21,0 04:49:21 20/08/20
0,94.5,19.6,2.93,2.94,0.18,0.16,1 04:54:51 20/08/20
0,93.5,19.5,2.93,2.94,0.25,0.22,0 05:00:19 20/08/20
0,93.6,19.4,2.93,2.94,0.18,0.16,1 05:05:48 20/08/20
0,96.3,19.4,2.93,2.93,0.25,0.21,0 05:11:17 20/08/20
0,96.7,19.4,2.93,2.94,0.18,0.16,1 05:16:46 20/08/20
0,97.4,19.4,2.93,2.94,0.25,0.22,0 05:22:15 20/08/20
0,98.1,19.4,2.93,2.94,0.18,0.16,1 05:27:43 20/08/20
0,98.3,19.4,2.93,2.93,0.25,0.22,0 05:33:12 20/08/20
0,97.5,19.4,2.93,2.94,0.18,0.16,1 05:38:41 20/08/20
0,98.6,19.4,2.93,2.93,0.25,0.22,0 05:44:09 20/08/20
0,99.0,19.4,2.93,2.94,0.18,0.16,1 05:49:38 20/08/20
0,96.6,19.4,2.93,2.93,0.25,0.22,0 05:55:08 20/08/20
0,98.9,19.4,2.93,2.94,0.18,0.16,1 06:00:36 20/08/20
0,99.9,19.4,2.93,2.93,0.25,0.22,0 06:06:05 20/08/20
0,99.9,19.4,2.93,2.93,0.17,0.15,1 06:11:32 20/08/20
0,99.7,19.5,2.93,2.93,0.22,0.19,0 06:17:01 20/08/20
0,99.9,19.6,2.93,2.93,0.18,0.16,1 06:22:31 20/08/20
0,99.9,19.6,2.93,2.93,0.25,0.22,0 06:28:00 20/08/20
0,99.9,19.7,2.93,2.93,0.18,0.16,1 06:33:29 20/08/20
0,99.9,19.7,2.93,2.93,0.25,0.22,0 06:38:58 20/08/20
0,99.9,19.7,2.93,2.93,0.18,0.16,1 06:44:27 20/08/20
0,99.9,19.6,2.93,2.93,0.25,0.22,0 06:49:55 20/08/20
0,99.9,19.6,2.93,2.93,0.18,0.16,1 06:55:24 20/08/20
0,99.9,19.7,2.93,2.93,0.25,0.22,0 07:00:54 20/08/20
0,99.9,19.7,2.93,2.93,0.18,0.16,1 07:06:22 20/08/20
0,99.9,19.8,2.93,2.93,0.25,0.22,0 07:11:51 20/08/20
0,99.9,19.8,2.93,2.93,0.2,0.18,0 07:17:23 20/08/20
0,99.9,19.8,2.93,2.93,0.18,0.16,1 07:22:57 20/08/20
0,99.9,19.9,2.92,2.93,0.25,0.22,0 07:28:26 20/08/20
0,99.9,19.9,2.93,2.93,0.18,0.16,1 07:33:56 20/08/20
0,99.9,20.1,2.93,2.93,0.25,0.22,0 07:39:24 20/08/20
0,99.9,20.3,2.93,2.93,0.18,0.16,1 07:44:53 20/08/20
0,99.9,20.5,2.92,2.93,0.25,0.22,0 07:50:22 20/08/20
0,99.9,20.7,2.92,2.93,0.18,0.16,1 07:55:51 20/08/20
0,99.9,21.0,2.92,2.93,0.25,0.22,0 08:01:20 20/08/20
0,99.9,21.3,2.92,2.93,0.18,0.16,1 08:06:49 20/08/20
0,99.9,21.5,2.92,2.93,0.25,0.22,0 08:12:18 20/08/20
0,99.9,21.8,2.92,2.93,0.19,0.17,1 08:17:48 20/08/20
0,99.9,22.0,2.92,2.93,0.25,0.22,0 08:23:16 20/08/20
0,99.9,22.2,2.92,2.93,0.18,0.16,1 08:28:46 20/08/20
0,99.9,22.4,2.92,2.93,0.26,0.22,0 08:34:15 20/08/20
0,99.9,22.6,2.92,2.93,0.15,0.14,1 08:39:41 20/08/20
0,99.9,22.8,2.92,2.93,0.25,0.22,0 08:45:12 20/08/20
0,99.9,23.0,2.92,2.93,0.18,0.16,1 08:50:42 20/08/20
0,99.9,23.2,2.92,2.93,0.25,0.22,0 08:56:11 20/08/20
0,99.9,23.3,2.92,2.93,0.18,0.16,1 09:01:40 20/08/20
0,99.9,23.4,2.92,2.93,0.25,0.22,0 09:07:09 20/08/20
0,99.9,23.5,2.92,2.93,0.18,0.17,1 09:12:39 20/08/20
0,99.9,23.7,2.92,2.93,0.25,0.22,0 09:18:09 20/08/20
0,99.9,23.8,2.92,2.93,0.18,0.16,1 09:23:37 20/08/20
0,99.9,24.0,2.92,2.93,0.26,0.23,0 09:29:07 20/08/20
0,99.9,24.1,2.92,2.93,0.18,0.17,1 09:34:37 20/08/20
0,99.9,24.3,2.92,2.93,0.25,0.22,0 09:40:05 20/08/20
0,99.9,24.4,2.92,2.93,0.18,0.16,1 09:45:35 20/08/20
0,99.9,24.4,2.92,2.93,0.25,0.22,0 09:51:04 20/08/20
0,99.9,24.4,2.92,2.93,0.18,0.17,1 09:56:34 20/08/20
0,99.9,24.3,2.92,2.93,0.26,0.22,0 10:02:04 20/08/20
0,99.9,24.2,2.92,2.93,0.18,0.16,1 10:07:32 20/08/20
0,99.9,24.2,2.92,2.93,0.26,0.22,0 10:13:02 20/08/20
0,99.9,24.3,2.92,2.93,0.18,0.16,1 10:18:31 20/08/20
0,99.9,24.4,2.92,2.93,0.26,0.23,0 10:24:01 20/08/20
0,99.9,24.6,2.92,2.93,0.18,0.17,1 10:29:31 20/08/20
0,99.9,24.8,2.92,2.93,0.26,0.23,0 10:35:01 20/08/20
0,99.9,25.1,2.92,2.93,0.18,0.17,1 10:40:29 20/08/20
0,99.9,25.5,2.92,2.93,0.25,0.22,0 10:45:58 20/08/20
0,99.9,25.8,2.92,2.93,0.18,0.17,1 10:51:29 20/08/20
0,99.9,26.0,2.92,2.93,0.26,0.23,0 10:56:58 20/08/20
0,99.9,26.1,2.92,2.93,0.18,0.16,1 11:02:27 20/08/20
0,99.9,26.2,2.92,2.93,0.26,0.23,0 11:07:57 20/08/20
0,99.9,26.2,2.92,2.93,0.18,0.16,1 11:13:26 20/08/20
0,99.9,26.4,2.92,2.93,0.26,0.23,0 11:18:57 20/08/20
0,99.9,26.6,2.92,2.93,0.18,0.17,1 11:24:26 20/08/20
0,99.9,26.7,2.92,2.93,0.25,0.22,0 11:29:55 20/08/20
0,99.9,26.7,2.92,2.93,0.18,0.16,1 11:35:25 20/08/20
0,99.9,26.6,2.92,2.93,0.26,0.23,0 11:40:55 20/08/20
0,99.9,26.6,2.92,2.93,0.18,0.16,1 11:46:25 20/08/20
0,99.9,27.1,2.92,2.93,0.25,0.22,0 11:51:54 20/08/20
0,99.9,27.5,2.92,2.93,0.18,0.17,1 11:57:25 20/08/20
0,99.9,27.9,2.92,2.93,0.26,0.23,0 12:02:54 20/08/20
0,99.9,28.2,2.92,2.93,0.18,0.17,1 12:08:24 20/08/20
0,99.9,28.6,2.92,2.93,0.26,0.23,0 12:13:54 20/08/20
0,99.9,29.0,2.92,2.93,0.18,0.17,1 12:19:24 20/08/20
0,99.9,30.2,2.92,2.93,0.26,0.23,0 12:24:54 20/08/20
0,99.9,31.7,2.92,2.93,0.19,0.17,1 12:30:24 20/08/20
0,99.9,32.6,2.92,2.93,0.25,0.22,0 12:35:54 20/08/20
0,99.9,32.9,2.92,2.93,0.19,0.17,1 12:41:25 20/08/20
0,99.9,33.2,2.92,2.93,0.25,0.22,0 12:46:56 20/08/20
0,98.4,33.3,2.92,2.93,0.18,0.17,1 12:52:27 20/08/20
0,98.0,33.3,2.92,2.93,0.26,0.23,0 12:57:57 20/08/20
0,98.3,33.3,2.92,2.93,0.18,0.16,1 13:03:27 20/08/20
0,98.1,33.5,2.92,2.93,0.26,0.23,0 13:08:59 20/08/20
0,97.0,33.4,2.92,2.93,0.19,0.17,1 13:14:29 20/08/20
0,96.5,33.2,2.92,2.93,0.25,0.22,0 13:19:59 20/08/20
0,97.2,33.3,2.92,2.93,0.19,0.17,1 13:25:31 20/08/20
0,96.7,33.7,2.92,2.93,0.26,0.23,0 13:31:01 20/08/20
0,94.3,34.2,2.93,2.94,0.18,0.16,1 13:36:32 20/08/20
0,94.1,34.8,2.92,2.93,0.25,0.22,0 13:42:02 20/08/20
0,92.7,34.9,2.92,2.94,0.18,0.16,1 13:47:33 20/08/20
0,92.9,34.9,2.93,2.93,0.25,0.22,0 13:53:04 20/08/20
0,91.6,34.7,2.92,2.94,0.18,0.17,1 13:58:36 20/08/20
0,91.4,34.5,2.93,2.93,0.26,0.23,0 14:04:06 20/08/20
0,91.7,34.2,2.93,2.94,0.18,0.17,1 14:09:37 20/08/20
0,90.2,33.7,2.93,2.94,0.26,0.23,0 14:15:09 20/08/20
0,90.5,33.0,2.93,2.94,0.18,0.17,1 14:20:39 20/08/20
0,91.2,32.5,2.93,2.94,0.26,0.23,0 14:26:09 20/08/20
0,91.3,31.9,2.93,2.94,0.18,0.16,1 14:31:42 20/08/20
0,91.8,31.4,2.93,2.94,0.25,0.23,0 14:37:10 20/08/20
0,92.3,31.1,2.93,2.94,0.18,0.16,1 14:42:40 20/08/20
0,92.4,30.9,2.93,2.94,0.26,0.23,0 14:48:12 20/08/20
0,92.7,30.6,2.93,2.94,0.18,0.16,1 14:53:41 20/08/20
0,93.1,30.5,2.93,2.94,0.25,0.23,0 14:59:12 20/08/20
0,92.8,30.5,2.93,2.94,0.18,0.16,1 15:04:41 20/08/20
0,93.2,30.5,2.93,2.94,0.25,0.23,0 15:10:12 20/08/20
0,93.3,30.4,2.93,2.94,0.18,0.16,1 15:15:42 20/08/20
0,94.1,30.3,2.93,2.94,0.25,0.22,0 15:21:13 20/08/20
0,94.6,30.5,2.93,2.94,0.18,0.16,1 15:26:42 20/08/20
0,95.6,31.2,2.93,2.94,0.25,0.23,0 15:32:13 20/08/20
1,94.9,32.2,2.93,2.94,0.18,0.16,1 15:37:43 20/08/20
0,93.8,33.1,2.93,2.94,0.25,0.23,0 15:43:14 20/08/20
0,92.9,33.9,2.93,2.95,0.18,0.16,1 15:48:44 20/08/20
0,92.0,34.2,2.93,2.94,0.25,0.22,0 15:54:15 20/08/20
0,91.3,34.6,2.93,2.95,0.18,0.16,1 15:59:47 20/08/20
0,90.8,35.1,2.93,2.94,0.25,0.22,0 16:05:17 20/08/20
0,91.0,35.4,2.93,2.95,0.18,0.16,1 16:10:48 20/08/20
0,90.5,35.7,2.93,2.94,0.25,0.22,0 16:16:19 20/08/20
0,90.5,36.0,2.93,2.95,0.18,0.16,1 16:21:50 20/08/20
0,91.4,36.7,2.93,2.95,0.25,0.22,0 16:27:21 20/08/20
0,89.0,38.2,2.93,2.95,0.18,0.16,1 16:32:52 20/08/20
0,80.7,38.9,2.93,2.95,0.25,0.22,0 16:38:24 20/08/20
0,79.9,38.9,2.93,2.95,0.18,0.16,1 16:43:56 20/08/20
0,79.8,39.0,2.93,2.95,0.25,0.22,0 16:49:28 20/08/20
0,73.1,38.7,2.93,2.95,0.18,0.16,1 16:54:59 20/08/20
0,73.8,38.4,2.93,2.95,0.25,0.22,0 17:00:30 20/08/20
0,71.4,38.1,2.93,2.95,0.18,0.16,1 17:06:02 20/08/20
0,71.1,37.5,2.93,2.95,0.25,0.22,0 17:11:33 20/08/20
0,69.8,36.9,2.93,2.95,0.18,0.16,1 17:17:05 20/08/20
0,72.1,36.5,2.93,2.95,0.25,0.22,0 17:22:36 20/08/20
0,74.2,36.1,2.93,2.95,0.18,0.16,1 17:28:07 20/08/20
0,74.1,36.1,2.93,2.95,0.25,0.22,0 17:33:39 20/08/20
0,72.0,36.2,2.93,2.95,0.18,0.16,1 17:39:09 20/08/20
0,72.1,36.2,2.94,2.95,0.24,0.22,0 17:44:40 20/08/20
0,72.7,36.4,2.94,2.95,0.18,0.16,1 17:50:12 20/08/20
0,71.9,36.4,2.94,2.95,0.25,0.22,0 17:55:43 20/08/20
0,69.9,36.2,2.94,2.95,0.18,0.16,1 18:01:14 20/08/20
0,69.4,36.1,2.94,2.95,0.25,0.22,0 18:06:46 20/08/20
0,70.6,35.9,2.94,2.95,0.18,0.16,1 18:12:16 20/08/20
0,70.9,35.6,2.94,2.95,0.24,0.21,0 18:17:47 20/08/20
0,69.8,35.4,2.94,2.95,0.18,0.16,1 18:23:18 20/08/20
0,71.1,35.1,2.94,2.95,0.24,0.21,0 18:28:49 20/08/20
0,71.1,35.1,2.94,2.95,0.18,0.16,1 18:34:20 20/08/20
0,71.6,34.9,2.94,2.95,0.24,0.21,0 18:39:51 20/08/20
0,71.8,34.7,2.94,2.96,0.18,0.16,1 18:45:22 20/08/20
0,71.2,34.5,2.94,2.95,0.24,0.21,0 18:50:53 20/08/20
0,71.6,34.2,2.94,2.96,0.18,0.16,1 18:56:24 20/08/20
0,72.5,34.0,2.94,2.96,0.25,0.22,0 19:01:56 20/08/20
0,72.3,33.9,2.94,2.96,0.18,0.16,1 19:07:26 20/08/20
0,72.1,33.6,2.94,2.95,0.25,0.22,0 19:12:57 20/08/20
0,71.7,33.3,2.94,2.96,0.17,0.16,1 19:18:27 20/08/20
0,71.9,33.0,2.94,2.96,0.25,0.22,0 19:23:59 20/08/20
0,71.7,32.7,2.94,2.96,0.18,0.16,1 19:29:29 20/08/20
0,71.9,32.4,2.94,2.95,0.24,0.21,0 19:34:59 20/08/20
0,71.9,32.1,2.94,2.96,0.18,0.16,1 19:40:30 20/08/20
0,71.8,31.8,2.94,2.96,0.24,0.21,0 19:46:00 20/08/20
0,72.8,31.6,2.94,2.96,0.18,0.16,1 19:51:31 20/08/20
0,73.0,31.4,2.94,2.96,0.24,0.21,0 19:57:01 20/08/20
0,72.9,31.1,2.94,2.96,0.18,0.16,1 20:02:32 20/08/20
0,72.7,30.9,2.94,2.96,0.23,0.21,0 20:08:02 20/08/20
0,72.8,30.7,2.94,2.96,0.17,0.16,1 20:13:32 20/08/20
0,72.8,30.5,2.94,2.96,0.24,0.21,0 20:19:03 20/08/20
0,73.4,30.3,2.94,2.96,0.18,0.16,1 20:24:34 20/08/20
0,73.6,30.1,2.94,2.96,0.23,0.21,0 20:30:03 20/08/20
0,73.7,30.0,2.94,2.96,0.17,0.16,1 20:35:34 20/08/20
0,73.2,29.8,2.94,2.96,0.25,0.22,0 20:41:05 20/08/20
0,73.4,29.7,2.94,2.96,0.18,0.16,1 20:46:34 20/08/20
0,73.3,29.5,2.94,2.96,0.24,0.21,0 20:52:05 20/08/20
0,73.5,29.4,2.94,2.96,0.17,0.15,1 20:57:34 20/08/20
0,73.8,29.2,2.94,2.96,0.23,0.21,0 21:03:04 20/08/20
0,73.5,29.2,2.94,2.96,0.17,0.16,1 21:08:34 20/08/20
0,73.3,29.0,2.95,2.96,0.23,0.21,0 21:14:06 20/08/20
0,74.5,28.9,2.95,2.96,0.19,0.17,0 21:19:38 20/08/20
0,75.4,28.8,2.95,2.96,0.18,0.16,1 21:25:15 20/08/20
0,74.8,28.5,2.95,2.96,0.24,0.22,0 21:30:45 20/08/20
0,75.4,28.4,2.94,2.96,0.18,0.16,1 21:36:15 20/08/20
0,75.0,28.2,2.95,2.96,0.24,0.22,0 21:41:45 20/08/20
0,74.6,28.0,2.95,2.96,0.18,0.16,1 21:47:15 20/08/20
0,77.4,27.8,2.95,2.96,0.23,0.21,0 21:52:44 20/08/20
0,75.9,27.8,2.94,2.96,0.17,0.15,1 21:58:13 20/08/20
0,76.6,27.7,2.95,2.96,0.23,0.21,0 22:03:43 20/08/20
0,75.8,27.7,2.95,2.96,0.17,0.15,1 22:09:13 20/08/20
0,76.3,27.6,2.95,2.96,0.24,0.21,0 22:14:44 20/08/20
0,75.2,27.6,2.94,2.96,0.16,0.14,1 22:20:11 20/08/20
0,75.3,27.6,2.95,2.96,0.24,0.21,0 22:25:43 20/08/20
0,74.5,27.5,2.95,2.96,0.18,0.16,1 22:31:13 20/08/20
0,74.1,27.5,2.95,2.96,0.24,0.22,0 22:36:44 20/08/20
0,74.0,27.5,2.95,2.96,0.17,0.15,1 22:42:12 20/08/20
0,74.8,27.4,2.95,2.96,0.23,0.21,0 22:47:42 20/08/20
0,73.8,27.4,2.95,2.96,0.18,0.16,1 22:53:13 20/08/20
0,73.8,27.3,2.95,2.96,0.23,0.21,0 22:58:42 20/08/20
0,73.6,27.3,2.95,2.96,0.18,0.16,1 23:04:12 20/08/20
0,73.3,27.2,2.95,2.96,0.24,0.22,0 23:09:43 20/08/20
0,73.1,27.1,2.95,2.96,0.16,0.14,1 23:15:10 20/08/20
0,73.3,27.1,2.95,2.96,0.23,0.21,0 23:20:41 20/08/20
0,73.3,27.0,2.95,2.96,0.18,0.16,1 23:26:12 20/08/20
0,73.4,26.9,2.95,2.96,0.23,0.21,0 23:31:41 20/08/20
0,73.3,26.8,2.95,2.96,0.16,0.14,1 23:37:10 20/08/20
0,73.8,26.7,2.95,2.96,0.23,0.21,0 23:42:41 20/08/20
0,75.0,26.5,2.95,2.96,0.16,0.14,1 23:48:09 20/08/20
0,75.5,26.4,2.95,2.96,0.24,0.21,0 23:53:40 20/08/20
0,76.0,26.3,2.95,2.96,0.17,0.15,1 23:59:09 20/08/20
