0,58.9,21.6,2.95,2.97,0.15,0.13,1 00:01:53 22/08/20
0,58.2,21.4,2.95,2.96,0.22,0.19,0 00:07:22 22/08/20
0,61.9,21.3,2.95,2.96,0.16,0.13,1 00:12:51 22/08/20
0,65.2,21.1,2.95,2.96,0.22,0.19,0 00:18:20 22/08/20
0,61.8,21.0,2.95,2.97,0.16,0.14,1 00:23:51 22/08/20
0,62.3,20.9,2.95,2.96,0.23,0.2,0 00:29:20 22/08/20
0,62.6,20.7,2.95,2.96,0.16,0.14,1 00:34:48 22/08/20
0,61.4,20.6,2.95,2.96,0.23,0.19,0 00:40:17 22/08/20
0,61.3,20.5,2.95,2.96,0.18,0.15,0 00:45:50 22/08/20
0,60.8,20.4,2.95,2.96,0.16,0.14,1 00:51:25 22/08/20
0,62.0,20.2,2.95,2.96,0.24,0.2,0 00:56:54 22/08/20
0,62.4,20.1,2.95,2.96,0.16,0.14,1 01:02:22 22/08/20
0,63.0,19.9,2.95,2.96,0.23,0.19,0 01:07:50 22/08/20
0,61.1,19.8,2.95,2.96,0.16,0.14,1 01:13:19 22/08/20
0,65.0,19.7,2.95,2.96,0.23,0.19,0 01:18:48 22/08/20
0,70.4,19.6,2.95,2.96,0.16,0.14,1 01:24:17 22/08/20
0,71.1,19.5,2.95,2.96,0.23,0.2,0 01:29:47 22/08/20
0,73.6,19.4,2.95,2.96,0.17,0.14,1 01:35:15 22/08/20
0,73.7,19.4,2.95,2.96,0.23,0.2,0 01:40:44 22/08/20
0,73.4,19.3,2.95,2.96,0.17,0.15,1 01:46:14 22/08/20
0,70.5,19.2,2.95,2.96,0.23,0.19,0 01:51:41 22/08/20
0,67.8,19.1,2.95,2.96,0.16,0.14,1 01:57:10 22/08/20
0,66.3,19.0,2.95,2.96,0.24,0.2,0 02:02:40 22/08/20
0,64.1,18.9,2.95,2.96,0.17,0.15,1 02:08:08 22/08/20
0,68.7,18.8,2.95,2.95,0.23,0.2,0 02:13:37 22/08/20
0,64.6,18.7,2.95,2.96,0.16,0.14,1 02:19:05 22/08/20
0,66.3,18.6,2.95,2.95,0.23,0.2,0 02:24:34 22/08/20
0,65.8,18.5,2.95,2.96,0.17,0.15,1 02:30:04 22/08/20
0,69.5,18.4,2.95,2.95,0.24,0.2,0 02:35:32 22/08/20
0,69.1,18.4,2.95,2.95,0.17,0.14,1 02:41:01 22/08/20
0,69.7,18.4,2.95,2.95,0.23,0.2,0 02:46:29 22/08/20
0,73.0,18.3,2.95,2.95,0.17,0.15,1 02:51:58 22/08/20
0,66.2,18.3,2.95,2.95,0.24,0.2,0 02:57:27 22/08/20
0,63.9,18.2,2.95,2.95,0.17,0.15,1 03:02:55 22/08/20
0,63.7,18.1,2.94,2.95,0.24,0.2,0 03:08:25 22/08/20
0,70.4,18.0,2.94,2.95,0.17,0.15,1 03:13:53 22/08/20
0,64.5,18.0,2.95,2.95,0.14,0.12,1 03:19:25 22/08/20
0,66.4,17.9,2.94,2.95,0.24,0.2,0 03:25:00 22/08/20
0,66.4,17.8,2.94,2.95,0.17,0.15,1 03:30:28 22/08/20
0,66.1,17.8,2.94,2.95,0.23,0.2,0 03:35:57 22/08/20
0,72.9,17.8,2.94,2.95,0.17,0.15,1 03:41:25 22/08/20
0,75.9,17.8,2.94,2.95,0.24,0.2,0 03:46:54 22/08/20
0,80.4,17.8,2.94,2.95,0.17,0.15,1 03:52:23 22/08/20
0,82.8,17.9,2.94,2.95,0.23,0.2,0 03:57:51 22/08/20
0,81.9,18.0,2.94,2.95,0.17,0.15,1 04:03:20 22/08/20
0,83.4,18.1,2.94,2.95,0.25,0.21,0 04:08:50 22/08/20
0,84.0,18.2,2.94,2.95,0.17,0.15,1 04:14:17 22/08/20
0,83.7,18.3,2.94,2.95,0.24,0.21,0 04:19:47 22/08/20
0,83.3,18.4,2.94,2.95,0.17,0.15,1 04:25:15 22/08/20
0,82.3,18.5,2.94,2.95,0.23,0.2,0 04:30:44 22/08/20
0,73.9,18.5,2.94,2.95,0.17,0.15,1 04:36:12 22/08/20
0,81.7,18.4,2.94,2.95,0.24,0.21,0 04:41:42 22/08/20
0,81.2,18.5,2.94,2.95,0.17,0.15,1 04:47:10 22/08/20
0,79.1,18.5,2.94,2.95,0.23,0.2,0 04:52:39 22/08/20
0,78.2,18.5,2.94,2.95,0.17,0.15,1 04:58:07 22/08/20
0,78.8,18.5,2.94,2.94,0.24,0.21,0 05:03:37 22/08/20
0,84.6,18.5,2.94,2.95,0.17,0.15,1 05:09:05 22/08/20
0,82.3,18.5,2.94,2.94,0.24,0.2,0 05:14:34 22/08/20
0,78.9,18.5,2.94,2.95,0.17,0.15,1 05:20:02 22/08/20
0,78.9,18.5,2.94,2.94,0.24,0.21,0 05:25:32 22/08/20
0,83.4,18.4,2.94,2.94,0.17,0.15,1 05:31:00 22/08/20
0,79.3,18.4,2.94,2.94,0.25,0.21,0 05:36:30 22/08/20
0,84.4,18.4,2.94,2.94,0.17,0.15,1 05:41:57 22/08/20
0,80.8,18.4,2.94,2.94,0.24,0.21,0 05:47:27 22/08/20
0,75.8,18.3,2.94,2.94,0.18,0.16,1 05:52:55 22/08/20
0,74.1,18.3,2.94,2.94,0.24,0.21,0 05:58:24 22/08/20
0,77.8,18.2,2.94,2.94,0.17,0.15,1 06:03:52 22/08/20
0,74.7,18.2,2.94,2.94,0.25,0.21,0 06:09:21 22/08/20
0,77.8,18.2,2.94,2.94,0.19,0.17,0 06:14:53 22/08/20
0,83.0,18.2,2.94,2.94,0.17,0.15,1 06:20:27 22/08/20
0,77.7,18.2,2.94,2.94,0.25,0.21,0 06:25:56 22/08/20
0,87.4,18.3,2.94,2.94,0.18,0.16,1 06:31:25 22/08/20
0,81.7,18.4,2.94,2.94,0.24,0.21,0 06:36:53 22/08/20
0,84.0,18.4,2.94,2.94,0.17,0.15,1 06:42:22 22/08/20
0,84.6,18.5,2.94,2.94,0.25,0.21,0 06:47:52 22/08/20
0,83.7,18.5,2.93,2.95,0.18,0.16,1 06:53:20 22/08/20
0,83.1,18.6,2.94,2.94,0.25,0.22,0 06:58:50 22/08/20
0,79.7,18.6,2.94,2.94,0.17,0.15,1 07:04:17 22/08/20
0,81.6,18.5,2.93,2.94,0.25,0.21,0 07:09:47 22/08/20
0,79.6,18.5,2.93,2.94,0.18,0.16,1 07:15:15 22/08/20
0,83.1,18.4,2.93,2.94,0.24,0.21,0 07:20:44 22/08/20
0,83.1,18.3,2.93,2.94,0.17,0.15,1 07:26:12 22/08/20
0,81.3,18.3,2.93,2.94,0.25,0.21,0 07:31:41 22/08/20
0,79.9,18.2,2.93,2.94,0.18,0.16,1 07:37:11 22/08/20
0,84.1,18.1,2.93,2.94,0.24,0.21,0 07:42:38 22/08/20
0,85.0,18.1,2.93,2.94,0.18,0.16,1 07:48:08 22/08/20
0,84.8,18.0,2.93,2.94,0.25,0.21,0 07:53:36 22/08/20
0,82.4,18.0,2.93,2.94,0.17,0.15,1 07:59:05 22/08/20
0,83.5,18.0,2.93,2.93,0.24,0.21,0 08:04:33 22/08/20
0,86.1,18.0,2.93,2.94,0.18,0.16,1 08:10:02 22/08/20
0,88.2,18.1,2.93,2.93,0.25,0.22,0 08:15:32 22/08/20
0,88.4,18.1,2.93,2.93,0.18,0.16,1 08:20:59 22/08/20
0,88.4,18.3,2.93,2.93,0.25,0.22,0 08:26:29 22/08/20
0,88.4,18.5,2.93,2.93,0.18,0.16,1 08:31:57 22/08/20
0,87.1,18.7,2.93,2.93,0.24,0.21,0 08:37:25 22/08/20
0,87.7,18.8,2.93,2.93,0.18,0.16,1 08:42:54 22/08/20
0,87.8,19.0,2.93,2.93,0.25,0.22,0 08:48:24 22/08/20
0,88.1,19.2,2.93,2.93,0.18,0.16,1 08:53:52 22/08/20
0,87.9,19.3,2.93,2.93,0.15,0.13,1 08:59:24 22/08/20
0,86.9,19.4,2.93,2.93,0.24,0.21,0 09:04:58 22/08/20
0,87.3,19.6,2.93,2.93,0.18,0.16,1 09:10:27 22/08/20
0,87.9,19.7,2.93,2.93,0.25,0.22,0 09:15:57 22/08/20
0,88.4,19.8,2.93,2.93,0.18,0.16,1 09:21:26 22/08/20
0,87.9,19.9,2.93,2.93,0.25,0.22,0 09:26:54 22/08/20
0,87.7,20.0,2.93,2.93,0.18,0.16,1 09:32:23 22/08/20
0,88.8,20.1,2.93,2.93,0.25,0.22,0 09:37:52 22/08/20
0,88.1,20.2,2.93,2.93,0.18,0.16,1 09:43:21 22/08/20
0,87.8,20.4,2.93,2.93,0.15,0.14,1 09:48:53 22/08/20
0,87.8,20.6,2.93,2.93,0.26,0.22,0 09:54:29 22/08/20
0,87.1,20.7,2.93,2.93,0.18,0.16,1 09:59:57 22/08/20
0,87.4,20.8,2.93,2.93,0.24,0.21,0 10:05:26 22/08/20
0,87.4,21.0,2.93,2.93,0.18,0.16,1 10:10:55 22/08/20
0,86.4,21.1,2.93,2.93,0.15,0.14,1 10:16:27 22/08/20
0,86.2,21.2,2.93,2.93,0.25,0.21,0 10:22:02 22/08/20
0,86.2,21.4,2.93,2.93,0.19,0.17,1 10:27:32 22/08/20
0,85.6,21.5,2.93,2.93,0.25,0.22,0 10:33:00 22/08/20
0,85.2,21.6,2.93,2.93,0.18,0.16,1 10:38:29 22/08/20
0,85.0,21.7,2.93,2.93,0.25,0.22,0 10:43:58 22/08/20
0,84.8,22.0,2.93,2.93,0.19,0.16,1 10:49:28 22/08/20
0,84.7,22.3,2.93,2.93,0.25,0.22,0 10:54:56 22/08/20
0,83.9,22.7,2.93,2.93,0.18,0.16,1 11:00:25 22/08/20
0,81.8,22.9,2.93,2.93,0.25,0.22,0 11:05:55 22/08/20
0,82.6,23.2,2.93,2.93,0.19,0.17,1 11:11:24 22/08/20
0,78.6,23.4,2.93,2.93,0.25,0.22,0 11:16:53 22/08/20
0,80.3,23.8,2.93,2.93,0.19,0.17,1 11:22:23 22/08/20
0,79.1,24.3,2.93,2.93,0.25,0.22,0 11:27:53 22/08/20
0,76.7,24.8,2.93,2.93,0.18,0.16,1 11:33:22 22/08/20
0,75.2,25.2,2.93,2.93,0.25,0.22,0 11:38:52 22/08/20
0,73.6,25.5,2.93,2.93,0.19,0.17,1 11:44:21 22/08/20
0,73.2,25.8,2.93,2.93,0.25,0.22,0 11:49:50 22/08/20
0,72.2,25.7,2.93,2.93,0.19,0.17,1 11:55:20 22/08/20
0,74.7,25.6,2.92,2.93,0.25,0.22,0 12:00:50 22/08/20
2,75.0,25.9,2.92,2.93,0.18,0.16,1 12:06:19 22/08/20
0,72.8,26.4,2.92,2.93,0.25,0.22,0 12:11:49 22/08/20
0,69.6,26.5,2.93,2.93,0.17,0.15,1 12:17:18 22/08/20
0,71.1,26.8,2.93,2.93,0.25,0.22,0 12:22:48 22/08/20
0,69.1,26.6,2.93,2.93,0.19,0.17,1 12:28:19 22/08/20
0,73.6,26.8,2.92,2.93,0.25,0.22,0 12:33:48 22/08/20
0,71.0,27.5,2.93,2.93,0.19,0.17,1 12:39:18 22/08/20
0,71.8,28.2,2.92,2.93,0.25,0.22,0 12:44:48 22/08/20
0,67.3,28.2,2.93,2.93,0.18,0.16,1 12:50:17 22/08/20
0,68.0,28.2,2.93,2.93,0.25,0.22,0 12:55:47 22/08/20
0,68.5,29.0,2.92,2.93,0.18,0.16,1 13:01:17 22/08/20
0,63.8,29.9,2.93,2.93,0.25,0.22,0 13:06:48 22/08/20
0,62.0,29.8,2.92,2.93,0.18,0.16,1 13:12:18 22/08/20
0,62.4,29.3,2.93,2.93,0.26,0.23,0 13:17:48 22/08/20
0,60.1,28.5,2.92,2.93,0.18,0.16,1 13:23:18 22/08/20
0,61.4,27.6,2.92,2.93,0.26,0.22,0 13:28:48 22/08/20
0,63.6,27.2,2.93,2.93,0.18,0.16,1 13:34:18 22/08/20
0,69.0,27.3,2.92,2.93,0.25,0.22,0 13:39:47 22/08/20
0,67.0,28.5,2.92,2.93,0.18,0.16,1 13:45:17 22/08/20
0,64.4,29.1,2.93,2.93,0.25,0.22,0 13:50:47 22/08/20
0,62.4,29.2,2.93,2.93,0.18,0.16,1 13:56:17 22/08/20
0,61.7,29.6,2.92,2.93,0.25,0.22,0 14:01:48 22/08/20
0,61.6,29.8,2.93,2.93,0.18,0.17,1 14:07:18 22/08/20
0,59.1,29.7,2.93,2.93,0.26,0.23,0 14:12:48 22/08/20
0,60.5,29.3,2.93,2.93,0.18,0.16,1 14:18:19 22/08/20
0,58.0,28.9,2.93,2.93,0.25,0.22,0 14:23:48 22/08/20
0,60.6,29.2,2.93,2.94,0.18,0.16,1 14:29:18 22/08/20
0,58.3,30.2,2.93,2.93,0.25,0.22,0 14:34:48 22/08/20
0,56.9,31.1,2.93,2.94,0.18,0.16,1 14:40:19 22/08/20
0,56.6,32.0,2.93,2.94,0.25,0.22,0 14:45:49 22/08/20
0,55.3,33.0,2.93,2.94,0.18,0.16,1 14:51:20 22/08/20
0,55.3,33.4,2.93,2.93,0.25,0.22,0 14:56:50 22/08/20
0,52.8,34.0,2.93,2.94,0.18,0.16,1 15:02:21 22/08/20
0,52.5,34.6,2.93,2.94,0.26,0.23,0 15:07:52 22/08/20
0,51.8,34.6,2.93,2.94,0.18,0.16,1 15:13:23 22/08/20
0,49.6,33.7,2.93,2.94,0.26,0.23,0 15:18:54 22/08/20
0,50.0,32.1,2.93,2.94,0.18,0.16,1 15:24:24 22/08/20
0,52.0,30.4,2.93,2.94,0.25,0.23,0 15:29:55 22/08/20
0,53.3,28.9,2.93,2.94,0.16,0.15,1 15:35:23 22/08/20
0,54.9,27.6,2.93,2.94,0.25,0.23,0 15:40:55 22/08/20
0,63.7,26.2,2.93,2.94,0.18,0.17,1 15:46:25 22/08/20
0,69.2,24.8,2.93,2.94,0.25,0.22,0 15:51:54 22/08/20
0,73.5,23.6,2.93,2.94,0.18,0.17,1 15:57:24 22/08/20
0,73.1,22.9,2.93,2.94,0.25,0.22,0 16:02:53 22/08/20
0,74.2,22.4,2.93,2.94,0.18,0.16,1 16:08:22 22/08/20
0,76.2,22.0,2.93,2.94,0.25,0.22,0 16:13:52 22/08/20
0,78.0,21.8,2.93,2.94,0.18,0.16,1 16:19:21 22/08/20
0,80.9,21.8,2.93,2.94,0.25,0.22,0 16:24:50 22/08/20
0,82.5,22.0,2.93,2.94,0.18,0.16,1 16:30:19 22/08/20
0,81.9,22.2,2.93,2.94,0.25,0.22,0 16:35:49 22/08/20
0,81.6,22.5,2.93,2.94,0.18,0.16,1 16:41:17 22/08/20
0,83.6,23.2,2.93,2.94,0.23,0.21,0 16:46:46 22/08/20
0,81.3,24.6,2.93,2.95,0.18,0.16,1 16:52:16 22/08/20
0,78.9,25.8,2.93,2.94,0.25,0.22,0 16:57:45 22/08/20
0,76.6,26.6,2.93,2.95,0.18,0.16,1 17:03:16 22/08/20
0,74.1,26.9,2.93,2.94,0.25,0.22,0 17:08:45 22/08/20
0,73.2,27.2,2.93,2.95,0.18,0.17,1 17:14:16 22/08/20
0,72.0,27.9,2.93,2.94,0.25,0.22,0 17:19:44 22/08/20
0,71.5,28.7,2.93,2.95,0.18,0.16,1 17:25:14 22/08/20
0,67.8,29.1,2.93,2.95,0.25,0.22,0 17:30:44 22/08/20
0,67.2,29.6,2.93,2.95,0.18,0.17,1 17:36:15 22/08/20
0,65.8,29.8,2.93,2.95,0.25,0.22,0 17:41:45 22/08/20
0,63.1,29.7,2.93,2.95,0.18,0.16,1 17:47:15 22/08/20
0,63.6,29.5,2.93,2.95,0.25,0.22,0 17:52:45 22/08/20
0,62.0,29.0,2.93,2.95,0.18,0.16,1 17:58:16 22/08/20
0,62.7,28.1,2.93,2.95,0.25,0.22,0 18:03:46 22/08/20
0,63.5,27.3,2.93,2.95,0.18,0.16,1 18:09:15 22/08/20
0,65.5,26.7,2.93,2.95,0.25,0.22,0 18:14:45 22/08/20
0,65.5,26.1,2.93,2.95,0.18,0.16,1 18:20:14 22/08/20
0,68.0,25.8,2.93,2.95,0.25,0.22,0 18:25:45 22/08/20
0,67.0,25.6,2.93,2.95,0.18,0.16,1 18:31:14 22/08/20
0,68.3,25.4,2.93,2.95,0.25,0.22,0 18:36:43 22/08/20
0,68.3,25.1,2.93,2.95,0.18,0.16,1 18:42:13 22/08/20
0,68.4,24.8,2.93,2.95,0.25,0.22,0 18:47:42 22/08/20
0,69.0,24.5,2.93,2.95,0.18,0.16,1 18:53:12 22/08/20
0,69.4,24.3,2.93,2.95,0.24,0.22,0 18:58:41 22/08/20
0,70.5,24.1,2.93,2.95,0.18,0.16,1 19:04:11 22/08/20
0,70.7,23.8,2.93,2.95,0.2,0.18,0 19:09:38 22/08/20
0,70.0,23.7,2.93,2.95,0.18,0.16,1 19:15:10 22/08/20
0,71.1,23.6,2.93,2.95,0.25,0.22,0 19:20:39 22/08/20
0,71.5,23.5,2.93,2.95,0.18,0.16,1 19:26:08 22/08/20
0,71.3,23.3,2.93,2.95,0.26,0.23,0 19:31:39 22/08/20
0,71.1,23.2,2.93,2.95,0.18,0.16,1 19:37:07 22/08/20
0,70.5,23.0,2.93,2.95,0.25,0.22,0 19:42:37 22/08/20
0,71.8,22.8,2.93,2.95,0.18,0.16,1 19:48:06 22/08/20
0,70.0,22.6,2.93,2.95,0.25,0.22,0 19:53:35 22/08/20
0,69.3,22.3,2.93,2.95,0.18,0.16,1 19:59:05 22/08/20
0,69.9,22.1,2.93,2.95,0.2,0.18,0 20:04:31 22/08/20
0,70.2,21.9,2.93,2.95,0.18,0.16,1 20:10:02 22/08/20
0,69.8,21.8,2.93,2.95,0.24,0.22,0 20:15:31 22/08/20
0,70.6,21.6,2.93,2.95,0.18,0.16,1 20:21:02 22/08/20
0,71.1,21.5,2.93,2.95,0.25,0.22,0 20:26:30 22/08/20
0,72.1,21.3,2.93,2.95,0.18,0.16,1 20:31:59 22/08/20
0,71.7,21.1,2.93,2.95,0.25,0.22,0 20:37:28 22/08/20
0,72.3,21.0,2.93,2.95,0.18,0.16,1 20:42:57 22/08/20
0,73.9,20.9,2.93,2.95,0.25,0.22,0 20:48:26 22/08/20
0,74.6,20.8,2.93,2.95,0.18,0.16,1 20:53:55 22/08/20
0,74.0,20.6,2.93,2.95,0.25,0.22,0 20:59:24 22/08/20
0,74.2,20.5,2.93,2.95,0.18,0.16,1 21:04:53 22/08/20
0,73.4,20.4,2.93,2.94,0.25,0.22,0 21:10:22 22/08/20
0,74.3,20.3,2.93,2.95,0.18,0.16,1 21:15:51 22/08/20
0,76.0,20.2,2.93,2.94,0.25,0.22,0 21:21:20 22/08/20
0,75.6,20.1,2.93,2.95,0.18,0.16,1 21:26:49 22/08/20
0,76.1,20.1,2.93,2.95,0.25,0.22,0 21:32:18 22/08/20
0,76.7,20.0,2.93,2.95,0.18,0.16,1 21:37:47 22/08/20
0,76.9,19.9,2.93,2.95,0.15,0.13,1 21:43:19 22/08/20
0,75.2,19.8,2.93,2.94,0.25,0.22,0 21:48:53 22/08/20
0,75.9,19.8,2.93,2.94,0.18,0.16,1 21:54:22 22/08/20
0,78.1,19.7,2.93,2.94,0.25,0.22,0 21:59:52 22/08/20
0,76.4,19.6,2.93,2.95,0.18,0.16,1 22:05:21 22/08/20
0,77.2,19.5,2.93,2.94,0.25,0.22,0 22:10:49 22/08/20
0,77.2,19.4,2.93,2.95,0.18,0.16,1 22:16:18 22/08/20
0,76.3,19.3,2.93,2.94,0.23,0.2,0 22:21:46 22/08/20
0,77.1,19.2,2.93,2.94,0.18,0.16,1 22:27:15 22/08/20
0,77.3,19.1,2.93,2.94,0.24,0.22,0 22:32:44 22/08/20
0,77.2,19.1,2.93,2.94,0.18,0.16,1 22:38:14 22/08/20
0,77.2,19.0,2.93,2.94,0.26,0.23,0 22:43:43 22/08/20
0,77.9,18.9,2.93,2.94,0.2,0.17,0 22:49:14 22/08/20
0,78.0,18.8,2.93,2.94,0.18,0.16,1 22:54:48 22/08/20
0,77.4,18.7,2.93,2.94,0.25,0.22,0 23:00:18 22/08/20
0,78.6,18.6,2.93,2.94,0.18,0.16,1 23:05:46 22/08/20
0,78.6,18.5,2.93,2.94,0.26,0.23,0 23:11:16 22/08/20
0,76.5,18.5,2.93,2.94,0.18,0.16,1 23:16:43 22/08/20
0,76.0,18.3,2.93,2.94,0.25,0.22,0 23:22:13 22/08/20
0,78.1,18.2,2.93,2.94,0.18,0.16,1 23:27:41 22/08/20
0,79.0,18.1,2.93,2.94,0.25,0.22,0 23:33:09 22/08/20
0,80.5,18.1,2.93,2.94,0.18,0.16,1 23:38:39 22/08/20
0,78.2,18.0,2.93,2.94,0.15,0.13,1 23:44:11 22/08/20
0,76.0,17.9,2.93,2.94,0.25,0.22,0 23:49:44 22/08/20
0,79.6,17.8,2.93,2.94,0.18,0.16,1 23:55:14 22/08/20
