0,99.9,17.6,2.93,2.94,0.15,0.14,1 00:03:14 25/08/20
0,99.9,17.6,2.93,2.93,0.25,0.22,0 00:08:47 25/08/20
0,99.9,17.6,2.93,2.93,0.18,0.17,1 00:14:16 25/08/20
0,99.9,17.6,2.93,2.93,0.25,0.22,0 00:19:44 25/08/20
0,99.9,17.5,2.93,2.93,0.19,0.17,1 00:25:13 25/08/20
0,99.9,17.5,2.93,2.93,0.25,0.22,0 00:30:41 25/08/20
0,99.9,17.4,2.93,2.93,0.19,0.17,1 00:36:11 25/08/20
0,99.9,17.3,2.93,2.93,0.15,0.14,1 00:41:42 25/08/20
0,99.9,17.3,2.92,2.93,0.26,0.22,0 00:47:17 25/08/20
0,99.9,17.2,2.93,2.93,0.19,0.17,1 00:52:46 25/08/20
0,99.9,17.1,2.93,2.93,0.22,0.2,0 00:58:12 25/08/20
0,99.9,17.1,2.92,2.93,0.19,0.17,1 01:03:42 25/08/20
0,99.9,17.0,2.92,2.93,0.25,0.22,0 01:09:10 25/08/20
0,99.9,17.0,2.93,2.93,0.19,0.17,1 01:14:39 25/08/20
0,99.9,16.9,2.92,2.93,0.25,0.22,0 01:20:07 25/08/20
0,99.9,16.9,2.92,2.93,0.19,0.17,1 01:25:36 25/08/20
0,99.9,16.8,2.93,2.93,0.25,0.22,0 01:31:04 25/08/20
0,99.9,16.7,2.92,2.93,0.19,0.17,1 01:36:33 25/08/20
0,99.9,16.6,2.92,2.93,0.25,0.22,0 01:42:01 25/08/20
0,99.9,16.4,2.92,2.93,0.19,0.17,1 01:47:30 25/08/20
0,99.9,16.3,2.92,2.93,0.26,0.22,0 01:52:59 25/08/20
0,99.9,16.1,2.92,2.93,0.18,0.17,1 01:58:27 25/08/20
0,99.9,16.0,2.92,2.93,0.26,0.23,0 02:03:55 25/08/20
0,99.9,15.9,2.92,2.93,0.18,0.17,1 02:09:23 25/08/20
0,99.9,15.8,2.92,2.93,0.26,0.22,0 02:14:52 25/08/20
0,99.9,15.7,2.92,2.93,0.18,0.17,1 02:20:20 25/08/20
0,99.9,15.6,2.92,2.93,0.25,0.22,0 02:25:49 25/08/20
0,99.9,15.5,2.92,2.93,0.19,0.17,1 02:31:17 25/08/20
0,99.9,15.4,2.92,2.93,0.25,0.22,0 02:36:45 25/08/20
0,99.9,15.3,2.92,2.93,0.18,0.17,1 02:42:14 25/08/20
0,99.9,15.2,2.92,2.93,0.26,0.22,0 02:47:42 25/08/20
0,99.9,15.2,2.92,2.93,0.18,0.17,1 02:53:10 25/08/20
0,99.9,15.1,2.92,2.93,0.25,0.22,0 02:58:38 25/08/20
0,99.9,15.1,2.92,2.93,0.19,0.17,1 03:04:08 25/08/20
0,99.9,15.0,2.92,2.93,0.26,0.23,0 03:09:36 25/08/20
0,99.9,15.0,2.92,2.93,0.18,0.17,1 03:15:03 25/08/20
0,99.9,14.9,2.92,2.93,0.15,0.14,1 03:20:35 25/08/20
0,99.9,14.9,2.92,2.93,0.26,0.23,0 03:26:09 25/08/20
0,99.9,14.9,2.92,2.93,0.19,0.17,1 03:31:38 25/08/20
0,99.9,14.8,2.92,2.92,0.25,0.22,0 03:37:05 25/08/20
0,99.9,14.8,2.92,2.93,0.17,0.16,1 03:42:33 25/08/20
0,99.9,14.7,2.92,2.92,0.26,0.23,0 03:48:02 25/08/20
0,99.9,14.7,2.92,2.93,0.19,0.17,1 03:53:31 25/08/20
0,99.9,14.7,2.92,2.92,0.25,0.22,0 03:58:58 25/08/20
0,99.9,14.6,2.92,2.93,0.19,0.17,1 04:04:27 25/08/20
0,99.9,14.6,2.92,2.92,0.26,0.23,0 04:09:55 25/08/20
0,99.9,14.5,2.92,2.92,0.19,0.17,1 04:15:24 25/08/20
0,99.9,14.5,2.92,2.92,0.21,0.19,0 04:20:49 25/08/20
0,99.9,14.4,2.92,2.92,0.17,0.16,1 04:26:19 25/08/20
0,99.9,14.4,2.92,2.92,0.26,0.23,0 04:31:48 25/08/20
0,99.9,14.4,2.92,2.92,0.19,0.17,1 04:37:16 25/08/20
0,99.9,14.3,2.92,2.92,0.26,0.22,0 04:42:44 25/08/20
0,99.9,14.3,2.92,2.92,0.19,0.17,1 04:48:12 25/08/20
0,99.9,14.2,2.92,2.92,0.15,0.14,1 04:53:44 25/08/20
0,99.9,14.2,2.92,2.92,0.26,0.23,0 04:59:18 25/08/20
0,99.9,14.2,2.92,2.92,0.19,0.17,1 05:04:46 25/08/20
0,99.9,14.1,2.92,2.92,0.23,0.2,0 05:10:13 25/08/20
0,99.9,14.1,2.92,2.92,0.19,0.17,1 05:15:43 25/08/20
0,99.9,14.0,2.92,2.92,0.26,0.22,0 05:21:10 25/08/20
0,99.9,14.0,2.92,2.92,0.19,0.18,1 05:26:40 25/08/20
0,99.9,14.0,2.92,2.92,0.26,0.23,0 05:32:07 25/08/20
0,99.9,14.0,2.92,2.92,0.19,0.17,1 05:37:35 25/08/20
0,99.9,14.0,2.92,2.92,0.26,0.23,0 05:43:03 25/08/20
0,99.9,14.0,2.92,2.92,0.19,0.17,1 05:48:31 25/08/20
0,99.9,14.0,2.92,2.92,0.26,0.23,0 05:54:00 25/08/20
0,99.9,14.1,2.92,2.92,0.19,0.17,1 05:59:28 25/08/20
0,99.9,14.1,2.92,2.92,0.26,0.23,0 06:04:56 25/08/20
0,99.9,14.1,2.92,2.92,0.19,0.17,1 06:10:25 25/08/20
0,99.9,14.2,2.92,2.92,0.26,0.23,0 06:15:52 25/08/20
0,99.9,14.2,2.92,2.92,0.19,0.17,1 06:21:20 25/08/20
0,99.9,14.2,2.92,2.92,0.23,0.2,0 06:26:47 25/08/20
0,99.9,14.3,2.92,2.92,0.19,0.17,1 06:32:17 25/08/20
0,99.9,14.3,2.92,2.92,0.27,0.23,0 06:37:46 25/08/20
0,99.9,14.3,2.92,2.92,0.19,0.17,1 06:43:13 25/08/20
0,99.9,14.3,2.92,2.92,0.26,0.23,0 06:48:42 25/08/20
0,99.9,14.4,2.92,2.92,0.19,0.17,1 06:54:10 25/08/20
0,99.9,14.4,2.92,2.92,0.27,0.23,0 06:59:38 25/08/20
0,99.9,14.5,2.92,2.92,0.19,0.17,1 07:05:07 25/08/20
0,99.9,14.5,2.92,2.92,0.26,0.23,0 07:10:34 25/08/20
0,99.9,14.5,2.92,2.92,0.21,0.18,0 07:16:06 25/08/20
0,99.9,14.6,2.92,2.92,0.19,0.17,1 07:21:40 25/08/20
0,99.9,14.6,2.92,2.92,0.27,0.23,0 07:27:10 25/08/20
0,99.9,14.7,2.92,2.93,0.19,0.17,1 07:32:37 25/08/20
0,99.9,14.7,2.92,2.92,0.26,0.23,0 07:38:05 25/08/20
0,99.9,14.8,2.92,2.92,0.19,0.17,1 07:43:33 25/08/20
0,99.9,14.9,2.92,2.92,0.27,0.23,0 07:49:02 25/08/20
0,99.9,15.0,2.92,2.92,0.19,0.17,1 07:54:29 25/08/20
0,99.9,15.1,2.92,2.92,0.16,0.14,1 08:00:01 25/08/20
0,99.9,15.1,2.92,2.92,0.27,0.24,0 08:05:36 25/08/20
0,99.9,15.2,2.92,2.92,0.19,0.17,1 08:11:04 25/08/20
0,99.9,15.3,2.92,2.92,0.26,0.23,0 08:16:31 25/08/20
0,99.9,15.4,2.92,2.92,0.19,0.18,1 08:22:01 25/08/20
0,99.9,15.5,2.92,2.92,0.27,0.24,0 08:27:28 25/08/20
0,99.9,15.6,2.92,2.92,0.19,0.17,1 08:32:56 25/08/20
0,99.9,15.7,2.92,2.92,0.16,0.14,1 08:38:28 25/08/20
0,99.9,15.9,2.92,2.92,0.27,0.24,0 08:44:02 25/08/20
0,99.9,16.0,2.92,2.92,0.19,0.17,1 08:49:30 25/08/20
0,99.9,16.1,2.91,2.92,0.28,0.24,0 08:55:00 25/08/20
0,99.9,16.3,2.91,2.92,0.19,0.18,1 09:00:27 25/08/20
0,99.9,16.6,2.92,2.92,0.26,0.23,0 09:05:55 25/08/20
0,99.9,16.8,2.92,2.92,0.17,0.16,1 09:11:22 25/08/20
0,99.9,17.1,2.91,2.92,0.26,0.23,0 09:16:52 25/08/20
0,99.9,17.4,2.91,2.92,0.19,0.18,1 09:22:21 25/08/20
0,99.9,17.6,2.91,2.92,0.26,0.23,0 09:27:49 25/08/20
0,99.9,17.9,2.91,2.92,0.19,0.18,1 09:33:18 25/08/20
0,99.9,18.3,2.91,2.92,0.26,0.23,0 09:38:46 25/08/20
0,99.9,18.6,2.91,2.92,0.19,0.18,1 09:44:16 25/08/20
0,99.9,19.0,2.91,2.92,0.27,0.24,0 09:49:44 25/08/20
0,99.9,19.4,2.91,2.92,0.18,0.16,1 09:55:11 25/08/20
0,99.9,19.6,2.91,2.92,0.26,0.23,0 10:00:41 25/08/20
0,99.9,19.7,2.91,2.92,0.19,0.18,1 10:06:10 25/08/20
0,99.9,19.8,2.91,2.92,0.27,0.24,0 10:11:39 25/08/20
0,99.9,19.8,2.91,2.92,0.21,0.19,0 10:17:11 25/08/20
0,99.9,19.9,2.91,2.92,0.19,0.17,1 10:22:45 25/08/20
0,99.9,19.9,2.91,2.91,0.27,0.24,0 10:28:15 25/08/20
0,99.9,20.0,2.91,2.92,0.21,0.18,0 10:33:47 25/08/20
0,99.9,20.0,2.91,2.92,0.2,0.18,1 10:39:22 25/08/20
0,99.9,19.9,2.91,2.92,0.26,0.23,0 10:44:49 25/08/20
0,99.9,19.9,2.91,2.92,0.19,0.17,1 10:50:18 25/08/20
0,99.9,19.9,2.91,2.92,0.27,0.24,0 10:55:47 25/08/20
0,99.9,20.0,2.91,2.92,0.19,0.18,1 11:01:16 25/08/20
0,99.9,20.1,2.91,2.92,0.16,0.15,1 11:06:48 25/08/20
0,99.9,20.2,2.91,2.92,0.26,0.24,0 11:12:22 25/08/20
0,99.9,20.5,2.91,2.92,0.19,0.17,1 11:17:51 25/08/20
0,99.9,20.9,2.91,2.91,0.27,0.24,0 11:23:21 25/08/20
0,99.9,21.3,2.91,2.92,0.19,0.18,1 11:28:49 25/08/20
0,99.9,21.6,2.91,2.92,0.27,0.24,0 11:34:18 25/08/20
0,99.9,21.8,2.91,2.92,0.19,0.18,1 11:39:47 25/08/20
0,99.9,21.9,2.91,2.92,0.27,0.24,0 11:45:16 25/08/20
0,99.9,22.1,2.91,2.92,0.19,0.18,1 11:50:46 25/08/20
0,99.9,22.1,2.91,2.92,0.27,0.24,0 11:56:15 25/08/20
0,99.9,22.1,2.91,2.92,0.19,0.18,1 12:01:44 25/08/20
0,99.9,21.9,2.91,2.92,0.16,0.15,1 12:07:16 25/08/20
0,99.9,21.7,2.91,2.92,0.24,0.21,0 12:12:49 25/08/20
0,99.9,21.6,2.91,2.92,0.19,0.18,1 12:18:20 25/08/20
0,99.9,21.6,2.91,2.92,0.27,0.24,0 12:23:49 25/08/20
0,99.9,21.5,2.91,2.92,0.19,0.18,1 12:29:18 25/08/20
0,99.9,21.5,2.91,2.92,0.27,0.24,0 12:34:47 25/08/20
0,99.9,21.7,2.91,2.92,0.21,0.18,0 12:40:20 25/08/20
0,99.9,22.0,2.91,2.92,0.19,0.18,1 12:45:54 25/08/20
0,99.9,22.2,2.91,2.92,0.27,0.24,0 12:51:23 25/08/20
0,99.9,22.2,2.91,2.92,0.19,0.17,1 12:56:51 25/08/20
0,99.9,22.2,2.91,2.92,0.27,0.24,0 13:02:20 25/08/20
0,99.9,22.2,2.91,2.92,0.18,0.16,1 13:07:48 25/08/20
0,99.9,22.1,2.91,2.92,0.27,0.24,0 13:13:18 25/08/20
0,99.9,22.0,2.91,2.92,0.19,0.17,1 13:18:48 25/08/20
0,99.9,21.8,2.91,2.92,0.28,0.25,0 13:24:18 25/08/20
0,99.9,21.6,2.91,2.92,0.2,0.18,1 13:29:47 25/08/20
0,99.9,21.5,2.91,2.92,0.16,0.15,1 13:35:18 25/08/20
0,99.9,21.7,2.91,2.92,0.27,0.24,0 13:40:53 25/08/20
0,99.9,21.9,2.91,2.92,0.18,0.16,1 13:46:21 25/08/20
0,99.9,22.1,2.91,2.92,0.16,0.15,1 13:51:54 25/08/20
0,99.9,22.1,2.91,2.92,0.27,0.24,0 13:57:29 25/08/20
0,99.9,22.2,2.91,2.92,0.21,0.19,0 14:03:01 25/08/20
1,99.9,22.3,2.91,2.92,0.19,0.18,1 14:08:36 25/08/20
0,99.9,22.4,2.91,2.92,0.27,0.24,0 14:14:05 25/08/20
0,99.9,22.6,2.91,2.92,0.19,0.18,1 14:19:34 25/08/20
0,99.9,22.8,2.91,2.92,0.27,0.24,0 14:25:03 25/08/20
0,99.9,23.0,2.91,2.92,0.19,0.17,1 14:30:32 25/08/20
0,99.9,23.2,2.91,2.92,0.26,0.24,0 14:36:01 25/08/20
0,99.9,23.3,2.91,2.92,0.19,0.17,1 14:41:31 25/08/20
0,99.9,23.3,2.91,2.92,0.27,0.24,0 14:47:00 25/08/20
0,99.9,23.4,2.91,2.92,0.19,0.18,1 14:52:29 25/08/20
0,99.9,23.6,2.91,2.92,0.26,0.24,0 14:57:58 25/08/20
0,99.9,23.9,2.91,2.92,0.19,0.17,1 15:03:27 25/08/20
0,99.9,24.5,2.91,2.92,0.27,0.24,0 15:08:57 25/08/20
0,99.9,25.2,2.91,2.92,0.19,0.18,1 15:14:27 25/08/20
0,99.9,25.9,2.91,2.92,0.26,0.24,0 15:19:56 25/08/20
0,99.9,26.3,2.92,2.92,0.19,0.18,1 15:25:26 25/08/20
0,99.9,26.5,2.91,2.92,0.27,0.24,0 15:30:55 25/08/20
0,99.9,27.3,2.92,2.92,0.19,0.17,1 15:36:24 25/08/20
0,99.9,28.2,2.91,2.92,0.27,0.24,0 15:41:55 25/08/20
0,99.9,28.4,2.92,2.92,0.19,0.18,1 15:47:25 25/08/20
0,99.9,28.2,2.92,2.92,0.26,0.24,0 15:52:54 25/08/20
0,99.9,27.6,2.92,2.92,0.2,0.18,1 15:58:25 25/08/20
0,99.9,27.0,2.92,2.92,0.26,0.24,0 16:03:53 25/08/20
0,99.9,26.4,2.92,2.92,0.19,0.18,1 16:09:24 25/08/20
0,99.9,25.9,2.92,2.92,0.27,0.24,0 16:14:53 25/08/20
0,99.9,25.3,2.92,2.92,0.16,0.15,1 16:20:20 25/08/20
0,99.9,24.8,2.92,2.92,0.27,0.24,0 16:25:52 25/08/20
0,99.9,24.3,2.92,2.92,0.17,0.16,1 16:31:20 25/08/20
0,99.9,23.8,2.92,2.92,0.25,0.22,0 16:36:49 25/08/20
0,99.9,23.2,2.92,2.92,0.21,0.19,0 16:42:23 25/08/20
0,99.9,22.7,2.92,2.92,0.19,0.18,1 16:47:58 25/08/20
0,99.9,22.3,2.92,2.92,0.27,0.24,0 16:53:27 25/08/20
0,99.9,21.8,2.92,2.92,0.19,0.18,1 16:58:56 25/08/20
0,99.9,21.6,2.92,2.92,0.26,0.24,0 17:04:25 25/08/20
0,99.9,21.4,2.92,2.92,0.19,0.18,1 17:09:54 25/08/20
0,99.9,21.3,2.92,2.92,0.27,0.24,0 17:15:23 25/08/20
0,99.9,21.4,2.92,2.92,0.19,0.18,1 17:20:52 25/08/20
0,99.9,21.4,2.92,2.92,0.26,0.24,0 17:26:21 25/08/20
0,99.9,21.4,2.92,2.92,0.19,0.18,1 17:31:50 25/08/20
0,99.9,21.5,2.92,2.92,0.27,0.24,0 17:37:19 25/08/20
0,99.9,21.7,2.92,2.92,0.21,0.19,0 17:42:52 25/08/20
0,99.9,21.9,2.92,2.92,0.2,0.18,0 17:48:31 25/08/20
0,99.9,22.2,2.92,2.92,0.19,0.18,1 17:54:04 25/08/20
0,99.9,22.7,2.92,2.92,0.27,0.24,0 17:59:33 25/08/20
0,99.9,23.3,2.92,2.92,0.19,0.18,1 18:05:02 25/08/20
0,99.9,24.3,2.92,2.93,0.16,0.14,1 18:10:35 25/08/20
0,99.9,25.4,2.92,2.92,0.26,0.24,0 18:16:09 25/08/20
0,99.9,26.2,2.92,2.92,0.19,0.18,1 18:21:39 25/08/20
0,99.9,26.6,2.92,2.92,0.16,0.14,1 18:27:12 25/08/20
0,99.9,26.7,2.92,2.92,0.26,0.24,0 18:32:47 25/08/20
0,99.9,26.6,2.92,2.92,0.19,0.18,1 18:38:17 25/08/20
0,99.9,26.3,2.92,2.92,0.26,0.23,0 18:43:46 25/08/20
0,99.9,25.9,2.92,2.92,0.19,0.18,1 18:49:16 25/08/20
0,99.9,25.5,2.92,2.92,0.26,0.23,0 18:54:45 25/08/20
0,99.9,25.1,2.92,2.92,0.19,0.17,1 19:00:15 25/08/20
0,99.9,24.8,2.92,2.92,0.26,0.23,0 19:05:44 25/08/20
0,99.9,24.6,2.92,2.93,0.19,0.18,1 19:11:14 25/08/20
0,99.9,24.4,2.92,2.92,0.26,0.23,0 19:16:43 25/08/20
0,99.9,24.1,2.92,2.92,0.19,0.17,1 19:22:13 25/08/20
0,99.9,23.9,2.92,2.92,0.26,0.24,0 19:27:42 25/08/20
0,99.9,23.8,2.92,2.93,0.19,0.17,1 19:33:12 25/08/20
0,99.9,23.6,2.92,2.92,0.26,0.23,0 19:38:40 25/08/20
0,99.9,23.4,2.92,2.93,0.19,0.18,1 19:44:11 25/08/20
0,99.9,23.3,2.92,2.93,0.26,0.24,0 19:49:39 25/08/20
0,99.9,23.2,2.92,2.93,0.19,0.17,1 19:55:09 25/08/20
0,99.9,23.1,2.92,2.92,0.26,0.23,0 20:00:37 25/08/20
0,99.9,23.0,2.92,2.93,0.19,0.17,1 20:06:06 25/08/20
0,99.9,22.9,2.92,2.92,0.27,0.25,0 20:11:37 25/08/20
0,99.9,22.7,2.92,2.93,0.19,0.17,1 20:17:05 25/08/20
0,99.9,22.6,2.92,2.92,0.26,0.24,0 20:22:34 25/08/20
0,99.9,22.5,2.92,2.93,0.19,0.17,1 20:28:04 25/08/20
0,99.9,22.4,2.92,2.92,0.26,0.23,0 20:33:32 25/08/20
0,99.9,22.3,2.92,2.93,0.19,0.17,1 20:39:01 25/08/20
0,99.9,22.2,2.92,2.93,0.26,0.23,0 20:44:30 25/08/20
0,99.9,22.2,2.92,2.93,0.19,0.17,1 20:49:59 25/08/20
0,99.9,22.1,2.92,2.93,0.26,0.23,0 20:55:28 25/08/20
0,99.9,22.1,2.92,2.93,0.17,0.16,1 21:00:57 25/08/20
0,99.9,22.0,2.92,2.93,0.27,0.24,0 21:06:28 25/08/20
0,99.9,21.9,2.92,2.93,0.19,0.17,1 21:11:56 25/08/20
0,99.9,21.9,2.92,2.93,0.26,0.24,0 21:17:25 25/08/20
0,99.9,21.8,2.92,2.93,0.19,0.17,1 21:22:54 25/08/20
0,99.9,21.6,2.92,2.93,0.26,0.24,0 21:28:23 25/08/20
0,99.9,21.4,2.92,2.93,0.19,0.17,1 21:33:52 25/08/20
0,99.9,21.0,2.92,2.93,0.15,0.14,1 21:39:24 25/08/20
0,99.9,20.6,2.92,2.93,0.26,0.23,0 21:44:58 25/08/20
0,99.9,20.3,2.92,2.93,0.19,0.17,1 21:50:27 25/08/20
0,99.9,20.0,2.92,2.93,0.25,0.23,0 21:55:56 25/08/20
0,99.9,19.9,2.92,2.93,0.19,0.17,1 22:01:25 25/08/20
0,99.9,19.8,2.92,2.93,0.26,0.24,0 22:06:54 25/08/20
0,99.9,19.7,2.92,2.93,0.17,0.16,1 22:12:22 25/08/20
0,99.9,19.6,2.92,2.93,0.26,0.23,0 22:17:51 25/08/20
1,99.9,19.6,2.92,2.93,0.18,0.17,1 22:23:20 25/08/20
0,99.9,19.5,2.92,2.92,0.26,0.24,0 22:28:49 25/08/20
0,99.9,19.5,2.92,2.93,0.19,0.18,1 22:34:19 25/08/20
0,99.9,19.5,2.92,2.92,0.26,0.23,0 22:39:46 25/08/20
0,99.9,19.4,2.92,2.93,0.19,0.17,1 22:45:16 25/08/20
0,99.9,19.4,2.92,2.93,0.26,0.24,0 22:50:44 25/08/20
0,99.9,19.3,2.92,2.93,0.19,0.18,1 22:56:14 25/08/20
0,99.9,19.3,2.92,2.93,0.21,0.2,0 23:01:39 25/08/20
0,99.9,19.3,2.92,2.93,0.19,0.17,1 23:07:11 25/08/20
0,99.9,19.3,2.92,2.92,0.26,0.24,0 23:12:39 25/08/20
0,99.9,19.2,2.92,2.93,0.18,0.17,1 23:18:08 25/08/20
0,99.9,19.2,2.92,2.92,0.25,0.23,0 23:23:36 25/08/20
0,99.9,19.1,2.92,2.93,0.19,0.17,1 23:29:05 25/08/20
0,99.9,19.1,2.92,2.93,0.26,0.24,0 23:34:34 25/08/20
0,99.9,19.0,2.92,2.93,0.18,0.17,1 23:40:02 25/08/20
0,99.9,19.0,2.92,2.92,0.26,0.24,0 23:45:32 25/08/20
0,99.9,18.9,2.92,2.93,0.19,0.17,1 23:51:00 25/08/20
0,99.9,18.9,2.92,2.92,0.25,0.23,0 23:56:28 25/08/20
