0,99.9,16.8,2.91,2.92,0.19,0.17,1 00:04:19 27/08/20
0,99.9,16.9,2.91,2.92,0.27,0.25,0 00:09:48 27/08/20
0,99.9,16.8,2.91,2.92,0.19,0.17,1 00:15:16 27/08/20
0,99.9,16.8,2.91,2.92,0.27,0.25,0 00:20:45 27/08/20
0,99.9,16.8,2.91,2.92,0.19,0.18,1 00:26:14 27/08/20
0,99.9,16.8,2.91,2.92,0.26,0.24,0 00:31:42 27/08/20
0,99.9,16.7,2.91,2.92,0.19,0.18,1 00:37:10 27/08/20
0,99.9,16.8,2.91,2.91,0.27,0.24,0 00:42:38 27/08/20
0,99.9,16.8,2.91,2.92,0.19,0.18,1 00:48:07 27/08/20
0,99.9,16.8,2.91,2.91,0.26,0.24,0 00:53:35 27/08/20
0,99.9,16.8,2.91,2.92,0.19,0.18,1 00:59:04 27/08/20
0,99.9,16.8,2.91,2.91,0.26,0.24,0 01:04:32 27/08/20
0,99.9,16.7,2.91,2.91,0.22,0.2,0 01:10:04 27/08/20
0,99.9,16.7,2.91,2.92,0.2,0.18,1 01:15:38 27/08/20
0,99.9,16.7,2.91,2.91,0.26,0.24,0 01:21:06 27/08/20
0,99.9,16.7,2.91,2.91,0.22,0.2,0 01:26:39 27/08/20
0,99.9,16.7,2.91,2.92,0.2,0.18,1 01:32:13 27/08/20
0,99.9,16.7,2.91,2.91,0.27,0.24,0 01:37:40 27/08/20
0,99.9,16.6,2.91,2.92,0.19,0.18,1 01:43:09 27/08/20
0,99.9,16.6,2.91,2.91,0.27,0.24,0 01:48:37 27/08/20
0,99.9,16.6,2.91,2.91,0.21,0.19,0 01:54:10 27/08/20
0,99.9,16.6,2.91,2.92,0.2,0.18,1 01:59:44 27/08/20
0,99.9,16.5,2.91,2.91,0.27,0.24,0 02:05:11 27/08/20
0,99.9,16.5,2.91,2.91,0.2,0.18,1 02:10:40 27/08/20
0,99.9,16.5,2.91,2.91,0.26,0.24,0 02:16:08 27/08/20
0,99.9,16.5,2.91,2.92,0.2,0.18,1 02:21:37 27/08/20
0,99.9,16.4,2.91,2.91,0.24,0.22,0 02:27:04 27/08/20
0,99.9,16.4,2.91,2.91,0.19,0.18,1 02:32:33 27/08/20
0,99.9,16.3,2.91,2.91,0.27,0.25,0 02:38:02 27/08/20
0,99.9,16.2,2.91,2.91,0.19,0.17,1 02:43:30 27/08/20
0,99.9,16.2,2.91,2.91,0.27,0.25,0 02:48:59 27/08/20
0,99.9,16.1,2.91,2.91,0.2,0.18,1 02:54:28 27/08/20
0,99.9,16.1,2.91,2.91,0.27,0.24,0 02:59:55 27/08/20
0,99.9,16.0,2.91,2.91,0.2,0.18,1 03:05:24 27/08/20
0,99.9,16.0,2.91,2.91,0.27,0.25,0 03:10:53 27/08/20
0,99.9,16.0,2.91,2.91,0.19,0.18,1 03:16:20 27/08/20
0,99.9,15.9,2.91,2.91,0.28,0.25,0 03:21:49 27/08/20
0,99.9,15.9,2.91,2.91,0.19,0.18,1 03:27:17 27/08/20
0,99.9,15.9,2.91,2.91,0.27,0.24,0 03:32:45 27/08/20
0,99.9,15.8,2.91,2.91,0.2,0.18,1 03:38:14 27/08/20
0,99.9,15.7,2.91,2.91,0.27,0.24,0 03:43:42 27/08/20
0,99.9,15.7,2.91,2.91,0.19,0.18,1 03:49:10 27/08/20
0,99.9,15.6,2.91,2.91,0.28,0.25,0 03:54:39 27/08/20
0,99.9,15.5,2.91,2.91,0.2,0.18,1 04:00:08 27/08/20
0,99.9,15.4,2.91,2.91,0.27,0.24,0 04:05:35 27/08/20
0,99.9,15.3,2.91,2.91,0.2,0.18,1 04:11:04 27/08/20
0,99.9,15.2,2.91,2.91,0.27,0.25,0 04:16:32 27/08/20
0,99.9,15.1,2.91,2.91,0.19,0.18,1 04:22:00 27/08/20
0,99.9,15.0,2.91,2.91,0.27,0.24,0 04:27:28 27/08/20
0,99.9,14.8,2.91,2.91,0.2,0.18,1 04:32:57 27/08/20
0,99.9,14.6,2.91,2.91,0.27,0.25,0 04:38:25 27/08/20
0,99.9,14.6,2.91,2.91,0.19,0.18,1 04:43:53 27/08/20
0,99.9,14.4,2.91,2.91,0.27,0.24,0 04:49:21 27/08/20
0,99.9,14.3,2.91,2.91,0.19,0.18,1 04:54:49 27/08/20
0,99.9,14.1,2.91,2.91,0.28,0.25,0 05:00:18 27/08/20
0,99.9,14.1,2.91,2.91,0.2,0.18,1 05:05:47 27/08/20
0,99.9,14.0,2.91,2.91,0.27,0.25,0 05:11:14 27/08/20
0,99.9,13.8,2.91,2.91,0.2,0.18,1 05:16:43 27/08/20
0,99.9,13.8,2.91,2.91,0.27,0.24,0 05:22:10 27/08/20
0,99.9,13.6,2.91,2.91,0.19,0.18,1 05:27:38 27/08/20
0,99.9,13.5,2.91,2.91,0.27,0.24,0 05:33:06 27/08/20
0,99.9,13.4,2.91,2.91,0.19,0.18,1 05:38:35 27/08/20
0,99.9,13.3,2.91,2.91,0.1,0.1,1 05:44:04 27/08/20
0,99.9,13.3,2.91,2.91,0.28,0.25,0 05:49:31 27/08/20
0,99.9,13.2,2.91,2.91,0.2,0.18,1 05:54:59 27/08/20
0,99.9,13.1,2.91,2.91,0.28,0.25,0 06:00:27 27/08/20
0,99.9,13.0,2.91,2.91,0.2,0.18,1 06:05:55 27/08/20
0,99.9,12.9,2.91,2.91,0.28,0.25,0 06:11:23 27/08/20
0,99.9,12.8,2.91,2.91,0.17,0.16,1 06:16:49 27/08/20
0,99.9,12.8,2.91,2.91,0.28,0.25,0 06:22:19 27/08/20
0,99.9,12.7,2.91,2.91,0.2,0.18,1 06:27:47 27/08/20
0,99.9,12.6,2.91,2.91,0.28,0.25,0 06:33:15 27/08/20
0,99.9,12.6,2.91,2.91,0.2,0.18,1 06:38:44 27/08/20
0,99.9,12.5,2.91,2.91,0.28,0.25,0 06:44:12 27/08/20
0,99.9,12.5,2.91,2.91,0.2,0.18,1 06:49:40 27/08/20
0,99.9,12.4,2.91,2.91,0.28,0.25,0 06:55:08 27/08/20
0,99.9,12.4,2.91,2.91,0.2,0.18,1 07:00:36 27/08/20
0,99.9,12.5,2.91,2.91,0.28,0.25,0 07:06:04 27/08/20
0,99.9,12.6,2.91,2.91,0.2,0.18,1 07:11:32 27/08/20
0,99.9,12.7,2.91,2.91,0.28,0.25,0 07:17:00 27/08/20
0,99.9,12.8,2.91,2.91,0.2,0.18,1 07:22:28 27/08/20
0,99.9,13.0,2.9,2.91,0.27,0.24,0 07:27:55 27/08/20
0,99.9,13.1,2.91,2.91,0.16,0.15,1 07:33:21 27/08/20
0,99.9,13.3,2.91,2.91,0.27,0.25,0 07:38:51 27/08/20
0,99.9,13.4,2.9,2.91,0.19,0.18,1 07:44:19 27/08/20
0,99.9,13.6,2.91,2.91,0.27,0.24,0 07:49:47 27/08/20
0,99.9,13.7,2.9,2.9,0.19,0.18,1 07:55:15 27/08/20
0,99.9,13.8,2.9,2.91,0.28,0.25,0 08:00:45 27/08/20
0,99.9,14.1,2.91,2.91,0.2,0.18,1 08:06:13 27/08/20
0,99.9,14.2,2.9,2.91,0.28,0.25,0 08:11:40 27/08/20
0,99.9,14.4,2.9,2.91,0.2,0.18,1 08:17:09 27/08/20
0,99.9,14.6,2.91,2.91,0.27,0.25,0 08:22:36 27/08/20
0,99.9,14.8,2.9,2.91,0.19,0.18,1 08:28:04 27/08/20
0,99.9,15.1,2.9,2.9,0.28,0.25,0 08:33:33 27/08/20
0,99.9,15.5,2.9,2.9,0.2,0.18,1 08:39:01 27/08/20
0,99.9,15.7,2.9,2.9,0.27,0.25,0 08:44:29 27/08/20
0,99.9,16.0,2.9,2.91,0.2,0.19,1 08:49:59 27/08/20
0,99.9,16.1,2.9,2.9,0.28,0.25,0 08:55:26 27/08/20
0,99.9,16.3,2.9,2.9,0.19,0.18,1 09:00:54 27/08/20
0,99.9,16.4,2.9,2.9,0.28,0.26,0 09:06:24 27/08/20
0,99.9,16.5,2.9,2.91,0.2,0.18,1 09:11:52 27/08/20
0,99.9,16.6,2.9,2.9,0.27,0.25,0 09:17:19 27/08/20
0,99.9,16.8,2.9,2.9,0.2,0.18,1 09:22:48 27/08/20
0,99.9,16.9,2.9,2.9,0.27,0.25,0 09:28:16 27/08/20
0,99.9,16.9,2.9,2.9,0.2,0.18,1 09:33:45 27/08/20
0,99.9,17.0,2.9,2.9,0.28,0.25,0 09:39:14 27/08/20
0,99.9,17.1,2.9,2.9,0.19,0.18,1 09:44:42 27/08/20
0,99.9,17.1,2.9,2.9,0.28,0.25,0 09:50:10 27/08/20
0,99.9,17.3,2.9,2.9,0.2,0.18,1 09:55:38 27/08/20
0,99.9,17.5,2.9,2.9,0.24,0.22,0 10:01:05 27/08/20
0,99.9,17.7,2.9,2.9,0.2,0.18,1 10:06:35 27/08/20
0,99.9,18.0,2.9,2.9,0.28,0.25,0 10:12:04 27/08/20
0,99.9,18.3,2.9,2.9,0.2,0.18,1 10:17:33 27/08/20
0,99.9,18.6,2.9,2.9,0.27,0.25,0 10:23:01 27/08/20
0,99.9,18.8,2.9,2.9,0.2,0.18,1 10:28:30 27/08/20
0,99.9,18.9,2.9,2.9,0.27,0.25,0 10:33:58 27/08/20
0,99.9,19.1,2.9,2.9,0.2,0.18,1 10:39:28 27/08/20
0,99.9,19.2,2.9,2.9,0.28,0.25,0 10:44:56 27/08/20
0,99.9,19.5,2.9,2.9,0.19,0.18,1 10:50:24 27/08/20
0,99.9,19.8,2.9,2.9,0.27,0.25,0 10:55:53 27/08/20
0,99.9,20.1,2.9,2.9,0.2,0.18,1 11:01:22 27/08/20
0,99.9,20.5,2.9,2.9,0.29,0.26,0 11:06:52 27/08/20
0,99.9,20.7,2.9,2.9,0.2,0.19,1 11:12:21 27/08/20
0,99.9,20.9,2.9,2.9,0.27,0.25,0 11:17:48 27/08/20
0,99.9,21.2,2.9,2.9,0.2,0.18,1 11:23:17 27/08/20
0,99.9,21.5,2.9,2.9,0.23,0.21,0 11:28:44 27/08/20
0,99.9,21.8,2.9,2.9,0.2,0.18,1 11:34:15 27/08/20
0,99.9,22.2,2.9,2.9,0.28,0.25,0 11:39:44 27/08/20
0,99.9,23.0,2.9,2.9,0.2,0.18,1 11:45:13 27/08/20
0,99.9,23.6,2.9,2.9,0.27,0.25,0 11:50:42 27/08/20
0,99.9,23.8,2.9,2.9,0.18,0.17,1 11:56:11 27/08/20
0,99.9,24.0,2.9,2.9,0.28,0.25,0 12:01:41 27/08/20
0,99.9,24.4,2.9,2.91,0.2,0.18,1 12:07:11 27/08/20
0,99.9,24.9,2.9,2.9,0.27,0.25,0 12:12:39 27/08/20
0,99.9,25.5,2.9,2.9,0.2,0.18,1 12:18:09 27/08/20
0,99.9,25.6,2.9,2.9,0.28,0.25,0 12:23:38 27/08/20
0,99.9,25.5,2.9,2.91,0.18,0.16,1 12:29:06 27/08/20
0,99.9,25.8,2.9,2.9,0.23,0.21,0 12:34:35 27/08/20
0,99.9,27.1,2.9,2.91,0.2,0.19,1 12:40:07 27/08/20
0,99.9,28.2,2.9,2.91,0.28,0.25,0 12:45:36 27/08/20
0,99.9,29.4,2.9,2.91,0.22,0.2,0 12:51:10 27/08/20
0,99.9,31.2,2.9,2.91,0.2,0.18,1 12:56:45 27/08/20
0,99.9,32.6,2.9,2.91,0.28,0.25,0 13:02:16 27/08/20
0,99.9,33.7,2.9,2.91,0.2,0.19,1 13:07:46 27/08/20
0,99.9,34.4,2.9,2.91,0.29,0.26,0 13:13:18 27/08/20
0,99.9,34.8,2.9,2.91,0.2,0.18,1 13:18:47 27/08/20
0,99.9,34.9,2.9,2.91,0.28,0.26,0 13:24:19 27/08/20
0,99.9,35.3,2.9,2.91,0.2,0.19,1 13:29:50 27/08/20
0,99.9,35.1,2.9,2.91,0.28,0.26,0 13:35:20 27/08/20
0,99.9,35.0,2.9,2.91,0.2,0.19,1 13:40:51 27/08/20
0,99.9,35.5,2.9,2.91,0.28,0.25,0 13:46:22 27/08/20
0,99.9,36.1,2.9,2.91,0.2,0.18,1 13:51:52 27/08/20
0,99.9,36.6,2.9,2.91,0.26,0.23,0 13:57:22 27/08/20
0,99.9,37.5,2.9,2.91,0.2,0.19,1 14:02:56 27/08/20
0,99.9,38.3,2.9,2.91,0.28,0.25,0 14:08:26 27/08/20
0,98.0,38.8,2.9,2.92,0.2,0.18,1 14:13:57 27/08/20
0,98.9,38.7,2.91,2.92,0.28,0.25,0 14:19:29 27/08/20
0,96.5,38.4,2.91,2.92,0.2,0.19,1 14:25:01 27/08/20
0,98.0,38.2,2.91,2.92,0.27,0.25,0 14:30:31 27/08/20
0,98.7,38.3,2.91,2.92,0.2,0.18,1 14:36:03 27/08/20
0,96.7,38.3,2.91,2.92,0.28,0.25,0 14:41:35 27/08/20
0,94.8,37.9,2.91,2.92,0.19,0.18,1 14:47:05 27/08/20
0,95.2,37.9,2.91,2.92,0.16,0.15,1 14:52:40 27/08/20
0,97.5,38.0,2.91,2.92,0.28,0.25,0 14:58:17 27/08/20
0,95.1,37.7,2.91,2.92,0.2,0.18,1 15:03:49 27/08/20
0,93.4,37.0,2.91,2.92,0.28,0.25,0 15:09:20 27/08/20
0,96.0,37.1,2.91,2.92,0.19,0.18,1 15:14:50 27/08/20
0,94.4,37.5,2.91,2.92,0.27,0.25,0 15:20:22 27/08/20
0,95.8,38.1,2.91,2.92,0.2,0.18,1 15:25:53 27/08/20
0,91.0,38.1,2.91,2.92,0.24,0.22,0 15:31:23 27/08/20
0,91.3,37.4,2.91,2.93,0.19,0.18,1 15:36:55 27/08/20
0,93.7,37.5,2.91,2.92,0.26,0.25,0 15:42:26 27/08/20
0,94.9,38.0,2.91,2.93,0.22,0.2,0 15:48:01 27/08/20
0,91.4,38.5,2.91,2.93,0.2,0.18,1 15:53:38 27/08/20
0,84.8,37.9,2.91,2.93,0.26,0.24,0 15:59:09 27/08/20
0,80.5,36.6,2.91,2.93,0.19,0.18,1 16:04:41 27/08/20
0,83.9,35.4,2.91,2.93,0.28,0.25,0 16:10:12 27/08/20
0,87.0,34.7,2.91,2.93,0.19,0.18,1 16:15:42 27/08/20
0,86.6,34.2,2.91,2.93,0.27,0.25,0 16:21:14 27/08/20
0,86.7,33.9,2.92,2.94,0.19,0.18,1 16:26:44 27/08/20
0,87.7,33.9,2.91,2.93,0.26,0.24,0 16:32:15 27/08/20
0,87.3,33.9,2.92,2.93,0.19,0.17,1 16:37:45 27/08/20
0,82.4,33.6,2.92,2.93,0.26,0.25,0 16:43:16 27/08/20
0,81.0,32.9,2.92,2.93,0.19,0.17,1 16:48:47 27/08/20
0,82.0,32.1,2.92,2.93,0.26,0.24,0 16:54:18 27/08/20
0,79.4,31.1,2.92,2.94,0.19,0.17,1 16:59:47 27/08/20
0,79.0,30.1,2.92,2.94,0.16,0.15,1 17:05:21 27/08/20
0,81.7,29.3,2.92,2.94,0.27,0.25,0 17:10:58 27/08/20
0,81.6,28.6,2.92,2.94,0.17,0.16,1 17:16:25 27/08/20
0,89.4,28.8,2.92,2.94,0.27,0.25,0 17:21:58 27/08/20
0,88.6,29.6,2.92,2.94,0.21,0.19,0 17:27:30 27/08/20
0,88.6,30.2,2.92,2.94,0.21,0.19,0 17:33:10 27/08/20
0,84.2,30.7,2.92,2.94,0.19,0.18,1 17:38:45 27/08/20
0,84.7,30.7,2.92,2.94,0.26,0.24,0 17:44:16 27/08/20
0,86.2,30.9,2.92,2.94,0.19,0.17,1 17:49:45 27/08/20
0,87.4,31.3,2.92,2.94,0.15,0.14,1 17:55:19 27/08/20
0,87.2,31.6,2.92,2.94,0.26,0.24,0 18:00:55 27/08/20
0,85.9,31.8,2.92,2.94,0.18,0.17,1 18:06:25 27/08/20
0,84.0,31.5,2.92,2.94,0.26,0.25,0 18:11:57 27/08/20
0,83.6,31.0,2.92,2.94,0.19,0.17,1 18:17:26 27/08/20
0,80.5,30.2,2.92,2.94,0.25,0.23,0 18:23:02 27/08/20
0,79.8,29.3,2.92,2.94,0.18,0.17,1 18:28:35 27/08/20
0,80.8,28.5,2.92,2.94,0.25,0.23,0 18:34:05 27/08/20
0,81.8,27.8,2.92,2.94,0.19,0.17,1 18:39:36 27/08/20
0,82.7,27.2,2.92,2.94,0.25,0.23,0 18:45:05 27/08/20
0,83.7,26.7,2.92,2.94,0.2,0.18,0 18:50:38 27/08/20
0,85.0,26.2,2.92,2.94,0.18,0.17,1 18:56:13 27/08/20
0,85.0,25.8,2.92,2.94,0.25,0.23,0 19:01:43 27/08/20
0,85.7,25.3,2.92,2.94,0.18,0.17,1 19:07:12 27/08/20
0,86.9,24.9,2.92,2.94,0.25,0.23,0 19:12:42 27/08/20
0,88.9,24.6,2.92,2.94,0.18,0.17,1 19:18:11 27/08/20
0,89.9,24.4,2.92,2.94,0.25,0.23,0 19:23:41 27/08/20
0,90.5,24.2,2.92,2.94,0.19,0.17,1 19:29:11 27/08/20
0,91.0,24.0,2.92,2.94,0.25,0.23,0 19:34:39 27/08/20
0,91.5,23.8,2.92,2.94,0.19,0.17,1 19:40:09 27/08/20
0,91.3,23.6,2.92,2.94,0.25,0.23,0 19:45:39 27/08/20
0,91.7,23.4,2.92,2.94,0.18,0.17,1 19:51:07 27/08/20
0,91.8,23.2,2.92,2.94,0.23,0.21,0 19:56:36 27/08/20
0,92.0,23.1,2.92,2.94,0.18,0.17,1 20:02:06 27/08/20
0,92.0,22.8,2.92,2.94,0.25,0.23,0 20:07:35 27/08/20
0,92.3,22.6,2.92,2.94,0.18,0.17,1 20:13:05 27/08/20
0,92.5,22.4,2.92,2.94,0.24,0.22,0 20:18:33 27/08/20
0,92.9,22.1,2.92,2.94,0.18,0.17,1 20:24:02 27/08/20
0,92.7,21.9,2.92,2.94,0.24,0.22,0 20:29:38 27/08/20
0,93.1,21.6,2.92,2.94,0.2,0.18,0 20:35:13 27/08/20
0,93.7,21.4,2.92,2.94,0.17,0.16,1 20:40:46 27/08/20
0,93.8,21.2,2.92,2.94,0.24,0.22,0 20:46:16 27/08/20
0,94.1,21.0,2.92,2.94,0.18,0.16,1 20:51:45 27/08/20
0,94.9,20.8,2.92,2.94,0.23,0.21,0 20:57:13 27/08/20
0,95.8,20.6,2.92,2.94,0.18,0.16,1 21:02:43 27/08/20
0,95.4,20.4,2.92,2.94,0.24,0.22,0 21:08:12 27/08/20
0,95.9,20.2,2.92,2.94,0.18,0.17,1 21:13:42 27/08/20
0,96.3,20.0,2.92,2.94,0.25,0.23,0 21:19:10 27/08/20
0,97.1,19.7,2.92,2.94,0.18,0.17,1 21:24:39 27/08/20
0,97.5,19.6,2.92,2.94,0.24,0.22,0 21:30:08 27/08/20
0,97.9,19.4,2.92,2.94,0.18,0.17,1 21:35:36 27/08/20
0,98.5,19.2,2.92,2.94,0.25,0.23,0 21:41:06 27/08/20
0,98.7,19.1,2.92,2.94,0.18,0.17,1 21:46:34 27/08/20
0,99.0,18.9,2.92,2.94,0.25,0.22,0 21:52:03 27/08/20
0,99.3,18.7,2.92,2.94,0.18,0.17,1 21:57:31 27/08/20
0,99.5,18.6,2.92,2.94,0.25,0.23,0 22:03:00 27/08/20
0,99.9,18.5,2.92,2.94,0.19,0.17,1 22:08:30 27/08/20
0,99.9,18.4,2.92,2.94,0.25,0.23,0 22:13:58 27/08/20
0,99.9,18.3,2.92,2.94,0.19,0.17,0 22:19:30 27/08/20
0,99.9,18.2,2.92,2.94,0.18,0.17,1 22:25:03 27/08/20
3,99.9,18.1,2.92,2.94,0.25,0.23,0 22:30:39 27/08/20
0,99.9,18.0,2.92,2.94,0.18,0.16,1 22:36:10 27/08/20
0,99.9,17.9,2.92,2.94,0.14,0.13,1 22:41:43 27/08/20
0,99.9,17.9,2.92,2.94,0.25,0.23,0 22:47:16 27/08/20
0,99.9,17.8,2.92,2.94,0.18,0.17,1 22:52:44 27/08/20
0,99.9,17.7,2.92,2.94,0.25,0.23,0 22:58:13 27/08/20
0,99.9,17.6,2.92,2.94,0.18,0.17,1 23:03:41 27/08/20
0,99.9,17.6,2.92,2.94,0.25,0.23,0 23:09:10 27/08/20
0,99.9,17.4,2.92,2.94,0.18,0.17,1 23:14:38 27/08/20
0,99.9,17.4,2.92,2.93,0.25,0.23,0 23:20:07 27/08/20
0,99.9,17.3,2.92,2.94,0.19,0.17,1 23:25:37 27/08/20
0,99.9,17.3,2.92,2.93,0.25,0.23,0 23:31:05 27/08/20
0,99.9,17.2,2.92,2.93,0.2,0.18,0 23:36:36 27/08/20
0,99.9,17.2,2.92,2.93,0.19,0.17,1 23:42:11 27/08/20
0,99.9,17.2,2.92,2.93,0.25,0.22,0 23:47:39 27/08/20
0,99.9,17.1,2.92,2.93,0.19,0.17,1 23:53:08 27/08/20
0,99.9,17.1,2.92,2.93,0.26,0.23,0 23:58:37 27/08/20
