0,99.9,13.8,2.92,2.92,0.26,0.23,0 00:02:08 29/08/20
0,99.9,13.8,2.92,2.92,0.19,0.18,1 00:07:38 29/08/20
0,99.9,13.8,2.92,2.92,0.26,0.24,0 00:13:05 29/08/20
0,99.9,13.7,2.92,2.92,0.19,0.17,1 00:18:33 29/08/20
0,99.9,13.6,2.92,2.92,0.26,0.24,0 00:24:02 29/08/20
0,99.9,13.6,2.92,2.92,0.19,0.17,1 00:29:30 29/08/20
0,99.9,13.6,2.92,2.92,0.26,0.23,0 00:34:57 29/08/20
0,99.9,13.5,2.92,2.92,0.19,0.17,1 00:40:25 29/08/20
0,99.9,13.5,2.92,2.91,0.25,0.23,0 00:45:53 29/08/20
0,99.9,13.5,2.92,2.92,0.19,0.17,1 00:51:22 29/08/20
0,99.9,13.5,2.92,2.92,0.26,0.24,0 00:56:50 29/08/20
0,99.9,13.5,2.92,2.92,0.19,0.18,1 01:02:18 29/08/20
0,99.9,13.5,2.92,2.92,0.26,0.24,0 01:07:46 29/08/20
0,99.9,13.4,2.92,2.92,0.19,0.18,1 01:13:15 29/08/20
0,99.9,13.5,2.92,2.92,0.15,0.14,1 01:18:47 29/08/20
0,99.9,13.5,2.92,2.92,0.27,0.24,0 01:24:20 29/08/20
0,99.9,13.4,2.92,2.92,0.19,0.17,1 01:29:47 29/08/20
0,99.9,13.3,2.92,2.92,0.26,0.23,0 01:35:15 29/08/20
0,99.9,13.3,2.92,2.92,0.2,0.18,1 01:40:44 29/08/20
0,99.9,13.3,2.91,2.92,0.26,0.23,0 01:46:11 29/08/20
0,99.9,13.1,2.91,2.92,0.2,0.18,1 01:51:41 29/08/20
0,99.9,13.1,2.92,2.92,0.27,0.24,0 01:57:08 29/08/20
0,99.9,13.0,2.92,2.92,0.19,0.18,1 02:02:46 29/08/20
0,99.9,13.0,2.91,2.92,0.26,0.23,0 02:08:13 29/08/20
0,99.9,12.9,2.91,2.92,0.19,0.18,1 02:13:41 29/08/20
0,99.9,12.8,2.91,2.92,0.27,0.24,0 02:19:09 29/08/20
0,99.9,12.7,2.91,2.92,0.19,0.18,1 02:24:37 29/08/20
0,99.9,12.7,2.91,2.92,0.27,0.24,0 02:30:06 29/08/20
0,99.9,12.5,2.91,2.92,0.19,0.18,1 02:35:34 29/08/20
0,99.9,12.5,2.91,2.92,0.27,0.24,0 02:41:02 29/08/20
0,99.9,12.5,2.91,2.92,0.2,0.18,1 02:46:30 29/08/20
0,99.9,12.4,2.91,2.92,0.26,0.23,0 02:51:57 29/08/20
0,99.9,12.4,2.91,2.92,0.19,0.17,1 02:57:25 29/08/20
0,99.9,12.4,2.91,2.91,0.26,0.23,0 03:02:53 29/08/20
0,99.9,12.4,2.91,2.91,0.19,0.17,1 03:08:21 29/08/20
0,99.9,12.4,2.91,2.91,0.26,0.23,0 03:13:49 29/08/20
0,99.9,12.4,2.91,2.92,0.19,0.17,1 03:19:17 29/08/20
0,99.9,12.3,2.91,2.91,0.26,0.23,0 03:24:45 29/08/20
0,99.9,12.3,2.91,2.92,0.19,0.17,1 03:30:13 29/08/20
0,99.9,12.3,2.91,2.91,0.26,0.23,0 03:35:41 29/08/20
0,99.9,12.3,2.91,2.91,0.19,0.17,1 03:41:09 29/08/20
0,99.9,12.2,2.91,2.91,0.27,0.24,0 03:46:38 29/08/20
0,99.9,12.2,2.91,2.91,0.19,0.17,1 03:52:05 29/08/20
0,99.9,12.2,2.91,2.91,0.26,0.23,0 03:57:33 29/08/20
0,99.9,12.1,2.91,2.91,0.19,0.17,1 04:03:01 29/08/20
0,99.9,12.1,2.91,2.91,0.26,0.24,0 04:08:29 29/08/20
0,99.9,12.1,2.91,2.91,0.19,0.18,1 04:14:02 29/08/20
0,99.9,12.1,2.91,2.91,0.27,0.24,0 04:19:35 29/08/20
0,99.9,12.1,2.91,2.91,0.2,0.18,1 04:25:03 29/08/20
0,99.9,12.1,2.91,2.91,0.27,0.24,0 04:30:31 29/08/20
0,99.9,12.2,2.91,2.91,0.2,0.18,1 04:35:59 29/08/20
0,99.9,12.2,2.91,2.91,0.27,0.24,0 04:41:27 29/08/20
0,99.9,12.2,2.91,2.91,0.2,0.18,1 04:46:55 29/08/20
0,99.9,12.2,2.91,2.91,0.27,0.24,0 04:52:23 29/08/20
0,99.9,12.2,2.91,2.91,0.2,0.18,1 04:57:51 29/08/20
0,99.9,12.2,2.91,2.91,0.27,0.24,0 05:03:18 29/08/20
0,99.9,12.2,2.91,2.91,0.2,0.18,1 05:08:46 29/08/20
0,99.9,12.2,2.91,2.91,0.27,0.24,0 05:14:14 29/08/20
0,99.9,12.2,2.91,2.91,0.2,0.18,1 05:19:42 29/08/20
0,99.9,12.3,2.91,2.91,0.27,0.24,0 05:25:10 29/08/20
0,99.9,12.3,2.91,2.91,0.2,0.18,1 05:30:38 29/08/20
0,99.9,12.2,2.91,2.91,0.27,0.24,0 05:36:06 29/08/20
0,99.9,12.2,2.91,2.91,0.2,0.18,1 05:41:34 29/08/20
0,99.9,12.2,2.91,2.91,0.27,0.24,0 05:47:02 29/08/20
0,99.9,12.3,2.91,2.91,0.2,0.18,1 05:52:30 29/08/20
0,99.9,12.3,2.91,2.91,0.27,0.24,0 05:57:58 29/08/20
0,99.9,12.4,2.91,2.91,0.2,0.18,1 06:03:26 29/08/20
0,99.9,12.4,2.91,2.91,0.27,0.24,0 06:08:54 29/08/20
0,99.9,12.5,2.91,2.91,0.2,0.18,1 06:14:22 29/08/20
0,99.9,12.5,2.91,2.91,0.27,0.24,0 06:19:53 29/08/20
0,99.9,12.5,2.91,2.91,0.2,0.18,1 06:25:18 29/08/20
0,99.9,12.5,2.91,2.91,0.28,0.25,0 06:30:46 29/08/20
0,99.9,12.4,2.91,2.91,0.2,0.18,1 06:36:14 29/08/20
0,99.9,12.4,2.9,2.91,0.28,0.25,0 06:41:42 29/08/20
0,99.9,12.4,2.9,2.91,0.2,0.18,1 06:47:10 29/08/20
0,99.9,12.4,2.9,2.91,0.28,0.25,0 06:52:38 29/08/20
0,99.9,12.4,2.9,2.91,0.2,0.18,1 06:58:06 29/08/20
0,99.9,12.4,2.9,2.9,0.28,0.25,0 07:03:34 29/08/20
0,99.9,12.4,2.9,2.91,0.2,0.18,1 07:09:02 29/08/20
0,99.9,12.4,2.9,2.9,0.28,0.25,0 07:14:30 29/08/20
0,99.9,12.4,2.9,2.91,0.2,0.18,1 07:19:58 29/08/20
0,99.9,12.4,2.9,2.9,0.28,0.25,0 07:25:26 29/08/20
0,99.9,12.4,2.9,2.9,0.2,0.18,1 07:30:54 29/08/20
0,99.9,12.4,2.9,2.9,0.28,0.25,0 07:36:22 29/08/20
0,99.9,12.5,2.9,2.9,0.2,0.18,1 07:41:50 29/08/20
0,99.9,12.6,2.9,2.91,0.16,0.15,1 07:47:22 29/08/20
0,99.9,12.7,2.9,2.9,0.28,0.25,0 07:52:55 29/08/20
0,99.9,12.9,2.9,2.9,0.2,0.18,1 07:58:23 29/08/20
0,99.9,13.1,2.9,2.9,0.28,0.25,0 08:03:51 29/08/20
0,99.9,13.3,2.9,2.9,0.2,0.18,1 08:09:19 29/08/20
0,99.9,13.5,2.9,2.9,0.28,0.25,0 08:14:47 29/08/20
0,99.9,13.7,2.9,2.9,0.2,0.18,1 08:20:16 29/08/20
0,99.9,13.9,2.9,2.9,0.27,0.24,0 08:25:43 29/08/20
0,99.9,14.1,2.9,2.9,0.19,0.18,1 08:31:11 29/08/20
0,99.9,14.2,2.9,2.9,0.27,0.24,0 08:36:39 29/08/20
0,99.9,14.4,2.9,2.9,0.19,0.18,1 08:42:08 29/08/20
0,99.9,14.6,2.9,2.9,0.16,0.15,1 08:47:40 29/08/20
0,99.9,14.7,2.9,2.9,0.28,0.25,0 08:53:13 29/08/20
0,99.9,14.9,2.9,2.9,0.2,0.18,1 08:58:42 29/08/20
0,99.9,15.1,2.9,2.9,0.27,0.24,0 09:04:09 29/08/20
0,99.9,15.4,2.9,2.9,0.2,0.18,1 09:09:37 29/08/20
0,99.9,15.7,2.9,2.9,0.28,0.25,0 09:15:06 29/08/20
0,99.9,16.0,2.9,2.9,0.2,0.18,1 09:20:35 29/08/20
0,99.9,16.2,2.9,2.9,0.27,0.25,0 09:26:02 29/08/20
0,99.9,16.4,2.9,2.9,0.2,0.18,1 09:31:31 29/08/20
0,99.9,16.6,2.9,2.9,0.28,0.25,0 09:37:00 29/08/20
0,99.9,16.7,2.9,2.9,0.19,0.18,1 09:42:28 29/08/20
0,99.9,16.9,2.9,2.9,0.28,0.25,0 09:47:56 29/08/20
0,99.9,17.0,2.9,2.9,0.19,0.18,1 09:53:24 29/08/20
0,99.9,17.1,2.9,2.9,0.28,0.25,0 09:58:53 29/08/20
0,99.9,17.2,2.9,2.9,0.2,0.18,1 10:04:21 29/08/20
0,99.9,17.3,2.9,2.9,0.28,0.25,0 10:09:50 29/08/20
0,99.9,17.4,2.9,2.9,0.2,0.18,1 10:15:18 29/08/20
0,99.9,17.5,2.9,2.9,0.28,0.25,0 10:20:47 29/08/20
0,99.9,17.6,2.9,2.9,0.2,0.18,1 10:26:15 29/08/20
0,99.9,17.7,2.9,2.9,0.28,0.25,0 10:31:44 29/08/20
1,99.9,17.8,2.9,2.9,0.19,0.18,1 10:37:12 29/08/20
0,99.9,17.9,2.9,2.9,0.16,0.15,1 10:42:45 29/08/20
0,99.9,17.9,2.9,2.9,0.28,0.25,0 10:48:19 29/08/20
0,99.9,17.9,2.9,2.9,0.2,0.18,1 10:53:47 29/08/20
0,99.9,18.0,2.9,2.9,0.28,0.25,0 10:59:15 29/08/20
0,99.9,18.0,2.9,2.9,0.2,0.18,1 11:04:44 29/08/20
0,99.9,18.0,2.9,2.9,0.28,0.25,0 11:10:12 29/08/20
0,99.9,17.9,2.9,2.9,0.2,0.18,1 11:15:41 29/08/20
0,99.9,17.9,2.9,2.9,0.28,0.25,0 11:21:09 29/08/20
0,99.9,17.9,2.9,2.9,0.2,0.18,1 11:26:38 29/08/20
0,99.9,18.0,2.9,2.9,0.28,0.25,0 11:32:06 29/08/20
0,99.9,18.3,2.9,2.9,0.2,0.18,1 11:37:36 29/08/20
0,99.9,18.7,2.9,2.9,0.28,0.25,0 11:43:04 29/08/20
0,99.9,19.2,2.9,2.9,0.2,0.18,1 11:48:32 29/08/20
0,99.9,19.7,2.9,2.9,0.28,0.25,0 11:54:02 29/08/20
0,99.9,20.1,2.9,2.9,0.2,0.18,1 11:59:30 29/08/20
0,99.9,20.5,2.9,2.9,0.29,0.26,0 12:05:00 29/08/20
0,99.9,21.2,2.9,2.9,0.2,0.18,1 12:10:27 29/08/20
0,99.9,22.0,2.9,2.9,0.28,0.25,0 12:15:56 29/08/20
0,99.9,23.2,2.9,2.9,0.2,0.19,1 12:21:26 29/08/20
0,99.9,24.3,2.9,2.9,0.16,0.15,1 12:26:58 29/08/20
0,99.9,25.4,2.9,2.9,0.28,0.26,0 12:32:33 29/08/20
0,99.9,27.0,2.9,2.9,0.2,0.18,1 12:38:02 29/08/20
0,99.9,28.9,2.9,2.9,0.28,0.26,0 12:43:33 29/08/20
0,99.9,30.8,2.9,2.9,0.2,0.18,1 12:49:02 29/08/20
0,99.9,32.6,2.9,2.9,0.28,0.25,0 12:54:32 29/08/20
0,99.9,33.7,2.9,2.9,0.2,0.18,1 13:00:03 29/08/20
0,99.9,34.0,2.9,2.9,0.28,0.25,0 13:05:33 29/08/20
0,99.9,33.5,2.9,2.9,0.2,0.18,1 13:11:04 29/08/20
0,99.9,32.8,2.9,2.9,0.28,0.25,0 13:16:34 29/08/20
0,99.9,31.5,2.9,2.9,0.2,0.19,1 13:22:05 29/08/20
0,99.9,30.3,2.9,2.9,0.28,0.25,0 13:27:36 29/08/20
0,99.9,29.5,2.9,2.91,0.2,0.18,1 13:33:06 29/08/20
0,99.9,28.6,2.9,2.9,0.25,0.22,0 13:38:34 29/08/20
0,99.9,27.9,2.9,2.91,0.2,0.18,1 13:44:05 29/08/20
0,99.9,27.4,2.9,2.91,0.29,0.26,0 13:49:36 29/08/20
0,99.9,27.4,2.9,2.91,0.2,0.18,1 13:55:04 29/08/20
0,99.9,27.8,2.9,2.91,0.28,0.25,0 14:00:35 29/08/20
0,99.9,27.5,2.9,2.91,0.2,0.18,1 14:06:04 29/08/20
0,99.9,26.9,2.9,2.91,0.28,0.25,0 14:11:34 29/08/20
0,99.9,26.4,2.9,2.91,0.2,0.18,1 14:17:03 29/08/20
0,99.9,25.6,2.9,2.91,0.28,0.25,0 14:22:33 29/08/20
0,99.9,25.0,2.9,2.91,0.2,0.18,1 14:28:02 29/08/20
0,99.9,24.4,2.9,2.91,0.29,0.26,0 14:33:33 29/08/20
0,99.9,24.0,2.9,2.91,0.2,0.18,1 14:39:01 29/08/20
0,99.9,23.8,2.9,2.91,0.27,0.25,0 14:44:30 29/08/20
0,99.9,23.8,2.9,2.91,0.2,0.18,1 14:49:59 29/08/20
0,99.9,24.4,2.9,2.91,0.28,0.25,0 14:55:29 29/08/20
0,99.9,25.3,2.9,2.92,0.2,0.18,1 15:00:59 29/08/20
0,99.9,26.1,2.9,2.92,0.16,0.15,1 15:06:31 29/08/20
0,99.9,26.2,2.9,2.92,0.28,0.25,0 15:12:07 29/08/20
0,99.9,26.0,2.91,2.92,0.22,0.2,0 15:17:39 29/08/20
0,99.9,25.8,2.9,2.92,0.2,0.18,1 15:23:15 29/08/20
0,99.9,25.4,2.9,2.92,0.27,0.25,0 15:28:44 29/08/20
0,99.9,25.2,2.9,2.92,0.2,0.18,1 15:34:13 29/08/20
0,99.9,25.1,2.9,2.92,0.27,0.25,0 15:39:42 29/08/20
0,99.9,25.1,2.9,2.92,0.2,0.18,1 15:45:12 29/08/20
0,99.9,25.0,2.91,2.92,0.27,0.25,0 15:50:41 29/08/20
0,99.9,25.0,2.91,2.92,0.2,0.18,1 15:56:11 29/08/20
0,99.9,24.9,2.91,2.92,0.28,0.25,0 16:01:41 29/08/20
0,99.9,24.6,2.91,2.92,0.19,0.18,1 16:07:09 29/08/20
0,99.9,24.3,2.91,2.92,0.28,0.25,0 16:12:39 29/08/20
0,99.9,24.0,2.91,2.92,0.2,0.18,1 16:18:09 29/08/20
0,99.9,23.7,2.91,2.92,0.27,0.25,0 16:23:37 29/08/20
0,99.9,23.6,2.91,2.92,0.2,0.18,1 16:29:08 29/08/20
0,99.9,23.6,2.91,2.92,0.27,0.25,0 16:34:36 29/08/20
0,99.9,23.6,2.91,2.92,0.2,0.18,1 16:40:06 29/08/20
0,99.9,23.6,2.91,2.92,0.27,0.24,0 16:45:34 29/08/20
0,99.9,23.6,2.91,2.92,0.19,0.18,1 16:51:04 29/08/20
0,99.9,23.6,2.91,2.92,0.27,0.25,0 16:56:33 29/08/20
0,99.9,23.8,2.91,2.92,0.2,0.18,1 17:02:03 29/08/20
0,99.9,24.3,2.91,2.92,0.27,0.24,0 17:07:31 29/08/20
0,99.9,24.8,2.91,2.92,0.2,0.18,1 17:13:02 29/08/20
0,99.0,24.9,2.91,2.92,0.27,0.25,0 17:18:30 29/08/20
0,99.1,24.8,2.91,2.92,0.19,0.18,1 17:23:59 29/08/20
0,99.7,24.8,2.91,2.92,0.27,0.25,0 17:29:29 29/08/20
0,99.9,24.8,2.91,2.92,0.2,0.18,1 17:34:59 29/08/20
0,99.9,25.2,2.91,2.92,0.1,0.1,1 17:40:29 29/08/20
0,99.9,25.5,2.91,2.92,0.27,0.25,0 17:45:57 29/08/20
0,99.8,25.4,2.91,2.92,0.19,0.17,1 17:51:26 29/08/20
0,98.9,25.0,2.91,2.92,0.27,0.25,0 17:56:56 29/08/20
0,99.9,24.9,2.91,2.92,0.19,0.17,1 18:02:25 29/08/20
0,99.9,25.2,2.91,2.92,0.28,0.25,0 18:07:56 29/08/20
0,99.9,25.3,2.91,2.92,0.19,0.17,1 18:13:24 29/08/20
0,99.9,25.2,2.91,2.92,0.16,0.15,1 18:18:57 29/08/20
0,99.9,25.0,2.91,2.92,0.27,0.25,0 18:24:32 29/08/20
0,99.9,24.7,2.91,2.92,0.19,0.17,1 18:30:05 29/08/20
0,99.9,24.5,2.91,2.92,0.16,0.15,1 18:35:43 29/08/20
0,99.9,24.3,2.91,2.92,0.27,0.25,0 18:41:18 29/08/20
0,99.9,24.0,2.91,2.92,0.19,0.18,1 18:46:48 29/08/20
0,99.9,23.5,2.91,2.92,0.26,0.24,0 18:52:16 29/08/20
0,99.9,23.0,2.91,2.92,0.21,0.19,0 18:57:49 29/08/20
0,99.9,22.6,2.91,2.92,0.2,0.18,1 19:03:24 29/08/20
0,99.9,22.2,2.91,2.92,0.27,0.24,0 19:08:53 29/08/20
0,99.9,21.8,2.91,2.92,0.19,0.18,1 19:14:22 29/08/20
0,99.9,21.5,2.91,2.92,0.27,0.24,0 19:19:51 29/08/20
0,99.9,21.2,2.91,2.92,0.19,0.18,1 19:25:20 29/08/20
0,99.9,21.0,2.92,2.92,0.15,0.14,1 19:30:53 29/08/20
0,99.9,20.7,2.91,2.92,0.27,0.24,0 19:36:27 29/08/20
0,99.9,20.5,2.91,2.92,0.18,0.16,1 19:41:55 29/08/20
0,99.9,20.2,2.91,2.92,0.26,0.24,0 19:47:24 29/08/20
0,99.9,20.0,2.91,2.92,0.19,0.17,1 19:52:53 29/08/20
0,99.9,19.8,2.92,2.92,0.27,0.24,0 19:58:23 29/08/20
0,99.9,19.6,2.91,2.92,0.19,0.18,1 20:03:51 29/08/20
0,99.9,19.4,2.92,2.92,0.27,0.25,0 20:09:21 29/08/20
0,99.9,19.1,2.92,2.92,0.19,0.17,1 20:14:48 29/08/20
0,99.9,19.0,2.91,2.92,0.27,0.24,0 20:20:18 29/08/20
0,99.9,18.8,2.92,2.92,0.19,0.17,1 20:25:46 29/08/20
0,99.9,18.6,2.92,2.92,0.26,0.24,0 20:31:14 29/08/20
0,99.9,18.5,2.92,2.92,0.19,0.17,1 20:36:43 29/08/20
0,99.9,18.3,2.92,2.92,0.27,0.25,0 20:42:13 29/08/20
0,99.9,18.1,2.92,2.92,0.19,0.17,1 20:47:40 29/08/20
0,99.9,18.0,2.92,2.92,0.27,0.24,0 20:53:09 29/08/20
0,99.9,17.8,2.92,2.92,0.19,0.17,1 20:58:37 29/08/20
0,99.9,17.6,2.92,2.92,0.26,0.24,0 21:04:07 29/08/20
0,99.9,17.4,2.92,2.92,0.21,0.19,0 21:09:38 29/08/20
0,99.9,17.2,2.92,2.92,0.19,0.18,1 21:15:12 29/08/20
0,99.9,16.9,2.92,2.92,0.26,0.23,0 21:20:41 29/08/20
0,99.9,16.7,2.92,2.92,0.19,0.17,1 21:26:09 29/08/20
0,99.9,16.5,2.92,2.92,0.26,0.23,0 21:31:37 29/08/20
0,99.9,16.3,2.92,2.92,0.19,0.17,1 21:37:06 29/08/20
0,99.9,16.1,2.92,2.92,0.26,0.23,0 21:42:34 29/08/20
0,99.9,15.9,2.92,2.92,0.19,0.17,1 21:48:03 29/08/20
0,99.9,15.7,2.92,2.92,0.27,0.24,0 21:53:31 29/08/20
0,99.9,15.6,2.92,2.92,0.19,0.17,1 21:58:59 29/08/20
0,99.9,15.4,2.92,2.92,0.16,0.14,1 22:04:31 29/08/20
0,99.9,15.3,2.92,2.92,0.27,0.24,0 22:10:05 29/08/20
0,99.9,15.2,2.92,2.92,0.19,0.17,1 22:15:33 29/08/20
0,99.9,15.0,2.92,2.92,0.27,0.24,0 22:21:02 29/08/20
0,99.9,14.8,2.92,2.92,0.19,0.17,1 22:26:30 29/08/20
0,99.9,14.7,2.92,2.92,0.26,0.24,0 22:31:58 29/08/20
0,99.9,14.5,2.92,2.92,0.19,0.17,1 22:37:27 29/08/20
0,99.9,14.4,2.92,2.92,0.26,0.23,0 22:42:54 29/08/20
0,99.9,14.3,2.92,2.92,0.2,0.18,1 22:48:23 29/08/20
0,99.9,14.2,2.92,2.92,0.26,0.24,0 22:53:51 29/08/20
0,99.9,14.0,2.92,2.92,0.19,0.17,1 22:59:19 29/08/20
0,99.9,13.9,2.91,2.92,0.26,0.24,0 23:04:48 29/08/20
0,99.9,13.8,2.92,2.92,0.19,0.17,1 23:10:15 29/08/20
0,99.9,13.7,2.92,2.92,0.26,0.23,0 23:15:43 29/08/20
0,99.9,13.6,2.91,2.92,0.19,0.17,1 23:21:12 29/08/20
0,99.9,13.5,2.91,2.92,0.27,0.24,0 23:26:40 29/08/20
0,99.9,13.4,2.91,2.92,0.19,0.17,1 23:32:08 29/08/20
0,99.9,13.3,2.92,2.92,0.27,0.24,0 23:37:36 29/08/20
0,99.9,13.2,2.92,2.92,0.19,0.17,1 23:43:05 29/08/20
0,99.9,13.2,2.91,2.92,0.27,0.24,0 23:48:33 29/08/20
0,99.9,13.1,2.91,2.92,0.19,0.17,1 23:54:00 29/08/20
0,99.9,13.0,2.91,2.92,0.26,0.23,0 23:59:28 29/08/20
