0,87.9,15.7,1021.21,0.0,4.14 00:04:14 07/06/21
0,87.9,15.59,1021.15,0.0,4.13 00:09:28 07/06/21
0,88.0,15.485001,1021.16,0.0,4.13 00:14:41 07/06/21
0,88.2,15.389999,1021.19,0.0,4.13 00:19:56 07/06/21
0,88.4,15.3,1021.21,0.0,4.13 00:25:09 07/06/21
0,88.2,15.205,1021.21,0.0,4.13 00:30:25 07/06/21
0,88.2,15.105,1021.22,0.0,4.13 00:35:39 07/06/21
0,88.3,15.005,1021.23,0.0,4.13 00:40:54 07/06/21
0,88.6,14.965,1021.21,0.0,4.13 00:46:05 07/06/21
0,88.6,14.87,1021.24,0.0,4.13 00:51:21 07/06/21
0,88.7,14.780001,1021.24,0.0,4.13 00:56:35 07/06/21
0,88.8,14.705,1021.27,0.0,4.13 01:01:49 07/06/21
0,89.0,14.615,1021.22,0.0,4.13 01:07:03 07/06/21
0,89.5,14.585,1021.19,0.0,4.13 01:12:21 07/06/21
0,89.6,14.575,1021.25,0.0,4.13 01:17:39 07/06/21
0,89.8,14.495,1021.25,0.0,4.13 01:22:55 07/06/21
0,89.8,14.46,1021.28,0.0,4.13 01:28:13 07/06/21
0,89.9,14.389999,1021.34,0.0,4.13 01:33:29 07/06/21
0,90.1,14.31,1021.34,0.0,4.13 01:38:43 07/06/21
0,90.2,14.280001,1021.36,0.0,4.13 01:43:59 07/06/21
0,90.2,14.190001,1021.3,0.0,4.13 01:49:13 07/06/21
0,90.4,14.11,1021.27,0.0,4.13 01:54:26 07/06/21
0,90.3,14.075,1021.27,0.0,4.13 01:59:42 07/06/21
0,90.4,14.0,1021.24,0.0,4.13 02:04:55 07/06/21
0,90.5,13.91,1021.22,0.0,4.13 02:10:12 07/06/21
0,90.5,13.87,1021.23,0.0,4.13 02:15:31 07/06/21
0,90.3,13.775,1021.21,0.0,4.13 02:20:45 07/06/21
0,90.6,13.684999,1021.18,0.0,4.13 02:25:57 07/06/21
0,90.7,13.605,1021.13,0.0,4.13 02:31:13 07/06/21
0,90.8,13.575,1021.17,0.0,4.13 02:36:30 07/06/21
0,90.7,13.565,1021.17,0.0,4.13 02:41:50 07/06/21
0,91.0,13.555,1021.19,0.0,4.12 02:47:03 07/06/21
0,91.2,13.505,1021.13,0.0,4.13 02:52:17 07/06/21
0,91.4,13.495,1021.2,0.0,4.13 02:57:31 07/06/21
0,91.3,13.49,1021.16,0.0,4.13 03:02:45 07/06/21
0,91.3,13.475,1021.11,0.0,4.12 03:07:59 07/06/21
0,91.3,13.465,1021.09,0.0,4.13 03:13:10 07/06/21
0,91.3,13.450001,1021.13,0.0,4.12 03:18:27 07/06/21
0,91.3,13.385,1021.14,0.0,4.12 03:23:39 07/06/21
0,91.6,13.365,1021.05,0.0,4.12 03:28:54 07/06/21
0,91.9,13.315001,1021.13,0.0,4.12 03:34:06 07/06/21
0,91.9,13.365,1021.07,0.0,4.12 03:39:23 07/06/21
0,92.1,13.385,1021.12,0.0,4.12 03:44:35 07/06/21
0,92.0,13.47,1021.12,0.0,4.12 03:49:49 07/06/21
0,92.7,13.555,1021.12,0.0,4.12 03:55:03 07/06/21
0,92.8,13.594999,1021.05,0.0,4.12 04:00:18 07/06/21
0,92.4,13.745001,1021.03,0.0,4.12 04:05:32 07/06/21
0,92.3,13.79,1021.07,0.0,4.12 04:10:45 07/06/21
0,92.4,13.875,1021.09,0.01,4.12 04:15:57 07/06/21
0,92.8,13.950001,1021.07,0.01,4.12 04:21:13 07/06/21
0,92.5,13.945,1021.07,0.03,4.12 04:26:25 07/06/21
0,92.7,13.889999,1021.11,0.06,4.12 04:31:41 07/06/21
0,92.8,13.860001,1021.07,0.11,4.12 04:36:58 07/06/21
0,92.6,13.79,1021.13,0.21,4.12 04:42:16 07/06/21
0,93.1,13.775,1021.17,0.39,4.12 04:47:29 07/06/21
0,93.4,13.775,1021.17,0.7,4.12 04:52:43 07/06/21
0,93.4,13.775,1021.18,1.26,4.12 04:57:59 07/06/21
0,93.3,13.83,1021.22,1.76,4.12 05:03:13 07/06/21
0,93.3,13.775,1021.26,2.27,4.12 05:08:25 07/06/21
0,93.1,13.77,1021.3,2.84,4.12 05:13:44 07/06/21
0,93.0,13.77,1021.36,3.17,4.12 05:19:03 07/06/21
1,93.4,13.765,1021.34,3.43,4.12 05:24:17 07/06/21
2,93.5,13.76,1021.25,3.91,4.12 05:29:29 07/06/21
3,93.8,13.765,1021.28,4.22,4.12 05:34:45 07/06/21
4,94.3,13.785,1021.28,4.2,4.12 05:39:58 07/06/21
5,94.0,13.835,1021.29,4.22,4.12 05:45:13 07/06/21
7,94.2,13.79,1021.26,4.22,4.12 05:50:26 07/06/21
6,93.7,13.844999,1021.26,4.57,4.12 05:55:40 07/06/21
7,94.0,13.855,1021.32,4.76,4.12 06:00:54 07/06/21
7,94.0,13.860001,1021.35,4.73,4.12 06:06:06 07/06/21
11,94.0,13.87,1021.37,4.69,4.12 06:11:20 07/06/21
10,94.7,13.87,1021.39,4.34,4.12 06:16:37 07/06/21
12,94.6,13.88,1021.44,5.0,4.12 06:21:51 07/06/21
14,94.7,13.87,1021.35,5.0,4.12 06:27:02 07/06/21
13,94.7,13.865,1021.39,4.81,4.12 06:32:18 07/06/21
14,94.8,13.865,1021.42,5.0,4.12 06:37:32 07/06/21
23,94.8,13.875,1021.43,4.53,4.12 06:42:46 07/06/21
27,94.8,13.88,1021.43,4.34,4.12 06:48:04 07/06/21
21,95.4,13.97,1021.44,4.17,4.12 06:53:23 07/06/21
28,95.2,14.059999,1021.4,4.3,4.13 06:58:37 07/06/21
31,95.3,14.16,1021.37,5.0,4.13 07:03:54 07/06/21
26,95.5,14.325,1021.4,4.89,4.13 07:09:13 07/06/21
24,96.8,14.434999,1021.42,5.0,4.13 07:14:26 07/06/21
25,96.4,14.54,1021.38,5.0,4.13 07:19:40 07/06/21
29,96.5,14.639999,1021.5,5.0,4.13 07:24:58 07/06/21
30,97.1,14.74,1021.46,5.0,4.13 07:30:17 07/06/21
25,97.2,14.91,1021.44,5.0,4.13 07:35:29 07/06/21
28,96.9,15.02,1021.39,5.0,4.13 07:40:45 07/06/21
36,98.6,15.205,1021.42,5.0,4.13 07:45:59 07/06/21
30,97.9,15.38,1021.5,5.0,4.13 07:51:14 07/06/21
31,98.6,15.690001,1021.55,5.0,4.14 07:56:28 07/06/21
32,99.0,16.275,1021.6,4.22,4.14 08:01:46 07/06/21
44,98.9,16.93,1021.59,5.0,4.14 08:07:09 07/06/21
29,96.8,17.6,1021.56,4.26,4.15 08:12:27 07/06/21
29,96.1,18.115,1021.56,4.29,4.14 08:17:40 07/06/21
33,96.0,18.695,1021.52,5.0,4.15 08:22:57 07/06/21
33,95.3,19.105,1021.44,4.34,4.16 08:28:11 07/06/21
33,94.4,19.38,1021.56,4.38,4.16 08:33:26 07/06/21
33,94.5,19.505001,1021.44,5.0,4.15 08:38:41 07/06/21
34,94.2,19.525,1021.52,4.23,4.17 08:43:55 07/06/21
32,93.6,19.435,1021.45,4.26,4.17 08:49:09 07/06/21
43,92.8,19.205,1021.49,4.75,4.16 08:54:25 07/06/21
36,93.1,18.99,1021.43,4.26,4.16 08:59:40 07/06/21
34,92.9,18.79,1021.36,4.31,4.16 09:04:54 07/06/21
36,93.2,18.665,1021.45,5.0,4.17 09:10:09 07/06/21
36,93.1,18.56,1021.39,5.0,4.17 09:15:24 07/06/21
36,93.5,18.529999,1021.37,4.41,4.17 09:20:38 07/06/21
38,94.1,18.525,1021.39,5.0,4.18 09:25:53 07/06/21
40,94.3,18.619999,1021.41,5.0,4.16 09:31:08 07/06/21
39,94.4,18.77,1021.47,5.0,4.16 09:36:23 07/06/21
37,94.3,18.884998,1021.45,5.0,4.16 09:41:37 07/06/21
36,93.8,18.895,1021.44,5.0,4.16 09:46:50 07/06/21
40,93.8,18.91,1021.49,5.0,4.16 09:52:07 07/06/21
35,94.0,18.970001,1021.43,5.0,4.16 09:57:19 07/06/21
37,94.3,19.130001,1021.46,5.0,4.16 10:02:34 07/06/21
42,94.0,19.255001,1021.46,5.0,4.16 10:07:54 07/06/21
43,94.0,19.415,1021.45,5.0,4.16 10:13:18 07/06/21
36,94.2,19.470001,1021.42,5.0,4.16 10:18:38 07/06/21
37,94.0,19.619999,1021.32,5.0,4.16 10:23:51 07/06/21
43,94.2,19.795,1021.36,5.0,4.15 10:29:07 07/06/21
40,94.2,19.93,1021.38,5.0,4.16 10:34:21 07/06/21
43,94.1,20.05,1021.42,5.0,4.16 10:39:37 07/06/21
43,94.0,20.21,1021.48,5.0,4.15 10:44:52 07/06/21
25,93.9,20.33,1021.52,5.0,4.16 10:50:10 07/06/21
20,93.6,20.43,1021.51,5.0,4.16 10:55:29 07/06/21
31,94.1,20.535,1021.49,5.0,4.16 11:00:45 07/06/21
42,93.6,20.645,1021.45,5.0,4.16 11:05:58 07/06/21
43,94.2,20.814999,1021.41,5.0,4.16 11:11:13 07/06/21
36,93.1,20.945,1021.36,5.0,4.15 11:16:28 07/06/21
39,93.3,21.105,1021.37,5.0,4.15 11:21:43 07/06/21
44,93.4,21.215,1021.4,5.0,4.15 11:26:58 07/06/21
45,93.8,21.415,1021.41,5.0,4.15 11:32:14 07/06/21
45,93.1,21.605,1021.37,5.0,4.15 11:37:30 07/06/21
41,92.1,21.795,1021.37,5.0,4.15 11:42:43 07/06/21
40,93.2,21.915,1021.36,5.0,4.15 11:47:58 07/06/21
40,92.2,22.09,1021.38,5.0,4.15 11:53:13 07/06/21
46,92.4,22.279999,1021.31,5.0,4.15 11:58:29 07/06/21
38,92.6,22.555,1021.29,5.0,4.15 12:03:47 07/06/21
50,91.4,22.755,1021.33,5.0,4.15 12:09:01 07/06/21
48,92.3,22.869999,1021.33,5.0,4.15 12:14:16 07/06/21
46,91.8,23.055,1021.27,5.0,4.15 12:19:31 07/06/21
48,92.6,23.255,1021.34,5.0,4.15 12:24:47 07/06/21
47,92.0,23.439999,1021.31,5.0,4.15 12:30:02 07/06/21
51,90.7,23.494999,1021.27,5.0,4.15 12:35:18 07/06/21
50,90.7,23.494999,1021.28,5.0,4.15 12:40:33 07/06/21
21,88.9,23.5,1021.21,5.0,4.15 12:45:48 07/06/21
45,87.4,23.275002,1021.22,5.0,4.15 12:51:05 07/06/21
49,90.5,23.314999,1021.23,5.0,4.15 12:56:19 07/06/21
30,89.4,23.34,1021.19,5.0,4.15 13:01:35 07/06/21
49,86.9,23.494999,1021.16,5.0,4.15 13:06:50 07/06/21
45,90.7,23.68,1021.13,5.0,4.15 13:12:04 07/06/21
46,90.4,23.945,1021.08,5.0,4.15 13:17:20 07/06/21
48,87.6,24.17,1021.1,5.0,4.15 13:22:36 07/06/21
44,89.6,24.365,1021.07,5.0,4.15 13:27:50 07/06/21
51,90.2,24.635,1021.04,5.0,4.15 13:33:12 07/06/21
51,88.3,24.759998,1021.01,5.0,4.15 13:38:34 07/06/21
53,88.9,24.845001,1021.02,5.0,4.15 13:43:46 07/06/21
27,78.8,24.725,1020.92,5.0,4.15 13:49:03 07/06/21
24,83.5,24.474998,1020.93,5.0,4.15 13:54:17 07/06/21
21,80.9,24.335,1020.89,5.0,4.15 13:59:35 07/06/21
51,83.2,24.08,1020.78,5.0,4.15 14:04:51 07/06/21
27,83.3,24.135,1020.8,5.0,4.15 14:10:06 07/06/21
28,80.9,24.075,1020.74,4.45,4.17 14:15:21 07/06/21
48,85.2,24.0,1020.74,5.0,4.2 14:20:35 07/06/21
50,83.7,24.5,1020.7,5.0,4.2 14:25:52 07/06/21
53,88.1,24.91,1020.6,5.0,4.2 14:31:08 07/06/21
29,82.9,25.23,1020.66,4.38,4.15 14:36:22 07/06/21
45,83.2,25.255001,1020.55,5.0,4.2 14:41:39 07/06/21
28,81.6,25.345,1020.56,5.0,4.18 14:46:54 07/06/21
26,78.8,25.130001,1020.53,5.0,4.17 14:52:09 07/06/21
54,80.8,24.89,1020.55,5.0,4.17 14:57:37 07/06/21
26,83.9,25.015,1020.48,5.0,4.17 15:02:49 07/06/21
24,80.3,25.04,1020.54,5.0,4.17 15:08:06 07/06/21
43,76.3,24.855,1020.43,5.0,4.17 15:13:20 07/06/21
46,84.0,24.835,1020.42,5.0,4.17 15:18:36 07/06/21
53,83.3,25.095001,1020.42,5.0,4.17 15:23:57 07/06/21
50,81.5,25.225,1020.51,5.0,4.17 15:29:18 07/06/21
48,82.7,25.455,1020.43,5.0,4.17 15:34:32 07/06/21
34,81.0,25.505001,1020.33,5.0,4.17 15:39:48 07/06/21
43,79.5,25.505001,1020.31,5.0,4.17 15:45:03 07/06/21
49,79.3,25.494999,1020.23,5.0,4.17 15:50:22 07/06/21
47,82.2,25.67,1020.25,5.0,4.17 15:55:37 07/06/21
47,80.5,25.55,1020.17,5.0,4.17 16:00:52 07/06/21
28,79.2,25.765,1020.28,5.0,4.17 16:06:08 07/06/21
48,78.7,25.775,1020.29,5.0,4.09 16:11:24 07/06/21
48,81.0,25.885,1020.25,5.0,4.17 16:16:40 07/06/21
48,77.3,26.01,1020.24,5.0,4.17 16:21:57 07/06/21
48,77.2,26.165,1020.15,5.0,4.17 16:27:12 07/06/21
49,76.6,26.185001,1020.14,5.0,4.17 16:32:28 07/06/21
26,77.1,26.285,1020.17,5.0,4.17 16:37:42 07/06/21
33,72.3,26.055,1020.07,5.0,4.17 16:43:06 07/06/21
44,77.8,26.035,1020.07,5.0,4.17 16:48:25 07/06/21
51,75.3,26.2,1020.01,5.0,4.17 16:53:43 07/06/21
31,75.8,26.21,1019.91,5.0,4.17 16:58:55 07/06/21
50,76.1,26.145,1019.96,5.0,4.17 17:04:12 07/06/21
23,71.5,26.14,1019.9,5.0,4.17 17:09:26 07/06/21
20,70.8,25.88,1019.84,5.0,4.17 17:14:42 07/06/21
21,70.5,25.650002,1019.74,5.0,4.17 17:20:04 07/06/21
46,72.4,25.535,1019.69,5.0,4.17 17:25:27 07/06/21
46,72.0,25.564999,1019.67,5.0,4.17 17:30:40 07/06/21
46,72.6,25.665,1019.59,5.0,4.17 17:35:58 07/06/21
48,72.5,25.740002,1019.55,5.0,4.16 17:41:15 07/06/21
46,73.4,25.895,1019.61,5.0,4.17 17:46:37 07/06/21
43,72.3,25.939999,1019.55,5.0,4.17 17:51:50 07/06/21
20,71.5,25.939999,1019.6,5.0,4.16 17:57:06 07/06/21
28,68.4,25.7,1019.53,5.0,4.17 18:02:23 07/06/21
44,70.2,25.54,1019.5,5.0,4.16 18:07:40 07/06/21
39,69.1,25.36,1019.44,5.0,4.16 18:12:53 07/06/21
40,68.9,25.255001,1019.41,5.0,4.16 18:18:10 07/06/21
40,69.7,25.145,1019.42,5.0,4.16 18:23:25 07/06/21
24,68.6,25.05,1019.35,5.0,4.16 18:28:42 07/06/21
20,67.8,24.869999,1019.29,5.0,4.16 18:33:58 07/06/21
41,69.2,24.675,1019.3,5.0,4.16 18:39:14 07/06/21
42,69.8,24.51,1019.3,5.0,4.16 18:44:33 07/06/21
15,68.6,24.32,1019.29,5.0,4.16 18:49:52 07/06/21
14,66.1,24.105,1019.22,5.0,4.16 18:55:09 07/06/21
15,68.1,23.895,1019.25,5.0,4.16 19:00:25 07/06/21
36,69.4,23.705,1019.31,5.0,4.16 19:05:39 07/06/21
34,68.4,23.585,1019.21,5.0,4.16 19:10:54 07/06/21
35,69.4,23.49,1019.22,5.0,4.16 19:16:11 07/06/21
13,69.6,23.404999,1019.2,5.0,4.16 19:21:25 07/06/21
11,69.3,23.335,1019.18,5.0,4.16 19:26:40 07/06/21
13,69.6,23.305,1019.17,5.0,4.16 19:32:00 07/06/21
12,68.4,23.220001,1019.19,5.0,4.16 19:37:16 07/06/21
11,67.9,23.130001,1019.18,5.0,4.16 19:42:27 07/06/21
11,69.2,23.05,1019.17,5.0,4.16 19:47:45 07/06/21
10,69.1,23.02,1019.12,5.0,4.16 19:52:59 07/06/21
10,67.9,22.935,1019.18,5.0,4.16 19:58:15 07/06/21
10,66.4,22.810001,1019.14,5.0,4.16 20:03:30 07/06/21
10,67.9,22.71,1019.18,5.0,4.16 20:08:49 07/06/21
9,68.1,22.61,1019.16,5.0,4.16 20:14:10 07/06/21
9,68.6,22.5,1019.14,5.0,4.16 20:19:23 07/06/21
9,68.6,22.415,1019.1,5.0,4.16 20:24:41 07/06/21
9,67.1,22.25,1019.17,5.0,4.16 20:29:55 07/06/21
8,68.2,22.14,1019.14,5.0,4.15 20:35:11 07/06/21
8,67.8,22.035,1019.15,5.0,4.15 20:40:26 07/06/21
8,67.9,21.93,1019.16,5.0,4.15 20:45:41 07/06/21
8,67.8,21.810001,1019.14,5.0,4.15 20:50:56 07/06/21
8,68.0,21.71,1019.28,5.0,4.15 20:56:15 07/06/21
7,68.1,21.545,1019.29,5.0,4.15 21:01:35 07/06/21
6,68.3,21.494999,1019.31,5.0,4.15 21:06:49 07/06/21
6,68.4,21.35,1019.38,5.0,4.15 21:12:06 07/06/21
5,69.0,21.25,1019.38,5.0,4.15 21:17:21 07/06/21
4,69.7,21.220001,1019.41,5.0,4.15 21:22:34 07/06/21
4,69.8,21.14,1019.49,4.79,4.15 21:27:51 07/06/21
3,69.7,21.115,1019.56,4.38,4.15 21:33:04 07/06/21
2,70.1,21.02,1019.56,4.26,4.15 21:38:22 07/06/21
1,70.2,20.925,1019.62,4.25,4.15 21:43:37 07/06/21
1,70.5,20.83,1019.76,4.09,4.15 21:48:53 07/06/21
0,71.2,20.73,1019.78,3.62,4.15 21:54:06 07/06/21
0,71.1,20.555,1019.81,3.04,4.15 21:59:21 07/06/21
0,72.8,20.380001,1019.85,2.41,4.15 22:04:39 07/06/21
0,72.4,20.255001,1019.88,1.77,4.15 22:09:52 07/06/21
0,72.3,20.15,1020.01,1.16,4.15 22:15:07 07/06/21
0,72.7,20.05,1020.03,0.69,4.15 22:20:34 07/06/21
0,73.4,19.95,1020.07,0.4,4.15 22:25:54 07/06/21
0,73.4,19.845001,1020.1,0.22,4.15 22:31:08 07/06/21
0,74.2,19.68,1020.12,0.11,4.15 22:36:23 07/06/21
0,73.8,19.564999,1020.08,0.06,4.14 22:41:46 07/06/21
0,74.3,19.48,1020.13,0.03,4.14 22:47:02 07/06/21
0,74.7,19.37,1020.11,0.01,4.14 22:52:20 07/06/21
0,75.5,19.265,1020.07,0.0,4.14 22:57:39 07/06/21
0,75.7,19.17,1020.09,0.0,4.14 23:02:53 07/06/21
0,76.4,19.064999,1020.07,0.0,4.14 23:08:13 07/06/21
0,76.9,18.974998,1020.08,0.0,4.14 23:13:33 07/06/21
0,77.4,18.875,1020.07,0.0,4.14 23:18:47 07/06/21
0,77.2,18.775002,1020.16,0.0,4.14 23:24:02 07/06/21
0,77.5,18.665,1020.1,0.0,4.14 23:29:16 07/06/21
0,78.0,18.564999,1020.16,0.0,4.14 23:34:31 07/06/21
0,78.0,18.47,1020.2,0.0,4.14 23:39:46 07/06/21
0,79.3,18.310001,1020.17,0.0,4.14 23:44:58 07/06/21
0,78.9,18.2,1020.22,0.0,4.14 23:50:15 07/06/21
0,79.7,18.095001,1020.2,0.0,4.14 23:55:29 07/06/21
