0,69.7,18.880001,1018.94,0.0,4.1 00:04:55 10/06/21
0,70.4,18.79,1018.88,0.0,4.1 00:10:13 10/06/21
0,69.9,18.635,1018.88,0.0,4.1 00:15:33 10/06/21
0,70.8,18.58,1018.84,0.0,4.1 00:20:51 10/06/21
0,71.6,18.48,1018.86,0.0,4.1 00:26:11 10/06/21
0,71.8,18.33,1018.86,0.0,4.09 00:31:25 10/06/21
0,71.2,18.275002,1018.89,0.0,4.1 00:36:41 10/06/21
0,72.5,18.195,1018.86,0.0,4.1 00:41:55 10/06/21
0,72.7,18.099998,1018.89,0.0,4.09 00:47:07 10/06/21
0,72.9,18.0,1018.84,0.0,4.1 00:52:24 10/06/21
0,72.8,17.905,1018.88,0.0,4.09 00:57:38 10/06/21
0,73.7,17.815,1018.9,0.0,4.09 01:02:58 10/06/21
0,74.3,17.735,1018.94,0.0,4.09 01:08:16 10/06/21
0,73.8,17.64,1018.91,0.0,4.1 01:13:31 10/06/21
0,74.4,17.585,1018.9,0.0,4.09 01:18:45 10/06/21
0,73.8,17.494999,1018.89,0.0,4.09 01:23:58 10/06/21
0,74.9,17.395,1018.87,0.0,4.09 01:29:14 10/06/21
0,74.8,17.305,1018.82,0.0,4.09 01:34:29 10/06/21
1,74.9,17.220001,1018.75,0.0,4.09 01:39:43 10/06/21
4,75.9,17.185001,1018.71,0.0,4.09 01:44:58 10/06/21
7,76.1,17.095001,1018.7,0.0,4.09 01:50:13 10/06/21
7,75.6,17.009998,1018.68,0.0,4.09 01:55:28 10/06/21
8,76.9,16.92,1018.65,0.0,4.09 02:00:42 10/06/21
9,76.2,16.885,1018.75,0.0,4.09 02:05:54 10/06/21
11,76.2,16.795,1018.73,0.0,4.09 02:11:10 10/06/21
11,76.7,16.7,1018.7,0.0,4.09 02:16:24 10/06/21
10,77.1,16.61,1018.73,0.0,4.09 02:21:39 10/06/21
9,77.4,16.52,1018.79,0.0,4.09 02:26:58 10/06/21
8,77.5,16.495,1018.79,0.03,4.09 02:32:16 10/06/21
7,77.3,16.395,1018.82,0.03,4.09 02:37:30 10/06/21
7,77.6,16.3,1018.78,0.03,4.09 02:42:48 10/06/21
6,77.8,16.215,1018.72,0.02,4.09 02:48:06 10/06/21
4,78.5,16.185001,1018.71,0.02,4.09 02:53:20 10/06/21
4,78.4,16.09,1018.72,0.02,4.09 02:58:35 10/06/21
4,79.1,16.015,1018.7,0.02,4.09 03:03:49 10/06/21
3,78.9,15.924999,1018.7,0.02,4.09 03:09:04 10/06/21
4,79.4,15.885,1018.7,0.01,4.09 03:14:19 10/06/21
4,79.2,15.8,1018.71,0.02,4.09 03:19:33 10/06/21
3,79.5,15.71,1018.71,0.01,4.09 03:24:47 10/06/21
3,79.5,15.625,1018.72,0.01,4.09 03:30:05 10/06/21
3,79.8,15.545,1018.65,0.01,4.09 03:35:24 10/06/21
3,79.8,15.51,1018.65,0.01,4.09 03:40:42 10/06/21
3,80.4,15.42,1018.58,0.02,4.09 03:46:01 10/06/21
3,80.2,15.379999,1018.58,0.02,4.09 03:51:19 10/06/21
3,80.0,15.305,1018.55,0.01,4.09 03:56:38 10/06/21
2,80.2,15.219999,1018.56,0.01,4.09 04:01:52 10/06/21
3,80.7,15.184999,1018.61,0.02,4.09 04:07:06 10/06/21
3,81.1,15.094999,1018.66,0.02,4.07 04:12:21 10/06/21
2,81.2,15.08,1018.63,0.03,4.09 04:17:35 10/06/21
2,81.3,15.0,1018.56,0.04,4.09 04:22:49 10/06/21
2,81.0,14.924999,1018.52,0.07,4.09 04:28:04 10/06/21
2,81.8,14.9,1018.53,0.11,4.09 04:33:17 10/06/21
2,81.8,14.815001,1018.48,0.19,4.09 04:38:31 10/06/21
3,82.2,14.79,1018.49,0.34,4.09 04:43:45 10/06/21
2,82.0,14.71,1018.51,0.62,4.09 04:49:00 10/06/21
3,83.2,14.690001,1018.49,0.99,4.08 04:54:15 10/06/21
3,82.9,14.615,1018.46,1.38,4.09 04:59:28 10/06/21
4,82.6,14.57,1018.42,1.6,4.09 05:04:44 10/06/21
5,82.4,14.495,1018.44,1.76,4.09 05:09:56 10/06/21
6,82.9,14.41,1018.38,1.93,4.09 05:15:10 10/06/21
7,83.0,14.395,1018.39,2.14,4.09 05:20:26 10/06/21
8,83.0,14.315001,1018.36,2.29,4.09 05:25:38 10/06/21
9,82.8,14.280001,1018.33,2.72,4.08 05:30:52 10/06/21
10,83.3,14.195,1018.25,2.91,4.08 05:36:05 10/06/21
12,83.9,14.165,1018.28,4.09,4.08 05:41:18 10/06/21
14,83.9,14.094999,1018.2,4.09,4.08 05:46:34 10/06/21
17,83.3,14.09,1018.24,3.04,4.08 05:51:52 10/06/21
18,84.0,14.09,1018.24,3.26,4.09 05:57:10 10/06/21
18,84.5,14.085,1018.09,3.11,4.08 06:02:24 10/06/21
19,84.7,14.09,1018.19,3.09,4.08 06:07:37 10/06/21
23,85.2,14.09,1018.17,3.95,4.08 06:12:56 10/06/21
22,84.5,14.1,1018.18,4.08,4.08 06:18:15 10/06/21
24,85.6,14.105,1018.25,3.14,4.08 06:23:29 10/06/21
24,85.7,14.184999,1018.24,3.06,4.08 06:28:43 10/06/21
25,85.5,14.190001,1018.24,4.14,4.08 06:33:57 10/06/21
24,86.6,14.275,1018.25,4.2,4.08 06:39:12 10/06/21
28,85.9,14.3,1018.2,4.2,4.08 06:44:25 10/06/21
30,86.0,14.385,1018.21,4.14,4.08 06:49:40 10/06/21
37,85.3,14.475,1018.14,4.09,4.08 06:54:54 10/06/21
46,88.0,14.575,1018.14,4.08,4.08 07:00:07 10/06/21
44,85.8,14.68,1018.1,4.2,4.08 07:05:19 10/06/21
51,86.8,14.79,1018.14,4.2,4.08 07:10:35 10/06/21
40,89.2,14.975,1018.27,4.18,4.08 07:15:49 10/06/21
37,87.2,15.225,1018.18,4.2,4.08 07:21:04 10/06/21
38,87.5,15.445,1018.14,4.21,4.08 07:26:30 10/06/21
35,87.0,15.785,1018.23,4.19,4.08 07:31:50 10/06/21
31,86.4,16.01,1018.24,4.17,4.08 07:37:03 10/06/21
30,87.6,16.275,1018.24,4.2,4.08 07:42:21 10/06/21
27,87.0,16.560001,1018.22,4.17,4.08 07:47:40 10/06/21
29,89.0,16.92,1018.14,4.17,4.08 07:52:55 10/06/21
26,87.8,17.46,1018.16,4.21,4.08 07:58:07 10/06/21
28,88.0,18.05,1018.25,4.18,4.08 08:03:24 10/06/21
30,89.5,18.695,1018.26,4.09,4.08 08:08:38 10/06/21
31,88.4,19.395,1018.27,4.12,4.08 08:13:53 10/06/21
32,85.4,20.095001,1018.29,4.15,4.08 08:19:12 10/06/21
30,84.0,20.54,1018.24,4.21,4.08 08:24:31 10/06/21
31,83.5,20.955,1018.39,4.09,4.08 08:29:46 10/06/21
32,82.9,21.314999,1018.46,4.09,4.08 08:35:03 10/06/21
29,82.6,21.384998,1018.38,4.09,4.08 08:40:15 10/06/21
32,81.4,21.39,1018.47,3.84,4.08 08:45:33 10/06/21
32,81.7,21.395,1018.57,4.19,4.08 08:50:47 10/06/21
28,81.2,21.315,1018.63,4.2,4.08 08:56:00 10/06/21
34,79.9,21.14,1018.6,4.2,4.08 09:01:20 10/06/21
33,80.9,21.085,1018.65,4.2,4.08 09:06:33 10/06/21
34,80.9,20.99,1018.6,4.2,4.08 09:11:52 10/06/21
29,82.8,20.965,1018.67,4.16,4.08 09:17:09 10/06/21
35,81.4,20.95,1018.7,4.16,4.08 09:22:26 10/06/21
31,82.0,20.985,1018.69,4.15,4.08 09:27:39 10/06/21
34,82.5,21.154999,1018.77,4.16,4.08 09:32:56 10/06/21
34,82.3,21.31,1018.79,4.15,4.08 09:38:11 10/06/21
29,83.5,21.435,1018.92,4.17,4.08 09:43:27 10/06/21
21,81.9,21.535,1018.89,4.15,4.08 09:48:41 10/06/21
32,82.3,21.619999,1018.86,3.92,4.08 09:53:55 10/06/21
31,84.5,21.745,1018.9,4.16,4.08 09:59:11 10/06/21
34,82.5,21.835,1018.86,4.08,4.08 10:04:26 10/06/21
39,82.6,21.925,1018.89,4.09,4.08 10:09:42 10/06/21
41,82.8,22.130001,1018.93,4.09,4.08 10:15:05 10/06/21
32,83.2,22.325,1018.85,4.09,4.08 10:20:19 10/06/21
37,82.6,22.51,1018.88,4.09,4.08 10:25:37 10/06/21
37,83.3,22.645,1018.86,4.08,4.08 10:30:51 10/06/21
38,82.8,22.82,1018.81,4.08,4.08 10:36:07 10/06/21
35,82.0,22.975,1018.89,3.48,4.08 10:41:21 10/06/21
38,82.4,23.115,1018.92,4.2,4.08 10:46:37 10/06/21
39,82.2,23.365,1018.94,4.21,4.08 10:51:53 10/06/21
38,81.6,23.505001,1018.93,4.11,4.08 10:57:08 10/06/21
40,81.3,23.71,1018.97,4.15,4.08 11:02:24 10/06/21
35,81.3,23.865,1018.98,4.09,4.08 11:07:37 10/06/21
41,81.9,24.055,1019.03,4.09,4.08 11:12:55 10/06/21
41,83.0,24.25,1019.03,4.08,4.08 11:18:10 10/06/21
41,82.6,24.535,1019.14,4.09,4.08 11:23:26 10/06/21
43,81.5,24.805,1019.07,4.08,4.08 11:28:45 10/06/21
40,79.2,24.875,1019.04,4.08,4.08 11:34:06 10/06/21
43,79.9,24.965,1019.01,4.08,4.08 11:39:32 10/06/21
40,79.9,25.09,1018.94,2.94,4.08 11:44:46 10/06/21
41,77.1,25.16,1018.91,3.15,4.08 11:50:03 10/06/21
37,76.3,25.185001,1018.92,3.43,4.08 11:55:16 10/06/21
43,72.8,25.19,1018.93,3.13,4.08 12:00:37 10/06/21
39,76.2,25.185001,1018.98,3.24,4.08 12:05:56 10/06/21
35,75.7,25.18,1018.95,3.18,4.08 12:11:12 10/06/21
40,77.8,25.279999,1018.95,3.3,4.08 12:16:29 10/06/21
43,66.9,25.240002,1019.02,4.19,4.08 12:21:48 10/06/21
40,64.5,25.035,1018.88,4.1,4.08 12:27:00 10/06/21
38,61.6,24.845,1018.95,3.85,4.08 12:32:15 10/06/21
44,67.3,24.805,1018.93,3.4,4.08 12:37:36 10/06/21
38,68.7,24.970001,1018.92,3.36,4.08 12:42:55 10/06/21
40,69.4,25.150002,1018.9,4.14,4.08 12:48:10 10/06/21
47,69.3,25.435001,1018.94,4.18,4.08 12:53:34 10/06/21
47,66.1,25.66,1018.92,4.19,4.08 12:59:01 10/06/21
41,66.3,25.759998,1018.85,4.17,4.08 13:04:15 10/06/21
42,70.4,25.95,1018.66,4.16,4.08 13:09:31 10/06/21
41,64.7,26.08,1018.53,4.21,4.08 13:14:47 10/06/21
48,58.6,26.085,1018.47,4.19,4.08 13:20:08 10/06/21
45,62.6,26.235,1018.56,4.21,4.08 13:25:28 10/06/21
45,57.3,26.27,1018.48,4.16,4.08 13:30:44 10/06/21
46,62.5,26.29,1018.45,4.19,4.08 13:36:00 10/06/21
46,56.8,26.485,1018.34,4.18,4.08 13:41:18 10/06/21
41,61.7,26.650002,1018.27,4.14,4.08 13:46:30 10/06/21
48,59.9,26.89,1018.22,4.16,4.08 13:51:52 10/06/21
42,58.3,27.015,1018.16,4.16,4.08 13:57:12 10/06/21
43,52.7,26.96,1018.2,4.2,4.08 14:02:28 10/06/21
47,54.7,26.955,1018.18,4.2,4.08 14:07:46 10/06/21
43,60.6,27.175,1018.22,4.16,4.08 14:13:00 10/06/21
47,60.8,27.395,1018.14,4.15,4.08 14:18:17 10/06/21
47,62.0,27.59,1018.14,4.16,4.08 14:23:33 10/06/21
43,57.7,27.935001,1018.09,4.2,4.08 14:28:49 10/06/21
42,57.1,28.154999,1018.15,4.18,4.08 14:34:04 10/06/21
48,55.3,28.11,1018.12,4.19,4.08 14:39:31 10/06/21
41,58.1,28.235,1018.09,4.13,4.08 14:44:46 10/06/21
46,60.1,28.4,1018.11,4.15,4.08 14:50:03 10/06/21
49,61.6,28.66,1018.02,4.17,4.08 14:55:24 10/06/21
47,61.3,28.89,1017.99,4.21,4.08 15:00:45 10/06/21
43,58.7,28.99,1017.93,4.16,4.08 15:06:02 10/06/21
44,56.6,28.939999,1017.94,4.13,4.08 15:11:17 10/06/21
47,56.9,28.855,1017.88,4.15,4.08 15:16:34 10/06/21
46,59.0,28.904999,1017.84,4.13,4.08 15:21:50 10/06/21
43,58.5,28.925,1017.85,4.18,4.08 15:27:05 10/06/21
46,56.2,28.95,1017.81,4.17,4.08 15:32:23 10/06/21
46,56.7,28.93,1017.84,4.15,4.08 15:37:40 10/06/21
46,58.7,28.935001,1017.71,4.14,4.07 15:42:56 10/06/21
48,57.3,29.095001,1017.68,4.14,4.08 15:48:16 10/06/21
48,54.2,29.060001,1017.64,4.16,4.07 15:53:42 10/06/21
42,58.1,29.14,1017.58,4.21,4.07 15:59:01 10/06/21
40,57.3,29.23,1017.53,4.2,4.07 16:04:20 10/06/21
45,56.9,29.32,1017.54,4.2,4.06 16:09:36 10/06/21
44,53.1,29.285,1017.49,4.21,4.08 16:14:52 10/06/21
46,56.1,29.335,1017.44,4.14,4.07 16:20:09 10/06/21
44,58.5,29.445,1017.42,4.13,4.08 16:25:25 10/06/21
48,56.9,29.545,1017.39,4.17,4.07 16:30:46 10/06/21
47,56.0,29.625,1017.42,4.17,4.07 16:36:10 10/06/21
47,52.0,29.505001,1017.43,4.15,4.07 16:41:27 10/06/21
43,55.4,29.485,1017.42,4.19,4.07 16:46:49 10/06/21
39,55.9,29.545,1017.37,4.18,4.08 16:52:03 10/06/21
44,53.8,29.5,1017.28,4.2,4.08 16:57:22 10/06/21
42,55.3,29.439999,1017.27,4.13,4.07 17:02:38 10/06/21
43,55.5,29.41,1017.27,4.14,4.07 17:07:55 10/06/21
44,52.9,29.39,1017.26,4.19,4.07 17:13:11 10/06/21
43,54.8,29.29,1017.25,4.15,4.08 17:18:29 10/06/21
44,54.5,29.205,1017.22,4.17,4.07 17:23:45 10/06/21
40,53.7,29.115,1017.18,4.14,4.07 17:29:00 10/06/21
44,51.8,29.035,1017.17,4.18,4.07 17:34:18 10/06/21
38,52.3,28.865,1017.04,4.18,4.07 17:39:32 10/06/21
42,53.5,28.835,1016.99,4.13,4.07 17:44:50 10/06/21
44,53.8,28.735,1017.01,4.14,4.07 17:50:11 10/06/21
41,54.4,28.725,1016.94,4.15,4.07 17:55:36 10/06/21
42,53.2,28.725,1016.91,4.13,4.07 18:00:57 10/06/21
39,54.3,28.71,1016.9,4.13,4.07 18:06:13 10/06/21
37,53.5,28.61,1016.82,4.15,4.07 18:11:28 10/06/21
39,53.2,28.455,1016.78,4.19,4.07 18:16:47 10/06/21
36,54.0,28.355,1016.76,4.17,4.07 18:22:01 10/06/21
38,54.1,28.255001,1016.73,4.17,4.07 18:27:22 10/06/21
40,54.8,28.23,1016.73,4.16,4.07 18:32:48 10/06/21
37,54.2,28.085,1016.73,4.17,4.07 18:38:09 10/06/21
37,54.4,27.974998,1016.58,4.13,4.07 18:43:25 10/06/21
36,53.5,27.875,1016.64,4.18,4.07 18:48:42 10/06/21
35,54.2,27.705,1016.48,4.14,4.07 18:53:57 10/06/21
36,55.5,27.654999,1016.45,4.16,4.07 18:59:17 10/06/21
33,54.7,27.515,1016.41,4.2,4.07 19:04:37 10/06/21
36,55.0,27.465,1016.39,4.18,4.07 19:09:58 10/06/21
30,55.3,27.38,1016.33,4.16,4.07 19:15:19 10/06/21
24,55.7,27.36,1016.38,4.17,4.07 19:20:39 10/06/21
14,55.5,27.29,1016.37,4.16,4.07 19:26:04 10/06/21
15,55.9,27.27,1016.42,4.15,4.07 19:31:30 10/06/21
14,55.9,27.25,1016.43,4.17,4.07 19:36:50 10/06/21
12,56.0,27.165,1016.48,4.15,4.07 19:42:07 10/06/21
14,56.1,27.015,1016.5,4.17,4.07 19:47:23 10/06/21
13,56.3,26.970001,1016.51,4.14,4.07 19:52:39 10/06/21
12,56.0,26.83,1016.55,4.18,4.07 19:57:53 10/06/21
12,57.2,26.8,1016.49,4.19,4.07 20:03:14 10/06/21
12,56.8,26.715,1016.5,4.14,4.07 20:08:35 10/06/21
10,56.3,26.619999,1016.46,4.17,4.07 20:13:51 10/06/21
11,56.6,26.525,1016.46,4.15,4.07 20:19:08 10/06/21
10,56.7,26.425,1016.4,4.2,4.07 20:24:22 10/06/21
11,56.8,26.32,1016.39,4.13,4.07 20:29:38 10/06/21
11,56.9,26.23,1016.4,4.16,4.07 20:34:56 10/06/21
11,57.3,26.145,1016.37,4.15,4.07 20:40:15 10/06/21
10,57.6,26.119999,1016.38,4.18,4.07 20:45:36 10/06/21
9,57.3,26.015,1016.37,4.13,4.07 20:50:50 10/06/21
9,57.8,25.925,1016.37,4.2,4.07 20:56:07 10/06/21
9,57.8,25.82,1016.35,4.18,4.07 21:01:27 10/06/21
7,58.0,25.73,1016.34,4.18,4.07 21:06:48 10/06/21
5,58.7,25.619999,1016.32,4.13,4.07 21:12:04 10/06/21
5,58.8,25.46,1016.33,4.18,4.07 21:17:20 10/06/21
6,58.9,25.335,1016.31,4.13,4.07 21:22:35 10/06/21
0,59.8,25.23,1016.4,4.17,4.07 21:27:51 10/06/21
4,59.9,25.07,1016.46,4.15,4.07 21:33:06 10/06/21
3,60.4,24.939999,1016.47,4.19,4.07 21:38:23 10/06/21
1,60.9,24.76,1016.44,4.12,4.07 21:43:42 10/06/21
1,61.7,24.585,1016.46,4.17,4.07 21:49:06 10/06/21
1,62.3,24.465,1016.55,4.16,4.07 21:54:18 10/06/21
0,62.4,24.279999,1016.64,3.87,4.07 21:59:35 10/06/21
0,61.9,24.15,1016.75,3.28,4.07 22:04:49 10/06/21
0,63.1,23.98,1016.85,2.53,4.07 22:10:05 10/06/21
0,63.2,23.865002,1016.88,1.85,4.07 22:15:29 10/06/21
0,63.3,23.76,1016.93,1.12,4.06 22:20:45 10/06/21
0,64.0,23.654999,1016.98,0.64,4.07 22:26:00 10/06/21
0,66.5,23.505,1017.02,0.42,4.06 22:31:18 10/06/21
0,64.5,23.47,1017.04,0.24,4.07 22:36:33 10/06/21
0,66.0,23.439999,1017.09,0.13,4.07 22:41:48 10/06/21
0,65.9,23.365002,1017.13,0.06,4.07 22:47:02 10/06/21
0,65.1,23.279999,1017.14,0.03,4.07 22:52:22 10/06/21
0,66.0,23.244999,1017.26,0.01,4.06 22:57:42 10/06/21
0,65.7,23.154999,1017.34,0.0,4.06 23:03:01 10/06/21
0,66.9,23.064999,1017.41,0.0,4.06 23:08:21 10/06/21
0,65.9,22.97,1017.45,0.0,4.06 23:13:37 10/06/21
0,69.3,22.87,1017.53,0.0,4.06 23:18:52 10/06/21
0,65.5,22.765,1017.56,0.0,4.06 23:24:11 10/06/21
0,66.3,22.66,1017.56,0.0,4.06 23:29:31 10/06/21
0,69.1,22.48,1017.64,0.0,4.07 23:34:47 10/06/21
0,67.3,22.380001,1017.7,0.0,4.06 23:40:02 10/06/21
0,67.7,22.285,1017.78,0.0,4.06 23:45:16 10/06/21
0,67.7,22.175,1017.72,0.0,4.06 23:50:31 10/06/21
0,68.1,22.08,1017.74,0.0,4.06 23:55:49 10/06/21
