0,67.3,22.0,1017.74,0.0,4.06 00:01:03 11/06/21
0,68.9,21.974998,1017.74,0.0,4.06 00:06:27 11/06/21
0,68.5,21.96,1017.73,0.0,4.06 00:11:42 11/06/21
0,69.1,21.815,1017.75,0.0,4.06 00:16:57 11/06/21
0,68.5,21.785,1017.74,0.0,4.06 00:22:11 11/06/21
0,69.0,21.75,1017.77,0.0,4.06 00:27:28 11/06/21
0,69.1,21.665,1017.7,0.0,4.06 00:32:43 11/06/21
0,68.7,21.515,1017.73,0.0,4.06 00:37:58 11/06/21
0,68.7,21.46,1017.64,0.0,4.06 00:43:14 11/06/21
0,68.2,21.295,1017.64,0.0,4.06 00:48:32 11/06/21
0,68.4,21.189999,1017.74,0.0,4.06 00:53:52 11/06/21
0,68.5,21.085,1017.75,0.0,4.06 00:59:06 11/06/21
0,69.8,20.974998,1017.7,0.0,4.06 01:04:22 11/06/21
0,69.8,20.865002,1017.62,0.0,4.06 01:09:37 11/06/21
0,69.2,20.77,1017.63,0.0,4.06 01:14:52 11/06/21
0,69.9,20.67,1017.65,0.0,4.06 01:20:07 11/06/21
0,69.9,20.57,1017.64,0.0,4.06 01:25:23 11/06/21
0,70.0,20.47,1017.7,0.0,4.06 01:30:41 11/06/21
0,69.4,20.37,1017.69,0.0,4.06 01:36:00 11/06/21
0,70.4,20.27,1017.64,0.0,4.06 01:41:17 11/06/21
0,70.7,20.17,1017.69,0.0,4.06 01:46:29 11/06/21
0,71.7,20.07,1017.73,0.0,4.06 01:51:50 11/06/21
0,71.7,19.905,1017.66,0.0,4.06 01:57:09 11/06/21
0,71.6,19.8,1017.63,0.0,4.06 02:02:22 11/06/21
0,72.6,19.68,1017.64,0.0,4.06 02:07:44 11/06/21
0,72.9,19.575,1017.7,0.0,4.06 02:13:02 11/06/21
0,73.3,19.474998,1017.68,0.0,4.06 02:18:17 11/06/21
0,73.4,19.325,1017.72,0.0,4.06 02:23:33 11/06/21
0,73.9,19.275002,1017.69,0.0,4.06 02:28:45 11/06/21
0,74.6,19.175,1017.69,0.0,4.06 02:34:05 11/06/21
0,74.3,19.07,1017.74,0.0,4.06 02:39:25 11/06/21
0,74.1,18.965,1017.72,0.0,4.06 02:44:40 11/06/21
0,75.3,18.82,1017.7,0.0,4.06 02:49:54 11/06/21
0,75.1,18.775002,1017.67,0.0,4.06 02:55:08 11/06/21
5,76.3,18.689999,1017.72,0.06,4.06 03:00:24 11/06/21
6,76.8,18.599998,1017.72,0.07,4.06 03:05:39 11/06/21
8,76.7,18.505,1017.71,0.1,4.06 03:10:53 11/06/21
9,76.7,18.41,1017.63,0.12,4.06 03:16:08 11/06/21
9,77.4,18.33,1017.59,0.11,4.06 03:21:22 11/06/21
9,77.5,18.285,1017.55,0.1,4.06 03:26:38 11/06/21
8,77.9,18.195,1017.54,0.11,4.06 03:31:52 11/06/21
7,78.1,18.115,1017.57,0.1,4.06 03:37:06 11/06/21
7,77.6,18.064999,1017.56,0.1,4.06 03:42:21 11/06/21
6,77.9,17.98,1017.53,0.09,4.06 03:47:35 11/06/21
6,79.3,17.895,1017.51,0.12,4.06 03:52:50 11/06/21
5,78.7,17.815,1017.54,0.12,4.06 03:58:05 11/06/21
5,79.5,17.725,1017.5,0.12,4.06 04:03:19 11/06/21
4,78.9,17.695,1017.54,0.12,4.06 04:08:34 11/06/21
4,79.3,17.615,1017.52,0.12,4.06 04:13:48 11/06/21
4,80.3,17.585,1017.55,0.12,4.06 04:19:03 11/06/21
4,79.9,17.509998,1017.49,0.12,4.06 04:24:16 11/06/21
4,79.4,17.465,1017.43,0.13,4.06 04:29:32 11/06/21
4,81.1,17.385,1017.38,0.13,4.06 04:34:46 11/06/21
4,81.9,17.3,1017.36,0.15,4.06 04:40:01 11/06/21
4,80.6,17.27,1017.42,0.25,4.06 04:45:15 11/06/21
4,79.6,17.185001,1017.42,1.04,4.06 04:50:28 11/06/21
4,81.9,17.095001,1017.37,1.66,4.05 04:55:42 11/06/21
5,80.9,17.005,1017.35,2.43,4.06 05:00:59 11/06/21
6,81.6,16.98,1017.36,3.07,4.06 05:06:14 11/06/21
6,81.3,16.89,1017.36,3.75,4.06 05:11:27 11/06/21
7,81.3,16.815,1017.24,3.7,4.06 05:16:40 11/06/21
7,82.3,16.73,1017.26,4.12,4.05 05:21:54 11/06/21
10,81.6,16.695,1017.14,4.17,4.06 05:27:11 11/06/21
9,82.4,16.67,1017.26,4.15,4.06 05:32:24 11/06/21
12,82.2,16.595001,1017.24,4.14,4.06 05:37:39 11/06/21
14,83.2,16.515,1017.25,3.5,4.06 05:42:54 11/06/21
15,82.4,16.495,1017.16,3.51,4.06 05:48:08 11/06/21
16,82.7,16.4,1016.99,2.27,4.06 05:53:22 11/06/21
18,83.5,16.375,1017.01,4.09,4.06 05:58:37 11/06/21
18,83.7,16.32,1017.09,4.06,4.06 06:03:51 11/06/21
20,83.6,16.37,1017.1,4.18,4.06 06:09:06 11/06/21
22,83.2,16.385,1017.09,4.14,4.06 06:14:20 11/06/21
19,84.5,16.4,1016.98,4.14,4.06 06:19:32 11/06/21
24,87.4,16.465,1017.05,4.09,4.06 06:24:49 11/06/21
26,85.4,16.555,1017.02,4.17,4.06 06:30:03 11/06/21
23,86.1,16.595001,1017.03,4.17,4.06 06:35:15 11/06/21
30,88.2,16.675,1017.08,4.06,4.06 06:40:35 11/06/21
31,82.7,16.75,1017.04,4.09,4.06 06:45:58 11/06/21
31,90.0,16.845001,1017.09,4.18,4.05 06:51:17 11/06/21
43,90.4,16.945,1017.16,4.17,4.06 06:56:32 11/06/21
45,87.8,17.045,1017.11,4.09,4.05 07:01:46 11/06/21
45,91.7,17.145,1017.11,3.59,4.05 07:07:01 11/06/21
33,92.1,17.265,1017.27,4.16,4.05 07:12:16 11/06/21
34,91.9,17.425,1017.32,4.15,4.06 07:17:33 11/06/21
34,92.4,17.55,1017.39,4.11,4.06 07:22:56 11/06/21
30,93.7,17.735,1017.49,4.03,4.06 07:28:14 11/06/21
30,92.2,17.86,1017.47,4.09,4.06 07:33:30 11/06/21
30,91.9,18.029999,1017.49,4.06,4.06 07:38:45 11/06/21
26,95.4,18.24,1017.42,3.74,4.06 07:43:57 11/06/21
28,95.4,18.474998,1017.35,4.06,4.06 07:49:14 11/06/21
28,94.1,18.755001,1017.53,4.06,4.06 07:54:32 11/06/21
25,92.2,19.145,1017.57,3.96,4.06 07:59:52 11/06/21
28,91.8,19.525002,1017.61,4.06,4.06 08:05:07 11/06/21
28,91.2,19.9,1017.59,4.06,4.06 08:10:21 11/06/21
29,90.6,20.17,1017.69,3.87,4.05 08:15:34 11/06/21
29,91.2,20.59,1017.6,4.06,4.05 08:20:52 11/06/21
26,88.9,20.835,1017.55,4.06,4.06 08:26:07 11/06/21
23,89.4,20.89,1017.58,4.06,4.06 08:31:21 11/06/21
23,87.9,20.805,1017.5,4.06,4.06 08:36:36 11/06/21
22,88.8,20.720001,1017.61,4.06,4.06 08:41:51 11/06/21
29,89.2,20.625,1017.49,4.06,4.06 08:47:06 11/06/21
28,90.0,20.56,1017.5,4.06,4.05 08:52:21 11/06/21
30,91.2,20.635,1017.5,3.98,4.05 08:57:36 11/06/21
34,91.4,20.66,1017.53,4.06,4.06 09:02:51 11/06/21
32,91.2,20.76,1017.61,4.06,4.06 09:08:11 11/06/21
26,90.3,20.895,1017.57,4.06,4.06 09:13:28 11/06/21
25,91.2,21.0,1017.58,4.06,4.06 09:18:43 11/06/21
28,90.8,21.095001,1017.65,4.06,4.06 09:24:00 11/06/21
26,90.1,21.105,1017.57,4.06,4.06 09:29:15 11/06/21
24,90.6,21.11,1017.68,4.08,4.05 09:34:31 11/06/21
32,90.4,21.04,1017.7,4.06,4.05 09:39:46 11/06/21
38,90.6,21.085,1017.66,4.06,4.06 09:45:00 11/06/21
38,90.3,21.175,1017.73,4.06,4.06 09:50:15 11/06/21
40,90.7,21.29,1017.7,4.06,4.06 09:55:34 11/06/21
34,90.2,21.48,1017.74,4.06,4.06 10:00:54 11/06/21
38,91.0,21.675,1017.74,4.06,4.06 10:06:09 11/06/21
33,90.8,21.86,1017.73,4.06,4.05 10:11:22 11/06/21
37,91.0,22.05,1017.61,4.06,4.06 10:16:39 11/06/21
38,91.3,22.240002,1017.63,4.06,4.06 10:21:55 11/06/21
39,90.3,22.445,1017.71,4.06,4.06 10:27:10 11/06/21
37,90.8,22.575,1017.73,4.06,4.06 10:32:25 11/06/21
40,89.9,22.69,1017.78,4.06,4.05 10:37:42 11/06/21
17,90.3,22.915,1017.73,3.84,4.06 10:42:56 11/06/21
42,90.1,23.045,1017.74,4.06,4.06 10:48:20 11/06/21
36,90.0,23.23,1017.67,4.0,4.05 10:53:33 11/06/21
40,88.9,23.415,1017.73,3.93,4.05 10:58:51 11/06/21
42,88.0,23.474998,1017.66,3.2,4.06 11:04:10 11/06/21
40,89.6,23.720001,1017.68,4.08,4.06 11:09:30 11/06/21
41,88.8,23.93,1017.69,4.06,4.06 11:14:46 11/06/21
37,87.6,24.11,1017.61,4.06,4.05 11:19:59 11/06/21
40,87.6,24.21,1017.6,4.06,4.05 11:25:17 11/06/21
41,84.1,24.335,1017.6,4.06,4.05 11:30:33 11/06/21
41,85.2,24.369999,1017.53,4.06,4.05 11:35:49 11/06/21
38,85.4,24.515,1017.5,4.06,4.06 11:41:02 11/06/21
41,86.1,24.675,1017.43,4.06,4.05 11:46:19 11/06/21
42,87.3,24.885,1017.48,4.06,4.05 11:51:36 11/06/21
43,84.0,25.01,1017.42,4.06,4.06 11:56:51 11/06/21
41,83.5,25.060001,1017.42,4.06,4.06 12:02:05 11/06/21
45,84.6,25.225,1017.34,4.06,4.06 12:07:26 11/06/21
44,84.4,25.46,1017.38,4.06,4.05 12:12:47 11/06/21
43,79.4,25.525,1017.34,4.06,4.06 12:18:02 11/06/21
45,81.9,25.564999,1017.38,3.99,4.05 12:23:18 11/06/21
45,83.8,25.775,1017.37,3.93,4.05 12:28:34 11/06/21
47,78.2,25.9,1017.35,4.06,4.05 12:33:50 11/06/21
43,80.7,25.92,1017.25,4.06,4.06 12:39:06 11/06/21
46,81.1,26.095001,1017.25,4.06,4.05 12:44:25 11/06/21
43,77.4,26.285,1017.19,4.06,4.05 12:49:46 11/06/21
45,75.8,26.385,1017.15,4.06,4.05 12:55:03 11/06/21
44,76.5,26.5,1017.17,4.06,4.05 13:00:19 11/06/21
46,74.8,26.525,1017.15,4.06,4.05 13:05:35 11/06/21
44,75.4,26.4,1017.11,4.05,4.06 13:10:51 11/06/21
45,76.8,26.515,1017.09,4.06,4.06 13:16:07 11/06/21
45,75.9,26.615,1017.06,4.06,4.06 13:21:23 11/06/21
45,74.0,26.71,1017.0,4.06,4.05 13:26:39 11/06/21
46,74.8,26.785,1016.98,4.06,4.05 13:31:58 11/06/21
45,73.9,26.9,1017.04,3.84,4.05 13:37:19 11/06/21
45,76.5,27.060001,1016.89,3.8,4.05 13:42:35 11/06/21
40,70.7,27.2,1016.88,3.57,4.05 13:47:49 11/06/21
46,76.2,27.369999,1016.78,3.61,4.05 13:53:08 11/06/21
46,76.6,27.54,1016.79,3.47,4.05 13:58:23 11/06/21
45,69.8,27.515,1016.84,4.01,4.05 14:03:39 11/06/21
46,72.8,27.5,1016.83,3.63,4.05 14:08:56 11/06/21
47,71.4,27.58,1016.8,3.54,4.05 14:14:20 11/06/21
46,68.0,27.685001,1016.79,3.43,4.05 14:19:37 11/06/21
48,70.1,27.785,1016.71,3.77,4.05 14:24:53 11/06/21
47,71.6,27.95,1016.7,3.45,4.05 14:30:10 11/06/21
40,67.6,28.145,1016.7,3.68,4.05 14:35:23 11/06/21
46,67.3,28.155,1016.64,3.43,4.05 14:40:42 11/06/21
46,72.1,28.259998,1016.67,4.05,4.05 14:45:58 11/06/21
45,67.7,28.295,1016.67,3.96,4.05 14:51:14 11/06/21
46,62.6,28.305,1016.59,3.34,4.05 14:56:31 11/06/21
32,68.7,28.31,1016.57,3.18,4.05 15:01:45 11/06/21
48,67.0,28.404999,1016.54,3.39,4.05 15:07:03 11/06/21
48,66.0,28.494999,1016.47,3.37,4.05 15:12:20 11/06/21
48,69.3,28.715,1016.48,3.03,4.05 15:17:36 11/06/21
43,68.4,29.015,1016.51,3.24,4.05 15:22:50 11/06/21
50,65.2,29.235,1016.52,3.17,4.05 15:28:09 11/06/21
48,67.5,29.34,1016.47,3.26,4.05 15:33:25 11/06/21
28,66.9,29.439999,1016.5,3.08,4.05 15:38:40 11/06/21
48,67.2,29.380001,1016.47,3.36,4.05 15:43:58 11/06/21
48,64.6,29.295,1016.42,3.4,4.05 15:49:15 11/06/21
47,66.3,29.345001,1016.38,3.25,4.05 15:54:31 11/06/21
48,64.4,29.29,1016.39,3.43,4.05 15:59:48 11/06/21
39,60.6,29.130001,1016.33,3.19,4.05 16:05:03 11/06/21
47,63.3,29.095001,1016.31,3.33,4.05 16:10:21 11/06/21
45,64.1,29.115,1016.35,3.36,4.05 16:15:37 11/06/21
41,65.1,29.115,1016.25,3.39,4.05 16:20:52 11/06/21
45,65.9,29.2,1016.2,3.54,4.05 16:26:10 11/06/21
45,62.8,29.21,1016.2,3.47,4.05 16:31:27 11/06/21
39,60.6,29.064999,1016.14,3.47,4.05 16:36:41 11/06/21
45,64.0,29.11,1016.14,3.55,4.05 16:42:00 11/06/21
39,63.6,29.2,1016.17,3.49,4.05 16:47:14 11/06/21
45,63.7,29.279999,1016.15,3.56,4.05 16:52:33 11/06/21
42,59.9,29.154999,1016.13,3.44,4.05 16:57:49 11/06/21
20,61.2,29.01,1016.1,3.23,4.05 17:03:06 11/06/21
37,61.8,28.775002,1016.12,3.55,4.05 17:08:22 11/06/21
44,63.7,28.745,1016.04,3.46,4.05 17:13:39 11/06/21
43,63.7,28.895,1015.94,3.52,4.05 17:18:55 11/06/21
44,61.6,28.939999,1015.97,3.32,4.05 17:24:11 11/06/21
33,63.2,29.015,1016.02,4.08,4.05 17:29:26 11/06/21
42,62.9,28.939999,1015.97,4.08,4.05 17:34:44 11/06/21
21,64.0,29.029999,1016.05,4.06,4.05 17:40:01 11/06/21
19,61.2,28.945,1016.0,4.08,4.05 17:45:15 11/06/21
19,60.6,28.515,1015.98,4.08,4.05 17:50:33 11/06/21
43,61.2,28.215,1016.0,4.18,4.05 17:55:50 11/06/21
16,62.3,28.095001,1015.92,4.08,4.05 18:01:06 11/06/21
41,62.5,28.05,1015.86,4.13,4.05 18:06:22 11/06/21
37,63.0,28.075,1015.92,4.07,4.05 18:11:39 11/06/21
42,63.5,28.154999,1015.85,4.18,4.05 18:16:56 11/06/21
41,61.9,28.195,1015.84,4.07,4.05 18:22:12 11/06/21
37,62.5,28.185001,1015.79,4.07,4.05 18:27:28 11/06/21
38,62.7,28.1,1015.8,3.86,4.05 18:32:44 11/06/21
32,62.0,27.994999,1015.77,4.07,4.05 18:38:00 11/06/21
26,61.9,27.755001,1015.75,4.05,4.05 18:43:20 11/06/21
23,62.3,27.6,1015.69,4.07,4.05 18:48:41 11/06/21
34,62.4,27.415,1015.68,4.07,4.05 18:53:59 11/06/21
36,63.8,27.310001,1015.67,4.05,4.05 18:59:14 11/06/21
20,63.3,27.305,1015.7,4.06,4.05 19:04:34 11/06/21
35,64.2,27.235,1015.69,4.07,4.05 19:09:58 11/06/21
30,64.2,27.205,1015.69,4.05,4.05 19:15:19 11/06/21
13,64.1,27.045,1015.72,4.05,4.05 19:20:35 11/06/21
16,64.4,26.93,1015.74,4.05,4.05 19:26:00 11/06/21
16,64.4,26.845001,1015.74,4.05,4.05 19:31:16 11/06/21
12,65.7,26.755001,1015.77,3.91,4.05 19:36:32 11/06/21
11,65.3,26.795,1015.81,4.05,4.05 19:41:47 11/06/21
10,65.4,26.635,1015.8,4.05,4.05 19:47:03 11/06/21
16,65.7,26.525,1015.86,4.05,4.05 19:52:20 11/06/21
18,66.3,26.455,1015.9,4.05,4.05 19:57:36 11/06/21
17,67.0,26.439999,1015.89,4.05,4.05 20:02:52 11/06/21
17,66.7,26.435,1015.91,4.05,4.05 20:08:12 11/06/21
15,66.2,26.365002,1015.92,4.05,4.05 20:13:34 11/06/21
14,66.0,26.26,1015.88,4.07,4.05 20:18:50 11/06/21
11,66.0,26.189999,1015.95,4.05,4.05 20:24:05 11/06/21
10,65.7,26.145,1015.9,4.05,4.05 20:29:21 11/06/21
10,66.3,26.025,1015.91,4.05,4.05 20:34:37 11/06/21
10,65.8,25.880001,1015.96,4.05,4.05 20:39:53 11/06/21
8,65.7,25.83,1015.92,4.05,4.05 20:45:07 11/06/21
8,65.7,25.73,1015.83,4.05,4.05 20:50:37 11/06/21
6,65.8,25.64,1015.79,4.05,4.05 20:56:01 11/06/21
5,66.4,25.529999,1015.83,4.05,4.05 21:01:23 11/06/21
5,66.1,25.355,1015.87,4.05,4.05 21:06:36 11/06/21
5,66.5,25.18,1015.85,4.05,4.05 21:11:57 11/06/21
4,67.2,25.07,1015.93,4.06,4.05 21:17:18 11/06/21
3,66.9,24.95,1015.95,4.05,4.05 21:22:32 11/06/21
2,67.2,24.835,1016.04,4.05,4.05 21:27:49 11/06/21
3,67.7,24.665,1016.05,4.05,4.05 21:33:10 11/06/21
2,68.0,24.555,1016.13,4.05,4.05 21:38:28 11/06/21
1,70.5,24.45,1016.23,3.61,4.05 21:43:49 11/06/21
0,70.5,24.365002,1016.31,3.18,4.05 21:49:09 11/06/21
0,69.9,24.33,1016.41,2.79,4.05 21:54:27 11/06/21
0,71.4,24.195,1016.4,2.48,4.05 21:59:39 11/06/21
0,70.2,24.15,1016.37,2.07,4.05 22:04:55 11/06/21
0,70.1,24.064999,1016.53,1.66,4.04 22:10:12 11/06/21
0,71.3,23.98,1016.57,1.19,4.05 22:15:37 11/06/21
0,71.3,23.945,1016.6,0.72,4.05 22:20:55 11/06/21
0,72.2,23.79,1016.71,0.43,4.05 22:26:16 11/06/21
0,72.2,23.74,1016.7,0.27,4.04 22:31:30 11/06/21
0,72.8,23.59,1016.66,0.15,4.05 22:36:46 11/06/21
0,72.2,23.55,1016.7,0.09,4.04 22:42:03 11/06/21
0,73.3,23.45,1016.69,0.05,4.05 22:47:16 11/06/21
0,72.8,23.36,1016.67,0.03,4.05 22:52:37 11/06/21
0,72.5,23.27,1016.72,0.01,4.04 22:57:55 11/06/21
0,74.0,23.17,1016.81,0.01,4.04 23:03:16 11/06/21
0,75.1,23.075,1016.79,0.0,4.04 23:08:36 11/06/21
0,73.2,22.974998,1016.8,0.0,4.05 23:13:50 11/06/21
0,73.4,22.880001,1016.8,0.0,4.04 23:19:08 11/06/21
0,75.5,22.779999,1016.75,0.0,4.05 23:24:22 11/06/21
0,75.3,22.695,1016.79,0.0,4.04 23:29:36 11/06/21
0,74.9,22.654999,1016.84,0.0,4.04 23:34:54 11/06/21
0,75.8,22.585,1016.9,0.0,4.05 23:40:08 11/06/21
0,76.6,22.5,1016.93,0.0,4.04 23:45:28 11/06/21
0,76.5,22.400002,1016.93,0.0,4.05 23:50:49 11/06/21
0,76.6,22.295,1017.0,0.01,4.04 23:56:03 11/06/21
