0,75.4,16.385,1023.29,0.0,4.12 00:02:54 13/06/21
0,74.8,16.29,1023.36,0.0,4.12 00:08:08 13/06/21
0,74.6,16.195,1023.38,0.0,4.12 00:13:22 13/06/21
0,75.3,16.105,1023.55,0.0,4.12 00:18:43 13/06/21
0,75.0,16.055,1023.45,0.0,4.12 00:24:00 13/06/21
0,75.3,15.91,1023.51,0.0,4.12 00:29:12 13/06/21
0,75.9,15.855,1023.55,0.0,4.12 00:34:28 13/06/21
0,75.3,15.7,1023.54,0.0,4.12 00:39:42 13/06/21
0,76.2,15.599999,1023.58,0.0,4.12 00:44:57 13/06/21
0,75.8,15.49,1023.58,0.0,4.12 00:50:11 13/06/21
0,76.3,15.389999,1023.66,0.0,4.12 00:55:26 13/06/21
0,76.5,15.280001,1023.74,0.0,4.12 01:00:39 13/06/21
0,76.8,15.165,1023.74,0.0,4.12 01:05:53 13/06/21
0,76.7,15.0,1023.71,0.0,4.12 01:11:09 13/06/21
0,77.0,14.88,1023.68,0.0,4.11 01:16:22 13/06/21
0,77.4,14.765,1023.68,0.0,4.11 01:21:36 13/06/21
0,78.3,14.6,1023.76,0.0,4.11 01:26:50 13/06/21
0,76.7,14.49,1023.77,0.0,4.11 01:32:07 13/06/21
0,77.5,14.38,1023.87,0.0,4.11 01:37:21 13/06/21
0,78.3,14.275,1023.96,0.0,4.11 01:42:30 13/06/21
0,77.6,14.11,1023.92,0.0,4.11 01:47:46 13/06/21
0,77.4,14.005,1024.0,0.0,4.11 01:53:00 13/06/21
0,78.5,13.91,1023.98,0.0,4.11 01:58:19 13/06/21
0,78.1,13.87,1023.98,0.0,4.11 02:03:36 13/06/21
0,78.2,13.77,1023.96,0.0,4.11 02:08:52 13/06/21
0,78.4,13.690001,1024.06,0.0,4.11 02:14:05 13/06/21
0,78.8,13.594999,1023.98,0.0,4.11 02:19:18 13/06/21
0,78.8,13.505,1024.04,0.0,4.11 02:24:32 13/06/21
0,78.7,13.42,1024.09,0.0,4.11 02:29:46 13/06/21
0,79.0,13.375,1024.02,0.0,4.11 02:35:00 13/06/21
0,79.3,13.275,1024.02,0.0,4.11 02:40:15 13/06/21
0,80.0,13.18,1023.95,0.0,4.11 02:45:29 13/06/21
0,79.5,13.09,1024.06,0.0,4.11 02:50:46 13/06/21
0,79.7,13.0,1024.03,0.0,4.11 02:56:11 13/06/21
2,80.3,12.91,1024.01,0.0,4.11 03:01:30 13/06/21
3,80.2,12.815001,1023.96,0.0,4.11 03:06:47 13/06/21
4,80.4,12.765,1023.95,0.0,4.11 03:12:03 13/06/21
5,80.6,12.62,1023.96,0.0,4.11 03:17:16 13/06/21
6,81.4,12.525,1023.96,0.0,4.11 03:22:30 13/06/21
7,81.4,12.49,1023.97,0.0,4.11 03:27:45 13/06/21
6,81.9,12.405,1023.96,0.0,4.11 03:32:56 13/06/21
7,81.4,12.305,1023.85,0.0,4.11 03:38:20 13/06/21
6,81.9,12.280001,1023.8,0.0,4.11 03:43:32 13/06/21
5,81.4,12.18,1023.75,0.0,4.11 03:48:46 13/06/21
5,81.9,12.08,1023.86,0.0,4.11 03:54:00 13/06/21
5,82.0,11.92,1023.77,0.0,4.11 03:59:16 13/06/21
4,82.3,11.875,1023.81,0.0,4.11 04:04:27 13/06/21
5,82.3,11.780001,1023.83,0.0,4.11 04:09:44 13/06/21
4,82.2,11.690001,1023.81,0.01,4.11 04:14:57 13/06/21
4,82.4,11.605,1023.84,0.02,4.11 04:20:08 13/06/21
4,82.4,11.505,1023.87,0.05,4.1 04:25:23 13/06/21
4,82.9,11.41,1023.94,0.1,4.1 04:30:42 13/06/21
3,83.2,11.3,1023.91,0.19,4.1 04:35:58 13/06/21
3,83.1,11.265,1024.01,0.38,4.1 04:41:13 13/06/21
4,83.8,11.184999,1024.0,0.71,4.1 04:46:31 13/06/21
3,82.9,11.094999,1023.99,1.24,4.1 04:51:47 13/06/21
4,83.5,11.005,1023.98,1.85,4.1 04:57:07 13/06/21
4,83.9,10.985001,1024.0,2.51,4.1 05:02:25 13/06/21
6,83.9,10.9,1024.0,3.16,4.1 05:07:41 13/06/21
4,84.1,10.875,1024.09,3.72,4.1 05:12:59 13/06/21
5,84.4,10.785,1023.98,4.16,4.1 05:18:12 13/06/21
6,84.6,10.7,1023.96,4.21,4.1 05:23:26 13/06/21
7,85.0,10.675,1023.97,4.18,4.1 05:28:39 13/06/21
8,85.2,10.585,1024.0,4.21,4.1 05:33:53 13/06/21
8,85.0,10.58,1024.0,4.39,4.1 05:39:06 13/06/21
10,84.9,10.505,1024.08,4.26,4.1 05:44:20 13/06/21
11,85.1,10.49,1024.2,4.77,4.1 05:49:35 13/06/21
11,85.6,10.485001,1024.21,4.68,4.1 05:54:48 13/06/21
16,85.5,10.475,1024.33,4.18,4.1 06:00:02 13/06/21
15,85.4,10.465,1024.26,5.0,4.1 06:05:15 13/06/21
17,87.2,10.41,1024.39,5.0,4.1 06:10:28 13/06/21
20,86.6,10.41,1024.49,5.0,4.1 06:15:45 13/06/21
21,88.0,10.485001,1024.56,5.0,4.1 06:21:03 13/06/21
17,87.2,10.49,1024.55,5.0,4.1 06:26:17 13/06/21
15,87.2,10.559999,1024.58,4.79,4.1 06:31:29 13/06/21
18,87.4,10.575,1024.59,4.31,4.1 06:36:44 13/06/21
22,87.1,10.6,1024.6,5.0,4.11 06:41:57 13/06/21
28,87.3,10.68,1024.64,4.67,4.11 06:47:15 13/06/21
23,88.1,10.77,1024.76,4.41,4.11 06:52:33 13/06/21
44,88.5,10.87,1024.83,5.0,4.11 06:57:46 13/06/21
32,88.6,10.91,1024.85,5.0,4.11 07:02:59 13/06/21
34,89.5,11.07,1024.91,4.56,4.11 07:08:13 13/06/21
34,90.1,11.195,1024.93,4.16,4.11 07:13:28 13/06/21
32,90.4,11.434999,1025.01,4.16,4.11 07:18:41 13/06/21
28,91.9,11.66,1025.09,4.16,4.11 07:23:52 13/06/21
35,92.7,11.93,1025.13,4.26,4.11 07:29:08 13/06/21
38,93.9,12.225,1025.13,4.58,4.12 07:34:22 13/06/21
28,93.6,12.504999,1025.12,4.32,4.12 07:39:35 13/06/21
24,92.7,12.855,1025.24,4.17,4.11 07:44:50 13/06/21
33,92.6,13.155001,1025.2,5.0,4.11 07:50:02 13/06/21
24,93.1,13.65,1025.28,4.54,4.12 07:55:16 13/06/21
28,92.8,14.275,1025.38,5.0,4.12 08:00:31 13/06/21
25,92.6,14.965,1025.33,4.89,4.12 08:05:45 13/06/21
24,91.6,15.725,1025.4,5.0,4.12 08:10:58 13/06/21
28,91.1,16.52,1025.37,4.17,4.12 08:16:17 13/06/21
30,90.3,17.215,1025.52,5.0,4.11 08:21:40 13/06/21
25,88.5,17.74,1025.59,5.0,4.12 08:26:58 13/06/21
29,88.1,18.17,1025.69,5.0,4.12 08:32:14 13/06/21
28,86.9,18.404999,1025.66,4.17,4.12 08:37:27 13/06/21
32,86.0,18.43,1025.67,5.0,4.13 08:42:47 13/06/21
29,84.9,18.16,1025.77,5.0,4.13 08:48:06 13/06/21
34,84.7,18.119999,1025.79,4.17,4.13 08:53:21 13/06/21
31,85.2,17.900002,1025.81,4.68,4.13 08:58:36 13/06/21
38,84.9,17.77,1025.77,5.0,4.12 09:03:51 13/06/21
30,84.7,17.59,1025.8,5.0,4.14 09:09:05 13/06/21
29,85.2,17.545,1025.81,4.22,4.14 09:14:19 13/06/21
28,85.1,17.525,1025.85,4.17,4.14 09:19:32 13/06/21
31,85.3,17.365002,1025.82,5.0,4.14 09:24:48 13/06/21
47,85.7,17.404999,1025.81,5.0,4.15 09:30:03 13/06/21
36,87.4,17.560001,1025.85,4.25,4.15 09:35:17 13/06/21
34,86.7,17.665,1025.96,4.21,4.13 09:40:32 13/06/21
33,86.6,17.755001,1025.87,4.33,4.17 09:45:46 13/06/21
31,85.7,17.785,1025.86,5.0,4.16 09:51:01 13/06/21
34,86.8,18.04,1025.89,4.46,4.17 09:56:16 13/06/21
37,86.2,18.175,1025.96,4.34,4.17 10:01:33 13/06/21
38,86.8,18.36,1026.04,4.23,4.18 10:06:53 13/06/21
35,85.4,18.535,1026.03,4.28,4.18 10:12:08 13/06/21
32,84.0,18.505001,1025.93,5.0,4.19 10:17:21 13/06/21
33,83.3,18.57,1025.94,5.0,4.2 10:22:35 13/06/21
38,84.5,18.695,1025.96,5.0,4.21 10:27:52 13/06/21
37,86.0,18.884998,1026.0,4.33,4.21 10:33:06 13/06/21
34,84.2,19.175,1026.02,5.0,4.17 10:38:19 13/06/21
34,83.7,19.27,1026.06,5.0,4.17 10:43:34 13/06/21
34,83.9,19.355,1026.01,5.0,4.17 10:48:49 13/06/21
38,84.4,19.5,1025.96,5.0,4.17 10:54:05 13/06/21
38,82.5,19.615,1025.99,5.0,4.14 10:59:20 13/06/21
40,83.7,19.779999,1025.99,5.0,4.17 11:04:35 13/06/21
39,82.8,19.92,1026.02,5.0,4.17 11:09:50 13/06/21
36,82.9,20.09,1026.0,5.0,4.17 11:15:03 13/06/21
40,82.3,20.215,1025.97,5.0,4.17 11:20:20 13/06/21
43,82.4,20.369999,1025.87,5.0,4.17 11:25:38 13/06/21
41,80.1,20.515,1025.96,5.0,4.17 11:30:58 13/06/21
41,82.7,20.675,1025.91,5.0,4.17 11:36:13 13/06/21
44,82.8,20.95,1025.92,5.0,4.17 11:41:31 13/06/21
36,82.6,21.16,1026.01,5.0,4.16 11:46:49 13/06/21
44,81.6,21.31,1025.97,5.0,4.17 11:52:10 13/06/21
42,82.1,21.545,1026.07,5.0,4.16 11:57:30 13/06/21
43,81.9,21.685001,1026.0,5.0,4.16 12:02:46 13/06/21
43,81.8,21.869999,1025.97,5.0,4.16 12:08:00 13/06/21
41,78.8,21.985,1025.94,5.0,4.16 12:13:14 13/06/21
41,79.0,22.085,1025.93,5.0,4.16 12:18:30 13/06/21
44,80.2,22.16,1025.78,5.0,4.16 12:23:46 13/06/21
40,80.2,22.279999,1025.76,5.0,4.16 12:29:00 13/06/21
44,77.2,22.325,1025.75,5.0,4.16 12:34:16 13/06/21
43,78.3,22.48,1025.74,5.0,4.16 12:39:31 13/06/21
41,69.3,22.5,1025.69,5.0,4.16 12:44:45 13/06/21
45,76.3,22.619999,1025.73,5.0,4.16 12:50:02 13/06/21
46,77.4,22.795,1025.68,5.0,4.16 12:55:17 13/06/21
46,78.4,22.96,1025.59,5.0,4.16 13:00:33 13/06/21
45,78.1,23.24,1025.6,5.0,4.16 13:05:48 13/06/21
44,77.1,23.439999,1025.6,5.0,4.16 13:11:03 13/06/21
46,76.5,23.645,1025.52,5.0,4.16 13:16:20 13/06/21
48,77.9,23.845001,1025.46,5.0,4.16 13:21:38 13/06/21
48,77.1,24.05,1025.48,5.0,4.16 13:27:02 13/06/21
43,76.5,24.075,1025.37,5.0,4.16 13:32:21 13/06/21
46,75.0,24.17,1025.33,5.0,4.16 13:37:38 13/06/21
47,77.1,24.265,1025.4,5.0,4.16 13:42:54 13/06/21
46,77.2,24.525002,1025.26,5.0,4.16 13:48:10 13/06/21
49,76.9,24.795,1025.27,5.0,4.16 13:53:33 13/06/21
44,71.7,25.01,1025.21,5.0,4.16 13:58:48 13/06/21
46,70.8,25.060001,1025.23,5.0,4.16 14:04:05 13/06/21
46,70.7,25.215,1025.18,5.0,4.16 14:09:21 13/06/21
47,74.3,25.244999,1025.15,5.0,4.16 14:14:37 13/06/21
46,71.0,25.34,1025.06,5.0,4.16 14:19:52 13/06/21
41,71.1,25.46,1024.99,5.0,4.16 14:25:06 13/06/21
47,72.8,25.630001,1024.99,5.0,4.16 14:30:25 13/06/21
46,69.7,25.744999,1024.88,5.0,4.16 14:35:40 13/06/21
48,70.6,25.735,1024.85,5.0,4.16 14:40:58 13/06/21
49,67.3,25.685001,1024.75,5.0,4.16 14:46:15 13/06/21
49,71.5,25.75,1024.68,5.0,4.16 14:51:39 13/06/21
47,68.3,25.855,1024.59,5.0,4.16 14:56:52 13/06/21
43,69.2,25.86,1024.49,5.0,4.15 15:02:06 13/06/21
49,69.4,25.95,1024.45,5.0,4.16 15:07:32 13/06/21
45,68.4,26.055,1024.41,5.0,4.15 15:12:48 13/06/21
47,63.3,25.945,1024.33,5.0,4.15 15:18:05 13/06/21
42,69.0,26.065,1024.37,5.0,4.15 15:23:19 13/06/21
43,67.5,26.22,1024.27,5.0,4.15 15:28:34 13/06/21
46,65.2,26.335,1024.32,5.0,4.15 15:33:52 13/06/21
47,67.9,26.455,1024.28,5.0,4.15 15:39:08 13/06/21
47,68.5,26.61,1024.2,5.0,4.15 15:44:24 13/06/21
48,61.0,26.6,1024.15,5.0,4.15 15:49:42 13/06/21
46,63.7,26.515,1024.1,5.0,4.15 15:54:56 13/06/21
47,64.8,26.54,1024.07,5.0,4.15 16:00:12 13/06/21
43,64.9,26.615002,1024.02,5.0,4.15 16:05:26 13/06/21
46,59.4,26.64,1024.01,5.0,4.15 16:10:44 13/06/21
46,63.3,26.665,1023.96,5.0,4.15 16:16:00 13/06/21
46,60.9,26.685001,1023.92,5.0,4.15 16:21:16 13/06/21
42,63.0,26.75,1023.88,5.0,4.15 16:26:31 13/06/21
46,62.7,26.849998,1023.81,5.0,4.15 16:31:49 13/06/21
45,58.4,26.895,1023.78,5.0,4.15 16:37:05 13/06/21
44,61.1,26.869999,1023.61,5.0,4.15 16:42:20 13/06/21
45,61.6,26.885,1023.61,5.0,4.15 16:47:36 13/06/21
44,61.6,26.955,1023.63,5.0,4.15 16:52:52 13/06/21
44,55.3,26.965,1023.56,5.0,4.15 16:58:08 13/06/21
42,59.2,26.92,1023.52,5.0,4.15 17:03:23 13/06/21
44,59.4,26.98,1023.49,5.0,4.15 17:08:41 13/06/21
44,60.2,27.045,1023.4,5.0,4.15 17:13:57 13/06/21
45,58.8,26.985,1023.4,5.0,4.15 17:19:13 13/06/21
41,56.0,26.93,1023.39,5.0,4.15 17:24:27 13/06/21
43,59.1,26.92,1023.33,5.0,4.14 17:29:45 13/06/21
40,56.4,26.904999,1023.29,5.0,4.15 17:35:00 13/06/21
43,56.2,26.82,1023.21,5.0,4.15 17:40:18 13/06/21
45,55.7,26.720001,1023.09,5.0,4.14 17:45:43 13/06/21
42,56.1,26.545,1023.1,5.0,4.14 17:50:58 13/06/21
42,58.1,26.605,1023.06,5.0,4.15 17:56:14 13/06/21
41,56.2,26.619999,1022.95,5.0,4.14 18:01:30 13/06/21
41,53.9,26.525,1022.88,5.0,4.14 18:06:46 13/06/21
40,55.6,26.34,1022.88,5.0,4.14 18:12:02 13/06/21
40,56.4,26.240002,1022.83,5.0,4.14 18:17:18 13/06/21
40,54.9,26.115,1022.82,5.0,4.14 18:22:34 13/06/21
39,51.9,25.93,1022.78,5.0,4.14 18:27:50 13/06/21
41,53.6,25.68,1022.77,5.0,4.14 18:33:09 13/06/21
35,53.0,25.485,1022.67,5.0,4.14 18:38:29 13/06/21
39,55.9,25.369999,1022.63,5.0,4.14 18:43:46 13/06/21
38,55.0,25.28,1022.58,5.0,4.14 18:49:02 13/06/21
40,54.3,25.195,1022.58,5.0,4.14 18:54:21 13/06/21
34,53.6,25.01,1022.51,5.0,4.14 18:59:40 13/06/21
36,55.2,24.904999,1022.47,5.0,4.14 19:04:58 13/06/21
36,55.8,24.865,1022.45,5.0,4.14 19:10:13 13/06/21
36,55.4,24.78,1022.47,5.0,4.14 19:15:30 13/06/21
15,56.5,24.69,1022.39,5.0,4.14 19:20:45 13/06/21
12,54.9,24.61,1022.41,5.0,4.14 19:26:04 13/06/21
10,55.2,24.52,1022.36,5.0,4.14 19:31:23 13/06/21
10,54.3,24.415,1022.41,5.0,4.14 19:36:40 13/06/21
10,55.5,24.32,1022.4,5.0,4.14 19:41:56 13/06/21
10,54.9,24.220001,1022.39,5.0,4.14 19:47:15 13/06/21
9,54.5,24.1,1022.27,5.0,4.14 19:52:34 13/06/21
9,55.4,24.005001,1022.2,5.0,4.14 19:57:50 13/06/21
11,54.4,23.925,1022.24,5.0,4.14 20:03:07 13/06/21
9,55.7,23.9,1022.23,5.0,4.14 20:08:23 13/06/21
9,55.0,23.815,1022.2,5.0,4.14 20:13:39 13/06/21
8,55.6,23.73,1022.15,5.0,4.14 20:18:55 13/06/21
9,55.7,23.69,1022.2,5.0,4.14 20:24:13 13/06/21
8,55.6,23.6,1022.27,5.0,4.14 20:29:33 13/06/21
8,55.7,23.49,1022.17,5.0,4.14 20:34:57 13/06/21
7,55.8,23.4,1022.18,5.0,4.14 20:40:16 13/06/21
7,55.6,23.25,1022.18,5.0,4.14 20:45:27 13/06/21
7,56.0,23.130001,1022.1,5.0,4.14 20:50:44 13/06/21
7,56.0,23.015,1021.99,5.0,4.14 20:56:04 13/06/21
6,55.9,22.91,1021.92,5.0,4.13 21:01:23 13/06/21
6,56.0,22.74,1021.84,5.0,4.14 21:06:38 13/06/21
5,56.2,22.625,1021.77,5.0,4.13 21:11:58 13/06/21
5,56.2,22.465,1021.75,5.0,4.13 21:17:18 13/06/21
5,56.5,22.404999,1021.72,5.0,4.17 21:22:33 13/06/21
4,56.7,22.25,1021.74,5.0,4.13 21:27:48 13/06/21
3,56.9,22.115,1021.75,4.94,4.13 21:33:13 13/06/21
3,57.0,21.96,1021.65,4.55,4.13 21:38:31 13/06/21
2,57.1,21.785,1021.65,4.22,4.13 21:43:51 13/06/21
1,57.3,21.65,1021.65,4.21,4.13 21:49:08 13/06/21
1,57.6,21.46,1021.7,4.22,4.13 21:54:20 13/06/21
0,58.0,21.27,1021.73,4.17,4.13 21:59:43 13/06/21
0,58.5,21.145,1021.78,3.77,4.13 22:05:09 13/06/21
0,58.8,21.029999,1021.78,3.24,4.13 22:10:24 13/06/21
0,59.1,20.85,1021.83,2.57,4.13 22:15:39 13/06/21
0,59.4,20.720001,1021.83,1.9,4.13 22:20:53 13/06/21
0,59.4,20.49,1021.87,1.26,4.13 22:26:08 13/06/21
0,59.4,20.355,1021.8,0.71,4.13 22:31:24 13/06/21
0,60.1,20.17,1021.66,0.36,4.13 22:36:37 13/06/21
0,60.7,20.0,1021.65,0.17,4.13 22:41:54 13/06/21
0,61.2,19.89,1021.61,0.08,4.13 22:47:10 13/06/21
0,61.4,19.77,1021.62,0.04,4.13 22:52:29 13/06/21
0,61.6,19.59,1021.53,0.02,4.13 22:57:46 13/06/21
0,61.7,19.48,1021.52,0.01,4.13 23:03:02 13/06/21
0,62.7,19.37,1021.46,0.0,4.13 23:08:18 13/06/21
0,63.3,19.27,1021.52,0.0,4.13 23:13:32 13/06/21
0,63.3,19.11,1021.48,0.0,4.13 23:18:47 13/06/21
0,62.8,18.985,1021.42,0.0,4.13 23:24:01 13/06/21
0,63.8,18.875,1021.38,0.0,4.12 23:29:18 13/06/21
0,64.4,18.775002,1021.34,0.0,4.13 23:34:32 13/06/21
0,63.9,18.66,1021.38,0.0,4.13 23:39:46 13/06/21
0,64.5,18.494999,1021.31,0.0,4.13 23:44:59 13/06/21
0,64.9,18.380001,1021.3,0.0,4.12 23:50:14 13/06/21
0,64.8,18.27,1021.31,0.0,4.12 23:55:30 13/06/21
