0,56.4,21.5,1016.52,0.0,4.12 00:01:09 15/06/21
0,56.3,21.395,1016.53,0.0,4.12 00:06:25 15/06/21
0,56.7,21.29,1016.52,0.0,4.12 00:11:40 15/06/21
0,57.1,21.175,1016.49,0.0,4.12 00:16:56 15/06/21
0,57.4,21.07,1016.56,0.0,4.12 00:22:08 15/06/21
0,57.7,20.955,1016.52,0.0,4.12 00:27:23 15/06/21
0,58.1,20.8,1016.57,0.0,4.12 00:32:38 15/06/21
0,58.5,20.7,1016.54,0.0,4.12 00:37:53 15/06/21
0,58.6,20.585,1016.56,0.0,4.12 00:43:10 15/06/21
0,58.5,20.425,1016.55,0.0,4.12 00:48:25 15/06/21
0,60.0,20.315,1016.59,0.0,4.12 00:53:40 15/06/21
0,59.2,20.2,1016.56,0.0,4.12 00:58:55 15/06/21
0,59.8,20.09,1016.51,0.0,4.12 01:04:08 15/06/21
0,60.5,19.994999,1016.48,0.0,4.12 01:09:23 15/06/21
0,60.4,19.89,1016.59,0.0,4.12 01:14:41 15/06/21
0,61.2,19.810001,1016.6,0.0,4.12 01:19:54 15/06/21
0,60.3,19.71,1016.69,0.0,4.12 01:25:10 15/06/21
0,60.9,19.65,1016.76,0.0,4.12 01:30:23 15/06/21
0,61.2,19.505,1016.77,0.0,4.12 01:35:38 15/06/21
0,63.3,19.41,1016.81,0.0,4.12 01:40:55 15/06/21
0,62.1,19.315,1016.8,0.0,4.12 01:46:09 15/06/21
0,62.7,19.215,1016.72,0.0,4.12 01:51:22 15/06/21
0,62.1,19.18,1016.75,0.0,4.12 01:56:44 15/06/21
0,63.6,19.165,1016.73,0.0,4.12 02:02:00 15/06/21
0,63.3,19.08,1016.67,0.0,4.12 02:07:18 15/06/21
0,64.5,19.07,1016.71,0.0,4.12 02:12:30 15/06/21
0,63.7,18.994999,1016.66,0.0,4.12 02:17:46 15/06/21
0,63.9,18.915,1016.68,0.0,4.12 02:23:01 15/06/21
0,65.5,18.89,1016.66,0.0,4.12 02:28:17 15/06/21
0,65.3,18.86,1016.65,0.0,4.12 02:33:31 15/06/21
0,66.0,18.779999,1016.67,0.0,4.12 02:38:45 15/06/21
0,65.5,18.695,1016.58,0.0,4.12 02:44:00 15/06/21
0,65.9,18.615,1016.57,0.0,4.12 02:49:13 15/06/21
0,66.4,18.58,1016.54,0.0,4.12 02:54:38 15/06/21
0,68.9,18.509998,1016.64,0.0,4.11 02:59:51 15/06/21
0,68.4,18.48,1016.66,0.0,4.12 03:05:07 15/06/21
0,67.7,18.385,1016.77,0.0,4.12 03:10:20 15/06/21
0,67.9,18.295,1016.69,0.0,4.11 03:15:37 15/06/21
0,68.2,18.21,1016.74,0.0,4.11 03:20:52 15/06/21
0,68.3,18.18,1016.75,0.0,4.11 03:26:06 15/06/21
0,68.5,18.095001,1016.78,0.0,4.11 03:31:21 15/06/21
0,68.7,18.06,1016.81,0.0,4.11 03:36:35 15/06/21
0,70.6,17.985,1016.89,0.0,4.11 03:41:51 15/06/21
0,69.4,17.91,1016.93,0.0,4.11 03:47:08 15/06/21
0,70.4,17.89,1016.96,0.0,4.11 03:52:28 15/06/21
0,70.7,17.815,1016.94,0.0,4.11 03:57:46 15/06/21
0,70.2,17.785,1016.86,0.0,4.11 04:03:05 15/06/21
0,71.0,17.7,1016.85,0.0,4.11 04:08:20 15/06/21
0,71.2,17.675,1016.96,0.0,4.11 04:13:35 15/06/21
0,72.5,17.615,1017.0,0.01,4.11 04:18:52 15/06/21
0,72.2,17.585,1017.02,0.02,4.11 04:24:03 15/06/21
0,72.8,17.515,1017.03,0.05,4.11 04:29:18 15/06/21
0,73.1,17.49,1017.07,0.1,4.11 04:34:33 15/06/21
0,72.8,17.415,1017.11,0.19,4.11 04:39:47 15/06/21
0,72.3,17.385,1017.18,0.36,4.11 04:45:02 15/06/21
0,70.6,17.3,1017.11,0.64,4.11 04:50:16 15/06/21
0,72.4,17.279999,1017.16,1.06,4.11 04:55:31 15/06/21
0,72.9,17.265,1017.18,1.59,4.11 05:00:43 15/06/21
6,75.5,17.195,1017.17,2.18,4.11 05:06:03 15/06/21
6,75.9,17.2,1017.23,2.83,4.11 05:11:22 15/06/21
6,74.9,17.189999,1017.16,3.43,4.11 05:16:36 15/06/21
8,73.4,17.11,1017.13,3.88,4.11 05:21:51 15/06/21
12,77.0,17.099998,1017.07,4.18,4.11 05:27:06 15/06/21
14,75.3,17.095001,1017.2,4.2,4.11 05:32:20 15/06/21
17,75.7,17.085,1017.25,4.2,4.11 05:37:35 15/06/21
18,75.9,17.15,1017.25,4.41,4.11 05:42:49 15/06/21
24,74.6,17.17,1017.36,4.59,4.11 05:48:06 15/06/21
22,76.3,17.21,1017.32,4.54,4.11 05:53:18 15/06/21
20,78.7,17.279999,1017.31,4.94,4.11 05:58:31 15/06/21
17,77.4,17.355,1017.31,4.31,4.11 06:03:45 15/06/21
26,78.4,17.375,1017.31,5.0,4.11 06:09:02 15/06/21
32,83.0,17.41,1017.27,5.0,4.11 06:14:16 15/06/21
21,79.0,17.49,1017.27,5.0,4.11 06:19:29 15/06/21
20,81.7,17.57,1017.37,5.0,4.11 06:24:47 15/06/21
17,77.6,17.654999,1017.31,5.0,4.11 06:30:00 15/06/21
18,82.5,17.695,1017.41,5.0,4.11 06:35:14 15/06/21
16,81.6,17.79,1017.54,4.41,4.11 06:40:27 15/06/21
29,79.9,17.885,1017.66,5.0,4.11 06:45:43 15/06/21
18,80.8,17.97,1017.62,5.0,4.11 06:50:57 15/06/21
22,81.9,18.05,1017.7,4.26,4.11 06:56:14 15/06/21
20,78.9,18.145,1017.63,4.16,4.12 07:01:25 15/06/21
22,85.5,18.244999,1017.6,5.0,4.11 07:06:40 15/06/21
32,83.4,18.335,1017.4,5.0,4.11 07:11:56 15/06/21
24,86.8,18.385,1017.59,5.0,4.11 07:17:13 15/06/21
19,83.9,18.47,1017.7,5.0,4.11 07:22:24 15/06/21
21,80.1,18.564999,1017.67,5.0,4.12 07:27:40 15/06/21
34,84.2,18.66,1017.77,5.0,4.12 07:32:54 15/06/21
26,83.4,18.765,1017.96,5.0,4.12 07:38:11 15/06/21
32,88.1,18.92,1017.97,4.32,4.12 07:43:25 15/06/21
25,85.5,19.025,1017.94,5.0,4.12 07:48:37 15/06/21
27,85.4,19.27,1017.95,5.0,4.12 07:53:57 15/06/21
25,83.0,19.58,1017.98,5.0,4.13 07:59:09 15/06/21
25,82.2,20.04,1017.97,5.0,4.11 08:04:23 15/06/21
24,79.7,20.555,1018.07,5.0,4.13 08:09:38 15/06/21
26,82.2,21.06,1018.12,5.0,4.12 08:14:53 15/06/21
28,78.1,21.53,1018.04,5.0,4.12 08:20:09 15/06/21
27,78.2,21.93,1018.05,4.18,4.13 08:25:22 15/06/21
34,78.6,22.195,1018.13,5.0,4.12 08:30:38 15/06/21
28,77.8,22.425,1018.15,4.17,4.13 08:35:54 15/06/21
30,76.9,22.57,1018.13,4.24,4.14 08:41:10 15/06/21
28,76.8,22.55,1018.19,4.87,4.13 08:46:24 15/06/21
34,76.1,22.455,1018.21,5.0,4.14 08:51:40 15/06/21
29,77.1,22.29,1018.17,4.26,4.14 08:56:56 15/06/21
28,77.5,22.23,1018.24,4.31,4.14 09:02:11 15/06/21
29,78.0,22.18,1018.19,5.0,4.14 09:07:26 15/06/21
28,77.6,22.154999,1018.2,5.0,4.15 09:12:40 15/06/21
30,78.4,22.165,1018.23,5.0,4.15 09:17:58 15/06/21
31,79.9,22.165,1018.29,4.25,4.15 09:23:13 15/06/21
35,79.7,22.18,1018.29,4.22,4.16 09:28:31 15/06/21
31,78.6,22.255001,1018.41,4.79,4.16 09:33:50 15/06/21
29,79.9,22.34,1018.39,4.29,4.16 09:39:05 15/06/21
31,79.2,22.355,1018.41,5.0,4.17 09:44:21 15/06/21
34,79.1,22.49,1018.39,4.31,4.17 09:49:36 15/06/21
29,79.6,22.619999,1018.43,5.0,4.17 09:54:53 15/06/21
29,77.6,22.77,1018.43,4.35,4.17 10:00:07 15/06/21
30,77.8,22.810001,1018.43,5.0,4.16 10:05:23 15/06/21
28,76.9,22.88,1018.32,5.0,4.16 10:10:37 15/06/21
31,77.8,22.970001,1018.29,5.0,4.15 10:16:02 15/06/21
33,78.3,23.135,1018.1,5.0,4.15 10:21:16 15/06/21
27,77.0,23.18,1018.2,5.0,4.15 10:26:34 15/06/21
30,76.2,23.19,1018.27,5.0,4.15 10:31:48 15/06/21
39,77.4,23.2,1018.24,5.0,4.15 10:37:07 15/06/21
39,77.1,23.3,1018.35,5.0,4.15 10:42:24 15/06/21
40,76.8,23.445,1018.32,5.0,4.15 10:47:45 15/06/21
39,76.6,23.635,1018.32,5.0,4.15 10:52:59 15/06/21
36,76.0,23.904999,1018.3,5.0,4.15 10:58:15 15/06/21
30,74.8,23.98,1018.28,5.0,4.15 11:03:29 15/06/21
40,74.5,24.0,1018.25,5.0,4.15 11:08:45 15/06/21
43,74.9,24.150002,1018.17,5.0,4.15 11:14:15 15/06/21
37,74.8,24.36,1018.27,5.0,4.15 11:19:33 15/06/21
38,74.4,24.45,1018.25,5.0,4.15 11:24:49 15/06/21
41,74.1,24.55,1018.2,5.0,4.15 11:30:07 15/06/21
40,73.9,24.725,1018.2,5.0,4.15 11:35:22 15/06/21
41,73.3,24.9,1018.2,5.0,4.15 11:40:38 15/06/21
42,73.6,25.09,1018.22,5.0,4.15 11:45:53 15/06/21
37,73.0,25.279999,1018.23,5.0,4.15 11:51:10 15/06/21
38,72.0,25.33,1018.26,5.0,4.15 11:56:25 15/06/21
42,71.1,25.435,1018.23,5.0,4.15 12:01:41 15/06/21
37,69.9,25.439999,1018.24,5.0,4.15 12:06:56 15/06/21
40,70.8,25.52,1018.22,5.0,4.15 12:12:11 15/06/21
40,70.3,25.630001,1018.22,5.0,4.15 12:17:26 15/06/21
40,70.6,25.79,1018.15,5.0,4.15 12:22:43 15/06/21
43,70.0,25.904999,1018.11,5.0,4.15 12:28:00 15/06/21
42,67.4,26.029999,1018.09,5.0,4.14 12:33:16 15/06/21
44,68.5,26.035,1018.1,5.0,4.15 12:38:32 15/06/21
39,69.0,26.125,1018.08,5.0,4.15 12:43:46 15/06/21
44,68.2,26.225,1018.11,5.0,4.14 12:49:04 15/06/21
39,66.9,26.305,1018.01,5.0,4.14 12:54:18 15/06/21
45,67.1,26.325,1018.0,5.0,4.14 12:59:36 15/06/21
46,68.4,26.4,1017.92,5.0,4.14 13:04:52 15/06/21
41,67.7,26.52,1017.94,5.0,4.14 13:10:06 15/06/21
45,68.9,26.625,1017.96,5.0,4.14 13:15:24 15/06/21
46,69.5,26.865,1017.88,5.0,4.14 13:20:40 15/06/21
46,69.1,27.065,1017.79,5.0,4.12 13:25:56 15/06/21
47,66.3,27.265,1017.83,5.0,4.14 13:31:17 15/06/21
47,68.6,27.385,1017.87,5.0,4.14 13:36:37 15/06/21
50,66.1,27.4,1017.84,5.0,4.14 13:41:54 15/06/21
48,67.7,27.595001,1017.8,5.0,4.14 13:47:09 15/06/21
45,67.7,27.84,1017.85,5.0,4.14 13:52:25 15/06/21
34,62.3,27.904999,1017.86,5.0,4.14 13:57:40 15/06/21
49,64.9,27.845,1017.85,5.0,4.14 14:03:01 15/06/21
48,66.0,27.895,1017.8,5.0,4.14 14:08:14 15/06/21
45,63.0,27.925,1017.72,5.0,4.14 14:13:34 15/06/21
38,64.4,27.99,1017.76,5.0,4.13 14:18:54 15/06/21
44,64.4,27.92,1017.71,5.0,4.14 14:24:12 15/06/21
40,64.0,27.84,1017.72,5.0,4.14 14:29:27 15/06/21
46,66.3,27.895,1017.65,5.0,4.14 14:34:44 15/06/21
44,64.9,28.02,1017.62,5.0,4.14 14:40:00 15/06/21
40,65.3,28.21,1017.59,5.0,4.14 14:45:15 15/06/21
49,65.8,28.385,1017.51,5.0,4.14 14:50:40 15/06/21
40,65.3,28.630001,1017.44,5.0,4.14 14:55:56 15/06/21
44,64.6,28.75,1017.35,5.0,4.14 15:01:14 15/06/21
48,63.4,28.805,1017.42,5.0,4.14 15:06:36 15/06/21
41,64.3,28.869999,1017.4,5.0,4.14 15:11:55 15/06/21
45,64.1,28.904999,1017.32,5.0,4.14 15:17:13 15/06/21
47,64.6,29.05,1017.3,5.0,4.14 15:22:30 15/06/21
46,63.7,29.005001,1017.27,5.0,4.14 15:27:46 15/06/21
42,63.8,29.075,1017.23,5.0,4.14 15:33:00 15/06/21
45,63.9,29.175,1017.18,5.0,4.14 15:38:18 15/06/21
48,62.9,29.259998,1017.04,5.0,4.13 15:43:40 15/06/21
40,60.6,29.345001,1017.01,5.0,4.14 15:48:59 15/06/21
41,61.2,29.21,1016.97,5.0,4.14 15:54:15 15/06/21
42,61.3,29.115,1016.88,5.0,4.14 15:59:32 15/06/21
42,59.8,29.19,1016.82,5.0,4.14 16:04:48 15/06/21
46,62.4,29.205,1016.83,5.0,4.14 16:10:06 15/06/21
46,62.8,29.355,1016.76,5.0,4.14 16:15:23 15/06/21
50,61.1,29.42,1016.74,5.0,4.14 16:20:39 15/06/21
42,57.5,29.41,1016.63,5.0,4.14 16:25:56 15/06/21
37,59.4,29.34,1016.66,5.0,4.13 16:31:10 15/06/21
39,59.9,29.25,1016.63,5.0,4.13 16:36:27 15/06/21
39,58.2,29.175,1016.56,5.0,4.13 16:41:44 15/06/21
41,60.1,29.21,1016.52,5.0,4.13 16:47:00 15/06/21
43,59.1,29.225,1016.52,5.0,4.13 16:52:17 15/06/21
44,58.5,29.23,1016.47,5.0,4.13 16:57:35 15/06/21
42,57.8,29.16,1016.44,5.0,4.13 17:02:51 15/06/21
47,57.0,29.075,1016.41,5.0,4.13 17:08:12 15/06/21
37,54.8,28.904999,1016.29,5.0,4.13 17:13:32 15/06/21
40,56.8,28.88,1016.36,5.0,4.13 17:18:49 15/06/21
44,58.1,28.88,1016.28,5.0,4.13 17:24:11 15/06/21
39,57.4,28.95,1016.19,5.0,4.13 17:29:32 15/06/21
41,59.2,28.965,1016.14,5.0,4.13 17:34:48 15/06/21
38,58.1,29.025,1016.11,5.0,4.13 17:40:03 15/06/21
38,57.5,28.884998,1016.06,5.0,4.13 17:45:20 15/06/21
41,57.1,28.79,1016.07,5.0,4.13 17:50:38 15/06/21
42,57.3,28.595001,1016.03,5.0,4.13 17:55:55 15/06/21
39,57.0,28.49,1016.02,5.0,4.13 18:01:10 15/06/21
42,57.3,28.455,1015.98,5.0,4.13 18:06:30 15/06/21
39,56.6,28.45,1015.95,5.0,4.13 18:11:51 15/06/21
33,56.5,28.315,1015.99,5.0,4.13 18:17:07 15/06/21
36,57.2,28.14,1015.93,5.0,4.13 18:22:24 15/06/21
35,56.7,28.025,1015.9,5.0,4.13 18:27:40 15/06/21
32,57.0,27.884998,1015.83,5.0,4.13 18:32:56 15/06/21
37,56.9,27.78,1015.8,5.0,4.13 18:38:13 15/06/21
34,57.2,27.61,1015.74,5.0,4.13 18:43:27 15/06/21
37,57.6,27.57,1015.73,5.0,4.13 18:48:45 15/06/21
38,57.7,27.435,1015.69,5.0,4.13 18:54:05 15/06/21
36,57.7,27.384998,1015.68,5.0,4.13 18:59:26 15/06/21
37,57.8,27.285,1015.73,5.0,4.13 19:04:46 15/06/21
31,57.5,27.19,1015.73,5.0,4.13 19:10:07 15/06/21
31,57.9,27.04,1015.76,5.0,4.13 19:15:23 15/06/21
26,59.7,27.0,1015.69,5.0,4.13 19:20:43 15/06/21
20,58.4,26.93,1015.7,5.0,4.12 19:26:04 15/06/21
18,58.3,26.82,1015.61,5.0,4.13 19:31:19 15/06/21
18,58.5,26.67,1015.61,5.0,4.13 19:36:36 15/06/21
17,58.6,26.56,1015.61,5.0,4.13 19:41:52 15/06/21
17,59.4,26.505001,1015.52,5.0,4.13 19:47:10 15/06/21
15,59.1,26.42,1015.56,5.0,4.13 19:52:25 15/06/21
15,58.9,26.26,1015.51,5.0,4.12 19:57:41 15/06/21
17,59.0,26.16,1015.56,5.0,4.12 20:02:57 15/06/21
14,58.7,26.04,1015.51,5.0,4.12 20:08:13 15/06/21
14,58.7,25.880001,1015.46,5.0,4.12 20:13:29 15/06/21
13,59.3,25.83,1015.44,5.0,4.13 20:18:45 15/06/21
13,59.1,25.720001,1015.45,5.0,4.12 20:24:00 15/06/21
13,59.3,25.625,1015.43,5.0,4.12 20:29:19 15/06/21
13,59.4,25.485,1015.47,5.0,4.12 20:34:32 15/06/21
12,59.6,25.439999,1015.45,5.0,4.12 20:39:49 15/06/21
11,59.4,25.34,1015.44,5.0,4.12 20:45:02 15/06/21
11,59.6,25.189999,1015.44,5.0,4.12 20:50:20 15/06/21
11,60.3,25.135,1015.43,5.0,4.12 20:55:39 15/06/21
10,59.6,24.985,1015.4,5.0,4.12 21:01:00 15/06/21
9,59.8,24.880001,1015.44,5.0,4.12 21:06:18 15/06/21
8,59.7,24.755001,1015.44,5.0,4.12 21:11:32 15/06/21
7,59.8,24.585,1015.39,5.0,4.12 21:16:45 15/06/21
6,59.9,24.474998,1015.42,5.0,4.12 21:22:03 15/06/21
6,59.8,24.295,1015.49,5.0,4.12 21:27:22 15/06/21
4,60.0,24.18,1015.48,5.0,4.12 21:32:41 15/06/21
4,60.0,23.99,1015.42,4.73,4.12 21:37:58 15/06/21
3,60.1,23.87,1015.48,4.31,4.12 21:43:18 15/06/21
2,61.0,23.695,1015.45,4.2,4.12 21:48:39 15/06/21
1,60.4,23.58,1015.54,4.21,4.12 21:53:54 15/06/21
1,60.9,23.445,1015.58,4.18,4.12 21:59:17 15/06/21
1,61.2,23.34,1015.63,4.21,4.12 22:04:40 15/06/21
0,60.8,23.185001,1015.7,4.17,4.12 22:09:57 15/06/21
0,61.2,23.064999,1015.69,2.88,4.12 22:15:13 15/06/21
0,61.1,22.965,1015.75,1.97,4.12 22:20:28 15/06/21
0,61.5,22.85,1015.73,1.56,4.12 22:25:42 15/06/21
0,61.3,22.74,1015.76,0.83,4.12 22:31:00 15/06/21
0,62.1,22.585,1015.79,0.44,4.12 22:36:13 15/06/21
0,61.5,22.47,1015.78,0.22,4.12 22:41:28 15/06/21
0,62.0,22.36,1015.76,0.11,4.11 22:46:46 15/06/21
0,62.2,22.195,1015.68,0.05,4.11 22:52:00 15/06/21
0,62.2,22.085,1015.67,0.03,4.11 22:57:16 15/06/21
0,63.2,21.974998,1015.65,0.01,4.11 23:02:31 15/06/21
0,62.7,21.805,1015.6,0.0,4.11 23:07:46 15/06/21
0,62.8,21.689999,1015.53,0.0,4.11 23:13:07 15/06/21
0,63.1,21.52,1015.53,0.0,4.11 23:18:25 15/06/21
0,63.0,21.405,1015.5,0.0,4.11 23:23:40 15/06/21
0,63.2,21.3,1015.5,0.0,4.11 23:28:55 15/06/21
0,63.1,21.195,1015.46,0.0,4.11 23:34:10 15/06/21
0,63.1,21.08,1015.4,0.0,4.11 23:39:24 15/06/21
0,63.3,20.98,1015.33,0.0,4.11 23:44:41 15/06/21
0,63.7,20.885,1015.25,0.0,4.11 23:49:54 15/06/21
0,63.8,20.865002,1015.2,0.0,4.11 23:55:11 15/06/21
