0,67.9,24.215,1007.97,0.0,4.13 00:03:00 17/06/21
0,68.7,24.17,1007.92,0.0,4.13 00:08:17 17/06/21
0,69.6,24.09,1007.74,0.0,4.13 00:13:32 17/06/21
0,68.5,23.98,1007.7,0.0,4.13 00:18:49 17/06/21
0,69.5,23.885,1007.63,0.0,4.13 00:24:07 17/06/21
0,69.3,23.805,1007.65,0.0,4.13 00:29:32 17/06/21
0,70.0,23.71,1007.59,0.0,4.12 00:34:52 17/06/21
0,71.0,23.675,1007.6,0.0,4.12 00:40:07 17/06/21
0,70.4,23.585,1007.33,0.0,4.12 00:45:23 17/06/21
0,71.5,23.505,1007.26,0.0,4.13 00:50:38 17/06/21
0,71.4,23.41,1007.29,0.0,4.12 00:55:54 17/06/21
0,71.3,23.375,1007.18,0.0,4.12 01:01:09 17/06/21
0,72.3,23.295,1007.14,0.0,4.12 01:06:25 17/06/21
0,72.3,23.275002,1007.14,0.0,4.12 01:11:40 17/06/21
0,72.6,23.195,1007.0,0.0,4.12 01:16:56 17/06/21
0,73.0,23.17,1006.91,0.0,4.12 01:22:11 17/06/21
0,72.3,23.09,1006.88,0.0,4.12 01:27:27 17/06/21
0,72.7,23.005,1006.88,0.0,4.12 01:32:42 17/06/21
0,73.3,22.97,1006.85,0.0,4.12 01:37:57 17/06/21
0,75.7,22.885,1006.93,0.0,4.12 01:43:14 17/06/21
0,76.0,22.86,1006.69,0.0,4.12 01:48:28 17/06/21
0,73.8,22.779999,1006.65,0.0,4.12 01:53:44 17/06/21
0,75.0,22.705,1006.71,0.0,4.12 01:59:08 17/06/21
0,74.8,22.695,1006.71,0.0,4.12 02:04:24 17/06/21
0,74.7,22.61,1006.75,0.0,4.12 02:09:39 17/06/21
0,75.4,22.525,1006.74,0.0,4.12 02:14:54 17/06/21
0,75.2,22.474998,1006.79,0.0,4.12 02:20:09 17/06/21
0,74.3,22.385,1006.71,0.0,4.12 02:25:24 17/06/21
0,74.6,22.305,1006.63,0.0,4.12 02:30:40 17/06/21
0,74.0,22.29,1006.55,0.0,4.12 02:35:59 17/06/21
0,74.5,22.279999,1006.55,0.0,4.12 02:41:19 17/06/21
0,75.9,22.215,1006.46,0.0,4.12 02:46:34 17/06/21
0,74.9,22.26,1006.52,0.0,4.12 02:51:53 17/06/21
0,74.1,22.189999,1006.43,0.0,4.12 02:57:13 17/06/21
0,74.4,22.099998,1006.47,0.0,4.12 03:02:32 17/06/21
0,73.5,22.09,1006.47,0.0,4.12 03:07:52 17/06/21
0,74.7,22.154999,1006.56,0.0,4.12 03:13:08 17/06/21
0,73.9,22.244999,1006.65,0.0,4.12 03:18:23 17/06/21
0,73.5,22.33,1006.68,0.0,4.12 03:23:38 17/06/21
0,74.9,22.295,1006.63,0.0,4.12 03:28:53 17/06/21
0,73.7,22.404999,1006.53,0.0,4.12 03:34:09 17/06/21
0,74.0,22.42,1006.5,0.0,4.12 03:39:28 17/06/21
0,74.2,22.43,1006.43,0.0,4.12 03:44:49 17/06/21
0,75.3,22.445,1006.44,0.0,4.12 03:50:03 17/06/21
0,74.4,22.46,1006.45,0.0,4.11 03:55:19 17/06/21
0,75.1,22.525,1006.45,0.0,4.12 04:00:35 17/06/21
0,76.4,22.55,1006.47,0.0,4.12 04:05:49 17/06/21
0,78.1,22.55,1006.39,0.01,4.12 04:11:05 17/06/21
0,74.8,22.57,1006.39,0.02,4.12 04:16:21 17/06/21
0,74.6,22.57,1006.31,0.03,4.12 04:21:34 17/06/21
0,74.5,22.57,1006.22,0.06,4.12 04:26:51 17/06/21
0,76.2,22.564999,1006.19,0.1,4.11 04:32:06 17/06/21
0,74.9,22.56,1006.18,0.19,4.11 04:37:21 17/06/21
0,75.3,22.555,1006.26,0.36,4.11 04:42:37 17/06/21
0,76.1,22.535,1006.03,0.66,4.11 04:47:59 17/06/21
0,75.9,22.54,1006.17,1.09,4.11 04:53:16 17/06/21
0,76.1,22.529999,1006.14,1.61,4.11 04:58:31 17/06/21
0,76.1,22.45,1006.15,2.26,4.11 05:03:55 17/06/21
0,77.3,22.435,1006.18,2.91,4.11 05:09:11 17/06/21
0,76.1,22.365002,1006.19,3.59,4.11 05:14:24 17/06/21
0,77.1,22.345001,1006.17,4.09,4.11 05:19:42 17/06/21
1,76.8,22.34,1006.17,4.21,4.11 05:24:56 17/06/21
1,76.7,22.285,1006.08,4.18,4.11 05:30:12 17/06/21
2,76.5,22.275002,1006.11,4.25,4.11 05:35:25 17/06/21
3,78.2,22.34,1006.07,4.43,4.11 05:40:42 17/06/21
2,77.4,22.35,1006.03,4.54,4.11 05:45:58 17/06/21
4,77.6,22.425,1006.04,4.6,4.12 05:51:13 17/06/21
5,77.7,22.439999,1005.97,4.38,4.11 05:56:29 17/06/21
3,78.0,22.46,1005.99,4.59,4.11 06:01:42 17/06/21
3,77.5,22.465,1005.92,4.87,4.11 06:07:03 17/06/21
4,79.1,22.529999,1005.92,5.0,4.11 06:12:26 17/06/21
4,79.0,22.545,1005.93,4.91,4.11 06:17:47 17/06/21
6,78.4,22.55,1006.06,4.27,4.11 06:23:02 17/06/21
4,79.1,22.55,1006.03,4.8,4.11 06:28:17 17/06/21
10,78.5,22.55,1006.0,5.0,4.11 06:33:33 17/06/21
6,78.5,22.485,1006.02,5.0,4.11 06:38:48 17/06/21
13,78.3,22.474998,1005.94,5.0,4.11 06:44:03 17/06/21
13,78.1,22.47,1005.97,5.0,4.11 06:49:18 17/06/21
13,78.7,22.529999,1006.04,5.0,4.11 06:54:32 17/06/21
18,78.9,22.615,1006.18,5.0,4.12 06:59:50 17/06/21
18,79.2,22.665,1006.24,5.0,4.12 07:05:04 17/06/21
15,79.1,22.755001,1006.29,5.0,4.11 07:10:18 17/06/21
23,78.6,22.855,1006.26,4.98,4.12 07:15:36 17/06/21
32,78.4,22.955,1006.26,4.22,4.12 07:20:51 17/06/21
22,79.4,23.119999,1006.3,4.26,4.12 07:26:06 17/06/21
12,79.6,23.305,1006.35,4.45,4.12 07:31:21 17/06/21
11,78.8,23.42,1006.38,4.17,4.12 07:36:37 17/06/21
8,78.2,23.5,1006.39,4.31,4.11 07:41:50 17/06/21
13,77.7,23.505001,1006.48,4.63,4.12 07:47:12 17/06/21
10,77.8,23.505001,1006.59,5.0,4.12 07:52:30 17/06/21
8,78.2,23.439999,1006.78,4.17,4.12 07:57:47 17/06/21
13,77.6,23.439999,1006.9,5.0,4.12 08:03:03 17/06/21
12,78.4,23.5,1007.02,4.22,4.13 08:08:19 17/06/21
15,78.3,23.52,1007.16,4.31,4.13 08:13:34 17/06/21
15,78.1,23.55,1007.41,5.0,4.12 08:18:49 17/06/21
14,78.6,23.625,1007.34,4.88,4.13 08:24:03 17/06/21
22,78.7,23.705,1007.35,5.0,4.12 08:29:18 17/06/21
12,78.4,23.720001,1007.4,5.0,4.12 08:34:34 17/06/21
15,78.0,23.725,1007.45,5.0,4.12 08:39:51 17/06/21
23,78.4,23.79,1007.46,4.88,4.13 08:45:07 17/06/21
29,78.7,23.939999,1007.38,5.0,4.13 08:50:23 17/06/21
32,79.5,24.235,1007.41,4.17,4.13 08:55:42 17/06/21
34,78.8,24.52,1007.25,4.87,4.13 09:01:03 17/06/21
32,78.8,24.775002,1007.23,5.0,4.14 09:06:26 17/06/21
38,78.3,25.0,1007.03,5.0,4.14 09:11:42 17/06/21
34,78.4,25.2,1006.95,4.18,4.14 09:17:00 17/06/21
30,78.1,25.41,1006.84,5.0,4.15 09:22:12 17/06/21
34,77.8,25.595001,1006.98,4.62,4.15 09:27:33 17/06/21
30,77.8,25.84,1006.81,4.28,4.15 09:32:55 17/06/21
36,76.6,26.060001,1006.7,4.23,4.17 09:38:15 17/06/21
32,78.5,26.33,1006.71,4.23,4.17 09:43:33 17/06/21
24,76.2,26.545,1006.67,4.25,4.16 09:48:50 17/06/21
29,76.1,26.630001,1006.68,4.22,4.15 09:54:14 17/06/21
28,77.1,26.740002,1006.65,4.28,4.17 09:59:35 17/06/21
25,76.3,26.904999,1006.52,5.0,4.17 10:04:56 17/06/21
30,76.9,27.0,1006.52,4.23,4.17 10:10:14 17/06/21
29,76.5,27.025,1006.53,4.27,4.17 10:15:33 17/06/21
21,76.3,27.125,1006.52,4.26,4.17 10:20:56 17/06/21
20,75.1,27.075,1006.35,5.0,4.17 10:26:17 17/06/21
22,74.9,26.970001,1006.44,4.32,4.17 10:31:34 17/06/21
20,75.3,26.865,1006.54,4.47,4.17 10:36:49 17/06/21
21,75.6,26.785,1006.6,4.68,4.17 10:42:05 17/06/21
20,75.9,26.78,1006.68,5.0,4.17 10:47:24 17/06/21
17,75.6,26.77,1006.74,4.35,4.17 10:52:36 17/06/21
18,75.6,26.75,1006.76,5.0,4.17 10:57:54 17/06/21
21,75.8,26.665,1006.82,5.0,4.17 11:03:10 17/06/21
21,75.6,26.58,1006.79,5.0,4.17 11:08:26 17/06/21
20,75.6,26.49,1006.89,5.0,4.17 11:13:40 17/06/21
27,76.5,26.485,1007.09,5.0,4.17 11:18:58 17/06/21
27,76.7,26.545,1007.11,5.0,4.17 11:24:14 17/06/21
29,76.6,26.575,1007.09,5.0,4.17 11:29:30 17/06/21
29,77.5,26.685001,1007.09,5.0,4.17 11:34:47 17/06/21
26,77.3,26.86,1007.2,5.0,4.16 11:40:01 17/06/21
30,77.0,26.96,1007.15,5.0,4.17 11:45:18 17/06/21
42,78.1,27.14,1007.28,5.0,4.16 11:50:34 17/06/21
31,78.2,27.5,1007.28,5.0,4.16 11:55:49 17/06/21
39,77.8,27.73,1007.34,5.0,4.16 12:01:10 17/06/21
30,76.7,28.01,1007.31,5.0,4.16 12:06:30 17/06/21
43,77.3,28.14,1007.41,5.0,4.16 12:11:48 17/06/21
43,78.6,28.48,1007.39,5.0,4.16 12:17:05 17/06/21
32,77.3,28.880001,1007.37,5.0,4.16 12:22:24 17/06/21
46,77.3,29.175,1007.42,5.0,4.16 12:27:45 17/06/21
45,74.7,29.425,1007.46,5.0,4.16 12:33:02 17/06/21
45,71.7,29.69,1007.49,5.0,4.16 12:38:18 17/06/21
42,74.6,29.875,1007.47,5.0,4.16 12:43:34 17/06/21
35,72.7,30.175,1007.54,5.0,4.16 12:48:50 17/06/21
40,72.9,30.46,1007.59,5.0,4.16 12:54:07 17/06/21
33,72.1,30.545,1007.51,5.0,4.16 12:59:25 17/06/21
34,71.3,30.41,1007.53,5.0,4.16 13:04:42 17/06/21
46,70.3,30.32,1007.55,5.0,4.16 13:09:59 17/06/21
35,69.4,30.385,1007.63,5.0,4.16 13:15:15 17/06/21
43,69.4,30.475,1007.51,5.0,4.16 13:20:30 17/06/21
45,66.9,30.58,1007.53,5.0,4.16 13:25:49 17/06/21
49,63.4,30.7,1007.66,5.0,4.16 13:31:06 17/06/21
50,66.6,30.715,1007.68,5.0,4.16 13:36:26 17/06/21
39,65.4,30.945,1007.74,5.0,4.16 13:41:48 17/06/21
44,58.9,30.925,1007.9,5.0,4.16 13:47:05 17/06/21
49,62.6,30.98,1007.83,5.0,4.1 13:52:25 17/06/21
44,61.7,31.060001,1007.9,5.0,4.16 13:57:46 17/06/21
42,60.0,31.085,1007.85,5.0,4.16 14:03:02 17/06/21
45,58.1,31.175,1007.88,5.0,4.16 14:08:21 17/06/21
47,58.0,31.18,1008.02,5.0,4.16 14:13:38 17/06/21
46,58.6,31.105,1007.99,5.0,4.16 14:18:55 17/06/21
46,57.5,31.24,1007.93,5.0,4.16 14:24:11 17/06/21
44,58.3,31.285,1008.01,5.0,4.16 14:29:28 17/06/21
46,60.1,31.435001,1008.02,5.0,4.15 14:34:45 17/06/21
47,55.3,31.4,1008.02,5.0,4.16 14:40:02 17/06/21
44,56.3,31.39,1008.07,5.0,4.15 14:45:18 17/06/21
48,56.7,31.31,1008.08,5.0,4.16 14:50:37 17/06/21
48,58.6,31.439999,1008.13,5.0,4.15 14:55:54 17/06/21
46,56.8,31.575,1008.19,5.0,4.15 15:01:11 17/06/21
49,56.7,31.595001,1008.17,5.0,4.16 15:06:45 17/06/21
48,56.0,31.845001,1008.2,5.0,4.15 15:12:05 17/06/21
47,54.5,31.81,1008.11,5.0,4.15 15:17:27 17/06/21
36,58.4,32.01,1008.16,5.0,4.15 15:22:44 17/06/21
44,55.8,32.14,1008.11,5.0,4.14 15:28:00 17/06/21
48,57.8,32.239998,1008.22,5.0,4.15 15:33:22 17/06/21
45,57.6,32.355,1008.2,5.0,4.15 15:38:44 17/06/21
31,53.9,32.205,1008.21,5.0,4.15 15:44:01 17/06/21
48,56.3,31.939999,1008.17,5.0,4.15 15:49:19 17/06/21
46,55.8,31.915,1008.14,5.0,4.15 15:54:36 17/06/21
46,55.8,32.004997,1008.21,5.0,4.15 15:59:52 17/06/21
44,54.8,32.025,1008.29,5.0,4.15 16:05:09 17/06/21
46,56.8,32.095,1008.18,5.0,4.15 16:10:26 17/06/21
42,54.4,32.115,1008.14,5.0,4.15 16:15:43 17/06/21
42,57.8,32.195,1008.26,5.0,4.15 16:20:59 17/06/21
45,54.7,32.309998,1008.25,5.0,4.15 16:26:18 17/06/21
45,57.0,32.445,1008.23,5.0,4.15 16:31:35 17/06/21
45,55.9,32.55,1008.21,5.0,4.15 16:36:52 17/06/21
45,56.6,32.515,1008.27,5.0,4.15 16:42:10 17/06/21
39,54.1,32.605,1008.44,5.0,4.15 16:47:24 17/06/21
38,56.1,32.614998,1008.41,5.0,4.14 16:52:43 17/06/21
34,55.9,32.53,1008.36,5.0,4.15 16:58:01 17/06/21
44,56.7,32.485,1008.38,5.0,4.15 17:03:18 17/06/21
44,55.3,32.605,1008.24,5.0,4.15 17:08:35 17/06/21
44,55.6,32.61,1008.34,5.0,4.15 17:13:57 17/06/21
39,55.2,32.525,1008.35,5.0,4.15 17:19:18 17/06/21
43,55.9,32.44,1008.35,5.0,4.15 17:24:36 17/06/21
36,56.2,32.485,1008.42,5.0,4.15 17:29:50 17/06/21
36,54.2,32.295,1008.38,5.0,4.15 17:35:07 17/06/21
45,55.9,32.235,1008.34,5.0,4.15 17:40:26 17/06/21
40,56.0,32.25,1008.3,5.0,4.14 17:45:45 17/06/21
38,56.0,32.315002,1008.35,5.0,4.15 17:51:01 17/06/21
41,55.5,32.255,1008.35,5.0,4.15 17:56:18 17/06/21
41,55.9,32.23,1008.37,5.0,4.14 18:01:35 17/06/21
41,54.9,32.07,1008.38,5.0,4.14 18:06:53 17/06/21
42,55.2,31.9,1008.4,5.0,4.14 18:12:13 17/06/21
35,54.9,31.775,1008.48,5.0,4.14 18:17:35 17/06/21
38,55.3,31.670002,1008.54,5.0,4.14 18:23:01 17/06/21
23,55.7,31.59,1008.52,5.0,4.15 18:28:17 17/06/21
26,55.7,31.505001,1008.44,5.0,4.14 18:33:34 17/06/21
36,55.5,31.38,1008.37,5.0,4.14 18:38:51 17/06/21
38,56.5,31.36,1008.4,5.0,4.14 18:44:08 17/06/21
33,56.8,31.305,1008.4,5.0,4.14 18:49:29 17/06/21
23,56.4,31.215,1008.42,5.0,4.14 18:54:49 17/06/21
21,56.2,31.045,1008.33,5.0,4.14 19:00:12 17/06/21
30,56.3,30.994999,1008.24,5.0,4.14 19:05:33 17/06/21
23,56.5,30.895,1008.41,5.0,4.14 19:10:51 17/06/21
19,56.7,30.795,1008.52,5.0,4.14 19:16:05 17/06/21
22,56.6,30.615,1008.49,5.0,4.14 19:21:24 17/06/21
20,57.3,30.52,1008.57,5.0,4.14 19:26:41 17/06/21
18,57.0,30.425,1008.6,5.0,4.14 19:31:57 17/06/21
13,57.5,30.335,1008.71,5.0,4.14 19:37:13 17/06/21
13,57.9,30.235,1008.71,5.0,4.14 19:42:31 17/06/21
14,57.6,30.119999,1008.76,5.0,4.14 19:47:47 17/06/21
14,58.0,30.025,1008.73,5.0,4.14 19:53:04 17/06/21
13,58.6,29.935,1008.69,5.0,4.14 19:58:23 17/06/21
14,59.0,29.9,1008.75,5.0,4.14 20:03:41 17/06/21
13,58.2,29.75,1008.78,5.0,4.14 20:09:03 17/06/21
15,59.9,29.715,1008.72,5.0,4.14 20:14:19 17/06/21
13,61.3,29.705,1008.78,5.0,4.14 20:19:37 17/06/21
10,61.1,29.635,1008.72,5.0,4.14 20:24:53 17/06/21
9,60.4,29.545,1008.75,5.0,4.14 20:30:09 17/06/21
9,60.3,29.45,1008.74,5.0,4.14 20:35:26 17/06/21
9,60.1,29.34,1008.77,5.0,4.13 20:40:42 17/06/21
8,60.5,29.18,1008.75,5.0,4.14 20:46:00 17/06/21
8,60.4,29.07,1008.87,5.0,4.14 20:51:16 17/06/21
7,61.1,28.97,1008.93,5.0,4.14 20:56:31 17/06/21
6,61.7,28.865002,1009.0,5.0,4.13 21:01:48 17/06/21
6,62.3,28.765,1008.96,5.0,4.13 21:07:05 17/06/21
6,61.5,28.66,1009.03,5.0,4.13 21:12:21 17/06/21
7,61.7,28.555,1009.08,5.0,4.13 21:17:42 17/06/21
6,62.1,28.465,1009.15,5.0,4.13 21:23:03 17/06/21
4,62.2,28.365002,1009.22,4.96,4.13 21:28:23 17/06/21
3,62.6,28.279999,1009.25,4.22,4.13 21:33:44 17/06/21
1,64.1,28.235,1009.26,4.25,4.13 21:39:00 17/06/21
0,63.7,28.099998,1009.29,3.97,4.13 21:44:17 17/06/21
0,65.0,28.07,1009.38,3.45,4.13 21:49:31 17/06/21
0,65.1,27.985,1009.5,2.92,4.13 21:54:53 17/06/21
0,65.9,27.89,1009.52,2.43,4.13 22:00:13 17/06/21
0,65.5,27.855,1009.67,1.97,4.13 22:05:34 17/06/21
0,65.4,27.765,1009.71,1.61,4.13 22:10:55 17/06/21
0,65.5,27.67,1009.74,1.27,4.13 22:16:12 17/06/21
0,67.0,27.58,1009.67,0.88,4.13 22:21:28 17/06/21
0,67.0,27.485,1009.73,0.48,4.13 22:26:44 17/06/21
0,66.1,27.400002,1009.72,0.31,4.13 22:32:00 17/06/21
0,66.8,27.29,1009.69,0.18,4.13 22:37:20 17/06/21
0,67.3,27.185001,1009.68,0.09,4.13 22:42:41 17/06/21
0,67.3,27.009998,1009.65,0.05,4.13 22:47:57 17/06/21
0,66.8,26.880001,1009.65,0.02,4.13 22:53:21 17/06/21
0,66.8,26.775002,1009.72,0.01,4.13 22:58:38 17/06/21
0,67.1,26.605,1009.78,0.0,4.11 23:04:03 17/06/21
0,66.4,26.494999,1009.76,0.0,4.13 23:09:21 17/06/21
0,66.8,26.395,1009.85,0.0,4.13 23:14:36 17/06/21
0,68.3,26.295,1009.94,0.0,4.13 23:19:52 17/06/21
0,68.3,26.2,1009.95,0.0,4.13 23:25:12 17/06/21
0,68.9,26.165,1009.92,0.0,4.13 23:30:33 17/06/21
0,68.1,26.07,1009.89,0.0,4.13 23:35:47 17/06/21
0,70.1,25.974998,1010.0,0.0,4.12 23:41:03 17/06/21
0,69.6,25.885,1010.06,0.0,4.13 23:46:23 17/06/21
0,69.1,25.8,1010.07,0.0,4.12 23:51:44 17/06/21
0,71.7,25.775002,1010.16,0.0,4.12 23:57:04 17/06/21
