0,70.9,25.755001,1010.22,0.0,4.12 00:02:22 18/06/21
0,69.4,25.68,1010.27,0.0,4.13 00:07:40 18/06/21
0,72.0,25.605,1010.32,0.0,4.12 00:13:00 18/06/21
0,71.5,25.64,1010.47,0.0,4.12 00:18:20 18/06/21
0,72.3,25.575,1010.32,0.0,4.12 00:23:36 18/06/21
0,72.8,25.509998,1010.25,0.0,4.12 00:28:57 18/06/21
0,74.1,25.49,1010.3,0.0,4.12 00:34:15 18/06/21
0,75.7,25.415,1010.25,0.0,4.12 00:39:32 18/06/21
0,73.1,25.39,1010.19,0.0,4.12 00:44:48 18/06/21
0,73.5,25.37,1010.11,0.0,4.12 00:50:04 18/06/21
0,75.7,25.310001,1010.08,0.0,4.12 00:55:18 18/06/21
0,73.5,25.29,1010.03,0.0,4.12 01:00:36 18/06/21
0,74.9,25.215,1010.08,0.0,4.12 01:05:55 18/06/21
0,73.3,25.189999,1010.17,0.0,4.12 01:11:16 18/06/21
0,75.5,25.175,1010.09,0.0,4.12 01:16:32 18/06/21
0,74.7,25.095001,1010.06,0.0,4.12 01:21:48 18/06/21
0,76.1,25.02,1010.03,0.0,4.12 01:27:03 18/06/21
0,75.3,24.985,1010.0,0.0,4.12 01:32:18 18/06/21
0,75.6,24.95,1010.02,0.0,4.12 01:37:35 18/06/21
0,77.1,24.875,1009.95,0.0,4.12 01:42:59 18/06/21
0,76.0,24.855,1009.87,0.0,4.12 01:48:15 18/06/21
0,77.4,24.779999,1009.77,0.0,4.12 01:53:34 18/06/21
0,77.8,24.76,1009.89,0.0,4.12 01:58:55 18/06/21
0,78.0,24.7,1009.82,0.0,4.12 02:04:11 18/06/21
0,76.9,24.685001,1009.86,0.0,4.12 02:09:26 18/06/21
0,79.0,24.630001,1009.68,0.0,4.12 02:14:43 18/06/21
0,77.6,24.665,1009.48,0.0,4.12 02:19:58 18/06/21
0,78.6,24.61,1009.53,0.0,4.12 02:25:17 18/06/21
0,79.1,24.605,1009.7,0.0,4.12 02:30:38 18/06/21
0,78.7,24.58,1009.63,0.0,4.12 02:35:53 18/06/21
0,77.4,24.564999,1009.74,0.0,4.12 02:41:10 18/06/21
0,77.3,24.494999,1009.67,0.0,4.11 02:46:25 18/06/21
0,77.9,24.47,1009.61,0.0,4.12 02:51:40 18/06/21
0,78.6,24.395,1009.32,0.0,4.11 02:57:04 18/06/21
0,77.6,24.37,1009.4,0.0,4.12 03:02:20 18/06/21
0,78.8,24.29,1009.52,0.0,4.12 03:07:35 18/06/21
0,78.2,24.26,1009.94,0.0,4.12 03:12:50 18/06/21
0,80.8,24.26,1010.94,0.0,4.11 03:18:07 18/06/21
0,83.5,24.29,1010.63,0.0,4.12 03:23:23 18/06/21
0,82.6,24.305,1009.96,0.0,4.11 03:28:39 18/06/21
0,81.7,24.29,1009.47,0.0,4.12 03:33:54 18/06/21
0,81.3,24.205,1009.9,0.0,4.11 03:39:10 18/06/21
0,80.8,24.175,1009.97,0.0,4.11 03:44:25 18/06/21
0,81.6,24.095001,1009.6,0.01,4.11 03:49:42 18/06/21
0,81.7,24.064999,1009.65,0.0,4.11 03:54:55 18/06/21
0,81.1,23.985,1009.56,0.0,4.11 04:00:12 18/06/21
0,81.4,23.974998,1009.23,0.0,4.11 04:05:28 18/06/21
0,80.8,23.97,1010.31,0.0,4.11 04:10:43 18/06/21
5,88.4,23.98,1011.75,0.01,4.11 04:15:58 18/06/21
3,90.6,23.605,1009.99,0.02,4.11 04:21:15 18/06/21
4,89.0,23.56,1009.63,0.09,4.11 04:26:31 18/06/21
5,88.5,23.36,1009.62,0.17,4.11 04:31:45 18/06/21
6,86.6,23.215,1009.79,0.22,4.11 04:37:02 18/06/21
7,88.8,23.09,1010.01,0.14,4.11 04:42:15 18/06/21
9,87.2,22.98,1011.47,0.06,4.11 04:47:32 18/06/21
3,90.2,22.91,1012.29,0.03,4.11 04:52:47 18/06/21
2,91.7,22.654999,1010.0,0.17,4.11 04:58:03 18/06/21
3,90.8,22.605,1010.0,0.73,4.11 05:03:19 18/06/21
3,91.3,22.515,1010.04,1.78,4.11 05:08:32 18/06/21
5,92.2,22.474998,1010.13,2.76,4.11 05:13:49 18/06/21
6,91.1,22.400002,1010.23,3.48,4.11 05:19:05 18/06/21
4,91.9,22.385,1010.17,3.71,4.11 05:24:17 18/06/21
7,90.0,22.310001,1010.18,3.97,4.11 05:29:38 18/06/21
8,91.5,22.310001,1010.18,4.2,4.11 05:34:58 18/06/21
12,90.6,22.285,1010.3,4.2,4.11 05:40:18 18/06/21
13,92.5,22.279999,1010.26,4.25,4.11 05:45:41 18/06/21
15,91.5,22.205,1010.35,4.85,4.11 05:51:01 18/06/21
14,92.2,22.189999,1010.34,4.39,4.11 05:56:18 18/06/21
14,93.0,22.185001,1010.41,4.68,4.11 06:01:30 18/06/21
17,93.3,22.115,1010.4,5.0,4.11 06:06:47 18/06/21
19,92.5,22.099998,1010.31,4.23,4.11 06:12:01 18/06/21
20,92.8,22.09,1010.27,5.0,4.11 06:17:18 18/06/21
19,93.2,22.015,1010.14,4.76,4.11 06:22:33 18/06/21
16,93.1,22.0,1010.07,4.64,4.11 06:27:48 18/06/21
19,93.6,21.99,1009.98,4.9,4.11 06:33:03 18/06/21
21,94.1,21.915,1010.02,4.49,4.11 06:38:22 18/06/21
18,94.0,21.905,1009.91,4.63,4.11 06:43:41 18/06/21
25,93.0,21.885,1009.98,5.0,4.11 06:49:01 18/06/21
21,93.6,21.855,1010.01,4.61,4.11 06:54:20 18/06/21
23,94.4,21.79,1010.14,4.65,4.11 06:59:37 18/06/21
28,94.5,21.785,1010.23,4.94,4.11 07:04:52 18/06/21
25,95.8,21.785,1010.25,5.0,4.11 07:10:07 18/06/21
30,94.0,21.77,1010.33,4.92,4.11 07:15:22 18/06/21
24,95.1,21.725,1010.39,4.38,4.11 07:20:37 18/06/21
28,94.8,21.765,1010.3,5.0,4.11 07:25:53 18/06/21
26,95.5,21.77,1010.26,5.0,4.11 07:31:08 18/06/21
22,95.5,21.715,1010.29,4.31,4.11 07:36:21 18/06/21
23,95.8,21.7,1010.3,4.18,4.11 07:41:37 18/06/21
28,95.5,21.695,1010.35,4.63,4.11 07:46:53 18/06/21
30,94.4,21.685001,1010.54,4.71,4.11 07:52:09 18/06/21
27,95.1,21.695,1010.66,5.0,4.11 07:57:22 18/06/21
34,96.8,21.695,1010.53,4.34,4.11 08:02:39 18/06/21
30,97.6,21.7,1010.49,5.0,4.11 08:07:59 18/06/21
38,96.2,21.705,1010.39,5.0,4.11 08:13:18 18/06/21
30,96.0,21.705,1010.25,5.0,4.11 08:18:33 18/06/21
35,96.1,21.7,1010.17,5.0,4.11 08:23:49 18/06/21
43,96.1,21.715,1010.39,5.0,4.11 08:29:01 18/06/21
34,97.5,21.77,1010.45,5.0,4.11 08:34:17 18/06/21
44,96.8,21.775002,1010.34,5.0,4.11 08:39:34 18/06/21
43,97.0,21.79,1010.26,4.22,4.12 08:44:47 18/06/21
48,98.1,21.87,1010.17,4.32,4.12 08:50:03 18/06/21
55,96.1,21.96,1010.07,4.36,4.12 08:55:19 18/06/21
62,96.8,22.075,1009.84,4.17,4.13 09:00:34 18/06/21
61,99.9,22.21,1010.26,5.0,4.13 09:05:50 18/06/21
53,98.0,22.385,1010.22,5.0,4.13 09:11:04 18/06/21
37,98.8,22.505,1010.13,4.28,4.13 09:16:20 18/06/21
38,98.1,22.654999,1010.23,4.22,4.13 09:21:35 18/06/21
40,99.4,22.75,1010.11,4.36,4.13 09:26:49 18/06/21
55,98.1,22.86,1010.05,4.23,4.15 09:32:06 18/06/21
51,99.9,23.105,1009.95,4.26,4.15 09:37:22 18/06/21
45,98.9,23.305,1009.9,4.36,4.15 09:42:38 18/06/21
46,99.9,23.52,1009.86,4.25,4.15 09:47:56 18/06/21
36,99.3,23.705,1009.93,4.3,4.16 09:53:17 18/06/21
40,99.6,23.84,1009.9,4.25,4.16 09:58:39 18/06/21
37,99.5,24.035,1009.87,5.0,4.17 10:03:54 18/06/21
37,99.9,24.23,1009.96,4.34,4.17 10:09:10 18/06/21
33,99.9,24.375,1009.88,5.0,4.17 10:14:27 18/06/21
39,99.9,24.48,1009.94,4.24,4.18 10:19:42 18/06/21
37,99.9,24.635,1009.95,4.28,4.19 10:24:57 18/06/21
40,99.9,24.815,1009.94,4.45,4.2 10:30:13 18/06/21
32,99.9,25.05,1009.87,5.0,4.17 10:35:31 18/06/21
30,99.5,25.285,1009.84,5.0,4.17 10:40:44 18/06/21
33,99.6,25.33,1009.81,5.0,4.16 10:46:02 18/06/21
35,99.1,25.305,1009.66,5.0,4.16 10:51:17 18/06/21
43,99.5,25.315,1009.65,5.0,4.16 10:56:33 18/06/21
47,99.3,25.384998,1009.62,5.0,4.16 11:01:53 18/06/21
41,99.7,25.51,1009.6,5.0,4.16 11:07:12 18/06/21
42,99.9,25.71,1009.51,5.0,4.16 11:12:32 18/06/21
39,99.1,25.955,1009.54,5.0,4.16 11:17:52 18/06/21
41,99.1,26.245,1009.5,5.0,4.16 11:23:10 18/06/21
42,99.5,26.529999,1009.4,5.0,4.16 11:28:25 18/06/21
43,99.3,26.75,1009.36,5.0,4.16 11:33:42 18/06/21
44,98.3,26.86,1009.3,5.0,4.16 11:38:58 18/06/21
44,98.3,26.970001,1009.27,5.0,4.16 11:44:13 18/06/21
45,97.4,27.08,1009.31,5.0,4.16 11:49:30 18/06/21
44,96.7,27.165,1009.2,5.0,4.16 11:54:46 18/06/21
43,96.4,27.19,1009.21,5.0,4.16 12:00:02 18/06/21
43,96.7,27.345,1009.31,5.0,4.16 12:05:19 18/06/21
39,97.6,27.55,1009.37,5.0,4.16 12:10:32 18/06/21
41,96.7,27.745,1009.27,5.0,4.16 12:15:49 18/06/21
40,96.0,27.865,1009.26,5.0,4.16 12:21:05 18/06/21
40,96.2,28.025,1009.25,5.0,4.16 12:26:21 18/06/21
43,96.1,28.235,1009.22,5.0,4.16 12:31:39 18/06/21
42,94.6,28.36,1009.04,5.0,4.15 12:36:55 18/06/21
43,95.1,28.465,1009.01,5.0,4.16 12:42:12 18/06/21
43,94.2,28.635,1009.0,5.0,4.16 12:47:28 18/06/21
45,95.0,28.825,1008.99,5.0,4.15 12:52:48 18/06/21
41,95.0,29.035,1008.95,5.0,4.16 12:58:09 18/06/21
44,93.3,29.185001,1008.86,5.0,4.16 13:03:27 18/06/21
42,92.7,29.16,1008.8,5.0,4.15 13:08:42 18/06/21
27,92.0,29.240002,1008.68,5.0,4.15 13:13:58 18/06/21
50,92.1,29.165,1008.79,5.0,4.15 13:19:19 18/06/21
39,92.6,29.220001,1008.82,5.0,4.15 13:24:45 18/06/21
46,90.5,29.385,1008.68,5.0,4.15 13:30:05 18/06/21
40,92.7,29.59,1008.74,5.0,4.15 13:35:20 18/06/21
45,92.8,29.805,1008.58,5.0,4.15 13:40:44 18/06/21
42,92.4,30.025,1008.57,5.0,4.15 13:46:02 18/06/21
46,92.6,30.215,1008.51,5.0,4.15 13:51:24 18/06/21
46,92.0,30.535,1008.45,5.0,4.15 13:56:49 18/06/21
33,91.3,30.59,1008.4,5.0,4.15 14:02:07 18/06/21
43,91.1,30.61,1008.35,5.0,4.15 14:07:27 18/06/21
45,90.4,30.775,1008.38,5.0,4.15 14:12:45 18/06/21
28,87.5,30.735,1008.32,5.0,4.15 14:18:01 18/06/21
36,86.3,30.654999,1008.29,5.0,4.15 14:23:18 18/06/21
27,90.0,30.805,1008.32,5.0,4.15 14:28:34 18/06/21
36,89.0,30.895,1008.28,5.0,4.15 14:33:50 18/06/21
35,89.8,30.91,1008.26,5.0,4.15 14:39:07 18/06/21
27,85.9,30.91,1008.17,5.0,4.15 14:44:27 18/06/21
30,85.7,30.73,1008.1,5.0,4.15 14:49:42 18/06/21
25,86.3,30.615,1008.05,5.0,4.15 14:54:58 18/06/21
29,85.7,30.48,1007.99,5.0,4.15 15:00:16 18/06/21
30,82.6,30.3,1007.91,5.0,4.15 15:05:36 18/06/21
28,85.2,30.16,1007.89,5.0,4.15 15:10:56 18/06/21
29,85.2,30.08,1007.84,5.0,4.15 15:16:13 18/06/21
27,82.4,29.985,1007.71,5.0,4.15 15:21:30 18/06/21
43,85.0,29.96,1007.7,5.0,4.15 15:26:48 18/06/21
31,83.6,29.98,1007.62,5.0,4.15 15:32:04 18/06/21
49,84.7,30.055,1007.54,5.0,4.15 15:37:22 18/06/21
39,82.6,30.32,1007.56,5.0,4.15 15:42:38 18/06/21
33,78.6,30.42,1007.41,5.0,4.15 15:47:53 18/06/21
47,81.2,30.439999,1007.37,5.0,4.15 15:53:16 18/06/21
46,78.8,30.71,1007.25,5.0,4.15 15:58:40 18/06/21
44,79.9,30.895,1007.24,5.0,4.14 16:04:02 18/06/21
34,78.5,31.065,1007.29,5.0,4.14 16:09:17 18/06/21
26,78.1,31.115,1007.16,5.0,4.15 16:14:36 18/06/21
27,78.5,31.055,1007.16,5.0,4.14 16:19:51 18/06/21
45,75.2,31.025,1007.06,5.0,4.15 16:25:09 18/06/21
22,70.8,30.95,1007.01,5.0,4.14 16:30:27 18/06/21
30,70.9,30.61,1007.01,5.0,4.14 16:35:43 18/06/21
45,68.8,30.535,1006.95,5.0,4.14 16:41:03 18/06/21
43,74.3,30.64,1006.99,5.0,4.14 16:46:25 18/06/21
44,71.3,30.869999,1007.01,5.0,4.14 16:51:42 18/06/21
30,69.1,30.93,1007.02,5.0,4.14 16:56:58 18/06/21
40,67.9,30.91,1006.93,5.0,4.14 17:02:15 18/06/21
43,69.1,30.91,1006.88,5.0,4.14 17:07:32 18/06/21
39,70.3,30.92,1006.86,5.0,4.14 17:12:48 18/06/21
34,70.3,31.015,1006.93,5.0,4.14 17:18:06 18/06/21
44,69.4,31.11,1006.92,5.0,4.14 17:23:23 18/06/21
45,69.6,31.130001,1006.8,5.0,4.14 17:28:43 18/06/21
33,64.8,30.89,1006.79,5.0,4.14 17:34:09 18/06/21
42,68.9,30.79,1006.65,5.0,4.14 17:39:30 18/06/21
41,67.8,30.925,1006.63,5.0,4.14 17:44:47 18/06/21
38,69.9,30.955,1006.64,5.0,4.14 17:50:03 18/06/21
40,66.6,30.95,1006.62,5.0,4.14 17:55:21 18/06/21
40,66.9,30.89,1006.7,5.0,4.14 18:00:38 18/06/21
41,66.4,30.865,1006.64,5.0,4.14 18:05:55 18/06/21
39,67.3,30.79,1006.58,5.0,4.14 18:11:11 18/06/21
39,68.4,30.855,1006.61,5.0,4.14 18:16:28 18/06/21
40,67.4,30.93,1006.54,5.0,4.14 18:21:46 18/06/21
39,67.9,30.974998,1006.62,5.0,4.14 18:27:02 18/06/21
39,66.4,30.904999,1006.61,5.0,4.14 18:32:19 18/06/21
14,65.5,30.795,1006.65,5.0,4.14 18:37:39 18/06/21
13,65.2,30.529999,1006.67,5.0,4.14 18:43:00 18/06/21
27,65.5,30.244999,1006.66,5.0,4.14 18:48:16 18/06/21
35,65.8,30.115,1006.67,5.0,4.14 18:53:34 18/06/21
35,67.3,30.09,1006.79,5.0,4.14 18:58:52 18/06/21
35,68.4,30.1,1006.83,5.0,4.14 19:04:08 18/06/21
34,67.4,30.11,1006.79,5.0,4.14 19:09:24 18/06/21
11,67.8,30.11,1006.85,5.0,4.14 19:14:41 18/06/21
8,67.2,30.015,1006.89,5.0,4.13 19:19:58 18/06/21
11,67.1,29.86,1007.01,5.0,4.14 19:25:15 18/06/21
15,68.3,29.8,1006.94,5.0,4.14 19:30:31 18/06/21
18,68.4,29.79,1006.96,5.0,4.14 19:35:48 18/06/21
15,68.4,29.795,1007.05,5.0,4.14 19:41:04 18/06/21
13,69.0,29.795,1007.1,5.0,4.14 19:46:22 18/06/21
12,69.2,29.785,1007.15,5.0,4.13 19:51:38 18/06/21
12,66.9,29.715,1007.17,5.0,4.13 19:56:54 18/06/21
13,67.7,29.619999,1007.24,5.0,4.12 20:02:19 18/06/21
11,67.3,29.529999,1007.26,5.0,4.14 20:07:37 18/06/21
10,67.0,29.37,1007.32,5.0,4.12 20:12:53 18/06/21
9,67.4,29.27,1007.32,5.0,4.14 20:18:07 18/06/21
10,67.8,29.175,1007.46,5.0,4.13 20:23:26 18/06/21
9,68.2,29.14,1007.45,5.0,4.13 20:28:42 18/06/21
9,68.0,29.05,1007.47,5.0,4.13 20:33:59 18/06/21
8,67.9,28.96,1007.53,5.0,4.13 20:39:13 18/06/21
9,67.9,28.8,1007.62,5.0,4.13 20:44:35 18/06/21
8,68.0,28.755001,1007.68,5.0,4.13 20:49:57 18/06/21
7,68.3,28.665,1007.78,5.0,4.13 20:55:14 18/06/21
8,68.0,28.55,1007.79,5.0,4.13 21:00:33 18/06/21
6,68.0,28.45,1007.92,5.0,4.13 21:05:55 18/06/21
6,68.2,28.285,1007.98,5.0,4.13 21:11:11 18/06/21
6,68.4,28.185001,1008.08,5.0,4.13 21:16:27 18/06/21
6,69.1,28.095001,1008.14,5.0,4.13 21:21:44 18/06/21
6,69.2,28.06,1008.27,5.0,4.13 21:27:00 18/06/21
5,69.2,27.965,1008.34,5.0,4.13 21:32:15 18/06/21
4,69.3,27.86,1008.32,5.0,4.13 21:37:32 18/06/21
3,70.6,27.755001,1008.48,4.68,4.13 21:42:53 18/06/21
2,70.7,27.654999,1008.59,4.26,4.13 21:48:13 18/06/21
1,71.2,27.49,1008.65,4.21,4.13 21:53:30 18/06/21
1,70.2,27.385,1008.75,4.25,4.13 21:58:46 18/06/21
0,70.5,27.275002,1008.84,4.01,4.13 22:04:01 18/06/21
0,71.1,27.154999,1008.82,3.19,4.13 22:09:18 18/06/21
0,70.7,27.045,1008.89,2.53,4.13 22:14:34 18/06/21
0,70.2,26.87,1008.95,1.85,4.13 22:19:51 18/06/21
0,70.1,26.74,1009.03,1.25,4.13 22:25:07 18/06/21
0,70.3,26.56,1009.06,0.75,4.12 22:30:26 18/06/21
0,70.6,26.385,1009.04,0.42,4.12 22:35:51 18/06/21
0,72.9,26.265,1009.07,0.22,4.13 22:41:10 18/06/21
0,71.8,26.09,1009.05,0.12,4.13 22:46:28 18/06/21
0,72.2,26.025,1009.13,0.06,4.13 22:51:47 18/06/21
0,71.9,25.939999,1009.06,0.03,4.12 22:57:09 18/06/21
0,71.8,25.85,1009.13,0.02,4.12 23:02:25 18/06/21
0,72.1,25.720001,1009.18,0.0,4.12 23:07:40 18/06/21
0,72.1,25.599998,1009.23,0.0,4.12 23:12:56 18/06/21
0,72.0,25.505,1009.27,0.0,4.12 23:18:12 18/06/21
0,72.2,25.41,1009.22,0.0,4.12 23:23:28 18/06/21
0,72.3,25.3,1009.19,0.0,4.12 23:28:43 18/06/21
0,72.7,25.205,1009.15,0.0,4.12 23:33:58 18/06/21
0,73.0,25.17,1009.26,0.0,4.12 23:39:15 18/06/21
0,72.3,25.08,1009.34,0.0,4.12 23:44:30 18/06/21
0,72.6,25.045,1009.38,0.0,4.12 23:49:49 18/06/21
0,72.8,24.97,1009.35,0.0,4.12 23:55:05 18/06/21
