0,91.9,20.21,1014.46,0.0,4.11 00:04:24 27/06/21
4,92.1,20.119999,1014.43,0.0,4.11 00:09:39 27/06/21
8,92.4,20.07,1014.41,0.0,4.11 00:14:52 27/06/21
9,92.5,19.985,1014.39,0.0,4.11 00:20:18 27/06/21
10,92.4,19.900002,1014.33,0.0,4.11 00:25:34 27/06/21
10,92.8,19.810001,1014.27,0.0,4.11 00:30:47 27/06/21
10,92.9,19.715,1014.24,0.0,4.11 00:36:02 27/06/21
9,92.5,19.615,1014.24,0.0,4.11 00:41:17 27/06/21
9,93.0,19.525,1014.25,0.0,4.11 00:46:32 27/06/21
9,92.9,19.48,1014.2,0.0,4.11 00:51:46 27/06/21
9,93.1,19.385,1014.25,0.0,4.11 00:57:04 27/06/21
8,93.0,19.3,1014.2,0.0,4.11 01:02:17 27/06/21
8,93.5,19.215,1014.15,0.0,4.11 01:07:31 27/06/21
7,93.5,19.18,1014.1,0.0,4.11 01:12:45 27/06/21
7,93.3,19.095001,1014.09,0.0,4.11 01:18:00 27/06/21
7,93.3,19.0,1014.08,0.0,4.11 01:23:15 27/06/21
7,93.7,18.900002,1014.1,0.0,4.11 01:28:28 27/06/21
6,93.6,18.815,1014.06,0.0,4.11 01:33:45 27/06/21
6,93.6,18.715,1014.03,0.0,4.11 01:39:00 27/06/21
6,94.0,18.635,1014.06,0.0,4.11 01:44:12 27/06/21
6,94.3,18.605,1013.99,0.0,4.11 01:49:28 27/06/21
6,94.3,18.585,1013.97,0.0,4.11 01:54:43 27/06/21
6,94.3,18.509998,1013.91,0.0,4.11 02:00:00 27/06/21
5,94.7,18.5,1013.9,0.0,4.11 02:05:10 27/06/21
5,94.7,18.415,1013.87,0.0,4.11 02:10:25 27/06/21
5,94.9,18.385,1013.87,0.0,4.11 02:15:41 27/06/21
5,94.5,18.3,1013.9,0.0,4.11 02:20:57 27/06/21
5,94.5,18.220001,1013.89,0.0,4.11 02:26:15 27/06/21
4,94.6,18.189999,1013.79,0.0,4.1 02:31:34 27/06/21
4,94.8,18.115,1013.7,0.0,4.11 02:36:46 27/06/21
4,95.3,18.085,1013.65,0.0,4.1 02:42:03 27/06/21
4,95.1,18.064999,1013.63,0.0,4.11 02:47:18 27/06/21
4,95.2,17.99,1013.67,0.0,4.1 02:52:30 27/06/21
4,95.3,17.92,1013.67,0.0,4.1 02:57:46 27/06/21
4,95.1,17.900002,1013.63,0.0,4.1 03:03:02 27/06/21
3,96.6,17.885,1013.62,0.0,4.11 03:08:15 27/06/21
3,95.9,17.875,1013.67,0.0,4.1 03:13:34 27/06/21
3,96.5,17.805,1013.63,0.0,4.1 03:18:54 27/06/21
3,96.1,17.785,1013.66,0.0,4.1 03:24:07 27/06/21
3,95.9,17.715,1013.73,0.0,4.1 03:29:21 27/06/21
3,96.1,17.685001,1013.66,0.0,4.1 03:34:37 27/06/21
3,97.3,17.675,1013.71,0.0,4.1 03:39:52 27/06/21
3,97.3,17.67,1013.65,0.0,4.1 03:45:06 27/06/21
3,97.0,17.605,1013.66,0.0,4.1 03:50:18 27/06/21
3,96.8,17.59,1013.64,0.0,4.1 03:55:33 27/06/21
3,96.7,17.58,1013.62,0.0,4.1 04:00:49 27/06/21
3,97.5,17.58,1013.61,0.01,4.1 04:06:03 27/06/21
3,97.2,17.575,1013.45,0.03,4.1 04:11:16 27/06/21
3,98.3,17.564999,1013.34,0.05,4.1 04:16:30 27/06/21
3,97.2,17.52,1013.46,0.08,4.1 04:21:49 27/06/21
3,98.0,17.515,1013.44,0.13,4.1 04:27:01 27/06/21
3,97.6,17.52,1013.46,0.21,4.1 04:32:15 27/06/21
3,97.8,17.509998,1013.47,0.32,4.1 04:37:31 27/06/21
3,98.6,17.52,1013.47,0.48,4.1 04:42:53 27/06/21
3,97.8,17.57,1013.41,0.71,4.1 04:48:07 27/06/21
3,97.9,17.564999,1013.45,1.03,4.1 04:53:21 27/06/21
4,98.4,17.509998,1013.43,1.41,4.1 04:58:35 27/06/21
5,98.6,17.515,1013.43,1.89,4.1 05:03:51 27/06/21
5,99.5,17.505,1013.5,2.84,4.1 05:09:06 27/06/21
6,99.9,17.515,1013.29,3.61,4.1 05:14:18 27/06/21
7,99.7,17.52,1013.0,3.96,4.1 05:19:34 27/06/21
8,99.2,17.515,1012.86,4.21,4.1 05:24:47 27/06/21
9,99.0,17.509998,1012.93,4.23,4.1 05:30:03 27/06/21
11,99.9,17.505,1012.92,4.21,4.1 05:35:18 27/06/21
13,99.6,17.494999,1013.01,4.48,4.1 05:40:41 27/06/21
13,99.0,17.5,1013.1,4.53,4.1 05:45:59 27/06/21
15,99.9,17.49,1013.07,4.87,4.1 05:51:17 27/06/21
16,99.8,17.49,1013.04,5.0,4.1 05:56:36 27/06/21
17,99.9,17.494999,1012.97,5.0,4.1 06:01:59 27/06/21
18,99.8,17.505,1012.88,4.8,4.1 06:07:17 27/06/21
19,99.9,17.5,1012.94,4.95,4.1 06:12:32 27/06/21
17,99.9,17.5,1013.02,5.0,4.1 06:17:46 27/06/21
21,99.9,17.509998,1012.88,4.39,4.1 06:23:02 27/06/21
21,99.9,17.509998,1012.77,4.37,4.1 06:28:14 27/06/21
22,99.9,17.505,1012.63,4.38,4.1 06:33:31 27/06/21
23,99.9,17.505,1012.54,5.0,4.1 06:38:43 27/06/21
27,99.9,17.494999,1012.51,4.31,4.1 06:44:02 27/06/21
33,99.9,17.49,1012.58,5.0,4.1 06:49:12 27/06/21
32,99.9,17.485,1012.6,5.0,4.11 06:54:28 27/06/21
39,99.9,17.49,1012.64,5.0,4.1 06:59:47 27/06/21
42,99.9,17.555,1012.6,5.0,4.11 07:05:05 27/06/21
42,99.9,17.575,1012.51,5.0,4.11 07:10:20 27/06/21
39,99.9,17.654999,1012.52,4.99,4.12 07:15:33 27/06/21
55,99.9,17.74,1012.58,5.0,4.12 07:20:48 27/06/21
37,99.9,17.86,1012.69,4.87,4.12 07:26:04 27/06/21
32,99.9,18.035,1012.73,4.22,4.11 07:31:17 27/06/21
32,99.9,18.17,1012.71,4.65,4.13 07:36:33 27/06/21
29,99.9,18.345001,1012.66,4.29,4.13 07:41:47 27/06/21
30,99.9,18.525,1012.68,4.31,4.13 07:47:03 27/06/21
28,99.9,18.715,1012.56,4.23,4.13 07:52:17 27/06/21
24,99.9,18.970001,1012.57,5.0,4.14 07:57:30 27/06/21
40,99.9,19.225,1012.57,5.0,4.14 08:02:47 27/06/21
19,99.9,19.505001,1012.48,5.0,4.14 08:08:01 27/06/21
21,99.9,19.645,1012.47,4.31,4.14 08:13:15 27/06/21
34,99.9,19.835,1012.47,4.24,4.15 08:18:28 27/06/21
22,99.9,20.23,1012.47,5.0,4.15 08:23:45 27/06/21
36,99.9,20.529999,1012.47,5.0,4.14 08:29:01 27/06/21
27,99.9,20.79,1012.42,5.0,4.15 08:34:15 27/06/21
21,99.7,21.005001,1012.37,4.35,4.14 08:39:30 27/06/21
21,98.4,21.105,1012.42,5.0,4.15 08:44:43 27/06/21
21,98.2,21.045,1012.4,4.22,4.15 08:50:01 27/06/21
24,99.2,21.05,1012.42,5.0,4.15 08:55:16 27/06/21
32,98.8,21.1,1012.43,4.21,4.16 09:00:31 27/06/21
21,98.9,21.11,1012.52,5.0,4.16 09:05:44 27/06/21
23,98.5,21.19,1012.63,4.22,4.16 09:10:59 27/06/21
22,98.6,21.21,1012.66,4.22,4.16 09:16:14 27/06/21
25,99.1,21.29,1012.63,4.22,4.16 09:21:30 27/06/21
23,99.0,21.39,1012.65,5.0,4.17 09:26:43 27/06/21
27,98.7,21.5,1012.62,5.0,4.17 09:32:00 27/06/21
24,98.6,21.595001,1012.65,4.22,4.17 09:37:15 27/06/21
22,98.9,21.69,1012.62,4.27,4.16 09:42:30 27/06/21
27,98.6,21.775002,1012.68,4.3,4.17 09:47:46 27/06/21
29,99.3,21.895,1012.74,5.0,4.18 09:53:01 27/06/21
28,98.9,22.08,1012.61,5.0,4.16 09:58:14 27/06/21
28,98.6,22.255001,1012.56,5.0,4.16 10:03:32 27/06/21
24,98.6,22.355,1012.62,5.0,4.16 10:08:46 27/06/21
23,98.4,22.38,1012.65,5.0,4.16 10:14:01 27/06/21
24,98.3,22.45,1012.59,5.0,4.15 10:19:23 27/06/21
23,98.6,22.48,1012.59,5.0,4.16 10:24:41 27/06/21
26,98.1,22.545,1012.51,5.0,4.16 10:30:12 27/06/21
25,98.1,22.575,1012.42,5.0,4.16 10:35:28 27/06/21
26,98.5,22.67,1012.44,5.0,4.16 10:40:43 27/06/21
27,98.2,22.755001,1012.39,5.0,4.16 10:45:58 27/06/21
26,98.3,22.849998,1012.25,5.0,4.16 10:51:13 27/06/21
27,98.1,22.955,1012.17,5.0,4.15 10:56:29 27/06/21
27,98.4,23.05,1012.11,5.0,4.15 11:01:45 27/06/21
29,98.4,23.165,1012.05,5.0,4.15 11:07:01 27/06/21
31,98.5,23.345,1011.97,5.0,4.15 11:12:19 27/06/21
29,98.2,23.52,1011.84,5.0,4.15 11:17:39 27/06/21
28,98.2,23.720001,1011.8,5.0,4.15 11:22:55 27/06/21
25,98.0,23.825,1011.73,5.0,4.15 11:28:10 27/06/21
27,97.8,23.91,1011.7,5.0,4.15 11:33:32 27/06/21
27,97.8,24.01,1011.68,5.0,4.15 11:38:50 27/06/21
29,97.7,24.05,1011.75,5.0,4.15 11:44:05 27/06/21
30,97.5,24.135,1011.62,5.0,4.15 11:49:19 27/06/21
32,97.9,24.305,1011.56,5.0,4.15 11:54:36 27/06/21
36,97.9,24.435,1011.47,5.0,4.15 11:59:52 27/06/21
28,97.8,24.715,1011.49,5.0,4.15 12:05:07 27/06/21
29,97.3,24.835,1011.41,5.0,4.15 12:10:21 27/06/21
32,97.3,25.005001,1011.42,5.0,4.15 12:15:39 27/06/21
32,97.4,25.125,1011.4,5.0,4.15 12:20:54 27/06/21
35,97.2,25.31,1011.33,5.0,4.15 12:26:10 27/06/21
37,96.3,25.49,1011.27,5.0,4.15 12:31:24 27/06/21
37,96.8,25.685001,1011.24,5.0,4.15 12:36:42 27/06/21
39,95.5,25.895,1011.19,5.0,4.15 12:41:57 27/06/21
28,95.1,26.085,1011.15,5.0,4.15 12:47:13 27/06/21
25,94.3,26.125,1011.18,5.0,4.15 12:52:27 27/06/21
28,94.5,26.105,1011.11,5.0,4.15 12:57:44 27/06/21
32,93.9,26.1,1011.04,5.0,4.15 13:03:01 27/06/21
41,95.5,26.195,1011.0,5.0,4.15 13:08:19 27/06/21
39,95.8,26.45,1010.97,5.0,4.15 13:13:33 27/06/21
30,94.5,26.66,1010.98,5.0,4.15 13:18:52 27/06/21
33,94.0,26.7,1010.98,5.0,4.15 13:24:11 27/06/21
30,93.1,26.71,1010.99,5.0,4.15 13:29:29 27/06/21
34,93.4,26.725,1010.99,5.0,4.15 13:34:45 27/06/21
40,93.5,26.725,1010.92,5.0,4.15 13:40:01 27/06/21
28,91.1,26.89,1011.0,5.0,4.15 13:45:15 27/06/21
37,92.7,26.895,1010.99,5.0,4.15 13:50:33 27/06/21
35,90.6,26.925,1010.94,5.0,4.15 13:55:49 27/06/21
31,90.5,26.994999,1010.86,5.0,4.15 14:01:05 27/06/21
32,90.2,26.92,1010.8,5.0,4.15 14:06:21 27/06/21
31,90.8,26.925,1010.82,5.0,4.15 14:11:35 27/06/21
33,90.0,27.02,1010.83,5.0,4.15 14:16:52 27/06/21
37,91.4,27.11,1010.79,5.0,4.14 14:22:08 27/06/21
31,92.1,27.335,1010.78,5.0,4.14 14:27:24 27/06/21
30,91.0,27.39,1010.74,5.0,4.14 14:32:42 27/06/21
27,90.8,27.395,1010.76,5.0,4.14 14:38:00 27/06/21
22,91.0,27.32,1010.69,5.0,4.14 14:43:12 27/06/21
23,90.4,27.225,1010.55,5.0,4.14 14:48:30 27/06/21
25,89.3,27.04,1010.55,5.0,4.14 14:53:46 27/06/21
22,86.7,26.86,1010.62,5.0,4.14 14:59:07 27/06/21
13,88.0,26.67,1010.63,5.0,4.14 15:04:28 27/06/21
24,86.6,26.470001,1010.7,5.0,4.14 15:09:42 27/06/21
25,88.9,26.09,1011.09,5.0,4.14 15:14:58 27/06/21
26,89.3,25.385,1011.41,5.0,4.14 15:20:14 27/06/21
27,86.6,24.705,1011.35,5.0,4.14 15:25:29 27/06/21
33,88.2,24.005,1011.21,5.0,4.14 15:30:54 27/06/21
35,90.2,23.645,1010.92,5.0,4.14 15:36:08 27/06/21
43,91.7,23.494999,1010.66,5.0,4.14 15:41:24 27/06/21
58,92.6,23.474998,1010.52,5.0,4.14 15:46:41 27/06/21
75,95.5,23.67,1010.63,5.0,4.14 15:51:56 27/06/21
43,94.8,23.86,1010.8,5.0,4.14 15:57:11 27/06/21
29,94.6,24.01,1010.97,5.0,4.14 16:02:27 27/06/21
32,94.7,24.035,1010.82,5.0,4.14 16:07:46 27/06/21
24,95.9,24.045,1010.81,5.0,4.14 16:13:10 27/06/21
21,95.2,23.96,1010.73,5.0,4.14 16:18:31 27/06/21
20,94.9,23.925,1010.51,5.0,4.14 16:23:46 27/06/21
21,95.8,23.85,1010.23,5.0,4.14 16:29:02 27/06/21
27,97.2,23.84,1010.23,5.0,4.14 16:34:17 27/06/21
47,96.2,23.91,1010.4,5.0,4.14 16:39:31 27/06/21
26,96.2,24.075,1010.62,5.0,4.14 16:44:46 27/06/21
15,95.6,24.125,1010.79,5.0,4.14 16:50:04 27/06/21
10,95.4,23.915,1010.97,5.0,4.14 16:55:19 27/06/21
11,95.0,23.67,1011.24,5.0,4.14 17:00:43 27/06/21
30,95.0,23.33,1011.35,5.0,4.13 17:06:11 27/06/21
29,95.9,23.119999,1011.26,5.0,4.13 17:11:31 27/06/21
32,97.0,22.725,1011.18,5.0,4.14 17:16:47 27/06/21
35,96.8,22.529999,1011.08,5.0,4.13 17:22:02 27/06/21
35,96.5,22.395,1010.93,5.0,4.13 17:27:15 27/06/21
43,96.0,22.265,1010.84,5.0,4.13 17:32:32 27/06/21
46,96.4,22.18,1010.82,5.0,4.13 17:37:48 27/06/21
49,96.1,22.154999,1010.74,5.0,4.13 17:43:05 27/06/21
45,97.1,22.095001,1010.76,5.0,4.13 17:48:17 27/06/21
49,97.2,22.085,1010.61,5.0,4.13 17:53:33 27/06/21
44,98.5,22.035,1010.61,5.0,4.13 17:58:48 27/06/21
37,98.5,22.075,1010.61,5.0,4.13 18:04:04 27/06/21
34,99.4,22.08,1010.61,5.0,4.13 18:09:19 27/06/21
29,98.9,22.08,1010.69,5.0,4.13 18:14:33 27/06/21
27,98.3,22.025,1010.75,5.0,4.13 18:19:47 27/06/21
36,99.7,22.015,1010.61,5.0,4.13 18:25:04 27/06/21
40,99.3,22.005,1010.57,5.0,4.13 18:30:19 27/06/21
42,99.3,22.0,1010.66,5.0,4.13 18:35:35 27/06/21
33,99.0,21.915,1010.73,5.0,4.13 18:40:48 27/06/21
30,98.7,21.810001,1010.8,5.0,4.13 18:46:09 27/06/21
19,99.7,21.720001,1010.96,5.0,4.13 18:51:29 27/06/21
24,99.8,21.625,1010.99,5.0,4.13 18:56:44 27/06/21
24,99.7,21.505,1010.99,5.0,4.13 19:01:59 27/06/21
25,99.5,21.400002,1010.93,5.0,4.13 19:07:14 27/06/21
29,99.9,21.23,1010.77,5.0,4.13 19:12:29 27/06/21
26,99.7,21.115,1010.5,5.0,4.13 19:17:42 27/06/21
34,98.6,21.005,1010.5,5.0,4.13 19:22:59 27/06/21
35,98.9,20.925,1010.47,5.0,4.13 19:28:12 27/06/21
45,99.9,20.92,1010.51,5.0,4.13 19:33:29 27/06/21
44,99.4,20.985,1010.54,5.0,4.13 19:38:44 27/06/21
47,99.9,21.015,1010.54,5.0,4.13 19:43:59 27/06/21
46,99.9,21.085,1010.4,5.0,4.13 19:49:14 27/06/21
47,99.9,21.095001,1010.28,5.0,4.13 19:54:29 27/06/21
41,99.9,21.119999,1010.32,5.0,4.13 19:59:44 27/06/21
32,99.9,21.18,1010.34,5.0,4.13 20:05:03 27/06/21
30,99.9,21.189999,1010.32,5.0,4.13 20:10:24 27/06/21
30,99.9,21.185001,1010.36,5.0,4.13 20:15:39 27/06/21
28,99.9,21.119999,1010.39,5.0,4.13 20:20:56 27/06/21
26,99.9,21.11,1010.45,5.0,4.13 20:26:08 27/06/21
27,99.9,21.105,1010.54,5.0,4.12 20:31:23 27/06/21
19,99.9,21.09,1010.84,5.0,4.12 20:36:38 27/06/21
22,99.9,21.029999,1011.01,5.0,4.13 20:41:53 27/06/21
21,99.9,21.07,1011.06,5.0,4.12 20:47:08 27/06/21
23,99.9,20.985,1011.19,5.0,4.12 20:52:23 27/06/21
25,99.9,20.905,1011.05,5.0,4.12 20:57:40 27/06/21
23,99.9,20.82,1010.95,5.0,4.12 21:02:53 27/06/21
27,99.9,20.73,1010.87,5.0,4.12 21:08:12 27/06/21
28,99.9,20.71,1010.94,5.0,4.12 21:13:40 27/06/21
25,99.9,20.71,1010.94,5.0,4.12 21:18:55 27/06/21
22,99.9,20.7,1011.01,5.0,4.12 21:24:10 27/06/21
21,99.9,20.689999,1011.0,5.0,4.12 21:29:25 27/06/21
17,99.9,20.625,1011.09,5.0,4.12 21:34:40 27/06/21
18,99.9,20.605,1011.12,5.0,4.12 21:39:56 27/06/21
15,99.9,20.52,1011.25,4.76,4.12 21:45:11 27/06/21
12,99.9,20.425,1011.31,4.6,4.12 21:50:24 27/06/21
11,99.9,20.335,1011.38,4.23,4.12 21:55:40 27/06/21
10,99.9,20.29,1011.37,4.17,4.12 22:00:55 27/06/21
9,99.9,20.2,1011.48,3.43,4.12 22:06:10 27/06/21
9,99.9,20.115,1011.6,3.0,4.12 22:11:28 27/06/21
8,99.9,20.09,1011.72,2.3,4.12 22:16:49 27/06/21
7,99.9,19.99,1011.71,1.68,4.12 22:22:01 27/06/21
7,99.9,19.845001,1011.71,1.18,4.12 22:27:16 27/06/21
6,99.9,19.805,1011.7,0.72,4.12 22:32:33 27/06/21
5,99.9,19.725,1011.72,0.42,4.12 22:37:47 27/06/21
6,99.9,19.685001,1011.71,0.22,4.12 22:43:07 27/06/21
5,99.9,19.599998,1011.68,0.11,4.12 22:48:25 27/06/21
5,99.9,19.57,1011.72,0.05,4.12 22:53:40 27/06/21
5,99.9,19.494999,1011.64,0.02,4.12 22:58:55 27/06/21
5,99.9,19.415,1011.64,0.01,4.12 23:04:14 27/06/21
5,99.9,19.395,1011.59,0.0,4.12 23:09:32 27/06/21
6,99.9,19.32,1011.62,0.0,4.12 23:14:48 27/06/21
6,99.9,19.3,1011.75,0.0,4.12 23:20:06 27/06/21
6,99.9,19.285,1011.72,0.0,4.12 23:25:26 27/06/21
6,99.9,19.27,1011.63,0.0,4.12 23:30:41 27/06/21
6,99.9,19.21,1011.69,0.0,4.12 23:35:53 27/06/21
7,99.9,19.195,1011.65,0.0,4.11 23:41:08 27/06/21
8,99.9,19.175,1011.69,0.0,4.11 23:46:28 27/06/21
8,99.9,19.11,1011.66,0.0,4.11 23:51:48 27/06/21
8,99.9,19.105,1011.71,0.0,4.11 23:57:02 27/06/21
