9,99.9,19.035,1011.7,0.0,4.11 00:02:17 28/06/21
9,99.9,19.02,1011.66,0.0,4.11 00:07:32 28/06/21
9,99.9,19.0,1011.68,0.0,4.11 00:12:46 28/06/21
9,99.9,18.965,1011.67,0.0,4.11 00:18:01 28/06/21
8,99.9,18.895,1011.62,0.0,4.11 00:23:16 28/06/21
8,99.9,18.815,1011.62,0.0,4.11 00:28:34 28/06/21
7,99.9,18.725,1011.64,0.0,4.11 00:33:54 28/06/21
7,99.9,18.630001,1011.62,0.0,4.11 00:39:07 28/06/21
6,99.9,18.595001,1011.68,0.0,4.11 00:44:24 28/06/21
6,99.9,18.57,1011.67,0.0,4.11 00:49:36 28/06/21
5,99.9,18.505,1011.7,0.0,4.11 00:54:50 28/06/21
5,99.9,18.43,1011.72,0.0,4.11 01:00:07 28/06/21
5,99.9,18.385,1011.62,0.0,4.11 01:05:20 28/06/21
4,99.9,18.29,1011.56,0.0,4.11 01:10:37 28/06/21
4,99.9,18.2,1011.43,0.0,4.11 01:15:50 28/06/21
3,99.9,18.11,1011.38,0.0,4.11 01:21:06 28/06/21
3,99.9,18.015,1011.32,0.0,4.11 01:26:24 28/06/21
3,99.9,17.93,1011.31,0.0,4.11 01:31:41 28/06/21
3,99.9,17.905,1011.25,0.0,4.11 01:36:57 28/06/21
3,99.9,17.880001,1011.25,0.0,4.11 01:42:12 28/06/21
2,99.9,17.795,1011.09,0.0,4.11 01:47:24 28/06/21
2,99.9,17.715,1010.92,0.0,4.11 01:52:40 28/06/21
0,99.9,17.689999,1010.81,0.0,4.11 01:57:55 28/06/21
3,99.9,17.68,1010.76,0.0,4.11 02:03:13 28/06/21
2,99.9,17.615,1010.58,0.0,4.11 02:08:36 28/06/21
2,99.9,17.61,1010.55,0.0,4.11 02:13:55 28/06/21
2,99.9,17.59,1010.54,0.0,4.11 02:19:11 28/06/21
2,99.9,17.525,1010.49,0.0,4.11 02:24:23 28/06/21
2,99.9,17.515,1010.42,0.0,4.11 02:29:39 28/06/21
2,99.9,17.515,1010.39,0.0,4.11 02:34:52 28/06/21
2,99.9,17.505,1010.37,0.0,4.11 02:40:11 28/06/21
2,99.9,17.494999,1010.52,0.0,4.11 02:45:33 28/06/21
2,99.9,17.485,1010.6,0.0,4.11 02:50:45 28/06/21
1,99.9,17.415,1010.63,0.0,4.11 02:56:00 28/06/21
2,99.9,17.400002,1010.58,0.0,4.11 03:01:15 28/06/21
2,99.9,17.39,1010.62,0.0,4.1 03:06:32 28/06/21
1,99.9,17.32,1010.66,0.0,4.11 03:11:51 28/06/21
1,99.9,17.3,1010.62,0.0,4.1 03:17:06 28/06/21
1,99.9,17.29,1010.68,0.0,4.11 03:22:20 28/06/21
1,99.9,17.225,1010.76,0.0,4.1 03:27:39 28/06/21
1,99.9,17.205,1010.96,0.0,4.11 03:32:58 28/06/21
1,99.9,17.189999,1011.07,0.0,4.1 03:38:11 28/06/21
1,99.9,17.11,1011.21,0.0,4.1 03:43:26 28/06/21
1,99.9,17.045,1011.18,0.0,4.1 03:48:39 28/06/21
1,99.9,17.02,1011.19,0.0,4.1 03:53:55 28/06/21
1,99.9,16.99,1011.18,0.0,4.1 03:59:13 28/06/21
1,99.9,16.91,1011.15,0.0,4.1 04:04:36 28/06/21
1,99.9,16.89,1011.12,0.0,4.1 04:09:55 28/06/21
1,99.9,16.810001,1011.08,0.0,4.1 04:15:08 28/06/21
1,99.9,16.785,1010.99,0.01,4.1 04:20:25 28/06/21
1,99.9,16.705,1011.03,0.02,4.1 04:25:37 28/06/21
1,99.9,16.625,1010.98,0.05,4.1 04:30:51 28/06/21
1,99.9,16.599998,1010.87,0.1,4.1 04:36:08 28/06/21
1,99.9,16.515,1010.91,0.19,4.1 04:41:21 28/06/21
1,99.9,16.49,1010.87,0.34,4.1 04:46:39 28/06/21
1,99.9,16.465,1010.81,0.61,4.1 04:51:58 28/06/21
1,99.9,16.4,1010.78,1.0,4.1 04:57:13 28/06/21
2,99.9,16.385,1010.85,1.52,4.1 05:02:27 28/06/21
2,99.9,16.32,1010.84,2.13,4.1 05:07:41 28/06/21
3,99.9,16.3,1010.85,3.18,4.1 05:12:56 28/06/21
5,99.9,16.225,1010.76,4.2,4.1 05:18:10 28/06/21
6,99.9,16.195,1010.78,4.17,4.1 05:23:28 28/06/21
7,99.9,16.185001,1010.68,4.21,4.1 05:28:47 28/06/21
9,99.9,16.11,1010.87,4.21,4.1 05:34:02 28/06/21
12,99.9,16.099998,1010.87,4.47,4.1 05:39:15 28/06/21
16,99.9,16.095001,1010.81,4.25,4.1 05:44:29 28/06/21
17,99.9,16.09,1010.79,4.17,4.1 05:49:44 28/06/21
18,99.9,16.154999,1010.66,4.44,4.1 05:54:58 28/06/21
25,99.9,16.119999,1010.63,5.0,4.1 06:00:13 28/06/21
22,99.9,16.185001,1010.65,5.0,4.1 06:05:26 28/06/21
26,99.9,16.205,1010.76,5.0,4.1 06:10:40 28/06/21
25,99.9,16.215,1010.75,4.64,4.1 06:15:55 28/06/21
27,99.9,16.275002,1010.67,4.54,4.1 06:21:10 28/06/21
28,99.9,16.29,1010.71,4.73,4.1 06:26:23 28/06/21
27,99.9,16.295,1010.77,4.41,4.1 06:31:37 28/06/21
26,99.9,16.310001,1010.79,5.0,4.1 06:36:52 28/06/21
33,99.9,16.37,1010.71,4.46,4.1 06:42:06 28/06/21
31,99.9,16.4,1010.72,5.0,4.1 06:47:20 28/06/21
34,99.9,16.485,1010.71,5.0,4.11 06:52:35 28/06/21
57,99.9,16.57,1010.74,4.52,4.11 06:57:49 28/06/21
54,99.9,16.61,1010.73,4.58,4.11 07:03:03 28/06/21
54,99.9,16.744999,1010.66,5.0,4.11 07:08:21 28/06/21
55,99.9,16.87,1010.65,4.36,4.11 07:13:42 28/06/21
50,99.9,17.05,1010.62,5.0,4.12 07:18:53 28/06/21
48,99.9,17.265,1010.75,5.0,4.12 07:24:11 28/06/21
35,99.9,17.61,1010.65,4.22,4.11 07:29:22 28/06/21
31,99.9,17.965,1010.53,4.19,4.11 07:34:39 28/06/21
29,99.9,18.19,1010.45,4.21,4.1 07:39:57 28/06/21
30,99.9,18.4,1010.3,4.16,4.1 07:45:14 28/06/21
34,99.9,18.6,1010.28,4.16,4.11 07:50:30 28/06/21
33,99.9,18.855,1010.21,4.17,4.1 07:55:45 28/06/21
31,99.9,19.125,1010.26,4.21,4.1 08:01:03 28/06/21
24,99.9,19.395,1010.36,4.16,4.1 08:06:23 28/06/21
31,99.9,19.51,1010.32,4.21,4.1 08:11:38 28/06/21
24,99.9,19.71,1010.39,4.21,4.1 08:16:50 28/06/21
27,99.9,19.885,1010.38,4.19,4.1 08:22:08 28/06/21
29,99.9,20.045,1010.35,4.16,4.1 08:27:22 28/06/21
28,99.9,20.27,1010.5,4.2,4.1 08:32:37 28/06/21
27,99.9,20.45,1010.5,4.22,4.1 08:37:55 28/06/21
28,99.9,20.470001,1010.54,4.17,4.1 08:43:14 28/06/21
33,99.9,20.595001,1010.64,4.16,4.1 08:48:35 28/06/21
33,99.9,20.815,1010.66,4.21,4.1 08:53:53 28/06/21
30,99.9,21.015,1010.79,4.18,4.1 08:59:08 28/06/21
22,99.9,21.195,1010.81,4.18,4.1 09:04:23 28/06/21
28,99.9,21.310001,1010.92,4.18,4.1 09:09:38 28/06/21
23,99.9,21.425,1010.93,4.18,4.1 09:14:53 28/06/21
20,99.9,21.485,1010.79,4.17,4.1 09:20:08 28/06/21
24,99.9,21.48,1010.84,4.21,4.1 09:25:23 28/06/21
23,99.9,21.474998,1010.84,4.21,4.1 09:30:38 28/06/21
24,99.9,21.474998,1010.84,4.17,4.1 09:36:02 28/06/21
25,99.9,21.49,1010.78,4.22,4.1 09:41:17 28/06/21
25,99.9,21.555,1010.81,4.16,4.1 09:46:31 28/06/21
26,99.9,21.560001,1010.85,4.16,4.1 09:51:47 28/06/21
24,99.9,21.57,1010.93,4.16,4.1 09:57:02 28/06/21
26,99.9,21.59,1010.97,4.16,4.1 10:02:17 28/06/21
20,99.9,21.67,1011.2,4.21,4.1 10:07:44 28/06/21
12,99.9,21.695,1011.23,4.21,4.1 10:13:05 28/06/21
13,99.9,21.675,1011.11,4.22,4.1 10:18:21 28/06/21
20,99.9,21.654999,1011.23,4.2,4.1 10:23:39 28/06/21
24,99.9,21.585,1011.19,4.23,4.1 10:28:57 28/06/21
22,99.9,21.66,1011.05,4.21,4.1 10:34:16 28/06/21
17,99.9,21.650002,1010.99,4.2,4.1 10:39:27 28/06/21
15,99.9,21.595001,1010.98,4.19,4.1 10:44:44 28/06/21
13,99.9,21.59,1011.01,4.17,4.1 10:49:58 28/06/21
15,99.9,21.515,1010.96,4.2,4.1 10:55:14 28/06/21
16,99.9,21.5,1011.11,4.21,4.1 11:00:29 28/06/21
12,99.9,21.48,1011.13,4.21,4.1 11:05:42 28/06/21
15,99.9,21.415,1011.23,4.21,4.1 11:10:59 28/06/21
19,99.9,21.41,1011.26,4.15,4.1 11:16:14 28/06/21
19,99.9,21.465,1011.25,4.2,4.1 11:21:29 28/06/21
24,99.9,21.474998,1011.36,4.19,4.1 11:26:43 28/06/21
20,99.9,21.49,1011.41,4.2,4.1 11:32:07 28/06/21
19,99.9,21.49,1011.44,4.19,4.1 11:37:22 28/06/21
20,99.9,21.5,1011.49,4.2,4.1 11:42:38 28/06/21
32,99.9,21.43,1011.49,4.21,4.1 11:47:53 28/06/21
42,99.9,21.42,1011.66,4.18,4.1 11:53:06 28/06/21
48,99.9,21.41,1011.59,4.21,4.1 11:58:23 28/06/21
50,99.9,21.415,1011.6,4.17,4.1 12:03:37 28/06/21
45,99.9,21.425,1011.61,4.43,4.1 12:08:57 28/06/21
41,99.9,21.5,1011.61,4.19,4.1 12:14:18 28/06/21
38,99.9,21.494999,1011.64,4.21,4.1 12:19:31 28/06/21
41,99.9,21.435,1011.66,4.23,4.1 12:24:45 28/06/21
46,99.9,21.43,1011.64,4.16,4.1 12:30:02 28/06/21
49,99.9,21.435,1011.51,4.18,4.1 12:35:17 28/06/21
60,99.9,21.494999,1011.42,4.18,4.1 12:40:34 28/06/21
71,99.9,21.515,1011.26,4.17,4.1 12:45:47 28/06/21
67,99.9,21.61,1011.18,4.19,4.1 12:51:01 28/06/21
62,99.9,21.71,1011.0,4.21,4.09 12:56:21 28/06/21
64,99.9,21.805,1011.15,4.21,4.1 13:01:41 28/06/21
70,99.9,21.825,1011.14,4.23,4.1 13:06:55 28/06/21
86,99.9,21.904999,1011.29,4.24,4.1 13:12:11 28/06/21
70,99.9,22.035,1011.34,4.98,4.09 13:17:30 28/06/21
72,99.9,22.220001,1011.21,4.86,4.1 13:22:50 28/06/21
56,99.9,22.474998,1011.35,4.25,4.09 13:28:06 28/06/21
59,99.9,22.67,1011.25,4.19,4.09 13:33:21 28/06/21
48,99.9,22.8,1011.21,4.31,4.09 13:38:35 28/06/21
51,99.9,23.075,1011.27,4.23,4.09 13:43:51 28/06/21
45,99.9,23.439999,1011.25,5.0,4.09 13:49:07 28/06/21
41,99.9,23.67,1011.34,4.93,4.1 13:54:23 28/06/21
44,99.9,23.78,1011.3,4.77,4.1 13:59:39 28/06/21
36,99.9,23.89,1011.29,4.41,4.09 14:04:54 28/06/21
35,99.9,23.994999,1011.19,4.56,4.1 14:10:10 28/06/21
51,99.9,24.015,1011.19,4.22,4.09 14:15:25 28/06/21
47,99.9,24.255001,1011.22,4.45,4.09 14:20:46 28/06/21
49,99.9,24.555,1011.28,4.23,4.09 14:26:04 28/06/21
30,99.9,24.755001,1011.3,4.17,4.1 14:31:19 28/06/21
32,99.9,24.865,1011.33,4.17,4.09 14:36:40 28/06/21
49,99.9,24.965,1011.36,4.24,4.09 14:41:59 28/06/21
28,99.9,25.0,1011.34,4.22,4.09 14:47:13 28/06/21
30,99.9,24.904999,1011.42,4.25,4.09 14:52:30 28/06/21
25,99.9,24.665,1011.37,4.27,4.09 14:57:47 28/06/21
25,99.9,24.435,1011.38,4.18,4.09 15:03:02 28/06/21
27,99.9,24.325,1011.33,4.15,4.09 15:08:17 28/06/21
27,99.9,24.235,1011.44,4.18,4.09 15:13:33 28/06/21
21,99.9,24.115,1011.39,4.34,4.09 15:18:47 28/06/21
21,99.9,23.89,1011.39,4.87,4.1 15:24:04 28/06/21
26,99.9,23.84,1011.4,4.97,4.09 15:29:19 28/06/21
31,99.9,23.845001,1011.46,4.55,4.09 15:34:35 28/06/21
32,99.9,23.974998,1011.38,4.48,4.09 15:39:50 28/06/21
28,99.9,24.075,1011.46,5.0,4.09 15:45:04 28/06/21
21,99.9,24.09,1011.43,4.69,4.09 15:50:21 28/06/21
32,99.9,24.085,1011.41,4.28,4.09 15:55:37 28/06/21
61,99.9,24.16,1011.39,4.3,4.1 16:00:52 28/06/21
26,99.9,24.369999,1011.36,4.33,4.1 16:06:06 28/06/21
43,99.9,24.5,1011.36,5.0,4.09 16:11:24 28/06/21
28,99.9,24.83,1011.32,4.93,4.1 16:16:40 28/06/21
40,99.9,24.884998,1011.3,4.16,4.1 16:21:56 28/06/21
39,99.9,25.055,1011.29,5.0,4.1 16:27:10 28/06/21
19,99.9,25.175,1011.42,4.26,4.1 16:32:25 28/06/21
25,99.9,25.025,1011.42,5.0,4.11 16:37:40 28/06/21
40,99.9,25.0,1011.41,5.0,4.1 16:42:57 28/06/21
36,99.9,25.075,1011.5,5.0,4.1 16:48:11 28/06/21
24,99.9,25.085,1011.54,4.22,4.1 16:53:27 28/06/21
44,99.9,25.025,1011.58,4.89,4.1 16:58:46 28/06/21
34,99.9,25.17,1011.52,4.16,4.1 17:04:00 28/06/21
42,99.9,25.125,1011.51,5.0,4.1 17:09:16 28/06/21
52,99.9,25.28,1011.42,4.57,4.1 17:14:35 28/06/21
28,99.9,25.445,1011.33,4.28,4.1 17:19:54 28/06/21
33,99.2,25.41,1011.22,5.0,4.1 17:25:12 28/06/21
23,99.1,25.39,1011.26,5.0,4.1 17:30:26 28/06/21
22,99.9,25.29,1011.32,5.0,4.1 17:35:43 28/06/21
21,99.7,25.19,1011.36,4.38,4.1 17:40:59 28/06/21
21,99.4,25.04,1011.28,5.0,4.09 17:46:16 28/06/21
20,99.9,24.945,1011.34,4.8,4.1 17:51:30 28/06/21
23,99.9,24.92,1011.3,4.47,4.1 17:56:51 28/06/21
31,99.4,24.845001,1011.23,5.0,4.1 18:02:12 28/06/21
24,99.8,24.815,1011.15,5.0,4.1 18:07:30 28/06/21
32,99.7,24.725,1011.12,5.0,4.1 18:12:51 28/06/21
31,99.9,24.720001,1011.01,4.17,4.1 18:18:04 28/06/21
26,99.5,24.645,1010.95,5.0,4.1 18:23:24 28/06/21
21,99.4,24.630001,1011.01,5.0,4.1 18:28:35 28/06/21
20,99.3,24.55,1010.84,5.0,4.1 18:33:53 28/06/21
20,99.7,24.529999,1010.82,5.0,4.1 18:39:07 28/06/21
19,99.9,24.455,1010.76,5.0,4.1 18:44:22 28/06/21
22,99.9,24.435,1010.77,4.39,4.1 18:49:47 28/06/21
33,99.2,24.43,1010.78,5.0,4.1 18:55:02 28/06/21
15,99.9,24.41,1010.78,5.0,4.1 19:00:18 28/06/21
14,99.7,24.325,1010.75,4.79,4.1 19:05:35 28/06/21
13,99.9,24.244999,1010.75,5.0,4.11 19:10:49 28/06/21
14,99.8,24.220001,1010.7,5.0,4.11 19:16:06 28/06/21
16,99.7,24.195,1010.58,4.22,4.11 19:21:22 28/06/21
14,99.7,24.06,1010.53,4.17,4.11 19:26:40 28/06/21
32,99.9,24.05,1010.5,5.0,4.11 19:32:01 28/06/21
14,99.8,24.029999,1010.45,4.22,4.11 19:37:21 28/06/21
14,99.9,23.97,1010.47,5.0,4.1 19:42:40 28/06/21
13,99.9,23.95,1010.46,5.0,4.1 19:47:54 28/06/21
13,99.9,23.92,1010.41,4.77,4.11 19:53:11 28/06/21
11,99.9,23.85,1010.34,5.0,4.11 19:58:25 28/06/21
13,99.9,23.755001,1010.37,5.0,4.11 20:03:47 28/06/21
12,99.9,23.68,1010.36,4.99,4.11 20:09:09 28/06/21
11,99.9,23.654999,1010.37,4.46,4.11 20:14:25 28/06/21
10,99.9,23.58,1010.35,5.0,4.11 20:19:45 28/06/21
14,99.9,23.494999,1010.36,4.99,4.11 20:25:00 28/06/21
12,99.9,23.47,1010.47,4.26,4.11 20:30:16 28/06/21
11,99.9,23.45,1010.38,4.68,4.11 20:35:32 28/06/21
22,99.9,23.439999,1010.46,5.0,4.11 20:40:45 28/06/21
9,99.9,23.375,1010.52,4.16,4.11 20:46:06 28/06/21
8,99.9,23.35,1010.49,5.0,4.11 20:51:31 28/06/21
15,99.9,23.279999,1010.37,5.0,4.11 20:56:49 28/06/21
16,99.9,23.26,1010.31,5.0,4.11 21:02:06 28/06/21
9,99.9,23.235,1010.44,4.16,4.11 21:07:21 28/06/21
7,99.9,23.154999,1010.36,5.0,4.11 21:12:37 28/06/21
8,99.9,23.085,1010.31,4.88,4.11 21:17:50 28/06/21
5,99.9,23.055,1010.23,5.0,4.11 21:23:07 28/06/21
5,99.9,22.965,1010.3,4.49,4.1 21:28:23 28/06/21
5,99.9,22.87,1010.32,4.64,4.1 21:33:36 28/06/21
3,99.9,22.765,1010.33,4.71,4.11 21:38:52 28/06/21
4,99.9,22.67,1010.32,4.33,4.1 21:44:08 28/06/21
3,99.9,22.57,1010.34,4.23,4.1 21:49:24 28/06/21
2,99.9,22.465,1010.4,4.23,4.1 21:54:37 28/06/21
2,99.9,22.365002,1010.45,4.21,4.1 21:59:54 28/06/21
2,99.9,22.26,1010.38,4.19,4.1 22:05:09 28/06/21
0,99.9,22.175,1010.46,3.1,4.1 22:10:24 28/06/21
0,99.9,22.075,1010.46,1.86,4.1 22:15:44 28/06/21
0,99.9,21.98,1010.43,1.31,4.1 22:21:03 28/06/21
0,99.9,21.939999,1010.4,0.72,4.1 22:26:20 28/06/21
0,99.9,21.795,1010.48,0.39,4.1 22:31:34 28/06/21
0,99.9,21.7,1010.47,0.21,4.1 22:36:49 28/06/21
0,99.9,21.67,1010.45,0.12,4.1 22:42:03 28/06/21
0,99.9,21.575,1010.44,0.06,4.1 22:47:20 28/06/21
0,99.9,21.494999,1010.42,0.03,4.1 22:52:32 28/06/21
0,99.9,21.465,1010.51,0.02,4.1 22:57:52 28/06/21
0,99.9,21.395,1010.56,0.01,4.1 23:03:04 28/06/21
0,99.9,21.37,1010.6,0.0,4.1 23:08:19 28/06/21
0,99.9,21.29,1010.67,0.0,4.1 23:13:34 28/06/21
0,99.9,21.215,1010.78,0.0,4.1 23:18:49 28/06/21
2,99.9,21.185001,1010.75,0.0,4.1 23:24:04 28/06/21
4,99.9,21.154999,1010.79,0.0,4.1 23:29:19 28/06/21
3,99.9,21.08,1010.78,0.0,4.1 23:34:34 28/06/21
4,99.9,21.064999,1010.82,0.0,4.1 23:39:50 28/06/21
3,99.9,20.994999,1010.87,0.0,4.1 23:45:04 28/06/21
2,99.9,20.974998,1010.83,0.0,4.1 23:50:20 28/06/21
0,99.9,20.91,1010.78,0.0,4.1 23:55:39 28/06/21
