0,78.4,6.3199997,1018.36,0.0,4.1 00:03:18 09/03/21
1,78.4,6.265,1018.4,0.0,4.1 00:08:30 09/03/21
0,78.5,6.24,1018.32,0.0,4.1 00:13:48 09/03/21
0,78.7,6.24,1018.32,0.0,4.1 00:19:02 09/03/21
0,78.7,6.225,1018.32,0.0,4.1 00:24:23 09/03/21
0,78.9,6.165,1018.38,0.0,4.1 00:29:40 09/03/21
0,79.1,6.15,1018.29,0.0,4.1 00:34:51 09/03/21
0,79.4,6.1400003,1018.33,0.0,4.1 00:40:10 09/03/21
0,79.8,6.13,1018.23,0.0,4.1 00:45:27 09/03/21
0,80.3,6.125,1018.22,0.0,4.1 00:50:39 09/03/21
0,80.3,6.065,1018.22,0.0,4.1 00:55:54 09/03/21
0,80.8,6.0550003,1018.19,0.0,4.1 01:01:05 09/03/21
5,81.8,6.115,1018.25,0.0,4.1 01:06:21 09/03/21
4,82.4,6.065,1018.24,0.0,4.1 01:11:32 09/03/21
0,81.8,6.0550003,1018.18,0.0,4.1 01:16:47 09/03/21
0,81.9,6.05,1018.15,0.0,4.1 01:21:56 09/03/21
2,83.5,6.035,1018.13,0.0,4.1 01:27:14 09/03/21
1,83.2,6.035,1018.1,0.0,4.1 01:32:31 09/03/21
0,83.8,5.9700003,1018.07,0.0,4.1 01:37:44 09/03/21
1,84.0,5.96,1018.14,0.0,4.1 01:42:55 09/03/21
3,85.0,5.955,1018.14,0.0,4.1 01:48:12 09/03/21
4,84.1,5.9350004,1018.11,0.0,4.1 01:53:26 09/03/21
5,83.7,5.915,1018.1,0.0,4.1 01:58:38 09/03/21
1,86.5,5.865,1018.19,0.0,4.1 02:03:49 09/03/21
1,85.1,5.85,1018.11,0.0,4.1 02:09:05 09/03/21
3,85.9,5.845,1018.02,0.0,4.1 02:14:21 09/03/21
3,87.6,5.84,1017.99,0.0,4.1 02:19:35 09/03/21
0,87.5,5.77,1017.93,0.0,4.1 02:24:48 09/03/21
0,87.7,5.755,1017.86,0.0,4.1 02:30:00 09/03/21
5,87.8,5.74,1017.8,0.0,4.1 02:35:18 09/03/21
0,90.0,5.74,1017.71,0.0,4.1 02:40:35 09/03/21
0,90.2,5.6800003,1017.66,0.0,4.1 02:45:52 09/03/21
10,89.5,5.675,1017.65,0.0,4.1 02:51:10 09/03/21
5,89.3,5.66,1017.59,0.0,4.09 02:56:22 09/03/21
5,90.0,5.65,1017.49,0.0,4.1 03:01:35 09/03/21
4,90.0,5.6400003,1017.56,0.0,4.1 03:06:47 09/03/21
3,89.8,5.63,1017.48,0.0,4.1 03:12:01 09/03/21
1,90.0,5.625,1017.34,0.0,4.1 03:17:24 09/03/21
0,89.1,5.575,1017.32,0.0,4.09 03:22:36 09/03/21
0,90.5,5.5699997,1017.22,0.0,4.09 03:27:48 09/03/21
0,90.2,5.5550003,1017.13,0.0,4.1 03:33:06 09/03/21
0,90.0,5.55,1017.08,0.0,4.09 03:38:20 09/03/21
0,90.5,5.55,1017.02,0.0,4.09 03:43:39 09/03/21
5,89.4,5.485,1016.91,0.0,4.1 03:48:59 09/03/21
3,90.3,5.485,1016.88,0.0,4.09 03:54:16 09/03/21
3,89.6,5.4700003,1016.81,0.0,4.09 03:59:29 09/03/21
5,90.2,5.465,1016.78,0.0,4.1 04:04:43 09/03/21
4,90.7,5.465,1016.74,0.0,4.09 04:09:55 09/03/21
3,90.7,5.455,1016.73,0.0,4.09 04:15:07 09/03/21
4,90.6,5.455,1016.66,0.0,4.09 04:20:25 09/03/21
4,90.9,5.46,1016.66,0.0,4.09 04:25:41 09/03/21
4,90.1,5.44,1016.57,0.0,4.09 04:30:56 09/03/21
4,90.6,5.4350004,1016.54,0.0,4.09 04:36:08 09/03/21
2,91.0,5.44,1016.55,0.0,4.09 04:41:22 09/03/21
3,91.4,5.44,1016.57,0.0,4.09 04:46:35 09/03/21
2,92.1,5.39,1016.51,0.0,4.09 04:51:44 09/03/21
3,91.3,5.38,1016.39,0.0,4.09 04:57:00 09/03/21
5,91.2,5.37,1016.34,0.0,4.09 05:02:12 09/03/21
4,91.3,5.355,1016.28,0.0,4.09 05:07:24 09/03/21
5,91.3,5.3599997,1016.26,0.0,4.09 05:12:37 09/03/21
3,92.7,5.365,1016.17,0.0,4.09 05:17:49 09/03/21
4,92.1,5.355,1016.19,0.0,4.09 05:23:03 09/03/21
5,92.4,5.355,1016.15,0.0,4.09 05:28:22 09/03/21
4,92.2,5.34,1016.08,0.0,4.09 05:33:35 09/03/21
5,92.2,5.285,1016.04,0.0,4.09 05:38:49 09/03/21
6,92.6,5.265,1016.02,0.0,4.09 05:44:01 09/03/21
6,93.7,5.265,1016.0,0.0,4.09 05:49:14 09/03/21
6,93.6,5.2,1016.04,0.0,4.09 05:54:27 09/03/21
6,94.0,5.19,1016.04,0.0,4.09 05:59:41 09/03/21
5,93.3,5.19,1015.97,0.0,4.09 06:04:53 09/03/21
5,92.9,5.17,1015.9,0.0,4.09 06:10:07 09/03/21
5,93.3,5.16,1015.92,0.0,4.09 06:15:20 09/03/21
4,93.6,5.16,1015.9,0.0,4.09 06:20:31 09/03/21
3,93.6,5.09,1015.9,0.0,4.09 06:25:42 09/03/21
3,94.3,5.09,1015.85,0.01,4.09 06:30:57 09/03/21
2,94.3,5.075,1015.87,0.05,4.09 06:36:08 09/03/21
3,94.0,5.0699997,1015.89,0.15,4.09 06:41:22 09/03/21
5,93.8,5.06,1015.8,0.38,4.09 06:46:47 09/03/21
6,93.3,5.065,1015.78,0.86,4.09 06:52:14 09/03/21
5,94.1,5.0699997,1015.79,1.44,4.09 06:57:25 09/03/21
10,94.4,5.06,1015.8,2.1,4.09 07:02:51 09/03/21
9,94.7,5.065,1015.82,2.5,4.09 07:08:08 09/03/21
12,94.7,4.99,1015.69,3.27,4.09 07:13:20 09/03/21
15,94.6,4.99,1015.66,3.58,4.09 07:18:33 09/03/21
17,94.7,4.9700003,1015.6,3.89,4.09 07:23:45 09/03/21
17,94.6,4.9700003,1015.66,3.74,4.09 07:28:59 09/03/21
18,93.8,4.965,1015.63,3.91,4.09 07:34:11 09/03/21
28,94.9,4.9750004,1015.66,4.27,4.09 07:39:36 09/03/21
30,93.7,5.035,1015.67,4.17,4.09 07:44:56 09/03/21
34,94.0,5.04,1015.69,4.62,4.09 07:50:05 09/03/21
33,94.7,5.0550003,1015.71,4.4,4.08 07:55:18 09/03/21
39,94.8,5.06,1015.64,4.83,4.09 08:00:38 09/03/21
37,94.5,5.0699997,1015.72,4.33,4.09 08:05:52 09/03/21
36,94.1,5.0699997,1015.79,4.58,4.09 08:11:07 09/03/21
40,94.3,5.085,1015.84,4.44,4.09 08:16:25 09/03/21
45,95.6,5.105,1015.8,4.86,4.09 08:21:48 09/03/21
41,95.1,5.175,1015.9,5.0,4.09 08:27:11 09/03/21
41,95.5,5.23,1015.93,4.35,4.09 08:32:29 09/03/21
53,93.5,6.1099997,1015.97,5.0,4.08 08:52:17 09/03/21
59,93.5,5.915,1016.0,4.94,4.09 08:57:31 09/03/21
57,95.0,5.6549997,1015.99,5.0,4.09 09:02:39 09/03/21
69,95.8,5.635,1015.89,5.0,4.1 09:07:52 09/03/21
78,96.1,5.585,1015.92,4.18,4.1 09:13:10 09/03/21
71,96.5,5.675,1015.93,5.0,4.1 09:18:18 09/03/21
76,96.4,5.6949997,1015.98,4.27,4.1 09:23:33 09/03/21
78,97.1,5.795,1015.96,5.0,4.1 09:28:50 09/03/21
66,96.7,5.875,1015.98,5.0,4.1 09:34:06 09/03/21
72,96.8,5.8999996,1016.04,5.0,4.1 09:39:20 09/03/21
60,97.4,5.96,1016.03,5.0,4.1 09:44:35 09/03/21
56,97.4,5.985,1016.05,4.16,4.1 09:49:43 09/03/21
65,97.1,5.98,1015.98,4.96,4.1 09:54:58 09/03/21
69,96.8,6.05,1015.94,5.0,4.1 10:00:11 09/03/21
66,97.5,6.08,1015.96,4.16,4.11 10:05:21 09/03/21
75,97.4,6.15,1015.95,5.0,4.1 10:10:35 09/03/21
70,98.0,6.165,1015.91,5.0,4.1 10:15:49 09/03/21
76,96.9,6.175,1015.92,5.0,4.11 10:21:02 09/03/21
68,96.9,6.25,1015.9,4.36,4.1 10:26:14 09/03/21
69,98.0,6.2749996,1015.91,4.16,4.11 10:31:27 09/03/21
63,97.7,6.3,1015.87,5.0,4.1 10:36:39 09/03/21
67,97.0,6.35,1015.85,4.35,4.1 10:41:51 09/03/21
75,98.2,6.38,1015.85,4.2,4.11 10:47:05 09/03/21
81,97.4,6.455,1015.84,5.0,4.12 10:52:20 09/03/21
82,97.6,6.535,1015.84,4.28,4.11 10:57:38 09/03/21
72,97.1,6.575,1015.83,4.22,4.11 11:03:03 09/03/21
73,97.3,6.625,1015.79,5.0,4.11 11:03:12 09/03/21
69,96.9,7.535,1015.81,4.17,4.12 11:22:53 09/03/21
68,96.8,7.535,1015.78,5.0,4.13 11:28:13 09/03/21
55,98.2,7.42,1015.82,5.0,4.13 11:33:34 09/03/21
70,98.3,7.375,1015.89,4.17,4.13 11:38:50 09/03/21
51,98.7,7.38,1015.87,4.53,4.13 11:44:03 09/03/21
50,98.6,7.445,1015.82,4.41,4.11 11:49:21 09/03/21
48,98.4,7.455,1015.79,5.0,4.13 11:54:39 09/03/21
56,98.1,7.4700003,1015.78,5.0,4.14 11:59:51 09/03/21
56,98.5,7.535,1015.74,5.0,4.13 12:05:12 09/03/21
50,98.6,7.645,1015.76,5.0,4.14 12:10:25 09/03/21
56,98.2,7.675,1015.79,4.47,4.14 12:15:40 09/03/21
40,98.9,7.75,1015.84,5.0,4.13 12:20:52 09/03/21
33,99.3,7.755,1015.8,4.7,4.13 12:26:09 09/03/21
35,98.6,7.745,1015.8,5.0,4.12 12:31:26 09/03/21
86,99.2,7.69,1015.76,4.47,4.14 12:36:38 09/03/21
91,99.5,7.75,1015.8,4.37,4.16 12:41:50 09/03/21
71,99.9,7.785,1015.71,4.28,4.16 12:47:03 09/03/21
72,99.8,7.88,1015.86,4.31,4.16 12:52:18 09/03/21
58,99.5,7.9700003,1015.86,4.79,4.15 12:57:39 09/03/21
60,99.2,8.06,1015.89,4.35,4.15 13:02:55 09/03/21
59,99.3,8.075,1015.85,4.22,4.15 13:08:10 09/03/21
66,99.9,8.165,1015.84,5.0,4.17 13:13:27 09/03/21
73,99.9,8.255,1015.69,4.38,4.19 13:18:39 09/03/21
72,99.9,8.37,1015.75,4.29,4.19 13:23:53 09/03/21
75,99.9,8.56,1015.65,4.29,4.2 13:29:10 09/03/21
69,99.9,8.79,1015.62,4.34,4.21 13:34:18 09/03/21
75,99.8,8.975,1015.6,4.45,4.21 13:39:33 09/03/21
71,99.4,9.075,1015.49,5.0,4.17 13:44:46 09/03/21
54,99.0,9.085,1015.39,5.0,4.16 13:50:03 09/03/21
29,98.5,8.985001,1015.34,5.0,4.16 13:55:22 09/03/21
43,98.6,8.889999,1015.27,5.0,4.16 14:00:34 09/03/21
54,98.6,8.85,1015.21,5.0,4.16 14:05:48 09/03/21
50,98.9,8.860001,1015.18,5.0,4.16 14:11:00 09/03/21
58,99.1,8.87,1015.14,5.0,4.16 14:16:14 09/03/21
63,98.9,8.88,1015.18,5.0,4.16 14:21:28 09/03/21
45,99.0,8.945,1015.22,5.0,4.16 14:26:43 09/03/21
47,99.1,8.945,1015.58,5.0,4.16 14:32:07 09/03/21
63,97.2,8.695,1015.55,5.0,4.15 14:37:37 09/03/21
59,97.2,8.325,1015.44,5.0,4.15 14:42:53 09/03/21
66,97.9,8.11,1015.48,5.0,4.15 14:48:15 09/03/21
52,97.7,7.92,1015.41,5.0,4.15 14:53:32 09/03/21
55,98.1,7.87,1015.34,5.0,4.15 14:58:43 09/03/21
58,98.3,7.7699995,1015.4,5.0,4.15 15:03:58 09/03/21
65,98.6,7.695,1015.33,5.0,4.15 15:09:16 09/03/21
79,99.3,7.695,1015.37,5.0,4.15 15:14:31 09/03/21
68,99.9,7.7650003,1015.39,5.0,4.15 15:19:52 09/03/21
83,99.9,7.845,1015.44,5.0,4.15 15:25:20 09/03/21
68,99.1,7.935,1015.47,5.0,4.15 15:30:36 09/03/21
50,99.8,7.965,1015.51,5.0,4.15 15:35:47 09/03/21
59,99.5,7.98,1015.37,5.0,4.15 15:41:08 09/03/21
60,98.8,8.045,1015.41,5.0,4.15 15:46:35 09/03/21
58,98.7,8.065,1015.47,5.0,4.15 15:51:56 09/03/21
51,98.5,8.12,1015.51,5.0,4.15 15:57:18 09/03/21
55,98.7,8.125,1015.5,5.0,4.15 16:02:44 09/03/21
40,98.5,8.13,1015.45,5.0,4.15 16:07:56 09/03/21
47,98.3,8.065,1015.41,5.0,4.15 16:13:11 09/03/21
52,98.6,8.06,1015.37,5.0,4.14 16:18:24 09/03/21
45,98.2,8.06,1015.44,5.0,4.14 16:23:39 09/03/21
50,98.3,8.06,1015.46,5.0,4.15 16:29:00 09/03/21
47,99.3,8.065,1015.45,5.0,4.15 16:34:13 09/03/21
49,99.5,8.07,1015.46,5.0,4.15 16:39:26 09/03/21
66,99.9,8.08,1015.43,5.0,4.14 16:44:38 09/03/21
67,98.8,8.125,1015.41,5.0,4.14 16:49:55 09/03/21
64,99.6,8.155001,1015.36,5.0,4.14 16:55:14 09/03/21
57,98.9,8.165,1015.38,5.0,4.14 17:00:25 09/03/21
55,98.8,8.165,1015.45,5.0,4.14 17:05:41 09/03/21
49,98.6,8.17,1015.49,5.0,4.14 17:11:00 09/03/21
42,98.5,8.16,1015.46,5.0,4.14 17:16:23 09/03/21
37,99.0,8.17,1015.51,5.0,4.14 17:21:33 09/03/21
45,99.9,8.165,1015.5,5.0,4.14 17:26:46 09/03/21
49,98.9,8.13,1015.47,5.0,4.14 17:32:03 09/03/21
45,98.7,8.07,1015.45,5.0,4.14 17:37:21 09/03/21
41,99.0,8.065,1015.57,5.0,4.14 17:42:43 09/03/21
31,99.2,8.055,1015.63,4.69,4.14 17:48:01 09/03/21
28,99.2,7.9900002,1015.68,4.21,4.14 17:53:27 09/03/21
19,97.6,8.434999,1015.89,3.59,4.13 18:13:02 09/03/21
17,98.2,8.225,1015.92,3.06,4.13 18:18:20 09/03/21
16,98.8,8.005,1015.95,2.8,4.13 18:23:40 09/03/21
13,98.8,7.85,1016.05,2.27,4.13 18:28:55 09/03/21
10,99.1,7.7650003,1016.1,1.71,4.13 18:34:11 09/03/21
7,99.2,7.685,1016.09,1.01,4.13 18:39:23 09/03/21
7,99.2,7.66,1016.2,0.46,4.13 18:44:37 09/03/21
5,99.3,7.64,1016.28,0.18,4.13 18:49:50 09/03/21
5,99.3,7.575,1016.3,0.13,4.13 18:55:04 09/03/21
5,99.3,7.55,1016.35,0.07,4.13 19:00:17 09/03/21
4,99.7,7.54,1016.38,0.05,4.13 19:05:30 09/03/21
4,99.9,7.54,1016.45,0.01,4.13 19:10:43 09/03/21
4,99.9,7.42,1016.39,0.0,4.13 19:15:57 09/03/21
3,99.8,7.4,1016.44,0.0,4.13 19:21:18 09/03/21
4,99.9,7.3849998,1016.48,0.0,4.13 19:26:31 09/03/21
4,99.9,7.3199997,1016.61,0.0,4.13 19:31:53 09/03/21
4,99.6,7.35,1016.73,0.0,4.13 19:37:05 09/03/21
3,99.9,7.2749996,1016.74,0.0,4.12 19:42:18 09/03/21
3,99.6,7.205,1016.78,0.0,4.13 19:47:33 09/03/21
3,99.9,7.19,1016.75,0.0,4.13 19:52:44 09/03/21
3,99.7,7.175,1016.82,0.0,4.13 19:58:00 09/03/21
3,99.5,7.16,1016.87,0.0,4.13 20:03:09 09/03/21
3,99.7,7.0950003,1016.88,0.0,4.13 20:08:23 09/03/21
3,99.4,7.08,1016.88,0.0,4.12 20:13:34 09/03/21
4,99.8,7.0150003,1016.82,0.0,4.13 20:18:47 09/03/21
3,99.5,6.995,1016.76,0.0,4.12 20:24:01 09/03/21
3,99.7,6.98,1016.82,0.0,4.13 20:29:15 09/03/21
3,99.3,6.96,1016.94,0.0,4.12 20:34:41 09/03/21
4,99.4,6.91,1016.83,0.0,4.12 20:40:04 09/03/21
3,99.1,6.885,1016.69,0.0,4.12 20:45:20 09/03/21
3,99.3,6.87,1016.73,0.0,4.12 20:50:32 09/03/21
4,99.2,6.81,1016.73,0.0,4.12 20:55:52 09/03/21
4,99.2,6.795,1016.79,0.0,4.12 21:01:12 09/03/21
4,99.3,6.785,1016.83,0.0,4.12 21:06:35 09/03/21
4,99.1,6.7749996,1016.9,0.0,4.12 21:11:48 09/03/21
4,99.3,6.76,1017.03,0.0,4.12 21:17:07 09/03/21
3,99.3,6.705,1017.11,0.0,4.12 21:22:24 09/03/21
4,99.3,6.75,1017.13,0.0,4.12 21:27:37 09/03/21
4,99.7,6.6949997,1017.11,0.0,4.12 21:32:55 09/03/21
3,99.4,6.6949997,1017.23,0.0,4.12 21:38:10 09/03/21
4,99.5,6.685,1017.21,0.0,4.12 21:43:22 09/03/21
4,99.4,6.675,1017.17,0.0,4.12 21:48:36 09/03/21
4,99.7,6.67,1017.19,0.0,4.12 21:53:49 09/03/21
4,99.8,6.6549997,1017.08,0.0,4.12 21:59:03 09/03/21
4,99.5,6.6400003,1017.0,0.0,4.12 22:04:16 09/03/21
4,99.3,6.575,1016.93,0.0,4.12 22:09:28 09/03/21
5,99.6,6.51,1016.92,0.0,4.12 22:14:42 09/03/21
5,99.3,6.48,1016.88,0.0,4.12 22:19:57 09/03/21
5,99.2,6.46,1016.89,0.0,4.12 22:25:07 09/03/21
6,99.1,6.3599997,1016.83,0.0,4.12 22:30:20 09/03/21
6,99.1,6.27,1016.82,0.0,4.12 22:35:32 09/03/21
7,99.1,6.165,1016.76,0.0,4.12 22:40:46 09/03/21
8,98.9,6.075,1016.72,0.0,4.12 22:46:02 09/03/21
6,98.9,5.98,1016.61,0.0,4.12 22:51:20 09/03/21
8,98.9,5.89,1016.59,0.0,4.11 22:56:35 09/03/21
7,98.9,5.8050003,1016.61,0.0,4.12 23:01:44 09/03/21
9,99.0,5.7200003,1016.64,0.0,4.12 23:07:01 09/03/21
7,99.4,5.685,1016.59,0.0,4.12 23:12:10 09/03/21
8,99.5,5.605,1016.7,0.0,4.12 23:17:26 09/03/21
7,99.1,5.575,1016.63,0.0,4.12 23:22:37 09/03/21
6,99.0,5.485,1016.58,0.0,4.12 23:27:48 09/03/21
7,98.8,5.375,1016.62,0.0,4.12 23:33:02 09/03/21
7,98.9,5.265,1016.63,0.0,4.11 23:38:19 09/03/21
6,98.7,5.105,1016.63,0.0,4.12 23:43:37 09/03/21
5,98.7,5.0150003,1016.61,0.0,4.11 23:48:48 09/03/21
6,98.8,4.9750004,1016.44,0.0,4.11 23:54:03 09/03/21
4,98.7,4.895,1016.42,0.0,4.11 23:59:14 09/03/21
