19,87.7,8.315001,1005.56,4.84,3.96 07:43:11 12/03/21
27,89.9,7.855,1005.52,5.0,3.97 07:48:25 12/03/21
28,91.2,7.54,1005.47,5.0,3.97 07:53:38 12/03/21
38,92.3,7.38,1005.44,4.55,3.97 07:58:59 12/03/21
30,92.3,7.375,1005.43,4.14,3.98 08:04:11 12/03/21
31,92.3,7.355,1005.44,5.0,3.98 08:09:26 12/03/21
37,92.5,7.36,1005.33,4.04,3.98 08:14:37 12/03/21
39,92.9,7.37,1005.36,5.0,3.99 08:19:52 12/03/21
38,93.0,7.435,1005.34,5.0,3.99 08:25:03 12/03/21
39,93.0,7.4700003,1005.36,4.41,3.98 08:30:17 12/03/21
42,93.2,7.485,1005.41,4.59,3.98 08:35:33 12/03/21
37,93.4,7.5649996,1005.4,5.0,3.99 08:40:41 12/03/21
39,93.5,7.585,1005.49,4.07,3.99 08:45:56 12/03/21
55,93.4,7.665,1005.52,5.0,3.99 08:51:07 12/03/21
61,93.3,7.69,1005.53,4.06,3.99 08:56:20 12/03/21
43,93.2,7.7749996,1005.59,4.06,4.0 09:01:35 12/03/21
43,93.6,7.855,1005.61,5.0,4.0 09:06:46 12/03/21
48,93.5,7.87,1005.62,4.2,4.0 09:12:01 12/03/21
49,93.5,7.96,1005.68,5.0,4.0 09:17:14 12/03/21
43,93.5,7.98,1005.61,4.14,3.99 09:22:26 12/03/21
46,93.4,8.06,1005.64,4.24,4.0 09:27:39 12/03/21
56,93.4,8.139999,1005.55,4.95,4.01 09:32:52 12/03/21
58,93.5,8.18,1005.51,4.12,4.02 09:38:04 12/03/21
48,93.7,8.355,1005.6,4.15,4.01 09:43:18 12/03/21
48,93.3,8.4,1005.61,5.0,4.01 09:48:32 12/03/21
58,93.1,8.465,1005.44,4.13,4.02 09:53:46 12/03/21
57,93.3,8.555,1005.45,4.2,4.03 09:58:58 12/03/21
48,93.1,8.595,1005.32,5.0,4.02 10:04:16 12/03/21
43,92.8,8.6,1005.43,4.11,4.01 10:09:32 12/03/21
33,92.9,8.59,1005.37,4.75,4.0 10:14:47 12/03/21
38,92.8,8.58,1005.42,5.0,4.0 10:19:58 12/03/21
43,92.8,8.555,1005.35,4.72,4.01 10:25:11 12/03/21
57,93.0,8.485001,1005.21,4.23,4.02 10:30:26 12/03/21
58,93.2,8.56,1005.07,4.21,4.03 10:35:38 12/03/21
52,93.2,8.65,1005.01,4.14,4.03 10:40:51 12/03/21
56,93.1,8.75,1004.93,4.15,4.04 10:46:10 12/03/21
59,93.2,8.87,1004.9,4.43,4.05 10:51:26 12/03/21
63,92.6,9.035,1004.78,4.21,4.05 10:56:39 12/03/21
56,92.8,9.155001,1004.76,5.0,4.03 11:01:57 12/03/21
52,92.3,9.255,1004.78,4.09,4.03 11:07:16 12/03/21
53,92.0,9.195,1004.74,5.0,4.03 11:12:29 12/03/21
60,92.4,9.25,1004.6,4.1,4.05 11:17:42 12/03/21
63,92.0,9.325,1004.46,4.17,4.06 11:22:55 12/03/21
59,92.3,9.434999,1004.41,5.0,4.06 11:28:07 12/03/21
67,92.1,9.545,1004.26,4.18,4.08 11:33:19 12/03/21
55,91.8,9.65,1004.24,5.0,4.05 11:38:34 12/03/21
48,91.7,9.665,1004.21,4.14,4.04 11:43:49 12/03/21
40,91.4,9.675,1004.16,5.0,4.04 11:49:02 12/03/21
47,91.0,9.575,1004.17,4.12,4.05 11:54:14 12/03/21
67,91.4,9.575,1004.17,4.64,4.07 11:59:27 12/03/21
49,91.1,9.645,1004.08,4.41,4.04 12:04:46 12/03/21
52,90.6,9.645,1003.99,4.19,4.05 12:10:06 12/03/21
33,91.0,9.65,1003.86,4.75,4.03 12:15:26 12/03/21
44,91.0,9.65,1003.82,4.16,4.03 12:20:38 12/03/21
38,91.0,9.639999,1003.84,4.09,4.04 12:25:52 12/03/21
48,90.9,9.575,1003.79,4.17,4.04 12:31:04 12/03/21
43,90.7,9.559999,1003.78,4.09,4.04 12:36:21 12/03/21
55,91.0,9.565,1003.67,5.0,4.04 12:41:38 12/03/21
51,91.2,9.639999,1003.6,4.1,4.04 12:46:53 12/03/21
31,91.0,9.65,1003.44,5.0,4.03 12:52:09 12/03/21
29,90.5,9.63,1003.45,5.0,4.03 12:57:26 12/03/21
22,90.7,9.575,1003.51,4.73,4.03 13:02:40 12/03/21
32,90.8,9.559999,1003.38,4.27,4.03 13:07:53 12/03/21
44,90.8,9.555,1003.19,4.2,4.04 13:13:07 12/03/21
44,90.7,9.549999,1002.98,4.09,4.04 13:18:27 12/03/21
59,90.9,9.63,1002.86,4.2,4.05 13:23:43 12/03/21
52,90.9,9.71,1002.75,4.15,4.05 13:28:54 12/03/21
48,90.6,9.745001,1002.68,4.19,4.04 13:34:18 12/03/21
82,90.8,9.844999,1002.57,5.0,4.04 13:39:34 12/03/21
69,90.6,9.85,1002.41,4.18,4.05 13:44:51 12/03/21
63,90.6,9.87,1002.28,4.18,4.05 13:50:05 12/03/21
53,90.5,9.875,1002.2,4.64,4.04 13:55:23 12/03/21
40,90.3,9.940001,1002.32,4.16,4.04 14:00:42 12/03/21
79,91.5,9.875,1002.17,4.09,4.04 14:05:54 12/03/21
49,91.7,9.855,1002.16,4.18,4.04 14:11:08 12/03/21
43,92.1,9.775,1002.12,5.0,4.03 14:16:22 12/03/21
62,92.4,9.67,1001.98,5.0,4.05 14:21:33 12/03/21
64,92.8,9.6,1001.94,4.21,4.05 14:26:47 12/03/21
79,93.3,9.605,1001.92,4.17,4.06 14:32:01 12/03/21
82,93.4,9.665,1001.73,4.15,4.06 14:37:16 12/03/21
73,93.3,9.68,1001.63,4.14,4.06 14:42:27 12/03/21
60,93.2,9.77,1001.6,5.0,4.05 14:47:39 12/03/21
64,93.2,9.785,1001.44,5.0,4.06 14:52:55 12/03/21
55,93.2,9.79,1001.41,5.0,4.05 14:58:06 12/03/21
54,93.1,9.795,1001.44,4.45,4.05 15:03:20 12/03/21
53,92.9,9.860001,1001.31,4.19,4.05 15:08:34 12/03/21
52,92.8,9.79,1001.3,5.0,4.05 15:13:47 12/03/21
41,92.6,9.765,1001.22,5.0,4.05 15:19:00 12/03/21
37,92.6,9.77,1001.12,4.14,4.04 15:24:14 12/03/21
35,92.3,9.705,1001.06,5.0,4.05 15:29:25 12/03/21
49,92.4,9.690001,1001.14,4.49,4.06 15:34:39 12/03/21
51,92.3,9.75,1000.99,4.15,4.05 15:39:54 12/03/21
49,92.4,9.785,1000.9,4.5,4.06 15:45:08 12/03/21
44,92.5,9.860001,1000.72,5.0,4.06 15:50:19 12/03/21
44,92.2,9.88,1000.66,5.0,4.06 15:55:33 12/03/21
41,92.1,9.940001,1000.78,5.0,4.06 16:00:45 12/03/21
41,92.0,9.950001,1001.04,5.0,4.06 16:05:58 12/03/21
33,91.7,9.950001,1001.1,4.2,4.05 16:11:20 12/03/21
37,91.6,9.950001,1000.91,4.44,4.05 16:16:34 12/03/21
34,91.6,9.889999,1000.97,5.0,4.05 16:21:49 12/03/21
44,91.6,9.885,1000.86,5.0,4.04 16:27:03 12/03/21
29,91.6,9.865,1000.71,5.0,4.05 16:32:18 12/03/21
27,91.8,9.860001,1000.69,4.54,4.05 16:37:29 12/03/21
35,91.9,9.785,1000.69,4.1,4.05 16:42:43 12/03/21
50,92.1,9.775,1000.43,4.31,4.05 16:47:54 12/03/21
30,92.2,9.765,1000.49,4.1,4.05 16:53:11 12/03/21
33,92.4,9.755,1000.56,5.0,4.04 16:58:30 12/03/21
35,92.4,9.695,1000.44,4.19,4.05 17:03:43 12/03/21
30,92.4,9.695,1000.38,5.0,4.05 17:08:57 12/03/21
29,92.4,9.7,1000.35,4.32,4.05 17:14:08 12/03/21
31,92.3,9.675,1000.36,4.31,4.05 17:19:23 12/03/21
30,92.4,9.61,1000.37,4.45,4.05 17:24:35 12/03/21
25,92.5,9.655001,1000.3,4.73,4.05 17:29:48 12/03/21
28,92.4,9.6,1000.33,4.66,4.05 17:35:02 12/03/21
28,92.3,9.594999,1000.35,5.0,4.04 17:40:15 12/03/21
22,92.3,9.58,1000.44,5.0,4.04 17:45:28 12/03/21
15,92.2,9.565,1000.4,4.74,4.04 17:50:47 12/03/21
30,92.0,9.485001,1000.48,4.77,4.04 17:56:06 12/03/21
22,92.0,9.41,1000.45,4.18,4.05 18:01:16 12/03/21
23,92.0,9.355,1000.25,4.1,4.05 18:06:32 12/03/21
19,92.0,9.305,1000.34,5.0,4.04 18:11:44 12/03/21
14,92.0,9.285,1000.38,5.0,4.04 18:17:01 12/03/21
12,92.0,9.2,1000.35,4.63,4.04 18:22:11 12/03/21
11,92.1,9.165,1000.35,4.48,4.04 18:27:24 12/03/21
6,92.2,9.094999,1000.37,3.77,4.04 18:32:38 12/03/21
3,92.2,9.08,1000.43,3.03,4.04 18:37:49 12/03/21
2,92.2,9.075,1000.64,2.7,4.04 18:43:09 12/03/21
1,92.2,9.0,1000.71,2.1,4.04 18:48:24 12/03/21
0,92.4,8.975,1000.76,1.46,4.04 18:53:46 12/03/21
0,92.3,8.91,1000.77,0.88,4.04 18:59:00 12/03/21
0,92.4,8.875,1000.72,0.37,4.04 19:04:12 12/03/21
0,92.6,8.780001,1000.88,0.12,4.04 19:09:28 12/03/21
0,92.6,8.77,1000.87,0.04,4.04 19:14:41 12/03/21
0,92.7,8.77,1000.81,0.01,4.04 19:19:52 12/03/21
0,92.8,8.75,1000.79,0.0,4.04 19:25:06 12/03/21
0,92.7,8.7,1000.87,0.0,4.04 19:30:23 12/03/21
0,92.9,8.690001,1000.82,0.0,4.04 19:35:33 12/03/21
0,93.0,8.68,1000.9,0.0,4.04 19:40:45 12/03/21
0,92.9,8.675,1000.87,0.0,4.04 19:45:59 12/03/21
0,92.9,8.6,1000.92,0.0,4.04 19:51:10 12/03/21
0,93.0,8.58,1000.86,0.0,4.03 19:56:24 12/03/21
0,92.9,8.58,1000.92,0.0,4.04 20:01:38 12/03/21
0,92.8,8.51,1000.95,0.0,4.04 20:06:50 12/03/21
0,92.8,8.49,1000.95,0.0,4.04 20:12:05 12/03/21
0,92.6,8.47,1000.89,0.0,4.04 20:17:18 12/03/21
0,92.3,8.46,1000.83,0.0,4.04 20:22:30 12/03/21
0,92.2,8.389999,1000.81,0.0,4.04 20:27:54 12/03/21
0,92.0,8.38,1000.76,0.0,4.04 20:33:11 12/03/21
0,92.0,8.37,1000.84,0.0,4.04 20:38:27 12/03/21
0,92.1,8.28,1000.88,0.0,4.04 20:43:48 12/03/21
0,92.0,8.26,1000.89,0.0,4.04 20:49:07 12/03/21
0,92.0,8.190001,1000.86,0.0,4.04 20:54:28 12/03/21
0,91.8,8.18,1000.97,0.0,4.03 20:59:45 12/03/21
0,91.7,8.15,1000.79,0.0,4.04 21:04:58 12/03/21
0,91.7,8.09,1000.83,0.0,4.03 21:10:11 12/03/21
0,91.7,8.09,1000.8,0.0,4.04 21:15:27 12/03/21
0,91.7,8.08,1000.8,0.0,4.03 21:20:36 12/03/21
0,91.8,8.075,1000.8,0.0,4.04 21:25:49 12/03/21
0,92.0,8.07,1000.84,0.0,4.03 21:31:02 12/03/21
0,92.1,8.085,1000.79,0.0,4.04 21:36:15 12/03/21
0,92.3,8.155001,1000.87,0.0,4.04 21:41:29 12/03/21
0,92.3,8.17,1000.86,0.0,4.03 21:46:43 12/03/21
0,92.4,8.195,1000.85,0.0,4.04 21:51:59 12/03/21
0,92.5,8.26,1000.92,0.0,4.04 21:57:07 12/03/21
0,92.5,8.26,1000.9,0.0,4.03 22:02:21 12/03/21
0,92.7,8.18,1000.84,0.0,4.03 22:07:34 12/03/21
0,92.7,8.17,1000.86,0.0,4.03 22:12:49 12/03/21
0,92.8,8.17,1000.77,0.0,4.03 22:18:02 12/03/21
0,92.7,8.165,1000.84,0.0,4.03 22:23:15 12/03/21
0,92.8,8.09,1000.81,0.0,4.03 22:28:32 12/03/21
0,92.8,8.08,1000.83,0.0,4.03 22:33:53 12/03/21
0,92.7,8.06,1000.78,0.0,4.03 22:39:11 12/03/21
0,92.9,7.98,1000.88,0.0,4.03 22:44:24 12/03/21
0,92.9,7.96,1000.81,0.0,4.04 22:49:35 12/03/21
0,93.1,7.89,1000.84,0.0,4.04 22:54:49 12/03/21
0,93.3,7.875,1000.83,0.0,4.03 23:00:02 12/03/21
0,93.2,7.88,1000.79,0.0,4.03 23:05:15 12/03/21
0,93.3,7.88,1000.75,0.0,4.03 23:10:28 12/03/21
0,93.5,7.88,1000.58,0.0,4.03 23:15:44 12/03/21
0,93.5,7.89,1000.55,0.0,4.03 23:20:59 12/03/21
0,93.5,7.965,1000.64,0.0,4.03 23:26:15 12/03/21
0,93.6,7.96,1000.6,0.0,4.03 23:31:28 12/03/21
0,93.7,7.9700003,1000.56,0.0,4.03 23:36:41 12/03/21
0,93.7,8.045,1000.55,0.0,4.03 23:41:57 12/03/21
0,93.6,8.065,1000.46,0.0,4.03 23:47:11 12/03/21
0,93.7,8.08,1000.47,0.0,4.03 23:52:23 12/03/21
0,93.8,8.139999,1000.33,0.0,4.03 23:57:34 12/03/21
