0,99.9,7.255,1009.14,0.0,4.09 00:02:53 15/03/21
0,99.9,7.2,1009.05,0.0,4.09 00:08:12 15/03/21
0,99.9,7.19,1008.95,0.0,4.09 00:13:27 15/03/21
0,99.9,7.1800003,1008.89,0.0,4.09 00:18:43 15/03/21
0,99.9,7.105,1008.82,0.0,4.09 00:23:59 15/03/21
0,99.9,7.105,1008.77,0.0,4.09 00:29:17 15/03/21
0,99.9,7.15,1008.78,0.0,4.09 00:34:29 15/03/21
1,99.9,7.085,1008.69,0.0,4.09 00:39:41 15/03/21
0,99.9,7.08,1008.56,0.0,4.09 00:44:55 15/03/21
0,99.9,7.01,1008.41,0.0,4.09 00:50:06 15/03/21
0,99.9,6.985,1008.28,0.0,4.09 00:55:20 15/03/21
0,99.9,6.9700003,1008.25,0.0,4.09 01:00:33 15/03/21
0,99.9,6.89,1008.15,0.0,4.09 01:05:46 15/03/21
0,99.9,6.88,1008.02,0.0,4.09 01:10:58 15/03/21
0,99.9,6.87,1007.94,0.0,4.09 01:16:15 15/03/21
0,99.9,6.87,1007.97,0.0,4.09 01:21:26 15/03/21
0,99.9,6.875,1007.86,0.0,4.09 01:26:43 15/03/21
0,99.9,6.8199997,1007.79,0.0,4.09 01:32:05 15/03/21
0,99.9,6.875,1007.77,0.0,4.09 01:37:21 15/03/21
0,99.9,6.8599997,1007.69,0.0,4.09 01:42:34 15/03/21
0,99.9,6.855,1007.6,0.0,4.09 01:47:47 15/03/21
0,99.9,6.865,1007.58,0.0,4.09 01:52:59 15/03/21
0,99.9,6.8599997,1007.49,0.0,4.09 01:58:14 15/03/21
0,99.9,6.875,1007.37,0.0,4.09 02:03:24 15/03/21
0,99.9,6.875,1007.31,0.0,4.09 02:08:39 15/03/21
0,99.9,6.89,1007.31,0.0,4.09 02:13:52 15/03/21
0,99.9,6.895,1007.12,0.0,4.09 02:19:05 15/03/21
0,99.9,6.895,1007.07,0.0,4.09 02:24:17 15/03/21
0,99.9,6.965,1007.04,0.0,4.09 02:29:31 15/03/21
0,99.9,6.9700003,1007.0,0.0,4.09 02:34:43 15/03/21
0,99.9,6.985,1007.0,0.0,4.09 02:40:03 15/03/21
0,99.9,7.05,1006.95,0.0,4.09 02:45:20 15/03/21
0,99.9,7.08,1006.9,0.0,4.09 02:50:37 15/03/21
0,99.9,7.1549997,1006.9,0.0,4.09 02:55:51 15/03/21
0,99.9,7.1549997,1006.94,0.0,4.09 03:01:07 15/03/21
0,99.9,7.16,1006.88,0.0,4.09 03:06:16 15/03/21
0,99.9,7.1800003,1006.84,0.0,4.09 03:11:31 15/03/21
0,99.9,7.1800003,1006.9,0.0,4.09 03:16:48 15/03/21
0,99.9,7.2,1006.89,0.0,4.09 03:22:05 15/03/21
0,99.9,7.255,1006.85,0.0,4.08 03:27:18 15/03/21
0,99.9,7.265,1006.91,0.0,4.09 03:32:31 15/03/21
0,99.9,7.265,1006.86,0.0,4.08 03:37:43 15/03/21
0,99.9,7.27,1006.9,0.0,4.09 03:42:56 15/03/21
0,99.9,7.27,1006.89,0.0,4.08 03:48:09 15/03/21
0,99.9,7.2799997,1006.95,0.0,4.08 03:53:24 15/03/21
0,99.9,7.285,1006.99,0.0,4.09 03:58:34 15/03/21
0,99.9,7.3050003,1007.05,0.0,4.08 04:03:58 15/03/21
0,99.9,7.36,1007.09,0.0,4.09 04:09:09 15/03/21
0,99.9,7.37,1007.17,0.0,4.09 04:14:23 15/03/21
0,99.9,7.39,1007.17,0.0,4.08 04:19:35 15/03/21
0,99.9,7.39,1007.26,0.0,4.09 04:24:47 15/03/21
0,99.9,7.3849998,1007.28,0.0,4.08 04:30:02 15/03/21
0,99.9,7.3849998,1007.31,0.0,4.08 04:35:25 15/03/21
0,99.9,7.395,1007.42,0.0,4.08 04:40:40 15/03/21
0,99.9,7.39,1007.49,0.0,4.09 04:45:49 15/03/21
0,99.9,7.375,1007.45,0.0,4.08 04:51:07 15/03/21
0,99.9,7.355,1007.58,0.0,4.08 04:56:25 15/03/21
0,99.9,7.2749996,1007.65,0.0,4.08 05:01:36 15/03/21
0,99.9,7.21,1007.73,0.0,4.08 05:06:53 15/03/21
0,99.9,7.1949997,1007.91,0.0,4.08 05:12:06 15/03/21
0,99.9,7.1800003,1007.9,0.0,4.08 05:17:17 15/03/21
0,99.9,7.1800003,1008.03,0.0,4.08 05:22:30 15/03/21
0,99.9,7.165,1008.18,0.0,4.09 05:27:40 15/03/21
0,99.9,7.165,1008.3,0.0,4.08 05:32:55 15/03/21
0,99.9,7.09,1008.33,0.0,4.08 05:38:10 15/03/21
0,99.9,7.075,1008.43,0.0,4.08 05:43:24 15/03/21
0,99.9,6.995,1008.47,0.0,4.08 05:48:42 15/03/21
0,99.9,6.965,1008.6,0.0,4.08 05:53:56 15/03/21
0,99.9,6.89,1008.71,0.0,4.08 05:59:13 15/03/21
0,99.9,6.885,1008.78,0.0,4.08 06:04:28 15/03/21
0,99.9,6.88,1008.83,0.0,4.08 06:09:42 15/03/21
0,99.9,6.875,1008.9,0.03,4.08 06:14:53 15/03/21
0,99.9,6.81,1008.92,0.04,4.08 06:20:09 15/03/21
0,99.9,6.8050003,1008.92,0.12,4.08 06:25:22 15/03/21
1,99.9,6.795,1009.04,0.37,4.08 06:30:32 15/03/21
2,99.9,6.795,1009.16,1.06,4.08 06:35:47 15/03/21
4,99.9,6.7799997,1009.25,1.98,4.08 06:41:00 15/03/21
7,99.9,6.7749996,1009.32,2.8,4.08 06:46:13 15/03/21
10,99.9,6.6949997,1009.49,3.42,4.08 06:51:24 15/03/21
12,99.9,6.67,1009.59,3.57,4.08 06:56:39 15/03/21
14,99.9,6.6000004,1009.7,3.57,4.08 07:01:51 15/03/21
19,99.9,6.6000004,1009.78,4.17,4.08 07:07:05 15/03/21
19,99.9,6.5950003,1009.86,4.16,4.08 07:12:20 15/03/21
19,99.9,6.6000004,1009.9,4.07,4.08 07:17:30 15/03/21
21,99.9,6.585,1009.87,4.17,4.08 07:22:44 15/03/21
25,99.9,6.59,1009.97,4.3,4.08 07:27:55 15/03/21
37,99.9,6.5950003,1009.97,4.24,4.08 07:33:08 15/03/21
42,99.9,6.6000004,1010.19,4.58,4.08 07:38:30 15/03/21
42,99.9,6.665,1010.12,5.0,4.08 07:43:41 15/03/21
48,99.9,6.6549997,1010.24,4.17,4.09 07:49:00 15/03/21
41,99.9,6.6800003,1010.28,4.98,4.08 07:54:16 15/03/21
56,99.9,6.665,1010.33,5.0,4.08 07:59:33 15/03/21
47,99.9,6.67,1010.51,4.93,4.08 08:04:43 15/03/21
61,99.9,6.67,1010.59,4.29,4.09 08:09:58 15/03/21
56,99.9,6.675,1010.72,4.31,4.09 08:15:10 15/03/21
51,99.9,6.69,1010.71,5.0,4.09 08:20:21 15/03/21
61,99.9,6.745,1010.74,5.0,4.1 08:25:32 15/03/21
65,99.9,6.715,1010.87,4.16,4.09 08:30:47 15/03/21
48,99.9,6.7799997,1010.93,4.48,4.09 08:35:59 15/03/21
51,99.9,6.81,1011.07,5.0,4.1 08:41:11 15/03/21
44,99.9,6.9700003,1011.15,4.27,4.1 08:46:24 15/03/21
47,99.9,7.01,1011.18,4.23,4.1 08:51:38 15/03/21
54,99.9,7.0950003,1011.34,4.45,4.11 08:56:56 15/03/21
73,99.9,7.185,1011.4,4.22,4.08 09:02:14 15/03/21
48,99.9,7.29,1011.44,5.0,4.11 09:07:25 15/03/21
63,99.9,7.375,1011.59,4.3,4.13 09:12:40 15/03/21
63,99.9,7.4900002,1011.59,4.24,4.13 09:17:55 15/03/21
46,99.9,7.74,1011.7,5.0,4.12 09:23:06 15/03/21
55,99.9,7.7749996,1011.77,4.21,4.1 09:28:19 15/03/21
79,99.9,7.8,1011.86,4.32,4.19 09:33:32 15/03/21
66,99.9,8.04,1011.86,4.27,4.15 09:38:43 15/03/21
73,99.9,8.32,1012.0,4.31,4.2 09:43:56 15/03/21
49,99.9,8.505,1012.05,5.0,4.14 09:49:08 15/03/21
45,99.9,8.440001,1012.08,5.0,4.14 09:54:22 15/03/21
72,99.9,8.335,1012.1,5.0,4.2 09:59:42 15/03/21
72,99.9,8.555,1012.14,4.29,4.2 10:04:57 15/03/21
46,99.9,8.860001,1012.05,5.0,4.16 10:10:09 15/03/21
41,99.9,8.934999,1012.07,5.0,4.16 10:15:24 15/03/21
43,99.9,8.74,1012.04,5.0,4.16 10:20:44 15/03/21
58,99.9,8.615,1012.13,4.36,4.2 10:26:00 15/03/21
44,99.9,8.625,1012.15,5.0,4.15 10:31:10 15/03/21
76,99.9,8.735001,1012.2,5.0,4.15 10:36:24 15/03/21
59,99.9,8.885,1012.2,5.0,4.14 10:41:42 15/03/21
60,99.9,8.875,1012.3,5.0,4.14 10:46:58 15/03/21
48,99.9,8.795,1012.26,5.0,4.14 10:52:12 15/03/21
58,99.8,8.675,1012.34,5.0,4.14 10:57:26 15/03/21
50,99.9,8.675,1012.34,5.0,4.14 11:02:38 15/03/21
58,99.9,8.684999,1012.31,5.0,4.14 11:07:52 15/03/21
67,99.9,8.860001,1012.38,5.0,4.14 11:13:06 15/03/21
40,99.9,9.045,1012.48,5.0,4.14 11:18:18 15/03/21
61,99.9,9.065,1012.58,5.0,4.14 11:23:30 15/03/21
77,99.9,8.65,1012.68,5.0,4.14 11:28:49 15/03/21
93,99.9,8.43,1012.74,5.0,4.14 11:34:06 15/03/21
82,99.9,8.32,1012.63,5.0,4.14 11:39:19 15/03/21
67,99.9,8.375,1012.54,5.0,4.14 11:44:33 15/03/21
76,99.9,8.465,1012.57,5.0,4.14 11:49:46 15/03/21
88,99.9,8.715,1012.59,5.0,4.14 11:55:00 15/03/21
75,99.9,8.87,1012.74,5.0,4.14 12:00:12 15/03/21
101,99.5,9.135,1013.24,5.0,4.12 12:20:02 15/03/21
110,99.9,8.725,1013.34,5.0,4.13 12:25:22 15/03/21
117,99.9,8.47,1013.36,5.0,4.12 12:30:41 15/03/21
88,99.9,8.41,1013.32,5.0,4.13 12:35:56 15/03/21
90,99.9,8.41,1013.37,5.0,4.12 12:36:19 15/03/21
84,99.9,8.495,1013.38,5.0,4.13 12:41:33 15/03/21
69,99.9,8.56,1013.32,5.0,4.12 12:46:47 15/03/21
92,99.9,8.65,1013.29,5.0,4.13 12:52:02 15/03/21
85,99.9,8.934999,1013.36,5.0,4.12 12:57:21 15/03/21
81,99.9,9.305,1013.3,5.0,4.12 13:02:33 15/03/21
84,99.9,9.610001,1013.38,5.0,4.12 13:07:47 15/03/21
63,99.9,9.815001,1013.38,5.0,4.13 13:12:58 15/03/21
55,99.9,9.925,1013.37,5.0,4.12 13:18:13 15/03/21
60,99.9,9.84,1013.54,5.0,4.12 13:23:31 15/03/21
77,99.9,9.415,1013.84,5.0,4.12 13:28:49 15/03/21
92,99.9,8.969999,1013.78,5.0,4.12 13:34:03 15/03/21
153,99.9,8.84,1013.78,5.0,4.12 13:39:17 15/03/21
93,99.9,10.6,1013.77,5.0,4.12 13:58:52 15/03/21
105,99.9,10.455,1013.81,5.0,4.12 14:04:04 15/03/21
51,99.9,10.315001,1013.74,5.0,4.12 14:09:24 15/03/21
53,99.8,10.08,1013.85,5.0,4.12 14:14:38 15/03/21
75,99.4,9.639999,1013.92,5.0,4.12 14:19:54 15/03/21
96,99.9,9.505,1013.95,5.0,4.12 14:25:08 15/03/21
88,99.9,9.639999,1014.03,5.0,4.12 14:30:23 15/03/21
93,99.9,9.91,1014.05,5.0,4.12 14:35:33 15/03/21
92,99.9,10.22,1014.04,5.0,4.12 14:40:50 15/03/21
59,99.9,10.66,1014.11,5.0,4.12 14:46:09 15/03/21
62,99.5,10.815001,1014.15,5.0,4.12 14:51:22 15/03/21
82,98.6,10.735001,1014.03,5.0,4.12 14:56:35 15/03/21
64,97.4,10.815001,1014.06,5.0,4.12 15:01:47 15/03/21
53,96.5,10.66,1014.19,5.0,4.12 15:07:03 15/03/21
46,96.3,10.424999,1014.32,5.0,4.11 15:12:14 15/03/21
44,95.0,10.21,1014.54,5.0,4.12 15:17:29 15/03/21
38,94.6,9.92,1014.6,5.0,4.12 15:22:41 15/03/21
56,94.5,9.639999,1014.65,5.0,4.11 15:27:55 15/03/21
60,93.9,9.475,1014.67,5.0,4.12 15:33:07 15/03/21
40,94.2,9.31,1014.67,5.0,4.12 15:38:20 15/03/21
41,95.0,9.295,1014.76,5.0,4.11 15:43:34 15/03/21
42,95.1,9.27,1014.77,5.0,4.11 15:48:47 15/03/21
58,94.5,9.2,1014.8,5.0,4.11 15:54:01 15/03/21
45,94.8,9.27,1014.73,5.0,4.11 15:59:15 15/03/21
46,93.8,9.434999,1014.76,5.0,4.11 16:04:26 15/03/21
41,93.5,9.51,1014.88,5.0,4.11 16:09:40 15/03/21
48,94.1,9.57,1015.05,5.0,4.11 16:14:54 15/03/21
68,93.8,9.645,1015.09,5.0,4.11 16:20:11 15/03/21
43,93.4,9.655001,1015.17,5.0,4.11 16:25:29 15/03/21
36,93.5,9.585,1015.21,5.0,4.11 16:30:43 15/03/21
24,92.9,9.46,1015.13,5.0,4.11 16:35:55 15/03/21
30,93.5,9.32,1015.27,5.0,4.11 16:41:12 15/03/21
25,93.2,9.255,1015.36,5.0,4.11 16:46:21 15/03/21
28,93.8,9.175,1015.34,5.0,4.11 16:51:36 15/03/21
40,93.6,9.08,1015.47,5.0,4.11 16:56:49 15/03/21
24,93.9,8.995,1015.69,5.0,4.11 17:02:01 15/03/21
72,95.0,8.965,1015.87,5.0,4.11 17:07:17 15/03/21
69,95.2,8.81,1015.81,5.0,4.11 17:12:28 15/03/21
48,95.5,8.635,1016.01,5.0,4.11 17:17:41 15/03/21
30,95.8,8.52,1015.99,5.0,4.11 17:22:54 15/03/21
41,96.0,8.455,1015.97,5.0,4.11 17:28:08 15/03/21
41,96.1,8.315,1016.05,5.0,4.11 17:33:22 15/03/21
57,96.1,8.215,1016.1,5.0,4.11 17:38:39 15/03/21
43,96.4,8.205,1016.16,5.0,4.11 17:43:55 15/03/21
40,96.2,8.175,1016.18,5.0,4.11 17:49:10 15/03/21
32,96.4,8.18,1016.26,5.0,4.11 17:54:22 15/03/21
36,96.5,8.16,1016.35,5.0,4.11 17:59:33 15/03/21
18,96.1,8.07,1016.37,4.55,4.11 18:04:50 15/03/21
22,96.4,8.075,1016.55,5.0,4.11 18:09:59 15/03/21
14,96.4,8.0,1016.58,4.53,4.11 18:15:15 15/03/21
16,96.3,7.975,1016.68,3.92,4.11 18:20:28 15/03/21
22,96.9,7.915,1016.74,3.6,4.1 18:25:40 15/03/21
20,97.2,7.89,1016.82,4.08,4.11 18:30:54 15/03/21
13,97.4,7.8050003,1016.85,4.21,4.11 18:36:07 15/03/21
7,97.5,7.79,1016.99,3.15,4.1 18:41:20 15/03/21
5,97.3,7.71,1017.07,2.63,4.1 18:46:37 15/03/21
2,97.4,7.715,1017.25,1.62,4.1 18:51:54 15/03/21
0,97.6,7.62,1017.29,1.43,4.1 18:57:07 15/03/21
0,97.9,7.62,1017.41,0.84,4.1 19:02:20 15/03/21
1,98.0,7.615,1017.51,0.49,4.1 19:07:31 15/03/21
1,98.2,7.6000004,1017.54,0.14,4.1 19:12:53 15/03/21
1,98.6,7.6050005,1017.58,0.08,4.1 19:18:08 15/03/21
0,98.7,7.59,1017.68,0.03,4.1 19:23:20 15/03/21
0,98.9,7.505,1017.72,0.0,4.1 19:28:32 15/03/21
0,98.7,7.485,1017.86,0.0,4.1 19:33:45 15/03/21
0,98.8,7.4,1017.8,0.0,4.1 19:39:02 15/03/21
0,98.8,7.39,1017.88,0.0,4.1 19:44:13 15/03/21
0,98.8,7.3050003,1018.11,0.0,4.1 19:49:23 15/03/21
1,99.3,7.2349997,1018.12,0.0,4.1 19:54:38 15/03/21
2,99.4,7.2200003,1018.17,0.0,4.1 19:59:56 15/03/21
1,99.3,7.27,1018.1,0.0,4.1 20:05:13 15/03/21
1,99.1,7.215,1018.16,0.0,4.1 20:10:26 15/03/21
1,99.2,7.26,1018.22,0.0,4.1 20:15:38 15/03/21
2,99.2,7.1949997,1018.29,0.0,4.1 20:20:51 15/03/21
1,99.4,7.175,1018.29,0.0,4.1 20:26:03 15/03/21
2,99.7,7.085,1018.38,0.0,4.1 20:31:15 15/03/21
1,99.8,7.05,1018.43,0.0,4.1 20:36:30 15/03/21
0,99.8,6.985,1018.46,0.0,4.1 20:41:42 15/03/21
0,99.9,6.9750004,1018.46,0.0,4.1 20:46:57 15/03/21
0,99.9,6.9750004,1018.56,0.0,4.1 20:52:10 15/03/21
0,99.9,6.99,1018.64,0.0,4.1 20:57:20 15/03/21
2,99.9,7.0,1018.69,0.0,4.1 21:02:35 15/03/21
3,99.9,6.925,1018.75,0.0,4.1 21:07:47 15/03/21
2,99.9,6.915,1018.86,0.0,4.1 21:13:08 15/03/21
1,99.9,6.8199997,1018.78,0.0,4.1 21:18:23 15/03/21
1,99.9,6.875,1018.82,0.0,4.1 21:23:34 15/03/21
1,99.9,6.81,1018.87,0.0,4.1 21:28:46 15/03/21
1,99.9,6.8,1018.93,0.0,4.1 21:33:59 15/03/21
2,99.9,6.7749996,1018.99,0.0,4.09 21:39:12 15/03/21
2,99.9,6.705,1019.07,0.0,4.1 21:44:27 15/03/21
2,99.9,6.685,1019.06,0.0,4.1 21:49:39 15/03/21
2,99.9,6.665,1019.17,0.0,4.1 21:54:52 15/03/21
2,99.9,6.605,1019.25,0.0,4.1 22:00:03 15/03/21
2,99.9,6.59,1019.27,0.0,4.1 22:05:16 15/03/21
3,99.9,6.58,1019.29,0.0,4.09 22:10:32 15/03/21
3,99.9,6.58,1019.31,0.0,4.1 22:15:44 15/03/21
2,99.9,6.575,1019.36,0.0,4.09 22:20:56 15/03/21
3,99.9,6.5699997,1019.41,0.0,4.09 22:26:16 15/03/21
3,99.9,6.585,1019.48,0.0,4.1 22:31:30 15/03/21
3,99.9,6.5699997,1019.47,0.0,4.1 22:36:44 15/03/21
4,99.9,6.575,1019.59,0.0,4.1 22:41:57 15/03/21
3,99.9,6.575,1019.63,0.0,4.1 22:47:09 15/03/21
3,99.9,6.585,1019.64,0.0,4.1 22:52:22 15/03/21
2,99.9,6.5950003,1019.67,0.0,4.09 22:57:33 15/03/21
3,99.9,6.5950003,1019.65,0.0,4.09 23:02:50 15/03/21
2,99.9,6.59,1019.56,0.0,4.09 23:08:09 15/03/21
0,99.9,6.585,1019.57,0.0,4.09 23:13:22 15/03/21
0,99.9,6.565,1019.62,0.0,4.09 23:18:34 15/03/21
0,99.9,6.485,1019.59,0.0,4.09 23:23:49 15/03/21
0,99.9,6.425,1019.61,0.0,4.09 23:29:00 15/03/21
0,99.9,6.375,1019.71,0.0,4.09 23:34:15 15/03/21
0,99.9,6.3,1019.76,0.0,4.09 23:39:27 15/03/21
0,99.9,6.2200003,1019.82,0.0,4.09 23:44:40 15/03/21
0,99.9,6.1949997,1019.82,0.0,4.09 23:49:52 15/03/21
0,99.9,6.165,1019.84,0.0,4.09 23:55:09 15/03/21
