4,99.9,3.8,1026.06,0.0,4.11 00:00:38 18/03/21
4,99.9,3.7649999,1026.09,0.0,4.1 00:05:52 18/03/21
4,99.9,3.675,1026.04,0.0,4.11 00:11:03 18/03/21
4,99.9,3.585,1025.89,0.0,4.1 00:16:17 18/03/21
3,99.9,3.4899998,1025.8,0.0,4.11 00:21:29 18/03/21
3,99.9,3.3850002,1025.65,0.0,4.1 00:26:42 18/03/21
3,99.9,3.28,1025.52,0.0,4.1 00:31:55 18/03/21
3,99.9,3.17,1025.55,0.0,4.1 00:37:07 18/03/21
2,99.9,3.0700002,1025.49,0.0,4.1 00:42:17 18/03/21
2,99.9,2.9850001,1025.6,0.0,4.1 00:47:31 18/03/21
3,99.9,2.9,1025.6,0.0,4.1 00:52:45 18/03/21
3,99.9,2.875,1025.46,0.0,4.1 00:57:56 18/03/21
2,99.9,2.79,1025.53,0.0,4.1 01:03:09 18/03/21
2,99.9,2.76,1025.46,0.0,4.1 01:08:25 18/03/21
3,99.9,2.685,1025.32,0.0,4.1 01:13:43 18/03/21
2,99.9,2.6799998,1025.23,0.0,4.1 01:18:55 18/03/21
2,99.9,2.67,1025.14,0.0,4.1 01:24:11 18/03/21
2,99.9,2.685,1025.19,0.0,4.1 01:29:28 18/03/21
3,99.9,2.69,1025.24,0.0,4.1 01:34:41 18/03/21
2,99.9,2.755,1025.2,0.0,4.1 01:39:52 18/03/21
2,99.9,2.7649999,1025.28,0.0,4.1 01:45:03 18/03/21
2,99.9,2.78,1025.2,0.0,4.1 01:50:17 18/03/21
2,99.9,2.7849998,1025.17,0.0,4.1 01:55:30 18/03/21
1,99.9,2.7849998,1025.16,0.0,4.1 02:00:41 18/03/21
2,99.9,2.7649999,1025.02,0.0,4.1 02:05:55 18/03/21
1,99.9,2.75,1025.02,0.0,4.1 02:11:05 18/03/21
2,99.9,2.685,1025.05,0.0,4.1 02:16:19 18/03/21
1,99.9,2.675,1025.07,0.0,4.1 02:21:30 18/03/21
1,99.9,2.6599998,1025.22,0.0,4.1 02:26:45 18/03/21
1,99.9,2.6,1025.27,0.0,4.1 02:31:56 18/03/21
1,99.9,2.595,1025.2,0.0,4.1 02:37:13 18/03/21
2,99.9,2.585,1025.17,0.0,4.1 02:42:28 18/03/21
1,99.9,2.56,1025.16,0.0,4.1 02:47:43 18/03/21
1,99.9,2.47,1025.14,0.0,4.1 02:52:54 18/03/21
1,99.9,2.385,1025.23,0.0,4.1 02:58:07 18/03/21
0,99.9,2.305,1025.25,0.0,4.1 03:03:20 18/03/21
0,99.9,2.28,1025.24,0.0,4.1 03:08:30 18/03/21
0,99.9,2.19,1025.24,0.0,4.1 03:13:44 18/03/21
0,99.9,2.1599998,1025.21,0.0,4.1 03:18:57 18/03/21
0,99.9,2.07,1024.99,0.0,4.1 03:24:07 18/03/21
0,99.9,1.995,1024.92,0.0,4.1 03:29:21 18/03/21
0,99.9,1.98,1024.93,0.0,4.1 03:34:34 18/03/21
0,99.9,1.9599999,1024.86,0.0,4.1 03:39:44 18/03/21
0,99.9,1.895,1024.89,0.0,4.09 03:44:58 18/03/21
0,99.9,1.87,1024.91,0.0,4.1 03:50:10 18/03/21
0,99.9,1.8,1024.96,0.0,4.09 03:55:22 18/03/21
0,99.9,1.7750001,1024.91,0.0,4.09 04:00:34 18/03/21
0,99.9,1.76,1024.84,0.0,4.09 04:05:47 18/03/21
0,99.9,1.7550001,1024.79,0.0,4.09 04:11:00 18/03/21
0,99.9,1.69,1024.66,0.0,4.09 04:16:11 18/03/21
0,99.9,1.685,1024.58,0.0,4.09 04:21:27 18/03/21
0,99.9,1.68,1024.57,0.0,4.09 04:26:45 18/03/21
0,99.9,1.665,1024.64,0.0,4.09 04:31:57 18/03/21
0,99.9,1.665,1024.68,0.0,4.09 04:37:07 18/03/21
0,99.9,1.595,1024.76,0.0,4.09 04:42:21 18/03/21
0,99.9,1.5799999,1024.7,0.0,4.09 04:47:32 18/03/21
0,99.9,1.5,1024.68,0.0,4.09 04:52:46 18/03/21
0,99.9,1.48,1024.7,0.0,4.09 04:57:56 18/03/21
0,99.9,1.4599999,1024.69,0.0,4.09 05:03:09 18/03/21
0,99.9,1.385,1024.7,0.0,4.09 05:08:22 18/03/21
0,99.9,1.365,1024.74,0.0,4.09 05:13:39 18/03/21
0,99.9,1.31,1024.75,0.0,4.09 05:18:53 18/03/21
0,99.9,1.2850001,1024.71,0.0,4.09 05:24:12 18/03/21
0,99.9,1.27,1024.84,0.0,4.09 05:29:28 18/03/21
0,99.9,1.1949999,1024.77,0.0,4.09 05:34:39 18/03/21
0,99.9,1.145,1024.6,0.0,4.09 05:39:53 18/03/21
0,99.9,1.0600001,1024.43,0.0,4.09 05:45:05 18/03/21
0,99.9,0.96500003,1024.29,0.0,4.09 05:50:18 18/03/21
0,99.9,0.88,1024.27,0.0,4.09 05:55:33 18/03/21
0,99.9,0.795,1024.41,0.0,4.09 06:00:50 18/03/21
0,99.9,0.72,1024.51,0.03,4.09 06:06:00 18/03/21
0,99.9,0.735,1024.5,0.1,4.09 06:11:13 18/03/21
0,99.9,0.67,1024.42,0.31,4.09 06:16:35 18/03/21
0,99.9,0.655,1024.38,0.77,4.09 06:21:47 18/03/21
0,99.9,0.58,1024.33,1.49,4.09 06:26:59 18/03/21
1,99.9,0.555,1024.38,2.13,4.09 06:32:11 18/03/21
3,99.9,0.53999996,1024.37,2.84,4.09 06:37:22 18/03/21
6,99.9,0.475,1024.28,4.03,4.09 06:42:38 18/03/21
8,99.9,0.47,1024.32,4.16,4.09 06:47:47 18/03/21
10,99.9,0.465,1024.32,4.21,4.09 06:52:58 18/03/21
13,99.9,0.47,1024.29,4.18,4.09 06:58:12 18/03/21
17,99.9,0.48,1024.25,4.58,4.09 07:03:24 18/03/21
21,99.9,0.53999996,1024.32,4.71,4.09 07:08:36 18/03/21
22,99.9,0.56,1024.3,5.0,4.09 07:13:47 18/03/21
25,99.9,0.58,1024.16,4.95,4.09 07:19:01 18/03/21
26,99.9,0.66,1024.11,5.0,4.09 07:24:18 18/03/21
38,99.9,0.74,1024.08,5.0,4.09 07:29:32 18/03/21
37,99.9,0.78000003,1024.06,5.0,4.1 07:34:44 18/03/21
45,99.9,0.865,1023.97,5.0,4.09 07:39:59 18/03/21
48,99.9,0.96000004,1023.98,4.33,4.1 07:45:11 18/03/21
50,99.9,1.0550001,1023.9,5.0,4.1 07:50:21 18/03/21
55,99.9,1.095,1023.85,5.0,4.1 07:55:43 18/03/21
61,99.9,1.25,1023.77,4.39,4.1 08:00:55 18/03/21
64,99.9,1.2850001,1023.7,4.57,4.1 08:06:08 18/03/21
75,99.9,1.385,1023.65,5.0,4.1 08:11:18 18/03/21
67,99.9,1.48,1023.74,4.2,4.1 08:16:33 18/03/21
80,99.9,1.575,1023.6,4.16,4.11 08:21:44 18/03/21
69,99.9,1.675,1023.66,4.17,4.11 08:27:00 18/03/21
72,99.9,1.7750001,1023.62,5.0,4.1 08:32:17 18/03/21
79,99.9,1.87,1023.61,4.22,4.11 08:37:33 18/03/21
80,99.9,2.03,1023.5,5.0,4.12 08:42:49 18/03/21
85,99.9,2.08,1023.49,4.58,4.12 08:48:03 18/03/21
91,99.9,2.25,1023.49,4.29,4.13 08:53:16 18/03/21
86,99.9,2.4299998,1023.42,5.0,4.13 08:58:26 18/03/21
88,99.9,2.57,1023.42,4.86,4.14 09:03:38 18/03/21
107,99.9,2.755,1023.39,4.27,4.15 09:08:52 18/03/21
95,99.9,2.945,1023.41,4.91,4.15 09:14:08 18/03/21
91,99.9,3.145,1023.34,4.34,4.16 09:19:25 18/03/21
95,99.9,3.335,1023.33,4.27,4.17 09:24:39 18/03/21
98,99.9,3.53,1023.36,5.0,4.17 09:29:51 18/03/21
96,99.9,3.715,1023.4,4.29,4.17 09:35:04 18/03/21
98,99.9,3.85,1023.36,4.31,4.18 09:40:15 18/03/21
76,99.9,4.0299997,1023.53,4.43,4.19 09:45:29 18/03/21
61,99.9,4.15,1023.56,5.0,4.15 09:50:39 18/03/21
63,99.9,4.245,1023.59,5.0,4.14 09:55:51 18/03/21
71,99.9,4.32,1023.62,5.0,4.14 10:01:04 18/03/21
71,99.9,4.425,1023.78,5.0,4.14 10:06:18 18/03/21
70,99.9,4.54,1023.73,5.0,4.14 10:11:32 18/03/21
64,99.9,4.6949997,1023.69,5.0,4.14 10:16:42 18/03/21
68,99.9,4.73,1023.59,5.0,4.13 10:22:01 18/03/21
74,99.9,4.825,1023.64,5.0,4.13 10:27:17 18/03/21
74,99.9,4.925,1023.59,5.0,4.13 10:32:29 18/03/21
71,99.9,5.105,1023.54,5.0,4.13 10:37:43 18/03/21
68,99.9,5.19,1023.42,5.0,4.13 10:42:54 18/03/21
69,99.9,5.3149996,1023.4,5.0,4.13 10:48:09 18/03/21
59,99.9,5.405,1023.23,5.0,4.13 10:53:19 18/03/21
56,99.9,5.49,1023.22,5.0,4.13 10:58:34 18/03/21
59,99.9,5.5150003,1023.21,5.0,4.13 11:03:48 18/03/21
56,99.9,5.54,1023.21,5.0,4.13 11:08:59 18/03/21
58,99.9,5.615,1023.24,5.0,4.13 11:14:10 18/03/21
56,99.9,5.6949997,1023.14,5.0,4.13 11:19:23 18/03/21
59,99.9,5.79,1023.16,5.0,4.13 11:24:38 18/03/21
58,99.9,5.895,1023.0,5.0,4.13 11:29:49 18/03/21
57,99.9,5.98,1023.05,5.0,4.13 11:35:01 18/03/21
62,99.9,6.025,1022.94,5.0,4.13 11:40:15 18/03/21
58,99.9,6.175,1022.86,5.0,4.13 11:45:26 18/03/21
64,99.9,6.2749996,1022.8,5.0,4.13 11:50:42 18/03/21
60,99.9,6.395,1022.8,5.0,4.13 11:55:52 18/03/21
66,99.9,6.51,1022.84,5.0,4.13 12:01:15 18/03/21
64,99.9,6.67,1022.74,5.0,4.13 12:06:29 18/03/21
67,99.9,6.77,1022.68,5.0,4.13 12:11:41 18/03/21
69,99.9,6.8900003,1022.62,5.0,4.13 12:16:54 18/03/21
71,99.9,7.08,1022.61,5.0,4.13 12:22:11 18/03/21
59,99.9,7.2799997,1022.46,5.0,4.13 12:27:27 18/03/21
65,99.9,7.465,1022.43,5.0,4.13 12:32:40 18/03/21
62,99.9,7.6,1022.43,5.0,4.13 12:37:54 18/03/21
74,99.9,7.77,1022.28,5.0,4.12 12:43:12 18/03/21
54,99.9,7.895,1022.22,5.0,4.13 12:48:27 18/03/21
47,99.9,7.9800005,1022.23,5.0,4.13 12:53:40 18/03/21
51,99.9,8.005,1022.28,5.0,4.13 12:58:53 18/03/21
54,99.9,7.99,1022.15,5.0,4.13 13:04:06 18/03/21
53,99.9,7.99,1022.09,5.0,4.12 13:09:21 18/03/21
56,99.9,7.995,1022.06,5.0,4.12 13:14:34 18/03/21
74,99.9,7.99,1022.0,5.0,4.12 13:19:53 18/03/21
67,99.9,7.9300003,1021.93,5.0,4.12 13:25:07 18/03/21
70,99.9,7.915,1021.95,5.0,4.13 13:30:22 18/03/21
64,99.9,7.905,1021.86,5.0,4.12 13:35:33 18/03/21
59,99.9,7.845,1021.82,5.0,4.12 13:40:48 18/03/21
68,99.9,7.83,1021.62,5.0,4.12 13:46:01 18/03/21
81,99.9,7.815,1021.62,5.0,4.12 13:51:12 18/03/21
69,99.9,7.805,1021.58,5.0,4.12 13:56:25 18/03/21
60,99.9,7.7999997,1021.41,5.0,4.12 14:01:38 18/03/21
56,99.9,7.745,1021.4,5.0,4.12 14:06:51 18/03/21
51,99.9,7.7299995,1021.35,5.0,4.12 14:12:08 18/03/21
49,99.9,7.66,1021.29,5.0,4.12 14:17:19 18/03/21
41,99.9,7.645,1021.21,5.0,4.12 14:22:30 18/03/21
36,99.9,7.5600004,1021.09,5.0,4.12 14:27:43 18/03/21
38,99.9,7.535,1020.97,5.0,4.12 14:32:58 18/03/21
41,99.9,7.5150003,1020.95,5.0,4.12 14:38:08 18/03/21
39,99.9,7.4500003,1020.88,5.0,4.12 14:43:28 18/03/21
44,99.9,7.445,1020.8,5.0,4.12 14:48:44 18/03/21
48,99.9,7.5,1020.7,5.0,4.12 14:53:56 18/03/21
43,99.9,7.465,1020.67,5.0,4.12 14:59:10 18/03/21
38,99.9,7.5299997,1020.57,5.0,4.12 15:04:22 18/03/21
45,99.9,7.545,1020.48,5.0,4.12 15:09:36 18/03/21
48,99.9,7.61,1020.4,5.0,4.12 15:14:47 18/03/21
49,99.9,7.65,1020.36,5.0,4.12 15:20:04 18/03/21
29,99.9,7.7299995,1020.28,5.0,4.12 15:25:15 18/03/21
20,99.9,7.7349997,1020.22,5.0,4.12 15:30:26 18/03/21
27,99.9,7.67,1020.16,5.0,4.12 15:35:41 18/03/21
24,99.9,7.66,1020.16,5.0,4.12 15:40:52 18/03/21
24,99.9,7.645,1020.11,5.0,4.12 15:46:05 18/03/21
30,99.9,7.635,1020.0,5.0,4.15 15:51:20 18/03/21
36,99.9,7.58,1019.97,5.0,4.12 15:56:31 18/03/21
33,99.9,7.635,1019.84,5.0,4.12 16:01:44 18/03/21
32,99.9,7.655,1019.96,5.0,4.12 16:06:58 18/03/21
38,99.9,7.675,1019.93,5.0,4.12 16:12:12 18/03/21
33,99.9,7.74,1019.84,5.0,4.12 16:17:23 18/03/21
41,99.9,7.755,1019.63,5.0,4.11 16:22:38 18/03/21
33,99.9,7.825,1019.61,5.0,4.12 16:27:51 18/03/21
29,99.9,7.8399997,1019.53,5.0,4.12 16:33:04 18/03/21
20,99.9,7.85,1019.45,5.0,4.12 16:38:15 18/03/21
15,99.9,7.85,1019.32,5.0,4.12 16:43:28 18/03/21
16,99.9,7.8399997,1019.2,5.0,4.11 16:48:43 18/03/21
17,99.9,7.7749996,1019.17,5.0,4.12 16:53:56 18/03/21
22,99.9,7.755,1019.13,5.0,4.11 16:59:11 18/03/21
32,99.9,7.69,1019.09,5.0,4.11 17:04:22 18/03/21
23,99.9,7.69,1019.11,5.0,4.11 17:09:35 18/03/21
24,99.9,7.68,1019.06,5.0,4.11 17:14:52 18/03/21
29,99.9,7.685,1018.99,5.0,4.11 17:20:10 18/03/21
27,99.9,7.68,1018.96,5.0,4.11 17:25:21 18/03/21
25,99.9,7.685,1018.86,5.0,4.11 17:30:34 18/03/21
31,99.9,7.68,1018.7,5.0,4.11 17:35:53 18/03/21
23,99.9,7.7349997,1018.69,5.0,4.11 17:41:08 18/03/21
27,99.9,7.7349997,1018.56,5.0,4.11 17:46:21 18/03/21
26,99.9,7.69,1018.47,5.0,4.11 17:51:35 18/03/21
15,99.9,7.685,1018.46,5.0,4.11 17:56:47 18/03/21
12,99.9,7.68,1018.46,4.82,4.11 18:02:03 18/03/21
11,99.9,7.66,1018.42,4.59,4.11 18:07:16 18/03/21
22,99.9,7.65,1018.39,4.19,4.11 18:12:29 18/03/21
20,99.9,7.58,1018.52,3.96,4.11 18:17:40 18/03/21
19,99.9,7.55,1018.55,3.59,4.11 18:22:55 18/03/21
19,99.9,7.485,1018.41,3.52,4.11 18:28:08 18/03/21
18,99.9,7.4500003,1018.39,3.19,4.11 18:33:20 18/03/21
20,99.9,7.37,1018.33,3.43,4.11 18:38:33 18/03/21
16,99.9,7.285,1018.29,3.21,4.11 18:43:46 18/03/21
12,99.9,7.255,1018.2,2.48,4.11 18:48:57 18/03/21
9,99.9,7.1800003,1018.28,2.07,4.11 18:54:10 18/03/21
7,99.9,7.16,1018.38,1.45,4.11 18:59:25 18/03/21
6,99.9,7.085,1018.26,1.04,4.11 19:04:39 18/03/21
4,99.9,7.0699997,1018.24,0.53,4.11 19:09:50 18/03/21
3,99.9,6.99,1018.39,0.15,4.11 19:15:04 18/03/21
3,99.9,6.9750004,1018.26,0.03,4.11 19:20:16 18/03/21
2,99.9,6.9700003,1018.19,0.01,4.1 19:25:29 18/03/21
2,99.9,6.895,1018.01,0.0,4.1 19:30:42 18/03/21
2,99.9,6.89,1018.04,0.0,4.11 19:35:56 18/03/21
2,99.9,6.885,1017.98,0.0,4.11 19:41:06 18/03/21
2,99.9,6.865,1017.97,0.0,4.1 19:46:21 18/03/21
2,99.9,6.855,1017.9,0.0,4.11 19:51:34 18/03/21
2,99.9,6.795,1017.93,0.0,4.1 19:56:46 18/03/21
2,99.9,6.79,1017.9,0.0,4.11 20:01:59 18/03/21
2,99.9,6.7749996,1017.87,0.0,4.1 20:07:11 18/03/21
2,99.9,6.76,1017.82,0.0,4.1 20:12:25 18/03/21
2,99.9,6.75,1017.8,0.0,4.1 20:17:39 18/03/21
2,99.9,6.685,1017.72,0.0,4.1 20:22:49 18/03/21
3,99.9,6.675,1017.79,0.0,4.11 20:28:04 18/03/21
2,99.9,6.6549997,1017.75,0.0,4.1 20:33:17 18/03/21
3,99.9,6.6000004,1017.74,0.0,4.1 20:38:33 18/03/21
3,99.9,6.65,1017.72,0.0,4.1 20:43:51 18/03/21
3,99.9,6.6400003,1017.72,0.0,4.1 20:49:04 18/03/21
3,99.9,6.5950003,1017.71,0.0,4.1 20:54:16 18/03/21
3,99.9,6.585,1017.75,0.0,4.1 20:59:29 18/03/21
3,99.9,6.575,1017.81,0.0,4.1 21:04:42 18/03/21
3,99.9,6.575,1017.71,0.0,4.1 21:09:53 18/03/21
3,99.9,6.575,1017.77,0.0,4.1 21:15:06 18/03/21
3,99.9,6.565,1017.7,0.0,4.1 21:20:19 18/03/21
3,99.9,6.5150003,1017.62,0.0,4.1 21:25:36 18/03/21
3,99.9,6.5150003,1017.43,0.0,4.1 21:30:46 18/03/21
3,99.9,6.505,1017.48,0.0,4.1 21:35:59 18/03/21
3,99.9,6.495,1017.51,0.0,4.1 21:41:12 18/03/21
3,99.9,6.5,1017.55,0.0,4.1 21:46:26 18/03/21
3,99.9,6.5,1017.46,0.0,4.1 21:51:38 18/03/21
3,99.9,6.505,1017.38,0.0,4.1 21:56:51 18/03/21
0,99.9,6.5,1017.25,0.0,4.1 22:02:04 18/03/21
0,99.9,6.505,1017.2,0.0,4.1 22:07:16 18/03/21
0,99.9,6.495,1017.19,0.0,4.1 22:12:28 18/03/21
0,99.9,6.485,1017.23,0.0,4.1 22:17:42 18/03/21
0,99.9,6.4750004,1017.18,0.0,4.1 22:22:56 18/03/21
0,99.9,6.4049997,1017.05,0.0,4.1 22:28:06 18/03/21
0,99.9,6.3999996,1017.03,0.0,4.1 22:33:19 18/03/21
0,99.9,6.385,1016.9,0.0,4.1 22:38:34 18/03/21
0,99.9,6.38,1016.85,0.0,4.1 22:43:46 18/03/21
0,99.9,6.33,1016.84,0.0,4.1 22:48:57 18/03/21
0,99.9,6.315,1017.05,0.0,4.1 22:54:13 18/03/21
0,99.9,6.295,1017.25,0.0,4.1 22:59:25 18/03/21
0,99.9,6.2200003,1017.27,0.0,4.1 23:04:37 18/03/21
0,99.9,6.21,1017.29,0.0,4.1 23:09:50 18/03/21
0,99.9,6.185,1017.29,0.0,4.1 23:15:10 18/03/21
0,99.9,6.17,1017.35,0.0,4.1 23:20:26 18/03/21
0,99.9,6.09,1017.38,0.0,4.1 23:25:36 18/03/21
0,99.9,6.0,1017.33,0.0,4.1 23:30:52 18/03/21
0,99.9,5.925,1017.46,0.0,4.1 23:36:03 18/03/21
0,99.9,5.895,1017.5,0.0,4.1 23:41:16 18/03/21
0,99.9,5.825,1017.47,0.0,4.1 23:46:29 18/03/21
0,99.9,5.795,1017.48,0.0,4.09 23:51:41 18/03/21
0,99.9,5.7,1017.26,0.0,4.1 23:56:55 18/03/21
