0,74.6,9.84,1024.75,0.0,4.11 00:02:00 29/03/21
0,76.9,9.77,1024.73,0.0,4.11 00:07:13 29/03/21
0,75.7,9.690001,1024.72,0.0,4.11 00:12:28 29/03/21
0,75.9,9.665,1024.72,0.0,4.11 00:17:44 29/03/21
0,76.0,9.594999,1024.79,0.0,4.11 00:22:53 29/03/21
0,75.9,9.57,1024.7,0.0,4.11 00:28:07 29/03/21
0,76.4,9.549999,1024.78,0.0,4.11 00:33:26 29/03/21
0,75.9,9.47,1024.78,0.0,4.11 00:38:42 29/03/21
0,77.1,9.455,1024.7,0.0,4.11 00:43:54 29/03/21
0,77.5,9.385,1024.8,0.0,4.11 00:49:08 29/03/21
0,77.7,9.360001,1024.76,0.0,4.11 00:54:21 29/03/21
0,77.1,9.280001,1024.76,0.0,4.11 00:59:35 29/03/21
0,77.9,9.26,1024.77,0.0,4.11 01:04:49 29/03/21
0,76.9,9.175,1024.79,0.02,4.1 01:10:07 29/03/21
0,77.4,9.15,1024.8,0.02,4.11 01:15:24 29/03/21
0,77.3,9.08,1024.9,0.01,4.11 01:20:36 29/03/21
0,77.5,9.0,1024.89,0.02,4.1 01:25:49 29/03/21
0,77.2,8.975,1024.82,0.02,4.11 01:31:02 29/03/21
0,78.8,8.885,1024.82,0.02,4.1 01:36:18 29/03/21
0,77.6,8.785,1024.79,0.02,4.1 01:41:36 29/03/21
0,78.0,8.75,1024.71,0.02,4.1 01:46:52 29/03/21
0,77.8,8.67,1024.73,0.02,4.1 01:52:13 29/03/21
0,77.8,8.66,1024.73,0.02,4.1 01:57:27 29/03/21
0,76.7,8.65,1024.75,0.02,4.11 02:02:41 29/03/21
0,77.0,8.655001,1024.69,0.02,4.11 02:07:52 29/03/21
0,77.1,8.665,1024.71,0.02,4.1 02:13:20 29/03/21
0,77.5,8.745001,1024.77,0.02,4.1 02:18:36 29/03/21
0,77.6,8.75,1024.75,0.02,4.1 02:23:48 29/03/21
0,77.0,8.75,1024.71,0.02,4.1 02:29:04 29/03/21
0,76.9,8.74,1024.71,0.02,4.1 02:34:20 29/03/21
0,77.0,8.74,1024.67,0.02,4.1 02:39:38 29/03/21
0,78.1,8.735001,1024.6,0.01,4.1 02:44:51 29/03/21
0,78.0,8.755,1024.52,0.0,4.1 02:50:05 29/03/21
0,78.5,8.84,1024.5,0.0,4.1 02:55:27 29/03/21
0,78.9,8.945,1024.52,0.02,4.1 03:00:38 29/03/21
0,78.8,9.035,1024.51,0.02,4.1 03:05:52 29/03/21
0,80.1,9.125,1024.56,0.02,4.1 03:11:04 29/03/21
0,79.3,9.155001,1024.65,0.02,4.1 03:16:19 29/03/21
0,78.5,9.225,1024.6,0.02,4.1 03:21:39 29/03/21
0,77.9,9.25,1024.64,0.02,4.1 03:26:59 29/03/21
0,77.6,9.255,1024.65,0.02,4.1 03:32:19 29/03/21
0,78.3,9.245001,1024.63,0.02,4.1 03:37:37 29/03/21
0,78.4,9.245001,1024.63,0.02,4.1 03:42:51 29/03/21
0,77.9,9.235001,1024.64,0.01,4.1 03:48:09 29/03/21
0,78.6,9.24,1024.64,0.0,4.1 03:53:27 29/03/21
0,78.6,9.225,1024.62,0.02,4.1 03:58:40 29/03/21
0,78.3,9.24,1024.66,0.02,4.1 04:03:52 29/03/21
0,79.6,9.25,1024.69,0.02,4.1 04:09:09 29/03/21
0,78.8,9.26,1024.72,0.02,4.1 04:14:27 29/03/21
0,78.7,9.255,1024.7,0.02,4.1 04:19:40 29/03/21
0,78.4,9.24,1024.76,0.02,4.1 04:24:56 29/03/21
0,78.3,9.17,1024.71,0.01,4.1 04:30:06 29/03/21
0,78.2,9.085,1024.61,0.01,4.1 04:35:19 29/03/21
0,77.9,8.985001,1024.66,0.01,4.1 04:40:33 29/03/21
0,78.1,8.88,1024.57,0.01,4.1 04:45:46 29/03/21
0,78.5,8.77,1024.6,0.01,4.1 04:51:00 29/03/21
0,78.5,8.67,1024.6,0.01,4.1 04:56:15 29/03/21
0,80.7,8.575,1024.58,0.01,4.1 05:01:31 29/03/21
0,79.0,8.475,1024.61,0.0,4.1 05:06:49 29/03/21
0,79.4,8.38,1024.63,0.0,4.1 05:12:01 29/03/21
0,79.4,8.2699995,1024.64,0.0,4.09 05:17:22 29/03/21
0,79.3,8.23,1024.62,0.0,4.1 05:22:35 29/03/21
0,79.2,8.155001,1024.63,0.0,4.1 05:27:51 29/03/21
0,79.7,8.135,1024.6,0.0,4.1 05:33:01 29/03/21
0,79.7,8.139999,1024.65,0.0,4.09 05:38:28 29/03/21
0,80.8,8.23,1024.67,0.0,4.09 05:43:45 29/03/21
0,81.8,8.255,1024.65,0.0,4.1 05:48:59 29/03/21
0,81.9,8.41,1024.63,0.0,4.1 05:54:15 29/03/21
0,81.2,8.445,1024.62,0.0,4.09 05:59:27 29/03/21
0,81.3,8.47,1024.69,0.0,4.09 06:04:43 29/03/21
0,81.0,8.54,1024.73,0.0,4.09 06:10:01 29/03/21
0,80.8,8.55,1024.8,0.0,4.09 06:15:15 29/03/21
0,80.0,8.545,1024.77,0.0,4.09 06:20:32 29/03/21
0,80.2,8.54,1024.78,0.0,4.09 06:25:47 29/03/21
0,80.3,8.52,1024.86,0.0,4.09 06:31:02 29/03/21
0,80.5,8.465,1024.99,0.01,4.09 06:36:13 29/03/21
0,81.0,8.450001,1024.99,0.02,4.09 06:41:28 29/03/21
0,80.4,8.434999,1024.96,0.07,4.09 06:46:40 29/03/21
0,80.3,8.360001,1025.01,0.19,4.09 06:51:58 29/03/21
0,80.7,8.355,1025.06,0.48,4.09 06:57:14 29/03/21
0,80.5,8.2699995,1025.06,1.06,4.09 07:02:37 29/03/21
0,80.9,8.32,1025.05,1.84,4.09 07:07:50 29/03/21
1,80.5,8.255,1025.11,2.68,4.09 07:13:04 29/03/21
2,80.5,8.18,1025.0,3.37,4.09 07:18:17 29/03/21
4,80.8,8.16,1025.04,3.91,4.09 07:23:30 29/03/21
5,81.9,8.139999,1025.1,4.2,4.09 07:28:43 29/03/21
8,81.6,8.145,1025.2,4.28,4.09 07:33:56 29/03/21
9,80.8,8.145,1025.25,4.72,4.09 07:39:09 29/03/21
14,80.7,8.135,1025.32,5.0,4.09 07:44:26 29/03/21
13,81.7,8.135,1025.44,5.0,4.09 07:49:36 29/03/21
15,81.5,8.075,1025.43,4.96,4.1 07:54:48 29/03/21
15,81.6,8.06,1025.44,4.16,4.09 08:00:01 29/03/21
20,82.0,8.055,1025.49,5.0,4.09 08:05:18 29/03/21
19,81.9,8.06,1025.61,4.18,4.1 08:10:27 29/03/21
18,82.1,8.06,1025.62,4.94,4.1 08:15:40 29/03/21
23,83.5,8.065,1025.63,5.0,4.1 08:20:59 29/03/21
22,83.7,8.135,1025.67,4.41,4.1 08:26:16 29/03/21
29,84.9,8.17,1025.66,5.0,4.11 08:31:34 29/03/21
28,84.7,8.34,1025.67,4.17,4.12 08:36:49 29/03/21
31,82.9,8.450001,1025.63,5.0,4.12 08:42:04 29/03/21
33,84.5,8.625,1025.68,5.0,4.12 08:47:18 29/03/21
35,84.0,8.815001,1025.72,4.17,4.13 08:52:35 29/03/21
35,83.8,9.03,1025.75,5.0,4.13 08:57:57 29/03/21
34,84.4,9.24,1025.83,4.22,4.15 09:03:14 29/03/21
34,85.0,9.5,1025.83,4.6,4.17 09:08:27 29/03/21
34,85.7,9.79,1025.85,4.55,4.16 09:13:39 29/03/21
37,85.2,10.145,1025.97,5.0,4.17 09:18:57 29/03/21
42,85.2,10.575,1025.99,4.3,4.18 09:24:35 29/03/21
37,85.0,11.085,1026.09,4.28,4.19 09:29:45 29/03/21
39,85.0,11.62,1025.98,4.31,4.2 09:34:59 29/03/21
39,85.2,12.184999,1026.05,4.65,4.21 09:40:13 29/03/21
40,84.3,12.655,1026.2,5.0,4.21 09:45:29 29/03/21
40,82.9,12.98,1026.07,5.0,4.21 09:50:40 29/03/21
46,82.5,13.275,1026.14,5.0,4.21 09:56:08 29/03/21
45,81.3,13.51,1026.13,5.0,4.21 10:01:30 29/03/21
45,80.7,13.665,1026.14,5.0,4.17 10:06:46 29/03/21
40,80.8,13.71,1026.14,5.0,4.17 10:12:02 29/03/21
42,79.2,13.735001,1026.22,5.0,4.16 10:17:16 29/03/21
42,79.8,13.735001,1026.26,5.0,4.16 10:22:30 29/03/21
42,78.8,13.815001,1026.29,5.0,4.16 10:27:46 29/03/21
43,77.2,13.91,1026.43,5.0,4.16 10:32:58 29/03/21
44,78.0,13.99,1026.47,5.0,4.16 10:38:14 29/03/21
46,79.3,14.07,1026.48,5.0,4.16 10:43:27 29/03/21
45,77.4,14.24,1026.56,5.0,4.16 10:48:41 29/03/21
44,73.5,14.275,1026.53,5.0,4.16 10:53:53 29/03/21
44,75.0,14.34,1026.59,5.0,4.16 10:59:07 29/03/21
45,74.8,14.41,1026.62,5.0,4.16 11:04:22 29/03/21
51,74.7,14.48,1026.63,5.0,4.16 11:09:44 29/03/21
49,71.8,14.575,1026.72,5.0,4.16 11:15:01 29/03/21
47,70.9,14.66,1026.72,5.0,4.16 11:20:12 29/03/21
51,74.2,14.735001,1026.75,5.0,4.15 11:25:29 29/03/21
51,69.1,14.915,1026.79,5.0,4.15 11:30:42 29/03/21
54,70.5,15.030001,1026.79,5.0,4.15 11:36:02 29/03/21
54,69.9,15.195,1026.85,5.0,4.15 11:41:20 29/03/21
48,68.3,15.32,1026.81,5.0,4.16 11:46:30 29/03/21
51,70.5,15.495,1026.85,5.0,4.15 11:51:45 29/03/21
55,67.6,15.695,1026.78,5.0,4.15 11:57:10 29/03/21
41,67.8,15.945,1026.87,5.0,4.15 12:02:24 29/03/21
28,61.2,16.07,1026.92,5.0,4.15 12:07:38 29/03/21
54,63.0,16.11,1027.01,5.0,4.15 12:12:52 29/03/21
38,61.2,16.27,1027.06,5.0,4.15 12:18:11 29/03/21
25,60.8,16.445,1027.03,5.0,4.15 12:23:27 29/03/21
34,59.5,16.545,1027.06,5.0,4.15 12:28:44 29/03/21
31,59.2,16.565,1026.93,5.0,4.15 12:33:56 29/03/21
58,61.3,16.645,1027.0,5.0,4.15 12:39:14 29/03/21
53,61.3,16.759998,1027.02,5.0,4.15 12:44:25 29/03/21
57,57.5,18.119999,1027.06,5.0,4.14 13:04:20 29/03/21
55,57.1,18.145,1027.01,5.0,4.14 13:09:39 29/03/21
52,63.0,18.09,1026.9,5.0,4.14 13:14:54 29/03/21
55,62.5,18.279999,1026.98,5.0,4.14 13:20:08 29/03/21
53,57.4,18.41,1026.9,5.0,4.14 13:25:23 29/03/21
52,57.6,18.58,1026.93,5.0,4.14 13:30:36 29/03/21
51,54.9,18.635,1026.88,5.0,4.14 13:35:53 29/03/21
51,53.6,18.82,1026.8,5.0,4.14 13:41:05 29/03/21
56,55.7,18.93,1026.75,5.0,4.14 13:46:26 29/03/21
56,54.3,19.195,1026.71,5.0,4.14 13:51:46 29/03/21
55,52.4,19.380001,1026.81,5.0,4.14 13:56:59 29/03/21
51,56.1,19.485,1026.83,5.0,4.14 14:02:12 29/03/21
53,50.6,19.52,1026.79,5.0,4.14 14:07:28 29/03/21
52,48.8,19.54,1026.84,5.0,4.14 14:12:42 29/03/21
56,52.6,19.61,1026.76,5.0,4.14 14:18:06 29/03/21
48,47.9,19.8,1026.74,5.0,4.14 14:23:19 29/03/21
53,48.9,19.805,1026.73,5.0,4.14 14:28:39 29/03/21
52,50.5,19.975,1026.65,5.0,4.14 14:33:58 29/03/21
54,48.7,20.17,1026.68,5.0,4.14 14:39:15 29/03/21
53,52.7,20.35,1026.61,5.0,4.14 14:44:30 29/03/21
50,44.9,20.48,1026.61,5.0,4.14 14:49:43 29/03/21
54,48.3,20.565,1026.54,5.0,4.14 14:55:01 29/03/21
50,45.4,20.525002,1026.52,5.0,4.14 15:00:12 29/03/21
50,42.7,20.505001,1026.52,5.0,4.14 15:05:27 29/03/21
56,49.2,20.595001,1026.51,5.0,4.14 15:10:51 29/03/21
54,44.2,20.77,1026.44,5.0,4.14 15:16:14 29/03/21
52,44.3,20.805,1026.44,5.0,4.14 15:21:31 29/03/21
53,42.4,20.805,1026.39,5.0,4.14 15:26:50 29/03/21
50,46.0,20.75,1026.36,5.0,4.14 15:32:08 29/03/21
46,43.7,20.81,1026.39,5.0,4.14 15:37:22 29/03/21
50,41.7,20.82,1026.31,5.0,4.14 15:42:39 29/03/21
51,42.3,20.835,1026.34,5.0,4.13 15:47:54 29/03/21
45,44.2,20.985,1026.43,5.0,4.14 15:53:07 29/03/21
46,46.5,21.085,1026.45,5.0,4.14 15:58:22 29/03/21
46,43.8,21.115002,1026.42,5.0,4.14 16:03:37 29/03/21
47,40.6,21.130001,1026.38,5.0,4.13 16:08:57 29/03/21
47,41.6,21.1,1026.34,5.0,4.14 16:14:08 29/03/21
44,43.1,21.04,1026.32,5.0,4.14 16:19:26 29/03/21
45,41.3,21.035,1026.32,5.0,4.13 16:24:41 29/03/21
45,43.5,21.025002,1026.33,5.0,4.13 16:29:53 29/03/21
40,42.6,21.015,1026.24,5.0,4.13 16:35:11 29/03/21
39,41.1,21.02,1026.38,5.0,4.13 16:40:24 29/03/21
39,38.0,20.93,1026.35,5.0,4.13 16:45:42 29/03/21
40,42.2,20.925,1026.36,5.0,4.13 16:50:54 29/03/21
42,43.4,21.005001,1026.34,5.0,4.13 16:56:09 29/03/21
39,45.4,21.11,1026.32,5.0,4.13 17:01:24 29/03/21
39,47.0,21.21,1026.34,5.0,4.13 17:06:40 29/03/21
41,41.8,21.145,1026.33,5.0,4.13 17:11:58 29/03/21
38,41.1,20.98,1026.31,5.0,4.13 17:17:18 29/03/21
32,43.8,20.9,1026.39,5.0,4.13 17:22:36 29/03/21
37,43.2,20.955,1026.38,5.0,4.13 17:28:00 29/03/21
35,41.8,20.904999,1026.34,5.0,4.13 17:33:21 29/03/21
36,45.0,20.95,1026.34,5.0,4.13 17:38:33 29/03/21
37,43.7,20.965,1026.23,5.0,4.13 17:43:49 29/03/21
36,44.8,20.985,1026.3,5.0,4.13 17:49:06 29/03/21
37,45.7,20.970001,1026.32,5.0,4.13 17:54:20 29/03/21
30,47.3,20.98,1026.31,5.0,4.13 17:59:33 29/03/21
30,46.5,20.99,1026.38,5.0,4.13 18:04:48 29/03/21
29,46.5,20.985,1026.32,5.0,4.13 18:10:05 29/03/21
34,46.8,20.970001,1026.34,5.0,4.13 18:15:19 29/03/21
28,44.9,20.83,1026.34,5.0,4.13 18:20:33 29/03/21
37,44.0,20.665,1026.38,5.0,4.13 18:25:50 29/03/21
30,45.5,20.619999,1026.33,5.0,4.13 18:31:03 29/03/21
32,44.2,20.465,1026.31,5.0,4.13 18:36:21 29/03/21
36,44.6,20.42,1026.38,5.0,4.13 18:41:44 29/03/21
32,45.2,20.349998,1026.39,5.0,4.13 18:46:59 29/03/21
31,45.7,20.265,1026.42,5.0,4.13 18:52:12 29/03/21
32,46.7,20.175,1026.42,5.0,4.13 18:57:30 29/03/21
28,45.6,20.085,1026.52,5.0,4.13 19:02:43 29/03/21
29,45.6,19.970001,1026.53,5.0,4.13 19:08:06 29/03/21
24,46.2,19.88,1026.47,5.0,4.13 19:13:21 29/03/21
22,47.5,19.705,1026.45,5.0,4.13 19:18:35 29/03/21
22,48.1,19.585,1026.49,5.0,4.13 19:23:54 29/03/21
14,46.7,19.470001,1026.55,5.0,4.13 19:29:05 29/03/21
13,47.5,19.355,1026.55,5.0,4.12 19:34:28 29/03/21
12,47.3,19.19,1026.5,5.0,4.12 19:39:49 29/03/21
11,48.0,19.0,1026.53,5.0,4.13 19:45:13 29/03/21
9,47.9,18.869999,1026.59,4.78,4.13 19:50:30 29/03/21
8,47.0,18.61,1026.65,4.4,4.12 19:55:49 29/03/21
5,47.2,18.395,1026.61,4.2,4.12 20:01:08 29/03/21
2,47.1,18.18,1026.67,3.75,4.12 20:06:21 29/03/21
3,47.5,17.96,1026.65,3.22,4.12 20:11:43 29/03/21
1,47.2,17.68,1026.69,2.66,4.12 20:17:00 29/03/21
0,47.3,17.404999,1026.79,2.03,4.12 20:22:14 29/03/21
0,47.6,17.17,1026.8,1.32,4.12 20:27:30 29/03/21
0,47.3,16.89,1026.84,0.71,4.12 20:32:43 29/03/21
0,47.8,16.6,1026.88,0.3,4.12 20:38:07 29/03/21
0,47.8,16.38,1026.9,0.12,4.12 20:43:20 29/03/21
0,47.8,16.105,1026.97,0.04,4.12 20:48:33 29/03/21
0,48.2,15.879999,1026.95,0.01,4.12 20:53:49 29/03/21
0,48.2,15.64,1027.04,0.0,4.12 20:59:02 29/03/21
0,48.8,15.424999,1027.07,0.0,4.12 21:04:16 29/03/21
0,49.4,15.225,1027.11,0.0,4.12 21:09:33 29/03/21
0,49.2,15.025,1027.12,0.0,4.12 21:14:46 29/03/21
0,49.4,14.815001,1027.2,0.0,4.12 21:20:07 29/03/21
0,49.5,14.625,1027.27,0.0,4.12 21:25:21 29/03/21
0,49.7,14.415,1027.27,0.0,4.12 21:30:36 29/03/21
0,50.2,14.225,1027.3,0.0,4.12 21:35:56 29/03/21
0,50.5,14.105,1027.3,0.0,4.11 21:41:14 29/03/21
0,50.9,13.915,1027.31,0.0,4.11 21:46:27 29/03/21
0,51.1,13.735001,1027.42,0.0,4.11 21:51:40 29/03/21
0,51.2,13.555,1027.43,0.0,4.11 21:56:59 29/03/21
0,51.4,13.445,1027.41,0.0,4.11 22:02:20 29/03/21
0,51.6,13.32,1027.42,0.0,4.11 22:07:31 29/03/21
0,51.8,13.145,1027.48,0.0,4.11 22:12:44 29/03/21
0,52.0,12.96,1027.45,0.0,4.11 22:17:58 29/03/21
0,52.1,12.825,1027.4,0.0,4.11 22:23:16 29/03/21
0,52.7,12.65,1027.41,0.0,4.11 22:28:25 29/03/21
0,53.3,12.465,1027.42,0.0,4.11 22:33:42 29/03/21
0,52.9,12.344999,1027.43,0.0,4.11 22:38:54 29/03/21
0,53.2,12.24,1027.52,0.0,4.11 22:44:07 29/03/21
0,53.2,12.13,1027.52,0.0,4.11 22:49:26 29/03/21
0,53.5,11.97,1027.58,0.0,4.11 22:54:47 29/03/21
0,53.6,11.925,1027.55,0.0,4.11 22:59:57 29/03/21
0,53.9,11.775,1027.55,0.0,4.11 23:05:09 29/03/21
0,54.6,11.67,1027.55,0.0,4.11 23:10:25 29/03/21
0,55.6,11.505,1027.6,0.0,4.11 23:15:40 29/03/21
0,54.6,11.46,1027.54,0.0,4.11 23:20:56 29/03/21
0,54.5,11.355,1027.49,0.0,4.11 23:26:14 29/03/21
0,54.7,11.26,1027.56,0.0,4.11 23:31:30 29/03/21
0,55.4,11.155001,1027.56,0.0,4.11 23:36:40 29/03/21
0,55.3,11.059999,1027.54,0.0,4.11 23:41:53 29/03/21
0,55.4,10.975,1027.6,0.0,4.11 23:47:16 29/03/21
0,54.9,10.940001,1027.58,0.0,4.11 23:52:33 29/03/21
0,55.7,10.844999,1027.64,0.0,4.11 23:57:43 29/03/21
