0,55.7,10.765,1027.7,0.0,4.11 00:02:58 30/03/21
0,56.5,10.74,1027.7,0.0,4.1 00:08:09 30/03/21
0,56.0,10.67,1027.72,0.0,4.11 00:13:28 30/03/21
0,55.3,10.645,1027.67,0.0,4.11 00:18:46 30/03/21
0,55.4,10.559999,1027.69,0.0,4.11 00:23:59 30/03/21
0,57.9,10.47,1027.77,0.0,4.11 00:29:20 30/03/21
0,56.2,10.385,1027.73,0.0,4.11 00:34:39 30/03/21
0,56.3,10.35,1027.76,0.0,4.11 00:39:57 30/03/21
0,56.2,10.26,1027.84,0.0,4.11 00:45:09 30/03/21
0,56.0,10.17,1027.83,0.0,4.11 00:50:23 30/03/21
0,56.5,10.075,1027.82,0.0,4.1 00:55:36 30/03/21
0,57.2,9.995,1027.88,0.0,4.1 01:00:49 30/03/21
0,56.6,9.955,1027.89,0.0,4.11 01:06:04 30/03/21
0,56.9,9.875,1027.9,0.0,4.11 01:11:17 30/03/21
0,56.8,9.77,1027.86,0.0,4.1 01:16:30 30/03/21
0,57.5,9.68,1027.82,0.0,4.1 01:21:43 30/03/21
0,59.3,9.645,1027.82,0.0,4.1 01:26:57 30/03/21
0,57.8,9.545,1027.84,0.0,4.11 01:32:10 30/03/21
0,58.1,9.450001,1027.91,0.0,4.1 01:37:24 30/03/21
0,58.3,9.365,1027.9,0.0,4.1 01:42:40 30/03/21
0,58.9,9.27,1027.89,0.0,4.1 01:47:52 30/03/21
0,58.9,9.175,1027.91,0.0,4.1 01:53:03 30/03/21
0,58.3,9.135,1027.95,0.0,4.1 01:58:17 30/03/21
0,58.5,9.049999,1027.91,0.0,4.1 02:03:29 30/03/21
0,61.9,8.99,1027.96,0.0,4.1 02:08:50 30/03/21
0,60.5,9.035,1028.02,0.0,4.1 02:14:06 30/03/21
0,62.5,8.97,1028.03,0.0,4.1 02:19:20 30/03/21
0,60.6,8.965,1028.05,0.0,4.1 02:24:37 30/03/21
0,60.7,8.965,1028.03,0.0,4.1 02:29:58 30/03/21
0,62.6,8.945,1027.97,0.0,4.1 02:35:15 30/03/21
0,61.4,8.87,1027.97,0.0,4.1 02:40:28 30/03/21
0,62.3,8.775,1027.94,0.0,4.1 02:45:43 30/03/21
0,63.0,8.74,1027.96,0.0,4.1 02:50:54 30/03/21
0,61.5,8.595,1027.96,0.0,4.1 02:56:09 30/03/21
0,61.4,8.545,1027.9,0.0,4.1 03:01:22 30/03/21
0,61.3,8.450001,1027.85,0.01,4.1 03:06:36 30/03/21
0,61.3,8.360001,1027.85,0.01,4.1 03:11:50 30/03/21
0,62.0,8.275,1027.85,0.01,4.1 03:17:02 30/03/21
0,61.9,8.184999,1027.86,0.01,4.1 03:22:15 30/03/21
0,61.5,8.085,1027.89,0.01,4.1 03:27:30 30/03/21
0,62.1,7.98,1027.92,0.01,4.1 03:32:40 30/03/21
0,61.7,7.88,1027.87,0.02,4.1 03:37:53 30/03/21
0,61.7,7.79,1027.89,0.01,4.1 03:43:07 30/03/21
0,63.2,7.76,1027.85,0.01,4.1 03:48:20 30/03/21
0,67.0,7.68,1027.81,0.01,4.09 03:53:32 30/03/21
0,64.8,7.65,1027.85,0.01,4.1 03:58:45 30/03/21
0,64.2,7.5649996,1027.8,0.01,4.1 04:03:59 30/03/21
0,65.0,7.4900002,1027.81,0.01,4.09 04:09:16 30/03/21
0,64.4,7.5200005,1027.77,0.01,4.1 04:14:32 30/03/21
0,67.8,7.395,1027.67,0.01,4.1 04:19:49 30/03/21
0,64.5,7.365,1027.66,0.01,4.09 04:25:01 30/03/21
0,65.1,7.2799997,1027.68,0.01,4.1 04:30:15 30/03/21
0,66.7,7.185,1027.63,0.01,4.09 04:35:28 30/03/21
0,65.8,7.1549997,1027.61,0.01,4.09 04:40:38 30/03/21
0,65.0,7.075,1027.62,0.01,4.09 04:45:55 30/03/21
0,65.1,6.98,1027.46,0.01,4.09 04:51:05 30/03/21
0,65.9,6.955,1027.46,0.01,4.1 04:56:19 30/03/21
0,67.6,6.885,1027.47,0.01,4.1 05:01:32 30/03/21
0,67.0,6.85,1027.44,0.01,4.1 05:06:44 30/03/21
0,68.0,6.77,1027.47,0.01,4.09 05:11:57 30/03/21
0,67.1,6.745,1027.5,0.01,4.09 05:17:09 30/03/21
0,67.2,6.59,1027.47,0.01,4.09 05:22:24 30/03/21
2,66.2,6.5550003,1027.47,0.0,4.1 05:27:36 30/03/21
4,66.3,6.465,1027.41,0.0,4.09 05:32:51 30/03/21
5,66.2,6.365,1027.42,0.0,4.09 05:38:01 30/03/21
6,68.4,6.26,1027.42,0.0,4.09 05:43:25 30/03/21
8,67.3,6.25,1027.45,0.0,4.09 05:48:36 30/03/21
7,70.3,6.165,1027.49,0.0,4.09 05:53:50 30/03/21
7,66.5,6.075,1027.47,0.0,4.09 05:59:01 30/03/21
8,68.8,6.05,1027.44,0.0,4.09 06:04:14 30/03/21
7,70.2,6.0299997,1027.38,0.0,4.09 06:09:28 30/03/21
7,68.2,5.965,1027.47,0.0,4.09 06:14:40 30/03/21
9,67.3,5.88,1027.45,0.0,4.09 06:19:57 30/03/21
10,67.7,5.8599997,1027.65,0.0,4.09 06:25:11 30/03/21
10,70.0,5.785,1027.66,0.0,4.09 06:30:21 30/03/21
10,68.7,5.69,1027.59,0.02,4.09 06:35:35 30/03/21
10,68.6,5.665,1027.69,0.06,4.09 06:40:44 30/03/21
10,69.2,5.585,1027.65,0.16,4.09 06:46:00 30/03/21
9,70.6,5.5550003,1027.64,0.37,4.09 06:51:10 30/03/21
10,69.1,5.4700003,1027.65,0.83,4.09 06:56:23 30/03/21
12,69.4,5.39,1027.73,1.67,4.09 07:01:37 30/03/21
14,71.7,5.37,1027.82,2.62,4.09 07:06:49 30/03/21
16,69.3,5.35,1027.84,3.41,4.09 07:12:01 30/03/21
23,69.9,5.2749996,1027.85,4.0,4.09 07:17:16 30/03/21
27,69.2,5.245,1027.98,4.18,4.09 07:22:29 30/03/21
31,69.5,5.17,1028.05,4.23,4.09 07:27:42 30/03/21
36,68.6,5.09,1028.1,4.79,4.09 07:32:54 30/03/21
42,71.1,5.085,1028.12,5.0,4.09 07:38:08 30/03/21
38,69.2,5.075,1028.18,4.57,4.09 07:43:18 30/03/21
43,71.7,5.0699997,1028.14,5.0,4.09 07:48:32 30/03/21
57,71.5,5.065,1028.14,5.0,4.09 07:53:48 30/03/21
54,70.2,5.08,1028.19,4.71,4.09 07:59:00 30/03/21
48,69.4,5.1400003,1028.26,5.0,4.09 08:04:12 30/03/21
55,69.4,5.225,1028.27,4.17,4.1 08:09:24 30/03/21
67,66.6,5.26,1028.33,5.0,4.09 08:14:40 30/03/21
50,66.8,5.3599997,1028.34,5.0,4.1 08:19:58 30/03/21
40,68.4,5.525,1028.37,4.95,4.1 08:25:09 30/03/21
43,68.1,5.65,1028.41,4.2,4.11 08:30:23 30/03/21
51,67.1,5.845,1028.44,4.95,4.12 08:35:36 30/03/21
47,65.8,6.025,1028.51,4.82,4.12 08:40:47 30/03/21
53,68.4,6.2349997,1028.55,4.22,4.13 08:46:03 30/03/21
53,66.5,6.45,1028.55,4.25,4.14 08:51:15 30/03/21
48,66.7,6.725,1028.55,4.22,4.14 08:56:26 30/03/21
67,72.3,7.09,1028.64,4.25,4.15 09:01:39 30/03/21
47,72.6,7.555,1028.71,4.26,4.16 09:06:54 30/03/21
44,75.9,8.065001,1028.69,4.26,4.17 09:12:06 30/03/21
44,71.3,8.625,1028.63,4.96,4.17 09:17:25 30/03/21
39,70.5,9.29,1028.61,5.0,4.18 09:22:42 30/03/21
35,70.2,9.9,1028.64,4.38,4.19 09:27:53 30/03/21
39,70.7,10.485,1028.63,4.32,4.2 09:33:09 30/03/21
37,70.4,11.16,1028.68,4.39,4.21 09:38:23 30/03/21
35,70.5,11.785,1028.68,4.75,4.21 09:43:35 30/03/21
41,67.5,12.184999,1028.67,5.0,4.15 09:48:56 30/03/21
39,68.5,12.445,1028.69,5.0,4.15 09:54:11 30/03/21
40,69.9,12.74,1028.68,5.0,4.15 09:59:25 30/03/21
42,68.4,13.025,1028.68,5.0,4.15 10:04:39 30/03/21
41,69.3,13.305,1028.6,5.0,4.15 10:09:53 30/03/21
44,66.9,14.725,1028.68,5.0,4.14 10:29:36 30/03/21
41,67.0,14.82,1028.64,5.0,4.14 10:34:45 30/03/21
43,67.2,14.865,1028.61,5.0,4.14 10:40:00 30/03/21
43,67.6,14.975,1028.63,5.0,4.14 10:45:14 30/03/21
43,67.8,15.16,1028.66,5.0,4.14 10:50:29 30/03/21
45,67.7,15.345,1028.62,5.0,4.14 10:55:44 30/03/21
44,66.9,15.545,1028.66,5.0,4.14 11:00:56 30/03/21
47,66.3,15.719999,1028.62,5.0,4.14 11:06:13 30/03/21
46,66.4,15.905,1028.58,5.0,4.14 11:11:26 30/03/21
45,66.2,16.14,1028.66,5.0,4.14 11:16:40 30/03/21
44,66.2,16.265,1028.67,5.0,4.14 11:21:53 30/03/21
48,66.0,16.475,1028.68,5.0,4.14 11:27:12 30/03/21
47,66.1,16.71,1028.63,5.0,4.14 11:32:23 30/03/21
44,66.1,16.925,1028.6,5.0,4.14 11:37:36 30/03/21
43,65.6,17.135,1028.57,5.0,4.14 11:42:51 30/03/21
46,66.0,17.43,1028.51,5.0,4.14 11:48:10 30/03/21
40,65.6,17.72,1028.44,5.0,4.14 11:53:20 30/03/21
35,65.3,17.915,1028.46,5.0,4.14 11:58:35 30/03/21
35,64.8,18.12,1028.47,5.0,4.14 12:03:49 30/03/21
45,63.9,18.314999,1028.42,5.0,4.14 12:09:04 30/03/21
48,63.7,18.515,1028.43,5.0,4.14 12:14:19 30/03/21
36,62.5,18.72,1028.38,5.0,4.14 12:19:32 30/03/21
33,62.2,18.9,1028.35,5.0,4.14 12:24:48 30/03/21
42,58.8,19.035,1028.3,5.0,4.14 12:30:03 30/03/21
45,61.3,19.115002,1028.24,5.0,4.14 12:35:23 30/03/21
46,59.8,19.295,1028.23,5.0,4.14 12:40:40 30/03/21
45,60.4,19.349998,1028.2,5.0,4.14 12:45:54 30/03/21
52,59.7,19.435001,1028.09,5.0,4.14 12:51:14 30/03/21
50,60.7,19.525002,1028.0,5.0,4.13 12:56:34 30/03/21
47,60.1,19.689999,1027.95,5.0,4.14 13:01:49 30/03/21
47,61.2,19.89,1027.9,5.0,4.13 13:07:03 30/03/21
45,60.6,20.095001,1027.81,5.0,4.13 13:12:17 30/03/21
43,60.5,20.385,1027.81,5.0,4.13 13:17:31 30/03/21
41,58.7,20.605,1027.66,5.0,4.14 13:22:47 30/03/21
42,59.7,20.779999,1027.59,5.0,4.13 13:28:06 30/03/21
41,59.7,20.955,1027.52,5.0,4.13 13:33:26 30/03/21
48,57.8,21.060001,1027.41,5.0,4.13 13:38:45 30/03/21
45,58.2,21.11,1027.36,5.0,4.13 13:44:05 30/03/21
43,58.6,21.369999,1027.35,5.0,4.13 13:49:18 30/03/21
43,57.2,21.585,1027.27,5.0,4.13 13:54:33 30/03/21
46,58.2,21.84,1027.21,5.0,4.13 13:59:49 30/03/21
50,56.0,22.07,1027.18,5.0,4.13 14:05:12 30/03/21
18,58.1,22.32,1027.17,5.0,4.13 14:10:29 30/03/21
46,58.2,22.51,1027.17,5.0,4.13 14:15:44 30/03/21
50,57.4,22.715,1027.07,5.0,4.13 14:21:13 30/03/21
42,56.7,22.92,1027.07,5.0,4.13 14:26:30 30/03/21
47,57.4,23.105,1026.96,5.0,4.13 14:31:51 30/03/21
46,54.9,23.165,1026.91,5.0,4.13 14:37:04 30/03/21
45,56.9,23.244999,1026.79,5.0,4.13 14:42:20 30/03/21
24,55.9,23.36,1026.69,5.0,4.13 14:47:36 30/03/21
45,54.8,23.545,1026.74,5.0,4.13 14:52:49 30/03/21
43,55.4,23.65,1026.58,5.0,4.13 14:58:03 30/03/21
46,54.0,23.665,1026.49,5.0,4.13 15:03:21 30/03/21
43,52.9,23.66,1026.45,5.0,4.13 15:08:35 30/03/21
47,55.4,23.665,1026.39,5.0,4.13 15:13:52 30/03/21
44,55.2,23.74,1026.3,5.0,4.13 15:19:06 30/03/21
43,54.7,23.835,1026.17,5.0,4.13 15:24:21 30/03/21
43,51.4,23.880001,1026.11,5.0,4.13 15:29:37 30/03/21
45,54.2,23.79,1026.03,5.0,4.13 15:34:54 30/03/21
46,52.7,23.86,1025.85,5.0,4.13 15:40:10 30/03/21
46,51.0,23.89,1025.81,5.0,4.13 15:45:24 30/03/21
42,50.9,23.885,1025.74,5.0,4.13 15:50:38 30/03/21
40,47.2,23.89,1025.66,5.0,4.13 15:55:54 30/03/21
44,52.7,23.869999,1025.69,5.0,4.13 16:01:10 30/03/21
41,51.0,23.880001,1025.65,5.0,4.13 16:06:24 30/03/21
42,53.3,23.880001,1025.6,5.0,4.13 16:11:40 30/03/21
39,50.3,23.835,1025.49,5.0,4.13 16:16:55 30/03/21
38,49.1,23.82,1025.43,5.0,4.13 16:22:11 30/03/21
33,51.8,23.79,1025.37,5.0,4.13 16:27:26 30/03/21
32,45.8,23.724998,1025.25,5.0,4.13 16:32:43 30/03/21
34,49.9,23.635,1025.24,5.0,4.13 16:37:57 30/03/21
29,48.6,23.630001,1025.12,5.0,4.13 16:43:14 30/03/21
31,50.2,23.64,1025.08,5.0,4.13 16:48:35 30/03/21
35,49.9,23.64,1025.02,5.0,4.13 16:53:53 30/03/21
35,51.0,23.625,1024.95,5.0,4.13 16:59:07 30/03/21
37,50.3,23.605,1024.88,5.0,4.13 17:04:25 30/03/21
34,50.1,23.62,1024.78,5.0,4.12 17:09:44 30/03/21
31,50.7,23.705,1024.76,5.0,4.12 17:15:03 30/03/21
36,51.3,23.675,1024.71,5.0,4.13 17:20:23 30/03/21
33,51.6,23.66,1024.63,5.0,4.12 17:25:36 30/03/21
37,50.4,23.645,1024.63,5.0,4.13 17:30:50 30/03/21
35,50.8,23.62,1024.67,5.0,4.13 17:36:07 30/03/21
33,49.8,23.54,1024.61,5.0,4.12 17:41:22 30/03/21
33,51.7,23.470001,1024.49,5.0,4.13 17:46:38 30/03/21
31,45.0,23.45,1024.41,5.0,4.12 17:51:51 30/03/21
27,49.2,23.240002,1024.39,5.0,4.12 17:57:06 30/03/21
28,50.9,23.259998,1024.33,5.0,4.12 18:02:23 30/03/21
32,51.6,23.259998,1024.29,5.0,4.12 18:07:38 30/03/21
33,50.1,23.205,1024.15,5.0,4.12 18:12:55 30/03/21
31,50.4,23.205,1024.1,5.0,4.12 18:18:08 30/03/21
22,50.6,23.2,1024.11,5.0,4.12 18:23:23 30/03/21
23,49.5,23.119999,1024.05,5.0,4.12 18:28:38 30/03/21
28,50.0,23.035,1024.02,5.0,4.12 18:33:55 30/03/21
31,50.0,23.025,1024.04,5.0,4.12 18:39:14 30/03/21
31,49.6,23.01,1023.93,5.0,4.12 18:44:28 30/03/21
28,49.9,22.92,1023.86,5.0,4.12 18:49:43 30/03/21
28,49.2,22.84,1023.83,5.0,4.12 18:54:56 30/03/21
23,48.0,22.740002,1023.74,5.0,4.12 19:00:10 30/03/21
25,48.1,22.57,1023.66,5.0,4.12 19:05:27 30/03/21
23,47.9,22.470001,1023.7,5.0,4.12 19:10:42 30/03/21
23,45.1,22.345,1023.66,5.0,4.12 19:15:56 30/03/21
22,45.7,22.154999,1023.69,5.0,4.12 19:21:13 30/03/21
19,44.2,21.939999,1023.64,5.0,4.12 19:26:31 30/03/21
13,45.9,21.75,1023.66,5.0,4.12 19:31:44 30/03/21
11,45.4,21.54,1023.72,5.0,4.12 19:36:57 30/03/21
10,45.6,21.33,1023.66,5.0,4.12 19:42:14 30/03/21
8,45.6,21.055,1023.64,4.91,4.11 19:47:28 30/03/21
7,45.5,20.78,1023.64,4.59,4.12 19:52:45 30/03/21
6,44.9,20.49,1023.65,4.23,4.12 19:58:00 30/03/21
4,44.8,20.175,1023.63,3.94,4.12 20:03:14 30/03/21
3,44.8,19.869999,1023.67,3.42,4.12 20:08:27 30/03/21
1,45.2,19.505001,1023.63,2.85,4.12 20:13:42 30/03/21
0,45.9,19.195,1023.53,2.2,4.11 20:18:57 30/03/21
0,45.2,18.970001,1023.55,1.53,4.12 20:24:11 30/03/21
0,45.7,18.695,1023.53,0.88,4.12 20:29:28 30/03/21
0,46.4,18.55,1023.51,0.42,4.12 20:34:42 30/03/21
0,46.5,18.369999,1023.51,0.19,4.11 20:39:56 30/03/21
0,46.2,18.19,1023.5,0.07,4.11 20:45:10 30/03/21
0,46.8,18.075,1023.5,0.02,4.11 20:50:30 30/03/21
0,47.0,17.904999,1023.45,0.0,4.11 20:55:48 30/03/21
0,47.0,17.73,1023.42,0.0,4.11 21:01:08 30/03/21
0,46.8,17.605,1023.4,0.0,4.11 21:06:26 30/03/21
0,47.1,17.485,1023.45,0.0,4.11 21:11:41 30/03/21
0,47.1,17.310001,1023.45,0.0,4.11 21:16:54 30/03/21
0,47.1,17.119999,1023.37,0.0,4.11 21:22:10 30/03/21
0,47.2,16.994999,1023.41,0.0,4.11 21:27:23 30/03/21
0,47.6,16.805,1023.4,0.0,4.11 21:32:37 30/03/21
0,47.7,16.615,1023.34,0.0,4.11 21:37:53 30/03/21
0,47.9,16.49,1023.33,0.0,4.11 21:43:06 30/03/21
0,48.0,16.31,1023.25,0.0,4.11 21:48:22 30/03/21
0,48.2,16.125,1023.28,0.0,4.11 21:53:36 30/03/21
0,48.5,15.99,1023.21,0.0,4.11 21:58:49 30/03/21
0,48.8,15.815001,1023.11,0.0,4.11 22:04:06 30/03/21
0,48.9,15.71,1023.08,0.0,4.11 22:09:19 30/03/21
0,49.3,15.54,1023.06,0.0,4.11 22:14:33 30/03/21
0,49.3,15.365,1023.05,0.0,4.11 22:19:48 30/03/21
0,49.6,15.24,1023.04,0.0,4.11 22:25:02 30/03/21
0,49.8,15.059999,1023.04,0.0,4.11 22:30:16 30/03/21
0,50.0,14.93,1023.02,0.0,4.11 22:35:29 30/03/21
0,50.2,14.755,1023.02,0.0,4.11 22:40:42 30/03/21
0,50.4,14.575,1022.91,0.0,4.11 22:45:56 30/03/21
0,50.5,14.450001,1022.88,0.0,4.11 22:51:16 30/03/21
0,51.3,14.280001,1022.83,0.0,4.11 22:56:35 30/03/21
0,51.1,14.16,1022.8,0.0,4.11 23:01:49 30/03/21
0,51.7,14.045,1022.82,0.0,4.11 23:07:07 30/03/21
0,51.3,13.925,1022.73,0.0,4.11 23:12:26 30/03/21
0,51.4,13.755,1022.68,0.0,4.11 23:17:39 30/03/21
0,51.6,13.645,1022.67,0.0,4.11 23:22:51 30/03/21
0,52.3,13.555,1022.77,0.0,4.11 23:28:05 30/03/21
0,52.5,13.455,1022.79,0.0,4.11 23:33:20 30/03/21
0,52.4,13.344999,1022.77,0.0,4.11 23:38:33 30/03/21
0,52.8,13.18,1022.71,0.0,4.1 23:43:49 30/03/21
0,52.9,13.075,1022.66,0.0,4.1 23:49:01 30/03/21
0,53.1,12.97,1022.65,0.0,4.11 23:54:18 30/03/21
0,53.0,12.865,1022.54,0.0,4.1 23:59:30 30/03/21
