0,99.9,2.7649999,989.15,0.0,4.1 00:03:53 01/02/21
0,99.9,2.775,989.14,0.0,4.1 00:09:11 01/02/21
0,99.9,2.8400002,989.08,0.0,4.1 00:14:27 01/02/21
0,99.9,2.845,989.07,0.0,4.1 00:19:38 01/02/21
0,99.9,2.795,989.12,0.0,4.1 00:24:50 01/02/21
0,99.9,2.845,989.13,0.0,4.1 00:30:04 01/02/21
0,99.9,2.845,989.07,0.0,4.1 00:35:15 01/02/21
0,99.9,2.855,989.07,0.0,4.1 00:40:28 01/02/21
0,99.9,2.865,989.05,0.0,4.1 00:45:40 01/02/21
0,99.9,2.8600001,988.96,0.0,4.1 00:50:54 01/02/21
0,99.9,2.865,988.95,0.0,4.1 00:56:11 01/02/21
0,99.9,2.9299998,988.89,0.0,4.1 01:01:26 01/02/21
0,99.9,2.875,988.85,0.0,4.1 01:06:38 01/02/21
0,99.9,2.885,988.81,0.0,4.1 01:11:56 01/02/21
0,99.9,2.945,988.8,0.0,4.1 01:17:13 01/02/21
0,99.9,2.945,988.7,0.0,4.1 01:22:25 01/02/21
0,99.9,2.9499998,988.68,0.01,4.09 01:27:39 01/02/21
0,99.9,2.9499998,988.55,0.0,4.1 01:32:49 01/02/21
0,99.9,2.96,988.53,0.0,4.1 01:38:01 01/02/21
0,99.9,2.9650002,988.5,0.0,4.1 01:43:13 01/02/21
0,99.9,2.9650002,988.41,0.0,4.1 01:48:28 01/02/21
0,99.9,2.975,988.31,0.0,4.1 01:53:45 01/02/21
0,99.9,2.98,988.2,0.0,4.09 01:59:01 01/02/21
0,99.9,3.035,988.18,0.0,4.1 02:04:13 01/02/21
0,99.9,2.9850001,988.09,0.0,4.09 02:09:43 01/02/21
0,99.9,3.0500002,988.1,0.0,4.1 02:14:53 01/02/21
0,99.9,3.04,988.03,0.0,4.1 02:20:07 01/02/21
0,99.9,2.9850001,987.94,0.0,4.1 02:25:21 01/02/21
0,99.9,2.9850001,987.95,0.0,4.09 02:30:32 01/02/21
0,99.9,3.04,987.95,0.0,4.1 02:35:43 01/02/21
0,99.9,3.04,987.88,0.0,4.1 02:40:57 01/02/21
0,99.9,3.0500002,987.85,0.0,4.1 02:46:10 01/02/21
0,99.9,3.0500002,987.77,0.0,4.09 02:51:23 01/02/21
0,99.9,3.06,987.7,0.0,4.09 02:56:34 01/02/21
0,99.9,3.06,987.74,0.0,4.09 03:01:45 01/02/21
0,99.9,3.065,987.77,0.0,4.1 03:06:58 01/02/21
0,99.9,3.0700002,987.68,0.0,4.09 03:12:10 01/02/21
0,99.9,3.065,987.63,0.0,4.09 03:17:29 01/02/21
0,99.9,3.075,987.6,0.0,4.09 03:22:46 01/02/21
0,99.9,3.075,987.6,0.0,4.09 03:27:56 01/02/21
0,99.9,3.125,987.61,0.0,4.09 03:33:10 01/02/21
0,99.9,3.085,987.58,0.0,4.1 03:38:22 01/02/21
0,99.9,3.13,987.58,0.0,4.09 03:43:35 01/02/21
0,99.9,3.135,987.5,0.0,4.09 03:48:54 01/02/21
0,99.9,3.15,987.49,0.0,4.09 03:54:09 01/02/21
0,99.9,3.145,987.53,0.0,4.09 03:59:20 01/02/21
0,99.9,3.155,987.49,0.0,4.09 04:04:33 01/02/21
0,99.9,3.145,987.49,0.0,4.09 04:09:44 01/02/21
0,99.9,3.15,987.51,0.0,4.09 04:14:56 01/02/21
0,99.9,3.155,987.49,0.0,4.09 04:20:10 01/02/21
0,99.9,3.15,987.4,0.0,4.09 04:25:23 01/02/21
0,99.9,3.1599998,987.41,0.0,4.09 04:30:39 01/02/21
0,99.9,3.1599998,987.35,0.0,4.09 04:36:00 01/02/21
0,99.9,3.17,987.41,0.0,4.09 04:41:15 01/02/21
0,99.9,3.165,987.48,0.0,4.09 04:46:27 01/02/21
0,99.9,3.165,987.47,0.0,4.09 04:51:40 01/02/21
0,99.9,3.17,987.39,0.0,4.09 04:56:53 01/02/21
0,99.9,3.175,987.45,0.0,4.09 05:02:07 01/02/21
0,99.9,3.19,987.49,0.0,4.09 05:07:21 01/02/21
0,99.9,3.25,987.45,0.0,4.09 05:12:31 01/02/21
0,99.9,3.255,987.43,0.0,4.09 05:17:44 01/02/21
0,99.9,3.27,987.48,0.0,4.09 05:22:54 01/02/21
0,99.9,3.28,987.44,0.0,4.09 05:28:09 01/02/21
0,99.9,3.2849998,987.44,0.0,4.09 05:33:21 01/02/21
0,99.9,3.345,987.48,0.0,4.09 05:38:37 01/02/21
0,99.9,3.355,987.47,0.0,4.09 05:43:45 01/02/21
0,99.9,3.3600001,987.56,0.0,4.09 05:49:03 01/02/21
0,99.9,3.37,987.57,0.0,4.09 05:54:18 01/02/21
0,99.9,3.375,987.56,0.0,4.09 05:59:32 01/02/21
0,99.9,3.375,987.5,0.0,4.09 06:04:44 01/02/21
0,99.9,3.435,987.43,0.0,4.09 06:09:55 01/02/21
0,99.9,3.38,987.53,0.0,4.09 06:15:07 01/02/21
0,99.9,3.3850002,987.56,0.0,4.09 06:20:26 01/02/21
0,99.9,3.44,987.5,0.0,4.09 06:25:41 01/02/21
0,99.9,3.395,987.52,0.0,4.09 06:30:54 01/02/21
0,99.9,3.455,987.59,0.0,4.09 06:36:10 01/02/21
0,99.9,3.455,987.62,0.0,4.09 06:41:21 01/02/21
0,99.9,3.4650002,987.68,0.0,4.09 06:46:33 01/02/21
0,99.9,3.4650002,987.73,0.0,4.09 06:51:45 01/02/21
0,99.9,3.4650002,987.71,0.0,4.09 06:56:57 01/02/21
0,99.9,3.4650002,987.76,0.0,4.08 07:02:10 01/02/21
0,99.9,3.48,987.78,0.0,4.09 07:07:21 01/02/21
0,99.9,3.48,987.84,0.0,4.09 07:12:33 01/02/21
0,99.9,3.4850001,987.9,0.0,4.09 07:17:45 01/02/21
0,99.9,3.4850001,987.99,0.01,4.09 07:23:00 01/02/21
0,99.9,3.4899998,988.06,0.02,4.08 07:28:12 01/02/21
0,99.9,3.54,988.03,0.05,4.09 07:33:25 01/02/21
0,99.9,3.495,988.05,0.12,4.09 07:38:35 01/02/21
0,99.9,3.495,988.14,0.27,4.09 07:43:50 01/02/21
1,99.9,3.4899998,988.12,0.64,4.09 07:49:00 01/02/21
2,99.9,3.55,988.23,1.22,4.09 07:54:13 01/02/21
3,99.9,3.55,988.26,1.92,4.08 07:59:28 01/02/21
6,99.9,3.555,988.34,2.56,4.09 08:04:42 01/02/21
8,99.9,3.565,988.46,3.23,4.08 08:09:53 01/02/21
11,99.9,3.565,988.57,3.67,4.08 08:15:08 01/02/21
14,99.9,3.575,988.66,4.05,4.08 08:20:25 01/02/21
17,99.9,3.57,988.7,4.17,4.09 08:25:36 01/02/21
25,99.9,3.575,988.71,4.71,4.09 08:30:50 01/02/21
24,99.9,3.585,988.78,4.64,4.09 08:36:02 01/02/21
28,99.9,3.64,988.79,4.8,4.09 08:41:14 01/02/21
32,99.9,3.645,988.84,4.62,4.09 08:46:28 01/02/21
38,99.9,3.66,988.95,5.0,4.09 08:51:40 01/02/21
40,99.9,3.665,988.94,5.0,4.09 08:56:51 01/02/21
46,99.9,3.735,989.04,4.89,4.09 09:02:05 01/02/21
46,99.9,3.7649999,989.05,4.46,4.09 09:07:16 01/02/21
48,99.9,3.78,989.06,5.0,4.09 09:12:30 01/02/21
58,99.9,3.8449998,989.04,5.0,4.09 09:17:47 01/02/21
52,99.9,3.8600001,989.06,4.81,4.09 09:23:02 01/02/21
56,99.9,3.88,989.13,4.15,4.09 09:28:16 01/02/21
62,99.9,3.955,989.22,4.22,4.09 09:33:29 01/02/21
65,99.9,3.9699998,989.16,5.0,4.09 09:38:41 01/02/21
77,99.9,4.045,989.24,4.24,4.1 09:43:54 01/02/21
65,99.9,4.0699997,989.26,5.0,4.1 09:49:05 01/02/21
68,99.9,4.145,989.23,4.22,4.1 09:54:17 01/02/21
80,99.9,4.175,989.43,4.44,4.1 09:59:30 01/02/21
73,99.9,4.245,989.54,4.15,4.1 10:04:49 01/02/21
70,99.9,4.2749996,989.62,4.61,4.1 10:10:09 01/02/21
70,99.9,4.345,989.65,5.0,4.1 10:15:27 01/02/21
77,99.9,4.36,989.71,5.0,4.1 10:20:38 01/02/21
74,99.9,4.385,989.76,5.0,4.1 10:25:52 01/02/21
80,99.9,4.455,989.76,4.45,4.1 10:31:03 01/02/21
76,99.9,4.5299997,989.82,4.16,4.1 10:36:14 01/02/21
83,99.9,4.545,989.89,4.47,4.1 10:41:29 01/02/21
80,99.9,4.5699997,990.03,5.0,4.11 10:46:41 01/02/21
89,99.9,4.6400003,990.04,4.16,4.11 10:51:55 01/02/21
84,99.9,4.67,990.12,4.34,4.11 10:57:07 01/02/21
79,99.9,4.745,990.16,4.17,4.11 11:02:17 01/02/21
87,99.9,4.765,990.21,4.17,4.11 11:07:30 01/02/21
81,99.9,4.845,990.38,5.0,4.11 11:12:44 01/02/21
80,99.9,4.87,990.52,5.0,4.11 11:17:56 01/02/21
87,99.9,4.9350004,990.55,5.0,4.11 11:23:08 01/02/21
78,99.9,4.965,990.65,5.0,4.11 11:28:20 01/02/21
87,99.9,5.025,990.7,4.24,4.12 11:33:33 01/02/21
92,99.9,5.04,990.84,5.0,4.12 11:38:53 01/02/21
77,99.9,5.0699997,990.96,5.0,4.12 11:44:07 01/02/21
84,99.9,5.085,991.05,4.17,4.12 11:49:23 01/02/21
78,99.9,5.1400003,991.03,5.0,4.12 11:54:33 01/02/21
89,99.9,5.145,991.05,4.25,4.12 11:59:49 01/02/21
81,99.9,5.165,991.11,5.0,4.12 12:04:57 01/02/21
84,99.9,5.225,991.08,5.0,4.12 12:10:12 01/02/21
75,99.9,5.245,991.14,4.87,4.12 12:15:24 01/02/21
77,99.9,5.26,991.21,4.18,4.12 12:20:35 01/02/21
81,99.9,5.27,991.22,4.24,4.12 12:25:50 01/02/21
87,99.9,5.2799997,991.34,4.76,4.13 12:31:02 01/02/21
96,99.9,5.2799997,991.37,5.0,4.13 12:36:15 01/02/21
79,99.9,5.345,991.49,5.0,4.12 12:41:28 01/02/21
87,99.9,5.3599997,991.46,4.17,4.13 12:46:46 01/02/21
95,99.9,5.37,991.63,4.26,4.13 12:52:02 01/02/21
81,99.9,5.44,991.66,5.0,4.13 12:57:14 01/02/21
62,99.9,5.445,991.78,5.0,4.12 13:02:25 01/02/21
80,99.9,5.44,991.87,4.98,4.12 13:07:42 01/02/21
64,99.9,5.445,992.02,4.9,4.13 13:12:52 01/02/21
85,99.9,5.39,992.01,5.0,4.12 13:18:05 01/02/21
81,99.9,5.445,992.04,5.0,4.12 13:23:23 01/02/21
74,99.9,5.45,992.03,4.68,4.13 13:28:40 01/02/21
68,99.9,5.455,992.14,4.34,4.13 13:33:51 01/02/21
61,99.9,5.455,992.24,4.86,4.12 13:39:03 01/02/21
74,99.9,5.445,992.29,4.72,4.12 13:44:25 01/02/21
64,99.9,5.45,992.33,4.3,4.13 13:49:37 01/02/21
68,99.9,5.45,992.36,4.17,4.13 13:54:49 01/02/21
70,99.9,5.3999996,992.44,4.17,4.13 14:00:03 01/02/21
65,99.9,5.445,992.37,5.0,4.12 14:05:14 01/02/21
65,99.9,5.445,992.46,5.0,4.12 14:10:30 01/02/21
65,99.9,5.45,992.51,4.78,4.13 14:15:40 01/02/21
64,99.9,5.445,992.55,4.66,4.12 14:20:53 01/02/21
56,99.9,5.395,992.64,5.0,4.12 14:26:06 01/02/21
64,99.9,5.385,992.69,5.0,4.12 14:31:20 01/02/21
61,99.9,5.38,992.72,5.0,4.13 14:36:32 01/02/21
73,99.9,5.37,992.87,4.79,4.13 14:41:52 01/02/21
63,99.9,5.365,992.93,5.0,4.12 14:47:06 01/02/21
75,99.9,5.37,992.89,4.18,4.13 14:52:24 01/02/21
65,99.9,5.38,993.0,5.0,4.13 14:57:39 01/02/21
71,99.9,5.37,993.05,4.92,4.13 15:02:53 01/02/21
74,99.9,5.37,993.21,4.23,4.12 15:08:12 01/02/21
67,99.9,5.38,993.3,5.0,4.12 15:13:30 01/02/21
78,99.9,5.375,993.4,5.0,4.13 15:18:52 01/02/21
77,99.9,5.385,993.57,4.78,4.13 15:24:09 01/02/21
71,99.9,5.385,993.69,4.62,4.13 15:29:26 01/02/21
65,99.9,5.385,993.8,4.36,4.13 15:34:44 01/02/21
68,99.9,5.39,993.85,4.55,4.13 15:39:55 01/02/21
76,99.9,5.39,993.98,5.0,4.13 15:45:18 01/02/21
67,99.9,5.45,994.07,5.0,4.12 15:50:29 01/02/21
59,99.9,5.455,994.22,5.0,4.13 15:55:41 01/02/21
45,99.9,5.45,994.36,5.0,4.13 16:00:53 01/02/21
45,99.9,5.39,994.37,4.51,4.12 16:06:07 01/02/21
39,99.9,5.385,994.52,5.0,4.13 16:11:19 01/02/21
45,99.9,5.37,994.58,5.0,4.13 16:16:33 01/02/21
42,99.9,5.3599997,994.61,4.21,4.12 16:21:44 01/02/21
38,99.9,5.35,994.7,4.45,4.12 16:26:59 01/02/21
34,99.9,5.295,994.84,4.52,4.12 16:32:09 01/02/21
34,99.9,5.285,994.88,4.6,4.12 16:37:23 01/02/21
33,99.9,5.2749996,994.91,4.75,4.12 16:42:35 01/02/21
37,99.9,5.265,995.0,4.64,4.12 16:47:57 01/02/21
28,99.9,5.26,995.14,4.37,4.12 16:53:08 01/02/21
26,99.9,5.19,995.31,4.27,4.12 16:58:23 01/02/21
21,99.9,5.125,995.4,4.24,4.12 17:03:35 01/02/21
16,99.9,5.105,995.54,4.08,4.12 17:08:49 01/02/21
11,99.9,5.085,995.71,3.46,4.12 17:14:00 01/02/21
10,99.9,5.075,995.9,3.22,4.12 17:19:20 01/02/21
8,99.9,5.065,995.96,2.89,4.12 17:24:33 01/02/21
9,99.9,4.985,996.03,2.89,4.12 17:29:48 01/02/21
11,99.9,4.9750004,996.13,2.47,4.12 17:35:04 01/02/21
12,99.9,4.9049997,996.3,2.05,4.11 17:40:21 01/02/21
11,99.9,4.89,996.52,1.54,4.12 17:45:33 01/02/21
10,99.9,4.865,996.55,1.11,4.11 17:50:51 01/02/21
6,99.9,4.85,996.59,0.5,4.11 17:56:08 01/02/21
5,99.9,4.79,996.68,0.2,4.12 18:01:18 01/02/21
4,99.9,4.7749996,996.72,0.09,4.11 18:06:30 01/02/21
4,99.9,4.705,996.78,0.03,4.11 18:11:50 01/02/21
4,99.9,4.7,996.86,0.01,4.11 18:17:04 01/02/21
4,99.9,4.7,997.02,0.01,4.11 18:22:18 01/02/21
3,99.9,4.685,997.06,0.01,4.11 18:27:30 01/02/21
3,99.9,4.675,997.2,0.0,4.11 18:32:42 01/02/21
3,99.9,4.66,997.19,0.0,4.11 18:37:58 01/02/21
3,99.9,4.665,997.27,0.0,4.11 18:43:09 01/02/21
3,99.9,4.61,997.45,0.0,4.11 18:48:22 01/02/21
3,99.9,4.605,997.55,0.0,4.11 18:53:41 01/02/21
3,99.9,4.61,997.52,0.0,4.11 18:59:08 01/02/21
3,99.9,4.665,997.61,0.0,4.11 19:04:25 01/02/21
3,99.9,4.66,997.65,0.0,4.11 19:09:36 01/02/21
3,99.9,4.5950003,997.68,0.0,4.11 19:14:50 01/02/21
2,99.9,4.5950003,997.79,0.0,4.11 19:20:02 01/02/21
2,99.9,4.575,997.9,0.0,4.11 19:25:16 01/02/21
3,99.9,4.565,997.96,0.0,4.11 19:30:28 01/02/21
2,99.9,4.56,998.02,0.0,4.11 19:35:38 01/02/21
3,99.9,4.495,998.24,0.0,4.11 19:40:53 01/02/21
2,99.9,4.48,998.3,0.0,4.11 19:46:04 01/02/21
2,99.9,4.465,998.41,0.0,4.11 19:51:16 01/02/21
2,99.9,4.405,998.39,0.0,4.11 19:56:31 01/02/21
2,99.9,4.395,998.3,0.0,4.11 20:01:48 01/02/21
2,99.9,4.395,998.37,0.0,4.11 20:07:05 01/02/21
3,99.9,4.38,998.41,0.0,4.11 20:12:15 01/02/21
1,99.9,4.37,998.4,0.0,4.11 20:17:27 01/02/21
1,99.9,4.3650002,998.44,0.0,4.11 20:22:40 01/02/21
1,99.9,4.36,998.42,0.0,4.11 20:27:54 01/02/21
2,99.9,4.31,998.75,0.0,4.11 20:33:08 01/02/21
1,99.9,4.355,998.92,0.0,4.11 20:38:20 01/02/21
1,99.9,4.31,999.13,0.0,4.11 20:43:33 01/02/21
1,99.9,4.88,999.29,0.0,4.1 21:03:13 01/02/21
1,99.9,4.745,999.42,0.0,4.1 21:08:27 01/02/21
1,99.9,4.535,999.61,0.0,4.1 21:13:39 01/02/21
1,99.9,4.45,999.56,0.0,4.1 21:18:52 01/02/21
1,99.9,4.385,999.52,0.0,4.1 21:24:04 01/02/21
1,99.9,4.37,999.69,0.0,4.1 21:29:16 01/02/21
1,99.9,4.3650002,999.64,0.0,4.1 21:34:35 01/02/21
1,99.9,4.3199997,999.61,0.0,4.1 21:39:59 01/02/21
1,99.9,4.385,999.79,0.0,4.1 21:45:13 01/02/21
1,99.9,4.385,999.73,0.0,4.1 21:50:25 01/02/21
1,99.9,4.385,999.7,0.0,4.1 21:55:44 01/02/21
1,99.9,4.39,999.69,0.0,4.1 22:00:58 01/02/21
1,99.9,4.385,999.48,0.0,4.1 22:06:14 01/02/21
0,99.9,4.395,999.43,0.0,4.1 22:11:32 01/02/21
1,99.9,4.39,999.42,0.0,4.1 22:16:50 01/02/21
1,99.9,4.45,999.48,0.0,4.1 22:22:05 01/02/21
1,99.9,4.4,999.52,0.0,4.09 22:27:30 01/02/21
1,99.9,4.47,999.65,0.0,4.1 22:32:46 01/02/21
1,99.9,4.46,999.75,0.0,4.1 22:38:02 01/02/21
1,99.9,4.465,999.79,0.0,4.1 22:43:13 01/02/21
1,99.9,4.48,1000.02,0.0,4.1 22:48:25 01/02/21
1,99.9,4.48,999.79,0.0,4.1 22:53:39 01/02/21
1,99.9,4.485,999.92,0.0,4.1 22:58:50 01/02/21
1,99.9,4.495,1000.12,0.0,4.1 23:04:08 01/02/21
1,99.9,4.5,1000.26,0.0,4.1 23:09:22 01/02/21
0,99.9,4.5550003,1000.35,0.0,4.1 23:14:37 01/02/21
1,99.9,4.5099998,1000.44,0.0,4.1 23:19:57 01/02/21
1,99.9,4.5699997,1000.47,0.0,4.1 23:25:11 01/02/21
1,99.9,4.5699997,1000.59,0.0,4.1 23:30:22 01/02/21
1,99.9,4.58,1000.74,0.0,4.1 23:35:35 01/02/21
1,99.9,4.585,1000.75,0.0,4.1 23:40:55 01/02/21
1,99.9,4.585,1000.79,0.0,4.1 23:41:16 01/02/21
1,99.9,4.665,1000.75,0.0,4.1 23:46:28 01/02/21
1,99.9,4.665,1000.76,0.0,4.1 23:51:39 01/02/21
1,99.9,4.66,1000.77,0.0,4.1 23:56:52 01/02/21
