1,99.9,4.665,1000.78,0.0,4.1 00:02:05 02/02/21
2,99.9,5.34,1000.9,0.0,4.09 00:21:47 02/02/21
1,99.9,5.515,1000.84,0.0,4.08 00:41:22 02/02/21
1,99.9,5.26,1000.84,0.0,4.08 00:46:40 02/02/21
1,99.9,5.04,1000.85,0.0,4.08 00:51:59 02/02/21
1,99.9,4.945,1000.99,0.0,4.08 00:57:27 02/02/21
1,99.9,4.88,1000.97,0.0,4.09 01:02:38 02/02/21
0,99.9,4.8599997,1000.93,0.0,4.09 01:07:48 02/02/21
1,99.9,4.855,1000.83,0.0,4.09 01:13:04 02/02/21
1,99.9,4.845,1000.8,0.0,4.08 01:18:20 02/02/21
1,99.9,4.8,1000.75,0.0,4.09 01:23:36 02/02/21
0,99.9,4.79,1000.56,0.0,4.09 01:28:47 02/02/21
1,99.9,4.79,1000.48,0.0,4.08 01:34:10 02/02/21
1,99.9,4.84,1000.44,0.0,4.08 01:39:32 02/02/21
1,99.9,4.85,1000.58,0.0,4.09 01:44:43 02/02/21
1,99.9,4.835,1000.5,0.0,4.09 01:49:56 02/02/21
1,99.9,4.79,1000.54,0.0,4.09 01:55:08 02/02/21
1,99.9,4.79,1000.54,0.0,4.09 02:00:20 02/02/21
0,99.9,5.51,1000.57,0.0,4.08 02:19:55 02/02/21
1,99.9,5.32,1000.79,0.0,4.08 02:25:23 02/02/21
1,99.9,5.12,1000.93,0.0,4.08 02:30:37 02/02/21
1,99.9,5.0299997,1001.09,0.0,4.08 02:35:51 02/02/21
1,99.9,4.965,1001.06,0.0,4.08 02:41:05 02/02/21
1,99.9,4.955,1001.06,0.0,4.08 02:46:20 02/02/21
1,99.9,4.96,1001.01,0.0,4.08 02:51:39 02/02/21
1,99.9,4.955,1001.02,0.0,4.08 02:56:50 02/02/21
1,99.9,4.955,1000.81,0.0,4.08 03:02:02 02/02/21
1,99.9,4.95,1000.84,0.0,4.08 03:07:15 02/02/21
1,99.9,4.895,1000.9,0.0,4.08 03:12:28 02/02/21
0,99.9,5.475,1000.71,0.0,4.07 03:32:03 02/02/21
0,99.9,5.3500004,1000.52,0.0,4.08 03:37:15 02/02/21
1,99.9,5.1400003,1000.38,0.0,4.08 03:42:27 02/02/21
1,99.9,5.06,1000.23,0.0,4.08 03:47:39 02/02/21
1,99.9,4.98,1000.2,0.0,4.07 03:52:57 02/02/21
1,99.9,4.9750004,1000.26,0.0,4.08 03:58:18 02/02/21
0,99.9,4.9700003,1000.38,0.0,4.08 04:03:35 02/02/21
1,99.9,4.965,1000.48,0.0,4.08 04:08:48 02/02/21
0,99.9,4.965,1000.46,0.0,4.08 04:14:00 02/02/21
0,99.9,4.9700003,1000.39,0.0,4.08 04:19:13 02/02/21
1,99.9,4.9700003,1000.23,0.0,4.08 04:24:31 02/02/21
1,99.9,4.9750004,1000.09,0.0,4.07 04:29:47 02/02/21
1,99.9,4.9750004,1000.02,0.0,4.07 04:35:05 02/02/21
1,99.9,4.98,999.94,0.0,4.08 04:40:20 02/02/21
0,99.9,4.98,999.86,0.0,4.08 04:45:32 02/02/21
1,99.9,4.965,999.94,0.0,4.08 04:50:46 02/02/21
1,99.9,4.9700003,999.83,0.0,4.07 04:56:00 02/02/21
1,99.9,4.965,999.79,0.0,4.08 05:01:11 02/02/21
1,99.9,4.965,999.59,0.0,4.08 05:06:22 02/02/21
1,99.9,4.965,999.41,0.0,4.07 05:11:35 02/02/21
1,99.9,4.96,999.25,0.0,4.07 05:16:52 02/02/21
1,99.9,4.9700003,999.12,0.0,4.07 05:22:00 02/02/21
2,99.9,4.9700003,998.95,0.0,4.07 05:27:17 02/02/21
1,99.9,4.98,998.83,0.0,4.07 05:32:28 02/02/21
1,99.9,4.9750004,998.63,0.0,4.07 05:37:38 02/02/21
1,99.9,4.98,998.71,0.0,4.07 05:42:52 02/02/21
1,99.9,4.985,998.65,0.0,4.07 05:48:04 02/02/21
1,99.9,5.0,998.63,0.0,4.07 05:53:19 02/02/21
1,99.9,5.06,998.62,0.0,4.07 05:58:29 02/02/21
1,99.9,5.0699997,998.61,0.0,4.07 06:03:43 02/02/21
1,99.9,5.075,998.4,0.0,4.07 06:08:58 02/02/21
1,99.9,5.09,998.4,0.0,4.07 06:14:11 02/02/21
1,99.9,5.105,998.33,0.0,4.07 06:19:21 02/02/21
1,99.9,5.105,998.25,0.0,4.07 06:24:32 02/02/21
1,99.9,5.16,998.24,0.0,4.07 06:29:46 02/02/21
1,99.9,5.165,998.11,0.0,4.07 06:34:59 02/02/21
0,99.9,5.165,998.05,0.0,4.07 06:40:12 02/02/21
0,99.9,5.175,997.99,0.0,4.07 06:45:25 02/02/21
0,99.9,5.185,997.77,0.0,4.07 06:50:35 02/02/21
0,99.9,5.19,997.57,0.0,4.07 06:55:50 02/02/21
0,99.9,5.1949997,997.5,0.0,4.07 07:01:02 02/02/21
0,99.9,5.1949997,997.45,0.0,4.07 07:06:16 02/02/21
0,99.9,5.1949997,997.42,0.0,4.07 07:11:26 02/02/21
0,99.9,5.2,997.33,0.0,4.07 07:16:40 02/02/21
0,99.9,5.2,997.33,0.0,4.07 07:21:54 02/02/21
0,99.9,5.205,997.13,0.01,4.07 07:27:04 02/02/21
0,99.9,5.215,997.01,0.02,4.07 07:32:17 02/02/21
0,99.9,5.2799997,996.86,0.04,4.07 07:37:30 02/02/21
0,99.9,5.2799997,996.77,0.09,4.07 07:42:44 02/02/21
0,99.9,5.295,996.69,0.26,4.07 07:47:56 02/02/21
1,99.9,5.345,996.76,0.6,4.07 07:53:10 02/02/21
2,99.9,5.3050003,996.77,1.27,4.07 07:58:22 02/02/21
3,99.9,5.315,996.62,1.9,4.07 08:03:33 02/02/21
5,99.9,5.37,996.51,2.38,4.07 08:08:47 02/02/21
8,99.9,5.3599997,996.34,3.0,4.07 08:14:03 02/02/21
8,99.9,5.38,996.31,3.11,4.07 08:19:12 02/02/21
12,99.9,5.385,996.26,3.63,4.07 08:24:25 02/02/21
13,99.9,5.39,996.21,4.05,4.07 08:29:36 02/02/21
21,99.9,5.3999996,996.07,4.18,4.07 08:34:54 02/02/21
22,99.9,5.4750004,996.0,4.2,4.07 08:40:16 02/02/21
19,99.9,5.5,995.91,4.19,4.07 08:45:31 02/02/21
23,99.9,5.505,995.89,4.23,4.07 08:50:45 02/02/21
29,99.9,5.5699997,995.83,4.35,4.07 08:55:58 02/02/21
31,99.9,5.585,995.74,4.18,4.07 09:01:10 02/02/21
32,99.9,5.66,995.68,4.14,4.07 09:06:24 02/02/21
36,99.9,5.6800003,995.64,5.0,4.07 09:11:35 02/02/21
42,99.9,5.6949997,995.56,5.0,4.07 09:16:47 02/02/21
46,99.9,5.755,995.56,4.74,4.08 09:22:00 02/02/21
44,99.9,5.79,995.46,4.79,4.08 09:27:14 02/02/21
42,99.9,5.81,995.53,4.92,4.07 09:32:27 02/02/21
48,99.9,5.88,995.39,5.0,4.07 09:37:46 02/02/21
44,99.9,5.8999996,995.25,4.33,4.07 09:43:01 02/02/21
47,99.9,5.955,995.16,5.0,4.07 09:48:14 02/02/21
58,99.9,5.98,995.14,4.15,4.08 09:53:25 02/02/21
56,99.9,6.06,995.11,5.0,4.07 09:58:40 02/02/21
53,99.9,6.15,995.05,5.0,4.08 10:03:50 02/02/21
56,99.9,6.16,995.03,5.0,4.07 10:09:06 02/02/21
57,99.9,6.23,994.99,4.26,4.08 10:14:18 02/02/21
57,99.9,6.255,995.0,5.0,4.08 10:19:30 02/02/21
59,99.9,6.2749996,994.97,4.15,4.08 10:24:42 02/02/21
65,99.9,6.35,994.85,4.15,4.08 10:29:57 02/02/21
71,99.9,6.38,994.83,4.15,4.09 10:35:09 02/02/21
58,99.9,6.4700003,994.86,4.84,4.08 10:40:20 02/02/21
63,99.9,6.56,994.79,5.0,4.08 10:45:34 02/02/21
65,99.9,6.63,994.71,4.15,4.08 10:50:46 02/02/21
71,99.9,6.665,994.75,4.3,4.08 10:56:00 02/02/21
90,99.9,6.755,994.77,5.0,4.09 11:01:14 02/02/21
75,99.9,6.8599997,994.81,5.0,4.08 11:06:24 02/02/21
79,99.9,6.95,994.79,4.2,4.09 11:11:39 02/02/21
107,99.9,7.06,994.74,4.68,4.1 11:16:54 02/02/21
92,99.9,7.31,994.76,4.45,4.1 11:22:04 02/02/21
106,99.9,7.51,994.77,4.16,4.1 11:27:21 02/02/21
96,99.9,7.785,994.72,4.22,4.11 11:32:37 02/02/21
107,99.9,8.005,994.8,4.26,4.11 11:37:52 02/02/21
120,99.9,8.21,994.79,4.4,4.13 11:43:05 02/02/21
85,99.9,8.495,994.75,5.0,4.1 11:48:18 02/02/21
99,99.9,8.685,994.76,5.0,4.11 11:53:31 02/02/21
114,99.9,8.865,994.79,5.0,4.12 11:58:45 02/02/21
115,99.9,9.004999,994.79,4.22,4.14 12:03:56 02/02/21
108,99.9,9.21,994.82,4.2,4.13 12:09:10 02/02/21
114,99.9,9.38,994.89,4.22,4.14 12:14:22 02/02/21
129,99.9,9.559999,994.89,5.0,4.12 12:19:40 02/02/21
87,99.9,9.66,994.85,5.0,4.13 12:24:57 02/02/21
81,99.9,9.72,994.91,5.0,4.12 12:30:10 02/02/21
78,99.9,9.785,994.9,4.17,4.12 12:35:23 02/02/21
87,99.9,9.799999,994.85,4.58,4.11 12:40:38 02/02/21
99,99.9,9.885,994.8,5.0,4.12 12:45:56 02/02/21
103,99.9,9.925,994.86,4.57,4.13 12:51:16 02/02/21
103,99.9,10.025,994.83,5.0,4.13 12:56:34 02/02/21
97,99.9,10.125,994.95,4.58,4.13 13:01:48 02/02/21
71,99.9,10.215,994.97,4.49,4.12 13:06:59 02/02/21
80,99.9,10.299999,995.04,4.24,4.12 13:12:14 02/02/21
89,99.9,10.4,995.11,4.28,4.13 13:17:28 02/02/21
82,99.9,10.425,995.09,5.0,4.13 13:22:42 02/02/21
92,99.9,10.5,995.11,4.24,4.13 13:27:53 02/02/21
97,99.9,10.535,995.16,4.58,4.14 13:33:06 02/02/21
94,99.9,10.645,995.12,5.0,4.14 13:38:22 02/02/21
105,99.9,10.73,995.09,4.6,4.15 13:43:35 02/02/21
86,99.9,10.85,995.04,4.24,4.13 13:48:46 02/02/21
83,99.9,10.915,995.01,4.79,4.12 13:54:01 02/02/21
83,99.9,10.934999,995.01,4.44,4.13 13:59:14 02/02/21
73,99.9,10.945,994.96,4.68,4.13 14:04:26 02/02/21
75,99.9,10.99,995.01,4.89,4.13 14:09:41 02/02/21
83,99.9,10.934999,995.01,4.29,4.14 14:14:53 02/02/21
82,99.9,11.014999,995.04,4.34,4.14 14:20:07 02/02/21
73,99.9,11.025,995.12,4.93,4.13 14:25:21 02/02/21
79,99.9,11.1,995.16,4.67,4.15 14:30:40 02/02/21
65,99.9,11.13,995.17,4.22,4.15 14:35:55 02/02/21
70,99.9,11.155001,995.28,5.0,4.13 14:41:10 02/02/21
105,99.9,11.225,995.36,4.25,4.15 14:46:23 02/02/21
105,99.9,11.235001,995.32,4.22,4.15 14:51:36 02/02/21
110,99.9,11.245001,995.28,4.27,4.17 14:56:50 02/02/21
117,99.9,11.335,995.27,4.28,4.18 15:02:09 02/02/21
110,99.9,11.51,995.39,5.0,4.19 15:07:30 02/02/21
83,99.9,11.535,995.41,4.27,4.17 15:12:46 02/02/21
74,99.9,11.549999,995.42,5.0,4.17 15:17:59 02/02/21
55,99.9,11.545,995.44,5.0,4.16 15:23:13 02/02/21
50,99.9,11.545,995.45,5.0,4.16 15:28:29 02/02/21
54,99.9,11.54,995.49,5.0,4.15 15:33:47 02/02/21
55,99.9,11.545,995.53,5.0,4.15 15:39:04 02/02/21
35,99.9,11.555,995.53,5.0,4.15 15:44:15 02/02/21
38,99.9,11.549999,995.57,5.0,4.15 15:49:30 02/02/21
40,99.9,11.54,995.63,5.0,4.15 15:54:44 02/02/21
56,99.9,11.53,995.66,5.0,4.15 15:59:57 02/02/21
52,99.9,11.6,995.67,5.0,4.15 16:05:11 02/02/21
25,99.9,11.575,995.68,5.0,4.15 16:10:22 02/02/21
26,99.9,11.549999,995.71,5.0,4.15 16:15:41 02/02/21
19,99.9,11.47,995.8,5.0,4.15 16:20:59 02/02/21
17,99.9,11.43,995.78,5.0,4.15 16:26:14 02/02/21
15,99.9,11.355,995.89,5.0,4.15 16:31:26 02/02/21
27,99.9,11.27,995.79,5.0,4.15 16:36:39 02/02/21
16,99.9,11.25,996.02,5.0,4.15 16:41:53 02/02/21
15,99.9,11.18,996.08,4.85,4.15 16:47:07 02/02/21
11,99.9,11.165,996.11,4.4,4.15 16:52:18 02/02/21
7,99.9,11.155001,996.22,4.2,4.14 16:57:34 02/02/21
15,99.9,11.094999,996.12,4.22,4.14 17:02:46 02/02/21
11,99.9,11.08,996.18,4.24,4.14 17:08:01 02/02/21
10,99.9,11.07,996.16,4.23,4.14 17:13:24 02/02/21
8,99.9,11.08,996.22,4.15,4.14 17:18:36 02/02/21
6,99.9,11.075,996.32,4.0,4.14 17:23:49 02/02/21
5,99.9,11.049999,996.31,3.81,4.14 17:29:02 02/02/21
5,99.9,11.045,996.45,3.54,4.14 17:34:15 02/02/21
4,99.9,10.985001,996.5,3.18,4.14 17:39:33 02/02/21
2,99.9,11.035,996.38,2.77,4.14 17:44:51 02/02/21
1,99.9,10.975,996.39,2.37,4.14 17:50:03 02/02/21
0,99.9,10.96,996.4,1.72,4.14 17:55:17 02/02/21
0,99.9,10.885,996.52,1.03,4.14 18:00:30 02/02/21
0,99.9,10.85,996.58,0.32,4.14 18:05:44 02/02/21
0,99.9,10.77,996.65,0.09,4.14 18:11:02 02/02/21
0,99.9,10.745001,996.65,0.03,4.14 18:16:19 02/02/21
0,99.9,10.73,996.73,0.0,4.14 18:21:36 02/02/21
1,99.9,10.675,996.8,0.0,4.14 18:26:53 02/02/21
1,99.9,10.675,996.82,0.0,4.14 18:32:09 02/02/21
0,99.9,10.72,996.81,0.0,4.14 18:37:20 02/02/21
0,99.9,10.665,996.91,0.0,4.14 18:42:33 02/02/21
1,99.9,10.665,996.93,0.0,4.14 18:47:49 02/02/21
1,99.9,10.67,996.95,0.0,4.14 18:53:02 02/02/21
1,99.9,10.675,996.95,0.0,4.14 18:58:14 02/02/21
1,99.9,10.67,996.95,0.0,4.14 19:03:27 02/02/21
1,99.9,10.66,997.05,0.0,4.14 19:08:45 02/02/21
5,99.9,10.65,997.03,0.0,4.13 19:13:55 02/02/21
1,99.9,10.635,997.08,0.0,4.14 19:19:08 02/02/21
1,99.9,10.635,997.11,0.0,4.13 19:24:22 02/02/21
1,99.9,10.585,997.07,0.0,4.13 19:29:35 02/02/21
1,99.9,10.62,997.02,0.0,4.14 19:34:48 02/02/21
1,99.9,10.575,997.01,0.0,4.14 19:40:00 02/02/21
1,99.9,10.565,997.02,0.0,4.13 19:45:14 02/02/21
1,99.9,10.555,997.02,0.0,4.13 19:50:29 02/02/21
2,99.9,10.559999,997.08,0.0,4.13 19:55:42 02/02/21
1,99.9,10.559999,997.19,0.0,4.13 20:00:54 02/02/21
0,99.9,10.559999,997.13,0.0,4.13 20:06:08 02/02/21
1,99.9,10.549999,997.14,0.0,4.13 20:11:22 02/02/21
1,99.9,10.555,997.11,0.0,4.13 20:16:34 02/02/21
1,99.9,10.549999,997.17,0.0,4.13 20:21:48 02/02/21
0,99.9,10.54,996.99,0.0,4.13 20:27:00 02/02/21
1,99.9,10.535,997.13,0.0,4.13 20:32:14 02/02/21
1,99.9,10.49,997.28,0.0,4.13 20:37:28 02/02/21
1,99.9,10.48,997.11,0.0,4.13 20:42:47 02/02/21
1,99.9,10.54,997.27,0.0,4.13 20:48:03 02/02/21
1,99.9,10.49,997.35,0.0,4.13 20:53:17 02/02/21
1,99.9,10.465,997.24,0.0,4.13 20:58:30 02/02/21
1,99.9,10.46,997.09,0.0,4.13 21:03:43 02/02/21
1,99.9,10.385,997.08,0.0,4.13 21:08:57 02/02/21
1,99.9,10.355,997.22,0.0,4.13 21:14:15 02/02/21
1,99.9,10.285,997.26,0.0,4.13 21:19:34 02/02/21
0,99.9,10.265,997.18,0.0,4.13 21:24:45 02/02/21
1,99.9,10.25,997.12,0.0,4.13 21:29:57 02/02/21
1,99.9,10.184999,997.18,0.0,4.13 21:35:16 02/02/21
1,99.9,10.175,997.09,0.0,4.13 21:40:33 02/02/21
1,99.9,10.17,997.08,0.0,4.13 21:45:45 02/02/21
1,99.9,10.155001,997.09,0.0,4.12 21:51:01 02/02/21
1,99.9,10.155001,997.21,0.0,4.13 21:56:11 02/02/21
1,99.9,10.155001,997.11,0.0,4.13 22:01:26 02/02/21
1,99.9,10.16,997.06,0.0,4.13 22:06:38 02/02/21
0,99.9,10.175,997.33,0.0,4.12 22:11:52 02/02/21
1,99.9,10.184999,997.08,0.0,4.13 22:17:06 02/02/21
1,99.9,10.255,996.97,0.0,4.13 22:22:19 02/02/21
1,99.9,10.245001,997.27,0.0,4.12 22:27:33 02/02/21
0,99.9,10.265,997.19,0.0,4.12 22:32:47 02/02/21
0,99.9,10.275,996.97,0.0,4.12 22:37:58 02/02/21
0,99.9,10.275,996.92,0.0,4.13 22:43:11 02/02/21
0,99.9,10.27,997.07,0.0,4.12 22:48:27 02/02/21
0,99.9,10.27,997.28,0.0,4.13 22:53:37 02/02/21
0,99.9,10.265,997.36,0.0,4.12 22:58:57 02/02/21
0,99.9,10.18,997.0,0.0,4.13 23:04:13 02/02/21
0,99.9,10.065,996.88,0.0,4.12 23:09:32 02/02/21
0,99.9,9.975,996.68,0.0,4.12 23:14:48 02/02/21
0,99.9,9.889999,996.83,0.0,4.12 23:20:02 02/02/21
0,99.9,9.815001,996.97,0.0,4.12 23:25:16 02/02/21
0,99.9,9.79,997.04,0.0,4.12 23:30:30 02/02/21
0,99.9,9.775,997.05,0.0,4.12 23:35:42 02/02/21
0,99.9,9.765,996.98,0.0,4.12 23:40:56 02/02/21
0,99.9,9.76,996.98,0.0,4.12 23:46:07 02/02/21
0,99.9,9.705,996.9,0.0,4.12 23:51:22 02/02/21
0,99.9,9.7,996.95,0.0,4.12 23:56:35 02/02/21
