0,99.9,8.88,1003.29,0.0,4.12 00:02:27 04/02/21
0,99.9,8.83,1003.47,0.0,4.12 00:07:42 04/02/21
0,99.9,8.82,1003.58,0.0,4.12 00:13:00 04/02/21
0,99.9,8.815001,1003.72,0.0,4.12 00:18:19 04/02/21
0,99.9,8.81,1003.86,0.0,4.12 00:23:44 04/02/21
0,99.9,8.88,1003.87,0.0,4.12 00:28:58 04/02/21
0,99.9,8.87,1003.99,0.0,4.12 00:34:11 04/02/21
0,99.9,8.82,1004.1,0.0,4.12 00:39:27 04/02/21
0,99.9,8.815001,1004.2,0.0,4.12 00:44:37 04/02/21
0,99.9,8.82,1004.31,0.0,4.12 00:49:50 04/02/21
0,99.9,8.815001,1004.36,0.0,4.12 00:55:05 04/02/21
0,99.9,8.815001,1004.48,0.0,4.12 01:00:18 04/02/21
0,99.9,8.825001,1004.61,0.0,4.12 01:05:32 04/02/21
0,99.9,8.82,1004.77,0.0,4.12 01:10:49 04/02/21
0,99.9,8.87,1004.81,0.0,4.12 01:16:04 04/02/21
0,99.9,8.805,1004.84,0.0,4.12 01:21:19 04/02/21
0,99.9,8.795,1004.9,0.0,4.12 01:26:32 04/02/21
0,99.9,8.74,1005.03,0.0,4.12 01:31:46 04/02/21
0,99.9,8.715,1005.05,0.0,4.12 01:37:01 04/02/21
0,99.9,8.645,1005.19,0.0,4.12 01:42:12 04/02/21
0,99.9,8.675,1005.28,0.0,4.12 01:47:28 04/02/21
0,99.9,8.55,1005.37,0.0,4.12 01:52:44 04/02/21
0,99.9,8.505,1005.52,0.0,4.12 01:57:58 04/02/21
0,99.9,8.415,1005.63,0.0,4.12 02:03:12 04/02/21
0,99.9,8.33,1005.73,0.0,4.12 02:08:25 04/02/21
0,99.9,8.24,1005.84,0.0,4.12 02:13:37 04/02/21
0,99.9,8.190001,1005.97,0.0,4.11 02:18:52 04/02/21
0,99.9,8.1,1006.07,0.0,4.11 02:24:05 04/02/21
0,99.9,8.01,1006.03,0.0,4.11 02:29:18 04/02/21
0,99.9,7.93,1006.12,0.0,4.12 02:34:31 04/02/21
0,99.9,7.91,1006.21,0.0,4.11 02:39:42 04/02/21
0,99.9,7.8849998,1006.24,0.0,4.11 02:44:56 04/02/21
0,99.9,7.8149996,1006.28,0.0,4.11 02:50:09 04/02/21
0,99.9,7.74,1006.32,0.0,4.11 02:55:21 04/02/21
0,99.9,7.715,1006.36,0.0,4.11 03:00:34 04/02/21
0,99.9,7.6499996,1006.41,0.0,4.11 03:05:46 04/02/21
0,99.9,7.625,1006.44,0.0,4.11 03:10:59 04/02/21
0,99.9,7.6050005,1006.55,0.0,4.11 03:16:12 04/02/21
0,99.9,7.585,1006.65,0.0,4.11 03:21:31 04/02/21
0,99.9,7.5950003,1006.7,0.0,4.11 03:26:48 04/02/21
0,99.9,7.515,1006.75,0.0,4.11 03:32:01 04/02/21
0,99.9,7.5,1006.82,0.0,4.11 03:37:14 04/02/21
0,99.9,7.43,1006.87,0.0,4.11 03:42:27 04/02/21
0,99.9,7.42,1007.0,0.0,4.11 03:47:38 04/02/21
0,99.9,7.395,1007.0,0.0,4.11 03:52:51 04/02/21
0,99.9,7.33,1007.07,0.0,4.11 03:58:05 04/02/21
0,99.9,7.3,1007.13,0.0,4.11 04:03:18 04/02/21
0,99.9,7.285,1007.2,0.0,4.11 04:08:31 04/02/21
0,99.9,7.2200003,1007.29,0.0,4.11 04:13:43 04/02/21
0,99.9,7.21,1007.34,0.0,4.11 04:19:02 04/02/21
0,99.9,7.19,1007.46,0.0,4.11 04:24:24 04/02/21
0,99.9,7.12,1007.68,0.0,4.11 04:29:40 04/02/21
0,99.9,7.09,1007.68,0.0,4.11 04:34:53 04/02/21
0,99.9,7.02,1007.84,0.0,4.11 04:40:06 04/02/21
0,99.9,6.995,1007.88,0.0,4.11 04:45:20 04/02/21
0,99.9,6.92,1007.9,0.0,4.11 04:50:32 04/02/21
0,99.9,6.915,1007.98,0.0,4.11 04:55:48 04/02/21
0,99.9,6.9700003,1008.01,0.0,4.11 05:01:04 04/02/21
0,99.9,6.965,1008.14,0.0,4.11 05:06:20 04/02/21
0,99.9,6.9049997,1008.19,0.0,4.11 05:11:30 04/02/21
0,99.9,6.8999996,1008.26,0.0,4.11 05:16:43 04/02/21
0,99.9,6.89,1008.36,0.0,4.11 05:21:56 04/02/21
1,99.9,6.88,1008.47,0.0,4.11 05:27:11 04/02/21
1,99.9,6.87,1008.45,0.0,4.11 05:32:23 04/02/21
1,99.9,6.8050003,1008.49,0.0,4.11 05:37:36 04/02/21
1,99.9,6.74,1008.63,0.0,4.11 05:42:50 04/02/21
1,99.9,6.7749996,1008.67,0.0,4.1 05:48:02 04/02/21
1,99.9,6.7,1008.65,0.0,4.11 05:53:13 04/02/21
1,99.9,6.665,1008.66,0.0,4.1 05:58:31 04/02/21
1,99.9,6.6000004,1008.72,0.0,4.1 06:03:47 04/02/21
1,99.9,6.585,1008.79,0.0,4.1 06:09:06 04/02/21
1,99.9,6.575,1008.85,0.0,4.1 06:14:24 04/02/21
1,99.9,6.5,1008.86,0.0,4.1 06:19:40 04/02/21
1,99.9,6.485,1008.93,0.0,4.1 06:24:56 04/02/21
1,99.9,6.3999996,1008.96,0.0,4.1 06:30:15 04/02/21
1,99.9,6.31,1008.96,0.0,4.11 06:35:35 04/02/21
1,99.9,6.27,1008.95,0.0,4.1 06:40:57 04/02/21
1,99.9,6.185,1009.06,0.0,4.1 06:46:14 04/02/21
1,99.9,6.0950003,1009.07,0.0,4.1 06:51:26 04/02/21
0,99.9,6.075,1009.16,0.0,4.1 06:56:37 04/02/21
0,99.9,6.005,1009.25,0.0,4.1 07:01:51 04/02/21
0,99.9,5.99,1009.34,0.0,4.1 07:07:03 04/02/21
1,99.9,5.9750004,1009.44,0.01,4.1 07:12:22 04/02/21
0,99.9,5.91,1009.52,0.02,4.1 07:17:37 04/02/21
1,99.9,5.8999996,1009.59,0.06,4.1 07:22:51 04/02/21
0,99.9,5.895,1009.63,0.13,4.1 07:28:02 04/02/21
1,99.9,5.895,1009.73,0.34,4.1 07:33:22 04/02/21
2,99.9,5.8999996,1009.88,0.86,4.1 07:38:38 04/02/21
2,99.9,5.895,1009.85,1.64,4.1 07:43:49 04/02/21
3,99.9,5.89,1009.85,2.46,4.1 07:49:02 04/02/21
6,99.9,5.89,1009.97,3.21,4.1 07:54:15 04/02/21
10,99.9,5.885,1010.0,3.8,4.1 07:59:30 04/02/21
12,99.9,5.87,1010.05,4.19,4.1 08:04:40 04/02/21
19,99.9,5.8599997,1010.11,4.22,4.1 08:09:58 04/02/21
24,99.9,5.81,1010.07,4.58,4.1 08:15:16 04/02/21
27,99.9,5.8,1010.17,4.17,4.1 08:20:28 04/02/21
31,99.9,5.79,1010.27,5.0,4.1 08:25:41 04/02/21
34,99.9,5.795,1010.29,4.19,4.1 08:30:53 04/02/21
39,99.9,5.79,1010.37,5.0,4.1 08:36:11 04/02/21
44,99.9,5.79,1010.42,4.5,4.1 08:41:33 04/02/21
47,99.9,5.7799997,1010.43,4.24,4.11 08:46:53 04/02/21
48,99.9,5.795,1010.6,5.0,4.11 08:52:10 04/02/21
57,99.9,5.785,1010.68,5.0,4.12 08:57:24 04/02/21
56,99.9,5.79,1010.68,4.27,4.15 09:02:34 04/02/21
62,99.9,5.81,1010.77,4.3,4.17 09:07:48 04/02/21
67,99.9,5.895,1010.86,4.27,4.18 09:13:01 04/02/21
71,99.9,5.9750004,1010.86,4.28,4.19 09:18:22 04/02/21
59,99.9,6.16,1010.97,4.35,4.18 09:23:33 04/02/21
72,99.9,6.24,1011.1,4.34,4.2 09:28:49 04/02/21
78,99.9,6.46,1011.19,4.58,4.21 09:34:01 04/02/21
55,99.9,6.895,1011.24,5.0,4.21 09:39:14 04/02/21
47,99.9,7.295,1011.29,5.0,4.21 09:44:27 04/02/21
39,99.9,7.605,1011.31,5.0,4.21 09:49:39 04/02/21
37,99.9,7.895,1011.46,5.0,4.21 09:54:51 04/02/21
40,99.9,8.005,1011.49,5.0,4.17 10:00:04 04/02/21
37,99.9,7.9750004,1011.6,5.0,4.16 10:05:19 04/02/21
40,99.9,7.96,1011.63,5.0,4.16 10:10:32 04/02/21
41,99.9,7.89,1011.58,5.0,4.16 10:15:45 04/02/21
41,99.9,7.89,1011.64,5.0,4.16 10:20:57 04/02/21
33,99.9,7.9,1011.67,5.0,4.16 10:26:11 04/02/21
32,99.9,7.885,1011.63,5.0,4.16 10:31:24 04/02/21
32,99.9,7.835,1011.76,5.0,4.16 10:36:36 04/02/21
33,99.9,7.845,1011.62,5.0,4.16 10:41:50 04/02/21
33,99.9,7.85,1011.58,5.0,4.16 10:47:03 04/02/21
35,99.9,7.86,1011.65,5.0,4.15 10:52:15 04/02/21
36,99.9,7.875,1011.68,5.0,4.15 10:57:28 04/02/21
33,99.9,7.94,1011.79,5.0,4.15 11:02:44 04/02/21
33,99.9,7.965,1011.85,5.0,4.15 11:07:55 04/02/21
39,99.9,8.03,1011.9,5.0,4.15 11:13:07 04/02/21
31,99.9,8.035,1011.89,5.0,4.15 11:18:21 04/02/21
33,99.9,8.115,1011.9,5.0,4.15 11:23:34 04/02/21
32,99.9,8.15,1011.9,5.0,4.15 11:28:46 04/02/21
37,99.9,8.225,1011.89,5.0,4.15 11:34:00 04/02/21
36,99.9,8.265,1011.89,5.0,4.15 11:39:12 04/02/21
39,99.9,8.34,1011.83,5.0,4.15 11:44:30 04/02/21
38,99.9,8.415,1011.72,5.0,4.15 11:49:46 04/02/21
39,99.9,8.525,1011.71,5.0,4.15 11:55:00 04/02/21
37,99.9,8.625,1011.65,5.0,4.15 12:00:11 04/02/21
44,99.9,8.71,1011.57,5.0,4.15 12:05:26 04/02/21
51,99.9,8.809999,1011.52,5.0,4.15 12:10:39 04/02/21
52,99.9,8.925,1011.53,5.0,4.15 12:15:52 04/02/21
54,99.9,9.025,1011.58,5.0,4.15 12:21:05 04/02/21
61,99.9,9.115,1011.62,5.0,4.15 12:26:27 04/02/21
64,99.9,9.235001,1011.64,5.0,4.15 12:31:40 04/02/21
62,99.9,9.33,1011.7,5.0,4.15 12:36:54 04/02/21
59,99.9,9.485,1011.69,5.0,4.15 12:42:06 04/02/21
58,99.9,9.605,1011.65,5.0,4.15 12:47:18 04/02/21
58,99.9,9.700001,1011.69,5.0,4.15 12:52:32 04/02/21
51,99.9,9.805,1011.73,5.0,4.15 12:57:44 04/02/21
62,99.9,9.84,1011.72,5.0,4.14 13:02:58 04/02/21
64,99.9,9.934999,1011.69,5.0,4.14 13:08:17 04/02/21
67,99.9,10.094999,1011.7,5.0,4.14 13:13:33 04/02/21
57,99.9,10.135,1011.61,5.0,4.14 13:18:46 04/02/21
72,99.9,10.205,1011.59,5.0,4.14 13:24:06 04/02/21
57,99.9,10.385,1011.45,5.0,4.15 13:29:21 04/02/21
53,99.9,10.49,1011.49,5.0,4.14 13:34:37 04/02/21
52,99.9,10.51,1011.43,5.0,4.14 13:39:49 04/02/21
56,99.9,10.445,1011.38,5.0,4.14 13:45:03 04/02/21
53,99.9,10.425,1011.32,5.0,4.14 13:50:15 04/02/21
59,99.9,10.425,1011.3,5.0,4.14 13:55:29 04/02/21
62,99.9,10.42,1011.29,5.0,4.14 14:00:41 04/02/21
58,99.9,10.425,1011.28,5.0,4.14 14:05:55 04/02/21
52,99.9,10.495,1011.25,5.0,4.14 14:11:07 04/02/21
60,99.9,10.51,1011.16,5.0,4.14 14:16:26 04/02/21
55,99.9,10.525,1011.15,5.0,4.14 14:21:35 04/02/21
55,99.9,10.51,1011.02,5.0,4.14 14:26:48 04/02/21
55,99.9,10.440001,1011.04,5.0,4.14 14:32:10 04/02/21
55,99.9,10.440001,1011.04,5.0,4.14 14:37:23 04/02/21
54,99.9,10.43,1011.01,5.0,4.14 14:42:36 04/02/21
55,99.9,10.37,1011.01,5.0,4.14 14:47:52 04/02/21
54,99.9,10.355,1011.04,5.0,4.14 14:53:03 04/02/21
52,99.9,10.344999,1010.9,5.0,4.14 14:58:22 04/02/21
46,99.9,10.34,1010.89,5.0,4.14 15:03:39 04/02/21
47,99.9,10.335,1010.88,5.0,4.14 15:08:53 04/02/21
44,99.9,10.325,1010.82,5.0,4.14 15:14:05 04/02/21
44,99.9,10.265,1010.76,5.0,4.14 15:19:19 04/02/21
43,99.9,10.255,1010.71,5.0,4.14 15:24:33 04/02/21
38,99.9,10.184999,1010.77,5.0,4.14 15:29:46 04/02/21
34,99.9,10.22,1010.73,5.0,4.14 15:34:57 04/02/21
35,99.9,10.155001,1010.67,5.0,4.14 15:40:12 04/02/21
38,99.9,10.145,1010.68,5.0,4.14 15:45:26 04/02/21
35,99.9,10.075,1010.54,5.0,4.14 15:50:43 04/02/21
33,99.9,10.07,1010.53,5.0,4.14 15:56:00 04/02/21
37,99.9,10.059999,1010.53,5.0,4.14 16:01:18 04/02/21
32,99.9,10.055,1010.49,5.0,4.14 16:06:34 04/02/21
31,99.9,9.995,1010.55,5.0,4.14 16:11:48 04/02/21
29,99.9,9.985001,1010.57,5.0,4.13 16:17:02 04/02/21
26,99.9,9.965,1010.57,5.0,4.13 16:22:15 04/02/21
22,99.9,9.96,1010.46,5.0,4.13 16:27:29 04/02/21
25,99.9,9.940001,1010.45,5.0,4.13 16:32:43 04/02/21
24,99.9,9.88,1010.42,5.0,4.13 16:37:58 04/02/21
23,99.9,9.865,1010.31,5.0,4.13 16:43:18 04/02/21
19,99.9,9.844999,1010.3,5.0,4.13 16:48:30 04/02/21
27,99.9,9.785,1010.31,5.0,4.13 16:53:44 04/02/21
30,99.9,9.775,1010.29,5.0,4.13 16:58:55 04/02/21
30,99.9,9.77,1010.29,5.0,4.13 17:04:08 04/02/21
25,99.9,9.76,1010.24,5.0,4.13 17:09:22 04/02/21
31,99.9,9.7,1010.29,5.0,4.13 17:14:36 04/02/21
23,99.9,9.705,1010.35,5.0,4.13 17:19:54 04/02/21
18,99.9,9.75,1010.23,4.25,4.13 17:25:11 04/02/21
10,99.9,9.684999,1010.11,3.86,4.13 17:30:24 04/02/21
8,99.9,9.665,1010.09,3.43,4.13 17:35:41 04/02/21
5,99.9,9.65,1010.06,3.1,4.13 17:40:59 04/02/21
3,99.9,9.59,1010.02,2.77,4.13 17:46:14 04/02/21
2,99.9,9.565,1010.07,2.29,4.13 17:51:24 04/02/21
1,99.9,9.495,1010.05,1.67,4.13 17:56:39 04/02/21
0,99.9,9.48,1010.07,0.9,4.13 18:01:50 04/02/21
0,99.9,9.46,1010.11,0.42,4.13 18:07:05 04/02/21
0,99.9,9.389999,1010.12,0.15,4.13 18:12:18 04/02/21
0,99.9,9.385,1010.09,0.05,4.13 18:17:36 04/02/21
0,99.9,9.375,1010.08,0.02,4.13 18:22:52 04/02/21
0,99.9,9.31,1010.12,0.0,4.13 18:28:07 04/02/21
0,99.9,9.295,1010.13,0.0,4.13 18:33:20 04/02/21
0,99.9,9.29,1010.12,0.0,4.13 18:38:31 04/02/21
0,99.9,9.265,1010.12,0.0,4.12 18:43:47 04/02/21
0,99.9,9.265,1010.18,0.0,4.13 18:48:59 04/02/21
0,99.9,9.21,1010.22,0.0,4.12 18:54:10 04/02/21
0,99.9,9.195,1010.15,0.0,4.13 18:59:24 04/02/21
0,99.9,9.18,1010.13,0.0,4.13 19:04:38 04/02/21
0,99.9,9.17,1010.12,0.0,4.13 19:09:52 04/02/21
0,99.9,9.165,1010.08,0.0,4.12 19:15:05 04/02/21
0,99.9,9.16,1010.06,0.0,4.12 19:20:19 04/02/21
0,99.9,9.16,1010.06,0.0,4.12 19:25:31 04/02/21
0,99.9,9.16,1010.07,0.0,4.12 19:30:44 04/02/21
0,99.9,9.15,1010.09,0.0,4.12 19:35:57 04/02/21
0,99.9,9.105,1010.13,0.0,4.12 19:41:10 04/02/21
0,99.9,9.094999,1010.03,0.0,4.12 19:46:24 04/02/21
0,99.9,9.1,1009.96,0.0,4.12 19:51:37 04/02/21
2,99.9,9.1,1009.99,0.0,4.12 19:56:51 04/02/21
1,99.9,9.094999,1009.96,0.0,4.12 20:02:02 04/02/21
1,99.9,9.09,1009.93,0.0,4.12 20:07:16 04/02/21
1,99.9,9.08,1009.82,0.0,4.12 20:12:28 04/02/21
0,99.9,9.02,1009.8,0.0,4.12 20:17:42 04/02/21
1,99.9,8.995,1009.78,0.0,4.12 20:22:55 04/02/21
0,99.9,8.965,1009.95,0.0,4.12 20:28:09 04/02/21
0,99.9,8.9,1009.91,0.0,4.12 20:33:22 04/02/21
0,99.9,8.895,1009.91,0.0,4.12 20:38:33 04/02/21
0,99.9,8.895,1009.9,0.0,4.12 20:43:53 04/02/21
0,99.9,8.9,1009.87,0.0,4.12 20:49:10 04/02/21
0,99.9,8.9,1009.88,0.0,4.12 20:54:23 04/02/21
0,99.9,8.9,1009.88,0.0,4.12 20:59:36 04/02/21
0,99.9,8.905,1009.83,0.0,4.12 21:04:48 04/02/21
0,99.9,8.91,1009.72,0.0,4.12 21:10:02 04/02/21
0,99.9,8.905,1009.67,0.0,4.12 21:15:13 04/02/21
0,99.9,8.905,1009.73,0.0,4.12 21:20:27 04/02/21
0,99.9,8.905,1009.68,0.0,4.12 21:25:42 04/02/21
0,99.9,8.905,1009.59,0.0,4.13 21:30:54 04/02/21
0,99.9,8.895,1009.68,0.0,4.11 21:36:17 04/02/21
0,99.9,8.895,1009.67,0.0,4.12 21:41:28 04/02/21
0,99.9,8.889999,1009.6,0.0,4.12 21:46:42 04/02/21
0,99.9,8.885,1009.65,0.0,4.12 21:52:00 04/02/21
0,99.9,8.88,1009.61,0.0,4.12 21:57:17 04/02/21
0,99.9,8.875,1009.57,0.0,4.12 22:02:30 04/02/21
0,99.9,8.87,1009.52,0.0,4.11 22:07:42 04/02/21
0,99.9,8.865,1009.54,0.0,4.11 22:12:56 04/02/21
0,99.9,8.81,1009.5,0.0,4.11 22:18:13 04/02/21
0,99.9,8.81,1009.36,0.0,4.12 22:23:29 04/02/21
0,99.9,8.785,1009.28,0.0,4.12 22:28:42 04/02/21
0,99.9,8.79,1009.39,0.0,4.11 22:33:55 04/02/21
0,99.9,8.780001,1009.39,0.0,4.12 22:39:10 04/02/21
0,99.9,8.775,1009.31,0.0,4.11 22:44:23 04/02/21
0,99.9,8.780001,1009.43,0.0,4.11 22:49:45 04/02/21
0,99.9,8.79,1009.3,0.0,4.12 22:54:58 04/02/21
0,99.9,8.795,1009.26,0.0,4.11 23:00:10 04/02/21
0,99.9,8.775,1009.15,0.0,4.11 23:05:24 04/02/21
0,99.9,8.775,1009.12,0.0,4.11 23:10:38 04/02/21
0,99.9,8.765,1009.1,0.0,4.11 23:15:55 04/02/21
0,99.9,8.76,1009.01,0.0,4.11 23:21:10 04/02/21
0,99.9,8.690001,1008.88,0.0,4.11 23:26:23 04/02/21
0,99.9,8.62,1008.83,0.0,4.11 23:31:37 04/02/21
0,99.9,8.61,1008.79,0.0,4.11 23:36:51 04/02/21
0,99.9,8.6,1008.65,0.0,4.11 23:42:04 04/02/21
0,99.9,8.595,1008.64,0.0,4.11 23:47:21 04/02/21
0,99.9,8.59,1008.56,0.0,4.11 23:52:38 04/02/21
0,99.9,8.585,1008.53,0.0,4.11 23:57:52 04/02/21
