0,99.9,1.715,997.57,0.01,4.11 00:00:34 07/02/21
0,99.9,1.635,997.37,0.0,4.11 00:05:49 07/02/21
0,99.9,1.695,997.41,0.0,4.11 00:11:00 07/02/21
0,99.9,1.705,997.49,0.0,4.11 00:16:21 07/02/21
0,99.9,1.7,997.39,0.0,4.11 00:21:33 07/02/21
0,99.9,1.635,997.31,0.0,4.11 00:26:46 07/02/21
0,99.9,1.615,997.19,0.0,4.11 00:31:58 07/02/21
0,99.9,1.6099999,997.15,0.0,4.11 00:37:10 07/02/21
0,99.9,1.605,996.95,0.0,4.11 00:42:22 07/02/21
0,99.9,1.55,996.88,0.0,4.11 00:47:35 07/02/21
0,99.9,1.545,996.72,0.0,4.11 00:52:47 07/02/21
0,99.9,1.53,996.68,0.0,4.11 00:57:59 07/02/21
0,99.9,1.53,996.57,0.0,4.11 01:03:11 07/02/21
0,99.9,1.51,996.42,0.0,4.11 01:08:24 07/02/21
0,99.9,1.505,996.33,0.0,4.11 01:13:36 07/02/21
0,99.9,1.495,996.26,0.0,4.1 01:18:52 07/02/21
0,99.9,1.51,996.11,0.0,4.11 01:24:09 07/02/21
0,99.9,1.51,996.01,0.0,4.1 01:29:21 07/02/21
0,99.9,1.505,995.9,0.0,4.1 01:34:33 07/02/21
0,99.9,1.5,995.84,0.0,4.11 01:39:46 07/02/21
0,99.9,1.505,995.68,0.0,4.11 01:44:56 07/02/21
0,99.9,1.505,995.55,0.0,4.1 01:50:10 07/02/21
0,99.9,1.5,995.45,0.0,4.1 01:55:23 07/02/21
0,99.9,1.495,995.52,0.0,4.1 02:00:35 07/02/21
0,99.9,1.4350001,995.37,0.0,4.1 02:05:47 07/02/21
0,99.9,1.4250001,995.18,0.0,4.1 02:10:59 07/02/21
0,99.9,1.485,995.18,0.0,4.1 02:16:11 07/02/21
0,99.9,1.4350001,995.18,0.0,4.1 02:21:28 07/02/21
0,99.9,1.475,994.97,0.0,4.1 02:26:44 07/02/21
0,99.9,1.4250001,995.01,0.0,4.1 02:31:59 07/02/21
0,99.9,1.4200001,994.94,0.0,4.1 02:37:07 07/02/21
0,99.9,1.4250001,994.93,0.0,4.1 02:42:20 07/02/21
0,99.9,1.4250001,994.93,0.0,4.1 02:47:33 07/02/21
0,99.9,1.41,994.82,0.0,4.1 02:52:46 07/02/21
0,99.9,1.4250001,994.79,0.0,4.1 02:57:58 07/02/21
0,99.9,1.4300001,994.77,0.0,4.1 03:03:09 07/02/21
0,99.9,1.475,994.75,0.0,4.11 03:08:21 07/02/21
0,99.9,1.4150001,994.61,0.0,4.1 03:13:39 07/02/21
0,99.9,1.4150001,994.54,0.0,4.1 03:18:55 07/02/21
0,99.9,1.405,994.54,0.0,4.1 03:24:08 07/02/21
0,99.9,1.41,994.48,0.0,4.1 03:29:20 07/02/21
0,99.9,1.4150001,994.43,0.0,4.1 03:34:33 07/02/21
0,99.9,1.41,994.39,0.0,4.1 03:39:44 07/02/21
0,99.9,1.4,994.38,0.0,4.1 03:44:56 07/02/21
0,99.9,1.395,994.32,0.0,4.1 03:50:09 07/02/21
0,99.9,1.38,994.35,0.0,4.1 03:55:21 07/02/21
0,99.9,1.4,994.29,0.0,4.1 04:00:31 07/02/21
0,99.9,1.3299999,994.25,0.0,4.1 04:05:45 07/02/21
0,99.9,1.3299999,994.14,0.0,4.1 04:11:00 07/02/21
0,99.9,1.3299999,994.08,0.0,4.1 04:16:10 07/02/21
0,99.9,1.325,994.08,0.0,4.1 04:21:23 07/02/21
0,99.9,1.31,994.0,0.0,4.1 04:26:34 07/02/21
0,99.9,1.31,993.96,0.0,4.1 04:31:47 07/02/21
0,99.9,1.3,993.97,0.0,4.1 04:36:57 07/02/21
0,99.9,1.2950001,993.87,0.0,4.1 04:42:11 07/02/21
0,99.9,1.2850001,993.83,0.0,4.1 04:47:23 07/02/21
0,99.9,1.2950001,993.89,0.0,4.09 04:52:35 07/02/21
0,99.9,1.2850001,993.84,0.0,4.1 04:57:51 07/02/21
0,99.9,1.23,993.78,0.0,4.1 05:03:08 07/02/21
0,99.9,1.22,993.84,0.0,4.1 05:08:20 07/02/21
0,99.9,1.2149999,993.84,0.0,4.1 05:13:33 07/02/21
0,99.9,1.2,993.82,0.0,4.1 05:18:45 07/02/21
0,99.9,1.1949999,993.89,0.0,4.1 05:23:58 07/02/21
0,99.9,1.1949999,993.75,0.0,4.1 05:29:09 07/02/21
0,99.9,1.185,993.73,0.0,4.1 05:34:22 07/02/21
0,99.9,1.14,993.72,0.0,4.09 05:39:34 07/02/21
0,99.9,1.13,993.65,0.01,4.09 05:44:46 07/02/21
0,99.9,1.175,993.6,0.0,4.09 05:49:59 07/02/21
0,99.9,1.125,993.69,0.01,4.09 05:55:10 07/02/21
0,99.9,1.125,993.54,0.01,4.09 06:00:27 07/02/21
0,99.9,1.175,993.55,0.01,4.09 06:05:43 07/02/21
0,99.9,1.175,993.45,0.01,4.09 06:10:55 07/02/21
0,99.9,1.115,993.5,0.01,4.09 06:16:12 07/02/21
0,99.9,1.1,993.44,0.01,4.09 06:21:28 07/02/21
0,99.9,1.09,993.4,0.01,4.1 06:26:41 07/02/21
0,99.9,1.085,993.44,0.01,4.09 06:31:53 07/02/21
0,99.9,1.015,993.51,0.01,4.09 06:37:03 07/02/21
0,99.9,1.005,993.57,0.01,4.09 06:42:18 07/02/21
0,99.9,1.005,993.61,0.01,4.09 06:47:29 07/02/21
0,99.9,0.985,993.63,0.01,4.09 06:52:41 07/02/21
0,99.9,0.985,993.57,0.01,4.09 06:57:54 07/02/21
0,99.9,0.925,993.54,0.01,4.09 07:03:04 07/02/21
0,99.9,0.89500004,993.57,0.01,4.09 07:08:17 07/02/21
0,99.9,0.875,993.54,0.01,4.09 07:13:30 07/02/21
0,99.9,0.825,993.53,0.01,4.09 07:18:42 07/02/21
0,99.9,0.81,993.54,0.02,4.09 07:23:55 07/02/21
0,99.9,0.795,993.51,0.03,4.09 07:29:12 07/02/21
0,99.9,0.795,993.65,0.06,4.09 07:34:27 07/02/21
0,99.9,0.715,993.71,0.16,4.09 07:39:40 07/02/21
0,99.9,0.695,993.66,0.43,4.09 07:44:50 07/02/21
0,99.9,0.63,993.77,0.78,4.09 07:50:04 07/02/21
1,99.9,0.625,993.77,1.25,4.09 07:55:16 07/02/21
2,99.9,0.59,993.85,1.61,4.09 08:00:29 07/02/21
3,99.9,0.505,993.86,2.07,4.09 08:05:38 07/02/21
4,99.9,0.5,993.94,2.38,4.09 08:10:52 07/02/21
5,99.9,0.48,993.99,2.68,4.09 08:16:08 07/02/21
6,99.9,0.465,994.01,2.92,4.09 08:21:24 07/02/21
8,99.9,0.405,994.07,3.28,4.09 08:26:38 07/02/21
10,99.9,0.395,994.1,3.77,4.09 08:31:47 07/02/21
12,99.9,0.32999998,994.16,4.04,4.09 08:37:00 07/02/21
15,99.9,0.31,994.25,4.2,4.09 08:42:14 07/02/21
17,99.9,0.29000002,994.19,4.17,4.09 08:47:28 07/02/21
18,99.9,0.22,994.23,4.26,4.09 08:52:44 07/02/21
22,99.9,0.20500001,994.32,4.33,4.09 08:58:02 07/02/21
20,99.9,0.19999999,994.39,4.33,4.09 09:03:19 07/02/21
22,99.9,0.18,994.43,4.29,4.09 09:08:31 07/02/21
23,99.9,0.11499998,994.53,4.29,4.09 09:13:44 07/02/21
26,99.9,0.10499999,994.59,4.44,4.09 09:18:59 07/02/21
24,99.9,0.095,994.63,4.43,4.09 09:24:16 07/02/21
24,99.9,0.030000001,994.67,4.16,4.09 09:29:28 07/02/21
25,99.9,0.0,994.73,4.29,4.09 09:34:38 07/02/21
28,99.9,-0.014999986,994.77,4.3,4.08 09:39:52 07/02/21
31,99.9,-0.07500002,994.81,4.66,4.09 09:45:05 07/02/21
32,99.9,-0.08500001,994.85,4.69,4.09 09:50:17 07/02/21
33,99.9,-0.095,994.88,4.91,4.08 09:55:29 07/02/21
33,99.9,-0.120000005,994.88,4.85,4.09 10:00:40 07/02/21
32,99.9,-0.17499998,994.99,4.88,4.09 10:05:50 07/02/21
39,99.9,-0.195,994.95,4.24,4.09 10:11:04 07/02/21
43,99.9,-0.26999998,995.02,4.8,4.09 10:16:16 07/02/21
42,99.9,-0.28,995.03,5.0,4.09 10:21:29 07/02/21
46,99.9,-0.31,995.07,5.0,4.09 10:26:40 07/02/21
47,99.9,-0.315,995.11,5.0,4.09 10:31:52 07/02/21
46,99.9,-0.325,995.21,4.4,4.09 10:37:05 07/02/21
53,99.9,-0.38,995.29,5.0,4.09 10:42:21 07/02/21
46,99.9,-0.34,995.26,5.0,4.09 10:47:36 07/02/21
53,99.9,-0.4,995.34,4.16,4.09 10:52:54 07/02/21
50,99.9,-0.39000002,995.3,5.0,4.09 10:58:09 07/02/21
55,99.9,-0.41500002,995.44,5.0,4.09 11:03:35 07/02/21
55,99.9,-0.40500003,995.47,5.0,4.09 11:08:53 07/02/21
54,99.9,-0.41000003,995.5,4.69,4.09 11:14:01 07/02/21
58,99.9,-0.42000002,995.61,4.46,4.09 11:19:15 07/02/21
55,99.9,-0.42000002,995.61,5.0,4.09 11:24:26 07/02/21
65,99.9,-0.41500002,995.63,5.0,4.09 11:29:39 07/02/21
63,99.9,-0.41500002,995.64,4.17,4.09 11:34:51 07/02/21
70,99.9,-0.46500003,995.61,5.0,4.09 11:40:01 07/02/21
73,99.9,-0.41500002,995.61,5.0,4.09 11:45:13 07/02/21
86,99.9,-0.46000004,995.59,4.43,4.09 11:50:27 07/02/21
94,99.9,-0.395,995.55,4.29,4.09 11:55:38 07/02/21
96,99.9,-0.315,995.58,5.0,4.09 12:00:49 07/02/21
94,99.9,-0.285,995.56,5.0,4.09 12:06:03 07/02/21
89,99.9,-0.21,995.58,5.0,4.09 12:11:13 07/02/21
96,99.9,-0.17999998,995.63,4.16,4.09 12:16:36 07/02/21
94,99.9,-0.17499998,995.55,5.0,4.09 12:21:47 07/02/21
94,99.9,-0.155,995.63,5.0,4.09 12:26:59 07/02/21
87,99.9,-0.11500001,995.6,5.0,4.09 12:32:10 07/02/21
87,99.9,-0.095,995.63,5.0,4.09 12:37:28 07/02/21
79,99.9,-0.16,995.61,5.0,4.09 12:42:42 07/02/21
77,99.9,-0.26,995.53,5.0,4.09 12:47:56 07/02/21
76,99.9,-0.26,995.5,4.66,4.09 12:53:07 07/02/21
82,99.9,-0.275,995.48,4.2,4.09 12:58:20 07/02/21
77,99.9,-0.21,995.58,4.41,4.09 13:03:32 07/02/21
83,99.9,-0.19999999,995.54,5.0,4.09 13:08:44 07/02/21
77,99.9,-0.20499998,995.57,5.0,4.09 13:13:57 07/02/21
78,99.9,-0.26999998,995.48,5.0,4.09 13:19:09 07/02/21
80,99.9,-0.28,995.45,4.15,4.09 13:24:21 07/02/21
73,99.9,-0.285,995.47,5.0,4.09 13:29:33 07/02/21
63,99.9,-0.3,995.47,4.58,4.09 13:34:45 07/02/21
60,99.9,-0.32,995.35,4.46,4.09 13:39:57 07/02/21
62,99.9,-0.385,995.39,4.39,4.09 13:45:09 07/02/21
58,99.9,-0.39000002,995.39,4.79,4.09 13:50:22 07/02/21
51,99.9,-0.4,995.4,5.0,4.09 13:55:34 07/02/21
51,99.9,-0.46500003,995.41,5.0,4.09 14:00:46 07/02/21
54,99.9,-0.48000002,995.34,5.0,4.09 14:05:58 07/02/21
57,99.9,-0.49500003,995.25,5.0,4.09 14:11:09 07/02/21
53,99.9,-0.5,995.34,5.0,4.09 14:16:19 07/02/21
56,99.9,-0.505,995.31,4.82,4.09 14:21:33 07/02/21
50,99.9,-0.505,995.44,5.0,4.09 14:26:45 07/02/21
44,99.9,-0.51500005,995.56,4.93,4.09 14:31:57 07/02/21
41,99.9,-0.59,995.59,4.67,4.09 14:37:09 07/02/21
43,99.9,-0.60999995,995.48,5.0,4.09 14:42:21 07/02/21
46,99.9,-0.68,995.49,5.0,4.09 14:47:36 07/02/21
41,99.9,-0.69,995.57,4.88,4.08 14:52:52 07/02/21
47,99.9,-0.7,995.48,5.0,4.09 14:58:06 07/02/21
40,99.9,-0.705,995.56,4.93,4.08 15:03:17 07/02/21
43,99.9,-0.775,995.6,5.0,4.09 15:08:28 07/02/21
42,99.9,-0.79,995.68,4.56,4.09 15:13:40 07/02/21
43,99.9,-0.795,995.7,4.7,4.09 15:18:52 07/02/21
46,99.9,-0.79,995.73,4.79,4.09 15:24:06 07/02/21
45,99.9,-0.72999996,995.77,4.91,4.09 15:29:18 07/02/21
47,99.9,-0.72499996,995.74,5.0,4.09 15:34:32 07/02/21
46,99.9,-0.735,995.72,4.97,4.09 15:39:40 07/02/21
53,99.9,-0.735,995.7,4.91,4.09 15:44:57 07/02/21
53,99.9,-0.715,995.74,4.66,4.08 15:50:14 07/02/21
54,99.9,-0.715,995.66,4.57,4.09 15:55:26 07/02/21
47,99.9,-0.71,995.66,4.55,4.09 16:00:38 07/02/21
44,99.9,-0.71,995.68,4.28,4.09 16:05:50 07/02/21
42,99.9,-0.71,995.67,4.19,4.09 16:11:02 07/02/21
41,99.9,-0.71,995.58,4.74,4.09 16:16:14 07/02/21
41,99.9,-0.705,995.69,4.78,4.08 16:21:24 07/02/21
42,99.9,-0.71,995.79,4.86,4.08 16:26:37 07/02/21
39,99.9,-0.715,995.79,4.41,4.09 16:31:50 07/02/21
39,99.9,-0.71999997,995.86,4.98,4.09 16:37:02 07/02/21
37,99.9,-0.8,995.77,4.47,4.08 16:42:12 07/02/21
37,99.9,-0.825,995.68,4.75,4.09 16:47:24 07/02/21
37,99.9,-0.885,995.75,4.94,4.08 16:52:39 07/02/21
32,99.9,-0.835,995.76,4.47,4.08 16:57:50 07/02/21
18,99.9,-0.265,995.87,4.15,4.07 17:17:22 07/02/21
14,99.9,-0.535,995.89,4.14,4.08 17:22:35 07/02/21
11,99.9,-0.825,995.93,3.79,4.08 17:27:48 07/02/21
11,99.9,-0.93,995.89,3.53,4.08 17:33:10 07/02/21
9,99.9,-1.015,995.87,3.36,4.07 17:38:38 07/02/21
1,99.9,-0.405,995.86,1.08,4.06 17:58:23 07/02/21
0,99.9,-0.605,995.84,0.64,4.07 18:03:39 07/02/21
0,99.9,-0.48499998,996.0,0.03,4.06 18:23:08 07/02/21
0,99.9,-0.76,996.06,0.01,4.07 18:28:21 07/02/21
0,99.9,-0.6,996.18,0.0,4.06 18:47:53 07/02/21
0,99.9,-0.84499997,996.16,0.0,4.06 18:53:24 07/02/21
0,99.9,-1.08,996.18,0.0,4.06 18:58:35 07/02/21
0,99.9,-0.675,996.22,0.0,4.06 19:18:05 07/02/21
0,99.9,-0.89,996.23,0.0,4.06 19:23:16 07/02/21
0,99.9,-1.175,996.26,0.0,4.06 19:28:33 07/02/21
0,99.9,-1.3199999,996.32,0.0,4.06 19:33:57 07/02/21
0,99.9,-0.78000003,996.26,0.0,4.05 19:53:37 07/02/21
0,99.9,-0.695,996.08,0.0,4.05 20:13:11 07/02/21
0,99.9,-1.03,996.11,0.0,4.05 20:18:31 07/02/21
0,99.9,-0.93,996.11,0.0,4.05 20:38:03 07/02/21
0,99.9,-1.085,996.07,0.0,4.05 20:43:16 07/02/21
0,99.9,-1.37,996.0,0.0,4.05 20:48:29 07/02/21
0,99.9,-1.53,996.03,0.0,4.05 20:53:48 07/02/21
0,99.9,-1.605,996.1,0.0,4.05 20:58:59 07/02/21
0,99.9,-1.695,996.26,0.0,4.05 21:04:16 07/02/21
0,99.9,-1.715,996.31,0.0,4.05 21:09:32 07/02/21
0,99.9,-1.73,996.38,0.0,4.05 21:14:43 07/02/21
0,99.9,-1.8050001,996.23,0.0,4.05 21:19:56 07/02/21
0,99.9,-1.81,996.22,0.0,4.05 21:25:07 07/02/21
0,99.9,-1.825,996.23,0.0,4.05 21:30:19 07/02/21
0,99.9,-1.8399999,996.27,0.0,4.05 21:35:31 07/02/21
0,99.9,-1.895,996.31,0.0,4.05 21:40:49 07/02/21
0,99.9,-1.8399999,996.29,0.0,4.05 21:46:05 07/02/21
0,99.9,-1.845,996.26,0.0,4.05 21:51:21 07/02/21
0,99.9,-1.835,996.38,0.0,4.05 21:56:36 07/02/21
0,99.9,-1.85,996.39,0.0,4.05 22:02:00 07/02/21
0,99.9,-1.85,996.44,0.0,4.05 22:07:15 07/02/21
0,99.9,-1.91,996.59,0.01,4.05 22:12:33 07/02/21
0,99.9,-1.91,996.59,0.0,4.05 22:17:47 07/02/21
0,99.9,-1.93,996.49,0.0,4.05 22:23:06 07/02/21
0,99.9,-1.925,996.46,0.0,4.05 22:28:21 07/02/21
0,99.9,-1.9399999,996.47,0.0,4.05 22:33:37 07/02/21
0,99.9,-1.9399999,996.47,0.0,4.05 22:38:53 07/02/21
0,99.9,-1.9449999,996.38,0.0,4.05 22:44:06 07/02/21
0,99.9,-1.9499999,996.27,0.0,4.05 22:49:17 07/02/21
0,99.9,-2.02,996.32,0.0,4.05 22:54:29 07/02/21
0,99.9,-2.03,996.36,0.0,4.05 22:59:40 07/02/21
0,99.9,-2.03,996.39,0.0,4.05 23:04:57 07/02/21
0,99.9,-2.035,996.43,0.0,4.05 23:10:11 07/02/21
0,99.9,-2.11,996.32,0.0,4.05 23:15:26 07/02/21
0,99.9,-2.125,996.3,0.0,4.05 23:20:41 07/02/21
0,99.9,-1.595,996.24,0.0,4.04 23:40:16 07/02/21
0,99.9,-1.5450001,996.12,0.0,4.04 23:59:48 07/02/21
