0,99.9,-1.7950001,996.09,0.0,4.05 00:05:00 08/02/21
0,99.9,-2.055,996.07,0.0,4.04 00:10:12 08/02/21
0,99.9,-2.2150002,995.96,0.0,4.05 00:15:28 08/02/21
0,99.9,-2.24,995.97,0.0,4.05 00:20:43 08/02/21
0,99.9,-2.335,996.0,0.0,4.04 00:26:04 08/02/21
0,99.9,-2.33,995.99,0.0,4.04 00:31:21 08/02/21
0,99.9,-2.395,996.01,0.0,4.05 00:36:36 08/02/21
0,99.9,-2.4299998,996.09,0.0,4.05 00:41:49 08/02/21
0,99.9,-2.42,996.12,0.0,4.04 00:47:14 08/02/21
0,99.9,-2.4099998,996.1,0.0,4.05 00:52:30 08/02/21
0,99.9,-2.42,996.03,0.0,4.04 00:57:42 08/02/21
0,99.9,-2.4299998,995.98,0.0,4.04 01:02:56 08/02/21
0,99.9,-2.425,995.91,0.0,4.04 01:08:14 08/02/21
0,99.9,-2.44,995.9,0.0,4.05 01:13:25 08/02/21
0,99.9,-2.495,995.71,0.0,4.04 01:18:36 08/02/21
0,99.9,-2.505,995.59,0.0,4.05 01:23:48 08/02/21
0,99.9,-2.505,995.64,0.0,4.04 01:29:00 08/02/21
0,99.9,-2.495,995.65,0.0,4.04 01:34:16 08/02/21
0,99.9,-2.51,995.51,0.0,4.04 01:39:35 08/02/21
0,99.9,-2.505,995.5,0.0,4.05 01:44:43 08/02/21
0,99.9,-2.51,995.6,0.0,4.05 01:49:56 08/02/21
0,99.9,-2.515,995.62,0.0,4.04 01:55:06 08/02/21
0,99.9,-2.53,995.75,0.0,4.05 02:00:19 08/02/21
0,99.9,-2.53,995.73,0.0,4.05 02:05:32 08/02/21
0,99.9,-2.525,995.76,0.0,4.04 02:10:44 08/02/21
0,99.9,-2.58,995.8,0.0,4.04 02:15:59 08/02/21
0,99.9,-2.535,995.81,0.0,4.04 02:21:16 08/02/21
0,99.9,-2.535,995.78,0.0,4.04 02:26:34 08/02/21
0,99.9,-2.535,995.99,0.0,4.04 02:31:46 08/02/21
0,99.9,-2.535,996.04,0.0,4.04 02:37:08 08/02/21
0,99.9,-2.525,996.04,0.0,4.05 02:42:19 08/02/21
0,99.9,-2.535,995.94,0.0,4.04 02:47:37 08/02/21
0,99.9,-2.595,995.85,0.0,4.04 02:52:53 08/02/21
0,99.9,-2.62,995.8,0.0,4.04 02:58:02 08/02/21
0,99.9,-2.625,995.81,0.0,4.04 03:03:21 08/02/21
0,99.9,-2.69,995.86,0.0,4.04 03:08:37 08/02/21
0,99.9,-2.705,995.99,0.0,4.04 03:13:48 08/02/21
0,99.9,-2.7150002,996.03,0.0,4.04 03:19:04 08/02/21
0,99.9,-2.725,995.99,0.0,4.04 03:24:20 08/02/21
0,99.9,-2.79,995.97,0.0,4.04 03:29:30 08/02/21
0,99.9,-2.795,995.93,0.0,4.05 03:34:42 08/02/21
0,99.9,-2.825,995.85,0.0,4.05 03:39:53 08/02/21
0,99.9,-2.835,995.7,0.0,4.04 03:45:06 08/02/21
0,99.9,-2.81,995.85,0.0,4.04 03:50:23 08/02/21
0,99.9,-2.83,995.82,0.0,4.04 03:55:40 08/02/21
0,99.9,-2.895,995.88,0.0,4.04 04:00:49 08/02/21
0,99.9,-2.9,995.82,0.0,4.04 04:06:09 08/02/21
0,99.9,-2.835,995.89,0.0,4.04 04:11:23 08/02/21
0,99.9,-2.8400002,995.91,0.0,4.04 04:16:39 08/02/21
0,99.9,-2.9,995.92,0.0,4.04 04:21:58 08/02/21
0,99.9,-2.905,995.9,0.0,4.04 04:27:14 08/02/21
0,99.9,-2.92,995.91,0.0,4.04 04:32:27 08/02/21
0,99.9,-2.9299998,995.93,0.0,4.04 04:37:41 08/02/21
0,99.9,-2.925,996.01,0.0,4.04 04:43:02 08/02/21
0,99.9,-2.995,995.97,0.0,4.04 04:48:18 08/02/21
0,99.9,-2.995,995.96,0.0,4.04 04:53:31 08/02/21
0,99.9,-3.0,995.99,0.0,4.04 04:58:45 08/02/21
0,99.9,-3.025,996.04,0.0,4.04 05:03:58 08/02/21
0,99.9,-3.005,996.07,0.0,4.04 05:09:17 08/02/21
0,99.9,-3.03,996.04,0.0,4.04 05:14:33 08/02/21
0,99.9,-3.03,996.12,0.0,4.04 05:19:46 08/02/21
0,99.9,-3.03,996.13,0.0,4.04 05:24:57 08/02/21
0,99.9,-3.085,996.09,0.0,4.04 05:30:23 08/02/21
0,99.9,-3.03,996.16,0.0,4.04 05:35:43 08/02/21
0,99.9,-3.025,996.2,0.0,4.04 05:41:01 08/02/21
0,99.9,-3.04,996.17,0.0,4.04 05:46:09 08/02/21
0,99.9,-3.1100001,996.19,0.0,4.04 05:51:22 08/02/21
0,99.9,-3.19,996.17,0.0,4.04 05:56:34 08/02/21
0,99.9,-3.13,996.27,0.0,4.04 06:01:48 08/02/21
0,99.9,-3.1950002,996.28,0.0,4.04 06:06:56 08/02/21
0,99.9,-3.23,996.22,0.0,4.04 06:12:10 08/02/21
0,99.9,-3.295,996.19,0.0,4.04 06:17:20 08/02/21
0,99.9,-3.29,996.13,0.0,4.04 06:22:34 08/02/21
0,99.9,-3.315,996.18,0.0,4.04 06:27:45 08/02/21
0,99.9,-3.3200002,996.19,0.0,4.04 06:32:57 08/02/21
0,99.9,-3.255,996.27,0.0,4.04 06:38:26 08/02/21
0,99.9,-3.2350001,996.25,0.0,4.04 06:43:38 08/02/21
0,99.9,-3.315,996.27,0.01,4.04 06:48:49 08/02/21
0,99.9,-3.33,996.25,0.01,4.04 06:54:00 08/02/21
0,99.9,-3.345,996.33,0.01,4.04 06:59:12 08/02/21
0,99.9,-3.4,996.34,0.01,4.04 07:04:24 08/02/21
0,99.9,-3.405,996.39,0.01,4.04 07:09:34 08/02/21
0,99.9,-3.42,996.47,0.01,4.04 07:15:01 08/02/21
0,99.9,-3.4099998,996.53,0.02,4.04 07:20:15 08/02/21
0,99.9,-3.5049999,996.61,0.03,4.04 07:25:37 08/02/21
0,99.9,-3.435,996.64,0.05,4.04 07:30:48 08/02/21
1,99.9,-2.7649999,996.74,0.88,4.03 07:50:19 08/02/21
1,99.9,-3.04,996.75,1.26,4.03 07:55:32 08/02/21
2,99.9,-3.325,996.71,1.7,4.03 08:00:50 08/02/21
3,99.9,-3.425,996.83,1.97,4.04 08:06:01 08/02/21
4,99.9,-3.445,996.96,2.24,4.04 08:11:15 08/02/21
7,99.9,-2.7849998,997.0,3.22,4.03 08:25:50 08/02/21
9,99.9,-3.0900002,996.92,3.52,4.03 08:31:01 08/02/21
12,99.9,-3.355,996.99,3.77,4.04 08:36:19 08/02/21
15,99.9,-3.5049999,997.1,4.04,4.03 08:41:44 08/02/21
22,99.9,-3.025,997.12,4.14,4.03 09:01:17 08/02/21
25,99.9,-3.31,997.21,4.26,4.03 09:06:42 08/02/21
25,99.9,-3.46,997.18,4.15,4.03 09:11:53 08/02/21
26,99.9,-3.6100001,997.26,4.41,4.03 09:17:09 08/02/21
27,99.9,-3.705,997.27,4.44,4.03 09:22:26 08/02/21
30,99.9,-3.73,997.33,4.48,4.03 09:27:40 08/02/21
29,99.9,-3.8049998,997.3,4.58,4.04 09:32:49 08/02/21
33,99.9,-3.825,997.35,4.7,4.03 09:38:10 08/02/21
31,99.9,-3.8,997.33,4.34,4.03 09:43:21 08/02/21
38,99.9,-3.795,997.36,4.13,4.03 09:48:44 08/02/21
36,99.9,-3.79,997.33,4.85,4.03 09:49:07 08/02/21
31,99.9,-3.725,997.3,4.51,4.03 09:54:18 08/02/21
37,99.9,-3.72,997.32,4.65,4.03 09:59:50 08/02/21
34,99.9,-3.65,997.29,4.66,4.03 10:04:59 08/02/21
40,99.9,-3.71,997.3,4.87,4.03 10:10:13 08/02/21
38,99.9,-3.7,997.42,4.41,4.03 10:15:28 08/02/21
35,99.9,-3.645,997.39,4.91,4.04 10:20:42 08/02/21
43,99.9,-3.69,997.45,5.0,4.03 10:26:00 08/02/21
42,99.9,-3.6350002,997.46,5.0,4.03 10:31:26 08/02/21
40,99.9,-3.63,997.46,4.74,4.03 10:36:36 08/02/21
42,99.9,-3.625,997.49,4.94,4.03 10:41:48 08/02/21
41,99.9,-3.6200001,997.48,4.75,4.04 10:47:02 08/02/21
44,99.9,-3.6200001,997.51,5.0,4.04 10:52:17 08/02/21
43,99.9,-3.6200001,997.53,4.73,4.03 10:57:32 08/02/21
44,99.9,-2.92,997.59,5.0,4.03 11:17:00 08/02/21
48,99.9,-3.1100001,997.57,5.0,4.04 11:22:14 08/02/21
54,99.9,-3.275,997.53,4.66,4.03 11:27:26 08/02/21
47,99.9,-3.345,997.57,4.2,4.03 11:32:35 08/02/21
49,99.9,-3.345,997.67,5.0,4.03 11:37:51 08/02/21
42,99.9,-3.325,997.69,4.33,4.03 11:43:13 08/02/21
46,99.9,-3.315,997.74,5.0,4.03 11:48:29 08/02/21
50,99.9,-3.31,997.71,4.76,4.04 11:53:43 08/02/21
50,99.9,-3.3,997.68,4.11,4.04 11:59:01 08/02/21
50,99.9,-3.245,997.68,4.3,4.03 12:04:17 08/02/21
48,99.9,-3.2350001,997.72,5.0,4.03 12:09:33 08/02/21
39,99.9,-3.295,997.69,4.55,4.04 12:14:44 08/02/21
40,99.9,-3.33,997.66,4.97,4.03 12:19:56 08/02/21
39,99.9,-3.3899999,997.69,4.69,4.03 12:25:08 08/02/21
47,99.9,-3.405,997.61,5.0,4.03 12:30:23 08/02/21
47,99.9,-3.42,997.64,4.52,4.03 12:35:45 08/02/21
41,99.9,-3.4899998,997.65,4.64,4.04 12:40:59 08/02/21
49,99.9,-3.4899998,997.55,4.98,4.04 12:46:10 08/02/21
52,99.9,-3.42,997.51,5.0,4.03 12:51:22 08/02/21
59,99.9,-3.3400002,997.57,5.0,4.03 12:56:39 08/02/21
57,99.9,-3.3049998,997.63,4.37,4.04 13:01:55 08/02/21
53,99.9,-3.31,997.6,4.15,4.04 13:07:06 08/02/21
52,99.9,-3.2350001,997.6,5.0,4.04 13:12:17 08/02/21
58,99.9,-3.23,997.57,5.0,4.04 13:17:30 08/02/21
58,99.9,-3.205,997.55,5.0,4.04 13:22:40 08/02/21
56,99.9,-3.1,997.59,5.0,4.03 13:27:55 08/02/21
55,99.9,-3.03,997.53,4.1,4.04 13:33:04 08/02/21
57,99.9,-3.0349998,997.52,4.89,4.04 13:38:18 08/02/21
56,99.9,-3.0149999,997.52,5.0,4.04 13:43:37 08/02/21
57,99.9,-2.955,997.47,5.0,4.04 13:48:49 08/02/21
57,99.9,-2.99,997.52,4.16,4.04 13:54:01 08/02/21
51,99.9,-2.925,997.51,5.0,4.04 13:59:14 08/02/21
54,99.9,-3.0,997.57,4.11,4.04 14:04:23 08/02/21
49,99.9,-3.02,997.6,5.0,4.04 14:09:36 08/02/21
54,99.9,-3.03,997.51,4.69,4.04 14:14:48 08/02/21
51,99.9,-3.08,997.64,4.96,4.04 14:19:59 08/02/21
51,99.9,-3.085,997.58,4.87,4.04 14:25:10 08/02/21
51,99.9,-3.03,997.59,4.94,4.03 14:30:23 08/02/21
48,99.9,-3.1,997.52,4.11,4.04 14:35:36 08/02/21
47,99.9,-3.04,997.59,5.0,4.04 14:40:48 08/02/21
46,99.9,-3.0349998,997.52,5.0,4.04 14:45:59 08/02/21
41,99.9,-3.0149999,997.59,5.0,4.03 14:51:10 08/02/21
45,99.9,-3.025,997.53,4.43,4.04 14:56:22 08/02/21
48,99.9,-3.085,997.61,5.0,4.03 15:01:35 08/02/21
44,99.9,-3.1,997.59,4.74,4.03 15:06:46 08/02/21
44,99.9,-3.1950002,997.57,4.11,4.04 15:11:57 08/02/21
44,99.9,-3.2649999,997.6,5.0,4.04 15:17:07 08/02/21
43,99.9,-3.2849998,997.65,4.92,4.03 15:22:22 08/02/21
35,99.9,-3.295,997.75,4.26,4.03 15:27:33 08/02/21
33,99.9,-3.3899999,997.77,4.13,4.03 15:32:45 08/02/21
31,99.9,-3.415,997.94,4.85,4.03 15:37:54 08/02/21
35,99.9,-3.5049999,997.91,4.37,4.03 15:43:08 08/02/21
38,99.9,-3.5249999,997.97,5.0,4.03 15:48:23 08/02/21
33,99.9,-3.585,998.04,4.66,4.03 15:53:40 08/02/21
29,99.9,-3.545,998.13,4.64,4.03 15:58:52 08/02/21
25,99.9,-3.605,998.11,4.54,4.03 16:04:01 08/02/21
28,99.9,-3.685,998.06,4.61,4.03 16:09:13 08/02/21
28,99.9,-3.69,998.09,4.48,4.03 16:14:30 08/02/21
28,99.9,-3.725,998.15,4.5,4.03 16:19:47 08/02/21
28,99.9,-3.7849998,998.12,4.44,4.03 16:24:58 08/02/21
26,99.9,-3.795,998.2,4.46,4.03 16:30:09 08/02/21
23,99.9,-3.8200002,998.21,4.22,4.03 16:35:22 08/02/21
20,99.9,-3.815,998.34,4.1,4.03 16:40:33 08/02/21
17,99.9,-3.815,998.36,4.13,4.03 16:45:43 08/02/21
19,99.9,-3.83,998.38,4.1,4.03 16:50:55 08/02/21
23,99.9,-3.83,998.37,4.19,4.03 16:56:09 08/02/21
21,99.9,-3.835,998.37,4.18,4.03 17:01:18 08/02/21
20,99.9,-3.88,998.36,4.12,4.03 17:06:30 08/02/21
19,99.9,-3.845,998.41,4.12,4.03 17:11:43 08/02/21
18,99.9,-3.92,998.51,4.11,4.03 17:16:54 08/02/21
16,99.9,-3.945,998.42,4.12,4.03 17:22:07 08/02/21
14,99.9,-4.005,998.49,4.16,4.03 17:27:18 08/02/21
11,99.9,-4.0099998,998.48,3.8,4.03 17:32:28 08/02/21
8,99.9,-4.02,998.47,3.16,4.03 17:37:42 08/02/21
5,99.9,-4.0249996,998.5,2.66,4.03 17:42:54 08/02/21
4,99.9,-4.035,998.6,2.42,4.03 17:48:05 08/02/21
2,99.9,-4.0950003,998.63,1.82,4.03 17:53:17 08/02/21
0,99.9,-4.105,998.75,1.31,4.03 17:58:29 08/02/21
0,99.9,-4.1150002,998.81,0.84,4.03 18:03:40 08/02/21
0,99.9,-4.125,998.93,0.36,4.03 18:08:50 08/02/21
0,99.9,-4.135,999.0,0.17,4.03 18:14:03 08/02/21
0,99.9,-4.145,999.03,0.08,4.03 18:19:14 08/02/21
0,99.9,-4.2200003,999.04,0.03,4.03 18:24:27 08/02/21
0,99.9,-4.235,999.2,0.01,4.03 18:29:37 08/02/21
0,99.9,-4.31,999.26,0.0,4.03 18:34:51 08/02/21
0,99.9,-4.335,999.29,0.0,4.03 18:40:02 08/02/21
0,99.9,-4.395,999.32,0.0,4.03 18:45:13 08/02/21
0,99.9,-4.4049997,999.43,0.0,4.03 18:50:25 08/02/21
0,99.9,-4.425,999.32,0.0,4.03 18:55:36 08/02/21
0,99.9,-4.45,999.41,0.0,4.03 19:00:48 08/02/21
0,99.9,-4.5249996,999.39,0.0,4.03 19:06:00 08/02/21
0,99.9,-4.56,999.36,0.0,4.03 19:11:11 08/02/21
0,99.9,-4.635,999.55,0.0,4.03 19:16:22 08/02/21
0,99.9,-4.705,999.52,0.0,4.03 19:21:37 08/02/21
0,99.9,-4.7200003,999.57,0.0,4.03 19:26:55 08/02/21
0,99.9,-4.74,999.57,0.0,4.03 19:32:06 08/02/21
0,99.9,-4.735,999.59,0.0,4.03 19:37:16 08/02/21
0,99.9,-4.735,999.56,0.0,4.03 19:42:29 08/02/21
0,99.9,-4.74,999.64,0.0,4.03 19:47:40 08/02/21
0,99.9,-4.745,999.61,0.0,4.03 19:52:55 08/02/21
0,99.9,-4.75,999.62,0.0,4.03 19:58:12 08/02/21
0,99.9,-4.81,999.71,0.0,4.03 20:03:22 08/02/21
0,99.9,-4.81,999.82,0.01,4.03 20:08:46 08/02/21
0,99.9,-4.755,999.9,0.0,4.03 20:13:54 08/02/21
0,99.9,-4.77,999.85,0.0,4.03 20:19:07 08/02/21
0,99.9,-4.825,999.91,0.0,4.03 20:24:23 08/02/21
0,99.9,-4.83,999.93,0.0,4.03 20:29:44 08/02/21
0,99.9,-4.8450003,999.95,0.0,4.03 20:34:58 08/02/21
0,99.9,-4.915,1000.03,0.0,4.03 20:40:11 08/02/21
0,99.9,-4.925,1000.07,0.0,4.03 20:45:22 08/02/21
0,99.9,-4.99,1000.11,0.0,4.03 20:50:37 08/02/21
0,99.9,-4.94,1000.14,0.0,4.03 20:55:52 08/02/21
0,99.9,-4.96,1000.11,0.0,4.02 21:01:05 08/02/21
0,99.9,-5.005,1000.12,0.0,4.03 21:06:15 08/02/21
0,99.9,-5.02,1000.15,0.0,4.03 21:11:28 08/02/21
0,99.9,-5.035,1000.07,0.0,4.03 21:16:39 08/02/21
0,99.9,-5.045,1000.13,0.0,4.03 21:21:52 08/02/21
0,99.9,-5.045,1000.16,0.0,4.03 21:27:04 08/02/21
0,99.9,-5.055,1000.22,0.0,4.02 21:32:13 08/02/21
0,99.9,-5.1000004,1000.22,0.0,4.03 21:37:24 08/02/21
0,99.9,-5.0699997,1000.31,0.0,4.03 21:42:38 08/02/21
0,99.9,-5.06,1000.24,0.0,4.03 21:47:49 08/02/21
0,99.9,-5.115,1000.33,0.0,4.03 21:53:05 08/02/21
0,99.9,-5.115,1000.4,0.0,4.02 21:58:21 08/02/21
0,99.9,-5.0699997,1000.43,0.0,4.03 22:03:32 08/02/21
0,99.9,-5.13,1000.39,0.0,4.02 22:08:44 08/02/21
0,99.9,-5.135,1000.4,0.0,4.03 22:13:55 08/02/21
0,99.9,-5.1400003,1000.46,0.0,4.03 22:19:06 08/02/21
0,99.9,-5.145,1000.49,0.0,4.03 22:24:21 08/02/21
0,99.9,-5.1400003,1000.46,0.0,4.03 22:29:38 08/02/21
0,99.9,-5.215,1000.54,0.0,4.02 22:34:49 08/02/21
0,99.9,-5.2250004,1000.56,0.0,4.03 22:40:02 08/02/21
0,99.9,-5.215,1000.66,0.0,4.03 22:45:11 08/02/21
0,99.9,-5.23,1000.73,0.0,4.03 22:50:25 08/02/21
0,99.9,-5.2250004,1000.7,0.0,4.03 22:55:34 08/02/21
0,99.9,-5.235,1000.72,0.0,4.03 23:00:48 08/02/21
0,99.9,-5.235,1000.72,0.0,4.03 23:05:59 08/02/21
0,99.9,-5.235,1000.74,0.0,4.02 23:11:16 08/02/21
0,99.9,-5.24,1000.71,0.0,4.02 23:16:31 08/02/21
0,99.9,-5.245,1000.75,0.0,4.02 23:21:41 08/02/21
0,99.9,-5.245,1000.8,0.0,4.03 23:26:52 08/02/21
0,99.9,-5.245,1000.85,0.0,4.02 23:32:05 08/02/21
0,99.9,-5.245,1000.87,0.0,4.02 23:37:22 08/02/21
0,99.9,-5.245,1000.8,0.0,4.02 23:42:36 08/02/21
0,99.9,-5.255,1000.89,0.0,4.02 23:47:48 08/02/21
0,99.9,-5.31,1000.9,0.0,4.02 23:52:59 08/02/21
0,99.9,-5.33,1000.92,0.0,4.03 23:58:16 08/02/21
