0,99.9,-6.4700003,1005.71,0.0,4.09 00:01:02 10/02/21
0,99.9,-6.48,1005.7,0.0,4.09 00:06:14 10/02/21
0,99.9,-6.4849997,1005.77,0.0,4.08 00:11:29 10/02/21
0,99.9,-6.545,1005.79,0.0,4.09 00:16:46 10/02/21
0,99.9,-6.545,1005.84,0.0,4.09 00:21:57 10/02/21
0,99.9,-6.555,1005.79,0.0,4.08 00:27:11 10/02/21
0,99.9,-6.55,1005.79,0.0,4.09 00:32:19 10/02/21
0,99.9,-6.55,1005.88,0.0,4.09 00:37:33 10/02/21
0,99.9,-6.55,1005.92,0.0,4.09 00:42:42 10/02/21
0,99.9,-6.5649996,1006.0,0.0,4.09 00:47:58 10/02/21
0,99.9,-6.5699997,1006.07,0.0,4.09 00:53:12 10/02/21
0,99.9,-6.645,1006.09,0.0,4.09 00:58:26 10/02/21
0,99.9,-6.66,1006.16,0.0,4.08 01:03:36 10/02/21
0,99.9,-6.74,1006.12,0.0,4.09 01:08:48 10/02/21
0,99.9,-6.76,1006.13,0.0,4.08 01:14:04 10/02/21
0,99.9,-6.7799997,1006.11,0.0,4.08 01:19:20 10/02/21
0,99.9,-6.8,1006.12,0.0,4.08 01:24:29 10/02/21
0,99.9,-6.865,1006.17,0.0,4.08 01:29:46 10/02/21
0,99.9,-6.88,1006.16,0.0,4.08 01:35:02 10/02/21
0,99.9,-6.95,1006.12,0.0,4.08 01:40:14 10/02/21
0,99.9,-6.9700003,1006.08,0.0,4.08 01:45:29 10/02/21
0,99.9,-6.98,1006.05,0.0,4.08 01:50:46 10/02/21
0,99.9,-7.05,1006.11,0.0,4.08 01:55:56 10/02/21
0,99.9,-7.075,1006.01,0.0,4.08 02:01:06 10/02/21
0,99.9,-7.08,1006.1,0.0,4.08 02:06:18 10/02/21
0,99.9,-7.095,1006.11,0.0,4.08 02:11:30 10/02/21
0,99.9,-7.15,1006.13,0.0,4.08 02:16:46 10/02/21
0,99.9,-7.17,1006.11,0.0,4.08 02:22:02 10/02/21
0,99.9,-7.165,1006.15,0.0,4.08 02:27:12 10/02/21
0,99.9,-7.1800003,1006.06,0.0,4.08 02:32:24 10/02/21
0,99.9,-7.24,1006.18,0.0,4.08 02:37:36 10/02/21
0,99.9,-7.25,1006.18,0.0,4.08 02:42:49 10/02/21
0,99.9,-7.2650003,1006.16,0.0,4.08 02:47:58 10/02/21
0,99.9,-7.27,1006.08,0.0,4.08 02:53:09 10/02/21
0,99.9,-7.275,1006.13,0.0,4.08 02:58:21 10/02/21
0,99.9,-7.2650003,1006.19,0.0,4.08 03:03:31 10/02/21
0,99.9,-7.27,1006.16,0.0,4.08 03:08:43 10/02/21
0,99.9,-7.275,1006.13,0.0,4.08 03:13:56 10/02/21
0,99.9,-7.2799997,1006.14,0.0,4.08 03:19:05 10/02/21
0,99.9,-7.3450003,1006.06,0.0,4.08 03:24:16 10/02/21
0,99.9,-7.3599997,1005.99,0.0,4.08 03:29:29 10/02/21
0,99.9,-7.37,1005.93,0.0,4.08 03:34:39 10/02/21
0,99.9,-7.385,1005.85,0.0,4.08 03:39:53 10/02/21
0,99.9,-7.445,1005.86,0.0,4.08 03:45:03 10/02/21
0,99.9,-7.46,1005.8,0.0,4.08 03:50:13 10/02/21
0,99.9,-7.4800005,1005.81,0.0,4.07 03:55:28 10/02/21
0,99.9,-7.545,1005.82,0.0,4.08 04:00:37 10/02/21
0,99.9,-7.5699997,1005.84,0.0,4.08 04:05:49 10/02/21
0,99.9,-7.5699997,1005.87,0.0,4.07 04:11:09 10/02/21
0,99.9,-7.58,1005.8,0.0,4.07 04:16:21 10/02/21
0,99.9,-7.65,1005.86,0.0,4.08 04:21:31 10/02/21
0,99.9,-7.67,1005.91,0.0,4.08 04:26:46 10/02/21
0,99.9,-7.74,1005.91,0.0,4.08 04:32:02 10/02/21
0,99.9,-7.715,1005.93,0.0,4.07 04:37:14 10/02/21
0,99.9,-7.7749996,1006.0,0.0,4.07 04:42:26 10/02/21
0,99.9,-7.7799997,1006.06,0.0,4.08 04:47:35 10/02/21
0,99.9,-7.7749996,1006.1,0.0,4.08 04:52:48 10/02/21
0,99.9,-7.7699995,1006.1,0.0,4.07 04:57:58 10/02/21
0,99.9,-7.765,1006.15,0.0,4.07 05:03:09 10/02/21
0,99.9,-7.7699995,1006.18,0.0,4.07 05:08:22 10/02/21
0,99.9,-7.695,1006.24,0.0,4.08 05:13:32 10/02/21
0,99.9,-7.69,1006.37,0.0,4.07 05:18:44 10/02/21
0,99.9,-7.675,1006.43,0.0,4.07 05:23:56 10/02/21
0,99.9,-7.67,1006.5,0.0,4.07 05:29:11 10/02/21
0,99.9,-7.67,1006.5,0.0,4.07 05:34:27 10/02/21
0,99.9,-7.66,1006.64,0.0,4.07 05:39:44 10/02/21
0,99.9,-7.66,1006.6,0.0,4.07 05:45:01 10/02/21
0,99.9,-7.66,1006.76,0.0,4.07 05:50:08 10/02/21
0,99.9,-7.665,1006.79,0.0,4.07 05:55:20 10/02/21
0,99.9,-7.665,1006.81,0.0,4.07 06:00:30 10/02/21
0,99.9,-7.65,1006.83,0.0,4.07 06:05:44 10/02/21
0,99.9,-7.58,1006.88,0.0,4.07 06:10:53 10/02/21
0,99.9,-7.555,1006.9,0.0,4.07 06:16:04 10/02/21
0,99.9,-7.485,1006.86,0.0,4.07 06:21:16 10/02/21
0,99.9,-7.465,1006.88,0.0,4.07 06:26:28 10/02/21
0,99.9,-7.395,1006.96,0.0,4.07 06:31:38 10/02/21
0,99.9,-7.385,1006.95,0.0,4.07 06:36:50 10/02/21
0,99.9,-7.355,1006.88,0.0,4.07 06:42:02 10/02/21
0,99.9,-7.2650003,1006.81,0.0,4.07 06:47:13 10/02/21
0,99.9,-7.1850004,1006.9,0.0,4.07 06:52:24 10/02/21
0,99.9,-7.095,1006.9,0.0,4.07 06:57:35 10/02/21
0,99.9,-7.0,1007.01,0.0,4.07 07:02:51 10/02/21
0,99.9,-6.8900003,1007.14,0.0,4.07 07:08:08 10/02/21
0,99.9,-6.8050003,1007.21,0.02,4.07 07:13:28 10/02/21
0,99.9,-6.79,1007.24,0.07,4.07 07:18:37 10/02/21
0,99.9,-6.79,1007.25,0.18,4.07 07:23:53 10/02/21
0,99.9,-6.8450003,1007.3,0.4,4.07 07:29:09 10/02/21
0,99.9,-6.865,1007.32,0.83,4.07 07:34:22 10/02/21
0,99.9,-6.88,1007.41,1.56,4.07 07:39:31 10/02/21
1,99.9,-6.955,1007.55,2.38,4.07 07:44:44 10/02/21
2,99.9,-6.975,1007.62,3.07,4.07 07:49:56 10/02/21
4,99.9,-6.98,1007.67,3.66,4.07 07:55:11 10/02/21
7,99.9,-6.98,1007.79,4.1,4.07 08:00:27 10/02/21
9,99.9,-6.995,1007.9,4.19,4.07 08:05:36 10/02/21
11,99.9,-7.0649996,1008.01,4.24,4.07 08:10:49 10/02/21
14,99.9,-7.08,1008.08,4.14,4.07 08:16:00 10/02/21
17,99.9,-7.095,1008.14,4.75,4.07 08:21:14 10/02/21
18,99.9,-7.1,1008.28,5.0,4.07 08:26:24 10/02/21
23,99.9,-7.155,1008.3,4.24,4.07 08:31:36 10/02/21
30,99.9,-7.155,1008.46,4.66,4.08 08:36:46 10/02/21
35,99.9,-7.085,1008.61,5.0,4.07 08:41:58 10/02/21
34,99.9,-7.06,1008.69,5.0,4.08 08:47:10 10/02/21
36,99.9,-6.9849997,1008.81,5.0,4.08 08:52:20 10/02/21
38,99.9,-6.895,1008.99,5.0,4.08 08:57:30 10/02/21
41,99.9,-6.79,1009.09,4.15,4.09 09:02:44 10/02/21
41,99.9,-6.69,1009.23,4.48,4.09 09:07:53 10/02/21
43,99.9,-6.575,1009.31,4.16,4.1 09:13:05 10/02/21
46,99.9,-6.465,1009.38,5.0,4.12 09:18:16 10/02/21
48,99.9,-6.285,1009.43,4.21,4.13 09:23:29 10/02/21
51,99.9,-6.05,1009.54,4.23,4.15 09:28:49 10/02/21
54,99.9,-5.775,1009.63,4.82,4.12 09:34:02 10/02/21
50,99.9,-5.56,1009.66,4.16,4.12 09:39:11 10/02/21
50,99.9,-5.4449997,1009.84,5.0,4.11 09:44:35 10/02/21
55,99.9,-5.4,1009.93,4.5,4.12 09:49:57 10/02/21
65,99.9,-5.375,1009.95,4.22,4.12 09:55:17 10/02/21
53,99.9,-5.3,1010.03,4.85,4.12 10:00:35 10/02/21
60,99.9,-5.275,1010.01,4.26,4.13 10:06:12 10/02/21
59,99.9,-5.175,1010.08,4.34,4.13 10:11:28 10/02/21
63,99.9,-5.1400003,1010.2,4.27,4.14 10:16:39 10/02/21
59,99.9,-5.0,1010.19,5.0,4.15 10:21:50 10/02/21
52,99.9,-4.88,1010.24,5.0,4.15 10:27:09 10/02/21
42,99.9,-4.755,1010.18,5.0,4.14 10:32:23 10/02/21
42,99.9,-4.595,1010.23,4.79,4.14 10:37:35 10/02/21
50,99.9,-4.48,1010.26,5.0,4.13 10:42:46 10/02/21
41,99.9,-4.31,1010.38,4.22,4.14 10:48:05 10/02/21
44,99.9,-4.14,1010.36,4.55,4.15 10:53:17 10/02/21
41,99.9,-4.025,1010.38,4.22,4.14 10:58:34 10/02/21
39,99.9,-3.9099998,1010.43,4.34,4.14 11:03:48 10/02/21
43,99.9,-3.8200002,1010.48,4.33,4.17 11:09:01 10/02/21
48,99.9,-3.71,1010.55,4.28,4.18 11:14:11 10/02/21
49,99.9,-3.605,1010.55,5.0,4.13 11:19:25 10/02/21
56,99.9,-3.51,1010.58,5.0,4.12 11:24:36 10/02/21
71,99.9,-3.405,1010.66,5.0,4.12 11:29:47 10/02/21
72,99.9,-3.22,1010.77,5.0,4.12 11:35:01 10/02/21
72,99.9,-3.04,1010.83,5.0,4.12 11:40:20 10/02/21
70,99.9,-2.845,1010.88,5.0,4.12 11:45:31 10/02/21
70,99.9,-2.74,1010.87,5.0,4.12 11:50:42 10/02/21
65,99.9,-2.55,1011.04,5.0,4.12 11:55:55 10/02/21
61,99.9,-2.45,1010.96,5.0,4.12 12:01:07 10/02/21
59,99.9,-2.3899999,1011.12,5.0,4.12 12:06:19 10/02/21
66,99.9,-2.31,1011.12,5.0,4.12 12:11:32 10/02/21
65,99.9,-2.22,1011.19,5.0,4.12 12:16:41 10/02/21
61,99.9,-2.14,1011.27,5.0,4.12 12:21:53 10/02/21
62,99.9,-2.115,1011.3,5.0,4.12 12:27:06 10/02/21
68,99.9,-2.1,1011.41,5.0,4.11 12:32:22 10/02/21
64,99.9,-2.02,1011.4,5.0,4.11 12:37:40 10/02/21
67,99.9,-2.01,1011.54,5.0,4.11 12:42:50 10/02/21
68,99.9,-1.99,1011.57,5.0,4.12 12:48:01 10/02/21
59,99.9,-1.9100001,1011.64,5.0,4.11 12:53:14 10/02/21
76,99.9,-1.895,1011.71,5.0,4.12 12:58:27 10/02/21
71,99.9,-1.82,1011.7,5.0,4.11 13:03:36 10/02/21
79,99.9,-1.7149999,1011.71,5.0,4.11 13:08:50 10/02/21
71,99.9,-1.52,1011.84,5.0,4.11 13:14:00 10/02/21
60,99.9,-1.41,1011.8,5.0,4.11 13:19:13 10/02/21
66,99.9,-1.3199999,1011.82,5.0,4.11 13:24:25 10/02/21
89,99.9,-1.135,1011.9,5.0,4.11 13:29:37 10/02/21
82,99.9,-0.775,1011.88,5.0,4.11 13:34:49 10/02/21
80,99.9,-0.46,1011.85,5.0,4.11 13:40:00 10/02/21
60,99.9,-0.35999998,1011.96,5.0,4.11 13:45:13 10/02/21
74,99.9,-0.35999998,1012.08,5.0,4.11 13:50:29 10/02/21
58,99.9,-0.35999998,1011.95,5.0,4.11 13:55:45 10/02/21
68,99.9,-0.425,1012.02,5.0,4.11 14:00:57 10/02/21
71,99.9,-0.505,1012.05,5.0,4.11 14:06:14 10/02/21
64,99.9,-0.59000003,1012.15,5.0,4.11 14:11:29 10/02/21
83,99.9,-0.67999995,1012.18,5.0,4.11 14:16:41 10/02/21
65,99.9,-0.67999995,1012.3,5.0,4.11 14:21:53 10/02/21
71,99.9,-0.67499995,1012.29,5.0,4.11 14:27:05 10/02/21
80,99.9,-0.52000004,1012.37,5.0,4.11 14:32:17 10/02/21
61,99.9,-0.26,1012.38,5.0,4.11 14:37:35 10/02/21
57,99.9,-0.13499999,1012.43,5.0,4.11 14:42:52 10/02/21
56,99.9,-0.2,1012.52,5.0,4.11 14:48:08 10/02/21
69,99.9,-0.295,1012.54,5.0,4.11 14:53:24 10/02/21
67,99.9,-0.38,1012.61,5.0,4.11 14:58:35 10/02/21
67,99.9,-0.395,1012.78,5.0,4.11 15:03:47 10/02/21
56,99.9,-0.405,1012.9,5.0,4.11 15:08:59 10/02/21
49,99.9,-0.47000003,1012.93,5.0,4.11 15:14:11 10/02/21
39,99.9,-0.515,1012.97,5.0,4.11 15:19:23 10/02/21
42,99.9,-0.655,1013.06,5.0,4.11 15:24:36 10/02/21
38,99.9,-0.74,1013.08,5.0,4.11 15:29:48 10/02/21
38,99.9,-0.765,1013.17,5.0,4.11 15:34:59 10/02/21
34,99.9,-0.78499997,1013.29,5.0,4.11 15:40:12 10/02/21
28,99.9,-0.8,1013.36,5.0,4.11 15:45:22 10/02/21
27,99.9,-0.875,1013.48,5.0,4.1 15:50:35 10/02/21
27,99.9,-0.9,1013.68,5.0,4.11 15:55:46 10/02/21
30,99.9,-0.96500003,1013.82,5.0,4.11 16:00:57 10/02/21
37,99.9,-0.985,1013.77,5.0,4.11 16:06:09 10/02/21
39,99.9,-0.98,1013.89,5.0,4.1 16:11:25 10/02/21
34,99.9,-0.975,1013.93,5.0,4.1 16:16:33 10/02/21
34,99.9,-0.915,1014.05,5.0,4.11 16:21:46 10/02/21
34,99.9,-0.96000004,1014.08,5.0,4.1 16:27:03 10/02/21
31,99.9,-0.9,1014.14,5.0,4.1 16:32:22 10/02/21
27,99.9,-0.90999997,1014.19,5.0,4.1 16:37:38 10/02/21
27,99.9,-0.96500003,1014.29,5.0,4.11 16:42:50 10/02/21
22,99.9,-0.98,1014.31,5.0,4.1 16:48:02 10/02/21
20,99.9,-0.98,1014.39,5.0,4.1 16:53:14 10/02/21
17,99.9,-1.0550001,1014.37,5.0,4.1 16:58:26 10/02/21
16,99.9,-1.07,1014.55,5.0,4.1 17:03:40 10/02/21
15,99.9,-1.075,1014.64,5.0,4.1 17:08:51 10/02/21
12,99.9,-1.09,1014.7,4.8,4.1 17:14:03 10/02/21
11,99.9,-1.16,1014.73,4.8,4.1 17:19:14 10/02/21
13,99.9,-1.165,1014.88,5.0,4.1 17:24:26 10/02/21
12,99.9,-1.17,1014.96,4.89,4.1 17:29:38 10/02/21
10,99.9,-1.175,1014.93,4.71,4.1 17:34:49 10/02/21
9,99.9,-1.2,1014.94,4.21,4.1 17:40:03 10/02/21
7,99.9,-1.255,1015.09,4.05,4.1 17:45:16 10/02/21
5,99.9,-1.265,1015.22,3.63,4.1 17:50:32 10/02/21
2,99.9,-1.275,1015.34,3.09,4.1 17:55:47 10/02/21
1,99.9,-1.295,1015.34,2.55,4.1 18:00:59 10/02/21
0,99.9,-1.305,1015.39,1.76,4.1 18:06:11 10/02/21
0,99.9,-1.365,1015.54,0.82,4.1 18:11:21 10/02/21
0,99.9,-1.375,1015.58,0.33,4.1 18:16:35 10/02/21
0,99.9,-1.38,1015.6,0.15,4.1 18:21:46 10/02/21
0,99.9,-1.39,1015.68,0.06,4.1 18:27:00 10/02/21
0,99.9,-1.395,1015.81,0.03,4.1 18:32:12 10/02/21
0,99.9,-1.405,1015.88,0.01,4.1 18:37:21 10/02/21
0,99.9,-1.4599999,1015.88,0.0,4.1 18:42:33 10/02/21
0,99.9,-1.48,1016.02,0.0,4.1 18:47:45 10/02/21
0,99.9,-1.4849999,1016.1,0.0,4.1 18:52:58 10/02/21
0,99.9,-1.49,1016.19,0.0,4.1 18:58:10 10/02/21
0,99.9,-1.4949999,1016.24,0.0,4.1 19:03:25 10/02/21
0,99.9,-1.4949999,1016.28,0.0,4.1 19:08:46 10/02/21
0,99.9,-1.4949999,1016.28,0.0,4.09 19:14:03 10/02/21
0,99.9,-1.5,1016.42,0.0,4.09 19:19:16 10/02/21
0,99.9,-1.505,1016.5,0.0,4.09 19:24:29 10/02/21
0,99.9,-1.565,1016.52,0.0,4.09 19:29:42 10/02/21
0,99.9,-1.565,1016.61,0.0,4.09 19:34:57 10/02/21
0,99.9,-1.57,1016.64,0.0,4.09 19:40:11 10/02/21
0,99.9,-1.59,1016.67,0.0,4.09 19:45:22 10/02/21
0,99.9,-1.59,1016.83,0.0,4.09 19:50:35 10/02/21
0,99.9,-1.595,1016.99,0.0,4.1 19:55:45 10/02/21
0,99.9,-1.65,1017.14,0.0,4.09 20:00:57 10/02/21
0,99.9,-1.655,1017.28,0.0,4.09 20:06:10 10/02/21
0,99.9,-1.66,1017.38,0.0,4.09 20:11:22 10/02/21
0,99.9,-1.655,1017.52,0.0,4.09 20:16:34 10/02/21
0,99.9,-1.095,1017.78,0.0,4.08 20:36:05 10/02/21
0,99.9,-1.285,1017.91,0.0,4.09 20:41:16 10/02/21
0,99.9,-1.51,1017.98,0.0,4.08 20:46:40 10/02/21
0,99.9,-1.59,1017.96,0.0,4.09 20:51:51 10/02/21
0,99.9,-1.68,1018.0,0.0,4.09 20:57:02 10/02/21
0,99.9,-1.76,1018.18,0.0,4.09 21:02:12 10/02/21
0,99.9,-1.8299999,1018.27,0.0,4.09 21:07:26 10/02/21
0,99.9,-1.86,1018.27,0.0,4.09 21:12:42 10/02/21
0,99.9,-1.875,1018.39,0.0,4.09 21:17:58 10/02/21
0,99.9,-1.9449999,1018.47,0.0,4.09 21:23:09 10/02/21
0,99.9,-1.97,1018.57,0.0,4.09 21:28:24 10/02/21
0,99.9,-2.045,1018.62,0.0,4.09 21:33:33 10/02/21
0,99.9,-2.08,1018.79,0.0,4.08 21:38:44 10/02/21
0,99.9,-2.165,1018.84,0.0,4.08 21:43:57 10/02/21
0,99.9,-2.2450001,1018.95,0.0,4.08 21:49:09 10/02/21
0,99.9,-2.285,1019.02,0.0,4.09 21:54:20 10/02/21
0,99.9,-2.365,1019.08,0.0,4.08 21:59:35 10/02/21
0,99.9,-2.4499998,1019.17,0.0,4.09 22:04:44 10/02/21
0,99.9,-2.55,1019.32,0.0,4.08 22:10:05 10/02/21
0,99.9,-2.565,1019.41,0.0,4.08 22:15:18 10/02/21
0,99.9,-2.6399999,1019.52,0.0,4.08 22:20:29 10/02/21
0,99.9,-2.65,1019.42,0.0,4.09 22:25:40 10/02/21
0,99.9,-2.67,1019.6,0.0,4.08 22:30:54 10/02/21
0,99.9,-2.75,1019.59,0.0,4.08 22:36:03 10/02/21
0,99.9,-2.845,1019.69,0.0,4.08 22:41:14 10/02/21
0,99.9,-2.9499998,1019.75,0.0,4.08 22:46:32 10/02/21
0,99.9,-3.045,1019.76,0.0,4.08 22:51:46 10/02/21
0,99.9,-3.155,1019.84,0.0,4.08 22:57:00 10/02/21
0,99.9,-3.265,1019.95,0.0,4.08 23:02:09 10/02/21
0,99.9,-3.375,1020.04,0.0,4.08 23:07:24 10/02/21
0,99.9,-3.475,1020.16,0.0,4.08 23:12:39 10/02/21
0,99.9,-3.5549998,1020.19,0.0,4.08 23:17:55 10/02/21
0,99.9,-3.645,1020.27,0.0,4.08 23:23:06 10/02/21
0,99.9,-3.74,1020.37,0.0,4.08 23:28:21 10/02/21
0,99.9,-3.835,1020.51,0.0,4.08 23:33:37 10/02/21
0,99.9,-3.945,1020.62,0.0,4.08 23:38:49 10/02/21
0,99.9,-4.035,1020.71,0.0,4.08 23:44:04 10/02/21
0,99.9,-4.075,1020.78,0.0,4.08 23:49:12 10/02/21
0,99.9,-4.16,1020.9,0.0,4.08 23:54:26 10/02/21
0,99.9,-4.26,1021.01,0.0,4.08 23:59:41 10/02/21
