0,99.9,-4.35,1021.14,0.0,4.08 00:04:56 11/02/21
0,99.9,-4.4,1021.2,0.0,4.08 00:10:07 11/02/21
0,99.9,-4.5,1021.34,0.0,4.07 00:15:32 11/02/21
0,99.9,-4.59,1021.51,0.0,4.08 00:20:48 11/02/21
0,99.9,-4.7,1021.59,0.0,4.08 00:26:04 11/02/21
0,99.9,-4.855,1021.67,0.0,4.08 00:31:18 11/02/21
0,99.9,-4.95,1021.68,0.0,4.08 00:36:30 11/02/21
0,99.9,-5.05,1021.81,0.0,4.08 00:41:43 11/02/21
0,99.9,-5.15,1021.79,0.0,4.08 00:46:53 11/02/21
0,99.9,-5.26,1021.82,0.0,4.08 00:52:05 11/02/21
0,99.9,-5.35,1021.85,0.0,4.08 00:57:17 11/02/21
0,99.9,-5.45,1021.9,0.0,4.08 01:02:29 11/02/21
0,99.9,-5.55,1021.94,0.0,4.07 01:07:42 11/02/21
0,99.9,-5.58,1022.01,0.0,4.07 01:12:52 11/02/21
0,99.9,-5.67,1022.02,0.0,4.08 01:18:09 11/02/21
0,99.9,-5.69,1022.06,0.0,4.08 01:23:22 11/02/21
0,99.9,-5.7799997,1022.08,0.0,4.08 01:28:35 11/02/21
0,99.9,-5.865,1022.13,0.0,4.08 01:33:46 11/02/21
0,99.9,-5.885,1022.25,0.0,4.07 01:38:57 11/02/21
0,99.9,-5.975,1022.21,0.0,4.07 01:44:08 11/02/21
0,99.9,-6.055,1022.27,0.0,4.07 01:49:20 11/02/21
0,99.9,-6.095,1022.36,0.0,4.07 01:54:33 11/02/21
0,99.9,-6.175,1022.45,0.0,4.07 01:59:47 11/02/21
0,99.9,-6.25,1022.53,0.0,4.07 02:05:02 11/02/21
0,99.9,-6.29,1022.56,0.0,4.07 02:10:18 11/02/21
0,99.9,-6.365,1022.65,0.0,4.07 02:15:35 11/02/21
0,99.9,-6.44,1022.72,0.0,4.07 02:20:45 11/02/21
0,99.9,-6.48,1022.76,0.0,4.07 02:25:57 11/02/21
0,99.9,-6.575,1022.71,0.0,4.07 02:31:09 11/02/21
0,99.9,-6.6400003,1022.82,0.0,4.07 02:36:21 11/02/21
0,99.9,-6.6850004,1022.89,0.0,4.07 02:41:35 11/02/21
0,99.9,-6.76,1022.89,0.0,4.07 02:46:52 11/02/21
0,99.9,-6.785,1022.97,0.0,4.07 02:52:07 11/02/21
0,99.9,-6.85,1023.03,0.0,4.07 02:57:26 11/02/21
0,99.9,-6.865,1023.21,0.0,4.07 03:02:34 11/02/21
0,99.9,-6.95,1023.28,0.0,4.07 03:07:45 11/02/21
0,99.9,-6.99,1023.3,0.0,4.07 03:13:01 11/02/21
0,99.9,-7.06,1023.33,0.0,4.07 03:18:18 11/02/21
0,99.9,-7.1,1023.34,0.0,4.07 03:23:36 11/02/21
0,99.9,-7.1850004,1023.35,0.0,4.07 03:28:49 11/02/21
0,99.9,-7.2650003,1023.38,0.0,4.07 03:33:58 11/02/21
0,99.9,-7.285,1023.43,0.0,4.07 03:39:11 11/02/21
0,99.9,-7.3050003,1023.5,0.0,4.07 03:44:23 11/02/21
0,99.9,-7.375,1023.59,0.0,4.06 03:49:43 11/02/21
0,99.9,-7.4049997,1023.64,0.0,4.07 03:54:53 11/02/21
0,99.9,-7.485,1023.69,0.0,4.07 04:00:04 11/02/21
0,99.9,-7.5699997,1023.63,0.0,4.07 04:05:15 11/02/21
0,99.9,-7.585,1023.73,0.0,4.07 04:10:27 11/02/21
0,99.9,-7.6,1023.77,0.0,4.07 04:15:39 11/02/21
0,99.9,-7.69,1023.77,0.0,4.06 04:20:54 11/02/21
0,99.9,-7.7749996,1023.9,0.0,4.07 04:26:09 11/02/21
0,99.9,-7.79,1024.01,0.0,4.07 04:31:22 11/02/21
0,99.9,-7.7999997,1024.16,0.0,4.07 04:36:32 11/02/21
0,99.9,-7.87,1024.19,0.0,4.07 04:41:43 11/02/21
0,99.9,-7.965,1024.26,0.0,4.06 04:47:00 11/02/21
0,99.9,-7.985,1024.27,0.0,4.07 04:52:14 11/02/21
0,99.9,-8.005,1024.39,0.0,4.07 04:57:28 11/02/21
0,99.9,-8.085,1024.45,0.0,4.06 05:02:38 11/02/21
0,99.9,-8.16,1024.56,0.0,4.06 05:07:53 11/02/21
0,99.9,-8.12,1024.67,0.0,4.06 05:13:09 11/02/21
0,99.9,-8.17,1024.56,0.0,4.06 05:18:18 11/02/21
0,99.9,-8.17,1024.63,0.0,4.06 05:23:31 11/02/21
0,99.9,-8.105,1024.65,0.0,4.06 05:28:43 11/02/21
0,99.9,-8.08,1024.68,0.0,4.06 05:33:53 11/02/21
0,99.9,-8.005,1024.69,0.0,4.06 05:39:05 11/02/21
0,99.9,-7.9900002,1024.72,0.0,4.06 05:44:17 11/02/21
0,99.9,-7.915,1024.65,0.0,4.06 05:49:33 11/02/21
0,99.9,-7.88,1024.69,0.0,4.06 05:54:47 11/02/21
0,99.9,-7.88,1024.72,0.0,4.06 06:00:07 11/02/21
0,99.9,-7.895,1024.69,0.0,4.06 06:05:17 11/02/21
0,99.9,-7.9700003,1024.77,0.0,4.06 06:10:35 11/02/21
0,99.9,-7.9900002,1024.82,0.0,4.06 06:15:48 11/02/21
0,99.9,-8.065,1024.83,0.0,4.06 06:21:02 11/02/21
0,99.9,-8.08,1024.82,0.0,4.06 06:26:12 11/02/21
0,99.9,-8.094999,1024.89,0.0,4.06 06:31:32 11/02/21
0,99.9,-8.115,1024.95,0.0,4.06 06:36:46 11/02/21
0,99.9,-8.18,1025.04,0.0,4.06 06:41:54 11/02/21
0,99.9,-8.255,1025.15,0.0,4.06 06:47:04 11/02/21
0,99.9,-8.285,1025.18,0.0,4.06 06:52:15 11/02/21
0,99.9,-8.36,1025.28,0.0,4.06 06:57:28 11/02/21
0,99.9,-8.375,1025.33,0.0,4.06 07:02:38 11/02/21
0,99.9,-8.405,1025.33,0.02,4.06 07:07:49 11/02/21
0,99.9,-8.4800005,1025.34,0.05,4.06 07:13:00 11/02/21
0,99.9,-8.5,1025.49,0.14,4.06 07:18:12 11/02/21
0,99.9,-8.565,1025.52,0.34,4.06 07:23:29 11/02/21
0,99.9,-8.59,1025.6,0.85,4.06 07:28:43 11/02/21
0,99.9,-8.610001,1025.69,1.68,4.06 07:33:55 11/02/21
0,99.9,-8.68,1025.82,2.47,4.06 07:39:07 11/02/21
1,99.9,-8.690001,1025.81,3.2,4.06 07:44:17 11/02/21
2,99.9,-8.700001,1025.93,3.84,4.06 07:49:37 11/02/21
5,99.9,-8.695,1025.89,4.13,4.06 07:54:47 11/02/21
7,99.9,-8.71,1025.96,4.22,4.06 08:00:01 11/02/21
9,99.9,-8.78,1026.0,4.61,4.06 08:05:10 11/02/21
11,99.9,-8.785,1026.01,4.73,4.06 08:10:27 11/02/21
13,99.9,-8.785,1026.12,4.51,4.06 08:15:40 11/02/21
15,99.9,-8.79,1026.11,4.81,4.06 08:20:53 11/02/21
19,99.9,-8.785,1026.15,4.19,4.06 08:26:04 11/02/21
19,99.9,-8.785,1026.2,4.78,4.06 08:31:14 11/02/21
24,99.9,-8.785,1026.17,4.13,4.06 08:36:31 11/02/21
25,99.9,-8.764999,1026.25,4.65,4.07 08:41:45 11/02/21
33,99.9,-8.690001,1026.32,4.18,4.08 08:46:57 11/02/21
39,99.9,-8.6,1026.35,4.27,4.11 08:52:08 11/02/21
44,99.9,-8.485001,1026.46,4.21,4.12 08:57:19 11/02/21
39,99.9,-8.309999,1026.47,4.18,4.13 09:02:31 11/02/21
41,99.9,-8.165,1026.53,4.99,4.14 09:07:43 11/02/21
41,99.9,-7.9049997,1026.59,5.0,4.16 09:12:52 11/02/21
44,99.9,-7.635,1026.6,4.26,4.17 09:18:05 11/02/21
46,99.9,-7.29,1026.65,4.27,4.18 09:23:19 11/02/21
50,99.9,-6.77,1026.67,4.5,4.19 09:28:33 11/02/21
56,99.9,-6.0950003,1026.71,4.33,4.2 09:33:49 11/02/21
57,99.9,-5.34,1026.65,4.75,4.2 09:38:58 11/02/21
68,99.9,-4.6549997,1026.65,5.0,4.21 09:44:10 11/02/21
79,99.9,-4.045,1026.7,5.0,4.21 09:49:27 11/02/21
74,99.9,-3.535,1026.66,5.0,4.21 09:54:42 11/02/21
93,99.9,-3.125,1026.61,5.0,4.21 09:59:53 11/02/21
98,99.9,-2.745,1026.65,5.0,4.21 10:05:04 11/02/21
110,99.9,-2.51,1026.76,5.0,4.14 10:10:17 11/02/21
119,99.9,-2.47,1026.72,5.0,4.13 10:15:28 11/02/21
121,99.9,-2.475,1026.82,5.0,4.12 10:20:46 11/02/21
71,99.9,-2.5349998,1026.77,5.0,4.13 10:26:03 11/02/21
64,99.9,-2.545,1026.8,5.0,4.12 10:31:16 11/02/21
57,99.9,-2.585,1026.91,5.0,4.12 10:36:24 11/02/21
54,99.9,-2.585,1026.95,5.0,4.12 10:41:35 11/02/21
58,99.9,-2.495,1027.03,5.0,4.12 10:46:47 11/02/21
60,99.9,-2.47,1027.13,5.0,4.12 10:51:59 11/02/21
58,99.9,-2.44,1027.11,5.0,4.12 10:57:12 11/02/21
61,99.9,-2.375,1027.13,5.0,4.12 11:02:24 11/02/21
64,99.9,-2.345,1027.13,5.0,4.12 11:07:39 11/02/21
58,99.9,-2.325,1027.14,5.0,4.12 11:12:47 11/02/21
62,99.9,-2.315,1027.19,5.0,4.12 11:17:58 11/02/21
65,99.9,-2.3200002,1027.22,5.0,4.12 11:23:11 11/02/21
69,99.9,-2.25,1027.22,5.0,4.11 11:28:24 11/02/21
64,99.9,-2.235,1027.21,5.0,4.11 11:33:35 11/02/21
68,99.9,-2.22,1027.19,5.0,4.11 11:38:47 11/02/21
71,99.9,-2.21,1027.22,5.0,4.12 11:43:57 11/02/21
61,99.9,-2.125,1027.29,5.0,4.12 11:49:09 11/02/21
64,99.9,-2.0349998,1027.36,5.0,4.11 11:54:27 11/02/21
59,99.9,-1.9300001,1027.34,5.0,4.11 11:59:41 11/02/21
62,99.9,-1.855,1027.32,5.0,4.11 12:04:55 11/02/21
64,99.9,-1.835,1027.26,5.0,4.11 12:10:07 11/02/21
56,99.9,-1.75,1027.2,5.0,4.12 12:15:18 11/02/21
63,99.9,-1.74,1027.19,5.0,4.11 12:20:29 11/02/21
66,99.9,-1.7049999,1027.26,5.0,4.11 12:25:42 11/02/21
71,99.9,-1.6949999,1027.2,5.0,4.11 12:30:52 11/02/21
59,99.9,-1.63,1027.2,5.0,4.11 12:36:07 11/02/21
69,99.9,-1.615,1027.17,5.0,4.11 12:41:18 11/02/21
55,99.9,-1.54,1027.16,5.0,4.11 12:46:28 11/02/21
59,99.9,-1.51,1027.08,5.0,4.11 12:51:40 11/02/21
92,99.9,-1.355,1027.03,5.0,4.11 12:56:58 11/02/21
88,99.9,-1.26,1027.05,5.0,4.11 13:02:12 11/02/21
72,99.9,-1.23,1027.08,5.0,4.11 13:07:30 11/02/21
86,99.9,-1.075,1027.02,5.0,4.11 13:12:46 11/02/21
79,99.9,-0.945,1027.06,5.0,4.11 13:17:56 11/02/21
83,99.9,-0.745,1026.95,5.0,4.11 13:23:11 11/02/21
80,99.9,-0.47,1026.97,5.0,4.11 13:28:26 11/02/21
78,99.9,-0.10500002,1026.96,5.0,4.11 13:33:42 11/02/21
75,99.9,0.275,1026.98,5.0,4.11 13:38:53 11/02/21
43,99.9,0.475,1026.96,5.0,4.11 13:44:07 11/02/21
78,99.9,0.53,1026.98,5.0,4.11 13:49:19 11/02/21
80,99.9,0.70000005,1027.01,5.0,4.11 13:54:30 11/02/21
77,99.9,0.98,1027.08,5.0,4.11 13:59:43 11/02/21
66,99.9,1.175,1027.02,5.0,4.11 14:04:55 11/02/21
67,99.9,1.29,1027.06,5.0,4.11 14:10:07 11/02/21
66,99.9,1.41,1027.12,5.0,4.11 14:15:18 11/02/21
66,99.9,1.5699999,1027.02,5.0,4.11 14:20:30 11/02/21
67,99.9,1.6650001,1027.05,5.0,4.11 14:25:43 11/02/21
45,99.9,1.765,1027.04,5.0,4.11 14:30:55 11/02/21
61,99.9,1.885,1026.98,5.0,4.11 14:36:08 11/02/21
56,99.9,1.975,1027.03,5.0,4.11 14:41:19 11/02/21
58,99.9,1.99,1027.04,5.0,4.11 14:46:33 11/02/21
61,99.9,1.99,1027.09,5.0,4.1 14:51:50 11/02/21
54,99.9,2.03,1027.04,5.0,4.11 14:57:07 11/02/21
55,99.9,1.94,1027.03,5.0,4.11 15:02:18 11/02/21
57,99.9,1.85,1027.04,5.0,4.11 15:07:31 11/02/21
41,99.9,1.77,1027.12,5.0,4.11 15:12:42 11/02/21
51,99.9,1.635,1027.01,5.0,4.1 15:17:59 11/02/21
49,99.9,1.5049999,1027.05,5.0,4.1 15:23:21 11/02/21
51,99.9,1.4649999,1027.05,5.0,4.11 15:28:35 11/02/21
42,99.9,1.365,1027.14,5.0,4.1 15:33:53 11/02/21
42,99.8,1.2,1027.07,5.0,4.1 15:39:09 11/02/21
40,99.9,1.03,1027.2,5.0,4.1 15:44:20 11/02/21
43,99.9,0.91499996,1027.18,5.0,4.1 15:49:34 11/02/21
47,99.9,0.815,1027.25,5.0,4.1 15:54:50 11/02/21
35,99.9,0.785,1027.31,5.0,4.1 16:00:05 11/02/21
42,99.9,0.695,1027.29,5.0,4.1 16:05:22 11/02/21
5,98.3,-0.44,1027.57,3.99,4.08 17:51:34 11/02/21
0,98.1,-0.965,1027.66,0.17,4.07 18:25:59 11/02/21
0,97.9,-1.51,1027.81,0.0,4.06 19:00:14 11/02/21
0,97.8,-3.42,1028.73,0.0,4.03 22:30:46 11/02/21
0,98.4,-3.5749998,1028.8,0.0,4.04 22:36:08 11/02/21
0,98.6,-3.8200002,1028.77,0.0,4.04 22:41:22 11/02/21
0,99.0,-3.99,1028.78,0.0,4.04 22:46:33 11/02/21
0,99.2,-4.075,1028.78,0.0,4.04 22:51:44 11/02/21
0,99.3,-4.1099997,1028.75,0.0,4.04 22:56:58 11/02/21
0,99.5,-4.19,1028.75,0.0,4.04 23:02:12 11/02/21
0,99.4,-4.255,1028.72,0.0,4.04 23:07:20 11/02/21
0,99.5,-4.28,1028.72,0.0,4.04 23:12:30 11/02/21
0,99.8,-4.3050003,1028.75,0.0,4.04 23:17:45 11/02/21
0,99.6,-4.37,1028.67,0.0,4.04 23:22:54 11/02/21
0,99.5,-4.39,1028.64,0.0,4.04 23:28:06 11/02/21
0,99.7,-4.46,1028.77,0.0,4.04 23:33:17 11/02/21
0,99.5,-4.4849997,1028.81,0.0,4.04 23:38:32 11/02/21
0,99.6,-4.5,1028.73,0.0,4.04 23:43:42 11/02/21
0,99.7,-4.5699997,1028.75,0.0,4.04 23:48:54 11/02/21
0,99.7,-4.635,1028.88,0.0,4.04 23:54:06 11/02/21
0,99.6,-4.66,1028.9,0.0,4.04 23:59:15 11/02/21
