0,99.9,6.8050003,1010.56,0.0,4.12 00:01:39 19/02/21
0,99.9,6.79,1010.64,0.0,4.12 00:06:55 19/02/21
0,99.9,6.7349997,1010.67,0.0,4.12 00:12:10 19/02/21
0,99.9,6.715,1010.72,0.0,4.12 00:17:21 19/02/21
0,99.9,6.69,1010.76,0.0,4.12 00:22:39 19/02/21
0,99.9,6.675,1010.86,0.0,4.12 00:27:57 19/02/21
0,99.9,6.62,1010.93,0.0,4.12 00:33:10 19/02/21
0,99.9,6.605,1010.99,0.0,4.12 00:38:22 19/02/21
0,99.9,6.575,1011.05,0.0,4.11 00:43:35 19/02/21
0,99.9,6.495,1011.14,0.0,4.11 00:48:48 19/02/21
0,99.9,6.48,1011.18,0.0,4.12 00:54:01 19/02/21
0,99.9,6.41,1011.24,0.0,4.11 00:59:14 19/02/21
0,99.9,6.385,1011.29,0.0,4.11 01:04:27 19/02/21
0,99.9,6.3,1011.28,0.0,4.12 01:09:39 19/02/21
0,99.9,6.265,1011.39,0.0,4.11 01:14:51 19/02/21
0,99.9,6.175,1011.47,0.0,4.11 01:20:05 19/02/21
0,99.9,6.0950003,1011.55,0.0,4.12 01:25:19 19/02/21
0,99.9,6.065,1011.51,0.0,4.12 01:30:31 19/02/21
0,99.9,5.98,1011.56,0.0,4.11 01:35:44 19/02/21
0,99.9,5.8999996,1011.62,0.0,4.12 01:40:55 19/02/21
0,99.9,5.87,1011.68,0.0,4.12 01:46:07 19/02/21
0,99.9,5.8,1011.78,0.0,4.11 01:51:22 19/02/21
0,99.9,5.7749996,1011.87,0.0,4.11 01:56:33 19/02/21
0,99.9,5.715,1011.89,0.0,4.11 02:01:46 19/02/21
0,99.9,5.6949997,1011.86,0.0,4.11 02:07:00 19/02/21
0,99.9,5.66,1012.03,0.0,4.11 02:12:13 19/02/21
0,99.9,5.5950003,1012.02,0.0,4.11 02:17:26 19/02/21
0,99.9,5.575,1012.08,0.0,4.11 02:22:38 19/02/21
1,99.9,5.5,1012.11,0.0,4.11 02:27:51 19/02/21
0,99.9,5.485,1012.22,0.0,4.11 02:33:04 19/02/21
0,99.9,5.48,1012.2,0.0,4.11 02:38:18 19/02/21
0,99.9,5.4750004,1012.21,0.0,4.11 02:43:33 19/02/21
0,99.9,5.465,1012.28,0.0,4.11 02:48:52 19/02/21
0,99.9,5.4700003,1012.38,0.0,4.11 02:54:03 19/02/21
0,99.9,5.3999996,1012.39,0.0,4.11 02:59:16 19/02/21
0,99.9,5.365,1012.46,0.0,4.11 03:04:28 19/02/21
0,99.9,5.27,1012.51,0.0,4.11 03:09:41 19/02/21
0,99.9,5.17,1012.53,0.0,4.11 03:14:55 19/02/21
1,99.9,5.02,1012.57,0.0,4.11 03:20:07 19/02/21
2,99.9,4.915,1012.63,0.0,4.11 03:25:19 19/02/21
3,99.9,4.815,1012.72,0.0,4.11 03:30:31 19/02/21
4,99.9,4.705,1012.7,0.0,4.11 03:35:45 19/02/21
5,99.9,4.675,1012.7,0.0,4.11 03:40:57 19/02/21
5,99.9,4.5950003,1012.77,0.0,4.11 03:46:10 19/02/21
4,99.9,4.5099998,1012.72,0.0,4.11 03:51:22 19/02/21
5,99.9,4.48,1012.73,0.0,4.11 03:56:36 19/02/21
4,99.9,4.46,1012.76,0.0,4.1 04:01:46 19/02/21
4,99.9,4.4,1012.85,0.0,4.11 04:06:59 19/02/21
5,99.9,4.39,1012.97,0.0,4.11 04:12:13 19/02/21
4,99.9,4.37,1012.99,0.0,4.11 04:17:25 19/02/21
3,99.9,4.31,1012.93,0.0,4.11 04:22:36 19/02/21
4,99.9,4.285,1012.9,0.0,4.11 04:27:51 19/02/21
4,99.9,4.205,1013.0,0.0,4.11 04:33:04 19/02/21
3,99.9,4.1800003,1012.96,0.0,4.11 04:38:14 19/02/21
4,99.9,4.115,1013.08,0.0,4.11 04:43:29 19/02/21
3,99.9,4.0950003,1013.07,0.0,4.1 04:48:40 19/02/21
4,99.9,4.075,1013.09,0.0,4.11 04:53:54 19/02/21
2,99.9,4.0099998,1013.18,0.0,4.11 04:59:04 19/02/21
4,99.9,3.9850001,1013.22,0.0,4.1 05:04:19 19/02/21
3,99.9,3.96,1013.14,0.0,4.1 05:09:31 19/02/21
3,99.9,3.8850002,1013.14,0.0,4.1 05:14:44 19/02/21
3,99.9,3.8650002,1013.18,0.0,4.1 05:19:56 19/02/21
3,99.9,3.8650002,1013.15,0.0,4.1 05:25:13 19/02/21
2,99.9,3.8899999,1013.27,0.0,4.1 05:30:28 19/02/21
3,99.9,3.955,1013.3,0.0,4.1 05:35:42 19/02/21
3,99.9,3.98,1013.39,0.0,4.1 05:40:55 19/02/21
2,99.9,4.04,1013.37,0.0,4.1 05:46:07 19/02/21
2,99.9,4.05,1013.38,0.0,4.1 05:51:19 19/02/21
2,99.9,4.045,1013.45,0.0,4.1 05:56:32 19/02/21
2,99.9,4.045,1013.41,0.0,4.1 06:01:46 19/02/21
3,99.9,4.035,1013.38,0.0,4.1 06:06:59 19/02/21
2,99.9,3.9850001,1013.43,0.0,4.1 06:12:10 19/02/21
2,99.9,3.975,1013.37,0.0,4.1 06:17:23 19/02/21
1,99.9,3.9699998,1013.38,0.0,4.1 06:22:34 19/02/21
1,99.9,3.9,1013.36,0.0,4.1 06:27:46 19/02/21
0,99.9,3.8650002,1013.42,0.0,4.1 06:33:01 19/02/21
2,99.9,3.835,1013.32,0.0,4.1 06:38:13 19/02/21
2,99.9,3.7649999,1013.34,0.0,4.1 06:43:29 19/02/21
1,99.9,3.735,1013.33,0.0,4.1 06:48:46 19/02/21
1,99.9,3.675,1013.37,0.01,4.1 06:53:59 19/02/21
1,99.9,3.655,1013.32,0.04,4.1 06:59:11 19/02/21
2,99.9,3.6000001,1013.27,0.1,4.1 07:04:27 19/02/21
2,99.9,3.585,1013.35,0.27,4.1 07:09:45 19/02/21
2,99.9,3.575,1013.32,0.54,4.1 07:14:57 19/02/21
2,99.9,3.56,1013.3,1.03,4.1 07:20:10 19/02/21
2,99.9,3.55,1013.4,1.69,4.1 07:25:22 19/02/21
5,99.9,3.48,1013.43,2.46,4.1 07:30:35 19/02/21
8,99.9,3.475,1013.55,3.19,4.1 07:35:48 19/02/21
11,99.9,3.46,1013.62,3.95,4.1 07:40:59 19/02/21
16,99.9,3.4499998,1013.62,4.18,4.1 07:46:13 19/02/21
19,99.9,3.4,1013.65,4.47,4.1 07:51:24 19/02/21
24,99.9,3.4099998,1013.74,4.65,4.1 07:56:36 19/02/21
37,99.9,3.4699998,1013.68,5.0,4.1 08:01:50 19/02/21
36,99.9,3.4899998,1013.69,4.23,4.1 08:07:01 19/02/21
43,99.9,3.55,1013.76,4.39,4.1 08:12:15 19/02/21
52,99.9,3.565,1013.75,5.0,4.1 08:17:27 19/02/21
48,99.9,3.64,1013.85,5.0,4.1 08:22:40 19/02/21
51,99.9,3.66,1013.82,4.4,4.11 08:27:53 19/02/21
51,99.9,3.68,1013.86,4.24,4.11 08:33:05 19/02/21
55,99.9,3.77,1013.9,4.71,4.11 08:38:17 19/02/21
58,99.9,3.7949998,1013.94,5.0,4.12 08:43:30 19/02/21
54,99.9,3.87,1014.08,5.0,4.13 08:48:41 19/02/21
64,99.9,3.9650002,1014.18,4.3,4.15 08:53:54 19/02/21
68,99.9,4.13,1014.14,4.25,4.16 08:59:08 19/02/21
84,99.9,4.25,1014.12,4.32,4.19 09:04:23 19/02/21
83,99.9,4.5950003,1014.27,5.0,4.17 09:09:49 19/02/21
64,99.9,4.8199997,1014.29,5.0,4.15 09:15:00 19/02/21
81,99.9,5.175,1014.35,5.0,4.21 09:20:14 19/02/21
74,99.9,5.665,1014.27,5.0,4.21 09:25:26 19/02/21
75,99.9,6.26,1014.28,5.0,4.21 09:30:42 19/02/21
71,99.9,6.765,1014.35,5.0,4.21 09:35:53 19/02/21
62,99.9,7.125,1014.33,5.0,4.15 09:41:05 19/02/21
63,99.9,7.0699997,1014.32,5.0,4.15 09:46:17 19/02/21
67,99.9,6.9750004,1014.19,5.0,4.15 09:51:31 19/02/21
68,99.9,6.88,1014.18,5.0,4.15 09:56:42 19/02/21
57,99.9,6.795,1014.25,5.0,4.15 10:01:58 19/02/21
67,99.9,6.8,1014.28,5.0,4.15 10:07:10 19/02/21
56,99.9,6.835,1014.31,5.0,4.14 10:12:21 19/02/21
54,99.9,6.91,1014.26,5.0,4.14 10:17:34 19/02/21
58,99.9,6.985,1014.32,5.0,4.14 10:22:48 19/02/21
66,99.9,7.0950003,1014.27,5.0,4.14 10:28:02 19/02/21
51,99.9,7.29,1014.35,5.0,4.14 10:33:14 19/02/21
44,99.9,7.395,1014.33,5.0,4.14 10:38:25 19/02/21
52,99.9,7.49,1014.38,5.0,4.14 10:43:40 19/02/21
55,99.9,7.6,1014.48,5.0,4.14 10:48:53 19/02/21
54,99.9,7.7200003,1014.47,5.0,4.14 10:54:06 19/02/21
57,99.9,7.81,1014.38,5.0,4.14 10:59:19 19/02/21
65,99.9,7.9700003,1014.33,5.0,4.14 11:04:32 19/02/21
70,99.9,8.09,1014.31,5.0,4.14 11:09:45 19/02/21
46,99.9,8.185,1014.32,5.0,4.14 11:14:56 19/02/21
49,99.9,8.295,1014.25,5.0,4.14 11:20:09 19/02/21
44,99.9,8.385,1014.24,5.0,4.14 11:25:22 19/02/21
47,99.9,8.405001,1014.21,5.0,4.14 11:30:37 19/02/21
50,99.9,8.5,1014.23,5.0,4.14 11:35:49 19/02/21
48,99.9,8.57,1014.27,5.0,4.14 11:41:02 19/02/21
58,99.9,8.625,1014.21,5.0,4.14 11:46:20 19/02/21
53,99.9,8.72,1014.19,5.0,4.14 11:51:38 19/02/21
50,99.9,8.799999,1014.28,5.0,4.14 11:56:51 19/02/21
51,99.9,8.865,1014.15,5.0,4.14 12:02:04 19/02/21
52,99.9,8.889999,1014.17,5.0,4.14 12:07:18 19/02/21
52,99.9,8.925,1014.14,5.0,4.13 12:12:31 19/02/21
52,99.9,8.995,1014.14,5.0,4.14 12:17:44 19/02/21
51,99.9,9.03,1014.09,5.0,4.13 12:22:57 19/02/21
52,99.9,9.115,1013.98,5.0,4.14 12:28:10 19/02/21
53,99.9,9.275,1013.88,5.0,4.14 12:33:23 19/02/21
56,99.9,9.385,1013.85,5.0,4.13 12:38:36 19/02/21
58,99.9,9.415,1013.73,5.0,4.14 12:43:50 19/02/21
52,99.9,9.51,1013.72,5.0,4.14 12:49:03 19/02/21
50,99.9,9.535,1013.74,5.0,4.14 12:54:14 19/02/21
52,99.9,9.635,1013.63,5.0,4.14 12:59:28 19/02/21
52,99.9,9.785,1013.62,5.0,4.14 13:04:42 19/02/21
60,99.9,9.875,1013.57,5.0,4.14 13:09:56 19/02/21
48,99.9,9.99,1013.49,5.0,4.13 13:15:10 19/02/21
56,99.9,10.18,1013.55,5.0,4.14 13:20:22 19/02/21
58,99.9,10.385,1013.59,5.0,4.13 13:25:40 19/02/21
44,99.9,10.635,1013.53,5.0,4.14 13:31:00 19/02/21
59,99.9,10.685,1013.55,5.0,4.13 13:36:15 19/02/21
45,99.9,10.764999,1013.6,5.0,4.13 13:41:33 19/02/21
43,99.9,10.775,1013.51,5.0,4.13 13:46:46 19/02/21
54,99.9,10.78,1013.54,5.0,4.13 13:52:03 19/02/21
51,99.9,10.85,1013.47,5.0,4.13 13:57:21 19/02/21
38,99.9,10.905001,1013.44,5.0,4.13 14:02:35 19/02/21
57,99.9,10.92,1013.36,5.0,4.13 14:07:51 19/02/21
42,99.9,10.99,1013.39,5.0,4.13 14:13:02 19/02/21
50,99.9,11.014999,1013.27,5.0,4.13 14:18:14 19/02/21
38,99.9,11.025,1013.24,5.0,4.13 14:23:29 19/02/21
51,99.9,11.03,1013.15,5.0,4.13 14:28:40 19/02/21
55,99.9,11.175,1013.19,5.0,4.13 14:33:55 19/02/21
51,99.9,11.44,1013.19,5.0,4.13 14:39:09 19/02/21
43,99.9,11.5,1013.1,5.0,4.13 14:44:22 19/02/21
56,99.9,11.575,1013.04,5.0,4.13 14:49:36 19/02/21
40,99.9,11.675,1013.04,5.0,4.13 14:54:49 19/02/21
42,99.9,11.655001,1013.0,5.0,4.13 15:00:03 19/02/21
37,99.9,11.535,1013.01,5.0,4.13 15:05:17 19/02/21
45,99.9,11.440001,1012.97,5.0,4.13 15:10:30 19/02/21
50,99.9,11.4,1012.9,5.0,4.13 15:15:43 19/02/21
53,99.9,11.38,1012.9,5.0,4.13 15:20:57 19/02/21
53,99.9,11.305,1012.83,5.0,4.13 15:26:13 19/02/21
46,99.9,11.24,1012.72,5.0,4.13 15:31:33 19/02/21
45,99.9,11.275,1012.73,5.0,4.13 15:36:45 19/02/21
42,99.9,11.215,1012.58,5.0,4.13 15:41:59 19/02/21
42,99.9,11.15,1012.63,5.0,4.13 15:47:12 19/02/21
43,99.9,11.110001,1012.65,5.0,4.13 15:52:28 19/02/21
46,99.9,11.105,1012.58,5.0,4.13 15:57:39 19/02/21
53,99.9,11.105,1012.54,5.0,4.13 16:02:57 19/02/21
55,99.9,11.115,1012.38,5.0,4.13 16:08:18 19/02/21
39,99.9,11.200001,1012.36,5.0,4.13 16:13:36 19/02/21
43,99.9,11.285,1012.28,5.0,4.13 16:18:51 19/02/21
39,99.9,11.299999,1012.29,5.0,4.13 16:24:05 19/02/21
39,99.9,11.29,1012.21,5.0,4.13 16:29:15 19/02/21
36,99.9,11.22,1012.28,5.0,4.13 16:34:30 19/02/21
32,99.9,11.195,1012.27,5.0,4.13 16:39:44 19/02/21
28,99.9,11.12,1012.26,5.0,4.12 16:44:57 19/02/21
28,99.9,11.04,1012.19,5.0,4.12 16:50:15 19/02/21
24,99.9,11.035,1012.09,5.0,4.13 16:55:34 19/02/21
22,99.9,10.955,1012.12,5.0,4.12 17:00:46 19/02/21
20,99.9,10.934999,1012.04,5.0,4.12 17:05:58 19/02/21
20,99.9,10.91,1012.03,5.0,4.12 17:11:15 19/02/21
17,99.9,10.844999,1012.04,5.0,4.12 17:16:26 19/02/21
15,99.9,10.835,1012.09,5.0,4.12 17:21:39 19/02/21
14,99.9,10.755,1011.99,5.0,4.12 17:26:56 19/02/21
12,99.9,10.74,1011.9,4.89,4.12 17:32:05 19/02/21
11,99.9,10.725,1011.92,4.73,4.12 17:37:20 19/02/21
8,99.9,10.665,1011.91,4.51,4.12 17:42:32 19/02/21
8,99.9,10.645,1011.89,4.32,4.12 17:47:45 19/02/21
5,99.9,10.625,1011.91,4.17,4.12 17:52:58 19/02/21
3,99.9,10.549999,1011.88,3.59,4.12 17:58:16 19/02/21
1,99.9,10.535,1011.79,2.79,4.12 18:03:33 19/02/21
0,99.9,10.450001,1011.77,2.29,4.12 18:08:46 19/02/21
0,99.9,10.37,1011.82,1.82,4.12 18:14:05 19/02/21
0,99.9,10.35,1011.82,1.25,4.12 18:19:23 19/02/21
0,99.9,10.34,1011.84,0.72,4.12 18:24:37 19/02/21
0,99.9,10.315001,1011.81,0.34,4.12 18:29:51 19/02/21
0,99.9,10.245001,1011.8,0.16,4.12 18:35:03 19/02/21
0,99.9,10.18,1011.85,0.06,4.12 18:40:17 19/02/21
0,99.9,10.15,1011.92,0.02,4.12 18:45:33 19/02/21
0,99.9,10.059999,1011.89,0.0,4.12 18:50:43 19/02/21
0,99.9,9.98,1011.87,0.0,4.12 18:56:05 19/02/21
0,99.9,9.96,1011.94,0.0,4.12 19:01:18 19/02/21
0,99.9,9.934999,1011.95,0.0,4.11 19:06:32 19/02/21
0,99.9,9.88,1011.92,0.0,4.12 19:11:43 19/02/21
0,99.9,9.860001,1011.96,0.0,4.12 19:16:58 19/02/21
0,99.9,9.855,1012.0,0.0,4.12 19:22:12 19/02/21
0,99.9,9.87,1011.99,0.0,4.12 19:27:25 19/02/21
0,99.9,9.875,1012.07,0.0,4.12 19:32:44 19/02/21
0,99.9,9.889999,1011.99,0.0,4.12 19:38:00 19/02/21
0,99.9,9.934999,1011.91,0.0,4.11 19:43:14 19/02/21
0,99.9,9.88,1011.89,0.0,4.11 19:48:28 19/02/21
0,99.9,9.865,1011.81,0.0,4.11 19:53:43 19/02/21
0,99.9,9.860001,1011.93,0.0,4.12 19:58:59 19/02/21
0,99.9,9.785,1011.92,0.0,4.11 20:04:16 19/02/21
0,99.9,9.755,1011.93,0.0,4.11 20:09:30 19/02/21
0,99.9,9.684999,1011.99,0.0,4.11 20:14:44 19/02/21
0,99.9,9.65,1012.03,0.0,4.11 20:19:54 19/02/21
0,99.9,9.555,1011.98,0.0,4.11 20:25:07 19/02/21
0,99.9,9.455,1011.92,0.0,4.11 20:30:21 19/02/21
0,99.9,9.37,1011.84,0.0,4.11 20:35:34 19/02/21
0,99.9,9.335,1011.78,0.0,4.11 20:40:52 19/02/21
0,99.9,9.280001,1011.76,0.0,4.11 20:46:07 19/02/21
0,99.9,9.27,1011.79,0.0,4.11 20:51:22 19/02/21
0,99.9,9.265,1011.74,0.0,4.11 20:56:33 19/02/21
0,99.9,9.25,1011.68,0.0,4.11 21:01:48 19/02/21
0,99.9,9.24,1011.69,0.0,4.11 21:07:03 19/02/21
0,99.9,9.175,1011.65,0.0,4.11 21:12:13 19/02/21
0,99.9,9.175,1011.64,0.0,4.11 21:17:26 19/02/21
0,99.9,9.23,1011.66,0.0,4.11 21:22:45 19/02/21
0,99.9,9.25,1011.69,0.0,4.11 21:28:05 19/02/21
0,99.9,9.26,1011.61,0.0,4.11 21:33:18 19/02/21
0,99.9,9.265,1011.64,0.0,4.11 21:38:28 19/02/21
0,99.9,9.265,1011.67,0.0,4.11 21:43:42 19/02/21
0,99.9,9.265,1011.67,0.0,4.11 21:48:55 19/02/21
0,99.9,9.245001,1011.72,0.0,4.11 21:54:12 19/02/21
0,99.9,9.245001,1011.73,0.0,4.11 21:59:28 19/02/21
0,99.9,9.184999,1011.76,0.0,4.11 22:04:43 19/02/21
0,99.9,9.17,1011.65,0.0,4.11 22:09:57 19/02/21
0,99.9,9.155001,1011.61,0.0,4.11 22:15:10 19/02/21
0,99.9,9.08,1011.56,0.0,4.11 22:20:22 19/02/21
0,99.9,9.005,1011.55,0.0,4.11 22:25:36 19/02/21
0,99.9,8.98,1011.42,0.0,4.11 22:30:53 19/02/21
0,99.9,8.905,1011.38,0.0,4.11 22:36:09 19/02/21
0,99.9,8.885,1011.34,0.0,4.11 22:41:22 19/02/21
0,99.9,8.87,1011.28,0.0,4.11 22:46:38 19/02/21
0,99.9,8.85,1011.24,0.0,4.11 22:51:49 19/02/21
0,99.9,8.795,1011.23,0.0,4.11 22:57:10 19/02/21
0,99.9,8.83,1011.26,0.0,4.11 23:02:23 19/02/21
0,99.9,8.765,1011.25,0.0,4.11 23:07:36 19/02/21
0,99.9,8.7,1011.25,0.0,4.11 23:12:56 19/02/21
0,99.9,8.684999,1011.21,0.0,4.11 23:18:18 19/02/21
0,99.9,8.67,1011.22,0.0,4.1 23:23:34 19/02/21
0,99.9,8.66,1011.14,0.0,4.11 23:28:50 19/02/21
0,99.9,8.675,1011.14,0.0,4.11 23:34:00 19/02/21
0,99.9,8.73,1011.08,0.0,4.11 23:39:13 19/02/21
0,99.9,8.745001,1011.08,0.0,4.11 23:44:27 19/02/21
0,99.9,8.76,1011.06,0.0,4.11 23:49:43 19/02/21
0,99.9,8.785,1011.07,0.0,4.11 23:55:01 19/02/21
