0,99.9,4.3450003,995.9,0.0,3.92 00:05:13 05/12/21
0,99.9,4.335,995.9,0.0,3.92 00:10:28 05/12/21
0,99.9,4.3199997,995.89,0.0,3.92 00:15:39 05/12/21
0,99.9,4.31,995.88,0.0,3.91 00:20:50 05/12/21
0,99.9,4.24,995.86,0.0,3.91 00:26:03 05/12/21
0,99.9,4.23,995.8,0.0,3.91 00:31:18 05/12/21
0,99.9,4.21,995.82,0.0,3.92 00:36:28 05/12/21
0,99.9,4.1549997,995.75,0.0,3.91 00:41:40 05/12/21
0,99.9,4.15,995.75,0.0,3.91 00:46:52 05/12/21
0,99.9,4.1400003,995.75,0.0,3.91 00:52:04 05/12/21
0,99.9,4.12,995.78,0.0,3.91 00:57:18 05/12/21
0,99.9,4.105,995.78,0.0,3.91 01:02:31 05/12/21
0,99.9,4.045,995.8,0.0,3.91 01:07:42 05/12/21
0,99.9,4.03,995.75,0.0,3.91 01:12:53 05/12/21
0,99.9,4.02,995.78,0.0,3.91 01:18:11 05/12/21
0,99.9,4.015,995.76,0.0,3.91 01:23:28 05/12/21
0,99.9,3.9499998,995.73,0.0,3.91 01:28:40 05/12/21
0,99.9,3.935,995.72,0.0,3.91 01:33:53 05/12/21
0,99.9,3.94,995.73,0.0,3.91 01:39:05 05/12/21
0,99.9,3.9250002,995.71,0.0,3.91 01:44:21 05/12/21
0,99.9,3.9250002,995.73,0.0,3.91 01:49:37 05/12/21
0,99.9,3.915,995.69,0.0,3.91 01:54:49 05/12/21
0,99.9,3.92,995.74,0.0,3.91 02:00:02 05/12/21
0,99.9,3.9,995.68,0.0,3.91 02:05:15 05/12/21
0,99.9,3.9099998,995.69,0.0,3.91 02:10:28 05/12/21
0,99.9,3.9099998,995.62,0.0,3.91 02:15:45 05/12/21
0,99.9,3.9,995.68,0.0,3.91 02:21:00 05/12/21
0,99.9,3.835,995.67,0.0,3.91 02:26:12 05/12/21
0,99.9,3.9050002,995.7,0.0,3.91 02:31:26 05/12/21
0,99.9,3.9,995.63,0.0,3.91 02:36:36 05/12/21
0,99.9,3.9,995.53,0.0,3.91 02:41:50 05/12/21
0,99.9,3.9,995.58,0.0,3.91 02:47:05 05/12/21
0,99.9,3.92,995.6,0.0,3.91 02:52:14 05/12/21
0,99.9,3.9099998,995.66,0.0,3.91 02:57:28 05/12/21
0,99.9,3.915,995.69,0.0,3.91 03:02:39 05/12/21
0,99.9,3.9250002,995.67,0.0,3.91 03:07:52 05/12/21
0,99.9,3.935,995.65,0.0,3.91 03:13:03 05/12/21
0,99.9,3.9899998,995.62,0.0,3.91 03:18:16 05/12/21
0,99.9,4.005,995.52,0.0,3.91 03:23:29 05/12/21
0,99.9,3.94,995.41,0.0,3.91 03:28:41 05/12/21
0,99.9,3.9250002,995.42,0.0,3.91 03:33:54 05/12/21
0,99.9,3.9,995.48,0.0,3.91 03:39:06 05/12/21
0,99.9,3.895,995.49,0.0,3.91 03:44:18 05/12/21
0,99.9,3.835,995.45,0.0,3.91 03:49:31 05/12/21
0,99.9,3.8850002,995.51,0.0,3.91 03:54:42 05/12/21
0,99.9,3.9,995.52,0.01,3.91 03:59:56 05/12/21
0,99.9,3.9250002,995.45,0.0,3.91 04:05:11 05/12/21
0,99.9,4.005,995.39,0.01,3.91 04:10:22 05/12/21
0,99.9,4.025,995.33,0.0,3.91 04:15:32 05/12/21
0,99.9,4.0950003,995.27,0.0,3.91 04:20:46 05/12/21
0,99.9,4.12,995.3,0.0,3.91 04:25:56 05/12/21
0,99.9,4.19,995.28,0.0,3.91 04:31:17 05/12/21
0,99.9,4.215,995.27,0.0,3.91 04:36:31 05/12/21
0,99.9,4.2799997,995.2,0.0,3.91 04:41:43 05/12/21
0,99.9,4.295,995.16,0.0,3.91 04:46:54 05/12/21
0,99.9,4.3050003,995.18,0.01,3.91 04:52:09 05/12/21
0,99.9,4.315,995.12,0.0,3.91 04:57:25 05/12/21
0,99.9,4.385,995.19,0.0,3.91 05:02:43 05/12/21
0,99.9,4.4,995.23,0.01,3.91 05:07:55 05/12/21
0,99.9,4.41,995.21,0.01,3.91 05:13:07 05/12/21
0,99.9,4.48,995.2,0.01,3.91 05:18:18 05/12/21
0,99.9,4.435,995.1,0.01,3.91 05:23:30 05/12/21
0,99.9,4.49,995.06,0.01,3.9 05:28:51 05/12/21
0,99.9,4.505,995.15,0.01,3.91 05:34:03 05/12/21
0,99.9,4.5,995.08,0.02,3.91 05:39:17 05/12/21
0,99.9,4.5,995.16,0.02,3.9 05:44:43 05/12/21
0,99.9,4.505,995.21,0.02,3.91 05:49:58 05/12/21
0,99.9,4.495,995.28,0.02,3.9 05:55:12 05/12/21
0,99.9,4.435,995.25,0.02,3.9 06:00:27 05/12/21
0,99.9,4.43,995.23,0.02,3.9 06:05:40 05/12/21
0,99.9,4.415,995.23,0.02,3.9 06:10:49 05/12/21
0,99.9,4.4,995.16,0.01,3.91 06:16:00 05/12/21
0,99.9,4.395,995.24,0.01,3.91 06:21:14 05/12/21
0,99.9,4.335,995.17,0.01,3.9 06:26:27 05/12/21
0,99.9,4.3199997,995.19,0.01,3.9 06:31:44 05/12/21
0,99.9,4.33,995.28,0.01,3.9 06:36:59 05/12/21
0,99.9,4.3199997,995.37,0.01,3.9 06:42:12 05/12/21
0,99.9,4.31,995.36,0.01,3.9 06:47:24 05/12/21
0,99.9,4.3050003,995.42,0.01,3.9 06:52:36 05/12/21
0,99.9,4.3,995.41,0.01,3.9 06:57:50 05/12/21
0,99.9,4.24,995.41,0.01,3.9 07:03:01 05/12/21
0,99.9,4.245,995.52,0.01,3.91 07:08:14 05/12/21
0,99.9,4.3,995.58,0.01,3.91 07:13:26 05/12/21
0,99.9,4.295,995.55,0.01,3.9 07:18:37 05/12/21
0,99.9,4.295,995.58,0.02,3.9 07:23:52 05/12/21
0,99.9,4.295,995.61,0.02,3.91 07:29:03 05/12/21
0,99.9,4.24,995.55,0.03,3.9 07:34:16 05/12/21
0,99.9,4.24,995.71,0.05,3.9 07:39:33 05/12/21
0,99.9,4.285,995.7,0.11,3.9 07:44:49 05/12/21
0,99.9,4.2349997,995.73,0.25,3.91 07:50:01 05/12/21
0,99.9,4.2799997,995.75,0.48,3.9 07:55:15 05/12/21
0,99.9,4.23,995.87,1.07,3.9 08:00:28 05/12/21
0,99.9,4.23,995.95,1.57,3.9 08:05:38 05/12/21
0,99.9,4.2200003,995.95,1.76,3.9 08:10:52 05/12/21
0,99.9,4.2200003,996.01,2.0,3.9 08:16:02 05/12/21
1,99.9,4.2200003,996.02,2.33,3.9 08:21:15 05/12/21
1,99.9,4.2200003,996.07,2.46,3.9 08:26:28 05/12/21
1,99.9,4.2200003,996.14,2.65,3.9 08:31:44 05/12/21
1,99.9,4.225,996.13,2.93,3.9 08:36:52 05/12/21
3,99.9,4.23,996.19,3.39,3.9 08:42:10 05/12/21
3,99.9,4.2799997,996.23,3.71,3.9 08:47:25 05/12/21
5,99.9,4.2200003,996.33,3.9,3.9 08:52:43 05/12/21
6,99.9,4.225,996.44,3.27,3.9 08:57:59 05/12/21
6,99.9,4.21,996.39,3.91,3.9 09:03:16 05/12/21
8,99.9,4.2200003,996.44,3.91,3.9 09:08:27 05/12/21
8,99.9,4.225,996.43,3.96,3.9 09:13:36 05/12/21
8,99.9,4.225,996.48,3.99,3.9 09:18:48 05/12/21
8,99.9,4.23,996.53,4.03,3.9 09:24:02 05/12/21
8,99.9,4.2349997,996.65,3.96,3.9 09:29:14 05/12/21
10,99.9,4.245,996.7,4.0,3.9 09:34:27 05/12/21
7,99.9,4.3,996.77,4.01,3.9 09:39:38 05/12/21
9,99.9,4.3050003,996.78,3.96,3.9 09:44:50 05/12/21
9,99.9,4.31,996.88,3.99,3.9 09:50:07 05/12/21
8,99.9,4.31,996.94,4.0,3.9 09:55:16 05/12/21
10,99.9,4.31,997.05,3.97,3.9 10:00:29 05/12/21
9,99.9,4.31,997.1,3.98,3.9 10:05:42 05/12/21
9,99.9,4.315,997.15,3.97,3.9 10:10:52 05/12/21
8,99.9,4.3050003,997.19,3.98,3.9 10:16:05 05/12/21
11,99.9,4.245,997.26,3.97,3.9 10:21:20 05/12/21
10,99.9,4.23,997.34,3.98,3.9 10:26:31 05/12/21
11,99.9,4.225,997.44,4.01,3.9 10:31:42 05/12/21
11,99.9,4.2200003,997.5,4.0,3.9 10:36:55 05/12/21
11,99.9,4.2200003,997.6,3.98,3.9 10:42:09 05/12/21
9,99.9,4.2200003,997.66,3.96,3.9 10:47:21 05/12/21
8,99.9,4.23,997.66,4.08,3.9 10:52:34 05/12/21
7,99.9,4.245,997.7,4.18,3.9 10:57:46 05/12/21
6,99.9,4.31,997.67,4.25,3.9 11:02:57 05/12/21
6,99.9,4.395,997.79,4.08,3.9 11:08:09 05/12/21
7,99.9,4.47,997.85,4.05,3.9 11:13:23 05/12/21
6,99.9,4.505,997.92,4.17,3.9 11:18:34 05/12/21
6,99.9,4.58,997.93,4.24,3.9 11:23:55 05/12/21
5,99.9,4.605,997.96,4.23,3.9 11:29:07 05/12/21
9,99.9,4.6800003,998.06,4.2,3.9 11:34:21 05/12/21
7,99.9,4.69,998.09,4.45,3.9 11:39:33 05/12/21
7,99.9,4.73,998.12,4.43,3.9 11:44:55 05/12/21
8,99.9,4.79,998.06,4.19,3.9 11:50:07 05/12/21
8,99.9,4.8050003,998.1,4.06,3.9 11:55:19 05/12/21
10,99.9,4.825,998.13,4.38,3.9 12:00:38 05/12/21
10,99.9,4.895,998.22,4.04,3.9 12:06:01 05/12/21
6,99.9,4.9700003,998.3,4.54,3.9 12:11:13 05/12/21
6,99.9,4.98,998.38,4.63,3.9 12:16:27 05/12/21
7,99.9,5.005,998.37,4.51,3.9 12:21:42 05/12/21
7,99.9,5.08,998.39,4.01,3.9 12:26:55 05/12/21
8,99.9,5.1000004,998.49,3.97,3.9 12:32:12 05/12/21
8,99.9,5.105,998.54,3.97,3.9 12:37:27 05/12/21
8,99.9,5.135,998.66,4.58,3.9 12:42:41 05/12/21
7,99.9,5.19,998.69,4.47,3.9 12:47:57 05/12/21
6,99.9,5.19,998.7,4.37,3.9 12:53:12 05/12/21
8,99.9,5.19,998.68,4.35,3.9 12:58:29 05/12/21
6,99.9,5.2,998.64,4.8,3.9 13:03:57 05/12/21
6,99.9,5.2749996,998.72,4.64,3.9 13:09:15 05/12/21
9,99.9,5.285,998.79,4.46,3.9 13:14:27 05/12/21
8,99.9,5.3050003,998.81,4.68,3.9 13:19:44 05/12/21
12,99.9,5.39,998.9,4.58,3.9 13:25:04 05/12/21
6,99.9,5.465,998.9,4.0,3.9 13:30:11 05/12/21
9,99.9,5.415,998.87,4.81,3.9 13:35:24 05/12/21
10,99.9,5.415,998.87,4.89,3.9 13:40:37 05/12/21
10,99.9,5.415,998.96,4.78,3.9 13:45:52 05/12/21
9,99.9,5.415,998.99,4.67,3.9 13:51:04 05/12/21
9,99.9,5.415,999.04,4.59,3.9 13:56:16 05/12/21
7,99.9,5.41,999.09,4.0,3.89 14:01:33 05/12/21
11,99.9,5.42,999.12,4.08,3.9 14:06:48 05/12/21
6,99.9,5.485,999.15,4.29,3.89 14:12:07 05/12/21
5,99.9,5.51,999.13,4.05,3.9 14:17:21 05/12/21
10,99.9,5.575,999.24,4.72,3.89 14:22:35 05/12/21
5,99.9,5.5950003,999.31,4.81,3.9 14:27:48 05/12/21
7,99.9,5.5950003,999.41,4.36,3.9 14:33:00 05/12/21
5,99.9,5.6000004,999.53,4.33,3.89 14:38:13 05/12/21
5,99.9,5.605,999.52,4.35,3.9 14:43:28 05/12/21
5,99.9,5.61,999.63,4.01,3.89 14:48:47 05/12/21
3,99.9,5.605,999.6,4.55,3.89 14:54:05 05/12/21
6,99.9,5.605,999.62,4.52,3.89 14:59:20 05/12/21
5,99.9,5.5950003,999.77,4.45,3.89 15:04:35 05/12/21
3,99.9,5.5950003,999.9,4.11,3.9 15:09:44 05/12/21
3,99.9,5.585,999.97,3.96,3.89 15:15:02 05/12/21
1,99.9,5.58,1000.05,4.03,3.9 15:20:20 05/12/21
1,99.9,5.52,1000.14,4.0,3.89 15:25:36 05/12/21
1,99.9,5.5150003,1000.17,4.03,3.9 15:30:52 05/12/21
1,99.9,5.505,1000.19,4.02,3.89 15:36:10 05/12/21
1,99.9,5.505,1000.28,4.01,3.9 15:41:25 05/12/21
0,99.9,5.485,1000.42,4.0,3.89 15:46:39 05/12/21
0,99.9,5.43,1000.51,3.96,3.9 15:51:51 05/12/21
0,99.9,5.42,1000.58,3.98,3.89 15:57:06 05/12/21
0,99.9,5.415,1000.63,3.9,3.89 16:02:20 05/12/21
0,99.9,5.41,1000.67,3.9,3.89 16:07:28 05/12/21
0,99.9,5.395,1000.72,3.73,3.89 16:12:42 05/12/21
0,99.9,5.315,1000.82,3.12,3.89 16:17:54 05/12/21
0,99.9,5.31,1000.9,2.79,3.89 16:23:09 05/12/21
0,99.9,5.295,1001.07,2.35,3.89 16:28:20 05/12/21
0,99.9,5.24,1001.22,2.04,3.89 16:33:34 05/12/21
0,99.9,5.2200003,1001.25,1.88,3.89 16:38:43 05/12/21
0,99.9,5.215,1001.39,1.62,3.89 16:43:56 05/12/21
0,99.9,5.205,1001.45,1.25,3.89 16:49:14 05/12/21
0,99.9,5.2,1001.57,0.8,3.89 16:54:31 05/12/21
0,99.9,5.1949997,1001.66,0.48,3.89 16:59:43 05/12/21
0,99.9,5.135,1001.68,0.27,3.89 17:04:54 05/12/21
0,99.9,5.13,1001.84,0.12,3.89 17:10:08 05/12/21
0,99.9,5.125,1001.91,0.05,3.89 17:15:21 05/12/21
0,99.9,5.115,1001.97,0.03,3.89 17:20:34 05/12/21
0,99.9,5.11,1002.09,0.01,3.89 17:25:47 05/12/21
0,99.9,5.0550003,1002.22,0.01,3.89 17:30:58 05/12/21
0,99.9,5.045,1002.32,0.01,3.89 17:36:12 05/12/21
0,99.9,5.09,1002.28,0.01,3.89 17:41:24 05/12/21
0,99.9,5.04,1002.4,0.01,3.89 17:46:35 05/12/21
0,99.9,5.035,1002.52,0.01,3.89 17:51:48 05/12/21
0,99.9,5.035,1002.45,0.01,3.89 17:57:01 05/12/21
0,99.9,5.03,1002.49,0.01,3.89 18:02:13 05/12/21
0,99.9,5.025,1002.57,0.01,3.89 18:07:28 05/12/21
0,99.9,5.025,1002.71,0.01,3.89 18:12:39 05/12/21
0,99.9,5.02,1002.86,0.01,3.89 18:17:52 05/12/21
0,99.9,5.02,1002.85,0.01,3.89 18:23:07 05/12/21
0,99.9,5.02,1002.94,0.01,3.89 18:28:20 05/12/21
0,99.9,5.02,1002.97,0.01,3.89 18:33:38 05/12/21
0,99.9,5.0150003,1003.1,0.01,3.89 18:38:55 05/12/21
0,99.9,5.02,1003.22,0.01,3.89 18:44:27 05/12/21
0,99.9,5.085,1003.41,0.01,3.88 18:49:38 05/12/21
0,99.9,5.02,1003.53,0.01,3.89 18:54:59 05/12/21
0,99.9,5.02,1003.64,0.01,3.89 19:00:13 05/12/21
0,99.9,5.0150003,1003.72,0.01,3.89 19:05:24 05/12/21
0,99.9,5.0,1003.75,0.01,3.89 19:10:39 05/12/21
0,99.9,4.925,1003.82,0.01,3.89 19:15:50 05/12/21
0,99.9,4.895,1003.88,0.01,3.88 19:21:04 05/12/21
0,99.9,4.835,1003.95,0.01,3.89 19:26:16 05/12/21
0,99.9,4.8199997,1004.12,0.01,3.89 19:31:29 05/12/21
0,99.9,4.8050003,1004.21,0.01,3.89 19:36:42 05/12/21
0,99.9,4.8,1004.34,0.01,3.89 19:41:53 05/12/21
0,99.9,4.755,1004.47,0.01,3.88 19:47:11 05/12/21
0,99.9,4.8,1004.51,0.01,3.89 19:52:26 05/12/21
0,99.9,4.74,1004.5,0.01,3.89 19:57:39 05/12/21
0,99.9,4.745,1004.59,0.01,3.89 20:02:52 05/12/21
0,99.9,4.79,1004.65,0.01,3.89 20:08:03 05/12/21
0,99.9,4.73,1004.79,0.01,3.89 20:13:15 05/12/21
0,99.9,4.73,1004.8,0.01,3.89 20:18:28 05/12/21
0,99.9,4.7349997,1004.89,0.01,3.89 20:23:43 05/12/21
0,99.9,4.74,1005.01,0.01,3.88 20:29:03 05/12/21
0,99.9,4.795,1005.04,0.01,3.89 20:34:13 05/12/21
0,99.9,4.74,1005.09,0.01,3.88 20:39:28 05/12/21
0,99.9,4.7349997,1005.13,0.0,3.89 20:44:38 05/12/21
0,99.9,4.7200003,1005.22,0.0,3.88 20:49:52 05/12/21
0,99.9,4.705,1005.3,0.0,3.89 20:55:04 05/12/21
0,99.9,4.635,1005.32,0.0,3.88 21:00:16 05/12/21
0,99.9,4.62,1005.47,0.0,3.88 21:05:29 05/12/21
0,99.9,4.6000004,1005.42,0.0,3.88 21:10:41 05/12/21
0,99.9,4.53,1005.43,0.0,3.88 21:15:54 05/12/21
0,99.9,4.435,1005.49,0.0,3.88 21:21:09 05/12/21
0,99.9,4.405,1005.54,0.0,3.89 21:26:18 05/12/21
0,99.9,4.315,1005.57,0.0,3.89 21:31:30 05/12/21
0,99.9,4.23,1005.68,0.0,3.88 21:36:45 05/12/21
0,99.9,4.145,1005.83,0.0,3.88 21:41:55 05/12/21
0,99.9,4.045,1005.94,0.0,3.88 21:47:09 05/12/21
0,99.9,3.9450002,1006.12,0.0,3.88 21:52:20 05/12/21
0,99.9,3.83,1006.21,0.0,3.88 21:57:35 05/12/21
0,99.9,3.725,1006.25,0.0,3.88 22:02:45 05/12/21
0,99.9,3.6200001,1006.25,0.0,3.88 22:07:57 05/12/21
0,99.9,3.475,1006.25,0.0,3.88 22:13:09 05/12/21
0,99.9,3.4250002,1006.32,0.0,3.88 22:18:23 05/12/21
0,99.9,3.345,1006.56,0.0,3.88 22:23:36 05/12/21
0,99.9,3.325,1006.65,0.0,3.88 22:29:00 05/12/21
0,99.9,3.325,1006.66,0.0,3.88 22:34:17 05/12/21
0,99.9,3.305,1006.71,0.0,3.88 22:39:28 05/12/21
0,99.9,3.3,1006.81,0.0,3.88 22:44:46 05/12/21
0,99.9,3.305,1006.72,0.0,3.88 22:50:02 05/12/21
0,99.9,3.315,1006.76,0.0,3.88 22:55:23 05/12/21
0,99.9,3.325,1006.91,0.0,3.88 23:00:36 05/12/21
0,99.9,3.335,1006.98,0.0,3.88 23:05:51 05/12/21
0,99.9,3.34,1007.07,0.0,3.88 23:11:03 05/12/21
0,99.9,3.35,1007.07,0.0,3.88 23:16:11 05/12/21
0,99.9,3.345,1007.24,0.0,3.88 23:21:23 05/12/21
0,99.9,3.35,1007.28,0.0,3.88 23:26:38 05/12/21
0,99.9,3.34,1007.3,0.0,3.88 23:31:50 05/12/21
0,99.9,3.345,1007.44,0.0,3.88 23:37:06 05/12/21
0,99.9,3.34,1007.52,0.0,3.88 23:42:21 05/12/21
0,99.9,3.315,1007.63,0.0,3.88 23:47:35 05/12/21
0,99.9,3.24,1007.66,0.0,3.88 23:52:49 05/12/21
0,99.9,3.205,1007.75,0.0,3.88 23:58:00 05/12/21
