240,97.00,10.00,1009.73,0.00,3.99 00:07:06 03/03/19
342,96.80,10.01,1009.62,0.00,3.99 00:17:35 03/03/19
413,96.90,10.03,1009.83,0.00,3.99 00:28:26 03/03/19
250,96.50,10.11,1009.71,0.00,3.99 00:38:58 03/03/19
266,96.40,10.13,1009.57,0.00,3.99 00:49:31 03/03/19
335,94.00,10.94,1009.48,0.00,3.97 01:00:10 03/03/19
262,95.40,10.49,1009.47,0.00,3.98 01:10:39 03/03/19
233,95.70,10.34,1009.56,0.00,3.98 01:21:11 03/03/19
410,95.80,10.33,1009.43,0.00,3.98 01:31:50 03/03/19
317,95.80,10.38,1009.36,0.00,3.98 01:42:29 03/03/19
224,96.00,10.39,1009.30,0.00,3.99 01:53:05 03/03/19
229,96.00,10.40,1009.32,0.00,3.98 02:03:36 03/03/19
441,96.20,10.40,1009.20,0.00,3.98 02:14:17 03/03/19
385,96.10,10.39,1009.01,0.00,3.98 02:25:05 03/03/19
220,94.00,10.98,1008.94,0.00,3.97 02:35:39 03/03/19
419,95.20,10.48,1008.68,0.00,3.97 02:46:16 03/03/19
235,95.80,10.32,1008.75,0.00,3.98 02:56:49 03/03/19
252,95.90,10.22,1008.63,0.00,3.98 03:07:20 03/03/19
237,96.10,10.21,1008.58,0.00,3.98 03:17:51 03/03/19
357,96.10,10.21,1008.57,0.00,3.97 03:28:30 03/03/19
226,96.30,10.20,1008.48,0.00,3.98 03:39:06 03/03/19
478,96.60,10.13,1008.32,0.00,3.97 03:49:51 03/03/19
242,96.20,10.18,1008.29,0.00,3.98 04:00:23 03/03/19
235,96.30,10.19,1008.04,0.00,3.97 04:10:54 03/03/19
245,96.30,10.20,1007.78,0.00,3.98 04:21:22 03/03/19
230,96.40,10.20,1007.66,0.00,3.98 04:31:54 03/03/19
243,96.60,10.20,1007.63,0.00,3.98 04:42:27 03/03/19
206,96.70,10.20,1007.61,0.00,3.98 04:53:03 03/03/19
314,96.80,10.28,1007.37,0.00,3.98 05:03:34 03/03/19
210,96.90,10.31,1007.19,0.00,3.98 05:14:13 03/03/19
221,96.90,10.40,1007.23,0.00,3.98 05:24:42 03/03/19
382,96.90,10.48,1007.16,0.00,3.98 05:35:16 03/03/19
335,94.90,11.29,1007.20,0.00,3.96 05:45:55 03/03/19
284,96.50,10.81,1007.03,0.00,3.97 05:56:31 03/03/19
419,96.70,10.81,1007.12,0.00,3.97 05:56:38 03/03/19
379,96.90,10.71,1006.89,0.00,3.97 06:07:10 03/03/19
334,97.40,10.69,1006.89,0.00,3.97 06:17:47 03/03/19
353,97.50,10.69,1006.92,0.00,3.97 06:28:21 03/03/19
438,97.50,10.70,1006.86,0.05,3.97 06:38:58 03/03/19
468,97.60,10.71,1006.87,0.31,3.97 06:49:36 03/03/19
500,97.80,10.71,1006.76,1.24,3.97 07:00:16 03/03/19
382,97.60,10.78,1006.70,2.26,3.97 07:10:54 03/03/19
522,97.70,10.80,1006.59,3.56,3.97 07:21:24 03/03/19
537,97.90,10.81,1006.55,4.11,3.97 07:31:54 03/03/19
565,98.10,10.81,1006.47,4.23,3.97 07:42:25 03/03/19
643,98.50,10.81,1006.51,5.00,3.97 07:52:54 03/03/19
709,98.80,10.80,1006.44,5.00,3.98 08:03:24 03/03/19
708,98.90,10.75,1006.48,5.00,3.98 08:13:55 03/03/19
722,99.30,10.73,1006.45,4.17,3.98 08:24:29 03/03/19
696,99.20,10.74,1006.55,5.00,3.98 08:35:03 03/03/19
706,99.70,10.74,1006.63,5.00,3.98 08:45:44 03/03/19
706,99.80,10.76,1006.60,5.00,3.98 08:56:23 03/03/19
724,99.90,10.82,1006.68,4.08,3.98 09:06:59 03/03/19
760,99.80,10.82,1006.66,4.06,3.98 09:17:28 03/03/19
738,99.90,10.91,1006.66,4.09,3.98 09:27:60 03/03/19
744,99.90,10.94,1006.64,4.25,3.99 09:38:31 03/03/19
771,99.90,11.02,1006.61,5.00,4.00 09:49:01 03/03/19
745,99.90,11.04,1006.60,4.42,4.00 09:59:33 03/03/19
740,99.90,11.11,1006.49,5.00,3.99 10:10:13 03/03/19
752,99.90,11.15,1006.57,4.13,4.00 10:20:50 03/03/19
768,99.90,11.23,1006.74,5.00,4.00 10:31:20 03/03/19
765,99.90,11.23,1006.71,4.10,4.00 10:31:25 03/03/19
762,99.90,11.23,1006.78,4.16,4.00 10:31:32 03/03/19
800,99.90,11.33,1006.73,5.00,4.02 10:42:09 03/03/19
765,99.90,11.41,1006.61,5.00,4.02 10:52:45 03/03/19
801,99.90,11.44,1006.48,4.08,4.02 11:03:29 03/03/19
796,99.90,11.53,1006.30,4.13,4.03 11:14:03 03/03/19
783,99.90,11.61,1006.31,4.18,4.03 11:24:39 03/03/19
764,99.90,11.64,1006.34,4.20,4.03 11:35:13 03/03/19
784,99.90,11.64,1006.12,4.10,4.05 11:45:45 03/03/19
792,99.90,11.72,1006.02,4.22,4.04 11:56:25 03/03/19
749,99.90,11.75,1005.90,5.00,4.05 12:07:05 03/03/19
750,99.90,11.74,1005.88,5.00,4.05 12:17:41 03/03/19
752,99.90,11.81,1005.81,4.39,4.06 12:28:20 03/03/19
745,98.10,12.64,1005.33,5.00,4.02 13:11:32 03/03/19
739,99.50,12.23,1005.33,4.59,4.03 13:16:51 03/03/19
756,99.70,12.06,1005.25,4.18,4.04 13:22:03 03/03/19
755,99.90,12.09,1005.22,5.00,4.04 13:27:13 03/03/19
741,99.90,12.09,1005.17,4.10,4.05 13:32:24 03/03/19
746,99.90,12.03,1005.08,5.00,4.05 13:37:34 03/03/19
736,99.90,12.04,1005.05,4.20,4.05 13:42:47 03/03/19
730,99.90,12.05,1005.02,5.00,4.05 13:48:15 03/03/19
766,99.80,12.12,1004.90,4.23,4.05 13:53:26 03/03/19
769,99.90,12.13,1004.79,4.12,4.06 13:58:48 03/03/19
780,99.70,12.21,1004.68,5.00,4.07 14:04:05 03/03/19
787,99.70,12.23,1004.63,4.25,4.07 14:09:16 03/03/19
784,99.70,12.29,1004.52,5.00,4.07 14:14:28 03/03/19
780,99.40,12.31,1004.47,5.00,4.07 14:19:43 03/03/19
732,99.60,12.32,1004.47,0.00,6.00 14:25:31 03/03/19
725,99.70,12.33,1004.44,4.15,4.05 14:25:41 03/03/19
717,99.10,12.34,1004.43,5.00,4.06 14:36:11 03/03/19
749,99.00,12.31,1004.27,4.18,4.06 14:46:48 03/03/19
776,99.20,12.33,1004.00,5.00,4.08 14:57:34 03/03/19
796,98.30,12.40,1003.72,4.32,4.11 15:08:10 03/03/19
751,98.30,12.42,1003.60,4.38,4.09 15:18:48 03/03/19
798,98.30,12.43,1003.54,5.00,4.12 15:29:27 03/03/19
784,98.00,12.50,1003.23,4.26,4.14 15:40:30 03/03/19
788,97.70,12.61,1003.16,5.00,4.13 15:51:27 03/03/19
755,97.30,12.68,1002.99,5.00,4.11 16:01:59 03/03/19
795,96.90,12.67,1002.83,5.00,4.10 16:12:39 03/03/19
771,96.90,12.67,1002.69,4.18,4.10 16:23:18 03/03/19
773,97.00,12.69,1002.40,5.00,4.13 16:33:56 03/03/19
804,97.20,12.70,1002.26,5.00,4.14 16:44:41 03/03/19
785,96.80,12.78,1002.11,5.00,4.12 16:55:19 03/03/19
737,96.80,12.81,1002.07,5.00,4.11 17:05:54 03/03/19
679,96.40,12.81,1001.84,4.72,4.10 17:16:34 03/03/19
700,95.90,12.81,1001.74,5.00,4.11 17:27:13 03/03/19
711,96.40,12.81,1001.50,4.96,4.11 17:37:52 03/03/19
660,6.30,2.29,1.32,0.72,0.10 17:48:31 03/03/19
632,96.50,12.72,1001.17,4.36,4.09 17:59:11 03/03/19
550,96.50,12.68,1000.94,4.17,4.09 18:09:49 03/03/19
461,96.50,12.60,1000.76,3.29,4.08 18:20:29 03/03/19
503,96.20,12.59,1000.57,1.85,4.08 18:31:08 03/03/19
437,96.30,12.60,1000.45,0.39,4.07 18:41:38 03/03/19
479,96.50,12.60,1000.33,0.11,4.07 18:52:13 03/03/19
513,94.50,13.35,1000.19,0.01,4.02 19:03:05 03/03/19
420,95.90,12.80,9999.70,0.00,0.04 19:13:34 03/03/19
260,96.50,12.60,9997.60,0.00,0.04 19:24:05 03/03/19
507,96.40,12.59,9995.10,0.00,0.04 19:34:39 03/03/19
585,96.80,12.61,9993.40,0.00,0.04 19:45:25 03/03/19
539,96.40,12.63,9993.40,0.00,0.04 19:55:57 03/03/19
467,96.90,12.61,9991.20,0.00,0.03 20:06:44 03/03/19
425,96.60,12.62,9990.60,0.00,0.03 20:21:26 03/03/19
437,96.70,12.67,9988.40,0.00,0.03 20:32:02 03/03/19
448,96.50,12.67,9985.40,0.00,0.03 20:42:34 03/03/19
325,96.40,12.68,9984.50,0.00,0.03 20:53:12 03/03/19
481,96.40,12.72,9984.00,0.00,0.03 21:03:53 03/03/19
438,96.10,12.79,9982.90,0.00,0.03 21:14:31 03/03/19
463,93.90,13.57,9982.80,0.00,0.00 21:25:01 03/03/19
433,95.40,13.08,9978.80,0.00,0.01 21:35:32 03/03/19
419,95.70,12.97,9976.70,0.00,0.01 21:46:05 03/03/19
434,95.50,12.90,9974.90,0.00,0.01 21:56:43 03/03/19
444,95.60,12.91,9972.50,0.00,0.01 22:07:23 03/03/19
432,95.20,12.97,9971.70,0.00,0.01 22:17:59 03/03/19
372,95.20,12.97,9969.40,0.00,0.01 22:28:32 03/03/19
423,95.00,13.05,9966.90,0.00,0.01 22:39:04 03/03/19
375,94.70,12.93,9962.60,0.00,0.01 22:49:42 03/03/19
444,94.80,12.88,9956.10,0.00,0.01 23:00:21 03/03/19
405,92.90,13.63,9957.70,0.00,0.99 23:10:53 03/03/19
424,93.90,13.14,9958.10,0.00,0.00 23:21:24 03/03/19
454,94.60,12.98,9955.80,0.00,0.00 23:32:03 03/03/19
379,94.40,12.91,9955.30,0.00,0.00 23:42:42 03/03/19
406,94.40,12.89,9954.80,0.00,0.00 23:53:21 03/03/19