188,96.20,11.20,9903.60,0.00,0.01 00:07:18 07/03/19
255,96.30,11.22,9900.80,0.00,0.01 00:18:10 07/03/19
197,96.00,11.22,9899.60,0.00,0.01 00:28:45 07/03/19
178,96.40,11.22,9896.80,0.00,0.01 00:39:23 07/03/19
195,96.10,11.22,9895.60,0.00,0.01 00:49:52 07/03/19
183,96.50,11.29,9895.40,0.00,0.01 01:00:23 07/03/19
185,97.00,11.40,9894.50,0.00,0.01 01:10:54 07/03/19
188,96.90,11.48,9892.50,0.00,0.01 01:21:32 07/03/19
182,96.50,11.50,9890.70,0.00,0.01 01:32:03 07/03/19
192,97.80,11.51,9886.70,0.00,0.01 01:42:35 07/03/19
198,97.60,11.52,9885.40,0.00,0.01 01:53:13 07/03/19
181,97.90,11.52,9884.30,0.00,0.01 02:03:43 07/03/19
296,97.90,11.44,9881.80,0.00,0.00 02:14:30 07/03/19
303,98.10,11.50,9879.80,0.00,0.00 02:25:06 07/03/19
188,97.50,11.50,9875.00,0.00,0.00 02:35:40 07/03/19
172,97.10,11.43,9873.00,0.00,0.00 02:46:11 07/03/19
178,97.30,11.41,9868.90,0.00,0.00 02:56:49 07/03/19
176,95.60,12.07,9865.40,0.00,0.98 03:07:23 07/03/19
305,97.00,11.67,9863.40,0.00,0.99 03:18:11 07/03/19
184,97.00,11.51,9859.90,0.00,0.99 03:28:46 07/03/19
193,97.30,11.50,9857.20,0.00,0.99 03:39:18 07/03/19
201,97.30,11.48,9853.00,0.00,0.99 03:49:55 07/03/19
201,97.50,11.48,9852.50,0.00,0.99 03:50:09 07/03/19
192,97.30,11.48,9849.80,0.00,0.99 04:00:43 07/03/19
202,95.20,12.07,9849.30,0.00,0.98 04:11:11 07/03/19
186,96.30,11.65,9847.60,0.00,0.98 04:21:44 07/03/19
194,96.60,11.48,9843.60,0.00,0.98 04:32:23 07/03/19
187,97.50,11.43,9843.60,0.00,0.98 04:42:51 07/03/19
176,97.60,11.43,9846.70,0.00,0.98 04:53:23 07/03/19
197,98.20,11.41,9847.70,0.00,0.99 05:04:02 07/03/19
192,98.60,11.33,9848.00,0.00,0.99 05:14:32 07/03/19
201,98.50,11.26,9848.60,0.00,0.98 05:25:03 07/03/19
183,98.80,11.13,9857.50,0.00,0.99 05:35:42 07/03/19
182,98.40,10.43,9864.00,0.00,0.98 05:46:28 07/03/19
193,98.70,10.01,9868.50,0.00,0.98 05:56:60 07/03/19
202,99.40,9.69,9871.90,0.00,0.98 06:07:50 07/03/19
253,99.60,9.51,9874.20,0.01,0.98 06:18:40 07/03/19
253,99.40,9.46,9879.10,0.09,0.98 06:29:20 07/03/19
318,99.40,9.37,9882.40,0.21,0.98 06:39:54 07/03/19
416,99.10,9.27,9885.80,0.48,0.98 06:50:28 07/03/19
462,99.00,9.09,9889.90,0.24,0.98 07:01:07 07/03/19
501,99.10,9.05,9895.40,0.91,0.98 07:11:46 07/03/19
476,99.20,8.88,9898.50,0.37,0.98 07:22:24 07/03/19
521,99.10,8.86,9902.80,0.10,0.98 07:32:61 07/03/19
606,99.10,8.78,9906.10,0.32,0.98 07:43:40 07/03/19
672,98.80,8.76,9911.50,0.00,0.98 07:54:21 07/03/19
723,96.50,9.48,9915.60,0.00,0.97 08:04:55 07/03/19
766,97.80,9.02,9917.20,0.64,0.98 08:15:31 07/03/19
831,98.30,8.88,9920.70,0.47,0.01 08:26:04 07/03/19
857,97.90,9.36,9923.10,0.14,0.05 08:36:42 07/03/19
857,97.40,9.97,9924.80,0.17,0.09 08:47:20 07/03/19
813,96.20,10.40,9926.20,0.19,0.09 08:57:51 07/03/19
825,95.20,10.28,9929.60,0.46,0.11 09:08:29 07/03/19
826,95.60,10.17,9931.40,0.00,0.15 09:18:58 07/03/19
789,95.20,9.98,9932.60,0.92,0.14 09:29:29 07/03/19
813,95.30,9.86,9937.10,0.00,0.11 09:40:07 07/03/19
810,94.90,9.77,9939.30,0.00,0.09 09:50:41 07/03/19
785,94.80,9.75,9939.80,0.00,0.12 10:01:16 07/03/19
827,95.20,9.83,9939.80,0.00,0.12 10:11:47 07/03/19
755,93.40,10.63,9940.60,0.89,0.06 10:22:17 07/03/19
793,94.40,10.18,9941.60,0.92,0.10 10:32:47 07/03/19
812,94.40,10.21,9943.40,0.17,0.11 10:43:30 07/03/19
776,93.90,10.20,9944.10,0.17,0.13 10:54:04 07/03/19
779,94.00,10.13,9944.50,0.00,0.17 11:04:34 07/03/19
822,93.50,10.26,9945.60,0.00,0.14 11:15:05 07/03/19
819,93.80,10.22,9945.20,0.00,0.13 11:15:18 07/03/19
832,92.80,10.53,9948.90,0.00,0.12 11:25:52 07/03/19
780,92.20,10.69,9948.90,0.18,0.10 11:36:41 07/03/19
756,93.40,10.43,9952.90,0.00,0.14 11:47:16 07/03/19
755,92.10,10.43,9954.80,0.00,0.06 11:57:50 07/03/19
804,93.60,9.46,9953.10,0.29,0.16 12:08:26 07/03/19
755,95.10,9.16,9952.80,0.26,0.16 12:18:56 07/03/19
634,95.70,9.05,9958.30,0.26,0.14 12:29:37 07/03/19
885,95.90,8.68,9954.40,0.00,0.13 12:40:17 07/03/19
795,96.50,9.03,9954.60,0.00,0.12 12:50:51 07/03/19
885,97.00,9.32,9953.30,0.00,0.11 13:01:29 07/03/19
829,94.70,10.44,9953.40,0.00,0.14 13:12:03 07/03/19
816,95.70,10.51,9952.20,0.00,0.12 13:22:37 07/03/19
785,95.60,10.50,9951.60,0.00,0.11 13:33:10 07/03/19
748,94.60,10.26,9954.20,0.00,0.10 13:43:47 07/03/19
725,94.90,9.94,9952.10,0.75,0.10 13:54:24 07/03/19
763,95.20,9.58,9956.20,0.22,0.10 14:05:08 07/03/19
727,96.40,9.35,9958.10,0.46,1.00 14:15:41 07/03/19
797,96.80,9.27,9956.00,0.00,0.13 14:26:11 07/03/19
796,94.90,10.04,9958.10,0.22,0.15 14:36:41 07/03/19
718,95.90,9.80,9955.90,0.00,0.13 14:47:11 07/03/19
809,96.40,9.65,9955.90,0.00,0.12 14:57:42 07/03/19
827,97.20,9.91,9954.50,0.80,0.14 15:08:32 07/03/19
838,95.40,10.20,9954.10,0.00,0.13 15:19:07 07/03/19
808,93.10,10.55,9951.90,0.00,0.12 15:29:46 07/03/19
774,93.30,10.51,9954.90,0.00,0.10 15:40:21 07/03/19
758,93.80,10.50,9953.40,0.16,0.11 15:51:02 07/03/19
766,93.80,10.59,9952.70,0.00,0.13 16:01:38 07/03/19
728,91.00,10.59,9954.20,0.00,0.11 16:12:16 07/03/19
742,89.60,10.01,9958.50,0.00,0.11 16:22:49 07/03/19
799,88.30,10.53,9959.10,0.00,0.08 16:33:24 07/03/19
725,90.90,10.00,9962.40,0.72,0.10 16:43:60 07/03/19
792,92.00,9.74,9963.00,0.00,0.15 16:54:47 07/03/19
717,91.60,10.20,9963.20,0.00,0.13 17:05:24 07/03/19
689,93.10,9.47,9962.90,0.00,0.11 17:16:05 07/03/19
700,92.80,9.22,9964.10,0.00,0.10 17:26:41 07/03/19
671,92.80,9.22,9964.30,0.19,0.10 17:37:11 07/03/19
628,90.40,9.99,9965.50,0.00,0.03 17:47:41 07/03/19
548,91.40,9.39,9967.30,0.16,0.04 17:58:21 07/03/19
455,89.50,9.97,9968.10,0.99,0.01 18:08:57 07/03/19
367,91.30,9.40,9969.30,0.08,0.02 18:19:28 07/03/19
269,91.70,9.14,9970.60,0.70,0.02 18:29:57 07/03/19
223,89.60,9.62,9971.20,0.10,0.00 18:40:31 07/03/19
229,91.00,9.01,9973.00,0.00,0.01 18:51:05 07/03/19
205,91.50,8.80,9973.20,0.00,0.01 19:01:33 07/03/19
214,91.60,8.77,9973.40,0.00,0.01 19:12:05 07/03/19
205,91.70,8.70,9975.50,0.00,0.01 19:22:34 07/03/19
235,90.00,9.34,9976.20,0.00,0.98 19:33:07 07/03/19
177,91.10,8.89,9976.00,0.00,0.99 19:43:43 07/03/19
215,91.30,8.86,9976.40,0.00,0.99 19:54:12 07/03/19
221,91.70,8.87,9976.60,0.00,0.99 20:04:56 07/03/19
251,90.90,8.89,9978.40,0.00,0.99 20:15:36 07/03/19
232,91.20,8.98,9978.10,0.00,0.99 20:26:08 07/03/19
227,91.10,9.00,9979.50,0.00,0.99 20:36:46 07/03/19
214,91.00,8.98,9979.40,0.00,0.99 20:47:24 07/03/19
204,91.20,8.90,9977.90,0.00,0.99 20:58:06 07/03/19
216,91.30,8.88,9979.10,0.00,0.99 21:08:39 07/03/19
216,91.40,8.88,9980.80,0.00,0.99 21:19:10 07/03/19
212,89.40,9.61,9981.10,0.00,0.98 21:29:38 07/03/19
213,91.30,9.09,9984.00,0.00,0.98 21:40:09 07/03/19
199,92.50,8.92,9987.20,0.00,0.98 21:50:49 07/03/19
214,93.60,8.83,9987.80,0.00,0.98 22:01:25 07/03/19
213,94.70,8.65,9991.10,0.00,0.98 22:12:04 07/03/19
198,95.50,8.47,9989.00,0.00,0.98 22:22:41 07/03/19
183,95.80,8.35,9990.30,0.00,0.98 22:33:20 07/03/19
196,95.50,8.31,9991.10,0.00,0.98 22:43:50 07/03/19
170,95.40,8.30,9992.40,0.00,0.98 22:54:27 07/03/19
225,95.90,8.31,9995.20,0.00,0.98 23:05:11 07/03/19
200,95.70,8.34,9995.20,0.00,0.98 23:15:41 07/03/19
178,95.80,8.41,9997.70,0.00,0.98 23:26:11 07/03/19
232,95.90,8.43,9998.80,0.00,0.98 23:36:54 07/03/19
224,93.40,9.30,9998.20,0.00,0.96 23:47:29 07/03/19
197,95.20,8.72,1000.13,0.00,3.97 23:57:57 07/03/19
