665,92.80,11.90,999.39,0.00,4.01 00:00:15 17/03/19
518,92.30,11.87,999.34,0.00,4.01 00:10:49 17/03/19
597,91.90,11.85,999.07,0.00,4.00 00:21:27 17/03/19
660,91.80,11.72,999.09,0.01,4.00 00:32:06 17/03/19
476,90.70,11.59,998.85,0.00,4.01 00:43:42 17/03/19
559,90.90,11.39,998.73,0.00,4.00 00:54:13 17/03/19
272,91.30,11.28,998.57,0.00,4.00 01:04:50 17/03/19
268,91.30,11.18,998.19,0.00,4.00 01:15:23 17/03/19
413,91.40,11.09,998.27,0.00,4.00 01:25:61 17/03/19
520,91.20,11.06,998.07,0.00,4.00 01:36:39 17/03/19
520,90.90,11.00,998.01,0.00,4.00 01:47:07 17/03/19
503,90.20,10.98,998.18,0.00,4.00 01:57:40 17/03/19
554,90.40,10.92,997.79,0.00,4.00 02:08:18 17/03/19
536,90.40,10.89,997.64,0.00,4.00 02:18:55 17/03/19
537,90.30,10.85,997.56,0.00,4.00 02:29:35 17/03/19
506,88.00,11.57,997.44,0.00,3.98 02:41:13 17/03/19
511,89.60,11.01,997.43,0.00,3.99 02:51:42 17/03/19
524,90.50,10.78,997.48,0.00,3.98 03:02:21 17/03/19
536,90.60,10.67,997.14,0.00,3.99 03:12:59 17/03/19
454,90.80,10.61,997.06,0.00,3.99 03:23:33 17/03/19
507,91.70,10.49,997.04,0.00,3.99 03:34:06 17/03/19
513,92.00,10.43,996.89,0.00,3.98 03:44:36 17/03/19
482,92.30,10.32,996.83,0.00,3.98 03:55:07 17/03/19
468,92.70,10.24,996.74,0.00,3.98 04:05:44 17/03/19
454,90.90,10.94,996.71,0.00,3.97 04:16:17 17/03/19
453,92.40,10.41,996.50,0.00,3.98 04:26:54 17/03/19
428,93.80,10.21,996.53,0.00,3.98 04:38:23 17/03/19
451,94.70,9.98,996.50,0.00,3.98 04:48:59 17/03/19
528,95.40,9.93,996.50,0.00,3.98 04:59:31 17/03/19
536,95.70,9.76,996.48,0.00,3.98 05:10:01 17/03/19
471,96.20,9.73,996.64,0.00,3.98 05:20:38 17/03/19
480,94.40,10.34,996.71,0.00,3.96 05:31:13 17/03/19
506,96.00,9.84,996.64,0.00,3.97 05:42:44 17/03/19
528,96.90,9.65,996.88,0.00,3.97 05:53:17 17/03/19
524,97.60,9.56,997.00,0.01,3.97 06:03:45 17/03/19
412,98.40,9.51,997.14,0.05,3.97 06:14:13 17/03/19
486,98.90,9.43,997.43,0.44,3.97 06:24:46 17/03/19
499,98.70,9.35,997.64,1.65,3.97 06:35:22 17/03/19
545,98.20,9.27,997.72,3.12,3.97 06:45:51 17/03/19
538,98.20,9.23,997.61,4.07,3.97 06:56:25 17/03/19
576,98.30,9.08,997.85,4.22,3.98 07:06:59 17/03/19
580,98.20,9.05,998.26,4.09,3.97 07:17:31 17/03/19
675,98.40,9.06,998.27,4.18,3.97 07:17:40 17/03/19
588,98.30,9.03,998.53,4.39,3.97 07:28:13 17/03/19
677,98.40,8.95,998.79,4.09,3.97 07:39:46 17/03/19
704,98.80,8.86,998.86,4.03,3.98 07:50:24 17/03/19
758,98.30,8.83,998.85,5.00,3.98 08:01:01 17/03/19
756,98.60,8.70,999.12,5.00,3.97 08:11:43 17/03/19
790,98.30,8.75,999.24,4.12,4.00 08:22:17 17/03/19
808,98.00,8.77,999.31,4.18,4.02 08:32:55 17/03/19
812,95.50,9.53,999.52,5.00,4.02 08:43:23 17/03/19
811,95.90,9.53,999.58,4.15,4.01 08:43:31 17/03/19
801,97.20,9.06,999.73,4.21,4.03 08:54:14 17/03/19
808,96.90,8.95,999.79,4.28,4.04 09:04:48 17/03/19
829,96.30,8.68,999.97,4.56,4.06 09:15:19 17/03/19
854,96.80,8.74,1000.20,4.25,4.17 09:26:55 17/03/19
881,96.30,9.18,1000.43,5.00,4.22 09:37:29 17/03/19
826,95.00,9.50,1000.58,4.26,4.12 09:48:04 17/03/19
875,94.50,9.10,1000.80,5.00,4.12 09:58:56 17/03/19
886,94.20,9.50,1000.87,5.00,4.22 10:09:26 17/03/19
892,92.60,9.66,1001.15,5.00,4.10 10:19:55 17/03/19
885,92.60,9.65,1001.15,5.00,4.21 10:30:31 17/03/19
891,92.50,9.83,1001.27,5.00,4.10 10:41:11 17/03/19
835,91.00,9.91,1001.43,4.37,4.15 10:51:43 17/03/19
823,91.10,10.01,1001.46,5.00,4.11 11:02:20 17/03/19
822,90.30,9.90,1001.49,4.28,4.13 11:12:51 17/03/19
765,90.40,9.63,1001.79,5.00,4.12 11:23:21 17/03/19
827,91.60,9.66,1001.80,5.00,4.11 11:33:58 17/03/19
802,88.00,9.43,1001.88,4.27,4.13 11:45:29 17/03/19
820,89.00,9.49,1001.95,5.00,4.12 11:56:07 17/03/19
842,90.10,9.50,1002.07,5.00,4.10 12:06:37 17/03/19
836,85.90,10.33,1002.39,5.00,4.22 12:17:17 17/03/19
818,88.50,9.74,1002.48,5.00,4.13 12:27:52 17/03/19
832,91.20,9.50,1002.69,5.00,4.11 12:38:30 17/03/19
804,90.30,8.57,1003.53,5.00,4.11 12:48:57 17/03/19
894,90.80,8.91,1003.33,5.00,4.22 12:59:28 17/03/19
836,91.90,8.55,1003.32,5.00,4.12 13:09:58 17/03/19
893,93.70,8.70,1003.30,5.00,4.11 13:20:35 17/03/19
824,93.50,9.11,1003.23,4.28,4.16 13:31:18 17/03/19
822,93.40,9.10,1003.28,5.00,4.16 13:31:24 17/03/19
835,92.70,9.39,1003.34,5.00,4.12 13:42:61 17/03/19
785,92.00,9.26,1003.71,5.00,4.11 13:53:38 17/03/19
797,92.20,9.05,1003.67,5.00,4.10 14:04:06 17/03/19
823,92.20,8.76,1003.77,4.22,4.13 14:14:46 17/03/19
855,90.90,9.63,1003.87,5.00,4.10 14:25:12 17/03/19
770,90.70,8.84,1004.10,5.00,4.10 14:35:44 17/03/19
752,92.10,8.28,1003.97,4.17,4.11 14:46:13 17/03/19
782,93.10,8.05,1004.23,5.00,4.16 14:56:44 17/03/19
749,93.50,8.02,1004.50,5.00,4.12 15:07:12 17/03/19
722,93.40,7.87,1004.76,5.00,4.11 15:17:40 17/03/19
823,93.80,7.68,1004.84,5.00,4.10 15:28:09 17/03/19
834,94.20,7.74,1004.75,4.22,4.14 15:39:41 17/03/19
862,94.80,8.09,1004.62,5.00,4.12 15:50:15 17/03/19
835,92.20,9.25,1004.59,5.00,4.13 16:00:45 17/03/19
832,92.90,8.88,1004.71,5.00,4.12 16:11:15 17/03/19
824,93.60,8.64,1004.77,5.00,4.11 16:21:44 17/03/19
829,93.90,8.55,1004.90,5.00,4.10 16:32:15 17/03/19
796,94.10,8.53,1004.95,5.00,4.11 16:43:03 17/03/19
573,94.00,8.44,1005.38,5.00,4.12 16:53:52 17/03/19
635,89.60,7.82,1006.42,5.00,4.04 17:04:22 17/03/19
654,92.40,6.59,1006.56,5.00,4.05 17:14:58 17/03/19
612,93.70,5.90,1007.11,4.55,4.05 17:25:30 17/03/19
711,94.60,5.40,1006.85,5.00,4.06 17:35:60 17/03/19
803,94.90,5.46,1006.73,5.00,4.11 17:47:30 17/03/19
740,95.00,5.48,1006.75,4.87,4.10 17:58:06 17/03/19
713,95.30,5.47,1006.82,5.00,4.12 18:08:34 17/03/19
682,95.60,5.43,1007.06,4.18,4.12 18:19:02 17/03/19
664,95.50,5.26,1007.19,5.00,4.11 18:29:34 17/03/19
631,93.70,5.93,1007.44,5.00,4.03 18:41:21 17/03/19
524,95.10,5.42,1007.59,4.16,4.04 18:51:54 17/03/19
400,95.10,5.18,1007.77,3.25,4.04 19:02:38 17/03/19
296,95.20,5.06,1008.02,1.11,4.04 19:13:10 17/03/19
247,95.00,4.93,1008.16,0.22,4.04 19:23:43 17/03/19
240,95.20,4.80,1008.25,0.05,4.04 19:34:11 17/03/19
243,94.90,4.64,1008.19,0.02,4.03 19:44:41 17/03/19
514,92.50,5.42,1008.39,0.01,3.98 20:09:29 17/03/19
610,94.40,4.80,1008.58,0.02,3.99 20:20:09 17/03/19
614,95.30,4.64,1008.61,0.02,3.99 20:30:48 17/03/19
597,95.80,4.70,1008.61,0.00,4.00 20:42:41 17/03/19
274,95.90,4.89,1009.12,0.00,4.00 20:53:14 17/03/19
622,96.20,4.89,1009.05,0.00,3.99 20:53:27 17/03/19
