187,85.10,10.24,1026.82,0.00,4.00 00:02:61 23/03/19
183,86.10,10.07,1026.83,0.00,4.00 00:08:24 23/03/19
186,86.80,9.94,1026.88,0.00,4.00 00:13:41 23/03/19
181,87.40,9.93,1026.82,0.00,4.00 00:13:49 23/03/19
197,88.00,9.91,1026.84,0.00,4.00 00:19:05 23/03/19
192,90.50,9.83,1026.86,0.00,4.00 00:24:17 23/03/19
195,90.30,9.82,1026.85,0.00,4.00 00:29:28 23/03/19
187,90.10,9.74,1026.91,0.00,4.00 00:34:38 23/03/19
189,89.40,9.73,1027.00,0.00,4.00 00:39:55 23/03/19
182,91.50,9.67,1027.02,0.00,3.99 00:45:20 23/03/19
188,88.50,9.72,1027.03,0.00,4.00 00:50:35 23/03/19
188,89.40,10.06,1027.11,0.00,3.98 00:55:45 23/03/19
186,87.10,10.02,1027.08,0.00,3.99 01:00:58 23/03/19
186,90.20,9.81,1027.08,0.00,3.99 01:06:17 23/03/19
189,88.90,9.79,1027.18,0.00,3.99 01:11:36 23/03/19
187,91.10,9.73,1027.22,0.00,3.99 01:16:55 23/03/19
188,90.80,9.73,1027.27,0.00,3.99 01:22:13 23/03/19
188,90.80,9.73,1027.25,0.00,3.99 01:27:32 23/03/19
184,91.00,9.73,1027.28,0.00,3.98 01:33:05 23/03/19
201,89.60,9.80,1027.27,0.00,3.99 01:38:19 23/03/19
191,91.40,9.81,1027.24,0.00,3.99 01:43:29 23/03/19
190,90.10,9.80,1027.29,0.00,3.99 01:48:41 23/03/19
190,90.10,9.81,1027.28,0.00,3.99 01:53:59 23/03/19
190,89.70,9.81,1027.26,0.00,3.99 01:59:10 23/03/19
190,89.00,9.81,1027.30,0.00,3.99 02:04:30 23/03/19
191,88.30,9.81,1027.30,0.00,3.99 02:09:46 23/03/19
188,87.60,9.82,1027.31,0.00,3.99 02:14:59 23/03/19
188,91.70,9.82,1027.27,0.00,3.99 02:20:10 23/03/19
187,90.10,9.82,1027.29,0.00,3.99 02:25:30 23/03/19
186,90.40,9.83,1027.23,0.00,3.99 02:30:48 23/03/19
186,90.60,9.82,1027.25,0.00,3.99 02:36:08 23/03/19
185,88.90,10.09,1027.22,0.00,3.97 02:41:22 23/03/19
186,89.50,10.12,1027.13,0.00,3.98 02:46:37 23/03/19
183,89.80,9.98,1027.20,0.00,3.98 02:51:48 23/03/19
184,88.50,9.89,1027.10,0.00,3.98 02:57:08 23/03/19
184,89.60,9.88,1027.09,0.00,3.98 03:02:26 23/03/19
183,89.60,9.81,1027.19,0.00,3.98 03:07:45 23/03/19
182,89.10,9.81,1027.10,0.00,3.98 03:13:05 23/03/19
180,89.70,9.81,1027.14,0.00,3.98 03:18:28 23/03/19
182,89.90,9.81,1027.09,0.00,3.98 03:23:43 23/03/19
181,89.70,9.81,1027.17,0.00,3.98 03:29:02 23/03/19
180,89.50,9.80,1027.12,0.00,3.98 03:34:21 23/03/19
180,88.80,9.79,1027.12,0.00,3.96 03:39:41 23/03/19
180,90.50,9.78,1027.16,0.00,3.98 03:44:60 23/03/19
180,90.10,9.78,1027.12,0.00,3.98 03:50:18 23/03/19
180,89.40,9.72,1027.12,0.00,3.98 03:55:37 23/03/19
180,89.60,9.72,1027.02,0.00,3.97 04:00:56 23/03/19
179,89.70,9.72,1027.10,0.00,3.98 04:06:16 23/03/19
181,88.40,9.71,1027.10,0.00,3.98 04:11:32 23/03/19
180,89.70,9.70,1027.09,0.00,3.98 04:16:45 23/03/19
180,88.40,9.69,1027.16,0.00,3.98 04:21:56 23/03/19
179,90.50,9.69,1027.18,0.00,3.98 04:27:15 23/03/19
179,89.40,9.69,1027.15,0.00,3.98 04:32:34 23/03/19
179,89.70,9.67,1027.12,0.00,3.98 04:37:53 23/03/19
178,89.70,9.67,1027.09,0.00,3.98 04:43:13 23/03/19
177,88.50,9.61,1027.13,0.00,3.98 04:48:32 23/03/19
176,88.80,9.61,1027.20,0.00,3.97 04:53:53 23/03/19
178,88.60,9.61,1027.15,0.00,3.97 04:59:12 23/03/19
176,90.20,9.61,1027.17,0.00,3.97 05:04:38 23/03/19
181,89.90,9.61,1027.22,0.00,3.97 05:09:57 23/03/19
180,89.30,9.60,1027.21,0.00,3.97 05:15:15 23/03/19
181,90.00,9.60,1027.36,0.00,3.97 05:20:34 23/03/19
180,89.70,9.59,1027.36,0.00,3.97 05:25:54 23/03/19
180,89.60,9.59,1027.45,0.00,3.97 05:31:13 23/03/19
181,89.70,9.59,1027.47,0.01,3.97 05:36:32 23/03/19
182,90.60,9.59,1027.46,0.01,3.98 05:41:51 23/03/19
186,90.00,9.59,1027.44,0.03,3.97 05:47:09 23/03/19
194,90.10,9.59,1027.41,0.06,3.97 05:52:29 23/03/19
204,90.90,9.54,1027.55,0.15,3.97 05:57:52 23/03/19
227,88.90,9.94,1027.57,0.34,3.96 06:03:06 23/03/19
255,88.80,9.90,1027.65,0.81,3.97 06:08:30 23/03/19
302,90.20,9.75,1027.69,1.88,3.97 06:13:46 23/03/19
364,90.10,9.67,1027.77,2.81,3.97 06:19:07 23/03/19
393,89.50,9.60,1027.81,2.88,3.97 06:24:31 23/03/19
409,90.60,9.60,1027.92,2.91,3.97 06:29:42 23/03/19
436,90.20,9.59,1028.05,3.34,3.97 06:35:03 23/03/19
482,90.00,9.58,1028.08,3.93,3.97 06:40:25 23/03/19
532,90.40,9.57,1028.10,4.04,3.97 06:45:43 23/03/19
548,90.90,9.53,1028.20,4.17,3.97 06:50:58 23/03/19
566,91.20,9.52,1028.16,4.43,3.97 06:56:10 23/03/19
597,90.50,9.52,1028.14,4.11,3.97 07:01:29 23/03/19
657,90.30,9.51,1028.06,4.72,3.97 07:06:48 23/03/19
691,90.20,9.58,1027.97,4.64,3.98 07:11:58 23/03/19
734,86.60,10.34,1027.95,5.00,3.97 07:36:46 23/03/19
740,90.60,9.96,1027.96,5.00,3.98 07:47:15 23/03/19
745,90.50,9.89,1028.11,4.84,3.99 07:57:47 23/03/19
762,90.30,9.91,1028.19,5.00,3.99 08:08:25 23/03/19
775,90.70,10.00,1028.32,4.14,4.00 08:19:02 23/03/19
774,90.80,10.10,1028.46,4.73,4.00 08:29:41 23/03/19
790,90.60,10.19,1028.47,4.08,4.02 08:40:20 23/03/19
786,90.50,10.30,1028.59,4.68,4.02 08:50:58 23/03/19
779,90.60,10.39,1028.71,5.00,4.03 09:01:34 23/03/19
783,90.70,10.43,1028.67,4.09,4.03 09:12:15 23/03/19
791,87.40,11.17,1028.74,4.13,4.02 09:22:51 23/03/19
801,89.10,10.82,1028.81,4.14,4.04 09:33:23 23/03/19
797,90.40,10.69,1028.79,4.24,4.06 09:43:59 23/03/19
781,90.40,10.78,1028.87,5.00,4.08 09:54:31 23/03/19
797,90.80,10.80,1028.93,5.00,4.09 10:05:09 23/03/19
797,90.70,10.81,1029.04,4.25,4.11 10:15:47 23/03/19
789,90.60,10.88,1029.04,4.28,4.16 10:26:25 23/03/19
790,90.50,10.84,1029.15,5.00,4.13 10:37:02 23/03/19
800,90.80,10.91,1029.22,5.00,4.09 10:47:34 23/03/19
792,90.70,10.98,1029.33,5.00,4.10 10:58:09 23/03/19
791,90.90,11.00,1029.30,5.00,4.14 11:08:42 23/03/19
797,91.20,11.01,1029.23,5.00,4.10 11:19:21 23/03/19
806,90.50,11.07,1029.18,5.00,4.10 11:29:58 23/03/19
794,89.00,11.77,1029.26,4.15,4.08 11:40:28 23/03/19
815,90.50,11.44,1029.26,5.00,4.12 11:50:60 23/03/19
818,90.80,11.35,1029.26,5.00,4.10 12:01:38 23/03/19
828,90.90,11.36,1029.20,4.30,4.11 12:12:08 23/03/19
833,92.30,11.49,1029.31,5.00,4.10 12:22:37 23/03/19
825,91.00,11.66,1029.42,5.00,4.09 12:33:16 23/03/19
839,91.70,11.79,1029.42,4.23,4.13 12:43:46 23/03/19
841,91.10,11.96,1029.41,5.00,4.12 12:54:15 23/03/19
840,90.70,12.06,1029.44,5.00,4.10 13:04:46 23/03/19
844,91.30,12.23,1029.38,5.00,4.09 13:15:17 23/03/19
836,90.90,12.35,1029.40,5.00,4.12 13:25:49 23/03/19
834,91.30,12.47,1029.35,5.00,4.12 13:40:26 23/03/19
835,90.70,12.48,1029.38,5.00,4.10 13:50:57 23/03/19
836,90.60,12.57,1029.36,5.00,4.10 14:01:26 23/03/19
834,91.30,12.65,1029.44,4.29,4.12 14:11:58 23/03/19
828,91.30,12.67,1029.31,5.00,4.12 14:22:36 23/03/19
829,90.60,12.74,1029.29,5.00,4.11 14:33:07 23/03/19
828,90.50,12.85,1029.29,5.00,4.10 14:43:45 23/03/19
823,90.70,12.93,1029.27,5.00,4.09 14:54:18 23/03/19
820,90.40,12.95,1029.31,4.17,4.11 15:04:57 23/03/19
816,90.50,12.98,1029.23,5.00,4.11 15:15:34 23/03/19
814,90.90,12.97,1029.13,5.00,4.10 15:26:06 23/03/19
815,90.60,12.95,1029.18,5.00,4.10 15:36:44 23/03/19
793,90.60,12.97,1029.28,4.21,4.11 15:47:15 23/03/19
790,91.00,12.97,1029.24,5.00,4.14 15:58:01 23/03/19
758,90.60,12.97,1029.17,5.00,4.12 16:08:32 23/03/19
729,90.80,12.90,1029.19,5.00,4.11 16:19:04 23/03/19
709,90.80,12.86,1029.17,5.00,4.10 16:29:42 23/03/19
694,90.90,12.77,1029.19,5.00,4.09 16:40:13 23/03/19
675,90.80,12.68,1029.15,5.00,4.10 16:50:53 23/03/19
731,91.10,12.59,1029.15,4.83,4.10 17:01:31 23/03/19
743,91.20,12.58,1029.05,4.18,4.14 17:12:02 23/03/19
715,91.20,12.59,1029.07,5.00,4.15 17:22:31 23/03/19
685,91.50,12.52,1028.95,4.62,4.14 17:33:03 23/03/19
625,91.40,12.49,1028.99,5.00,4.13 17:43:41 23/03/19
558,91.50,12.40,1029.05,4.20,4.12 17:54:13 23/03/19
577,92.00,12.32,1029.04,4.38,4.11 18:04:51 23/03/19
516,93.00,12.31,1029.15,4.13,4.10 18:15:21 23/03/19
538,92.50,12.22,1029.20,4.19,4.10 18:25:52 23/03/19
482,92.50,12.12,1029.15,3.88,4.09 18:36:25 23/03/19
434,92.80,12.01,1029.25,3.13,4.07 18:47:29 23/03/19
358,92.60,11.93,1029.24,1.95,4.07 18:58:05 23/03/19
289,91.00,12.39,1029.28,1.03,4.03 19:08:35 23/03/19
223,91.80,11.87,1029.17,0.23,4.04 19:19:05 23/03/19
189,92.90,11.61,1029.37,0.04,4.04 19:32:33 23/03/19
175,92.70,11.45,1029.49,0.00,4.04 19:43:06 23/03/19
171,92.60,11.40,1029.53,0.00,4.03 19:53:35 23/03/19
168,92.80,11.31,1029.48,0.00,4.03 20:04:06 23/03/19
166,92.70,11.23,1029.51,0.00,4.03 20:14:44 23/03/19
164,92.90,11.20,1029.54,0.00,4.03 20:25:14 23/03/19
161,93.20,11.12,1029.52,0.00,4.03 20:35:50 23/03/19
163,92.80,11.09,1029.50,0.00,4.03 20:46:23 23/03/19
168,92.90,11.01,1029.61,0.00,4.03 20:56:53 23/03/19
166,93.20,10.95,1029.60,0.00,4.03 21:07:32 23/03/19
164,93.10,10.93,1029.61,0.00,4.02 21:18:02 23/03/19
168,93.00,10.84,1029.66,0.00,4.02 21:28:41 23/03/19
168,92.70,10.80,1029.58,0.00,4.02 21:39:08 23/03/19
163,93.80,10.72,1029.52,0.00,4.02 21:49:41 23/03/19
161,92.90,10.64,1029.53,0.00,4.02 22:00:19 23/03/19
163,93.00,10.61,1029.51,0.00,4.02 22:10:49 23/03/19
163,92.80,10.53,1029.34,0.00,4.02 22:21:18 23/03/19
167,92.70,10.45,1029.22,0.00,4.02 22:31:54 23/03/19
164,92.80,10.42,1029.19,0.00,4.01 22:42:28 23/03/19
162,93.00,10.34,1029.11,0.00,4.01 22:53:06 23/03/19
163,93.10,10.31,1029.09,0.00,4.01 23:03:44 23/03/19
163,94.00,10.22,1029.01,0.00,4.01 23:14:21 23/03/19
162,93.30,10.20,1028.93,0.00,4.01 23:25:04 23/03/19
166,93.10,10.12,1028.89,0.00,4.01 23:35:39 23/03/19
164,93.10,9.95,1028.87,0.00,4.01 23:46:16 23/03/19
165,92.80,9.86,1028.85,0.00,4.01 23:56:54 23/03/19
