165,93.10,9.76,1028.74,0.00,4.01 00:07:33 24/03/19
168,91.30,10.30,1028.76,0.00,3.98 00:18:02 24/03/19
163,92.50,9.81,1028.58,0.00,3.99 00:28:32 24/03/19
162,92.90,9.55,1028.50,0.00,3.99 00:39:10 24/03/19
163,92.90,9.43,1028.51,0.00,3.99 00:49:41 24/03/19
161,93.10,9.34,1028.46,0.00,3.99 01:00:19 24/03/19
159,92.80,9.25,1028.57,0.00,3.99 01:10:55 24/03/19
173,93.00,9.21,1028.58,0.00,3.99 01:21:25 24/03/19
179,93.00,9.12,1028.56,0.00,3.99 01:32:03 24/03/19
176,93.20,9.03,1028.54,0.00,3.99 01:42:34 24/03/19
180,93.00,8.93,1028.48,0.00,3.99 01:53:11 24/03/19
178,93.70,8.84,1028.43,0.00,3.99 02:03:49 24/03/19
184,93.20,8.75,1028.31,0.00,3.99 02:14:16 24/03/19
176,93.50,8.75,1028.34,0.00,3.98 02:14:29 24/03/19
180,93.00,8.72,1028.29,0.00,3.99 02:25:04 24/03/19
182,93.00,8.63,1028.23,0.00,3.98 02:35:34 24/03/19
181,93.00,8.54,1028.16,0.00,3.98 02:46:11 24/03/19
182,93.30,8.44,1028.15,0.00,3.98 02:56:41 24/03/19
180,93.00,8.41,1028.11,0.00,3.98 03:07:11 24/03/19
178,93.10,8.33,1027.96,0.00,3.98 03:17:39 24/03/19
179,93.20,8.26,1028.00,0.00,3.98 03:28:09 24/03/19
177,93.00,8.23,1027.95,0.00,3.98 03:38:38 24/03/19
178,93.10,8.20,1027.91,0.00,3.98 03:49:07 24/03/19
178,93.10,8.12,1027.99,0.00,3.98 03:59:36 24/03/19
178,93.50,8.05,1027.93,0.00,3.98 04:10:07 24/03/19
177,93.20,8.01,1027.81,0.00,3.98 04:20:35 24/03/19
177,93.10,7.93,1027.74,0.00,3.98 04:31:04 24/03/19
177,93.20,7.92,1027.68,0.00,3.98 04:41:35 24/03/19
176,91.50,8.56,1027.63,0.00,3.96 04:52:08 24/03/19
177,92.70,8.15,1027.64,0.00,3.97 05:02:42 24/03/19
178,93.00,7.91,1027.52,0.00,3.97 05:13:19 24/03/19
177,93.10,7.82,1027.42,0.00,3.97 05:23:57 24/03/19
178,93.10,7.74,1027.26,0.00,3.97 05:34:25 24/03/19
186,93.20,7.73,1027.25,0.02,3.97 05:45:05 24/03/19
218,93.30,7.71,1027.24,0.16,3.97 05:55:44 24/03/19
286,93.50,7.64,1027.35,1.01,3.97 06:06:18 24/03/19
407,93.30,7.62,1027.41,2.76,3.97 06:16:47 24/03/19
501,93.40,7.61,1027.33,4.00,3.97 06:27:18 24/03/19
580,93.30,7.54,1027.42,4.39,3.97 06:37:55 24/03/19
635,93.70,7.52,1027.44,5.00,3.97 06:48:25 24/03/19
688,93.50,7.51,1027.43,5.00,3.97 06:58:61 24/03/19
733,93.70,7.43,1027.45,5.00,3.98 07:09:28 24/03/19
747,92.00,7.99,1027.41,4.06,3.96 07:20:09 24/03/19
740,92.60,7.40,1027.36,5.00,3.98 07:30:46 24/03/19
819,93.40,7.13,1027.17,5.00,4.00 07:41:22 24/03/19
832,93.50,7.05,1027.03,4.18,4.02 07:51:52 24/03/19
840,94.70,7.23,1026.94,4.09,4.05 08:02:43 24/03/19
850,95.00,7.58,1026.77,4.16,4.10 08:13:16 24/03/19
857,94.70,8.36,1026.82,4.33,4.20 08:23:53 24/03/19
862,93.40,9.19,1026.85,5.00,4.09 08:34:22 24/03/19
866,93.30,9.65,1026.98,4.24,4.14 08:45:06 24/03/19
871,92.70,10.10,1027.09,5.00,4.09 08:55:38 24/03/19
872,92.90,10.35,1027.11,4.28,4.17 09:06:09 24/03/19
878,92.20,10.61,1027.31,5.00,4.09 09:16:45 24/03/19
882,93.00,10.86,1027.45,4.32,4.18 09:27:16 24/03/19
879,92.90,11.10,1027.54,5.00,4.10 09:37:49 24/03/19
884,92.80,11.23,1027.43,4.36,4.21 09:48:27 24/03/19
890,92.60,11.36,1027.55,5.00,4.11 09:58:56 24/03/19
892,92.90,11.49,1027.64,5.00,4.09 10:09:26 24/03/19
890,92.70,11.57,1027.55,5.00,4.21 10:19:58 24/03/19
896,92.40,11.69,1027.59,5.00,4.11 10:30:37 24/03/19
886,92.40,11.83,1027.49,5.00,4.09 10:50:14 24/03/19
864,92.00,12.04,1027.16,4.26,4.16 11:00:54 24/03/19
851,89.60,12.85,1027.11,4.30,4.20 11:11:23 24/03/19
858,90.60,12.61,1026.91,5.00,4.12 11:21:54 24/03/19
831,90.50,12.46,1026.70,5.00,4.10 11:32:33 24/03/19
896,90.30,12.38,1026.80,5.00,4.21 11:43:08 24/03/19
903,88.30,12.38,1026.73,5.00,4.12 11:53:48 24/03/19
898,82.20,12.41,1026.61,5.00,4.11 11:58:60 24/03/19
900,87.60,12.38,1026.66,5.00,4.10 12:04:09 24/03/19
893,86.10,12.59,1026.71,5.00,4.10 12:09:22 24/03/19
894,88.20,12.79,1026.67,5.00,4.09 12:14:41 24/03/19
895,89.60,13.05,1026.62,5.00,4.21 12:19:51 24/03/19
879,84.50,13.27,1026.60,5.00,4.14 12:24:61 24/03/19
895,84.20,13.39,1026.64,5.00,4.12 12:30:14 24/03/19
888,83.70,13.50,1026.61,5.00,4.11 12:35:32 24/03/19
886,74.80,13.43,1026.60,5.00,4.10 12:40:49 24/03/19
880,78.30,13.34,1026.65,5.00,4.09 12:46:05 24/03/19
887,80.80,13.32,1026.63,5.00,4.09 12:51:14 24/03/19
895,83.50,13.41,1026.65,5.00,4.21 12:56:31 24/03/19
881,84.50,13.70,1026.66,5.00,4.13 13:01:52 24/03/19
871,82.00,13.89,1026.65,5.00,4.11 13:07:05 24/03/19
875,80.40,13.91,1026.55,5.00,4.11 13:12:15 24/03/19
859,79.20,13.91,1026.58,5.00,4.10 13:17:29 24/03/19
870,81.40,13.82,1026.59,5.00,4.10 13:22:39 24/03/19
891,81.10,13.81,1026.60,5.00,4.09 13:27:51 24/03/19
877,81.20,13.95,1026.47,5.00,4.21 13:32:61 24/03/19
886,81.50,14.07,1026.49,5.00,4.13 13:38:14 24/03/19
891,80.00,14.19,1026.40,5.00,4.12 13:43:32 24/03/19
893,76.10,14.30,1026.44,5.00,4.10 13:48:56 24/03/19
895,77.40,14.48,1026.44,5.00,4.10 13:54:16 24/03/19
894,79.70,14.65,1026.35,5.00,4.10 13:59:31 24/03/19
893,79.00,14.85,1026.28,5.00,4.21 14:04:43 24/03/19
893,82.30,15.12,1026.27,5.00,4.14 14:09:54 24/03/19
892,81.00,15.26,1026.22,5.00,4.12 14:15:06 24/03/19
891,80.80,15.41,1026.11,5.00,4.11 14:20:27 24/03/19
890,75.90,15.46,1026.15,5.00,4.11 14:25:46 24/03/19
889,78.50,15.44,1026.05,5.00,4.10 14:31:06 24/03/19
889,74.80,15.39,1026.09,5.00,4.10 14:36:16 24/03/19
888,73.90,15.37,1025.97,5.00,4.09 14:41:30 24/03/19
887,71.50,15.28,1025.92,5.00,4.20 14:46:50 24/03/19
886,77.00,15.30,1025.86,5.00,4.13 14:52:07 24/03/19
885,73.30,15.34,1025.79,5.00,4.12 14:57:21 24/03/19
884,76.50,15.34,1025.76,5.00,4.11 15:02:39 24/03/19
883,74.30,15.34,1025.68,5.00,4.11 15:07:51 24/03/19
875,72.30,15.22,1025.59,5.00,4.09 15:13:19 24/03/19
875,74.20,15.19,1025.39,5.00,4.09 15:18:30 24/03/19
863,69.60,14.97,1025.39,4.37,4.21 15:23:42 24/03/19
858,62.80,14.81,1025.33,5.00,4.14 15:29:03 24/03/19
869,70.70,14.76,1025.27,5.00,4.12 15:34:13 24/03/19
853,70.20,14.63,1025.26,5.00,4.11 15:39:24 24/03/19
856,69.70,14.55,1025.22,5.00,4.11 15:44:37 24/03/19
813,69.10,14.38,1025.10,5.00,4.10 15:49:56 24/03/19
820,71.00,14.43,1025.13,5.00,4.10 15:55:15 24/03/19
845,70.60,14.44,1025.04,5.00,4.09 16:00:26 24/03/19
834,72.50,14.43,1025.05,4.28,4.17 16:05:43 24/03/19
842,66.10,14.36,1025.03,5.00,4.13 16:10:60 24/03/19
833,65.20,14.32,1024.96,5.00,4.12 16:16:19 24/03/19
799,67.30,14.25,1024.93,5.00,4.11 16:21:37 24/03/19
833,65.90,14.09,1024.92,5.00,4.11 16:26:47 24/03/19
832,63.30,14.06,1024.86,5.00,4.10 16:31:59 24/03/19
827,62.60,13.82,1024.81,5.00,4.09 16:37:11 24/03/19
805,66.00,13.72,1024.79,5.00,4.09 16:42:31 24/03/19
793,66.90,13.69,1024.82,4.28,4.15 16:47:51 24/03/19
808,65.90,13.76,1024.83,5.00,4.13 16:53:11 24/03/19
822,68.70,13.85,1024.77,5.00,4.12 16:58:28 24/03/19
817,69.20,13.87,1024.75,5.00,4.11 17:03:41 24/03/19
818,69.80,13.86,1024.71,5.00,4.11 17:08:61 24/03/19
814,68.60,13.78,1024.65,5.00,4.10 17:14:17 24/03/19
809,70.90,13.76,1024.62,5.00,4.09 17:19:31 24/03/19
801,69.60,13.68,1024.59,5.00,4.09 17:24:41 24/03/19
793,70.20,13.59,1024.62,4.33,4.14 17:29:52 24/03/19
789,70.30,13.49,1024.57,5.00,4.13 17:38:06 24/03/19
788,71.30,13.41,1024.60,5.00,4.12 17:43:18 24/03/19
783,66.60,13.22,1024.60,5.00,4.11 17:48:37 24/03/19
777,66.80,13.00,1024.61,5.00,4.10 17:53:56 24/03/19
771,69.90,12.88,1024.62,5.00,4.10 17:59:06 24/03/19
764,70.30,12.71,1024.57,5.00,4.09 18:04:16 24/03/19
754,69.50,12.52,1024.60,5.00,4.09 18:09:30 24/03/19
745,70.00,12.39,1024.54,4.30,4.11 18:14:48 24/03/19
717,67.40,12.13,1024.51,5.00,4.14 18:19:58 24/03/19
693,70.10,11.99,1024.55,5.00,4.11 18:25:10 24/03/19
665,70.20,11.55,1024.62,5.00,4.10 18:35:49 24/03/19
662,71.20,11.53,1024.61,4.81,4.10 18:36:03 24/03/19
624,70.80,11.22,1024.69,4.17,4.10 18:46:36 24/03/19
563,70.90,10.90,1024.83,4.31,4.09 18:57:06 24/03/19
459,71.60,10.59,1024.89,3.68,4.09 19:07:37 24/03/19
336,72.20,10.23,1024.90,1.82,4.08 19:18:14 24/03/19
246,72.10,10.01,1025.05,0.49,4.07 19:28:45 24/03/19
197,72.40,9.76,1025.13,0.08,4.07 19:39:24 24/03/19
169,74.00,9.55,1025.14,0.00,4.06 19:50:11 24/03/19
165,73.60,9.31,1025.09,0.00,4.06 20:00:47 24/03/19
168,73.40,9.10,1025.12,0.00,4.06 20:11:24 24/03/19
158,73.80,8.83,1025.02,0.00,4.05 20:21:55 24/03/19
