159,78.90,6.01,1023.47,0.00,3.97 00:05:25 25/03/19
152,82.30,5.92,1023.28,0.00,3.97 00:16:08 25/03/19
158,77.00,6.73,1023.27,0.00,3.96 00:26:40 25/03/19
156,78.80,6.32,1023.15,0.00,3.97 00:37:09 25/03/19
155,80.50,6.11,1022.91,0.00,3.97 00:47:48 25/03/19
157,81.20,6.09,1022.71,0.00,3.97 00:58:23 25/03/19
151,81.80,6.09,1022.65,0.00,3.97 01:09:17 25/03/19
163,77.20,6.75,1022.49,0.00,3.96 01:19:46 25/03/19
152,80.40,6.19,1022.25,0.00,3.96 01:30:31 25/03/19
166,81.70,6.00,1022.16,0.00,3.96 01:40:61 25/03/19
175,79.10,6.80,1022.11,0.00,3.95 01:51:27 25/03/19
157,83.60,6.39,1022.00,0.00,3.96 02:02:15 25/03/19
152,83.50,6.30,1021.93,0.00,3.96 02:13:08 25/03/19
166,80.70,7.05,1021.89,0.00,3.94 02:23:36 25/03/19
161,83.70,6.56,1021.61,0.00,3.96 02:34:08 25/03/19
157,84.40,6.56,1021.63,0.00,3.96 02:34:13 25/03/19
157,84.30,6.38,1021.50,0.00,3.96 02:44:44 25/03/19
162,84.60,6.22,1021.52,0.00,3.96 02:55:11 25/03/19
149,86.70,6.19,1021.47,0.00,3.96 03:05:59 25/03/19
151,85.10,6.17,1021.37,0.00,3.96 03:16:37 25/03/19
155,85.50,6.09,1021.26,0.00,3.96 03:27:05 25/03/19
158,85.80,5.99,1021.27,0.00,3.96 03:37:45 25/03/19
157,86.40,5.98,1021.26,0.00,3.96 03:48:29 25/03/19
160,82.80,6.63,1021.14,0.00,3.93 03:59:01 25/03/19
165,84.90,6.13,1021.07,0.00,3.96 04:09:33 25/03/19
167,82.80,6.70,1021.05,0.00,3.93 04:20:03 25/03/19
165,89.10,6.44,1020.99,0.00,3.95 04:30:34 25/03/19
160,90.50,6.47,1020.74,0.00,3.95 04:41:10 25/03/19
159,90.10,6.42,1020.86,0.00,3.95 04:51:59 25/03/19
167,90.70,6.51,1020.74,0.00,3.95 05:02:38 25/03/19
181,90.80,6.66,1021.03,0.00,3.96 05:13:09 25/03/19
175,92.70,6.71,1021.17,0.00,3.96 05:23:37 25/03/19
169,91.30,6.72,1021.07,0.00,3.96 05:34:16 25/03/19
194,90.70,6.59,1021.12,0.06,3.96 05:44:54 25/03/19
238,90.80,6.39,1021.20,0.48,3.95 05:55:47 25/03/19
333,89.60,6.21,1021.20,1.99,3.96 06:06:26 25/03/19
452,90.00,6.02,1021.24,3.91,3.95 06:17:07 25/03/19
546,90.80,5.90,1021.34,4.13,3.96 06:27:39 25/03/19
606,90.10,5.80,1021.31,4.64,3.96 06:38:16 25/03/19
647,90.40,5.69,1021.43,4.84,3.96 06:49:06 25/03/19
688,87.80,6.43,1021.54,5.00,3.93 06:59:38 25/03/19
733,89.10,6.03,1021.54,4.28,3.96 07:10:07 25/03/19
722,91.10,5.98,1021.67,5.00,3.97 07:20:38 25/03/19
734,91.50,6.11,1021.77,5.00,3.97 07:31:14 25/03/19
808,92.50,6.31,1021.87,4.10,4.00 07:41:51 25/03/19
802,92.10,6.68,1021.94,4.07,4.00 07:52:39 25/03/19
799,89.70,7.64,1021.90,4.09,4.00 08:03:14 25/03/19
759,91.00,7.29,1021.90,5.00,3.99 08:13:44 25/03/19
779,92.50,7.28,1022.20,4.57,4.00 08:24:13 25/03/19
815,92.20,7.39,1022.31,4.08,4.04 08:34:50 25/03/19
818,91.60,7.59,1022.18,4.20,4.05 08:45:36 25/03/19
860,92.00,8.26,1022.43,4.29,4.20 08:56:06 25/03/19
814,90.50,8.87,1022.53,5.00,4.14 09:06:48 25/03/19
875,90.00,8.66,1022.69,4.30,4.17 09:17:21 25/03/19
854,90.20,9.24,1022.62,5.00,4.10 09:27:50 25/03/19
823,87.30,9.18,1022.90,4.21,4.10 09:38:21 25/03/19
857,90.70,8.80,1023.30,5.00,4.10 09:48:59 25/03/19
884,90.50,8.88,1023.43,5.00,4.21 09:59:36 25/03/19
886,87.30,9.95,1023.36,5.00,4.22 10:10:04 25/03/19
898,89.00,9.67,1023.27,5.00,4.10 10:20:35 25/03/19
809,88.60,9.52,1023.24,4.47,4.11 10:31:05 25/03/19
802,90.00,9.31,1023.75,5.00,4.12 10:41:44 25/03/19
873,91.20,9.36,1023.86,5.00,4.09 10:52:18 25/03/19
859,90.70,9.66,1023.86,4.31,4.19 11:02:52 25/03/19
874,90.00,9.99,1023.65,5.00,4.10 11:13:36 25/03/19
889,87.30,10.52,1023.68,5.00,4.21 11:24:12 25/03/19
837,84.50,10.74,1023.70,5.00,4.11 11:34:46 25/03/19
820,83.00,10.84,1023.94,5.00,4.09 11:45:25 25/03/19
836,84.10,10.48,1024.02,4.32,4.14 11:56:03 25/03/19
849,86.90,10.82,1023.99,5.00,4.11 12:06:33 25/03/19
904,84.60,11.13,1023.86,5.00,4.10 12:17:11 25/03/19
838,78.70,11.29,1023.96,5.00,4.09 12:27:50 25/03/19
823,80.40,11.27,1024.12,4.27,4.11 12:38:17 25/03/19
891,78.00,11.25,1024.01,5.00,4.11 12:48:50 25/03/19
828,77.70,11.33,1024.42,5.00,4.10 12:59:21 25/03/19
852,86.00,10.68,1024.58,5.00,4.09 13:09:57 25/03/19
901,88.80,10.49,1024.49,5.00,4.21 13:20:29 25/03/19
886,89.40,10.91,1024.35,5.00,4.11 13:31:07 25/03/19
898,87.90,11.43,1024.27,5.00,4.10 13:41:35 25/03/19
839,85.20,11.25,1024.26,5.00,4.09 13:52:08 25/03/19
893,86.40,10.95,1024.33,5.00,4.21 14:02:46 25/03/19
895,88.20,11.53,1024.31,5.00,4.12 14:13:23 25/03/19
878,83.50,11.86,1024.10,5.00,4.10 14:23:53 25/03/19
875,82.50,11.78,1024.26,5.00,4.09 14:34:25 25/03/19
846,81.60,11.98,1024.26,4.29,4.15 14:44:55 25/03/19
850,80.80,11.77,1024.26,5.00,4.11 14:55:39 25/03/19
853,80.30,11.62,1024.40,5.00,4.10 15:06:13 25/03/19
842,78.30,11.42,1024.56,5.00,4.09 15:16:42 25/03/19
837,79.70,11.32,1024.61,4.29,4.14 15:27:17 25/03/19
867,80.10,11.47,1024.57,5.00,4.12 15:37:52 25/03/19
855,79.30,11.73,1024.63,5.00,4.10 15:48:29 25/03/19
836,78.40,11.51,1024.67,5.00,4.10 15:58:58 25/03/19
836,78.80,11.31,1024.67,5.00,4.09 16:09:31 25/03/19
818,78.40,11.23,1024.77,4.18,4.12 16:20:10 25/03/19
832,79.30,11.28,1024.86,5.00,4.12 16:30:46 25/03/19
802,79.50,11.19,1024.89,5.00,4.10 16:41:19 25/03/19
786,80.40,11.13,1025.13,5.00,4.10 16:51:54 25/03/19
774,82.60,10.93,1025.47,4.28,4.09 17:02:30 25/03/19
763,83.10,10.75,1025.63,5.00,4.17 17:13:03 25/03/19
769,81.00,10.53,1025.52,5.00,4.14 17:23:33 25/03/19
744,80.60,10.33,1025.65,5.00,4.12 17:34:06 25/03/19
731,81.40,10.23,1025.78,5.00,4.10 17:44:47 25/03/19
735,81.80,10.21,1025.92,5.00,4.10 17:55:21 25/03/19
704,81.40,10.12,1025.94,5.00,4.09 18:05:52 25/03/19
651,82.00,10.02,1025.95,4.34,4.10 18:16:29 25/03/19
632,82.10,9.92,1026.15,5.00,4.09 18:27:07 25/03/19
595,78.30,10.49,1026.34,4.65,4.02 18:37:39 25/03/19
529,80.40,9.79,1026.43,4.14,4.03 18:48:26 25/03/19
428,81.70,9.44,1026.55,3.33,4.04 18:58:60 25/03/19
312,82.80,9.32,1026.64,1.53,4.04 19:09:29 25/03/19
238,82.60,9.23,1026.83,0.34,4.03 19:19:61 25/03/19
193,83.70,9.21,1027.08,0.05,4.03 19:30:31 25/03/19
177,84.30,9.06,1027.37,0.00,4.03 19:41:21 25/03/19
174,84.20,9.06,1027.35,0.00,4.03 19:41:26 25/03/19
164,83.40,8.93,1027.52,0.00,4.03 19:51:56 25/03/19
170,83.50,8.72,1027.66,0.00,4.03 20:02:35 25/03/19
172,85.60,8.64,1027.75,0.00,4.02 20:13:23 25/03/19
177,86.20,8.72,1027.91,0.00,4.02 20:23:56 25/03/19
167,86.20,8.70,1027.98,0.00,4.02 20:34:26 25/03/19
162,86.60,8.65,1028.15,0.00,4.02 20:44:56 25/03/19
150,85.60,8.62,1028.33,0.00,4.03 20:55:27 25/03/19
151,86.30,8.61,1028.30,0.00,4.02 20:55:31 25/03/19
163,85.40,8.42,1028.51,0.00,4.02 21:06:08 25/03/19
170,86.70,8.25,1028.71,0.00,4.02 21:16:41 25/03/19
171,87.30,8.30,1028.78,0.00,4.01 21:27:27 25/03/19
172,88.30,8.30,1028.72,0.00,4.01 21:27:32 25/03/19
172,88.50,8.30,1028.73,0.00,4.01 21:27:39 25/03/19
166,88.20,8.33,1028.93,0.00,4.01 21:38:14 25/03/19
164,88.20,8.31,1029.01,0.00,4.01 21:48:41 25/03/19
157,87.70,8.22,1029.16,0.00,4.01 21:59:12 25/03/19
161,88.10,8.13,1029.29,0.00,4.01 22:09:42 25/03/19
171,83.90,8.84,1029.48,0.00,3.98 22:20:15 25/03/19
174,85.50,8.42,1029.61,0.00,3.99 22:30:50 25/03/19
161,87.70,8.20,1029.71,0.00,3.99 22:41:27 25/03/19
176,88.40,8.13,1029.91,0.00,3.99 22:52:04 25/03/19
176,89.00,8.10,1030.02,0.00,3.99 23:02:53 25/03/19
177,84.00,8.75,1030.02,0.00,3.97 23:13:34 25/03/19
176,86.50,8.27,1030.01,0.00,3.97 23:24:21 25/03/19
178,89.20,8.11,1030.02,0.00,3.98 23:34:57 25/03/19
174,88.30,8.03,1030.09,0.00,3.98 23:45:31 25/03/19
170,87.70,8.00,1030.05,0.00,3.98 23:56:08 25/03/19
