937,99.9,11.004999,1015.66,0.0,4.02 00:04:06 06/10/19
944,99.9,11.014999,1015.5,0.0,4.02 00:09:20 06/10/19
937,99.9,11.014999,1015.31,0.0,4.02 00:14:32 06/10/19
945,99.9,11.014999,1015.18,0.0,4.02 00:19:47 06/10/19
946,99.9,11.01,1015.15,0.0,4.02 00:25:02 06/10/19
946,99.9,11.0,1015.07,0.0,4.02 00:30:15 06/10/19
945,99.9,11.0,1015.09,0.0,4.02 00:35:28 06/10/19
936,99.9,11.004999,1015.15,0.0,4.02 00:40:40 06/10/19
945,99.9,11.014999,1015.14,0.0,4.01 00:45:59 06/10/19
944,99.9,11.02,1015.07,0.0,4.02 00:51:18 06/10/19
944,99.9,11.02,1014.96,0.0,4.01 00:56:31 06/10/19
944,99.9,11.02,1015.07,0.0,4.01 01:01:46 06/10/19
944,99.9,11.08,1015.01,0.0,4.01 01:06:59 06/10/19
944,99.9,11.085,1014.96,0.0,4.01 01:12:12 06/10/19
936,99.9,11.085,1014.91,0.0,4.01 01:17:24 06/10/19
944,99.9,11.085,1014.92,0.0,4.01 01:22:40 06/10/19
935,99.9,11.085,1014.87,0.0,4.01 01:27:51 06/10/19
944,99.9,11.04,1014.96,0.0,4.01 01:33:07 06/10/19
943,99.9,11.1,1014.96,0.0,4.01 01:38:19 06/10/19
944,99.9,11.094999,1014.85,0.0,4.01 01:43:35 06/10/19
944,99.9,11.1,1014.98,0.0,4.01 01:48:46 06/10/19
944,99.9,11.09,1015.0,0.0,4.01 01:54:00 06/10/19
945,99.9,11.1,1015.08,0.0,4.01 01:59:16 06/10/19
944,99.9,11.1,1015.02,0.0,4.01 02:04:29 06/10/19
945,99.9,11.105,1014.96,0.0,4.0 02:09:46 06/10/19
944,99.9,11.110001,1014.97,0.0,4.0 02:15:04 06/10/19
936,99.9,11.1,1014.91,0.0,4.0 02:20:17 06/10/19
945,99.9,11.105,1014.98,0.0,4.0 02:25:36 06/10/19
936,99.9,11.105,1014.87,0.0,4.0 02:30:52 06/10/19
943,99.9,11.1,1014.78,0.0,4.0 02:36:07 06/10/19
936,99.9,11.1,1014.74,0.0,4.0 02:41:19 06/10/19
945,99.9,11.1,1014.76,0.0,4.0 02:46:35 06/10/19
944,99.9,11.105,1014.88,0.0,4.0 02:51:48 06/10/19
944,99.9,11.09,1014.8,0.0,4.0 02:57:02 06/10/19
944,99.9,11.094999,1014.79,0.0,4.0 03:02:16 06/10/19
944,99.9,11.085,1014.73,0.0,4.0 03:07:29 06/10/19
945,99.9,11.085,1014.57,0.0,4.0 03:12:44 06/10/19
945,99.9,11.03,1014.4,0.0,4.0 03:18:01 06/10/19
942,99.9,11.08,1014.35,0.0,4.0 03:23:17 06/10/19
944,99.9,11.02,1014.3,0.0,4.0 03:28:32 06/10/19
944,99.9,11.02,1014.2,0.0,4.0 03:33:45 06/10/19
936,99.9,11.004999,1014.19,0.0,4.0 03:38:58 06/10/19
945,99.9,10.955,1014.16,0.0,3.99 03:44:13 06/10/19
941,99.9,10.995,1014.1,0.0,4.0 03:49:26 06/10/19
945,99.9,10.940001,1014.03,0.0,3.99 03:54:44 06/10/19
946,99.9,10.99,1013.92,0.0,3.99 04:00:07 06/10/19
945,99.9,10.99,1013.9,0.0,3.99 04:05:25 06/10/19
944,99.9,10.985,1013.74,0.0,3.99 04:10:38 06/10/19
945,99.9,10.925,1013.7,0.0,3.99 04:15:52 06/10/19
945,99.9,10.92,1013.62,0.0,3.99 04:21:06 06/10/19
945,99.9,10.915,1013.52,0.0,3.99 04:26:19 06/10/19
944,99.9,10.895,1013.58,0.0,3.99 04:31:34 06/10/19
937,99.9,10.889999,1013.53,0.0,3.99 04:36:47 06/10/19
937,99.9,10.825,1013.46,0.0,3.99 04:42:03 06/10/19
944,99.9,10.83,1013.33,0.0,3.99 04:47:14 06/10/19
937,99.9,10.825,1013.28,0.0,3.99 04:52:27 06/10/19
944,99.9,10.805,1013.26,0.0,3.99 04:57:41 06/10/19
944,99.9,10.805,1013.4,0.0,3.99 05:02:53 06/10/19
945,99.9,10.799999,1013.47,0.0,3.99 05:08:08 06/10/19
944,99.9,10.805,1013.38,0.0,3.99 05:13:23 06/10/19
947,99.9,10.805,1013.38,0.0,3.98 05:18:40 06/10/19
944,99.9,10.875,1013.31,0.0,3.99 05:23:56 06/10/19
944,99.9,10.825,1013.07,0.0,3.98 05:29:10 06/10/19
938,99.9,10.82,1012.87,0.0,3.98 05:34:29 06/10/19
945,99.9,10.875,1012.75,0.0,3.98 05:39:45 06/10/19
945,99.9,10.82,1012.85,0.0,3.98 05:45:01 06/10/19
944,99.9,10.815001,1012.9,0.0,3.98 05:50:14 06/10/19
944,99.9,10.805,1012.79,0.0,3.98 05:55:26 06/10/19
944,99.9,10.799999,1012.72,0.0,3.98 06:00:48 06/10/19
944,99.9,10.799999,1012.68,0.0,3.98 06:06:02 06/10/19
947,99.9,10.799999,1012.74,0.0,3.98 06:11:21 06/10/19
945,99.9,10.799999,1012.72,0.0,3.98 06:16:39 06/10/19
947,99.9,10.79,1012.59,0.0,3.98 06:21:58 06/10/19
944,99.9,10.815001,1012.59,0.0,3.98 06:27:15 06/10/19
945,99.9,10.82,1012.56,0.0,3.98 06:32:29 06/10/19
947,99.9,10.815001,1012.51,0.0,3.98 06:37:46 06/10/19
944,99.9,10.799999,1012.37,0.0,3.98 06:43:05 06/10/19
944,99.9,10.785,1012.3,0.0,3.98 06:48:18 06/10/19
947,99.9,10.73,1012.25,0.0,3.97 06:53:36 06/10/19
944,99.9,10.72,1012.06,0.0,3.98 06:58:52 06/10/19
944,99.9,10.72,1012.0,0.0,3.97 07:04:07 06/10/19
944,99.9,10.71,1012.04,0.01,3.98 07:09:22 06/10/19
944,99.9,10.705,1012.05,0.02,3.97 07:14:35 06/10/19
943,99.9,10.700001,1012.11,0.07,3.97 07:19:48 06/10/19
944,99.9,10.690001,1012.07,0.2,3.97 07:25:02 06/10/19
944,99.9,10.625,1011.96,0.46,3.98 07:30:15 06/10/19
943,99.9,10.615,1011.95,1.22,3.98 07:35:30 06/10/19
947,99.9,10.610001,1011.94,1.97,3.97 07:40:46 06/10/19
945,99.9,10.594999,1011.88,2.78,3.97 07:46:03 06/10/19
946,99.9,10.535,1011.92,3.44,3.97 07:51:18 06/10/19
946,99.9,10.57,1011.84,3.91,3.97 07:56:32 06/10/19
947,99.9,10.525,1011.89,4.11,3.97 08:01:45 06/10/19
948,99.9,10.51,1011.83,4.1,3.97 08:06:59 06/10/19
948,99.9,10.504999,1011.73,4.19,3.97 08:12:14 06/10/19
950,99.9,10.504999,1011.65,4.14,3.97 08:17:26 06/10/19
948,99.9,10.504999,1011.67,4.64,3.97 08:22:40 06/10/19
949,99.9,10.450001,1011.58,4.86,3.97 08:27:53 06/10/19
949,99.9,10.51,1011.57,4.97,3.97 08:33:08 06/10/19
950,99.9,10.51,1011.55,5.0,3.97 08:38:20 06/10/19
949,99.9,10.514999,1011.49,4.65,3.97 08:43:34 06/10/19
950,99.9,10.51,1011.43,4.68,3.97 08:48:48 06/10/19
950,99.9,10.52,1011.4,4.78,3.98 08:54:01 06/10/19
950,99.9,10.53,1011.4,5.0,3.98 08:59:13 06/10/19
950,99.9,10.535,1011.35,4.64,3.98 09:04:28 06/10/19
951,99.9,10.545,1011.29,4.18,3.98 09:09:42 06/10/19
951,99.9,10.605,1011.22,5.0,3.98 09:14:55 06/10/19
951,99.9,10.605,1011.24,5.0,3.98 09:20:10 06/10/19
950,99.9,10.615,1011.31,4.33,3.98 09:25:23 06/10/19
951,99.9,10.63,1011.24,4.88,3.98 09:30:36 06/10/19
953,99.9,10.68,1011.2,4.25,3.99 09:35:50 06/10/19
953,99.9,10.645,1011.21,4.84,3.99 09:41:07 06/10/19
953,99.9,10.705,1011.18,5.0,3.99 09:46:26 06/10/19
954,99.9,10.705,1011.13,5.0,3.99 09:51:39 06/10/19
953,99.9,10.72,1011.09,4.58,3.99 09:56:53 06/10/19
953,99.9,10.78,1011.11,5.0,4.0 10:02:06 06/10/19
954,99.9,10.799999,1010.98,4.1,4.0 10:07:20 06/10/19
955,99.9,10.825,1010.86,4.08,4.01 10:12:37 06/10/19
954,99.9,10.905001,1010.92,4.08,4.01 10:17:56 06/10/19
955,99.9,10.905001,1010.72,4.08,4.02 10:23:09 06/10/19
956,99.9,10.93,1010.63,4.08,4.02 10:28:27 06/10/19
954,99.9,11.0,1010.69,5.0,4.02 10:33:46 06/10/19
954,99.9,11.014999,1010.53,5.0,4.02 10:38:59 06/10/19
957,99.9,11.025,1010.44,4.13,4.03 10:44:12 06/10/19
955,99.9,11.045,1010.39,4.08,4.03 10:49:26 06/10/19
956,99.9,11.110001,1010.42,4.08,4.03 10:54:43 06/10/19
954,99.9,11.13,1010.43,4.08,4.03 11:00:00 06/10/19
954,99.9,11.145,1010.31,5.0,4.01 11:05:19 06/10/19
953,99.9,11.21,1010.19,5.0,4.02 11:10:39 06/10/19
954,99.9,11.21,1010.08,4.2,4.02 11:15:51 06/10/19
955,99.9,11.22,1010.0,4.08,4.03 11:21:05 06/10/19
956,99.9,11.285,1009.89,5.0,4.03 11:26:20 06/10/19
956,99.9,11.305,1009.91,5.0,4.04 11:31:32 06/10/19
956,99.9,11.325,1009.87,5.0,4.04 11:36:46 06/10/19
956,99.9,11.405001,1009.78,4.1,4.05 11:41:59 06/10/19
957,99.9,11.425,1009.73,4.2,4.05 11:47:13 06/10/19
954,99.9,11.52,1009.65,4.1,4.05 11:52:27 06/10/19
956,99.9,11.6,1009.41,5.0,4.06 11:57:39 06/10/19
956,99.9,11.610001,1009.38,5.0,4.07 12:02:53 06/10/19
957,99.9,11.639999,1009.25,4.15,4.08 12:08:09 06/10/19
959,99.9,11.725,1009.21,4.25,4.13 12:13:22 06/10/19
957,99.9,11.745001,1009.12,4.25,4.13 12:18:35 06/10/19
957,99.9,11.825,1008.98,4.17,4.13 12:23:49 06/10/19
957,99.9,11.85,1008.95,5.0,4.14 12:29:03 06/10/19
954,99.9,11.92,1008.92,4.17,4.13 12:34:17 06/10/19
955,99.9,11.925,1008.83,5.0,4.13 12:39:31 06/10/19
953,99.9,11.934999,1008.79,4.74,4.12 12:44:44 06/10/19
952,99.9,11.925,1008.73,5.0,4.12 12:49:56 06/10/19
954,99.9,11.98,1008.62,5.0,4.15 12:55:12 06/10/19
954,99.9,12.0,1008.58,4.4,4.17 13:00:27 06/10/19
952,99.9,12.035,1008.48,5.0,4.14 13:05:39 06/10/19
952,99.9,12.105,1008.45,4.42,4.13 13:10:52 06/10/19
957,99.9,12.115,1008.42,5.0,4.14 13:16:07 06/10/19
957,99.9,12.155001,1008.29,5.0,4.15 13:21:24 06/10/19
959,99.9,12.285,1008.13,5.0,4.13 13:26:43 06/10/19
961,99.9,12.385,1008.0,4.99,4.15 13:32:01 06/10/19
958,99.9,12.41,1007.94,4.61,4.15 13:37:23 06/10/19
955,99.9,12.495,1007.75,4.22,4.14 13:42:45 06/10/19
956,99.9,12.52,1007.67,4.34,4.17 13:48:04 06/10/19
953,99.9,12.54,1007.46,5.0,4.13 13:53:21 06/10/19
954,99.9,12.594999,1007.35,4.34,4.14 13:58:38 06/10/19
955,99.9,12.67,1007.21,5.0,4.17 14:03:54 06/10/19
955,99.9,12.635,1007.16,5.0,4.15 14:09:06 06/10/19
954,99.9,12.690001,1006.93,5.0,4.13 14:14:22 06/10/19
953,99.9,12.775,1006.83,4.63,4.13 14:19:35 06/10/19
954,99.9,12.79,1006.83,5.0,4.14 14:24:49 06/10/19
952,99.9,12.815001,1006.67,5.0,4.15 14:30:03 06/10/19
952,99.9,12.815001,1006.73,5.0,4.16 14:35:18 06/10/19
955,99.9,12.83,1006.64,5.0,4.15 14:40:31 06/10/19
955,99.9,12.905001,1006.55,5.0,4.14 14:45:45 06/10/19
955,99.9,12.925,1006.41,4.62,4.14 14:51:01 06/10/19
953,99.9,13.075,1006.38,4.24,4.16 14:56:17 06/10/19
954,99.9,13.115,1006.38,5.0,4.16 15:01:35 06/10/19
956,99.9,13.17,1006.17,5.0,4.14 15:06:49 06/10/19
953,99.9,13.264999,1006.11,5.0,4.14 15:12:03 06/10/19
956,99.9,13.360001,1006.0,5.0,4.13 15:17:15 06/10/19
957,99.9,13.41,1006.0,4.3,4.17 15:22:31 06/10/19
959,99.9,13.585,1005.97,5.0,4.14 15:27:45 06/10/19
956,99.9,13.78,1005.85,5.0,4.13 15:32:59 06/10/19
954,99.9,13.969999,1005.79,4.22,4.15 15:38:13 06/10/19
949,99.9,14.08,1005.78,5.0,4.13 15:43:27 06/10/19
953,99.9,14.185,1005.84,4.88,4.14 15:48:41 06/10/19
955,99.9,14.195,1005.84,5.0,4.15 15:53:55 06/10/19
958,99.9,14.285,1005.82,5.0,4.14 15:59:10 06/10/19
955,99.9,14.360001,1005.78,5.0,4.13 16:04:24 06/10/19
957,99.9,14.45,1005.83,5.0,4.17 16:09:37 06/10/19
958,99.9,14.565001,1005.79,5.0,4.14 16:14:49 06/10/19
956,99.9,14.655001,1005.64,5.0,4.13 16:20:05 06/10/19
956,99.9,14.75,1005.45,4.59,4.16 16:25:23 06/10/19
956,99.9,14.79,1005.59,5.0,4.13 16:30:42 06/10/19
955,99.9,14.96,1005.53,4.26,4.17 16:35:56 06/10/19
955,99.9,15.13,1005.51,5.0,4.14 16:41:15 06/10/19
950,99.9,15.225,1005.52,5.0,4.13 16:46:33 06/10/19
948,99.9,15.23,1005.48,4.59,4.14 16:51:50 06/10/19
949,99.9,15.175,1005.64,5.0,4.14 16:57:01 06/10/19
941,99.9,15.03,1005.65,5.0,4.16 17:02:14 06/10/19
945,99.9,14.98,1005.66,5.0,4.14 17:07:33 06/10/19
947,99.9,14.889999,1005.91,5.0,4.14 17:12:53 06/10/19
946,99.9,14.809999,1006.0,4.57,4.15 17:18:07 06/10/19
945,99.9,14.79,1006.0,5.0,4.16 17:23:22 06/10/19
942,99.9,14.725,1005.99,5.0,4.14 17:28:35 06/10/19
943,99.9,14.695,1006.02,5.0,4.14 17:33:49 06/10/19
947,99.9,14.68,1006.04,5.0,4.13 17:39:03 06/10/19
949,99.9,14.690001,1006.07,5.0,4.12 17:44:18 06/10/19
948,99.9,14.78,1006.17,4.28,4.16 17:49:31 06/10/19
946,99.9,14.809999,1006.11,5.0,4.13 17:54:47 06/10/19
945,99.9,14.895,1006.03,4.41,4.16 17:59:58 06/10/19
947,99.9,14.955,1006.16,5.0,4.13 18:05:14 06/10/19
944,99.9,14.915,1006.32,4.72,4.15 18:10:29 06/10/19
941,99.9,14.905001,1006.4,5.0,4.14 18:15:41 06/10/19
941,99.9,14.889999,1006.5,5.0,4.13 18:20:57 06/10/19
939,99.9,14.815001,1006.64,5.0,4.13 18:26:11 06/10/19
938,99.9,14.705,1006.7,5.0,4.14 18:31:25 06/10/19
939,99.9,14.53,1006.6,5.0,4.15 18:36:39 06/10/19
935,99.9,14.355,1006.7,5.0,4.15 18:41:53 06/10/19
935,99.9,14.225,1006.77,5.0,4.14 18:47:07 06/10/19
934,99.9,14.110001,1006.78,5.0,4.14 18:52:21 06/10/19
937,99.9,13.93,1006.73,5.0,4.14 18:57:36 06/10/19
935,99.9,13.815001,1006.78,4.58,4.13 19:02:51 06/10/19
937,99.9,13.705,1006.91,4.24,4.12 19:08:07 06/10/19
933,99.9,13.605,1006.96,3.81,4.11 19:13:27 06/10/19
934,99.9,13.495,1007.01,3.19,4.11 19:18:41 06/10/19
934,99.9,13.344999,1007.18,2.25,4.11 19:23:55 06/10/19
932,99.9,13.24,1007.24,1.24,4.1 19:29:07 06/10/19
928,99.9,13.155001,1007.31,0.5,4.1 19:34:20 06/10/19
930,99.9,13.075,1007.26,0.2,4.1 19:39:36 06/10/19
929,99.9,13.03,1007.22,0.07,4.09 19:44:50 06/10/19
927,99.9,12.934999,1007.41,0.02,4.09 19:50:04 06/10/19
939,99.9,12.844999,1007.38,0.0,4.09 19:55:19 06/10/19
938,99.9,12.695,1007.3,0.0,4.08 20:00:31 06/10/19
930,99.9,12.639999,1007.27,0.0,4.09 20:05:43 06/10/19
930,99.9,12.54,1007.22,0.0,4.08 20:10:59 06/10/19
930,99.9,12.46,1007.21,0.0,4.08 20:16:13 06/10/19
935,99.9,12.375,1007.25,0.0,4.07 20:21:27 06/10/19
932,99.9,12.344999,1007.32,0.0,4.07 20:26:41 06/10/19
931,99.9,12.309999,1007.33,0.0,4.07 20:31:54 06/10/19
928,99.9,12.24,1007.34,0.0,4.07 20:37:06 06/10/19
935,99.9,12.16,1007.3,0.0,4.07 20:42:22 06/10/19
936,99.9,12.135,1007.28,0.0,4.06 20:47:36 06/10/19
932,99.9,12.125,1007.24,0.0,4.06 20:52:51 06/10/19
935,99.9,12.115,1007.21,0.0,4.06 20:58:03 06/10/19
938,99.9,12.115,1007.29,0.0,4.06 21:03:18 06/10/19
934,99.9,12.1,1007.45,0.0,4.06 21:08:29 06/10/19
938,99.9,12.035,1007.6,0.0,4.06 21:13:45 06/10/19
934,99.9,12.03,1007.69,0.0,4.05 21:18:58 06/10/19
932,99.9,12.035,1007.8,0.0,4.05 21:24:12 06/10/19
938,99.9,12.035,1007.88,0.0,4.05 21:29:26 06/10/19
919,99.9,12.04,1007.93,0.0,4.05 21:34:40 06/10/19
923,99.9,12.035,1007.85,0.0,4.05 21:39:54 06/10/19
931,99.9,12.035,1007.84,0.0,4.05 21:45:05 06/10/19
928,99.9,12.025,1007.98,0.0,4.05 21:50:22 06/10/19
938,99.9,12.02,1008.23,0.0,4.04 21:55:39 06/10/19
938,99.9,12.025,1008.19,0.0,4.04 22:00:58 06/10/19
921,99.9,12.025,1008.25,0.0,4.04 22:06:11 06/10/19
935,99.9,12.025,1008.36,0.0,4.04 22:11:25 06/10/19
938,99.9,12.02,1008.51,0.0,4.04 22:16:38 06/10/19
935,99.9,12.0,1008.42,0.0,4.04 22:21:53 06/10/19
934,99.9,11.955,1008.46,0.0,4.04 22:27:06 06/10/19
938,99.9,11.940001,1008.47,0.0,4.04 22:32:21 06/10/19
930,99.9,11.92,1008.4,0.0,4.04 22:37:32 06/10/19
936,99.9,11.85,1008.24,0.0,4.03 22:42:48 06/10/19
938,99.9,11.76,1008.06,0.0,4.03 22:48:01 06/10/19
937,99.9,11.715,1008.22,0.0,4.03 22:53:16 06/10/19
938,99.9,11.615,1008.32,0.0,4.03 22:58:28 06/10/19
934,99.9,11.545,1008.7,0.0,4.03 23:03:42 06/10/19
932,99.9,11.504999,1008.92,0.0,4.03 23:08:54 06/10/19
919,99.9,11.405001,1008.84,0.0,4.03 23:14:09 06/10/19
920,99.9,11.25,1009.11,0.0,4.03 23:19:24 06/10/19
935,99.9,11.145,1009.13,0.0,4.03 23:24:37 06/10/19
927,99.9,11.035,1009.25,0.0,4.03 23:29:48 06/10/19
920,99.9,10.925,1009.33,0.0,4.03 23:35:02 06/10/19
936,99.9,10.755,1009.34,0.0,4.02 23:40:17 06/10/19
934,99.9,10.66,1009.7,0.0,4.03 23:45:30 06/10/19
936,99.9,10.639999,1010.0,0.0,4.02 23:50:45 06/10/19
935,99.9,10.625,1010.09,0.0,4.02 23:55:58 06/10/19
