893,99.9,11.93,1008.19,0.0,4.02 00:00:26 21/10/19
865,99.9,11.925,1008.49,0.0,4.01 00:05:39 21/10/19
852,99.9,11.925,1008.36,0.0,4.01 00:10:52 21/10/19
894,99.9,11.92,1008.38,0.0,4.01 00:16:06 21/10/19
892,99.9,11.92,1008.21,0.0,4.01 00:21:20 21/10/19
901,99.9,11.92,1008.55,0.0,4.01 00:26:34 21/10/19
845,99.9,11.93,1008.82,0.0,4.01 00:31:46 21/10/19
892,99.9,11.92,1009.0,0.0,4.01 00:37:02 21/10/19
903,99.9,11.925,1008.98,0.0,4.01 00:42:15 21/10/19
893,99.9,11.93,1009.0,0.0,4.01 00:47:28 21/10/19
909,99.9,11.925,1009.02,0.0,4.01 00:52:42 21/10/19
903,99.9,11.925,1009.22,0.0,4.01 00:57:56 21/10/19
904,99.9,11.925,1009.02,0.0,4.01 01:03:08 21/10/19
895,99.9,11.925,1008.97,0.0,4.01 01:08:23 21/10/19
871,99.9,11.98,1008.98,0.0,4.01 01:13:38 21/10/19
892,99.9,11.93,1008.78,0.0,4.01 01:18:51 21/10/19
895,99.9,11.925,1008.99,0.0,4.01 01:24:05 21/10/19
892,99.9,11.934999,1008.96,0.0,4.01 01:29:18 21/10/19
900,99.9,11.93,1009.06,0.0,4.01 01:34:32 21/10/19
886,99.9,11.940001,1009.13,0.0,4.0 01:39:44 21/10/19
891,99.9,11.99,1009.19,0.0,4.0 01:45:00 21/10/19
874,99.9,11.940001,1009.43,0.0,4.0 01:50:14 21/10/19
887,99.9,11.99,1009.58,0.0,4.0 01:55:27 21/10/19
891,99.9,11.985,1009.55,0.0,4.0 02:00:41 21/10/19
882,99.9,12.0,1009.45,0.0,4.0 02:05:54 21/10/19
870,99.9,12.0,1009.44,0.0,4.0 02:11:12 21/10/19
883,99.9,12.0,1009.28,0.0,4.0 02:16:30 21/10/19
849,99.9,12.004999,1009.32,0.0,4.0 02:21:44 21/10/19
863,99.9,12.004999,1009.12,0.0,4.0 02:26:58 21/10/19
891,99.9,12.014999,1009.13,0.0,4.0 02:32:11 21/10/19
882,99.9,12.01,1009.1,0.0,4.0 02:37:26 21/10/19
909,99.9,12.01,1009.02,0.0,4.0 02:42:39 21/10/19
856,99.9,12.075,1009.06,0.0,4.0 02:47:54 21/10/19
911,99.9,12.075,1008.95,0.0,4.0 02:53:06 21/10/19
912,99.9,12.03,1008.81,0.0,4.0 02:58:21 21/10/19
888,99.9,12.035,1008.94,0.0,3.99 03:03:34 21/10/19
907,99.9,12.09,1008.97,0.0,3.99 03:08:48 21/10/19
887,99.9,12.085,1008.81,0.0,4.0 03:14:01 21/10/19
891,99.9,12.04,1009.01,0.0,3.99 03:19:15 21/10/19
910,99.9,12.09,1009.13,0.0,3.99 03:24:27 21/10/19
924,99.9,12.09,1008.99,0.0,3.99 03:29:42 21/10/19
905,99.9,12.1,1008.98,0.0,3.99 03:34:56 21/10/19
912,99.9,12.094999,1008.97,0.0,3.99 03:40:10 21/10/19
925,99.9,12.105,1009.13,0.0,3.99 03:45:24 21/10/19
925,99.9,12.105,1009.12,0.0,3.99 03:50:37 21/10/19
922,99.9,12.12,1009.46,0.0,3.99 03:55:49 21/10/19
930,99.9,12.12,1009.44,0.0,3.99 04:01:03 21/10/19
934,99.9,12.12,1009.34,0.0,3.99 04:06:23 21/10/19
923,99.9,12.13,1009.22,0.0,3.99 04:11:41 21/10/19
933,99.9,12.13,1009.11,0.0,3.99 04:16:58 21/10/19
924,99.9,12.18,1009.18,0.0,3.99 04:22:21 21/10/19
921,99.9,12.195,1009.22,0.0,3.99 04:27:39 21/10/19
933,99.9,12.195,1009.22,0.0,3.99 04:32:53 21/10/19
937,99.9,12.205,1009.05,0.0,3.99 04:38:10 21/10/19
923,99.9,12.215,1008.99,0.0,3.99 04:43:29 21/10/19
923,99.9,12.21,1009.09,0.0,3.99 04:48:41 21/10/19
927,99.9,12.21,1009.17,0.0,3.99 04:53:55 21/10/19
921,99.9,12.22,1009.15,0.0,3.99 04:59:11 21/10/19
932,99.9,12.22,1009.14,0.0,3.98 05:04:24 21/10/19
925,99.9,12.225,1009.26,0.0,3.99 05:09:38 21/10/19
928,99.9,12.225,1009.28,0.0,3.98 05:14:51 21/10/19
927,99.9,12.225,1009.3,0.0,3.99 05:20:05 21/10/19
929,99.9,12.29,1009.31,0.0,3.98 05:25:19 21/10/19
931,99.9,12.29,1009.3,0.0,3.98 05:30:33 21/10/19
932,99.9,12.295,1009.23,0.0,3.98 05:35:46 21/10/19
930,99.9,12.299999,1009.17,0.0,3.98 05:41:00 21/10/19
930,99.9,12.305,1009.17,0.0,3.98 05:46:14 21/10/19
935,99.9,12.315001,1009.21,0.0,3.98 05:51:26 21/10/19
941,99.9,12.315001,1009.15,0.0,3.98 05:56:43 21/10/19
939,99.9,12.32,1009.26,0.0,3.98 06:01:55 21/10/19
939,99.9,12.32,1009.35,0.0,3.98 06:07:10 21/10/19
935,99.9,12.33,1009.47,0.0,3.98 06:12:23 21/10/19
925,99.9,12.385,1009.44,0.0,3.98 06:17:37 21/10/19
935,99.9,12.395,1009.52,0.0,3.98 06:22:54 21/10/19
929,99.9,12.41,1009.54,0.0,3.98 06:28:12 21/10/19
942,99.9,12.425,1009.63,0.0,3.98 06:33:26 21/10/19
940,99.9,12.43,1009.72,0.0,3.98 06:38:44 21/10/19
942,99.9,12.495,1009.61,0.0,3.98 06:44:02 21/10/19
925,99.9,12.495,1009.62,0.0,3.98 06:49:16 21/10/19
927,99.9,12.5,1009.64,0.0,3.98 06:54:31 21/10/19
938,99.9,12.495,1009.65,0.0,3.98 06:59:44 21/10/19
927,99.9,12.504999,1009.68,0.0,3.97 07:04:57 21/10/19
924,99.9,12.5,1009.69,0.0,3.98 07:10:11 21/10/19
929,99.9,12.5,1009.62,0.0,3.98 07:15:23 21/10/19
935,99.9,12.495,1009.65,0.0,3.97 07:20:39 21/10/19
937,99.9,12.49,1009.87,0.0,3.98 07:25:53 21/10/19
943,99.9,12.434999,1009.96,0.01,3.97 07:31:10 21/10/19
935,99.9,12.485,1009.98,0.05,3.98 07:36:29 21/10/19
934,99.9,12.42,1010.17,0.15,3.98 07:41:41 21/10/19
939,99.9,12.415,1010.2,0.41,3.97 07:46:56 21/10/19
941,99.9,12.405001,1010.16,0.92,3.98 07:52:10 21/10/19
938,99.9,12.34,1010.19,1.88,3.98 07:57:25 21/10/19
945,99.9,12.33,1010.28,2.95,3.98 08:02:38 21/10/19
944,99.9,12.299999,1010.23,3.96,3.97 08:07:55 21/10/19
945,99.9,12.21,1010.29,4.09,3.97 08:13:14 21/10/19
944,99.9,12.105,1010.25,4.51,3.97 08:18:28 21/10/19
944,99.9,11.995,1010.39,4.88,3.97 08:23:41 21/10/19
940,99.9,11.85,1010.49,5.0,3.97 08:28:56 21/10/19
940,99.9,11.745001,1010.62,4.65,3.98 08:34:09 21/10/19
941,99.9,11.705,1010.73,4.86,3.98 08:39:23 21/10/19
941,99.9,11.63,1010.86,4.35,3.99 08:44:36 21/10/19
944,99.9,11.63,1011.0,4.61,3.99 08:49:50 21/10/19
943,99.9,11.705,1011.04,5.0,4.0 08:55:04 21/10/19
945,99.9,11.805,1011.18,4.08,4.03 09:00:15 21/10/19
950,99.9,11.934999,1011.28,5.0,4.03 09:05:31 21/10/19
947,99.9,12.145,1011.28,4.22,4.05 09:10:43 21/10/19
945,99.9,12.4,1011.46,4.09,4.02 09:15:58 21/10/19
944,99.9,12.585,1011.58,4.79,4.01 09:21:12 21/10/19
944,99.9,12.700001,1011.76,4.47,4.02 09:26:27 21/10/19
942,99.9,12.825,1011.93,4.86,4.02 09:31:38 21/10/19
943,99.9,12.98,1011.91,4.16,4.02 09:36:54 21/10/19
948,99.9,13.07,1012.01,5.0,4.02 09:42:11 21/10/19
939,99.9,13.110001,1012.13,4.46,4.02 09:47:31 21/10/19
937,99.9,13.190001,1012.25,4.43,4.02 09:52:44 21/10/19
928,99.9,13.26,1012.4,4.23,4.01 09:57:58 21/10/19
925,99.9,13.285,1012.52,5.0,4.01 10:03:12 21/10/19
909,99.9,13.355,1012.59,5.0,4.01 10:08:29 21/10/19
912,99.9,13.395,1012.81,4.51,4.01 10:13:48 21/10/19
897,99.9,13.41,1012.79,4.95,4.02 10:19:00 21/10/19
909,99.9,13.4,1012.74,5.0,4.02 10:24:16 21/10/19
915,99.9,13.415,1012.77,4.58,4.02 10:29:30 21/10/19
921,99.9,13.415,1012.77,5.0,4.03 10:34:44 21/10/19
908,99.9,13.42,1012.92,4.17,4.06 10:39:58 21/10/19
921,99.9,13.5,1012.98,4.77,4.07 10:45:13 21/10/19
918,99.9,13.525,1013.08,4.23,4.09 10:50:25 21/10/19
916,99.9,13.605,1013.14,4.19,4.09 10:55:39 21/10/19
920,99.9,13.62,1013.25,4.22,4.12 11:00:57 21/10/19
918,99.9,13.71,1013.36,4.23,4.14 11:06:16 21/10/19
922,99.9,13.79,1013.45,4.3,4.16 11:11:30 21/10/19
919,99.9,13.83,1013.52,4.68,4.15 11:16:44 21/10/19
918,99.9,13.915,1013.62,5.0,4.17 11:21:58 21/10/19
912,99.9,13.92,1013.67,4.22,4.15 11:27:12 21/10/19
904,99.9,13.925,1013.8,4.22,4.16 11:32:26 21/10/19
895,99.9,13.93,1013.96,4.25,4.15 11:37:40 21/10/19
901,99.9,13.915,1014.08,4.23,4.15 11:42:54 21/10/19
901,99.9,13.835,1014.21,4.93,4.16 11:48:08 21/10/19
919,99.9,13.82,1014.36,4.88,4.16 11:53:22 21/10/19
924,99.9,13.83,1014.29,5.0,4.17 11:58:36 21/10/19
926,99.9,13.895,1014.32,4.32,4.17 12:03:54 21/10/19
927,99.9,13.895,1014.35,4.26,4.16 12:09:12 21/10/19
924,99.9,13.844999,1014.39,4.31,4.17 12:14:28 21/10/19
929,99.9,13.83,1014.55,5.0,4.14 12:19:40 21/10/19
925,99.9,13.75,1014.62,4.26,4.17 12:24:52 21/10/19
920,99.9,13.75,1014.72,4.38,4.16 12:30:06 21/10/19
922,99.9,13.74,1014.78,5.0,4.16 12:35:22 21/10/19
924,99.9,13.735001,1014.88,5.0,4.14 12:40:36 21/10/19
919,99.9,13.735001,1014.91,4.24,4.13 12:45:48 21/10/19
912,99.9,13.735001,1014.83,5.0,4.15 12:51:09 21/10/19
924,99.9,13.74,1014.9,5.0,4.17 12:56:26 21/10/19
923,99.9,13.755,1015.11,5.0,4.14 13:01:41 21/10/19
919,99.9,13.805,1015.21,4.26,4.16 13:06:55 21/10/19
924,99.9,13.805,1015.25,5.0,4.13 13:12:09 21/10/19
919,99.9,13.745001,1015.18,5.0,4.15 13:17:22 21/10/19
919,99.9,13.805,1015.28,5.0,4.14 13:22:36 21/10/19
909,99.9,13.805,1015.43,5.0,4.13 13:27:50 21/10/19
903,99.9,13.75,1015.43,5.0,4.14 13:33:04 21/10/19
900,99.9,13.75,1015.41,5.0,4.14 13:38:18 21/10/19
911,99.9,13.735001,1015.43,4.89,4.15 13:43:32 21/10/19
916,99.9,13.66,1015.41,5.0,4.14 13:48:46 21/10/19
926,99.9,13.639999,1015.34,4.27,4.16 13:54:00 21/10/19
926,99.9,13.625,1015.55,5.0,4.14 13:59:14 21/10/19
916,99.9,13.53,1015.57,5.0,4.13 14:04:29 21/10/19
910,99.9,13.51,1015.65,4.22,4.16 14:09:43 21/10/19
920,99.9,13.450001,1015.9,5.0,4.13 14:14:57 21/10/19
918,99.9,13.43,1015.84,4.37,4.16 14:20:10 21/10/19
917,99.9,13.434999,1015.87,4.25,4.16 14:25:24 21/10/19
915,99.9,13.450001,1015.92,5.0,4.14 14:30:38 21/10/19
917,99.9,13.51,1015.83,4.22,4.16 14:35:52 21/10/19
927,99.9,13.51,1015.97,5.0,4.15 14:41:09 21/10/19
920,99.9,13.535,1015.84,5.0,4.14 14:46:29 21/10/19
918,99.9,13.535,1015.96,4.85,4.15 14:51:43 21/10/19
926,99.9,13.54,1016.07,4.91,4.16 14:57:01 21/10/19
913,99.9,13.535,1015.95,5.0,4.14 15:02:18 21/10/19
917,99.9,13.525,1015.95,5.0,4.13 15:07:31 21/10/19
920,99.9,13.455,1015.93,5.0,4.16 15:12:46 21/10/19
928,99.9,13.51,1015.96,4.29,4.16 15:18:00 21/10/19
918,99.9,13.465,1015.89,4.31,4.17 15:23:12 21/10/19
925,99.9,13.53,1015.96,5.0,4.13 15:28:29 21/10/19
932,99.9,13.6,1015.95,4.63,4.16 15:33:43 21/10/19
930,99.9,13.610001,1016.02,5.0,4.14 15:38:56 21/10/19
920,99.9,13.605,1016.03,4.46,4.15 15:44:10 21/10/19
927,99.9,13.555,1016.03,5.0,4.14 15:49:24 21/10/19
929,99.9,13.555,1016.17,5.0,4.15 15:54:38 21/10/19
921,99.9,13.610001,1016.15,5.0,4.14 15:59:52 21/10/19
918,99.9,13.555,1016.16,5.0,4.14 16:05:04 21/10/19
921,99.9,13.610001,1016.19,4.38,4.14 16:10:23 21/10/19
923,99.9,13.615,1016.11,5.0,4.15 16:15:43 21/10/19
929,99.9,13.615,1016.13,5.0,4.14 16:20:57 21/10/19
931,99.9,13.615,1016.23,5.0,4.15 16:26:10 21/10/19
925,99.9,13.625,1016.34,5.0,4.15 16:31:24 21/10/19
916,99.9,13.68,1016.37,5.0,4.14 16:36:38 21/10/19
922,99.9,13.625,1016.39,5.0,4.13 16:41:52 21/10/19
928,99.9,13.675,1016.41,4.65,4.13 16:47:10 21/10/19
907,99.9,13.62,1016.45,5.0,4.14 16:52:28 21/10/19
912,99.9,13.62,1016.41,4.57,4.15 16:57:40 21/10/19
915,99.9,13.605,1016.44,5.0,4.16 17:02:54 21/10/19
923,99.9,13.535,1016.33,5.0,4.16 17:08:11 21/10/19
919,99.9,13.59,1016.41,5.0,4.17 17:13:23 21/10/19
919,99.9,13.535,1016.46,5.0,4.16 17:18:38 21/10/19
921,99.9,13.525,1016.51,4.23,4.17 17:23:52 21/10/19
917,99.9,13.514999,1016.57,4.32,4.17 17:29:06 21/10/19
908,99.9,13.514999,1016.47,5.0,4.16 17:34:20 21/10/19
917,99.9,13.51,1016.62,4.26,4.17 17:39:34 21/10/19
915,99.9,13.51,1016.67,5.0,4.16 17:44:51 21/10/19
912,99.9,13.504999,1016.72,5.0,4.16 17:50:11 21/10/19
903,99.9,13.504999,1016.81,4.88,4.15 17:55:23 21/10/19
906,99.9,13.5,1016.85,4.44,4.15 18:00:38 21/10/19
904,99.9,13.445,1016.83,4.5,4.14 18:05:50 21/10/19
902,99.9,13.5,1016.88,4.2,4.13 18:11:06 21/10/19
908,99.9,13.5,1016.82,4.2,4.13 18:16:20 21/10/19
899,99.9,13.504999,1016.83,4.2,4.13 18:21:33 21/10/19
901,99.9,13.5,1016.76,4.2,4.12 18:26:47 21/10/19
903,99.9,13.49,1016.87,3.75,4.12 18:32:02 21/10/19
898,99.9,13.425,1016.93,3.15,4.11 18:37:15 21/10/19
894,99.9,13.425,1017.12,2.6,4.11 18:42:28 21/10/19
904,99.9,13.41,1017.23,1.63,4.1 18:47:43 21/10/19
903,99.9,13.4,1017.32,0.68,4.1 18:52:57 21/10/19
896,99.9,13.405001,1017.45,0.24,4.1 18:58:09 21/10/19
910,99.9,13.4,1017.53,0.12,4.09 19:03:25 21/10/19
915,99.9,13.4,1017.62,0.05,4.09 19:08:40 21/10/19
913,99.9,13.34,1017.67,0.02,4.09 19:13:51 21/10/19
913,99.9,13.34,1017.67,0.01,4.08 19:19:07 21/10/19
913,99.9,13.325,1017.73,0.0,4.08 19:24:21 21/10/19
917,99.9,13.32,1017.79,0.0,4.08 19:29:35 21/10/19
914,99.9,13.309999,1017.8,0.0,4.08 19:34:47 21/10/19
921,99.9,13.305,1017.81,0.0,4.08 19:40:06 21/10/19
922,99.9,13.305,1017.9,0.0,4.07 19:45:25 21/10/19
908,99.9,13.235001,1018.06,0.0,4.07 19:50:39 21/10/19
918,99.9,13.22,1018.07,0.0,4.07 19:55:53 21/10/19
915,99.9,13.22,1018.0,0.0,4.07 20:01:05 21/10/19
920,99.9,13.145,1017.99,0.0,4.06 20:06:24 21/10/19
925,99.9,13.139999,1018.09,0.0,4.06 20:11:48 21/10/19
919,99.9,13.125,1018.17,0.0,4.06 20:17:04 21/10/19
922,99.9,13.110001,1018.15,0.0,4.06 20:22:19 21/10/19
918,99.9,13.1,1018.21,0.0,4.06 20:27:33 21/10/19
921,99.9,13.04,1018.16,0.0,4.06 20:32:48 21/10/19
912,99.9,13.03,1018.19,0.0,4.06 20:38:01 21/10/19
908,99.9,13.025,1018.22,0.0,4.06 20:43:13 21/10/19
912,99.9,13.02,1018.19,0.0,4.05 20:48:32 21/10/19
912,99.9,13.025,1018.19,0.0,4.05 20:53:52 21/10/19
911,99.9,13.025,1018.19,0.0,4.05 20:59:03 21/10/19
920,99.9,13.02,1018.24,0.0,4.05 21:04:19 21/10/19
912,99.9,13.03,1018.33,0.0,4.05 21:09:33 21/10/19
922,99.9,13.04,1018.33,0.0,4.05 21:14:47 21/10/19
915,99.9,13.08,1018.31,0.0,4.05 21:20:00 21/10/19
919,99.9,13.049999,1018.34,0.0,4.04 21:25:14 21/10/19
917,99.9,13.105,1018.43,0.0,4.05 21:30:29 21/10/19
912,99.9,13.105,1018.54,0.0,4.04 21:35:41 21/10/19
921,99.9,13.110001,1018.6,0.0,4.04 21:40:56 21/10/19
920,99.9,13.110001,1018.62,0.0,4.04 21:46:10 21/10/19
917,99.9,13.115,1018.67,0.0,4.04 21:51:24 21/10/19
922,99.9,13.105,1018.63,0.0,4.04 21:56:41 21/10/19
919,99.9,13.1,1018.67,0.0,4.04 22:02:00 21/10/19
916,99.9,13.1,1018.66,0.0,4.04 22:07:14 21/10/19
915,99.9,13.09,1018.8,0.0,4.03 22:12:26 21/10/19
919,99.9,13.085,1018.89,0.0,4.03 22:17:45 21/10/19
887,99.9,13.075,1018.92,0.0,4.03 22:23:02 21/10/19
917,99.9,13.075,1018.98,0.0,4.03 22:28:18 21/10/19
904,99.9,13.02,1018.92,0.0,4.03 22:33:30 21/10/19
910,99.9,13.02,1018.86,0.0,4.03 22:38:49 21/10/19
909,99.9,13.025,1018.84,0.0,4.03 22:44:08 21/10/19
920,99.9,13.02,1018.91,0.0,4.03 22:49:22 21/10/19
913,99.9,13.02,1018.98,0.0,4.03 22:54:36 21/10/19
899,99.9,13.07,1018.93,0.0,4.03 22:59:53 21/10/19
890,99.9,13.025,1018.9,0.0,4.03 23:05:11 21/10/19
916,99.9,13.03,1018.98,0.0,4.03 23:10:26 21/10/19
918,99.9,13.09,1019.06,0.0,4.03 23:15:40 21/10/19
917,99.9,13.094999,1019.07,0.0,4.03 23:20:53 21/10/19
918,99.9,13.03,1019.03,0.0,4.02 23:26:07 21/10/19
914,99.9,13.09,1019.13,0.0,4.03 23:31:20 21/10/19
917,99.9,13.1,1019.24,0.0,4.02 23:36:39 21/10/19
917,99.9,13.105,1019.27,0.0,4.02 23:42:01 21/10/19
898,99.9,13.115,1019.41,0.0,4.02 23:47:18 21/10/19
915,99.9,13.12,1019.42,0.0,4.02 23:52:34 21/10/19
914,99.9,13.12,1019.4,0.0,4.02 23:57:48 21/10/19
