880,99.9,14.295,1006.75,0.0,4.03 00:01:20 24/10/19
888,99.9,14.21,1006.93,0.0,4.02 00:06:36 24/10/19
889,99.9,14.13,1007.14,0.0,4.02 00:11:50 24/10/19
890,99.9,14.04,1007.22,0.0,4.02 00:17:04 24/10/19
887,99.9,13.99,1007.3,0.0,4.02 00:22:18 24/10/19
879,99.9,13.9,1007.23,0.0,4.02 00:27:30 24/10/19
881,99.9,13.809999,1007.37,0.0,4.02 00:32:46 24/10/19
888,99.9,13.725,1007.25,0.0,4.02 00:38:00 24/10/19
876,99.9,13.635,1007.15,0.0,4.02 00:43:14 24/10/19
901,99.9,13.605,1007.11,0.0,4.02 00:48:28 24/10/19
906,99.9,13.52,1007.13,0.0,4.02 00:53:42 24/10/19
900,99.9,13.434999,1006.93,0.0,4.02 00:58:57 24/10/19
899,99.9,13.4,1007.02,0.0,4.02 01:04:10 24/10/19
900,99.9,13.315001,1006.92,0.0,4.01 01:09:22 24/10/19
900,99.9,13.309999,1006.92,0.0,4.02 01:14:36 24/10/19
906,99.9,13.315001,1006.98,0.0,4.01 01:19:52 24/10/19
906,99.9,13.325,1007.0,0.0,4.01 01:25:09 24/10/19
911,99.9,13.395,1007.06,0.0,4.01 01:30:29 24/10/19
905,99.9,13.415,1006.86,0.0,4.01 01:35:42 24/10/19
915,99.9,13.43,1006.66,0.0,4.01 01:40:56 24/10/19
908,99.9,13.51,1006.61,0.0,4.01 01:46:10 24/10/19
906,99.9,13.53,1006.7,0.0,4.01 01:51:22 24/10/19
907,99.9,13.594999,1006.86,0.0,4.01 01:56:38 24/10/19
917,99.9,13.605,1006.87,0.0,4.01 02:01:55 24/10/19
911,99.9,13.615,1006.64,0.0,4.01 02:07:15 24/10/19
912,99.9,13.615,1006.45,0.0,4.01 02:12:29 24/10/19
914,99.9,13.63,1006.47,0.0,4.01 02:17:43 24/10/19
912,99.9,13.63,1006.23,0.0,4.01 02:22:56 24/10/19
916,99.9,13.690001,1006.22,0.0,4.01 02:28:10 24/10/19
916,99.9,13.690001,1006.51,0.0,4.01 02:33:24 24/10/19
930,99.9,13.695,1006.57,0.0,4.0 02:38:38 24/10/19
912,99.9,13.715,1006.39,0.0,4.0 02:43:52 24/10/19
908,99.9,13.735001,1006.15,0.0,4.0 02:49:06 24/10/19
909,99.9,13.799999,1006.04,0.0,4.0 02:54:20 24/10/19
922,99.9,13.799999,1005.97,0.0,4.0 02:59:34 24/10/19
926,99.9,13.795,1005.99,0.0,4.0 03:04:46 24/10/19
906,99.9,13.795,1005.87,0.0,4.0 03:10:02 24/10/19
907,99.9,13.805,1005.75,0.0,4.0 03:15:14 24/10/19
908,99.9,13.805,1005.74,0.0,4.0 03:20:30 24/10/19
921,99.9,13.795,1005.53,0.0,4.0 03:25:47 24/10/19
910,99.9,13.73,1005.71,0.0,4.0 03:31:07 24/10/19
908,99.9,13.71,1005.67,0.0,4.0 03:36:23 24/10/19
910,99.9,13.625,1005.58,0.0,4.0 03:41:42 24/10/19
917,99.9,13.605,1005.6,0.0,4.0 03:46:56 24/10/19
886,99.9,13.535,1005.63,0.0,4.0 03:52:10 24/10/19
912,99.9,13.53,1005.64,0.0,4.0 03:57:24 24/10/19
913,99.9,13.594999,1005.67,0.0,3.99 04:02:38 24/10/19
914,99.9,13.605,1006.07,0.0,4.0 04:07:52 24/10/19
911,99.9,13.690001,1006.17,0.0,3.99 04:13:06 24/10/19
930,99.9,13.725,1006.16,0.0,4.0 04:18:20 24/10/19
920,99.9,13.725,1006.14,0.0,3.99 04:23:34 24/10/19
919,99.9,13.725,1005.77,0.0,3.99 04:28:49 24/10/19
915,99.9,13.705,1005.71,0.0,3.99 04:34:01 24/10/19
914,99.9,13.625,1005.79,0.0,3.99 04:39:17 24/10/19
919,99.9,13.610001,1005.8,0.0,3.99 04:44:30 24/10/19
909,99.9,13.52,1005.78,0.0,3.99 04:49:42 24/10/19
931,99.9,13.43,1005.75,0.0,3.99 04:55:05 24/10/19
933,99.9,13.344999,1005.65,0.0,3.99 05:00:20 24/10/19
917,99.9,13.29,1005.6,0.0,3.99 05:05:34 24/10/19
908,99.9,13.139999,1005.47,0.0,3.99 05:10:49 24/10/19
909,99.9,13.045,1005.31,0.0,3.99 05:16:02 24/10/19
896,99.9,12.945,1005.26,0.0,3.99 05:21:14 24/10/19
907,99.9,12.84,1005.2,0.0,3.99 05:26:30 24/10/19
902,99.9,12.75,1005.32,0.0,3.99 05:31:44 24/10/19
920,99.9,12.66,1005.35,0.0,3.99 05:36:57 24/10/19
907,99.9,12.63,1005.45,0.0,3.99 05:42:11 24/10/19
901,99.9,12.559999,1005.54,0.0,3.99 05:47:26 24/10/19
921,99.9,12.610001,1005.57,0.0,3.99 05:52:37 24/10/19
932,99.9,12.685,1005.51,0.0,3.98 05:57:54 24/10/19
916,99.9,12.71,1005.32,0.0,3.98 06:03:06 24/10/19
901,99.9,12.809999,1005.32,0.0,3.98 06:08:20 24/10/19
903,99.9,12.835,1005.38,0.0,3.98 06:13:35 24/10/19
917,99.9,12.91,1005.34,0.0,3.98 06:18:57 24/10/19
916,99.9,12.99,1005.38,0.0,3.98 06:24:10 24/10/19
913,99.9,13.0,1005.3,0.0,3.98 06:29:24 24/10/19
914,99.9,13.004999,1005.23,0.0,3.98 06:34:39 24/10/19
912,99.9,13.014999,1005.13,0.0,3.98 06:39:52 24/10/19
912,99.9,13.02,1005.19,0.0,3.98 06:45:06 24/10/19
918,99.9,13.04,1005.22,0.0,3.98 06:50:20 24/10/19
903,99.9,13.1,1005.21,0.0,3.98 06:55:37 24/10/19
922,99.9,13.115,1005.24,0.0,3.98 07:00:56 24/10/19
916,99.9,13.12,1005.24,0.0,3.98 07:06:10 24/10/19
917,99.9,13.12,1005.07,0.0,3.98 07:11:24 24/10/19
916,99.9,13.110001,1005.09,0.0,3.98 07:16:41 24/10/19
922,99.9,13.04,1005.12,0.0,3.98 07:22:00 24/10/19
913,99.9,13.01,1005.42,0.0,3.98 07:27:14 24/10/19
918,99.9,12.940001,1005.44,0.01,3.98 07:32:28 24/10/19
911,99.9,12.934999,1005.42,0.03,3.98 07:37:43 24/10/19
905,99.9,12.915,1005.37,0.09,3.98 07:42:54 24/10/19
919,99.9,12.91,1005.43,0.22,3.98 07:48:09 24/10/19
912,99.9,12.905001,1005.37,0.5,3.98 07:53:24 24/10/19
920,99.9,12.9,1005.52,0.92,3.98 07:58:41 24/10/19
911,99.9,12.905001,1005.46,1.54,3.98 08:03:59 24/10/19
915,99.9,12.9,1005.53,2.23,3.97 08:09:13 24/10/19
922,99.9,12.915,1005.58,3.07,3.98 08:14:26 24/10/19
920,99.9,12.92,1005.83,3.98,3.98 08:19:41 24/10/19
923,99.9,12.934999,1005.92,4.35,3.97 08:24:55 24/10/19
937,99.9,13.01,1005.98,4.04,3.97 08:30:12 24/10/19
923,99.9,13.09,1005.79,4.64,3.98 08:35:31 24/10/19
924,99.9,13.105,1005.71,4.64,3.97 08:40:45 24/10/19
928,99.9,13.12,1005.67,4.15,3.98 08:46:01 24/10/19
931,99.9,13.18,1005.72,5.0,3.98 08:51:13 24/10/19
927,99.9,13.15,1005.77,5.0,3.98 08:56:26 24/10/19
928,99.9,13.205,1005.76,4.72,3.98 09:01:40 24/10/19
920,99.9,13.225,1005.83,4.22,3.99 09:06:52 24/10/19
928,99.9,13.29,1005.91,4.32,3.99 09:12:08 24/10/19
927,99.9,13.305,1005.89,5.0,3.98 09:17:23 24/10/19
929,99.9,13.375,1005.74,4.09,3.99 09:22:36 24/10/19
931,99.9,13.405001,1005.73,4.06,3.99 09:27:50 24/10/19
927,99.9,13.43,1005.69,4.63,3.99 09:33:08 24/10/19
927,99.9,13.51,1005.53,4.14,3.99 09:38:26 24/10/19
922,99.9,13.53,1005.44,5.0,3.98 09:43:43 24/10/19
923,99.9,13.6,1005.48,4.11,3.99 09:48:54 24/10/19
911,99.9,13.6,1005.62,4.81,3.98 09:54:07 24/10/19
920,99.9,13.665,1005.7,4.21,3.98 09:59:23 24/10/19
920,99.9,13.685,1005.55,4.65,3.99 10:04:36 24/10/19
937,99.9,13.700001,1005.71,5.0,3.98 10:09:50 24/10/19
935,99.9,13.775,1005.77,5.0,3.99 10:15:02 24/10/19
939,99.9,13.795,1005.69,4.34,4.0 10:20:18 24/10/19
939,99.9,13.875,1005.85,4.07,4.0 10:25:32 24/10/19
940,99.9,13.965,1005.85,4.45,4.0 10:30:44 24/10/19
941,99.9,14.055,1005.83,5.0,4.01 10:36:00 24/10/19
946,99.9,14.115,1005.89,5.0,4.02 10:41:14 24/10/19
946,99.9,14.285,1005.9,4.27,4.01 10:46:26 24/10/19
941,99.9,14.38,1006.06,4.1,4.02 10:51:42 24/10/19
943,99.9,14.485,1006.06,4.08,4.02 10:56:54 24/10/19
936,99.9,14.514999,1006.1,4.1,4.02 11:02:08 24/10/19
944,99.9,14.655001,1006.09,5.0,4.03 11:07:27 24/10/19
942,99.9,14.690001,1005.98,5.0,4.02 11:12:39 24/10/19
938,99.9,14.764999,1005.89,5.0,4.03 11:17:52 24/10/19
941,99.9,14.79,1005.96,4.65,4.04 11:23:07 24/10/19
944,99.9,14.87,1006.04,4.22,4.05 11:28:20 24/10/19
942,99.9,14.95,1006.1,4.39,4.06 11:33:34 24/10/19
943,99.9,14.99,1006.05,5.0,4.07 11:38:49 24/10/19
947,99.9,15.094999,1006.02,4.22,4.08 11:44:03 24/10/19
923,99.9,15.190001,1006.08,5.0,4.08 11:49:24 24/10/19
950,99.9,15.29,1006.04,4.86,4.1 11:54:40 24/10/19
947,99.9,15.395,1006.16,5.0,4.16 11:59:52 24/10/19
951,99.9,15.49,1006.29,4.38,4.2 12:05:09 24/10/19
951,99.9,15.675,1006.26,4.34,4.15 12:10:22 24/10/19
949,99.9,15.855,1006.16,4.22,4.16 12:15:40 24/10/19
946,99.9,15.974999,1006.1,4.29,4.16 12:20:59 24/10/19
947,99.9,16.125,1005.86,4.23,4.17 12:26:14 24/10/19
949,99.9,16.195,1005.83,4.35,4.18 12:31:28 24/10/19
953,99.9,16.435,1005.77,5.0,4.13 12:36:42 24/10/19
950,99.9,16.555,1005.7,4.33,4.16 12:41:57 24/10/19
949,99.9,16.745,1005.8,5.0,4.13 12:47:12 24/10/19
950,99.9,16.915,1005.89,4.26,4.17 12:52:25 24/10/19
951,99.9,17.045,1005.91,4.26,4.18 12:57:40 24/10/19
949,99.9,17.154999,1005.93,5.0,4.14 13:02:54 24/10/19
949,99.9,17.305,1005.93,5.0,4.16 13:08:09 24/10/19
949,99.9,17.36,1005.91,5.0,4.18 13:13:22 24/10/19
949,99.9,17.45,1006.04,5.0,4.14 13:18:38 24/10/19
950,99.9,17.535,1006.03,5.0,4.17 13:23:52 24/10/19
950,99.9,17.645,1005.92,5.0,4.14 13:29:07 24/10/19
956,99.9,17.73,1005.88,5.0,4.22 13:34:23 24/10/19
957,99.9,17.9,1005.97,5.0,4.14 13:39:37 24/10/19
951,99.9,18.015,1005.82,5.0,4.22 13:44:59 24/10/19
953,99.9,18.18,1005.75,5.0,4.14 13:50:14 24/10/19
956,99.9,18.205,1005.73,5.0,4.22 13:55:28 24/10/19
957,99.9,18.32,1005.68,5.0,4.15 14:00:42 24/10/19
957,99.9,18.33,1005.52,5.0,4.14 14:05:58 24/10/19
956,99.9,18.48,1005.54,5.0,4.22 14:11:11 24/10/19
959,99.9,18.67,1005.58,5.0,4.14 14:16:30 24/10/19
959,99.9,18.915,1005.49,5.0,4.21 14:21:52 24/10/19
958,99.9,19.265,1005.49,5.0,4.15 14:27:06 24/10/19
958,99.9,19.39,1005.52,5.0,4.14 14:32:20 24/10/19
957,99.9,19.560001,1005.43,5.0,4.22 14:37:33 24/10/19
958,99.9,19.665,1005.42,5.0,4.14 14:42:53 24/10/19
957,99.9,19.83,1005.26,5.0,4.14 14:48:11 24/10/19
956,99.9,19.869999,1005.28,5.0,4.21 14:53:26 24/10/19
956,99.9,19.96,1005.41,5.0,4.15 14:58:41 24/10/19
953,99.9,19.99,1005.39,5.0,4.21 15:04:06 24/10/19
955,99.9,20.09,1005.4,5.0,4.15 15:09:22 24/10/19
953,99.9,20.085,1005.38,5.0,4.14 15:14:37 24/10/19
952,99.9,20.07,1005.45,5.0,4.13 15:19:51 24/10/19
945,99.9,19.835,1005.64,4.22,4.16 15:25:06 24/10/19
941,99.9,19.57,1005.63,5.0,4.14 15:30:21 24/10/19
954,99.9,19.439999,1005.55,4.3,4.21 15:35:36 24/10/19
948,99.9,19.42,1005.63,5.0,4.14 15:40:50 24/10/19
944,99.9,19.4,1005.58,5.0,4.14 15:46:05 24/10/19
952,99.9,19.32,1005.71,5.0,4.22 15:51:24 24/10/19
949,99.9,19.314999,1005.73,5.0,4.14 15:56:47 24/10/19
948,99.9,19.235,1005.74,4.28,4.17 16:02:07 24/10/19
944,99.9,19.130001,1005.85,4.69,4.17 16:07:25 24/10/19
943,99.9,19.015,1005.61,5.0,4.14 16:12:45 24/10/19
941,99.9,18.835,1005.78,5.0,4.15 16:17:58 24/10/19
942,99.9,18.715,1005.75,5.0,4.14 16:23:14 24/10/19
944,99.9,18.555,1005.86,5.0,4.16 16:28:30 24/10/19
936,99.9,18.46,1005.9,5.0,4.14 16:33:44 24/10/19
923,99.9,18.425,1005.85,5.0,4.1 16:38:59 24/10/19
934,99.9,18.365,1005.92,4.23,4.17 16:44:14 24/10/19
932,99.9,18.42,1005.99,5.0,4.14 16:49:28 24/10/19
935,99.9,18.415,1006.02,5.0,4.14 16:54:43 24/10/19
932,99.9,18.34,1006.14,4.21,4.15 16:59:55 24/10/19
932,99.9,18.325,1006.07,5.0,4.15 17:05:12 24/10/19
935,99.9,18.275002,1006.09,5.0,4.14 17:10:26 24/10/19
934,99.9,18.26,1006.09,5.0,4.16 17:15:41 24/10/19
939,99.9,18.325,1006.21,5.0,4.14 17:20:56 24/10/19
944,99.9,18.349998,1006.29,4.94,4.16 17:26:14 24/10/19
934,99.9,18.355,1006.08,5.0,4.14 17:31:36 24/10/19
933,99.9,18.345,1006.1,4.38,4.14 17:36:48 24/10/19
933,99.9,18.34,1006.28,5.0,4.14 17:42:03 24/10/19
934,99.9,18.19,1006.26,4.18,4.14 17:47:22 24/10/19
939,99.9,18.17,1006.34,5.0,4.15 17:52:41 24/10/19
936,99.9,18.075,1006.57,5.0,4.17 17:57:55 24/10/19
926,99.9,17.970001,1006.67,5.0,4.17 18:03:09 24/10/19
931,99.9,17.915,1006.78,5.0,4.17 18:08:26 24/10/19
936,99.9,17.865,1006.81,4.89,4.17 18:13:39 24/10/19
935,99.9,17.795,1007.06,4.98,4.16 18:18:54 24/10/19
931,99.9,17.76,1007.17,4.36,4.15 18:24:08 24/10/19
930,99.9,17.67,1007.23,4.24,4.15 18:29:21 24/10/19
923,99.9,17.605,1007.21,4.25,4.14 18:34:39 24/10/19
919,99.9,17.57,1007.22,3.11,4.13 18:39:52 24/10/19
922,99.9,17.55,1007.28,1.68,4.13 18:45:07 24/10/19
912,99.9,17.474998,1007.23,0.73,4.13 18:50:20 24/10/19
914,99.9,17.46,1007.27,0.71,4.12 18:55:38 24/10/19
920,99.9,17.445,1007.36,0.29,4.11 19:00:51 24/10/19
930,99.9,17.4,1007.44,0.1,4.11 19:06:05 24/10/19
916,99.9,17.375,1007.43,0.03,4.1 19:11:27 24/10/19
906,99.9,17.310001,1007.56,0.0,4.1 19:16:40 24/10/19
923,99.9,17.27,1007.59,0.0,4.1 19:21:57 24/10/19
922,99.9,17.195,1007.66,0.0,4.1 19:27:11 24/10/19
931,99.9,17.11,1007.68,0.0,4.09 19:32:26 24/10/19
914,99.9,17.085,1007.86,0.0,4.09 19:37:38 24/10/19
921,99.9,17.055,1007.91,0.0,4.09 19:42:55 24/10/19
917,99.9,16.915,1008.0,0.0,4.08 19:48:10 24/10/19
922,99.9,16.884998,1007.96,0.0,4.08 19:53:23 24/10/19
914,99.9,16.815,1007.95,0.0,4.08 19:58:36 24/10/19
916,99.9,16.8,1008.05,0.0,4.08 20:03:52 24/10/19
927,99.9,16.775002,1008.06,0.0,4.08 20:09:07 24/10/19
928,99.9,16.71,1008.15,0.0,4.08 20:14:21 24/10/19
915,99.9,16.68,1008.27,0.0,4.07 20:19:35 24/10/19
916,99.9,16.6,1008.28,0.0,4.07 20:24:51 24/10/19
916,99.9,16.57,1008.26,0.0,4.07 20:30:04 24/10/19
915,99.9,16.485,1008.48,0.0,4.07 20:35:19 24/10/19
929,99.9,16.41,1008.6,0.0,4.07 20:40:33 24/10/19
930,99.9,16.385,1008.75,0.0,4.07 20:45:48 24/10/19
930,99.9,16.32,1008.7,0.0,4.06 20:51:02 24/10/19
928,99.9,16.31,1008.81,0.0,4.06 20:56:14 24/10/19
934,99.9,16.225,1008.91,0.0,4.06 21:01:34 24/10/19
933,99.9,16.215,1009.06,0.0,4.06 21:06:54 24/10/19
930,99.9,16.21,1009.1,0.0,4.06 21:12:08 24/10/19
934,99.9,16.21,1009.22,0.0,4.06 21:17:26 24/10/19
936,99.9,16.205,1009.27,0.0,4.05 21:22:46 24/10/19
936,99.9,16.14,1009.35,0.0,4.05 21:27:59 24/10/19
936,99.9,16.115,1009.49,0.0,4.05 21:33:14 24/10/19
935,99.9,16.1,1009.51,0.0,4.05 21:38:29 24/10/19
935,99.9,16.09,1009.48,0.0,4.05 21:43:46 24/10/19
935,99.9,16.09,1009.51,0.0,4.05 21:49:05 24/10/19
934,99.9,16.09,1009.5,0.0,4.05 21:54:19 24/10/19
935,99.9,16.095001,1009.54,0.0,4.05 21:59:34 24/10/19
929,99.9,16.1,1009.6,0.0,4.04 22:04:51 24/10/19
928,99.9,16.165,1009.59,0.0,4.05 22:10:16 24/10/19
923,99.9,16.165,1009.65,0.0,4.04 22:15:34 24/10/19
915,99.9,16.11,1009.64,0.0,4.04 22:20:49 24/10/19
924,99.9,16.1,1009.68,0.0,4.04 22:26:02 24/10/19
896,99.9,16.095001,1009.78,0.0,4.04 22:31:17 24/10/19
913,99.9,16.02,1009.92,0.0,4.04 22:36:32 24/10/19
895,99.9,15.985,1009.99,0.0,4.04 22:41:45 24/10/19
896,99.9,15.955,1010.02,0.0,4.03 22:47:00 24/10/19
886,99.9,15.879999,1010.03,0.0,4.03 22:52:14 24/10/19
888,99.9,15.799999,1010.14,0.0,4.04 22:57:28 24/10/19
888,99.9,15.715,1010.23,0.0,4.03 23:02:46 24/10/19
887,99.9,15.685,1010.45,0.0,4.03 23:08:05 24/10/19
881,99.9,15.61,1010.45,0.0,4.03 23:13:23 24/10/19
889,99.9,15.650001,1010.5,0.0,4.03 23:18:42 24/10/19
879,99.9,15.595,1010.53,0.0,4.03 23:23:56 24/10/19
891,99.9,15.595,1010.67,0.0,4.03 23:29:09 24/10/19
897,99.9,15.62,1010.75,0.0,4.03 23:34:26 24/10/19
892,99.9,15.68,1010.8,0.0,4.03 23:39:39 24/10/19
892,99.9,15.685,1010.81,0.0,4.03 23:44:53 24/10/19
896,99.9,15.7,1010.79,0.0,4.03 23:50:08 24/10/19
921,99.9,15.71,1010.84,0.0,4.03 23:55:23 24/10/19
