931,99.9,18.075,1010.45,0.0,4.01 00:03:32 27/10/19
931,99.9,18.135,1010.56,0.0,4.01 00:08:44 27/10/19
925,99.9,18.150002,1010.7,0.0,4.01 00:14:03 27/10/19
932,99.9,18.150002,1010.71,0.0,4.01 00:19:23 27/10/19
931,99.9,18.165,1010.86,0.0,4.01 00:24:38 27/10/19
928,99.9,18.18,1011.05,0.0,4.01 00:29:56 27/10/19
927,99.9,18.1,1011.24,0.0,4.01 00:35:15 27/10/19
927,99.9,17.939999,1011.43,0.0,4.01 00:40:29 27/10/19
926,99.9,17.74,1011.46,0.0,4.01 00:45:45 27/10/19
923,99.9,17.49,1011.46,0.0,4.0 00:51:03 27/10/19
935,99.9,17.380001,1011.46,0.0,4.0 00:56:22 27/10/19
933,99.9,17.25,1011.55,0.0,4.01 01:01:36 27/10/19
932,99.9,17.154999,1011.52,0.0,4.0 01:06:51 27/10/19
931,99.9,17.045,1011.46,0.0,4.0 01:12:05 27/10/19
929,99.9,17.0,1011.42,0.0,4.0 01:17:20 27/10/19
933,99.9,16.855,1011.42,0.0,4.0 01:22:34 27/10/19
933,99.9,16.815,1011.43,0.0,4.0 01:27:47 27/10/19
932,99.9,16.720001,1011.53,0.0,4.0 01:33:04 27/10/19
932,99.9,16.66,1011.56,0.0,4.0 01:38:18 27/10/19
932,99.9,16.575,1011.56,0.0,4.0 01:43:30 27/10/19
932,99.9,16.555,1011.53,0.0,4.0 01:48:46 27/10/19
932,99.9,16.529999,1011.54,0.0,4.0 01:53:59 27/10/19
931,99.9,16.51,1011.54,0.0,4.0 01:59:16 27/10/19
926,99.9,16.44,1011.62,0.0,4.0 02:04:29 27/10/19
928,99.9,16.43,1011.74,0.0,4.0 02:09:42 27/10/19
928,99.9,16.415,1011.73,0.0,4.0 02:14:58 27/10/19
926,99.9,16.365,1011.89,0.0,4.0 02:20:16 27/10/19
927,99.9,16.415,1011.92,0.0,4.0 02:25:36 27/10/19
925,99.9,16.4,1012.0,0.0,4.0 02:30:50 27/10/19
929,99.9,16.345,1012.1,0.0,4.0 02:36:02 27/10/19
926,99.9,16.335,1012.23,0.0,3.99 02:41:20 27/10/19
925,99.9,16.275002,1012.27,0.0,3.99 02:46:34 27/10/19
925,99.9,16.265,1012.31,0.0,4.0 02:51:47 27/10/19
927,99.9,16.25,1012.34,0.0,3.99 02:57:02 27/10/19
929,99.9,16.235,1012.19,0.0,3.99 02:02:15 27/10/19
929,99.9,16.220001,1012.21,0.0,3.99 02:07:30 27/10/19
931,99.9,16.21,1012.65,0.0,3.99 02:12:45 27/10/19
930,99.9,16.055,1012.66,0.0,3.99 02:17:59 27/10/19
930,99.9,15.960001,1012.79,0.0,3.99 02:23:13 27/10/19
930,99.9,15.815001,1012.84,0.0,3.99 02:28:28 27/10/19
930,99.9,15.585,1013.16,0.0,3.99 02:33:41 27/10/19
930,99.9,15.395,1013.14,0.0,3.99 02:38:56 27/10/19
930,99.9,15.085,1013.32,0.0,3.99 02:44:14 27/10/19
928,99.9,14.875,1013.41,0.0,3.99 02:49:33 27/10/19
929,99.9,14.684999,1013.45,0.0,3.99 02:54:47 27/10/19
929,99.9,14.505,1013.64,0.0,3.99 03:00:02 27/10/19
928,99.9,14.38,1013.62,0.0,3.99 03:05:15 27/10/19
928,99.9,14.255,1013.84,0.0,3.99 03:10:28 27/10/19
925,99.9,14.08,1014.01,0.0,3.99 03:15:44 27/10/19
925,99.9,13.87,1014.04,0.0,3.98 03:20:58 27/10/19
923,99.9,13.76,1014.12,0.0,3.98 03:26:16 27/10/19
931,99.9,13.66,1014.15,0.0,3.98 03:31:34 27/10/19
932,99.9,13.565,1014.37,0.0,3.98 03:36:48 27/10/19
932,99.9,13.475,1014.41,0.0,3.98 03:42:03 27/10/19
931,99.9,13.285,1014.49,0.0,3.98 03:47:17 27/10/19
931,99.9,13.25,1014.71,0.0,3.98 03:52:28 27/10/19
928,99.9,13.16,1014.92,0.0,3.98 03:57:44 27/10/19
931,99.9,13.049999,1015.05,0.0,3.98 04:02:56 27/10/19
931,99.9,12.87,1015.17,0.0,3.98 04:08:12 27/10/19
932,99.9,12.690001,1015.23,0.0,3.98 04:13:26 27/10/19
932,99.9,12.585,1015.36,0.0,3.98 04:18:39 27/10/19
927,99.9,12.549999,1015.31,0.0,3.98 04:23:53 27/10/19
931,99.9,12.450001,1015.35,0.0,3.98 04:29:05 27/10/19
931,99.9,12.295,1015.44,0.0,3.98 04:34:21 27/10/19
930,99.9,12.25,1015.43,0.0,3.97 04:39:38 27/10/19
932,99.9,12.165,1015.6,0.0,3.98 04:44:57 27/10/19
932,99.9,12.115,1015.65,0.0,3.98 04:50:10 27/10/19
931,99.9,11.965,1015.77,0.0,3.98 04:55:24 27/10/19
927,99.9,11.934999,1015.94,0.0,3.97 05:00:39 27/10/19
928,99.9,11.860001,1016.07,0.0,3.97 05:05:52 27/10/19
932,99.9,11.825,1016.21,0.0,3.97 05:11:05 27/10/19
932,99.9,11.809999,1016.25,0.0,3.97 05:16:19 27/10/19
932,99.9,11.745001,1016.19,0.0,3.97 05:21:33 27/10/19
932,99.9,11.735001,1016.24,0.0,3.97 05:26:48 27/10/19
932,99.9,11.725,1016.36,0.0,3.97 05:32:00 27/10/19
932,99.9,11.705,1016.47,0.0,3.97 05:37:13 27/10/19
932,99.9,11.71,1016.5,0.0,3.97 05:42:30 27/10/19
930,99.9,11.65,1016.46,0.0,3.97 05:47:41 27/10/19
931,99.9,11.645,1016.52,0.0,3.97 05:52:55 27/10/19
928,99.9,11.639999,1016.68,0.0,3.97 05:58:17 27/10/19
929,99.9,11.639999,1016.76,0.0,3.97 06:03:32 27/10/19
929,99.9,11.63,1016.82,0.0,3.97 06:08:45 27/10/19
928,99.9,11.62,1016.88,0.0,3.97 06:13:58 27/10/19
930,99.9,11.610001,1016.95,0.0,3.97 06:19:13 27/10/19
929,99.9,11.594999,1016.98,0.0,3.97 06:24:26 27/10/19
921,99.9,11.53,1017.0,0.0,3.97 06:29:39 27/10/19
931,99.9,11.53,1017.24,0.0,3.97 06:34:54 27/10/19
928,99.9,11.51,1017.29,0.0,3.97 06:40:07 27/10/19
928,99.9,11.450001,1017.41,0.03,3.97 06:45:20 27/10/19
927,99.9,11.415,1017.48,0.08,3.97 06:50:35 27/10/19
931,99.9,11.280001,1017.55,0.23,3.97 06:55:48 27/10/19
931,99.9,11.175,1017.65,0.49,3.97 07:01:01 27/10/19
929,99.9,11.139999,1017.76,0.94,3.97 07:06:15 27/10/19
930,99.9,11.12,1017.84,1.81,3.96 07:11:32 27/10/19
932,99.9,11.049999,1017.86,2.61,3.96 07:16:51 27/10/19
932,99.9,11.04,1018.09,3.11,3.97 07:22:02 27/10/19
932,99.9,11.014999,1018.17,3.49,3.96 07:27:18 27/10/19
926,99.9,11.004999,1018.34,4.06,3.97 07:32:32 27/10/19
933,99.9,10.945,1018.48,4.08,3.96 07:37:46 27/10/19
929,99.9,10.93,1018.45,4.45,3.97 07:42:59 27/10/19
932,99.9,10.92,1018.49,4.29,3.96 07:48:12 27/10/19
930,99.9,10.91,1018.53,4.77,3.97 07:53:26 27/10/19
937,99.9,10.844999,1018.73,5.0,3.97 07:58:39 27/10/19
936,99.9,10.83,1018.86,4.17,3.97 08:03:54 27/10/19
937,99.9,10.83,1018.84,4.46,3.96 08:09:07 27/10/19
938,99.9,10.83,1018.97,5.0,3.97 08:14:20 27/10/19
938,99.9,10.82,1019.06,4.37,3.97 08:19:34 27/10/19
938,99.9,10.83,1019.24,4.15,3.98 08:24:46 27/10/19
939,99.9,10.825,1019.37,4.87,3.98 08:30:10 27/10/19
940,99.9,10.835,1019.34,5.0,3.98 08:35:24 27/10/19
937,99.9,10.835,1019.38,5.0,3.99 08:40:35 27/10/19
934,99.9,10.835,1019.48,4.14,3.99 08:45:50 27/10/19
941,99.9,10.905001,1019.49,5.0,3.98 08:51:04 27/10/19
940,99.9,10.91,1019.48,5.0,3.99 08:56:17 27/10/19
939,99.9,10.915,1019.57,5.0,4.0 09:01:31 27/10/19
943,99.9,10.92,1019.64,5.0,4.01 09:06:46 27/10/19
944,99.9,10.925,1019.66,5.0,4.02 09:11:58 27/10/19
945,99.9,10.934999,1019.77,4.18,4.03 09:17:12 27/10/19
945,99.9,11.004999,1019.74,4.17,4.05 09:22:25 27/10/19
945,99.9,11.03,1019.86,4.22,4.05 09:27:39 27/10/19
945,99.9,11.049999,1020.0,5.0,4.06 09:32:53 27/10/19
942,99.9,11.125,1020.15,5.0,4.07 09:38:04 27/10/19
946,99.9,11.145,1020.26,4.47,4.07 09:43:18 27/10/19
944,99.9,11.16,1020.13,4.14,4.06 09:48:33 27/10/19
945,99.9,11.215,1020.17,4.18,4.1 09:53:48 27/10/19
945,99.9,11.285,1020.16,4.32,4.12 09:59:01 27/10/19
943,99.9,11.365,1020.01,4.33,4.17 10:04:14 27/10/19
943,99.9,11.425,1020.16,4.76,4.18 10:09:28 27/10/19
939,99.9,11.53,1020.06,5.0,4.14 10:14:42 27/10/19
944,99.9,11.549999,1020.11,4.26,4.15 10:19:55 27/10/19
932,99.9,11.605,1020.17,4.29,4.15 10:25:09 27/10/19
945,99.9,11.565,1020.13,5.0,4.15 10:30:27 27/10/19
946,99.9,11.62,1020.18,4.31,4.17 10:35:45 27/10/19
945,99.9,11.63,1020.23,5.0,4.15 10:40:58 27/10/19
944,99.9,11.65,1020.1,5.0,4.12 10:46:12 27/10/19
944,99.9,11.67,1020.11,4.36,4.16 10:51:24 27/10/19
944,99.9,11.74,1020.07,4.97,4.15 10:56:41 27/10/19
945,99.9,11.809999,1020.25,4.43,4.16 11:01:53 27/10/19
946,99.9,11.755,1020.18,5.0,4.16 11:07:08 27/10/19
946,99.9,11.799999,1020.26,4.32,4.17 11:12:21 27/10/19
947,99.9,11.809999,1020.41,5.0,4.18 11:17:34 27/10/19
946,99.9,11.825,1020.4,4.28,4.17 11:22:49 27/10/19
942,99.9,11.83,1020.48,4.28,4.17 11:28:02 27/10/19
947,99.9,11.84,1020.46,5.0,4.13 11:33:15 27/10/19
948,99.9,11.844999,1020.51,4.28,4.18 11:38:29 27/10/19
948,99.9,11.905001,1020.64,4.28,4.19 11:43:46 27/10/19
949,99.9,11.925,1020.61,4.28,4.2 11:48:57 27/10/19
949,99.9,12.01,1020.69,5.0,4.13 11:54:11 27/10/19
949,99.9,12.03,1020.64,5.0,4.18 11:59:24 27/10/19
948,99.9,12.110001,1020.56,5.0,4.17 12:04:37 27/10/19
948,99.9,12.115,1020.62,4.78,4.17 12:09:52 27/10/19
948,99.9,12.105,1020.63,4.28,4.17 12:15:05 27/10/19
949,99.9,12.04,1020.74,5.0,4.14 12:20:19 27/10/19
949,99.9,12.035,1020.72,4.38,4.16 12:25:32 27/10/19
931,99.9,12.110001,1020.81,4.28,4.18 12:30:47 27/10/19
937,99.9,12.125,1020.7,5.0,4.14 12:36:01 27/10/19
938,99.9,12.18,1020.83,4.47,4.17 12:41:12 27/10/19
935,99.9,12.139999,1020.71,4.35,4.17 12:46:33 27/10/19
937,99.9,12.200001,1020.72,4.25,4.17 12:51:50 27/10/19
942,99.9,12.205,1020.67,5.0,4.16 12:57:13 27/10/19
946,99.9,12.22,1020.66,4.31,4.17 13:02:26 27/10/19
936,99.9,12.26,1020.67,4.96,4.16 13:07:41 27/10/19
946,99.9,12.275,1020.66,4.22,4.15 13:12:54 27/10/19
950,99.9,12.225,1020.69,4.26,4.17 13:18:08 27/10/19
949,99.9,12.215,1020.71,5.0,4.17 13:23:21 27/10/19
950,99.9,12.16,1020.69,5.0,4.17 13:28:35 27/10/19
950,99.9,12.200001,1020.72,5.0,4.14 13:33:49 27/10/19
951,99.9,12.225,1020.73,4.39,4.18 13:39:03 27/10/19
950,99.9,12.309999,1020.67,4.28,4.19 13:44:24 27/10/19
950,99.9,12.425,1020.6,4.29,4.19 13:49:39 27/10/19
943,99.9,12.514999,1020.61,5.0,4.14 13:54:53 27/10/19
938,99.9,12.52,1020.7,4.39,4.19 14:00:05 27/10/19
937,99.9,12.53,1020.67,5.0,4.14 14:05:20 27/10/19
937,99.9,12.575,1020.69,4.43,4.2 14:10:32 27/10/19
936,99.9,12.525,1020.68,5.0,4.14 14:15:48 27/10/19
936,99.9,12.52,1020.67,4.23,4.18 14:21:02 27/10/19
935,99.9,12.51,1020.68,5.0,4.17 14:26:18 27/10/19
934,99.9,12.504999,1020.7,5.0,4.14 14:31:29 27/10/19
934,99.9,12.504999,1020.79,5.0,4.13 14:36:43 27/10/19
934,99.9,12.504999,1020.8,4.23,4.17 14:41:58 27/10/19
934,99.9,12.51,1020.85,4.26,4.17 14:47:11 27/10/19
933,99.9,12.565001,1020.91,5.0,4.13 14:52:25 27/10/19
933,99.9,12.57,1020.87,4.26,4.17 14:57:39 27/10/19
929,99.9,12.514999,1020.86,5.0,4.14 15:02:52 27/10/19
935,99.9,12.514999,1020.9,5.0,4.17 15:08:06 27/10/19
931,99.9,12.51,1020.93,4.32,4.17 15:13:20 27/10/19
930,99.9,12.495,1020.76,5.0,4.16 15:18:34 27/10/19
933,99.9,12.475,1020.79,4.32,4.18 15:23:51 27/10/19
930,99.9,12.5,1020.82,5.0,4.14 15:29:10 27/10/19
929,99.9,12.504999,1020.9,5.0,4.15 15:34:24 27/10/19
929,99.9,12.565001,1020.88,4.28,4.17 15:39:38 27/10/19
928,99.9,12.59,1020.86,5.0,4.13 15:44:50 27/10/19
928,99.9,12.6,1020.9,4.21,4.15 15:50:03 27/10/19
928,99.9,12.585,1020.84,5.0,4.14 15:55:18 27/10/19
926,99.9,12.51,1021.0,4.29,4.15 16:00:33 27/10/19
928,99.9,12.5,1020.93,5.0,4.15 16:05:46 27/10/19
927,99.9,12.434999,1021.05,5.0,4.14 16:11:00 27/10/19
926,99.9,12.41,1021.08,4.18,4.14 16:16:14 27/10/19
925,99.9,12.309999,1021.05,5.0,4.15 16:21:29 27/10/19
923,99.9,12.16,1021.07,4.75,4.17 16:26:46 27/10/19
925,99.9,12.110001,1021.04,5.0,4.15 16:32:05 27/10/19
925,99.9,12.055,1021.05,5.0,4.14 16:37:18 27/10/19
925,99.9,11.915,1021.04,4.46,4.16 16:42:35 27/10/19
921,99.9,11.815001,1021.05,5.0,4.14 16:47:54 27/10/19
925,99.9,11.705,1020.94,5.0,4.14 16:53:08 27/10/19
939,99.9,11.605,1021.11,5.0,4.14 16:58:21 27/10/19
938,99.9,11.440001,1021.1,4.2,4.14 17:03:33 27/10/19
938,99.9,11.315001,1021.13,5.0,4.13 17:08:50 27/10/19
938,99.9,11.139999,1021.1,4.71,4.13 17:14:02 27/10/19
937,99.9,11.004999,1021.15,4.34,4.12 17:19:14 27/10/19
937,99.9,10.815001,1021.13,4.2,4.12 17:24:29 27/10/19
937,99.9,10.62,1021.21,3.89,4.11 17:29:46 27/10/19
936,99.9,10.485,1021.19,3.17,4.11 17:34:57 27/10/19
936,99.9,10.24,1021.36,2.14,4.1 17:40:11 27/10/19
936,99.9,10.094999,1021.36,1.2,4.09 17:45:25 27/10/19
936,99.9,9.92,1021.45,0.57,4.1 17:50:38 27/10/19
936,99.9,9.79,1021.62,0.24,4.09 17:55:51 27/10/19
935,99.9,9.610001,1021.57,0.1,4.09 18:01:02 27/10/19
935,99.9,9.434999,1021.62,0.03,4.08 18:06:17 27/10/19
935,99.9,9.315001,1021.63,0.0,4.08 18:11:31 27/10/19
935,99.9,9.195,1021.75,0.0,4.07 18:16:44 27/10/19
936,99.9,9.085,1021.75,0.0,4.07 18:21:58 27/10/19
936,99.9,8.93,1021.75,0.0,4.07 18:27:11 27/10/19
936,99.9,8.805,1021.78,0.0,4.07 18:32:24 27/10/19
935,99.9,8.700001,1021.83,0.0,4.06 18:37:38 27/10/19
935,99.9,8.6,1021.87,0.0,4.06 18:42:51 27/10/19
935,99.9,8.5,1021.95,0.0,4.06 18:48:05 27/10/19
936,99.9,8.395,1021.91,0.0,4.06 18:53:17 27/10/19
936,99.9,8.245,1022.04,0.0,4.06 18:58:31 27/10/19
930,99.9,8.139999,1022.11,0.0,4.06 19:03:44 27/10/19
935,99.9,8.1,1022.29,0.0,4.05 19:08:57 27/10/19
