908,99.9,7.83,1021.3,0.0,4.0 00:00:36 29/10/19
910,99.9,7.81,1021.3,0.0,4.0 00:05:50 29/10/19
909,99.9,7.79,1021.29,0.0,4.0 00:11:03 29/10/19
910,99.9,7.7200003,1021.32,0.0,3.99 00:16:16 29/10/19
909,99.9,7.715,1021.31,0.0,4.0 00:21:28 29/10/19
907,99.9,7.71,1021.27,0.0,3.99 00:26:42 29/10/19
909,99.9,7.6949997,1021.31,0.0,4.0 00:31:55 29/10/19
910,99.9,7.6949997,1021.3,0.0,3.99 00:37:09 29/10/19
909,99.9,7.6899996,1021.26,0.0,3.99 00:42:22 29/10/19
908,99.9,7.6899996,1021.28,0.0,3.99 00:47:35 29/10/19
904,99.9,7.7,1021.29,0.0,3.99 00:52:49 29/10/19
905,99.9,7.6949997,1021.24,0.0,3.99 00:58:01 29/10/19
909,99.9,7.6899996,1021.21,0.0,3.99 01:03:14 29/10/19
908,99.9,7.635,1021.17,0.0,3.99 01:08:28 29/10/19
909,99.9,7.6800003,1021.18,0.0,3.99 01:13:41 29/10/19
909,99.9,7.63,1021.19,0.0,3.99 01:18:54 29/10/19
910,99.9,7.61,1021.24,0.0,3.99 01:24:06 29/10/19
911,99.9,7.605,1021.2,0.0,3.99 01:29:20 29/10/19
911,99.9,7.595,1021.28,0.0,3.99 01:34:33 29/10/19
911,99.9,7.595,1021.26,0.0,3.99 01:39:47 29/10/19
911,99.9,7.585,1021.19,0.0,3.99 01:45:00 29/10/19
911,99.9,7.595,1021.35,0.0,3.99 01:50:13 29/10/19
911,99.9,7.54,1021.3,0.0,3.98 01:55:27 29/10/19
911,99.9,7.59,1021.33,0.0,3.98 02:00:39 29/10/19
910,99.9,7.585,1021.31,0.0,3.98 02:05:52 29/10/19
909,99.9,7.585,1021.32,0.0,3.99 02:11:05 29/10/19
910,99.9,7.5200005,1021.31,0.0,3.98 02:16:19 29/10/19
910,99.9,7.5200005,1021.34,0.0,3.98 02:21:32 29/10/19
910,99.9,7.5150003,1021.3,0.0,3.98 02:26:45 29/10/19
909,99.9,7.505,1021.4,0.0,3.98 02:31:57 29/10/19
909,99.9,7.5,1021.4,0.0,3.98 02:37:11 29/10/19
910,99.9,7.49,1021.42,0.0,3.98 02:42:24 29/10/19
908,99.9,7.49,1021.59,0.0,3.98 02:47:37 29/10/19
908,99.9,7.49,1021.49,0.0,3.98 02:52:54 29/10/19
910,99.9,7.49,1021.45,0.0,3.98 02:58:12 29/10/19
910,99.9,7.425,1021.3,0.0,3.98 03:03:24 29/10/19
909,99.9,7.4300003,1021.18,0.0,3.98 03:08:39 29/10/19
908,99.9,7.425,1021.27,0.0,3.98 03:13:52 29/10/19
908,99.9,7.42,1021.31,0.0,3.98 03:19:05 29/10/19
907,99.9,7.42,1021.14,0.0,3.98 03:24:18 29/10/19
909,99.9,7.4100003,1021.15,0.0,3.98 03:29:30 29/10/19
909,99.9,7.4100003,1021.08,0.0,3.98 03:34:44 29/10/19
908,99.9,7.4100003,1021.21,0.0,3.97 03:39:57 29/10/19
907,99.9,7.405,1021.1,0.0,3.97 03:45:14 29/10/19
910,99.9,7.4100003,1021.25,0.0,3.97 03:50:33 29/10/19
909,99.9,7.405,1021.23,0.0,3.97 03:55:45 29/10/19
912,99.9,7.4,1021.39,0.0,3.97 04:00:57 29/10/19
901,99.9,7.395,1021.39,0.0,3.97 04:06:12 29/10/19
913,99.9,7.3900003,1021.4,0.0,3.97 04:11:28 29/10/19
913,99.9,7.395,1021.31,0.0,3.97 04:16:46 29/10/19
913,99.9,7.395,1021.38,0.0,3.97 04:21:59 29/10/19
912,99.9,7.395,1021.52,0.0,3.97 04:27:12 29/10/19
910,99.9,7.395,1021.5,0.0,3.97 04:32:34 29/10/19
911,99.9,7.405,1021.5,0.0,3.97 04:37:47 29/10/19
912,99.9,7.395,1021.43,0.0,3.97 04:43:00 29/10/19
909,99.9,7.395,1021.48,0.0,3.97 04:48:17 29/10/19
909,99.9,7.385,1021.52,0.0,3.97 04:53:36 29/10/19
909,99.9,7.3199997,1021.6,0.0,3.97 04:58:48 29/10/19
910,99.9,7.31,1021.62,0.0,3.97 05:04:01 29/10/19
910,99.9,7.295,1021.69,0.0,3.97 05:09:15 29/10/19
912,99.9,7.2200003,1021.72,0.0,3.97 05:14:28 29/10/19
911,99.9,7.1400003,1021.66,0.0,3.97 05:19:41 29/10/19
911,99.9,7.125,1021.64,0.0,3.97 05:24:54 29/10/19
911,99.9,7.115,1021.69,0.0,3.97 05:30:05 29/10/19
912,99.9,7.09,1021.67,0.0,3.97 05:35:21 29/10/19
911,99.9,7.08,1021.7,0.0,3.97 05:40:31 29/10/19
912,99.9,7.025,1021.67,0.0,3.97 05:45:46 29/10/19
911,99.9,7.02,1021.71,0.0,3.97 05:50:59 29/10/19
910,99.9,7.02,1021.72,0.0,3.96 05:56:12 29/10/19
910,99.9,7.0699997,1021.71,0.0,3.96 06:01:25 29/10/19
907,99.9,7.025,1021.67,0.0,3.96 06:06:39 29/10/19
907,99.9,7.02,1021.84,0.0,3.96 06:11:50 29/10/19
906,99.9,7.01,1021.78,0.0,3.97 06:17:03 29/10/19
908,99.9,7.005,1021.83,0.0,3.96 06:22:18 29/10/19
910,99.9,6.99,1021.83,0.0,3.96 06:27:31 29/10/19
909,99.9,6.98,1021.94,0.0,3.96 06:32:44 29/10/19
910,99.9,6.92,1022.01,0.0,3.96 06:37:58 29/10/19
910,99.9,6.91,1021.98,0.01,3.96 06:43:11 29/10/19
909,99.9,6.9,1021.86,0.05,3.96 06:48:22 29/10/19
908,99.9,6.895,1021.96,0.15,3.96 06:53:36 29/10/19
911,99.9,6.83,1021.99,0.4,3.96 06:58:49 29/10/19
912,99.9,6.8199997,1021.99,0.91,3.96 07:04:02 29/10/19
912,99.9,6.87,1022.08,1.7,3.96 07:09:15 29/10/19
912,99.9,6.81,1022.24,2.57,3.96 07:14:28 29/10/19
913,99.9,6.81,1022.31,3.49,3.96 07:19:41 29/10/19
914,99.9,6.81,1022.39,3.96,3.96 07:24:55 29/10/19
915,99.9,6.8,1022.34,4.03,3.96 07:30:07 29/10/19
916,99.9,6.8,1022.32,4.68,3.96 07:35:21 29/10/19
917,99.9,6.79,1022.45,4.04,3.96 07:40:34 29/10/19
917,99.9,6.79,1022.62,4.24,3.96 07:45:47 29/10/19
916,99.9,6.795,1022.69,4.67,3.96 07:51:00 29/10/19
916,99.9,6.8,1022.78,4.81,3.96 07:56:11 29/10/19
916,99.9,6.805,1022.8,4.19,3.96 08:01:26 29/10/19
919,99.9,6.8199997,1022.91,4.02,3.97 08:06:38 29/10/19
921,99.9,6.88,1022.91,5.0,3.98 08:11:53 29/10/19
920,99.9,6.895,1022.94,5.0,3.99 08:17:05 29/10/19
922,99.9,6.92,1022.96,4.07,3.99 08:22:18 29/10/19
923,99.9,6.995,1023.01,5.0,3.99 08:27:29 29/10/19
924,99.9,7.025,1023.1,4.95,4.01 08:32:44 29/10/19
925,99.9,7.105,1023.14,5.0,4.02 08:37:56 29/10/19
929,99.9,7.185,1023.23,4.31,4.1 08:43:11 29/10/19
923,99.9,7.29,1023.28,4.17,4.05 08:48:23 29/10/19
923,99.9,7.4,1023.3,4.36,4.08 08:53:35 29/10/19
922,99.9,7.5,1023.23,4.83,4.07 08:58:48 29/10/19
904,99.9,7.58,1023.32,5.0,4.07 09:04:03 29/10/19
926,99.9,7.605,1023.23,4.22,4.13 09:09:17 29/10/19
908,99.9,7.81,1023.29,4.43,4.16 09:14:33 29/10/19
924,99.9,8.015,1023.36,4.41,4.17 09:19:51 29/10/19
924,99.9,8.07,1023.33,4.81,4.13 09:25:10 29/10/19
927,99.9,8.059999,1023.38,4.83,4.15 09:30:26 29/10/19
921,99.9,7.9849997,1023.47,4.26,4.16 09:35:40 29/10/19
925,99.9,7.965,1023.52,4.3,4.18 09:40:52 29/10/19
932,99.9,8.0,1023.49,5.0,4.22 09:46:05 29/10/19
923,99.9,8.17,1023.44,4.43,4.16 09:51:19 29/10/19
920,99.9,8.25,1023.55,5.0,4.14 09:56:32 29/10/19
923,99.9,8.345,1023.59,4.22,4.14 10:01:45 29/10/19
923,99.9,8.445,1023.63,5.0,4.15 10:06:58 29/10/19
924,99.9,8.495,1023.73,4.26,4.14 10:12:12 29/10/19
925,99.9,8.64,1023.75,4.19,4.15 10:17:25 29/10/19
921,99.9,8.690001,1023.8,4.26,4.14 10:22:42 29/10/19
926,99.9,8.79,1023.81,4.54,4.15 10:28:01 29/10/19
920,99.9,8.865,1023.76,5.0,4.15 10:33:13 29/10/19
921,99.9,8.9,1023.8,4.19,4.15 10:38:27 29/10/19
924,99.9,8.985,1023.85,5.0,4.16 10:43:38 29/10/19
921,99.9,9.075,1023.88,4.31,4.16 10:48:53 29/10/19
922,99.9,9.16,1023.89,4.51,4.16 10:54:07 29/10/19
923,99.9,9.255,1023.85,4.25,4.17 10:59:21 29/10/19
922,99.9,9.299999,1023.78,4.25,4.16 11:04:33 29/10/19
916,99.9,9.44,1023.84,5.0,4.15 11:09:47 29/10/19
907,99.9,9.469999,1023.82,5.0,4.16 11:14:58 29/10/19
925,99.9,9.55,1023.71,5.0,4.15 11:20:17 29/10/19
926,99.9,9.585,1023.69,5.0,4.16 11:25:35 29/10/19
926,99.9,9.68,1023.68,4.22,4.15 11:30:49 29/10/19
926,99.9,9.77,1023.75,4.26,4.15 11:36:02 29/10/19
926,99.9,9.860001,1023.78,4.22,4.15 11:41:16 29/10/19
926,99.9,9.895,1023.8,5.0,4.16 11:46:29 29/10/19
924,99.9,9.99,1023.78,5.0,4.16 11:51:42 29/10/19
925,99.9,10.07,1023.72,4.23,4.17 11:56:57 29/10/19
925,99.9,10.14,1023.74,4.26,4.17 12:02:10 29/10/19
922,99.9,10.165,1023.82,5.0,4.16 12:07:23 29/10/19
903,99.9,10.17,1023.79,5.0,4.16 12:12:36 29/10/19
929,99.9,10.185,1023.81,4.27,4.17 12:17:50 29/10/19
933,99.9,10.26,1023.78,5.0,4.13 12:23:03 29/10/19
933,99.9,10.29,1023.73,5.0,4.22 12:28:17 29/10/19
935,99.9,10.424999,1023.75,5.0,4.22 12:33:30 29/10/19
940,99.9,10.530001,1023.8,5.0,4.22 12:38:44 29/10/19
939,99.9,10.725,1023.8,5.0,4.22 12:43:58 29/10/19
939,99.9,10.95,1023.8,5.0,4.13 12:49:12 29/10/19
934,99.9,11.275,1023.66,5.0,4.22 12:54:25 29/10/19
938,99.9,11.575001,1023.64,5.0,4.22 12:59:38 29/10/19
937,99.9,11.715,1023.59,5.0,4.22 13:04:53 29/10/19
927,99.9,11.905,1023.63,5.0,4.14 13:10:04 29/10/19
929,99.9,11.934999,1023.55,5.0,4.22 13:15:18 29/10/19
934,99.9,11.95,1023.55,5.0,4.23 13:20:33 29/10/19
928,99.9,12.025,1023.48,5.0,4.22 13:25:47 29/10/19
935,99.9,12.035,1023.44,5.0,4.14 13:31:01 29/10/19
927,99.9,12.110001,1023.5,4.62,4.22 13:36:14 29/10/19
923,99.9,12.120001,1023.53,4.28,4.17 13:41:30 29/10/19
920,99.9,12.030001,1023.52,5.0,4.22 13:46:42 29/10/19
917,99.9,12.1,1023.46,5.0,4.14 13:51:56 29/10/19
915,99.9,12.280001,1023.45,5.0,4.22 13:57:09 29/10/19
918,99.9,12.41,1023.38,5.0,4.22 14:02:23 29/10/19
912,99.9,12.52,1023.48,5.0,4.16 14:07:47 29/10/19
913,99.9,12.445,1023.43,4.26,4.17 14:12:59 29/10/19
911,99.9,12.264999,1023.45,5.0,4.18 14:18:14 29/10/19
908,99.9,12.085,1023.4,5.0,4.14 14:23:27 29/10/19
907,99.9,12.045,1023.41,4.38,4.2 14:28:44 29/10/19
910,99.9,12.025,1023.34,5.0,4.23 14:34:05 29/10/19
909,99.9,11.96,1023.37,4.56,4.22 14:39:20 29/10/19
913,99.9,11.95,1023.41,4.46,4.19 14:44:39 29/10/19
903,99.9,11.94,1023.43,4.29,4.19 14:49:56 29/10/19
897,99.9,11.88,1023.45,5.0,4.14 14:55:15 29/10/19
894,99.9,11.78,1023.45,4.26,4.17 15:00:28 29/10/19
899,99.9,11.755,1023.58,4.32,4.16 15:05:42 29/10/19
902,99.9,11.605,1023.52,5.0,4.14 15:10:54 29/10/19
906,99.9,11.514999,1023.53,4.25,4.16 15:16:16 29/10/19
891,99.9,11.475,1023.55,4.26,4.16 15:21:32 29/10/19
882,99.9,11.45,1023.54,4.21,4.15 15:26:45 29/10/19
881,99.9,11.37,1023.59,4.27,4.16 15:31:57 29/10/19
916,99.9,11.275,1023.7,5.0,4.14 15:37:13 29/10/19
919,99.9,11.139999,1023.72,4.25,4.15 15:42:26 29/10/19
910,99.9,11.09,1023.77,5.0,4.14 15:47:41 29/10/19
913,99.9,11.0,1023.79,4.86,4.14 15:52:57 29/10/19
913,99.9,10.895,1023.83,5.0,4.15 15:58:16 29/10/19
915,99.9,10.795,1023.8,5.0,4.14 16:03:29 29/10/19
911,99.9,10.72,1023.83,5.0,4.15 16:08:41 29/10/19
912,99.9,10.690001,1023.84,5.0,4.15 16:13:58 29/10/19
916,99.9,10.610001,1023.84,4.57,4.14 16:19:11 29/10/19
915,99.9,10.52,1023.93,4.22,4.15 16:24:24 29/10/19
913,99.9,10.405001,1023.93,5.0,4.16 16:29:38 29/10/19
915,99.9,10.305,1023.97,5.0,4.16 16:34:50 29/10/19
915,99.9,10.200001,1023.99,5.0,4.14 16:40:05 29/10/19
915,99.9,10.094999,1024.04,4.57,4.14 16:45:21 29/10/19
915,99.9,9.99,1024.06,5.0,4.15 16:50:40 29/10/19
914,99.9,9.885,1024.15,4.72,4.15 16:55:53 29/10/19
913,99.9,9.72,1024.19,5.0,4.14 17:01:06 29/10/19
911,99.9,9.6,1024.11,4.76,4.14 17:06:20 29/10/19
910,99.9,9.48,1024.19,4.35,4.13 17:11:33 29/10/19
909,99.9,9.309999,1024.21,4.41,4.12 17:16:47 29/10/19
908,99.9,9.190001,1024.25,4.18,4.12 17:22:01 29/10/19
906,99.9,9.014999,1024.25,3.76,4.11 17:27:13 29/10/19
905,99.9,8.889999,1024.27,2.74,4.11 17:32:27 29/10/19
904,99.9,8.715,1024.26,1.67,4.1 17:37:41 29/10/19
903,99.9,8.6,1024.41,0.91,4.1 17:42:52 29/10/19
881,99.9,8.434999,1024.43,0.43,4.09 17:48:10 29/10/19
901,99.9,8.32,1024.46,0.19,4.09 17:53:27 29/10/19
909,99.9,8.2,1024.48,0.07,4.08 17:58:45 29/10/19
903,99.9,8.094999,1024.52,0.02,4.08 18:04:03 29/10/19
903,99.9,7.99,1024.51,0.0,4.08 18:09:17 29/10/19
903,99.9,7.88,1024.52,0.0,4.07 18:14:30 29/10/19
904,99.9,7.7799997,1024.62,0.0,4.07 18:19:43 29/10/19
903,99.9,7.6850004,1024.69,0.0,4.07 18:24:57 29/10/19
907,99.9,7.59,1024.72,0.0,4.07 18:30:09 29/10/19
907,99.9,7.495,1024.8,0.0,4.06 18:35:22 29/10/19
907,99.9,7.4100003,1024.85,0.0,4.06 18:40:36 29/10/19
906,99.9,7.385,1024.9,0.0,4.06 18:45:47 29/10/19
907,99.9,7.295,1024.91,0.0,4.06 18:51:02 29/10/19
907,99.9,7.215,1024.9,0.0,4.06 18:56:15 29/10/19
907,99.9,7.13,1024.99,0.0,4.06 19:01:29 29/10/19
907,99.9,7.1099997,1025.01,0.0,4.05 19:06:42 29/10/19
907,99.9,7.08,1024.93,0.0,4.05 19:11:54 29/10/19
907,99.9,7.0,1024.98,0.0,4.05 19:17:07 29/10/19
906,99.9,6.915,1025.04,0.0,4.05 19:22:20 29/10/19
906,99.9,6.88,1025.01,0.0,4.05 19:27:34 29/10/19
903,99.9,6.8,1025.0,0.0,4.04 19:32:50 29/10/19
901,99.9,6.77,1025.0,0.0,4.04 19:38:09 29/10/19
912,99.9,6.685,1024.98,0.0,4.04 19:43:21 29/10/19
912,99.9,6.605,1024.96,0.0,4.04 19:48:34 29/10/19
913,99.9,6.5150003,1024.93,0.0,4.04 19:53:50 29/10/19
910,99.9,6.49,1025.02,0.0,4.04 19:58:58 29/10/19
913,99.9,6.405,1025.08,0.0,4.04 20:04:13 29/10/19
913,99.9,6.3199997,1025.12,0.0,4.03 20:09:26 29/10/19
910,99.9,6.24,1025.14,0.0,4.03 20:14:39 29/10/19
912,99.9,6.21,1025.17,0.0,4.03 20:19:52 29/10/19
914,99.9,6.1800003,1025.23,0.0,4.03 20:25:09 29/10/19
914,99.9,6.12,1025.24,0.0,4.03 20:30:31 29/10/19
913,99.9,6.085,1025.24,0.0,4.03 20:35:48 29/10/19
913,99.9,6.01,1025.3,0.0,4.03 20:41:01 29/10/19
910,99.9,5.99,1025.4,0.0,4.03 20:46:12 29/10/19
913,99.9,5.925,1025.41,0.0,4.02 20:51:28 29/10/19
913,99.9,5.915,1025.37,0.0,4.02 20:56:41 29/10/19
914,99.9,5.9,1025.49,0.0,4.02 21:01:54 29/10/19
914,99.9,5.885,1025.53,0.0,4.02 21:07:06 29/10/19
913,99.9,5.805,1025.58,0.0,4.02 21:12:19 29/10/19
903,99.9,5.73,1025.59,0.0,4.02 21:17:32 29/10/19
903,99.9,5.7,1025.6,0.0,4.02 21:22:45 29/10/19
902,99.9,5.685,1025.62,0.0,4.02 21:27:58 29/10/19
914,99.9,5.62,1025.62,0.0,4.02 21:33:13 29/10/19
903,99.9,5.615,1025.6,0.0,4.01 21:38:24 29/10/19
903,99.9,5.6099997,1025.62,0.0,4.01 21:43:36 29/10/19
903,99.9,5.605,1025.64,0.0,4.01 21:48:48 29/10/19
906,99.9,5.615,1025.66,0.0,4.01 21:54:02 29/10/19
906,99.9,5.625,1025.67,0.0,4.01 21:59:15 29/10/19
906,99.9,5.6800003,1025.66,0.0,4.01 22:04:28 29/10/19
907,99.9,5.69,1025.64,0.0,4.01 22:09:42 29/10/19
906,99.9,5.6800003,1025.64,0.0,4.01 22:14:54 29/10/19
906,99.9,5.62,1025.59,0.0,4.01 22:20:10 29/10/19
906,99.9,5.665,1025.53,0.0,4.01 22:25:20 29/10/19
903,99.9,5.605,1025.57,0.0,4.01 22:30:33 29/10/19
902,99.9,5.5950003,1025.54,0.0,4.01 22:35:44 29/10/19
902,99.9,5.585,1025.49,0.0,4.01 22:40:59 29/10/19
902,99.9,5.52,1025.49,0.0,4.0 22:46:11 29/10/19
902,99.9,5.5150003,1025.48,0.0,4.0 22:51:24 29/10/19
901,99.9,5.505,1025.47,0.0,4.0 22:56:37 29/10/19
911,99.9,5.505,1025.44,0.0,4.0 23:01:50 29/10/19
910,99.9,5.505,1025.47,0.0,4.0 23:07:04 29/10/19
910,99.9,5.56,1025.44,0.0,4.0 23:12:16 29/10/19
910,99.9,5.575,1025.46,0.0,4.0 23:17:33 29/10/19
910,99.9,5.6,1025.52,0.0,4.0 23:22:50 29/10/19
910,99.9,5.6099997,1025.6,0.0,4.0 23:28:03 29/10/19
911,99.9,5.6099997,1025.55,0.0,4.0 23:33:16 29/10/19
915,99.9,5.6,1025.59,0.0,4.0 23:38:30 29/10/19
915,99.9,5.605,1025.59,0.0,3.99 23:43:42 29/10/19
915,99.9,5.6,1025.53,0.0,4.0 23:48:55 29/10/19
915,99.9,5.605,1025.59,0.0,4.0 23:54:08 29/10/19
915,99.9,5.605,1025.56,0.0,4.0 23:59:21 29/10/19
