892,99.9,3.6,1023.14,0.0,3.99 00:03:32 31/10/19
889,99.9,3.515,1023.13,0.0,3.99 00:08:41 31/10/19
890,99.9,3.4950001,1023.13,0.0,3.99 00:13:56 31/10/19
889,99.9,3.415,1023.14,0.0,3.99 00:19:08 31/10/19
890,99.9,3.325,1023.16,0.0,3.99 00:24:21 31/10/19
890,99.9,3.295,1023.18,0.0,3.98 00:29:34 31/10/19
889,99.9,3.195,1023.26,0.0,3.98 00:34:45 31/10/19
888,99.9,3.085,1023.28,0.0,3.98 00:39:58 31/10/19
890,99.9,2.9299998,1023.15,0.0,3.98 00:45:12 31/10/19
888,99.9,2.835,1023.02,0.0,3.98 00:50:24 31/10/19
887,99.9,2.81,1022.97,0.0,3.98 00:55:35 31/10/19
888,99.9,2.735,1022.92,0.0,3.98 01:00:49 31/10/19
888,99.9,2.71,1022.91,0.0,3.98 01:06:02 31/10/19
889,99.9,2.685,1022.81,0.0,3.98 01:11:15 31/10/19
888,99.9,2.62,1022.79,0.0,3.98 01:16:25 31/10/19
892,99.9,2.605,1022.85,0.0,3.98 01:21:44 31/10/19
889,99.9,2.6,1022.86,0.0,3.98 01:26:59 31/10/19
889,99.9,2.585,1022.75,0.0,3.98 01:32:13 31/10/19
889,99.9,2.53,1022.68,0.0,3.97 01:37:26 31/10/19
888,99.9,2.52,1022.62,0.0,3.97 01:42:38 31/10/19
886,99.9,2.515,1022.6,0.0,3.97 01:47:49 31/10/19
882,99.9,2.5049999,1022.61,0.0,3.97 01:53:04 31/10/19
889,99.9,2.49,1022.54,0.0,3.97 01:58:17 31/10/19
891,99.9,2.48,1022.46,0.0,3.97 02:03:32 31/10/19
888,99.9,2.475,1022.4,0.0,3.97 02:08:49 31/10/19
888,99.9,2.4099998,1022.34,0.0,3.97 02:14:00 31/10/19
890,99.9,2.405,1022.34,0.0,3.97 02:19:15 31/10/19
889,99.9,2.4099998,1022.26,0.0,3.97 02:24:27 31/10/19
890,99.9,2.4099998,1022.3,0.0,3.97 02:29:40 31/10/19
889,99.9,2.405,1022.24,0.0,3.97 02:34:50 31/10/19
891,99.9,2.4,1022.16,0.0,3.97 02:40:05 31/10/19
890,99.9,2.3899999,1022.07,0.0,3.97 02:45:17 31/10/19
892,99.9,2.38,1022.08,0.0,3.96 02:50:37 31/10/19
889,99.9,2.375,1021.85,0.0,3.97 02:55:51 31/10/19
889,99.9,2.31,1021.79,0.0,3.97 03:01:02 31/10/19
889,99.9,2.295,1021.75,0.0,3.97 03:06:16 31/10/19
889,99.9,2.225,1021.74,0.0,3.97 03:11:28 31/10/19
889,99.9,2.205,1021.78,0.0,3.96 03:16:41 31/10/19
890,99.9,2.185,1021.75,0.0,3.96 03:21:59 31/10/19
888,99.9,2.17,1021.77,0.0,3.96 03:27:15 31/10/19
887,99.9,2.105,1021.78,0.0,3.96 03:32:26 31/10/19
885,99.9,2.0900002,1021.77,0.0,3.96 03:37:38 31/10/19
885,99.9,2.085,1021.8,0.0,3.96 03:42:52 31/10/19
886,99.9,2.0700002,1021.75,0.0,3.96 03:48:04 31/10/19
885,99.9,2.015,1021.68,0.0,3.96 03:53:17 31/10/19
888,99.9,2.0049999,1021.67,0.0,3.96 03:58:29 31/10/19
888,99.9,1.99,1021.65,0.0,3.96 04:03:40 31/10/19
888,99.9,1.99,1021.63,0.0,3.96 04:08:54 31/10/19
888,99.9,1.9749999,1021.6,0.0,3.96 04:14:05 31/10/19
888,99.9,1.895,1021.47,0.0,3.96 04:19:18 31/10/19
888,99.9,1.875,1021.57,0.0,3.96 04:24:32 31/10/19
888,99.9,1.865,1021.53,0.0,3.96 04:29:44 31/10/19
888,99.9,1.8000001,1021.53,0.0,3.96 04:34:55 31/10/19
889,99.9,1.8000001,1021.49,0.0,3.96 04:40:09 31/10/19
888,99.9,1.785,1021.46,0.0,3.96 04:45:22 31/10/19
888,99.9,1.775,1021.37,0.0,3.96 04:50:34 31/10/19
888,99.9,1.775,1021.44,0.0,3.96 04:55:47 31/10/19
887,99.9,1.7900001,1021.44,0.0,3.96 05:00:58 31/10/19
888,99.9,1.7950001,1021.44,0.0,3.96 05:06:11 31/10/19
888,99.9,1.8000001,1021.39,0.0,3.96 05:11:25 31/10/19
887,99.9,1.7950001,1021.31,0.0,3.96 05:16:36 31/10/19
887,99.9,1.7950001,1021.24,0.0,3.96 05:21:50 31/10/19
887,99.9,1.8000001,1021.15,0.0,3.96 05:27:00 31/10/19
887,99.9,1.8050001,1021.21,0.0,3.96 05:32:14 31/10/19
887,99.9,1.8000001,1021.17,0.0,3.96 05:37:25 31/10/19
886,99.9,1.8050001,1021.19,0.0,3.96 05:42:37 31/10/19
887,99.9,1.7900001,1021.13,0.0,3.95 05:47:54 31/10/19
887,99.9,1.78,1021.06,0.0,3.96 05:53:04 31/10/19
887,99.9,1.7049999,1021.03,0.0,3.96 05:58:16 31/10/19
888,99.9,1.665,1021.03,0.0,3.96 06:03:29 31/10/19
887,99.9,1.595,1020.95,0.0,3.95 06:08:41 31/10/19
887,99.9,1.51,1020.93,0.0,3.95 06:13:55 31/10/19
886,99.9,1.4849999,1020.89,0.0,3.96 06:19:05 31/10/19
886,99.9,1.415,1020.83,0.0,3.95 06:24:18 31/10/19
886,99.9,1.39,1020.83,0.0,3.95 06:29:31 31/10/19
886,99.9,1.38,1020.8,0.01,3.95 06:34:41 31/10/19
886,99.9,1.31,1020.78,0.04,3.95 06:39:54 31/10/19
886,99.9,1.295,1020.77,0.11,3.95 06:45:09 31/10/19
886,99.9,1.29,1020.78,0.24,3.95 06:50:19 31/10/19
886,99.9,1.29,1020.77,0.52,3.95 06:55:31 31/10/19
886,99.9,1.215,1020.69,1.17,3.95 07:00:44 31/10/19
889,99.9,1.21,1020.7,2.31,3.95 07:05:58 31/10/19
887,99.9,1.2049999,1020.73,3.51,3.95 07:11:09 31/10/19
889,99.9,1.2049999,1020.72,4.05,3.95 07:16:23 31/10/19
893,99.9,1.2,1020.73,4.07,3.95 07:21:44 31/10/19
891,99.9,1.265,1020.75,4.48,3.95 07:26:54 31/10/19
893,99.9,1.265,1020.79,4.64,3.95 07:32:09 31/10/19
894,99.9,1.22,1020.78,5.0,3.95 07:37:20 31/10/19
897,99.9,1.215,1020.74,5.0,3.96 07:42:33 31/10/19
898,99.9,1.215,1020.78,4.51,3.96 07:47:45 31/10/19
899,99.9,1.21,1020.86,5.0,3.96 07:52:56 31/10/19
900,99.9,1.19,1020.87,5.0,3.96 07:58:11 31/10/19
901,99.9,1.19,1020.93,4.1,3.97 08:03:22 31/10/19
901,99.9,1.1949999,1020.93,5.0,3.97 08:08:33 31/10/19
903,99.9,1.2049999,1020.95,4.12,3.99 08:13:45 31/10/19
906,99.9,1.27,1021.0,4.14,4.04 08:19:00 31/10/19
910,99.9,1.31,1021.11,4.18,4.09 08:24:11 31/10/19
909,99.9,1.41,1021.13,4.31,4.11 08:29:24 31/10/19
909,99.9,1.575,1021.09,4.27,4.13 08:34:37 31/10/19
912,99.9,1.7,1020.99,4.29,4.2 08:39:56 31/10/19
910,99.9,1.92,1021.03,5.0,4.22 08:45:08 31/10/19
912,99.9,2.185,1021.02,4.46,4.2 08:50:23 31/10/19
911,99.9,2.445,1021.0,4.45,4.19 08:55:33 31/10/19
914,99.9,2.795,1021.0,4.4,4.22 09:00:48 31/10/19
913,99.9,3.165,1020.96,4.32,4.22 09:05:58 31/10/19
914,99.9,3.555,1020.86,5.0,4.22 09:11:13 31/10/19
917,99.9,3.93,1020.83,5.0,4.22 09:16:29 31/10/19
917,99.9,4.24,1020.81,5.0,4.22 09:21:47 31/10/19
917,99.9,4.51,1020.8,5.0,4.22 09:27:00 31/10/19
917,99.9,4.7200003,1020.77,5.0,4.22 09:32:12 31/10/19
917,99.9,4.9,1020.84,5.0,4.23 09:37:25 31/10/19
916,99.9,5.015,1020.86,5.0,4.22 09:42:36 31/10/19
917,99.9,5.125,1020.86,5.0,4.22 09:47:51 31/10/19
917,99.9,5.23,1020.89,5.0,4.23 09:53:08 31/10/19
907,99.9,5.34,1020.84,4.49,4.16 09:58:24 31/10/19
901,99.9,5.365,1020.8,5.0,4.13 10:03:36 31/10/19
895,99.9,5.395,1020.8,4.26,4.12 10:08:55 31/10/19
907,99.9,5.42,1020.83,4.18,4.14 10:14:13 31/10/19
908,99.9,5.5150003,1020.78,4.3,4.15 10:19:26 31/10/19
911,99.9,5.6099997,1020.81,4.18,4.14 10:24:38 31/10/19
904,99.9,5.625,1020.87,4.26,4.14 10:29:51 31/10/19
903,99.9,5.635,1020.85,4.23,4.14 10:35:04 31/10/19
906,99.9,5.66,1020.81,4.26,4.17 10:40:17 31/10/19
904,99.9,5.73,1020.85,5.0,4.15 10:45:29 31/10/19
902,99.9,5.745,1020.84,5.0,4.15 10:50:41 31/10/19
903,99.9,5.82,1020.91,4.34,4.15 10:55:54 31/10/19
901,99.9,5.835,1020.81,4.22,4.16 11:01:08 31/10/19
901,99.9,5.865,1020.71,5.0,4.16 11:06:21 31/10/19
897,99.9,5.955,1020.7,4.25,4.17 11:11:34 31/10/19
899,99.9,6.04,1020.69,4.3,4.17 11:16:48 31/10/19
909,99.9,6.135,1020.58,5.0,4.17 11:22:01 31/10/19
898,99.9,6.29,1020.5,4.4,4.16 11:27:12 31/10/19
901,99.9,6.3500004,1020.43,4.25,4.17 11:32:27 31/10/19
893,99.9,6.5,1020.42,4.45,4.15 11:37:37 31/10/19
900,99.9,6.52,1020.4,5.0,4.15 11:42:50 31/10/19
903,99.9,6.54,1020.32,4.22,4.15 11:48:05 31/10/19
900,99.9,6.56,1020.28,5.0,4.15 11:53:21 31/10/19
898,99.9,6.645,1020.26,5.0,4.15 11:58:39 31/10/19
897,99.9,6.725,1020.19,4.34,4.16 12:03:53 31/10/19
896,99.9,6.835,1020.07,4.24,4.16 12:09:06 31/10/19
899,99.9,6.9300003,1019.94,5.0,4.16 12:14:22 31/10/19
901,99.9,7.025,1019.87,4.35,4.17 12:19:41 31/10/19
901,99.9,7.065,1019.86,4.45,4.2 12:24:51 31/10/19
915,99.9,7.16,1019.8,5.0,4.22 12:30:04 31/10/19
900,99.9,7.25,1019.74,5.0,4.22 12:35:19 31/10/19
915,99.9,7.435,1019.64,5.0,4.22 12:40:32 31/10/19
910,99.9,7.6099997,1019.49,5.0,4.22 12:45:52 31/10/19
917,99.9,7.8999996,1019.51,5.0,4.22 12:51:07 31/10/19
909,99.9,8.25,1019.41,5.0,4.22 12:56:21 31/10/19
911,99.9,8.645,1019.4,5.0,4.22 13:01:38 31/10/19
914,99.9,9.025,1019.32,5.0,4.22 13:06:55 31/10/19
913,99.9,9.33,1019.3,5.0,4.22 13:12:09 31/10/19
917,99.9,9.63,1019.18,5.0,4.22 13:17:22 31/10/19
916,99.9,9.915,1019.19,5.0,4.22 13:22:36 31/10/19
910,99.9,10.125,1019.15,5.0,4.23 13:27:50 31/10/19
911,99.9,10.25,1019.04,5.0,4.22 13:33:04 31/10/19
915,99.9,10.425,1019.01,5.0,4.22 13:38:17 31/10/19
924,99.9,10.545,1018.99,5.0,4.22 13:43:29 31/10/19
915,99.9,10.71,1018.92,5.0,4.22 13:48:42 31/10/19
920,99.9,10.82,1018.92,5.0,4.22 13:53:57 31/10/19
916,99.9,10.86,1018.88,5.0,4.22 13:59:10 31/10/19
908,99.9,10.865,1018.8,5.0,4.22 14:04:24 31/10/19
912,99.9,10.84,1018.84,5.0,4.22 14:09:36 31/10/19
923,99.9,10.775,1018.75,5.0,4.22 14:14:51 31/10/19
912,99.9,10.695,1018.74,5.0,4.22 14:20:04 31/10/19
914,99.9,10.605,1018.68,5.0,4.22 14:25:18 31/10/19
914,99.9,10.585,1018.68,5.0,4.22 14:30:32 31/10/19
911,99.9,10.495,1018.68,5.0,4.22 14:35:44 31/10/19
911,99.9,10.4,1018.71,5.0,4.22 14:40:59 31/10/19
906,99.9,10.295,1018.73,4.24,4.19 14:46:11 31/10/19
915,99.9,10.15,1018.71,4.37,4.19 14:51:37 31/10/19
902,99.9,10.120001,1018.69,5.0,4.18 14:56:55 31/10/19
900,99.9,10.085,1018.61,4.24,4.18 15:02:09 31/10/19
899,99.9,9.96,1018.58,5.0,4.17 15:07:21 31/10/19
912,99.9,9.915,1018.52,5.0,4.17 15:12:36 31/10/19
913,99.9,9.835,1018.4,4.23,4.17 15:17:50 31/10/19
913,99.9,9.755,1018.4,4.72,4.17 15:23:03 31/10/19
913,99.9,9.66,1018.41,4.26,4.17 15:28:20 31/10/19
909,99.9,9.559999,1018.42,4.27,4.16 15:33:38 31/10/19
909,99.9,9.469999,1018.35,5.0,4.16 15:38:50 31/10/19
911,99.9,9.389999,1018.31,4.32,4.16 15:44:05 31/10/19
912,99.9,9.365,1018.32,4.4,4.16 15:49:22 31/10/19
912,99.9,9.34,1018.33,5.0,4.15 15:54:47 31/10/19
908,99.9,9.33,1018.35,4.22,4.15 16:00:01 31/10/19
910,99.9,9.200001,1018.3,5.0,4.15 16:05:16 31/10/19
907,99.9,9.185,1018.29,4.27,4.15 16:10:29 31/10/19
907,99.9,9.16,1018.2,4.33,4.15 16:15:43 31/10/19
905,99.9,9.14,1018.12,5.0,4.14 16:20:54 31/10/19
905,99.9,9.065001,1018.09,5.0,4.14 16:26:09 31/10/19
901,99.9,8.98,1018.04,4.94,4.14 16:31:23 31/10/19
901,99.9,8.934999,1018.07,5.0,4.16 16:36:36 31/10/19
899,99.9,8.845,1018.09,5.0,4.17 16:41:47 31/10/19
899,99.9,8.685,1018.0,4.48,4.16 16:47:03 31/10/19
896,99.9,8.52,1018.06,5.0,4.16 16:52:14 31/10/19
896,99.9,8.405001,1018.08,5.0,4.15 16:57:28 31/10/19
893,99.9,8.275,1017.98,5.0,4.15 17:02:40 31/10/19
893,99.9,8.155,1018.03,4.73,4.14 17:07:55 31/10/19
892,99.9,7.9849997,1018.06,4.33,4.13 17:13:09 31/10/19
881,99.9,7.8650002,1018.14,4.21,4.12 17:18:27 31/10/19
887,99.9,7.7,1018.15,3.71,4.11 17:23:47 31/10/19
884,99.9,7.57,1018.13,2.63,4.11 17:28:59 31/10/19
873,99.9,7.455,1018.27,1.54,4.1 17:34:10 31/10/19
877,99.9,7.2799997,1018.25,0.8,4.1 17:39:24 31/10/19
870,99.9,7.16,1018.23,0.38,4.09 17:44:36 31/10/19
875,99.9,6.995,1018.2,0.17,4.09 17:49:53 31/10/19
874,99.9,6.885,1018.27,0.07,4.09 17:55:09 31/10/19
872,99.9,6.7749996,1018.15,0.02,4.08 18:00:29 31/10/19
855,99.9,6.67,1018.16,0.0,4.07 18:05:49 31/10/19
865,99.9,6.58,1018.13,0.0,4.07 18:10:58 31/10/19
861,99.9,6.4700003,1018.1,0.0,4.07 18:16:15 31/10/19
859,99.9,6.37,1018.05,0.0,4.07 18:21:34 31/10/19
862,99.9,6.285,1018.16,0.0,4.06 18:26:50 31/10/19
867,99.9,6.2,1018.21,0.0,4.06 18:32:08 31/10/19
868,99.9,6.165,1018.12,0.0,4.06 18:37:27 31/10/19
866,99.9,6.08,1018.13,0.0,4.05 18:42:44 31/10/19
859,99.9,6.005,1018.2,0.0,4.05 18:47:54 31/10/19
863,99.9,5.9700003,1018.13,0.0,4.05 18:53:08 31/10/19
860,99.9,5.91,1018.02,0.0,4.05 18:58:24 31/10/19
870,99.9,5.8900003,1017.98,0.0,4.05 19:03:34 31/10/19
868,99.9,5.87,1017.95,0.0,4.05 19:08:47 31/10/19
855,99.9,5.79,1017.93,0.0,4.04 19:14:00 31/10/19
871,99.9,5.77,1017.89,0.0,4.04 19:19:13 31/10/19
871,99.9,5.69,1017.76,0.0,4.04 19:24:32 31/10/19
866,99.9,5.745,1017.79,0.0,4.04 19:29:48 31/10/19
864,99.9,5.6800003,1017.78,0.0,4.03 19:35:00 31/10/19
868,99.9,5.62,1017.7,0.0,4.03 19:40:13 31/10/19
856,99.9,5.6549997,1017.65,0.0,4.03 19:45:26 31/10/19
861,99.9,5.5950003,1017.65,0.0,4.03 19:50:37 31/10/19
860,99.9,5.5150003,1017.55,0.0,4.03 19:55:55 31/10/19
861,99.9,5.5,1017.48,0.0,4.03 20:01:12 31/10/19
864,99.9,5.49,1017.46,0.0,4.03 20:06:26 31/10/19
800,99.9,5.4700003,1017.41,0.0,4.03 20:11:38 31/10/19
849,99.9,5.415,1017.36,0.0,4.02 20:16:54 31/10/19
855,99.9,5.405,1017.33,0.0,4.03 20:22:04 31/10/19
857,99.9,5.4,1017.23,0.0,4.02 20:27:18 31/10/19
894,99.9,5.4,1017.21,0.0,4.02 20:32:29 31/10/19
908,99.9,5.41,1017.18,0.0,4.02 20:37:44 31/10/19
894,99.9,5.485,1017.19,0.0,4.02 20:42:56 31/10/19
896,99.9,5.52,1017.12,0.0,4.02 20:48:14 31/10/19
885,99.9,5.585,1017.08,0.0,4.02 20:53:30 31/10/19
895,99.9,5.5950003,1017.1,0.0,4.02 20:58:42 31/10/19
895,99.9,5.605,1017.06,0.0,4.02 21:03:56 31/10/19
884,99.9,5.6099997,1017.0,0.0,4.02 21:09:07 31/10/19
884,99.9,5.6099997,1016.91,0.0,4.02 21:14:21 31/10/19
893,99.9,5.615,1016.92,0.0,4.02 21:19:36 31/10/19
891,99.9,5.67,1016.96,0.0,4.02 21:24:48 31/10/19
881,99.9,5.6800003,1016.96,0.0,4.01 21:30:01 31/10/19
892,99.9,5.665,1016.88,0.0,4.01 21:35:14 31/10/19
883,99.9,5.59,1016.93,0.0,4.01 21:40:27 31/10/19
882,99.9,5.5150003,1016.83,0.0,4.01 21:45:38 31/10/19
882,99.9,5.485,1016.9,0.0,4.01 21:50:52 31/10/19
883,99.9,5.405,1016.81,0.0,4.01 21:56:04 31/10/19
883,99.9,5.38,1016.75,0.0,4.01 22:01:18 31/10/19
882,99.9,5.3,1016.78,0.0,4.01 22:06:29 31/10/19
882,99.9,5.2200003,1016.8,0.0,4.01 22:11:45 31/10/19
882,99.9,5.19,1016.85,0.0,4.01 22:16:57 31/10/19
881,99.9,5.09,1016.66,0.0,4.0 22:22:13 31/10/19
895,99.9,4.99,1016.7,0.0,4.0 22:27:23 31/10/19
886,99.9,4.895,1016.64,0.0,4.0 22:32:35 31/10/19
880,99.9,4.79,1016.71,0.0,4.0 22:37:48 31/10/19
881,99.9,4.6800003,1016.63,0.0,4.0 22:43:02 31/10/19
882,99.9,4.5299997,1016.66,0.0,4.0 22:48:14 31/10/19
880,99.9,4.415,1016.63,0.0,4.0 22:53:25 31/10/19
881,99.9,4.31,1016.53,0.0,4.0 22:58:41 31/10/19
880,99.9,4.21,1016.48,0.0,4.0 23:03:52 31/10/19
876,99.9,4.17,1016.37,0.0,4.0 23:09:04 31/10/19
880,99.9,4.0950003,1016.25,0.0,3.99 23:14:18 31/10/19
887,99.9,4.075,1016.13,0.0,4.0 23:19:30 31/10/19
883,99.9,4.01,1016.08,0.0,3.99 23:24:44 31/10/19
883,99.9,3.9950001,1015.99,0.0,3.99 23:29:56 31/10/19
890,99.9,3.9750001,1015.9,0.0,3.99 23:35:12 31/10/19
891,99.9,3.96,1015.73,0.0,3.99 23:40:28 31/10/19
881,99.9,3.97,1015.7,0.0,3.99 23:45:42 31/10/19
888,99.9,3.99,1015.58,0.0,3.99 23:50:53 31/10/19
891,99.9,4.08,1015.6,0.0,3.99 23:56:08 31/10/19
