109,97.10,1.31,1030.89,0.00,3.76 00:04:38 12/02/19
189,97.40,1.31,1030.97,0.00,3.77 00:15:25 12/02/19
121,95.60,2.02,1031.20,0.00,3.74 00:25:55 12/02/19
103,96.60,1.46,1031.32,0.00,3.75 00:36:55 12/02/19
119,95.70,2.10,1031.32,0.00,3.73 00:47:28 12/02/19
123,97.00,1.63,1031.29,0.00,3.75 00:58:02 12/02/19
203,97.60,1.41,1031.32,0.00,3.75 01:08:59 12/02/19
107,97.90,1.41,1031.34,0.00,3.75 01:09:03 12/02/19
108,97.50,1.40,1031.31,0.00,3.75 01:20:02 12/02/19
117,95.80,2.03,1031.53,0.00,3.72 01:30:34 12/02/19
109,96.70,1.43,1031.68,0.00,3.73 01:41:26 12/02/19
122,95.40,1.88,1031.65,0.00,3.70 01:51:53 12/02/19
110,96.70,1.23,1031.76,0.00,3.72 02:02:41 12/02/19
119,95.50,1.71,1031.87,0.00,3.69 02:13:17 12/02/19
111,96.70,1.07,1031.80,0.00,3.70 02:24:09 12/02/19
112,97.00,1.07,1031.84,0.00,3.70 02:24:13 12/02/19
116,95.70,1.62,1031.88,0.00,3.67 02:34:48 12/02/19
121,96.80,1.05,1031.77,0.00,3.69 02:45:21 12/02/19
111,97.70,0.79,1031.79,0.00,3.69 02:56:28 12/02/19
134,95.60,1.48,1031.79,0.00,3.66 03:06:57 12/02/19
220,97.20,0.91,1031.87,0.00,3.67 03:17:48 12/02/19
93,97.50,0.86,1031.85,0.00,3.67 03:18:03 12/02/19
116,95.80,1.48,1031.90,0.00,3.65 03:28:40 12/02/19
106,97.00,1.00,1031.83,0.00,3.66 03:39:44 12/02/19
122,95.80,1.51,1031.84,0.00,3.64 03:50:18 12/02/19
236,97.10,0.92,1031.76,0.00,3.65 04:01:06 12/02/19
128,95.60,1.33,1031.75,0.00,3.61 04:11:35 12/02/19
88,97.30,0.68,1031.62,0.00,3.63 04:22:34 12/02/19
109,97.70,0.57,1031.77,0.00,3.64 04:33:32 12/02/19
135,95.70,1.37,1031.91,0.00,3.58 04:44:04 12/02/19
112,97.10,0.91,1031.89,0.00,3.61 04:54:58 12/02/19
162,95.70,1.59,1031.95,0.00,3.52 05:05:31 12/02/19
165,95.80,1.83,1031.96,0.00,3.43 05:16:02 12/02/19
174,95.70,1.87,1031.99,0.00,3.29 05:26:35 12/02/19
119,97.80,1.15,1031.99,0.00,3.38 05:37:46 12/02/19
217,97.70,1.15,1031.98,0.00,3.38 05:37:52 12/02/19
153,96.00,1.69,1031.97,0.00,3.06 05:48:28 12/02/19
260,97.40,1.04,1031.88,0.00,3.24 05:59:11 12/02/19
110,97.80,1.03,1031.91,0.00,3.19 05:59:36 12/02/19
