2,99.9,5.2749996,1018.26,0.02,3.98 00:04:45 08/02/20
2,99.9,5.265,1018.3,0.02,3.98 00:09:58 08/02/20
2,99.9,5.2,1018.3,0.01,3.98 00:15:10 08/02/20
2,99.9,5.185,1018.33,0.02,3.98 00:20:24 08/02/20
2,99.9,5.175,1018.43,0.02,3.98 00:25:36 08/02/20
1,99.9,5.165,1018.49,0.01,3.98 00:30:47 08/02/20
2,99.9,5.0950003,1018.45,0.01,3.96 00:36:01 08/02/20
2,99.9,5.085,1018.38,0.02,3.98 00:41:15 08/02/20
2,99.9,5.08,1018.37,0.01,3.98 00:46:27 08/02/20
4,99.9,5.065,1018.29,0.02,3.98 00:51:40 08/02/20
2,99.9,5.0550003,1018.34,0.02,3.98 00:56:52 08/02/20
2,99.9,5.045,1018.23,0.01,3.98 01:02:05 08/02/20
2,99.9,4.98,1018.28,0.01,3.98 01:07:18 08/02/20
2,99.9,4.9700003,1018.21,0.02,3.97 01:12:31 08/02/20
2,99.9,4.95,1018.21,0.02,3.98 01:17:43 08/02/20
2,99.9,4.885,1018.11,0.02,3.97 01:22:57 08/02/20
2,99.9,4.865,1018.18,0.02,3.97 01:28:09 08/02/20
3,99.9,4.79,1018.11,0.02,3.97 01:33:25 08/02/20
2,99.9,4.785,1018.17,0.02,3.97 01:38:43 08/02/20
2,99.9,4.77,1018.13,0.02,3.97 01:43:56 08/02/20
2,99.9,4.745,1018.05,0.02,3.97 01:49:08 08/02/20
2,99.9,4.74,1018.04,0.02,3.97 01:54:21 08/02/20
2,99.9,4.675,1018.05,0.02,3.97 01:59:34 08/02/20
2,99.9,4.6499996,1017.98,0.02,3.97 02:04:46 08/02/20
2,99.9,4.58,1017.83,0.02,3.97 02:10:00 08/02/20
2,99.9,4.5550003,1017.77,0.02,3.97 02:15:12 08/02/20
2,99.9,4.545,1017.79,0.01,3.97 02:20:28 08/02/20
3,99.9,4.54,1017.82,0.02,3.96 02:25:49 08/02/20
2,99.9,4.545,1017.8,0.02,3.97 02:31:07 08/02/20
2,99.9,4.48,1017.85,0.02,3.96 02:36:19 08/02/20
2,99.9,4.4700003,1017.86,0.02,3.97 02:41:32 08/02/20
2,99.9,4.465,1017.79,0.01,3.96 02:46:45 08/02/20
2,99.9,4.46,1017.74,0.01,3.96 02:52:01 08/02/20
2,99.9,4.465,1017.75,0.0,3.97 02:57:19 08/02/20
1,99.9,4.465,1017.67,0.0,3.96 03:02:31 08/02/20
1,99.9,4.5550003,1017.67,0.0,3.96 03:07:45 08/02/20
2,99.9,4.635,1017.55,0.0,3.96 03:12:57 08/02/20
1,99.9,4.74,1017.51,0.0,3.96 03:18:08 08/02/20
2,99.9,4.825,1017.46,0.0,3.96 03:23:23 08/02/20
2,99.9,4.9300003,1017.51,0.01,3.96 03:28:35 08/02/20
2,99.9,4.965,1017.36,0.01,3.96 03:33:51 08/02/20
2,99.9,5.04,1017.43,0.0,3.96 03:39:09 08/02/20
1,99.9,5.0550003,1017.26,0.0,3.96 03:44:21 08/02/20
2,99.9,5.0699997,1017.26,0.0,3.96 03:49:34 08/02/20
2,99.9,5.13,1017.21,0.0,3.96 03:54:47 08/02/20
0,99.9,5.165,1017.34,0.0,3.96 04:00:00 08/02/20
1,99.9,5.2349997,1017.17,0.0,3.96 04:05:12 08/02/20
1,99.9,5.245,1017.14,0.0,3.96 04:10:23 08/02/20
1,99.9,5.2749996,1017.11,0.0,3.96 04:15:36 08/02/20
2,99.9,5.335,1017.01,0.0,3.96 04:20:54 08/02/20
2,99.9,5.355,1017.03,0.0,3.96 04:26:12 08/02/20
1,99.9,5.435,1016.9,0.0,3.96 04:31:25 08/02/20
2,99.9,5.455,1016.9,0.0,3.96 04:36:37 08/02/20
1,99.9,5.4700003,1016.84,0.0,3.96 04:41:50 08/02/20
1,99.9,5.545,1016.91,0.0,3.96 04:47:03 08/02/20
2,99.9,5.565,1016.8,0.0,3.96 04:52:16 08/02/20
2,99.9,5.645,1016.78,0.0,3.96 04:57:32 08/02/20
2,99.9,5.73,1016.83,0.0,3.96 05:02:50 08/02/20
2,99.9,5.77,1016.89,0.0,3.96 05:08:03 08/02/20
1,99.9,5.8450003,1016.87,0.0,3.96 05:13:15 08/02/20
1,99.9,5.92,1016.86,0.0,3.96 05:18:28 08/02/20
1,99.9,5.9449997,1017.03,0.0,3.96 05:23:41 08/02/20
2,99.9,6.025,1017.02,0.0,3.96 05:28:54 08/02/20
2,99.9,6.105,1016.95,0.0,3.96 05:34:07 08/02/20
1,99.9,6.135,1016.92,0.0,3.96 05:39:20 08/02/20
1,99.9,6.225,1016.88,0.0,3.96 05:44:33 08/02/20
1,99.9,6.25,1016.89,0.0,3.96 05:49:45 08/02/20
2,99.9,6.33,1016.82,0.0,3.96 05:54:58 08/02/20
2,99.9,6.41,1016.82,0.0,3.96 06:00:11 08/02/20
2,99.9,6.4449997,1016.85,0.0,3.96 06:05:25 08/02/20
2,99.9,6.525,1016.88,0.0,3.96 06:10:37 08/02/20
2,99.9,6.54,1016.79,0.0,3.96 06:15:50 08/02/20
1,99.9,6.55,1016.77,0.0,3.96 06:21:01 08/02/20
2,99.9,6.56,1016.77,0.0,3.96 06:26:16 08/02/20
2,99.9,6.63,1016.72,0.0,3.95 06:31:32 08/02/20
2,99.9,6.6499996,1016.79,0.0,3.95 06:36:51 08/02/20
1,99.9,6.705,1016.79,0.0,3.96 06:42:03 08/02/20
2,99.9,6.72,1016.76,0.0,3.96 06:47:16 08/02/20
1,99.9,6.7349997,1016.72,0.0,3.95 06:52:29 08/02/20
1,99.9,6.75,1016.93,0.0,3.95 06:57:42 08/02/20
2,99.9,6.8,1017.01,0.0,3.96 07:02:55 08/02/20
1,99.9,6.755,1016.93,0.0,3.95 07:08:08 08/02/20
2,99.9,6.8050003,1016.94,0.0,3.95 07:13:24 08/02/20
2,99.9,6.77,1017.02,0.0,3.95 07:18:43 08/02/20
3,99.9,6.82,1016.83,0.02,3.95 07:23:55 08/02/20
4,99.9,6.83,1016.78,0.06,3.95 07:29:08 08/02/20
6,99.9,6.855,1016.83,0.16,3.95 07:34:21 08/02/20
8,99.9,6.92,1016.81,0.32,3.95 07:39:34 08/02/20
13,99.9,6.9300003,1016.78,0.65,3.95 07:44:47 08/02/20
21,99.9,7.005,1016.86,1.23,3.95 07:50:00 08/02/20
34,99.9,6.965,1016.88,2.03,3.95 07:55:17 08/02/20
45,99.9,7.04,1016.87,2.59,3.95 08:00:37 08/02/20
52,99.9,7.12,1016.87,2.96,3.95 08:05:48 08/02/20
62,99.9,7.1549997,1016.79,3.34,3.95 08:11:01 08/02/20
75,99.9,7.2349997,1016.74,3.75,3.95 08:16:14 08/02/20
93,99.9,7.315,1016.74,4.03,3.95 08:21:27 08/02/20
115,99.9,7.33,1016.9,4.32,3.95 08:26:40 08/02/20
135,99.9,7.3450003,1017.04,4.45,3.95 08:31:53 08/02/20
161,99.9,7.3500004,1017.1,4.77,3.96 08:37:06 08/02/20
198,99.9,7.415,1017.21,5.0,3.96 08:42:19 08/02/20
198,99.9,7.4300003,1017.24,4.1,3.96 08:47:32 08/02/20
207,99.9,7.455,1017.27,4.89,3.97 08:52:42 08/02/20
213,99.9,7.525,1017.21,5.0,3.97 08:57:58 08/02/20
219,99.9,7.6000004,1017.25,5.0,3.97 09:03:10 08/02/20
235,99.9,7.6400003,1017.17,4.07,3.98 09:08:23 08/02/20
239,99.9,7.7149997,1017.31,4.03,3.98 09:13:36 08/02/20
244,99.9,7.755,1017.21,5.0,3.98 09:18:49 08/02/20
243,99.9,7.84,1017.36,5.0,3.97 09:24:02 08/02/20
230,99.9,7.925,1017.28,4.23,3.98 09:29:16 08/02/20
230,99.9,7.9449997,1017.18,4.14,3.98 09:34:32 08/02/20
246,99.9,8.030001,1017.23,4.06,3.99 09:39:50 08/02/20
270,99.9,8.055,1017.45,4.07,4.0 09:45:03 08/02/20
275,99.9,8.13,1017.36,4.16,4.0 09:50:16 08/02/20
279,99.9,8.225,1017.31,4.07,4.0 09:55:33 08/02/20
283,99.9,8.315001,1017.42,4.71,4.01 10:00:51 08/02/20
298,99.9,8.405,1017.52,4.11,4.02 10:06:04 08/02/20
311,99.9,8.514999,1017.54,5.0,4.04 10:11:17 08/02/20
364,99.9,8.63,1017.56,4.29,4.2 10:16:31 08/02/20
383,99.9,9.01,1017.51,5.0,4.21 10:21:44 08/02/20
376,99.9,9.434999,1017.4,5.0,4.22 10:26:58 08/02/20
303,99.9,9.735001,1017.4,4.57,4.15 10:32:10 08/02/20
311,99.9,9.75,1017.3,4.38,4.13 10:37:24 08/02/20
301,99.9,9.74,1017.36,4.95,4.13 10:42:38 08/02/20
288,99.9,9.71,1017.44,4.23,4.1 10:47:50 08/02/20
297,99.9,9.64,1017.41,4.26,4.18 10:53:04 08/02/20
303,99.9,9.73,1017.47,5.0,4.17 10:58:18 08/02/20
295,99.9,9.75,1017.47,5.0,4.14 11:03:30 08/02/20
297,99.9,9.84,1017.46,4.68,4.19 11:08:44 08/02/20
319,99.9,9.94,1017.45,4.32,4.17 11:13:58 08/02/20
295,99.9,10.055,1017.44,5.0,4.15 11:19:10 08/02/20
319,99.9,10.135,1017.58,4.25,4.16 11:24:24 08/02/20
317,99.9,10.219999,1017.58,4.27,4.17 11:29:37 08/02/20
334,99.9,10.309999,1017.68,4.23,4.17 11:34:50 08/02/20
364,99.9,10.335,1017.67,4.34,4.21 11:40:04 08/02/20
347,99.9,10.42,1017.63,5.0,4.18 11:45:17 08/02/20
358,99.9,10.45,1017.67,4.31,4.18 11:50:31 08/02/20
377,99.9,10.54,1017.52,5.0,4.21 11:55:44 08/02/20
382,99.9,10.764999,1017.51,4.57,4.2 12:00:58 08/02/20
372,99.9,10.889999,1017.47,4.29,4.19 12:06:11 08/02/20
370,99.9,11.025,1017.47,4.25,4.19 12:11:28 08/02/20
376,99.9,11.18,1017.47,4.28,4.19 12:16:47 08/02/20
372,99.9,11.215,1017.53,4.27,4.18 12:22:00 08/02/20
370,99.9,11.3,1017.47,4.56,4.18 12:27:14 08/02/20
353,99.9,11.325001,1017.56,4.23,4.17 12:32:27 08/02/20
356,99.9,11.395,1017.5,4.24,4.17 12:37:41 08/02/20
346,99.9,11.41,1017.39,4.31,4.16 12:42:54 08/02/20
350,99.9,11.424999,1017.43,5.0,4.15 12:48:08 08/02/20
329,99.9,11.49,1017.39,5.0,4.15 12:53:21 08/02/20
326,99.9,11.505,1017.35,4.24,4.15 12:58:36 08/02/20
323,99.9,11.525,1017.26,4.22,4.14 13:03:52 08/02/20
297,99.9,11.595,1017.29,4.24,4.14 13:09:11 08/02/20
299,99.9,11.6,1017.37,5.0,4.16 13:14:24 08/02/20
339,99.9,11.6,1017.35,4.23,4.17 13:19:38 08/02/20
338,99.9,11.620001,1017.31,4.51,4.15 13:24:50 08/02/20
324,99.9,11.690001,1017.36,4.21,4.15 13:30:04 08/02/20
307,99.9,11.7,1017.4,4.5,4.15 13:35:22 08/02/20
284,99.9,11.705,1017.41,5.0,4.15 13:40:41 08/02/20
281,99.9,11.65,1017.41,4.22,4.15 13:45:54 08/02/20
260,99.9,11.635,1017.4,5.0,4.15 13:51:06 08/02/20
265,99.9,11.615,1017.34,5.0,4.14 13:56:21 08/02/20
289,99.9,11.610001,1017.19,5.0,4.15 14:01:36 08/02/20
315,99.9,11.605,1017.19,4.29,4.16 14:06:50 08/02/20
291,99.9,11.605,1017.18,4.22,4.15 14:12:02 08/02/20
268,99.9,11.559999,1017.18,5.0,4.15 14:17:16 08/02/20
267,99.9,11.610001,1017.11,5.0,4.15 14:22:30 08/02/20
279,99.9,11.615,1017.07,5.0,4.16 14:27:43 08/02/20
264,99.9,11.559999,1017.01,5.0,4.15 14:32:57 08/02/20
263,99.9,11.620001,1016.95,5.0,4.14 14:38:09 08/02/20
245,99.9,11.57,1017.01,4.23,4.15 14:43:22 08/02/20
220,99.9,11.625,1016.98,5.0,4.15 14:48:37 08/02/20
193,99.9,11.625,1017.06,5.0,4.15 14:53:51 08/02/20
177,99.9,11.575,1017.14,4.47,4.14 14:59:03 08/02/20
191,99.9,11.555,1017.1,4.93,4.14 15:04:18 08/02/20
195,99.9,11.49,1017.13,4.42,4.13 15:09:35 08/02/20
172,99.9,11.465,1017.23,5.0,4.13 15:14:57 08/02/20
159,99.9,11.445,1017.22,5.0,4.12 15:20:16 08/02/20
177,99.9,11.38,1017.12,5.0,4.12 15:25:29 08/02/20
155,99.9,11.355,1017.37,4.39,4.11 15:30:43 08/02/20
241,99.9,11.335,1017.21,5.0,4.12 15:35:56 08/02/20
231,99.9,11.27,1017.18,5.0,4.13 15:41:10 08/02/20
151,99.9,11.264999,1017.37,4.2,4.12 15:46:22 08/02/20
150,99.9,11.25,1017.33,4.7,4.11 15:51:37 08/02/20
137,99.9,11.225,1017.4,4.63,4.11 15:56:50 08/02/20
217,99.9,11.16,1017.14,5.0,4.11 16:02:05 08/02/20
171,99.9,11.15,1017.22,4.77,4.11 16:07:18 08/02/20
153,99.9,11.085,1017.3,4.44,4.1 16:12:32 08/02/20
151,99.9,11.07,1017.32,4.2,4.09 16:17:48 08/02/20
136,99.9,11.004999,1017.36,4.35,4.09 16:23:10 08/02/20
151,99.9,11.04,1017.33,4.65,4.08 16:28:37 08/02/20
155,99.9,10.969999,1017.34,4.42,4.08 16:33:54 08/02/20
158,99.9,10.94,1017.38,5.0,4.08 16:39:12 08/02/20
151,99.9,10.865,1017.49,4.71,4.08 16:44:27 08/02/20
146,99.9,10.785,1017.5,4.26,4.08 16:49:39 08/02/20
129,99.9,10.76,1017.6,4.48,4.08 16:54:52 08/02/20
117,99.9,10.685,1017.65,4.2,4.07 17:00:07 08/02/20
114,99.9,10.66,1017.73,4.17,4.07 17:05:20 08/02/20
116,99.9,10.594999,1017.79,4.17,4.07 17:10:33 08/02/20
97,99.9,10.57,1017.8,4.12,4.06 17:15:47 08/02/20
96,99.9,10.55,1017.82,4.08,4.06 17:21:00 08/02/20
87,99.9,10.495,1017.91,3.74,4.06 17:26:14 08/02/20
64,99.9,10.475,1017.94,2.99,4.06 17:31:27 08/02/20
65,99.9,10.455,1017.89,2.72,4.05 17:36:44 08/02/20
60,99.9,10.385,1017.81,2.7,4.05 17:42:03 08/02/20
54,99.9,10.424999,1017.9,2.46,4.05 17:47:16 08/02/20
42,99.9,10.360001,1017.96,1.97,4.05 17:52:29 08/02/20
35,99.9,10.29,1018.01,1.5,4.05 17:57:43 08/02/20
24,99.9,10.34,1017.99,0.78,4.04 18:02:56 08/02/20
21,99.9,10.28,1018.02,0.24,4.04 18:08:13 08/02/20
15,99.9,10.28,1018.11,0.08,4.04 18:13:31 08/02/20
11,99.9,10.27,1018.09,0.03,4.04 18:18:43 08/02/20
13,99.9,10.255,1018.09,0.01,4.04 18:23:58 08/02/20
14,99.9,10.235001,1018.03,0.0,4.04 18:29:12 08/02/20
15,99.9,10.175,1017.89,0.0,4.04 18:34:26 08/02/20
14,99.9,10.16,1017.76,0.0,4.04 18:39:41 08/02/20
15,99.9,10.155001,1017.63,0.0,4.04 18:44:52 08/02/20
15,99.9,10.085,1017.65,0.0,4.03 18:50:05 08/02/20
21,99.9,10.065001,1017.66,0.0,4.03 18:55:22 08/02/20
17,99.9,10.059999,1017.64,0.0,4.03 19:00:40 08/02/20
19,99.9,10.05,1017.77,0.0,4.03 19:05:54 08/02/20
19,99.9,9.995,1017.83,0.0,4.03 19:11:07 08/02/20
24,99.9,9.98,1017.88,0.0,4.03 19:16:24 08/02/20
20,99.9,9.975,1017.9,0.0,3.99 19:21:43 08/02/20
22,99.9,9.915,1018.01,0.0,4.02 19:26:56 08/02/20
15,99.9,9.889999,1018.08,0.0,4.02 19:32:07 08/02/20
22,99.9,9.875,1018.15,0.0,4.02 19:37:23 08/02/20
24,99.9,9.860001,1018.25,0.0,4.02 19:42:36 08/02/20
23,99.9,9.79,1018.32,0.0,4.02 19:47:49 08/02/20
30,99.9,9.775,1018.34,0.0,4.02 19:53:06 08/02/20
25,99.9,9.77,1018.34,0.0,4.02 19:58:24 08/02/20
27,99.9,9.764999,1018.46,0.0,4.02 20:03:38 08/02/20
28,99.9,9.71,1018.46,0.0,4.02 20:08:52 08/02/20
27,99.9,9.71,1018.45,0.0,4.02 20:14:04 08/02/20
28,99.9,9.705,1018.54,0.0,4.02 20:19:18 08/02/20
29,99.9,9.72,1018.6,0.0,4.01 20:24:32 08/02/20
25,99.9,9.775,1018.62,0.0,4.01 20:29:43 08/02/20
30,99.9,9.775,1018.65,0.0,4.01 20:34:58 08/02/20
31,99.9,9.785,1018.72,0.0,4.01 20:40:12 08/02/20
29,99.9,9.785,1018.65,0.0,4.01 20:45:24 08/02/20
30,99.9,9.775,1018.67,0.0,4.01 20:50:38 08/02/20
24,99.9,9.715,1018.57,0.0,4.01 20:55:50 08/02/20
30,99.9,9.705,1018.4,0.0,4.01 21:01:04 08/02/20
32,99.9,9.690001,1018.48,0.0,4.01 21:06:18 08/02/20
32,99.9,9.675,1018.55,0.0,4.01 21:11:32 08/02/20
31,99.9,9.655001,1018.59,0.0,4.01 21:16:44 08/02/20
33,99.9,9.645,1018.45,0.0,4.0 21:21:58 08/02/20
33,99.9,9.59,1018.47,0.02,4.01 21:27:12 08/02/20
31,99.9,9.52,1018.54,0.01,4.0 21:32:24 08/02/20
32,99.9,9.5,1018.42,0.0,4.0 21:37:38 08/02/20
33,99.9,9.49,1018.44,0.01,4.0 21:42:51 08/02/20
33,99.9,9.465,1018.3,0.03,4.0 21:48:04 08/02/20
40,99.9,9.395,1018.27,0.03,4.0 21:53:21 08/02/20
33,99.9,9.365,1018.17,0.03,4.0 21:58:39 08/02/20
35,99.9,9.29,1018.22,0.03,4.0 22:03:53 08/02/20
35,99.9,9.190001,1018.14,0.03,4.0 22:09:06 08/02/20
33,99.9,9.1,1018.05,0.03,4.0 22:14:19 08/02/20
33,99.9,8.99,1018.02,0.03,4.0 22:19:32 08/02/20
34,99.9,8.88,1017.94,0.03,4.0 22:24:46 08/02/20
35,99.9,8.71,1017.89,0.05,3.98 22:29:59 08/02/20
35,99.9,8.610001,1017.73,0.04,4.0 22:35:13 08/02/20
34,99.9,8.515,1017.74,0.04,3.99 22:40:25 08/02/20
34,99.9,8.41,1017.65,0.04,3.99 22:45:38 08/02/20
35,99.9,8.309999,1017.62,0.04,3.99 22:50:52 08/02/20
36,99.9,8.205,1017.58,0.04,3.99 22:56:05 08/02/20
36,99.9,8.165,1017.63,0.04,3.99 23:01:18 08/02/20
37,99.9,8.03,1017.51,0.04,3.99 23:06:32 08/02/20
35,99.9,7.99,1017.33,0.04,3.99 23:11:44 08/02/20
36,99.9,7.905,1017.34,0.04,3.99 23:16:57 08/02/20
37,99.9,7.815,1017.23,0.04,3.98 23:22:10 08/02/20
36,99.9,7.7250004,1017.16,0.05,3.99 23:27:23 08/02/20
37,99.9,7.6949997,1017.08,0.05,3.99 23:32:37 08/02/20
46,99.9,7.61,1017.01,0.05,3.98 23:37:53 08/02/20
37,99.9,7.585,1017.07,0.05,3.98 23:43:11 08/02/20
38,99.9,7.5,1017.06,0.05,3.98 23:48:24 08/02/20
39,99.9,7.415,1017.01,0.05,3.98 23:53:37 08/02/20
39,99.9,7.385,1016.93,0.05,3.98 23:58:50 08/02/20
