30,99.9,5.125,998.03,0.01,3.99 00:01:21 11/02/20
44,99.9,5.13,998.11,0.01,3.98 00:06:38 11/02/20
31,99.9,5.1400003,998.25,0.01,3.99 00:11:55 11/02/20
35,99.9,5.13,998.38,0.01,3.98 00:17:08 11/02/20
28,99.9,5.06,998.47,0.01,3.99 00:22:20 11/02/20
37,99.9,5.035,998.4,0.01,3.98 00:27:34 11/02/20
50,99.9,5.025,998.58,0.01,3.98 00:32:55 11/02/20
39,99.9,5.025,998.49,0.01,3.98 00:38:08 11/02/20
32,99.9,5.0150003,998.55,0.01,3.98 00:43:20 11/02/20
36,99.9,5.025,998.66,0.0,3.98 00:48:33 11/02/20
40,99.9,5.0299997,998.78,0.0,3.98 00:53:47 11/02/20
39,99.9,5.1099997,998.88,0.0,3.98 00:58:59 11/02/20
32,99.9,5.185,999.03,0.0,3.98 01:04:11 11/02/20
36,99.9,5.205,999.22,0.01,3.98 01:09:23 11/02/20
39,99.9,5.285,999.22,0.0,3.97 01:14:37 11/02/20
32,99.9,5.3149996,999.19,0.0,3.98 01:19:48 11/02/20
45,99.9,5.395,999.21,0.0,3.98 01:25:03 11/02/20
31,99.9,5.49,999.24,0.0,3.98 01:30:15 11/02/20
34,99.9,5.56,999.24,0.01,3.98 01:35:31 11/02/20
23,99.9,5.5699997,999.33,0.01,3.98 01:40:39 11/02/20
34,99.9,5.59,999.27,0.02,3.97 01:45:55 11/02/20
32,99.9,5.58,999.39,0.02,3.97 01:51:07 11/02/20
33,99.9,5.6,999.47,0.02,3.97 01:56:20 11/02/20
27,99.9,5.6,999.62,0.02,3.97 02:01:32 11/02/20
30,99.9,5.6,999.48,0.02,3.97 02:06:45 11/02/20
21,99.9,5.66,999.62,0.0,3.98 02:11:56 11/02/20
30,99.9,5.6800003,999.55,0.0,3.97 02:17:11 11/02/20
29,99.9,5.75,999.46,0.02,3.97 02:22:24 11/02/20
28,99.9,5.7,999.65,0.02,3.97 02:27:37 11/02/20
24,99.9,5.7,999.91,0.02,3.97 02:32:49 11/02/20
31,99.9,5.69,999.93,0.02,3.97 02:38:04 11/02/20
27,99.9,5.75,1000.0,0.01,3.97 02:43:15 11/02/20
33,99.9,5.6949997,1000.14,0.02,3.97 02:48:33 11/02/20
26,99.9,5.685,1000.32,0.02,3.97 02:53:49 11/02/20
26,99.9,5.685,1000.32,0.02,3.97 02:59:02 11/02/20
20,99.9,5.6800003,1000.38,0.03,3.97 03:04:14 11/02/20
20,99.9,5.685,1000.31,0.02,3.97 03:09:26 11/02/20
20,99.9,5.74,1000.4,0.02,3.97 03:14:39 11/02/20
21,99.9,5.75,1000.54,0.0,3.97 03:19:53 11/02/20
25,99.9,5.755,1000.42,0.0,3.96 03:25:07 11/02/20
29,99.9,5.7799997,1000.52,0.0,3.96 03:30:23 11/02/20
29,99.9,5.785,1000.4,0.02,3.96 03:35:44 11/02/20
19,99.9,5.7749996,1000.6,0.02,3.97 03:41:00 11/02/20
18,99.9,5.7749996,1000.75,0.02,3.96 03:46:13 11/02/20
29,99.9,5.71,1000.8,0.02,3.96 03:51:35 11/02/20
23,99.9,5.69,1000.75,0.02,3.96 03:56:49 11/02/20
23,99.9,5.7349997,1000.72,0.01,3.96 04:02:02 11/02/20
24,99.9,5.685,1000.85,0.02,3.96 04:07:15 11/02/20
21,99.9,5.7349997,1000.91,0.01,3.96 04:12:28 11/02/20
21,99.9,5.7349997,1000.92,0.02,3.96 04:17:40 11/02/20
13,99.9,5.75,1000.94,0.02,3.96 04:22:51 11/02/20
19,99.9,5.74,1000.88,0.02,3.96 04:28:06 11/02/20
21,99.9,5.74,1000.93,0.02,3.96 04:33:20 11/02/20
27,99.9,5.685,1001.07,0.02,3.96 04:38:47 11/02/20
19,99.9,5.74,1001.22,0.02,3.96 04:44:02 11/02/20
19,99.9,5.665,1001.16,0.02,3.96 04:49:15 11/02/20
19,99.9,5.6549997,1001.08,0.01,3.96 04:54:28 11/02/20
28,99.9,5.665,1001.15,0.02,3.96 04:59:58 11/02/20
18,99.9,5.7349997,1001.13,0.02,3.96 05:05:11 11/02/20
12,99.9,5.745,1001.18,0.0,3.96 05:10:21 11/02/20
14,99.9,6.67,1001.49,0.01,3.93 05:29:58 11/02/20
17,99.9,6.33,1001.6,0.01,3.94 05:35:14 11/02/20
23,99.9,6.79,1001.78,0.01,3.91 05:55:03 11/02/20
23,99.9,6.415,1001.79,0.01,3.92 06:00:34 11/02/20
6,99.9,6.785,1001.96,0.01,3.9 06:34:31 11/02/20
13,99.9,6.715,1001.89,0.0,3.89 06:54:12 11/02/20
15,99.9,6.435,1001.91,0.01,3.9 06:59:36 11/02/20
139,99.9,7.08,1003.03,4.34,3.85 08:16:44 11/02/20
144,99.9,6.735,1003.2,4.74,3.87 08:22:01 11/02/20
210,99.9,6.9049997,1003.17,3.92,3.85 08:41:41 11/02/20
255,99.9,6.56,1003.27,3.95,3.89 08:46:56 11/02/20
273,99.9,7.11,1003.49,4.58,3.88 09:20:57 11/02/20
254,99.9,7.4049997,1003.63,5.0,3.89 09:40:46 11/02/20
364,99.9,7.5249996,1003.9,4.75,3.98 10:14:48 11/02/20
367,99.9,7.295,1003.98,4.08,3.99 10:20:07 11/02/20
359,99.9,7.14,1004.01,4.08,3.99 10:25:19 11/02/20
345,99.9,7.0699997,1004.09,4.06,3.98 10:30:32 11/02/20
337,99.9,7.045,1004.0,5.0,3.98 10:35:46 11/02/20
352,99.9,7.06,1004.01,4.91,3.99 10:41:06 11/02/20
362,99.9,7.1499996,1004.1,4.11,4.01 10:46:20 11/02/20
359,99.9,7.17,1004.0,4.14,4.01 10:51:33 11/02/20
358,99.9,7.265,1004.29,4.11,4.02 10:56:47 11/02/20
372,99.9,7.335,1004.27,4.12,4.02 11:02:08 11/02/20
346,99.9,7.3450003,1004.29,4.12,4.02 11:07:24 11/02/20
376,99.9,7.325,1004.48,4.14,4.05 11:12:46 11/02/20
351,99.9,7.3450003,1004.51,5.0,4.04 11:18:04 11/02/20
347,99.9,7.355,1004.48,4.13,4.05 11:23:16 11/02/20
362,99.9,7.36,1004.59,4.16,4.06 11:28:30 11/02/20
378,99.9,7.37,1004.68,4.39,4.09 11:33:44 11/02/20
373,99.9,7.4700003,1004.73,4.24,4.08 11:39:19 11/02/20
352,99.9,7.62,1004.79,4.17,4.11 11:44:34 11/02/20
383,99.9,7.55,1004.91,5.0,4.14 11:49:51 11/02/20
310,99.9,7.625,1004.98,5.0,4.1 11:55:10 11/02/20
343,99.9,7.555,1004.89,4.21,4.15 12:00:22 11/02/20
340,99.9,7.555,1004.85,5.0,4.13 12:05:35 11/02/20
341,99.9,7.545,1005.07,4.24,4.14 12:10:56 11/02/20
344,99.9,7.46,1004.93,4.33,4.18 12:16:11 11/02/20
351,99.9,7.495,1005.03,5.0,4.16 12:21:32 11/02/20
376,99.9,7.6400003,1004.85,4.35,4.19 12:26:57 11/02/20
374,99.9,7.8050003,1004.65,4.27,4.17 12:32:15 11/02/20
350,99.9,7.915,1004.73,4.46,4.16 12:37:32 11/02/20
349,99.9,7.9300003,1004.59,4.62,4.14 12:42:58 11/02/20
370,99.9,7.855,1004.92,4.39,4.15 12:48:15 11/02/20
376,99.9,7.835,1004.9,5.0,4.17 12:53:49 11/02/20
393,99.7,7.8450003,1004.76,5.0,4.18 12:59:20 11/02/20
333,99.6,7.85,1004.63,4.33,4.14 13:04:45 11/02/20
352,99.8,7.85,1004.84,4.39,4.14 13:10:16 11/02/20
447,99.9,7.9350004,1004.81,5.0,4.22 13:15:39 11/02/20
441,99.9,8.21,1004.69,5.0,4.22 13:21:09 11/02/20
296,99.9,8.33,1004.87,4.49,4.13 13:26:29 11/02/20
340,98.7,8.08,1004.81,4.98,4.15 13:31:56 11/02/20
253,95.7,9.635,1004.71,5.0,4.08 14:20:18 11/02/20
406,98.1,9.434999,1004.61,5.0,4.22 14:39:57 11/02/20
397,97.9,9.235001,1004.73,5.0,4.23 14:45:09 11/02/20
401,98.2,8.969999,1004.63,5.0,4.23 14:50:27 11/02/20
437,96.2,9.725,1004.61,5.0,4.22 15:10:21 11/02/20
377,96.6,9.4,1004.69,4.23,4.17 15:15:42 11/02/20
314,96.3,8.895,1004.72,5.0,4.14 15:21:06 11/02/20
314,96.5,8.6,1004.7,4.28,4.15 15:26:27 11/02/20
282,96.2,8.375,1004.73,4.24,4.14 15:31:44 11/02/20
345,95.2,8.809999,1004.67,5.0,4.16 15:51:25 11/02/20
299,95.7,8.49,1004.66,4.23,4.13 15:56:43 11/02/20
317,96.4,8.225,1004.84,4.31,4.18 16:02:04 11/02/20
317,95.8,9.0,1004.82,5.0,4.23 16:21:40 11/02/20
296,96.2,8.79,1004.85,4.24,4.14 16:26:54 11/02/20
249,97.3,8.46,1004.95,4.25,4.13 16:32:12 11/02/20
235,97.2,8.24,1005.05,4.38,4.15 16:37:36 11/02/20
217,96.6,8.059999,1005.01,4.26,4.14 16:42:50 11/02/20
214,97.0,7.9449997,1005.15,4.48,4.14 16:48:15 11/02/20
203,96.9,7.855,1005.32,5.0,4.15 16:53:34 11/02/20
244,97.3,7.775,1005.31,5.0,4.16 16:58:46 11/02/20
198,97.5,7.7599998,1005.37,4.25,4.11 17:04:17 11/02/20
177,97.6,7.7599998,1005.34,4.24,4.14 17:09:34 11/02/20
149,97.8,7.745,1005.38,5.0,4.13 17:14:52 11/02/20
147,98.0,7.665,1005.31,4.97,4.13 17:20:08 11/02/20
148,97.9,7.575,1005.49,5.0,4.11 17:25:38 11/02/20
137,98.1,7.57,1005.6,4.71,4.1 17:31:00 11/02/20
115,98.1,7.5,1005.71,4.47,4.1 17:36:20 11/02/20
114,98.5,7.45,1005.83,4.65,4.09 17:41:41 11/02/20
92,98.3,7.365,1005.58,4.51,4.09 17:46:53 11/02/20
81,99.0,7.29,1005.67,4.17,4.08 17:52:14 11/02/20
52,99.5,7.265,1005.92,3.57,4.07 17:57:32 11/02/20
40,99.8,7.26,1005.95,3.0,4.07 18:02:53 11/02/20
24,99.9,7.19,1006.1,1.68,4.07 18:08:15 11/02/20
15,99.9,7.1949997,1006.36,0.77,4.06 18:13:50 11/02/20
9,99.9,7.185,1006.31,0.41,4.06 18:19:03 11/02/20
2,98.5,7.7349997,1006.59,0.01,4.0 18:38:40 11/02/20
1,99.2,7.325,1006.84,0.0,4.01 18:43:52 11/02/20
3,98.4,7.7300005,1007.38,0.0,3.98 19:03:27 11/02/20
2,98.2,7.385,1007.83,0.0,3.94 19:51:58 11/02/20
1,99.0,6.995,1007.95,0.0,3.95 19:57:11 11/02/20
2,99.7,6.75,1007.91,0.0,3.95 20:02:24 11/02/20
1,99.9,6.5950003,1007.96,0.0,3.96 20:07:40 11/02/20
1,99.9,6.565,1007.88,0.0,3.96 20:12:51 11/02/20
1,98.7,7.325,1008.1,0.0,3.93 20:32:26 11/02/20
2,99.3,6.895,1008.2,0.0,3.94 20:37:44 11/02/20
1,99.9,6.6499996,1008.29,0.0,3.94 20:43:04 11/02/20
1,99.9,6.495,1008.3,0.0,3.94 20:48:24 11/02/20
1,99.9,6.48,1008.53,0.0,3.94 20:53:38 11/02/20
1,99.9,6.48,1008.63,0.0,3.95 20:58:57 11/02/20
2,99.9,6.485,1008.54,0.0,3.95 21:04:12 11/02/20
1,99.9,6.545,1008.67,0.0,3.95 21:09:31 11/02/20
1,99.9,6.54,1008.62,0.0,3.95 21:14:44 11/02/20
1,99.9,6.5,1008.68,0.0,3.94 21:19:55 11/02/20
0,99.9,6.485,1008.55,0.0,3.95 21:25:10 11/02/20
1,99.9,6.415,1008.68,0.0,3.95 21:30:24 11/02/20
1,99.9,6.395,1008.59,0.0,3.94 21:35:36 11/02/20
1,99.9,6.31,1008.71,0.0,3.94 21:40:48 11/02/20
1,99.9,6.29,1008.67,0.0,3.95 21:46:01 11/02/20
2,99.9,6.285,1008.72,0.0,3.94 21:51:18 11/02/20
1,99.9,6.2,1008.75,0.0,3.94 21:56:36 11/02/20
0,99.9,6.2,1008.71,0.0,3.94 22:01:49 11/02/20
1,99.9,6.2,1008.78,0.0,3.94 22:07:05 11/02/20
0,99.9,6.2200003,1008.93,0.0,3.94 22:12:21 11/02/20
1,99.9,6.25,1009.03,0.0,3.94 22:17:34 11/02/20
1,99.9,6.1949997,1009.07,0.0,3.94 22:22:49 11/02/20
0,99.9,6.19,1009.12,0.0,3.94 22:28:02 11/02/20
1,99.9,6.115,1009.23,0.0,3.94 22:33:17 11/02/20
1,99.9,6.09,1009.34,0.0,3.94 22:38:28 11/02/20
1,99.9,6.0150003,1009.32,0.0,3.94 22:43:40 11/02/20
1,99.9,6.0,1009.17,0.0,3.94 22:48:53 11/02/20
0,99.9,5.915,1009.31,0.0,3.94 22:54:06 11/02/20
0,99.9,5.91,1009.38,0.0,3.94 22:59:18 11/02/20
1,99.9,5.87,1009.28,0.0,3.94 23:04:32 11/02/20
1,99.9,5.855,1009.26,0.0,3.94 23:09:45 11/02/20
1,99.9,5.865,1009.3,0.0,3.93 23:15:02 11/02/20
2,99.9,5.805,1009.32,0.0,3.94 23:20:19 11/02/20
1,99.9,5.77,1009.22,0.0,3.94 23:25:33 11/02/20
1,99.9,5.71,1009.24,0.0,3.93 23:30:45 11/02/20
1,99.9,5.75,1009.19,0.0,3.93 23:36:02 11/02/20
1,99.9,5.6949997,1009.18,0.0,3.93 23:41:20 11/02/20
1,99.9,5.67,1009.13,0.0,3.93 23:46:32 11/02/20
1,99.9,5.665,1009.11,0.0,3.93 23:51:45 11/02/20
2,99.9,5.6099997,1009.09,0.0,3.93 23:56:58 11/02/20
