34,99.9,8.565001,1005.08,0.0,3.8 00:02:40 14/02/20
28,99.9,9.365,1006.0,0.0,3.76 00:36:39 14/02/20
34,99.9,9.06,1006.02,0.0,3.77 00:41:55 14/02/20
33,99.9,9.34,1006.75,0.0,3.74 01:15:55 14/02/20
39,99.9,9.23,1007.49,0.0,3.73 01:35:34 14/02/20
40,99.9,8.8,1007.65,0.0,3.74 01:40:56 14/02/20
49,99.9,9.025,1008.34,0.0,3.7 02:15:08 14/02/20
29,99.9,8.695,1008.45,0.0,3.71 02:20:20 14/02/20
39,99.9,8.33,1008.52,0.0,3.72 02:25:35 14/02/20
50,99.9,8.165,1008.68,0.0,3.71 02:31:01 14/02/20
46,99.9,8.07,1008.74,0.0,3.72 02:36:26 14/02/20
36,99.9,7.99,1008.87,0.0,3.72 02:41:43 14/02/20
22,99.9,7.965,1009.04,0.0,3.72 02:46:59 14/02/20
33,99.9,7.835,1009.21,0.0,3.72 02:52:14 14/02/20
33,99.9,7.745,1009.28,0.0,3.72 02:57:28 14/02/20
32,99.9,8.83,1009.71,0.0,3.68 03:17:13 14/02/20
27,99.9,8.635,1010.82,0.0,3.58 04:19:58 14/02/20
53,99.9,8.190001,1011.0,0.0,3.6 04:25:24 14/02/20
25,99.9,8.41,1011.77,0.0,3.36 04:59:29 14/02/20
56,99.9,8.0199995,1012.06,0.0,3.39 05:04:50 14/02/20
60,99.9,7.73,1012.18,0.0,3.4 05:10:16 14/02/20
27,99.9,7.57,1012.21,0.0,3.42 05:15:31 14/02/20
40,99.9,7.4700003,1012.31,0.0,3.42 05:20:46 14/02/20
41,99.9,7.4,1012.49,0.0,3.42 05:25:59 14/02/20
43,99.9,7.37,1012.58,0.0,3.42 05:31:12 14/02/20
43,99.9,7.3,1012.82,0.0,3.42 05:36:26 14/02/20
37,99.9,7.2799997,1012.87,0.0,3.42 05:41:40 14/02/20
43,99.9,7.225,1013.04,0.0,3.42 05:46:51 14/02/20
52,99.9,7.225,1013.17,0.0,3.41 05:52:08 14/02/20
30,99.9,7.225,1013.23,0.0,3.41 05:57:25 14/02/20
41,99.9,7.21,1013.32,0.0,3.41 06:02:39 14/02/20
39,99.9,7.205,1013.25,0.0,3.41 06:07:52 14/02/20
5,99.9,8.435,1020.97,0.0,3.75 21:49:38 14/02/20
4,99.9,8.74,1020.81,0.0,3.75 21:54:51 14/02/20
4,99.9,8.775,1020.76,0.0,3.73 22:00:04 14/02/20
2,99.9,8.85,1020.79,0.0,3.73 22:05:16 14/02/20
4,99.9,8.860001,1020.75,0.0,3.72 22:10:31 14/02/20
2,99.9,8.865,1020.6,0.0,3.72 22:15:42 14/02/20
3,99.9,8.799999,1020.5,0.0,3.71 22:20:57 14/02/20
3,99.9,8.715,1020.6,0.0,3.71 22:26:10 14/02/20
4,99.9,8.68,1020.59,0.0,3.71 22:31:25 14/02/20
4,99.9,8.58,1020.53,0.0,3.71 22:36:37 14/02/20
4,99.9,8.49,1020.45,0.0,3.71 22:41:51 14/02/20
3,99.9,8.395,1020.41,0.0,3.71 22:47:03 14/02/20
3,99.9,8.295,1020.33,0.0,3.71 22:52:16 14/02/20
1,99.9,8.205,1020.18,0.0,3.71 22:57:28 14/02/20
3,99.9,8.165,1020.29,0.0,3.7 23:02:43 14/02/20
3,99.9,8.09,1020.31,0.0,3.7 23:07:57 14/02/20
3,99.9,8.015,1020.38,0.0,3.7 23:13:09 14/02/20
2,99.9,7.99,1020.19,0.0,3.7 23:18:20 14/02/20
4,99.9,7.92,1020.12,0.0,3.7 23:23:35 14/02/20
5,99.9,7.905,1020.07,0.0,3.7 23:28:52 14/02/20
4,99.9,7.9,1020.0,0.0,3.7 23:34:10 14/02/20
3,99.9,7.83,1019.91,0.0,3.7 23:39:23 14/02/20
4,99.9,7.81,1019.93,0.0,3.7 23:44:36 14/02/20
7,99.9,7.8199997,1020.01,0.0,3.7 23:49:53 14/02/20
4,99.9,7.8650002,1020.01,0.0,3.69 23:55:11 14/02/20
