1,99.9,9.035,1015.85,0.0,4.01 00:02:43 18/02/20
3,99.9,9.0,1015.95,0.0,4.01 00:08:02 18/02/20
2,99.9,8.915,1016.03,0.0,4.0 00:13:21 18/02/20
4,99.9,8.895,1016.17,0.0,4.0 00:18:42 18/02/20
2,99.9,8.835,1016.22,0.0,4.01 00:23:55 18/02/20
2,99.9,8.809999,1016.2,0.0,4.01 00:29:08 18/02/20
3,99.9,8.79,1016.36,0.0,4.0 00:34:22 18/02/20
5,99.9,8.735001,1016.53,0.0,4.0 00:39:40 18/02/20
3,99.9,8.799999,1016.64,0.0,4.01 00:44:57 18/02/20
3,99.9,8.79,1016.73,0.0,4.0 00:50:11 18/02/20
3,99.9,8.78,1016.72,0.0,4.0 00:55:23 18/02/20
2,99.9,8.735001,1016.7,0.0,4.0 01:00:37 18/02/20
3,99.9,8.73,1016.77,0.0,4.0 01:05:50 18/02/20
3,99.9,8.715,1016.78,0.0,4.0 01:11:03 18/02/20
2,99.9,8.715,1016.89,0.0,4.0 01:16:16 18/02/20
2,99.9,8.700001,1016.81,0.0,4.0 01:21:29 18/02/20
2,99.9,8.635,1017.01,0.0,4.0 01:26:43 18/02/20
2,99.9,8.605,1016.99,0.0,4.0 01:31:56 18/02/20
2,99.9,8.55,1017.1,0.0,4.0 01:37:09 18/02/20
2,99.9,8.525,1017.23,0.0,4.0 01:42:22 18/02/20
3,99.9,8.51,1017.22,0.0,3.99 01:47:39 18/02/20
2,99.9,8.440001,1017.26,0.0,4.0 01:52:57 18/02/20
4,99.9,8.41,1017.39,0.0,3.99 01:58:14 18/02/20
2,99.9,8.389999,1017.44,0.0,3.99 02:03:32 18/02/20
2,99.9,8.325,1017.39,0.0,3.99 02:08:45 18/02/20
4,99.9,8.315001,1017.42,0.0,3.99 02:14:02 18/02/20
1,99.9,8.305,1017.55,0.0,3.99 02:19:18 18/02/20
2,99.9,8.299999,1017.63,0.0,3.99 02:24:33 18/02/20
4,99.9,8.225,1017.63,0.0,3.99 02:29:50 18/02/20
2,99.9,8.225,1017.7,0.0,3.99 02:35:08 18/02/20
2,99.9,8.215,1017.78,0.0,3.99 02:40:21 18/02/20
2,99.9,8.21,1017.96,0.0,3.99 02:45:35 18/02/20
2,99.9,8.195,1018.08,0.0,3.99 02:50:48 18/02/20
1,99.9,8.135,1018.17,0.0,3.99 02:55:59 18/02/20
2,99.9,8.12,1018.16,0.0,3.96 03:01:14 18/02/20
2,99.9,8.045,1018.13,0.0,3.99 03:06:28 18/02/20
2,99.9,8.09,1018.26,0.0,3.99 03:11:40 18/02/20
1,99.9,8.01,1018.35,0.0,3.99 03:16:53 18/02/20
1,99.9,7.9300003,1018.27,0.0,3.99 03:22:06 18/02/20
1,99.9,7.855,1018.21,0.0,3.99 03:27:20 18/02/20
1,99.9,7.815,1018.26,0.0,3.98 03:32:33 18/02/20
1,99.9,7.745,1018.23,0.0,3.96 03:37:46 18/02/20
1,99.9,7.635,1018.34,0.0,3.98 03:42:59 18/02/20
1,99.9,7.615,1018.45,0.0,3.98 03:48:13 18/02/20
1,99.9,7.535,1018.31,0.0,3.98 03:53:26 18/02/20
1,99.9,7.5200005,1018.45,0.0,3.98 03:58:38 18/02/20
1,99.9,7.445,1018.43,0.0,3.98 04:03:51 18/02/20
1,99.9,7.35,1018.5,0.0,3.98 04:09:04 18/02/20
0,99.9,7.335,1018.57,0.0,3.98 04:14:17 18/02/20
1,99.9,7.31,1018.59,0.0,3.98 04:19:33 18/02/20
1,99.9,7.285,1018.84,0.0,3.98 04:24:44 18/02/20
2,99.9,7.225,1018.9,0.0,3.98 04:30:00 18/02/20
0,99.9,7.21,1018.87,0.0,3.98 04:35:17 18/02/20
1,99.9,7.135,1018.87,0.0,3.98 04:40:32 18/02/20
1,99.9,7.125,1018.83,0.0,3.98 04:45:44 18/02/20
1,99.9,7.125,1018.77,0.0,3.98 04:50:57 18/02/20
1,99.9,7.13,1018.87,0.0,3.98 04:56:10 18/02/20
1,99.9,7.13,1018.89,0.0,3.98 05:01:23 18/02/20
1,99.9,7.125,1019.02,0.0,3.98 05:06:36 18/02/20
1,99.9,7.125,1018.94,0.0,3.98 05:11:49 18/02/20
2,99.9,7.13,1019.1,0.0,3.98 05:17:02 18/02/20
2,99.9,7.1949997,1019.15,0.0,3.97 05:22:15 18/02/20
1,99.9,7.205,1019.21,0.0,3.97 05:27:28 18/02/20
1,99.9,7.205,1019.25,0.0,3.97 05:32:44 18/02/20
1,99.9,7.13,1019.18,0.0,3.97 05:37:54 18/02/20
2,99.9,7.1400003,1019.34,0.0,3.97 05:43:08 18/02/20
1,99.9,7.125,1019.29,0.0,3.97 05:48:21 18/02/20
1,99.9,7.09,1019.38,0.0,3.97 05:53:34 18/02/20
2,99.9,7.02,1019.3,0.0,3.97 05:58:50 18/02/20
1,99.9,6.9350004,1019.25,0.0,3.97 06:04:09 18/02/20
1,99.9,6.92,1019.29,0.0,3.97 06:09:22 18/02/20
0,99.9,6.8900003,1019.39,0.0,3.97 06:14:35 18/02/20
1,99.9,6.8149996,1019.45,0.0,3.97 06:19:48 18/02/20
1,99.9,6.8,1019.5,0.0,3.97 06:25:01 18/02/20
1,99.9,6.7200003,1019.49,0.0,3.97 06:30:13 18/02/20
1,99.9,6.645,1019.5,0.0,3.97 06:35:26 18/02/20
1,99.9,6.625,1019.48,0.0,3.97 06:40:39 18/02/20
1,99.9,6.615,1019.68,0.0,3.97 06:45:52 18/02/20
0,99.9,6.5950003,1019.62,0.0,3.97 06:51:03 18/02/20
2,99.9,6.505,1019.69,0.0,3.96 06:56:18 18/02/20
3,99.9,6.505,1019.83,0.02,3.96 07:01:31 18/02/20
4,99.9,6.51,1019.73,0.06,3.96 07:06:44 18/02/20
7,99.9,6.52,1019.83,0.2,3.96 07:12:00 18/02/20
10,99.9,6.5299997,1019.9,0.45,3.96 07:17:19 18/02/20
14,99.9,6.59,1019.94,1.0,3.96 07:22:29 18/02/20
24,99.9,6.5550003,1019.92,1.79,3.96 07:27:44 18/02/20
39,99.9,6.6099997,1020.0,2.71,3.96 07:32:57 18/02/20
57,99.9,6.615,1020.05,3.6,3.96 07:38:10 18/02/20
75,99.9,6.605,1020.1,4.09,3.96 07:43:23 18/02/20
93,99.9,6.6099997,1020.2,4.12,3.96 07:48:36 18/02/20
107,99.9,6.615,1020.16,4.29,3.96 07:53:49 18/02/20
126,99.9,6.63,1020.3,4.58,3.96 07:59:02 18/02/20
145,99.9,6.63,1020.27,4.32,3.96 08:04:18 18/02/20
159,99.9,6.685,1020.34,5.0,3.97 08:09:37 18/02/20
168,99.9,6.705,1020.42,4.03,3.97 08:14:50 18/02/20
192,99.9,6.7200003,1020.52,5.0,3.97 08:20:02 18/02/20
208,99.9,6.73,1020.53,5.0,3.98 08:25:15 18/02/20
239,99.9,6.74,1020.58,4.12,3.99 08:30:28 18/02/20
264,99.9,6.81,1020.7,5.0,4.0 08:35:41 18/02/20
284,99.9,6.8149996,1020.68,5.0,4.0 08:40:54 18/02/20
259,99.9,6.8900003,1020.87,4.23,4.0 08:46:07 18/02/20
259,99.9,6.91,1020.82,4.71,4.0 08:51:20 18/02/20
273,99.9,6.99,1020.86,5.0,4.02 08:56:33 18/02/20
262,99.9,7.0299997,1020.91,4.07,4.02 09:01:46 18/02/20
306,99.9,7.0950003,1021.0,4.29,4.03 09:06:59 18/02/20
296,99.9,7.175,1020.98,4.27,4.04 09:12:12 18/02/20
284,99.9,7.205,1020.93,5.0,4.04 09:17:25 18/02/20
306,99.9,7.3,1020.84,4.26,4.06 09:22:38 18/02/20
287,99.9,7.395,1020.93,4.62,4.05 09:27:52 18/02/20
261,99.9,7.415,1020.96,5.0,4.05 09:33:05 18/02/20
300,99.9,7.42,1021.07,4.14,4.07 09:38:17 18/02/20
291,99.9,7.435,1021.12,4.18,4.06 09:43:30 18/02/20
291,99.9,7.49,1021.05,4.73,4.08 09:48:43 18/02/20
322,99.9,7.505,1021.01,5.0,4.09 09:53:56 18/02/20
333,99.9,7.58,1021.08,4.41,4.15 09:59:09 18/02/20
338,99.9,7.77,1021.12,4.85,4.15 10:04:22 18/02/20
312,99.9,7.905,1021.11,4.17,4.12 10:09:39 18/02/20
320,99.9,7.9750004,1021.2,5.0,4.17 10:14:57 18/02/20
296,99.9,7.925,1021.11,4.17,4.12 10:20:10 18/02/20
313,99.9,7.9100003,1021.14,5.0,4.15 10:25:23 18/02/20
336,99.9,7.9100003,1021.08,4.22,4.16 10:30:37 18/02/20
331,99.9,7.915,1021.11,4.18,4.11 10:35:50 18/02/20
332,99.9,7.9100003,1021.0,5.0,4.17 10:41:03 18/02/20
336,99.9,8.01,1021.03,4.99,4.15 10:46:16 18/02/20
309,99.9,8.09,1020.85,4.88,4.14 10:51:30 18/02/20
310,99.9,8.185,1021.11,5.0,4.14 10:56:42 18/02/20
338,99.9,8.275,1021.04,4.24,4.15 11:01:55 18/02/20
365,99.9,8.295,1021.0,5.0,4.16 11:07:09 18/02/20
384,99.9,8.309999,1021.0,4.29,4.18 11:12:22 18/02/20
360,99.9,8.395,1020.92,4.28,4.17 11:17:35 18/02/20
371,99.9,8.405001,1021.07,4.58,4.18 11:22:49 18/02/20
337,99.9,8.42,1021.09,4.25,4.17 11:28:01 18/02/20
382,99.9,8.485,1021.08,4.28,4.19 11:33:14 18/02/20
371,99.9,8.515,1021.02,4.29,4.19 11:38:31 18/02/20
361,99.9,8.59,1021.08,5.0,4.17 11:43:49 18/02/20
333,99.9,8.68,1021.08,4.35,4.16 11:49:06 18/02/20
325,99.9,8.745,1021.04,4.26,4.16 11:54:24 18/02/20
360,99.9,8.72,1020.98,4.3,4.18 11:59:37 18/02/20
383,99.9,8.855,1020.97,4.52,4.2 12:04:51 18/02/20
363,99.9,8.84,1020.9,4.34,4.17 12:10:04 18/02/20
397,99.9,8.799999,1020.85,4.33,4.21 12:15:18 18/02/20
373,99.9,8.87,1020.85,4.29,4.19 12:20:30 18/02/20
363,99.9,8.88,1020.75,4.32,4.18 12:25:43 18/02/20
306,99.9,8.9,1020.81,5.0,4.16 12:30:57 18/02/20
367,99.9,8.889999,1020.8,5.0,4.19 12:36:11 18/02/20
358,99.9,8.915,1020.73,5.0,4.18 12:41:23 18/02/20
372,99.9,8.975,1020.61,4.28,4.19 12:46:40 18/02/20
373,99.9,9.004999,1020.66,4.29,4.2 12:51:58 18/02/20
347,99.9,9.085,1020.51,4.33,4.18 12:57:15 18/02/20
393,99.9,9.09,1020.53,4.38,4.21 13:02:32 18/02/20
358,99.9,9.115,1020.41,5.0,4.18 13:07:45 18/02/20
377,99.9,9.190001,1020.53,5.0,4.13 13:13:00 18/02/20
403,99.9,9.28,1020.48,5.0,4.22 13:18:11 18/02/20
470,99.9,9.48,1020.42,5.0,4.23 13:23:30 18/02/20
393,99.9,9.690001,1020.35,4.5,4.22 13:28:48 18/02/20
336,99.9,9.77,1020.17,4.27,4.17 13:34:00 18/02/20
328,99.9,9.68,1020.13,5.0,4.16 13:39:16 18/02/20
296,99.9,9.51,1020.14,5.0,4.15 13:44:28 18/02/20
314,99.9,9.475,1020.17,5.0,4.16 13:49:42 18/02/20
361,99.9,9.385,1020.13,4.32,4.18 13:54:55 18/02/20
313,99.9,9.375,1020.09,4.22,4.15 14:00:08 18/02/20
309,99.9,9.37,1020.12,4.81,4.17 14:05:21 18/02/20
394,99.9,9.385,1020.09,4.36,4.22 14:10:35 18/02/20
405,99.9,9.475,1020.03,5.0,4.22 14:15:48 18/02/20
377,99.9,9.565001,1020.0,4.29,4.2 14:21:01 18/02/20
355,99.9,9.65,1020.1,5.0,4.17 14:26:15 18/02/20
328,99.9,9.675,1020.06,4.43,4.17 14:31:29 18/02/20
370,99.9,9.65,1020.04,4.38,4.2 14:36:45 18/02/20
346,99.9,9.675,1020.03,4.23,4.17 14:42:03 18/02/20
364,99.9,9.745,1019.93,4.3,4.18 14:47:21 18/02/20
346,99.9,9.77,1019.9,4.36,4.18 14:52:39 18/02/20
336,99.9,9.764999,1019.9,4.27,4.17 14:57:52 18/02/20
280,99.9,9.690001,1019.77,5.0,4.16 15:03:05 18/02/20
336,99.9,9.67,1019.7,4.23,4.17 15:08:22 18/02/20
340,99.9,9.695,1019.77,5.0,4.18 15:13:40 18/02/20
332,99.9,9.77,1019.74,5.0,4.18 15:18:54 18/02/20
299,99.9,9.84,1019.61,4.22,4.16 15:24:08 18/02/20
318,99.9,9.795,1019.65,4.32,4.19 15:29:20 18/02/20
319,99.9,9.845,1019.72,5.0,4.17 15:34:34 18/02/20
284,99.9,9.799999,1019.84,5.0,4.15 15:39:47 18/02/20
268,99.9,9.805,1019.76,5.0,4.13 15:45:01 18/02/20
245,99.9,9.855,1019.72,5.0,4.13 15:50:14 18/02/20
290,99.9,9.795,1019.73,4.42,4.17 15:55:27 18/02/20
295,99.9,9.775,1019.58,4.59,4.14 16:00:45 18/02/20
269,99.9,9.76,1019.62,4.27,4.15 16:06:02 18/02/20
316,99.9,9.71,1019.48,4.27,4.17 16:11:16 18/02/20
279,99.9,9.764999,1019.57,5.0,4.16 16:16:30 18/02/20
282,99.9,9.71,1019.41,4.22,4.16 16:21:42 18/02/20
251,99.9,9.700001,1019.29,4.52,4.15 16:26:56 18/02/20
222,99.9,9.695,1019.44,4.94,4.17 16:32:09 18/02/20
263,99.9,9.62,1019.33,5.0,4.14 16:37:22 18/02/20
300,99.9,9.67,1019.2,5.0,4.17 16:42:36 18/02/20
219,99.9,9.690001,1019.14,4.42,4.15 16:47:49 18/02/20
207,99.9,9.605,1019.05,4.23,4.15 16:53:03 18/02/20
202,99.9,9.6,1019.06,4.32,4.17 16:58:16 18/02/20
197,99.9,9.504999,1019.07,5.0,4.15 17:03:29 18/02/20
197,99.9,9.469999,1018.99,5.0,4.14 17:08:43 18/02/20
196,99.9,9.395,1018.9,5.0,4.14 17:13:56 18/02/20
189,99.9,9.33,1018.96,4.84,4.16 17:19:10 18/02/20
177,99.9,9.299999,1018.89,5.0,4.16 17:24:22 18/02/20
157,99.9,9.22,1018.73,5.0,4.14 17:29:36 18/02/20
144,99.9,9.205,1018.63,4.4,4.14 17:34:50 18/02/20
132,99.9,9.125,1018.52,4.5,4.14 17:40:02 18/02/20
128,99.9,9.094999,1018.53,5.0,4.13 17:45:19 18/02/20
106,99.9,9.014999,1018.55,4.61,4.13 17:50:37 18/02/20
87,99.9,8.99,1018.62,4.19,4.12 17:55:54 18/02/20
71,99.9,8.975,1018.56,3.86,4.11 18:01:12 18/02/20
57,99.9,8.9,1018.36,3.46,4.11 18:06:26 18/02/20
43,99.9,8.865,1018.39,2.82,4.1 18:11:39 18/02/20
29,99.9,8.799999,1018.44,1.94,4.1 18:16:53 18/02/20
18,99.9,8.715,1018.49,1.11,4.1 18:22:05 18/02/20
11,99.9,8.705,1018.55,0.52,4.09 18:27:19 18/02/20
7,99.9,8.685,1018.51,0.21,4.09 18:32:32 18/02/20
4,99.9,8.59,1018.44,0.08,4.08 18:37:45 18/02/20
3,99.9,8.575,1018.48,0.02,4.08 18:42:59 18/02/20
2,99.9,8.505,1018.46,0.0,4.08 18:48:11 18/02/20
2,99.9,8.485,1018.4,0.0,4.08 18:53:24 18/02/20
1,99.9,8.42,1018.41,0.0,4.07 18:58:38 18/02/20
1,99.9,8.42,1018.32,0.0,4.07 19:03:51 18/02/20
1,99.9,8.425,1018.37,0.0,4.07 19:09:05 18/02/20
1,99.9,8.42,1018.3,0.0,4.07 19:14:17 18/02/20
1,99.9,8.415,1018.16,0.0,4.06 19:19:30 18/02/20
1,99.9,8.395,1018.13,0.0,4.06 19:24:47 18/02/20
1,99.9,8.389999,1018.02,0.0,4.06 19:30:05 18/02/20
0,99.9,8.309999,1017.96,0.0,4.06 19:35:18 18/02/20
1,99.9,8.295,1017.93,0.0,4.06 19:40:35 18/02/20
1,99.9,8.285,1017.88,0.0,4.05 19:45:53 18/02/20
1,99.9,8.27,1017.79,0.0,4.05 19:51:06 18/02/20
1,99.9,8.205,1017.66,0.0,4.05 19:56:26 18/02/20
0,99.9,8.195,1017.54,0.0,4.05 20:01:41 18/02/20
1,99.9,8.18,1017.51,0.0,4.05 20:06:54 18/02/20
1,99.9,8.105,1017.42,0.0,4.05 20:12:08 18/02/20
1,99.9,8.094999,1017.39,0.0,4.05 20:17:21 18/02/20
1,99.9,8.09,1017.33,0.0,4.05 20:22:34 18/02/20
1,99.9,8.09,1017.24,0.0,4.05 20:27:48 18/02/20
1,99.9,8.015,1017.14,0.0,4.04 20:33:01 18/02/20
1,99.9,8.015,1017.07,0.0,4.04 20:38:13 18/02/20
1,99.9,8.08,1017.06,0.0,4.04 20:43:26 18/02/20
1,99.9,8.1,1016.99,0.0,4.04 20:48:39 18/02/20
1,99.9,8.110001,1016.91,0.0,4.04 20:53:52 18/02/20
1,99.9,8.185,1016.82,0.0,4.04 20:59:04 18/02/20
1,99.9,8.21,1016.78,0.0,4.03 21:04:19 18/02/20
1,99.9,8.275,1016.66,0.0,4.04 21:09:33 18/02/20
2,99.9,8.295,1016.49,0.0,4.03 21:14:45 18/02/20
4,99.9,8.365,1016.52,0.0,4.03 21:19:58 18/02/20
5,99.9,8.389999,1016.54,0.0,4.03 21:25:15 18/02/20
5,99.9,8.415,1016.47,0.0,4.03 21:30:33 18/02/20
4,99.9,8.43,1016.51,0.0,4.03 21:35:45 18/02/20
7,99.9,8.425,1016.45,0.0,4.03 21:41:03 18/02/20
8,99.9,8.425,1016.25,0.0,4.02 21:46:25 18/02/20
6,99.9,8.415,1016.19,0.0,4.03 21:51:43 18/02/20
6,99.9,8.34,1016.16,0.0,4.03 21:56:56 18/02/20
7,99.9,8.309999,1016.05,0.0,4.03 22:02:09 18/02/20
3,99.9,8.309999,1015.98,0.0,4.03 22:07:21 18/02/20
4,99.9,8.225,1015.82,0.0,4.02 22:12:40 18/02/20
3,99.9,8.28,1015.65,0.0,4.02 22:17:57 18/02/20
3,99.9,8.275,1015.54,0.0,4.02 22:23:09 18/02/20
4,99.9,8.215,1015.31,0.0,4.02 22:28:27 18/02/20
3,99.9,8.215,1015.24,0.0,4.02 22:33:45 18/02/20
4,99.9,8.215,1015.21,0.0,4.02 22:38:58 18/02/20
4,99.9,8.205,1015.1,0.0,4.02 22:44:12 18/02/20
4,99.9,8.2,1014.92,0.0,4.02 22:49:25 18/02/20
4,99.9,8.205,1014.81,0.0,4.02 22:54:38 18/02/20
5,99.9,8.215,1014.78,0.0,4.02 22:59:52 18/02/20
3,99.9,8.22,1014.55,0.0,4.02 23:05:02 18/02/20
5,99.9,8.28,1014.39,0.0,4.02 23:10:17 18/02/20
7,99.9,8.29,1014.24,0.0,4.01 23:15:30 18/02/20
10,99.9,8.295,1014.14,0.0,4.01 23:20:47 18/02/20
7,99.9,8.285,1013.89,0.0,4.01 23:26:05 18/02/20
7,99.9,8.295,1013.75,0.0,4.01 23:31:19 18/02/20
10,99.9,8.28,1013.63,0.0,4.01 23:36:35 18/02/20
7,99.9,8.27,1013.44,0.0,4.01 23:41:53 18/02/20
8,99.9,8.205,1013.24,0.0,4.01 23:47:06 18/02/20
6,99.9,8.21,1013.09,0.0,4.01 23:52:20 18/02/20
5,99.9,8.21,1013.03,0.0,4.01 23:57:33 18/02/20
