5,99.9,8.205,1012.8,0.0,4.01 00:02:46 19/02/20
8,99.9,8.22,1012.74,0.0,4.01 00:07:59 19/02/20
8,99.9,8.275,1012.59,0.0,4.01 00:13:12 19/02/20
9,99.9,8.28,1012.55,0.0,4.01 00:18:25 19/02/20
8,99.9,8.27,1012.4,0.0,4.01 00:23:38 19/02/20
12,99.9,8.28,1012.36,0.0,4.01 00:28:55 19/02/20
9,99.9,8.225,1012.21,0.0,4.0 00:34:13 19/02/20
9,99.9,8.21,1012.23,0.0,4.0 00:39:26 19/02/20
12,99.9,8.139999,1012.45,0.0,4.0 00:44:43 19/02/20
9,99.9,8.135,1012.48,0.0,4.0 00:50:01 19/02/20
9,99.9,8.115,1012.57,0.0,4.0 00:55:14 19/02/20
9,99.9,8.04,1012.64,0.0,4.0 01:00:28 19/02/20
12,99.9,7.965,1012.57,0.0,4.0 01:05:44 19/02/20
9,99.9,7.945,1012.61,0.0,4.0 01:11:02 19/02/20
10,99.9,7.86,1012.49,0.0,4.0 01:16:15 19/02/20
10,99.9,7.835,1012.7,0.0,4.0 01:21:28 19/02/20
11,99.9,7.74,1012.59,0.0,4.0 01:26:42 19/02/20
15,99.9,7.64,1012.57,0.0,4.0 01:32:01 19/02/20
12,99.9,7.61,1012.48,0.0,4.0 01:37:17 19/02/20
11,99.9,7.5249996,1012.21,0.0,3.99 01:42:29 19/02/20
12,99.9,7.445,1012.22,0.0,3.99 01:47:42 19/02/20
12,99.9,7.4300003,1012.08,0.0,4.0 01:52:55 19/02/20
13,99.9,7.37,1012.18,0.0,4.0 01:58:08 19/02/20
13,99.9,7.345,1012.08,0.0,4.0 02:03:21 19/02/20
13,99.9,7.325,1012.03,0.0,3.99 02:08:34 19/02/20
13,99.9,7.265,1012.02,0.0,3.99 02:13:47 19/02/20
14,99.9,7.245,1012.03,0.0,3.99 02:19:00 19/02/20
12,99.9,7.23,1012.02,0.0,3.99 02:24:12 19/02/20
20,99.9,7.225,1012.06,0.0,3.99 02:29:30 19/02/20
16,99.9,7.225,1012.06,0.0,3.99 02:34:48 19/02/20
17,99.9,7.21,1012.04,0.0,3.99 02:40:01 19/02/20
18,99.9,7.205,1011.91,0.0,3.99 02:45:15 19/02/20
18,99.9,7.16,1011.98,0.0,3.99 02:50:28 19/02/20
18,99.9,7.21,1012.04,0.0,3.99 02:55:41 19/02/20
17,99.9,7.145,1012.62,0.0,3.99 03:00:54 19/02/20
17,99.9,7.0299997,1012.27,0.0,3.99 03:06:07 19/02/20
17,99.9,6.7749996,1012.18,0.0,3.99 03:11:20 19/02/20
17,99.9,6.5550003,1012.04,0.0,3.98 03:16:32 19/02/20
17,99.9,6.355,1012.14,0.0,3.99 03:21:45 19/02/20
18,99.9,6.24,1012.13,0.0,3.99 03:26:58 19/02/20
17,99.9,6.145,1012.14,0.0,3.99 03:32:11 19/02/20
21,99.9,6.1,1012.17,0.0,3.98 03:37:27 19/02/20
17,99.9,6.01,1012.23,0.0,3.98 03:42:45 19/02/20
18,99.9,5.925,1012.28,0.0,3.98 03:47:58 19/02/20
19,99.9,5.9300003,1012.31,0.0,3.98 03:53:11 19/02/20
18,99.9,6.0150003,1012.41,0.0,3.98 03:58:24 19/02/20
18,99.9,6.1099997,1012.35,0.0,3.98 04:03:36 19/02/20
19,99.9,6.205,1012.47,0.0,3.98 04:08:49 19/02/20
21,99.9,6.305,1012.58,0.0,3.98 04:14:02 19/02/20
22,99.9,6.4750004,1012.7,0.0,3.98 04:19:16 19/02/20
22,99.9,6.58,1012.86,0.0,3.98 04:24:29 19/02/20
23,99.9,6.625,1012.93,0.0,3.98 04:29:44 19/02/20
21,99.9,6.705,1013.01,0.0,3.98 04:35:02 19/02/20
21,99.9,6.635,1013.1,0.0,3.98 04:40:15 19/02/20
21,99.9,6.625,1013.41,0.0,3.98 04:45:28 19/02/20
21,99.9,6.545,1013.52,0.0,3.98 04:50:41 19/02/20
15,99.9,6.52,1013.62,0.0,3.98 04:55:53 19/02/20
23,99.9,6.4350004,1013.68,0.0,3.98 05:01:08 19/02/20
24,99.9,6.41,1013.72,0.0,3.97 05:06:20 19/02/20
24,99.9,6.395,1013.92,0.0,3.98 05:11:33 19/02/20
24,99.9,6.31,1013.91,0.0,3.97 05:16:46 19/02/20
24,99.9,6.2799997,1014.06,0.0,3.97 05:21:59 19/02/20
30,99.9,6.1949997,1014.06,0.0,3.97 05:27:15 19/02/20
24,99.9,6.1,1014.16,0.0,3.97 05:32:33 19/02/20
24,99.9,6.005,1014.14,0.0,3.97 05:37:46 19/02/20
24,99.9,5.92,1014.33,0.0,3.97 05:42:59 19/02/20
31,99.9,5.91,1014.48,0.0,3.97 05:48:18 19/02/20
24,99.9,5.835,1014.58,0.0,3.97 05:53:33 19/02/20
16,99.9,5.795,1014.59,0.0,3.97 05:58:44 19/02/20
32,99.9,5.705,1014.61,0.0,3.97 06:04:02 19/02/20
25,99.9,5.6800003,1014.79,0.0,3.97 06:09:20 19/02/20
25,99.9,5.605,1014.83,0.0,3.97 06:14:33 19/02/20
33,99.9,5.52,1014.98,0.0,3.96 06:19:49 19/02/20
26,99.9,5.505,1015.05,0.0,3.97 06:25:07 19/02/20
27,99.9,5.4750004,1015.1,0.0,3.96 06:30:20 19/02/20
25,99.9,5.395,1015.13,0.0,3.97 06:35:33 19/02/20
17,99.9,5.325,1015.29,0.0,3.97 06:40:43 19/02/20
29,99.9,5.3149996,1015.37,0.0,3.97 06:45:59 19/02/20
29,99.9,5.3199997,1015.52,0.0,3.96 06:51:11 19/02/20
29,99.9,5.3149996,1015.62,0.0,3.96 06:56:24 19/02/20
28,99.9,5.305,1015.53,0.02,3.96 07:01:36 19/02/20
28,99.9,5.295,1015.58,0.07,3.96 07:06:49 19/02/20
31,99.9,5.2799997,1015.8,0.19,3.96 07:12:03 19/02/20
35,99.9,5.205,1015.92,0.48,3.96 07:17:15 19/02/20
46,99.9,5.19,1016.16,0.87,3.96 07:22:31 19/02/20
41,99.9,5.205,1016.3,1.46,3.96 07:27:49 19/02/20
59,99.9,5.205,1016.31,2.24,3.96 07:33:05 19/02/20
78,99.9,5.23,1016.31,3.49,3.96 07:38:23 19/02/20
119,99.9,5.225,1016.39,4.07,3.96 07:43:39 19/02/20
131,99.9,5.21,1016.48,4.14,3.96 07:48:57 19/02/20
152,99.9,5.185,1016.57,4.6,3.96 07:54:10 19/02/20
173,99.9,5.115,1016.67,4.69,3.96 07:59:22 19/02/20
195,99.9,5.1,1016.74,5.0,3.96 08:04:35 19/02/20
210,99.9,5.085,1016.86,4.42,3.97 08:09:48 19/02/20
233,99.9,5.0150003,1016.93,4.62,3.97 08:15:01 19/02/20
276,99.9,5.01,1017.04,5.0,3.98 08:20:13 19/02/20
282,99.9,5.0150003,1017.08,4.76,3.99 08:25:26 19/02/20
300,99.9,5.1,1017.17,4.06,3.99 08:30:39 19/02/20
307,99.9,5.13,1017.25,5.0,3.99 08:35:52 19/02/20
322,99.9,5.1949997,1017.2,5.0,3.99 08:41:04 19/02/20
339,99.9,5.2200003,1017.27,5.0,4.01 08:46:17 19/02/20
344,99.9,5.295,1017.3,4.07,4.01 08:51:30 19/02/20
351,99.9,5.375,1017.43,4.08,4.02 08:56:43 19/02/20
367,99.9,5.4700003,1017.61,4.16,4.03 09:01:59 19/02/20
366,99.9,5.5950003,1017.71,4.15,4.05 09:07:17 19/02/20
371,99.9,5.745,1017.65,4.21,4.07 09:12:33 19/02/20
375,99.9,6.0,1017.63,5.0,4.08 09:17:51 19/02/20
378,99.9,6.26,1017.67,4.21,4.1 09:23:04 19/02/20
371,99.9,6.565,1017.74,4.87,4.14 09:28:15 19/02/20
384,99.9,6.84,1017.74,5.0,4.18 09:33:30 19/02/20
386,99.9,7.165,1017.83,4.3,4.2 09:38:43 19/02/20
390,99.9,7.395,1017.92,5.0,4.16 09:43:56 19/02/20
394,99.9,7.51,1017.92,4.28,4.18 09:49:09 19/02/20
397,99.9,7.6099997,1018.08,4.85,4.18 09:54:22 19/02/20
418,99.9,7.63,1018.07,4.31,4.21 09:59:36 19/02/20
336,99.9,7.6549997,1018.18,5.0,4.13 10:04:47 19/02/20
441,99.9,7.555,1018.29,4.67,4.22 10:10:01 19/02/20
345,99.9,7.55,1018.38,4.35,4.15 10:15:14 19/02/20
323,99.9,7.46,1018.38,4.28,4.14 10:20:27 19/02/20
409,99.9,7.15,1018.44,4.76,4.17 10:25:40 19/02/20
338,99.9,7.13,1018.54,5.0,4.15 10:30:53 19/02/20
374,99.9,7.12,1018.55,4.23,4.17 10:36:06 19/02/20
371,99.9,7.185,1018.75,4.3,4.17 10:41:19 19/02/20
350,99.9,7.21,1018.59,4.25,4.16 10:46:32 19/02/20
361,99.9,7.2200003,1018.67,4.27,4.16 10:51:46 19/02/20
364,99.9,7.225,1018.81,4.22,4.16 10:57:02 19/02/20
349,99.9,7.23,1018.83,4.4,4.16 11:02:21 19/02/20
393,99.9,7.2799997,1018.89,4.33,4.2 11:07:34 19/02/20
360,99.9,7.37,1019.01,4.24,4.18 11:12:47 19/02/20
369,99.9,7.4,1018.93,4.29,4.18 11:17:59 19/02/20
379,99.9,7.4849997,1019.1,4.39,4.18 11:23:12 19/02/20
382,99.9,7.4300003,1019.07,5.0,4.19 11:28:25 19/02/20
366,99.9,7.4750004,1019.2,4.29,4.18 11:33:38 19/02/20
343,99.9,7.49,1019.17,4.31,4.16 11:38:51 19/02/20
397,99.9,7.495,1019.3,4.29,4.2 11:44:04 19/02/20
326,99.9,7.565,1019.41,4.72,4.16 11:49:17 19/02/20
372,99.9,7.58,1019.39,4.31,4.18 11:54:30 19/02/20
372,99.9,7.59,1019.44,4.29,4.18 11:59:47 19/02/20
399,99.9,7.66,1019.5,5.0,4.22 12:05:09 19/02/20
337,99.9,7.675,1019.51,5.0,4.15 12:10:27 19/02/20
334,99.9,7.66,1019.56,4.89,4.15 12:15:40 19/02/20
329,99.9,7.595,1019.56,4.94,4.16 12:20:53 19/02/20
363,99.9,7.59,1019.74,4.29,4.18 12:26:06 19/02/20
335,99.9,7.605,1019.73,4.51,4.16 12:31:18 19/02/20
343,99.9,7.66,1019.84,4.26,4.17 12:36:33 19/02/20
352,99.9,7.66,1019.87,4.26,4.18 12:41:45 19/02/20
367,99.9,7.635,1019.98,4.32,4.18 12:46:58 19/02/20
414,99.9,7.7,1019.94,5.0,4.22 12:52:11 19/02/20
325,99.9,7.85,1019.91,4.23,4.17 12:57:23 19/02/20
382,99.9,7.875,1019.86,4.31,4.2 13:02:38 19/02/20
369,99.9,7.885,1019.97,4.32,4.19 13:07:51 19/02/20
333,99.9,7.89,1020.02,4.28,4.17 13:13:04 19/02/20
366,99.9,7.955,1020.0,4.31,4.2 13:18:17 19/02/20
382,99.9,7.9800005,1020.01,4.3,4.2 13:23:30 19/02/20
374,99.9,8.055,1019.95,5.0,4.12 13:28:44 19/02/20
378,99.9,8.075,1020.0,4.29,4.2 13:33:54 19/02/20
364,99.9,8.09,1020.0,5.0,4.19 13:39:09 19/02/20
360,99.9,8.155,1020.02,4.29,4.2 13:44:22 19/02/20
432,99.9,8.235001,1020.02,5.0,4.22 13:49:36 19/02/20
429,99.9,8.42,1019.98,5.0,4.22 13:54:49 19/02/20
429,99.9,8.465,1020.05,5.0,4.22 14:00:03 19/02/20
408,99.9,8.565001,1020.11,5.0,4.22 14:05:15 19/02/20
407,99.9,8.575,1020.14,5.0,4.22 14:10:28 19/02/20
383,99.9,8.555,1020.14,4.3,4.21 14:15:45 19/02/20
390,99.9,8.485,1020.12,4.31,4.2 14:21:03 19/02/20
426,99.9,8.485,1020.16,5.0,4.22 14:26:17 19/02/20
434,99.9,8.65,1020.08,5.0,4.22 14:31:30 19/02/20
406,99.9,8.75,1020.15,5.0,4.22 14:36:43 19/02/20
382,99.9,8.705,1020.22,4.3,4.21 14:41:56 19/02/20
361,99.9,8.610001,1020.27,4.34,4.18 14:47:09 19/02/20
376,99.9,8.57,1020.16,5.0,4.2 14:52:26 19/02/20
376,99.9,8.565001,1020.14,5.0,4.21 14:57:45 19/02/20
377,99.9,8.575,1020.26,5.0,4.13 15:02:58 19/02/20
332,99.9,8.5,1020.18,4.37,4.17 15:08:11 19/02/20
358,99.9,8.485,1020.24,5.0,4.22 15:13:24 19/02/20
320,99.9,8.405001,1020.28,4.24,4.18 15:18:38 19/02/20
316,99.9,8.309999,1020.25,4.38,4.17 15:23:50 19/02/20
312,99.9,8.285,1020.24,4.27,4.17 15:29:03 19/02/20
329,99.9,8.27,1020.18,5.0,4.19 15:34:20 19/02/20
316,99.9,8.185,1020.2,5.0,4.16 15:39:38 19/02/20
326,99.9,8.175,1020.2,5.0,4.18 15:44:51 19/02/20
328,99.9,8.17,1020.17,5.0,4.18 15:50:05 19/02/20
325,99.9,8.17,1020.22,4.28,4.19 15:55:18 19/02/20
318,99.9,8.235001,1020.23,5.0,4.18 16:00:31 19/02/20
323,99.9,8.235001,1020.21,5.0,4.19 16:05:44 19/02/20
326,99.9,8.19,1020.13,4.28,4.2 16:10:58 19/02/20
330,99.9,8.185,1020.02,4.29,4.2 16:16:10 19/02/20
323,99.9,8.195,1019.97,5.0,4.13 16:21:22 19/02/20
313,99.9,8.255,1019.93,4.28,4.18 16:26:45 19/02/20
296,99.9,8.33,1019.96,4.38,4.17 16:31:58 19/02/20
285,99.9,8.28,1020.0,4.25,4.16 16:37:11 19/02/20
291,99.9,8.275,1019.91,4.43,4.17 16:42:28 19/02/20
285,99.9,8.27,1019.93,4.8,4.16 16:47:46 19/02/20
279,99.9,8.255,1019.86,4.24,4.16 16:52:59 19/02/20
271,99.9,8.18,1019.81,4.42,4.15 16:58:14 19/02/20
264,99.9,8.115,1019.85,4.3,4.14 17:03:26 19/02/20
254,99.9,8.14,1019.8,4.32,4.15 17:08:39 19/02/20
241,99.9,8.08,1019.81,5.0,4.14 17:13:52 19/02/20
216,99.9,8.08,1019.81,5.0,4.13 17:19:06 19/02/20
204,99.9,8.07,1019.84,5.0,4.15 17:24:18 19/02/20
189,99.9,8.059999,1019.79,5.0,4.15 17:29:31 19/02/20
199,99.9,7.9849997,1019.77,5.0,4.15 17:34:45 19/02/20
188,99.9,7.9849997,1019.77,4.77,4.14 17:39:58 19/02/20
147,99.9,7.9700003,1019.76,5.0,4.14 17:45:11 19/02/20
110,99.9,7.9,1019.73,4.46,4.13 17:50:24 19/02/20
86,99.9,7.875,1019.79,3.93,4.13 17:55:38 19/02/20
70,99.9,7.785,1019.74,3.5,4.12 18:00:50 19/02/20
56,99.9,7.7599998,1019.78,3.06,4.11 18:06:03 19/02/20
44,99.9,7.6850004,1019.87,2.4,4.11 18:11:16 19/02/20
27,99.9,7.6499996,1019.84,1.34,4.1 18:16:29 19/02/20
18,99.9,7.635,1019.84,0.63,4.1 18:21:46 19/02/20
10,99.9,7.58,1019.8,0.21,4.09 18:27:05 19/02/20
7,99.9,7.575,1019.82,0.1,4.09 18:32:18 19/02/20
5,99.9,7.565,1019.78,0.03,4.09 18:37:30 19/02/20
3,99.9,7.57,1019.78,0.01,4.08 18:42:43 19/02/20
3,99.9,7.575,1019.82,0.0,4.08 18:47:56 19/02/20
2,99.9,7.57,1019.82,0.0,4.08 18:53:08 19/02/20
2,99.9,7.57,1019.76,0.0,4.08 18:58:21 19/02/20
2,99.9,7.575,1019.79,0.0,4.07 19:03:36 19/02/20
3,99.9,7.575,1019.86,0.0,4.07 19:08:52 19/02/20
3,99.9,7.575,1019.82,0.0,4.07 19:14:11 19/02/20
4,99.9,7.6400003,1019.8,0.0,4.07 19:19:23 19/02/20
5,99.9,7.6499996,1019.77,0.0,4.06 19:24:36 19/02/20
5,99.9,7.6549997,1019.67,0.0,4.06 19:29:49 19/02/20
5,99.9,7.6449995,1019.64,0.0,4.06 19:35:02 19/02/20
6,99.9,7.6499996,1019.59,0.0,4.06 19:40:16 19/02/20
8,99.9,7.6449995,1019.64,0.0,4.06 19:45:32 19/02/20
5,99.9,7.6,1019.63,0.0,4.06 19:50:51 19/02/20
7,99.9,7.635,1019.65,0.0,4.05 19:56:05 19/02/20
5,99.9,7.57,1019.56,0.0,4.05 20:01:16 19/02/20
5,99.9,7.5150003,1019.66,0.0,4.05 20:06:29 19/02/20
6,99.9,7.505,1019.58,0.0,4.05 20:11:42 19/02/20
8,99.9,7.495,1019.65,0.0,4.05 20:16:56 19/02/20
10,99.9,7.4849997,1019.59,0.0,4.04 20:22:12 19/02/20
10,99.9,7.4800005,1019.63,0.0,4.04 20:27:31 19/02/20
9,99.9,7.4750004,1019.55,0.0,4.04 20:32:43 19/02/20
9,99.9,7.46,1019.54,0.0,4.04 20:37:56 19/02/20
10,99.9,7.455,1019.54,0.0,4.04 20:43:09 19/02/20
9,99.9,7.4449997,1019.45,0.0,4.04 20:48:21 19/02/20
12,99.9,7.3900003,1019.4,0.0,4.04 20:53:35 19/02/20
13,99.9,7.385,1019.33,0.0,4.04 20:58:48 19/02/20
13,99.9,7.385,1019.32,0.0,4.04 21:04:01 19/02/20
18,99.9,7.37,1019.26,0.0,4.03 21:09:18 19/02/20
16,99.9,7.385,1019.21,0.0,4.04 21:14:37 19/02/20
17,99.9,7.37,1019.19,0.0,4.03 21:19:50 19/02/20
14,99.9,7.375,1019.16,0.0,4.03 21:25:02 19/02/20
15,99.9,7.365,1019.09,0.0,4.03 21:30:15 19/02/20
15,99.9,7.355,1019.06,0.0,4.03 21:35:28 19/02/20
16,99.9,7.305,1019.04,0.0,4.03 21:40:41 19/02/20
17,99.9,7.3,1018.96,0.0,4.03 21:45:54 19/02/20
15,99.9,7.305,1018.84,0.0,4.03 21:51:07 19/02/20
16,99.9,7.295,1018.8,0.0,4.03 21:56:20 19/02/20
16,99.9,7.2799997,1018.7,0.0,4.03 22:01:33 19/02/20
15,99.9,7.2799997,1018.63,0.0,4.03 22:06:45 19/02/20
16,99.9,7.265,1018.61,0.0,4.03 22:11:59 19/02/20
17,99.9,7.27,1018.53,0.0,4.02 22:17:12 19/02/20
17,99.9,7.2200003,1018.52,0.0,4.02 22:22:25 19/02/20
17,99.9,7.2799997,1018.47,0.0,4.02 22:27:38 19/02/20
12,99.9,7.285,1018.42,0.0,4.02 22:32:51 19/02/20
19,99.9,7.29,1018.44,0.0,4.01 22:38:08 19/02/20
14,99.9,7.3,1018.42,0.0,4.02 22:43:26 19/02/20
7,99.9,7.305,1018.36,0.0,4.02 22:48:37 19/02/20
13,99.9,7.3500004,1018.27,0.0,4.02 22:53:52 19/02/20
14,99.9,7.31,1018.23,0.0,4.02 22:59:05 19/02/20
15,99.9,7.365,1018.25,0.0,4.02 23:04:18 19/02/20
15,99.9,7.37,1018.13,0.0,4.01 23:09:31 19/02/20
15,99.9,7.3900003,1018.15,0.0,4.02 23:14:44 19/02/20
19,99.9,7.395,1018.06,0.0,4.01 23:19:57 19/02/20
19,99.9,7.4,1018.07,0.0,4.01 23:25:10 19/02/20
26,99.9,7.455,1018.0,0.0,4.01 23:30:27 19/02/20
21,99.9,7.4700003,1018.02,0.0,4.01 23:35:46 19/02/20
21,99.9,7.4750004,1017.99,0.0,4.01 23:40:59 19/02/20
22,99.9,7.4849997,1017.81,0.0,4.01 23:46:11 19/02/20
20,99.9,7.49,1017.78,0.0,4.01 23:51:24 19/02/20
20,99.9,7.5,1017.67,0.0,4.01 23:56:37 19/02/20
