2,99.9,8.305,1022.07,0.0,4.01 00:04:15 22/02/20
2,99.9,8.305,1021.98,0.0,4.01 00:09:33 22/02/20
2,99.9,8.299999,1022.12,0.0,4.0 00:14:50 22/02/20
1,99.9,8.29,1021.95,0.0,4.0 00:20:06 22/02/20
2,99.9,8.285,1021.88,0.0,4.0 00:25:25 22/02/20
0,99.9,8.27,1021.79,0.0,4.01 00:30:41 22/02/20
1,99.9,8.205,1021.68,0.0,4.0 00:35:57 22/02/20
1,99.9,8.19,1021.86,0.0,4.0 00:41:09 22/02/20
1,99.9,8.19,1021.93,0.0,4.0 00:46:21 22/02/20
1,99.9,8.195,1021.79,0.0,4.0 00:51:36 22/02/20
1,99.9,8.19,1021.59,0.0,4.0 00:56:49 22/02/20
1,99.9,8.185,1021.55,0.0,4.0 01:02:00 22/02/20
2,99.9,8.115,1021.63,0.0,4.0 01:07:15 22/02/20
1,99.9,8.12,1021.74,0.0,4.0 01:12:27 22/02/20
2,99.9,8.18,1021.56,0.0,3.99 01:17:41 22/02/20
1,99.9,8.185,1021.39,0.0,3.99 01:22:54 22/02/20
1,99.9,8.205,1021.26,0.0,4.0 01:28:08 22/02/20
1,99.9,8.215,1021.39,0.0,4.0 01:33:19 22/02/20
1,99.9,8.205,1021.4,0.0,4.0 01:38:34 22/02/20
2,99.9,8.215,1021.51,0.0,4.0 01:43:48 22/02/20
1,99.9,8.26,1021.45,0.0,4.0 01:48:59 22/02/20
1,99.9,8.22,1021.47,0.0,3.99 01:54:13 22/02/20
1,99.9,8.27,1021.32,0.0,3.99 01:59:26 22/02/20
1,99.9,8.26,1021.37,0.0,4.0 02:04:39 22/02/20
0,99.9,8.2,1021.32,0.0,3.99 02:09:51 22/02/20
0,99.9,8.185,1021.15,0.0,3.99 02:15:04 22/02/20
1,99.9,8.115,1021.05,0.0,3.99 02:20:20 22/02/20
0,99.9,8.1,1020.83,0.0,3.99 02:25:30 22/02/20
0,99.9,8.01,1020.76,0.0,3.99 02:30:45 22/02/20
0,99.9,7.9800005,1020.83,0.0,3.99 02:35:58 22/02/20
0,99.9,7.89,1020.64,0.0,3.99 02:41:12 22/02/20
0,99.9,7.805,1020.38,0.0,3.99 02:46:26 22/02/20
0,99.9,7.7250004,1020.27,0.0,3.99 02:51:38 22/02/20
0,99.9,7.6850004,1020.31,0.0,3.99 02:56:51 22/02/20
0,99.9,7.595,1020.12,0.0,3.99 03:02:02 22/02/20
0,99.9,7.505,1020.05,0.0,3.99 03:07:17 22/02/20
0,99.9,7.49,1019.84,0.0,3.98 03:12:31 22/02/20
0,99.9,7.42,1020.02,0.0,3.99 03:17:42 22/02/20
0,99.9,7.4100003,1020.06,0.0,3.98 03:22:56 22/02/20
0,99.9,7.34,1019.9,0.0,3.98 03:28:09 22/02/20
0,99.9,7.33,1019.87,0.0,3.98 03:33:22 22/02/20
1,99.9,7.3199997,1019.51,0.0,3.98 03:38:39 22/02/20
0,99.9,7.3149996,1019.51,0.0,3.98 03:43:55 22/02/20
0,99.9,7.3,1019.4,0.0,3.98 03:49:10 22/02/20
0,99.9,7.29,1019.24,0.0,3.98 03:54:23 22/02/20
1,99.9,7.285,1019.16,0.0,3.98 03:59:36 22/02/20
0,99.9,7.295,1019.24,0.0,3.98 04:04:49 22/02/20
0,99.9,7.285,1019.3,0.0,3.98 04:10:00 22/02/20
1,99.9,7.2799997,1019.33,0.0,3.98 04:15:15 22/02/20
0,99.9,7.2799997,1019.28,0.0,3.98 04:20:28 22/02/20
1,99.9,7.225,1019.23,0.0,3.98 04:25:42 22/02/20
1,99.9,7.215,1019.1,0.0,3.98 04:30:55 22/02/20
1,99.9,7.21,1019.22,0.0,3.98 04:36:08 22/02/20
0,99.9,7.2,1019.09,0.0,3.98 04:41:19 22/02/20
1,99.9,7.19,1019.13,0.0,3.98 04:46:34 22/02/20
2,99.9,7.1400003,1019.11,0.0,3.97 04:51:59 22/02/20
0,99.9,7.185,1019.1,0.0,3.97 04:57:17 22/02/20
0,99.9,7.12,1019.11,0.0,3.97 05:02:30 22/02/20
1,99.9,7.09,1019.1,0.0,3.97 05:07:43 22/02/20
0,99.9,7.0299997,1019.0,0.0,3.97 05:12:54 22/02/20
0,99.9,7.0,1018.82,0.0,3.97 05:18:09 22/02/20
0,99.9,6.92,1018.9,0.0,3.97 05:23:20 22/02/20
0,99.9,6.835,1019.04,0.0,3.97 05:28:35 22/02/20
0,99.9,6.8,1018.98,0.0,3.97 05:33:48 22/02/20
0,99.9,6.715,1018.87,0.0,3.97 05:39:00 22/02/20
0,99.9,6.625,1018.85,0.0,3.97 05:44:13 22/02/20
0,99.9,6.5950003,1018.99,0.0,3.97 05:49:24 22/02/20
0,99.9,6.52,1018.92,0.0,3.97 05:54:39 22/02/20
0,99.9,6.5,1018.64,0.0,3.97 05:59:50 22/02/20
1,99.9,6.415,1018.45,0.0,3.97 06:05:11 22/02/20
1,99.9,6.465,1018.61,0.0,3.97 06:10:29 22/02/20
1,99.9,6.41,1018.65,0.0,3.97 06:15:46 22/02/20
1,99.9,6.41,1018.42,0.0,3.97 06:21:00 22/02/20
1,99.9,6.465,1018.36,0.0,3.97 06:26:13 22/02/20
2,99.9,6.485,1018.36,0.0,3.96 06:31:30 22/02/20
3,99.9,6.5550003,1018.44,0.0,3.96 06:36:51 22/02/20
3,99.9,6.575,1018.55,0.0,3.97 06:42:10 22/02/20
3,99.9,6.59,1018.49,0.01,3.96 06:47:22 22/02/20
3,99.9,6.6099997,1018.96,0.04,3.96 06:52:35 22/02/20
5,99.9,6.6800003,1018.9,0.1,3.96 06:57:48 22/02/20
6,99.9,6.69,1018.74,0.21,3.96 07:03:01 22/02/20
8,99.9,6.7200003,1018.62,0.41,3.97 07:08:12 22/02/20
13,99.9,6.765,1018.55,0.75,3.96 07:13:30 22/02/20
19,99.9,6.79,1018.58,1.48,3.96 07:18:47 22/02/20
30,99.9,6.79,1018.56,2.28,3.96 07:24:02 22/02/20
47,99.9,6.805,1018.56,3.94,3.96 07:29:13 22/02/20
74,99.9,6.87,1018.11,4.21,3.96 07:34:28 22/02/20
77,99.9,6.885,1017.94,4.08,3.96 07:39:40 22/02/20
76,99.9,6.9,1018.09,4.09,3.96 07:44:53 22/02/20
88,99.9,6.955,1017.96,4.04,3.96 07:50:06 22/02/20
108,99.9,6.9700003,1018.41,4.4,3.96 07:55:19 22/02/20
131,99.9,6.9750004,1018.46,4.79,3.96 08:00:32 22/02/20
154,99.9,6.99,1018.3,5.0,3.96 08:05:45 22/02/20
197,99.9,6.995,1018.61,4.03,3.97 08:10:58 22/02/20
233,99.9,7.06,1018.66,4.06,3.98 08:16:11 22/02/20
243,99.9,7.085,1018.27,4.04,3.99 08:21:31 22/02/20
199,99.9,7.17,1018.23,5.0,3.98 08:26:45 22/02/20
186,99.9,7.19,1018.35,5.0,3.97 08:31:58 22/02/20
190,99.9,7.1949997,1017.91,5.0,3.98 08:37:11 22/02/20
173,99.9,7.27,1018.05,4.46,3.98 08:42:24 22/02/20
153,99.9,7.285,1018.47,5.0,3.97 08:47:37 22/02/20
189,99.9,7.36,1018.44,5.0,3.97 08:52:50 22/02/20
182,99.9,7.375,1018.14,4.26,3.98 08:58:04 22/02/20
189,99.9,7.395,1018.27,4.36,3.98 09:03:17 22/02/20
192,99.9,7.46,1018.33,5.0,3.97 09:08:33 22/02/20
201,99.9,7.4800005,1018.41,4.03,3.98 09:13:52 22/02/20
226,99.9,7.555,1018.25,5.0,3.98 09:19:04 22/02/20
247,99.9,7.585,1018.02,5.0,3.99 09:24:17 22/02/20
238,99.9,7.6549997,1018.07,4.58,4.0 09:29:30 22/02/20
245,99.9,7.6949997,1018.04,5.0,4.0 09:34:43 22/02/20
238,99.9,7.765,1018.07,4.7,4.0 09:39:57 22/02/20
255,99.9,7.855,1018.15,5.0,4.0 09:45:13 22/02/20
254,99.9,7.95,1018.06,5.0,4.01 09:50:31 22/02/20
259,99.9,8.035,1018.07,4.78,4.01 09:55:44 22/02/20
258,99.9,8.135,1018.04,4.2,4.02 10:00:57 22/02/20
268,99.9,8.16,1017.97,5.0,4.02 10:06:14 22/02/20
291,99.9,8.32,1018.29,4.09,4.04 10:11:32 22/02/20
298,99.9,8.355,1018.31,4.21,4.04 10:16:45 22/02/20
304,99.9,8.455,1018.29,5.0,4.05 10:22:02 22/02/20
271,99.9,8.55,1018.41,5.0,4.05 10:27:20 22/02/20
269,99.9,8.575,1018.41,5.0,4.05 10:32:33 22/02/20
287,99.9,8.645,1018.44,4.21,4.04 10:37:50 22/02/20
270,99.9,8.675,1018.17,5.0,4.05 10:43:08 22/02/20
282,99.9,8.685,1018.21,4.2,4.06 10:48:21 22/02/20
306,99.9,8.745,1017.98,4.21,4.08 10:53:35 22/02/20
301,99.9,8.76,1018.04,4.15,4.08 10:58:48 22/02/20
293,99.9,8.775,1018.45,5.0,4.09 11:04:02 22/02/20
270,99.9,8.84,1018.64,5.0,4.09 11:09:14 22/02/20
277,99.9,8.845,1018.47,4.2,4.1 11:14:28 22/02/20
295,99.9,8.855,1018.43,5.0,4.11 11:19:41 22/02/20
297,99.9,8.875,1018.48,4.24,4.12 11:24:55 22/02/20
315,99.9,8.95,1018.41,4.25,4.16 11:30:07 22/02/20
311,99.9,8.965,1018.44,5.0,4.14 11:35:20 22/02/20
290,99.9,9.045,1018.46,5.0,4.16 11:40:34 22/02/20
300,99.9,9.059999,1018.45,5.0,4.14 11:45:48 22/02/20
296,99.9,9.075,1018.28,4.8,4.15 11:51:00 22/02/20
295,99.9,9.155001,1018.32,4.29,4.14 11:56:17 22/02/20
254,99.9,9.185,1018.58,5.0,4.16 12:01:35 22/02/20
267,99.9,9.245,1018.48,5.0,4.15 12:06:52 22/02/20
283,99.9,9.264999,1018.61,5.0,4.14 12:12:10 22/02/20
267,99.9,9.29,1018.62,4.22,4.14 12:17:24 22/02/20
293,99.9,9.365,1018.56,4.4,4.15 12:22:40 22/02/20
282,99.9,9.46,1018.53,5.0,4.15 12:27:59 22/02/20
285,99.9,9.535,1018.27,4.62,4.14 12:33:13 22/02/20
257,99.9,9.64,1019.03,5.0,4.14 12:38:25 22/02/20
286,99.9,9.665,1018.79,5.0,4.13 12:43:39 22/02/20
282,99.9,9.755,1018.85,4.25,4.14 12:48:51 22/02/20
228,99.9,9.785,1019.11,4.22,4.16 12:54:05 22/02/20
236,99.9,9.860001,1018.94,5.0,4.16 12:59:19 22/02/20
268,99.9,9.875,1019.29,5.0,4.14 13:04:33 22/02/20
298,99.9,9.895,1019.12,5.0,4.16 13:09:45 22/02/20
280,99.9,9.975,1019.18,5.0,4.14 13:14:57 22/02/20
279,99.9,9.99,1019.09,4.22,4.15 13:20:12 22/02/20
322,99.9,10.07,1019.02,4.22,4.15 13:25:27 22/02/20
279,99.9,10.1,1018.96,4.35,4.15 13:30:39 22/02/20
264,99.9,10.17,1019.21,4.22,4.15 13:35:52 22/02/20
275,99.9,10.26,1019.43,5.0,4.15 13:41:06 22/02/20
264,99.9,10.26,1019.29,5.0,4.13 13:46:19 22/02/20
266,99.9,10.285,1019.34,5.0,4.13 13:51:36 22/02/20
258,99.9,10.345,1019.35,5.0,4.14 13:56:55 22/02/20
299,99.9,10.315001,1019.3,5.0,4.15 14:02:06 22/02/20
281,99.9,10.38,1019.34,4.35,4.15 14:07:21 22/02/20
256,99.9,10.4,1019.36,4.92,4.15 14:12:35 22/02/20
258,99.9,10.405001,1019.08,5.0,4.14 14:17:46 22/02/20
243,99.9,10.46,1019.15,4.91,4.14 14:23:00 22/02/20
300,99.9,10.469999,1019.25,5.0,4.14 14:28:16 22/02/20
293,99.9,10.485,1019.25,5.0,4.16 14:33:28 22/02/20
253,99.9,10.5,1019.2,5.0,4.14 14:38:40 22/02/20
241,99.9,10.504999,1019.24,5.0,4.14 14:43:55 22/02/20
256,99.9,10.49,1019.32,5.0,4.14 14:49:09 22/02/20
266,99.9,10.495,1019.18,5.0,4.15 14:54:22 22/02/20
305,99.9,10.495,1019.1,5.0,4.14 14:59:36 22/02/20
224,99.9,10.514999,1019.0,4.38,4.14 15:04:49 22/02/20
282,99.9,10.514999,1019.08,5.0,4.15 15:10:06 22/02/20
265,99.9,10.525,1018.98,5.0,4.14 15:15:28 22/02/20
227,99.9,10.59,1019.11,4.66,4.14 15:20:47 22/02/20
228,99.9,10.6,1018.96,4.22,4.16 15:26:00 22/02/20
273,99.9,10.610001,1019.02,5.0,4.15 15:31:13 22/02/20
244,99.9,10.62,1018.91,5.0,4.14 15:36:27 22/02/20
263,99.9,10.690001,1018.91,4.21,4.15 15:41:40 22/02/20
247,99.9,10.705,1019.0,5.0,4.14 15:46:54 22/02/20
259,99.9,10.725,1019.05,4.6,4.15 15:52:07 22/02/20
247,99.9,10.785,1018.91,5.0,4.16 15:57:21 22/02/20
279,99.9,10.799999,1018.8,5.0,4.14 16:02:34 22/02/20
228,99.9,10.815001,1018.64,5.0,4.14 16:07:48 22/02/20
237,99.9,10.809999,1018.87,4.23,4.16 16:13:01 22/02/20
231,99.9,10.82,1018.74,5.0,4.15 16:18:15 22/02/20
227,99.9,10.82,1018.92,5.0,4.14 16:23:28 22/02/20
248,99.9,10.82,1019.08,4.46,4.14 16:28:42 22/02/20
208,99.9,10.82,1019.15,5.0,4.15 16:33:55 22/02/20
219,99.9,10.88,1018.99,4.8,4.15 16:39:09 22/02/20
201,99.9,10.88,1019.01,4.53,4.16 16:44:22 22/02/20
216,99.9,10.83,1019.04,4.25,4.12 16:49:39 22/02/20
173,99.9,10.835,1018.94,4.3,4.14 16:55:01 22/02/20
176,99.9,10.825,1018.77,5.0,4.14 17:00:23 22/02/20
167,99.9,10.825,1018.93,4.56,4.13 17:05:45 22/02/20
138,99.9,10.809999,1018.9,4.57,4.13 17:11:04 22/02/20
128,99.9,10.745001,1019.1,4.31,4.12 17:16:18 22/02/20
112,99.9,10.785,1019.13,4.2,4.12 17:21:30 22/02/20
117,99.9,10.78,1019.08,4.25,4.11 17:26:45 22/02/20
103,99.9,10.72,1019.11,4.18,4.11 17:31:57 22/02/20
109,99.9,10.725,1019.07,4.23,4.1 17:37:11 22/02/20
93,99.9,10.725,1019.17,3.98,4.1 17:42:24 22/02/20
75,99.9,10.66,1019.14,3.32,4.1 17:47:38 22/02/20
69,99.9,10.715,1019.22,3.17,4.09 17:52:51 22/02/20
61,99.9,10.71,1019.28,2.81,4.09 17:58:05 22/02/20
49,99.9,10.700001,1019.38,2.25,4.09 18:03:18 22/02/20
39,99.9,10.700001,1019.45,1.63,4.08 18:08:32 22/02/20
25,99.9,10.645,1019.5,1.04,4.08 18:13:43 22/02/20
31,99.9,10.635,1019.61,1.04,4.08 18:19:02 22/02/20
20,99.9,10.645,1019.52,0.52,4.08 18:24:21 22/02/20
16,99.9,10.695,1019.46,0.21,4.07 18:29:35 22/02/20
14,99.9,10.71,1019.44,0.08,4.07 18:34:47 22/02/20
14,99.9,10.73,1019.61,0.04,4.07 18:40:01 22/02/20
13,99.9,10.745001,1019.61,0.01,4.07 18:45:14 22/02/20
14,99.9,10.82,1019.77,0.0,4.07 18:50:28 22/02/20
10,99.9,10.835,1019.86,0.0,4.06 18:55:41 22/02/20
10,99.9,10.91,1019.8,0.0,4.06 19:00:56 22/02/20
10,99.9,10.915,1019.76,0.0,4.06 19:06:08 22/02/20
10,99.9,10.975,1019.75,0.0,4.06 19:11:22 22/02/20
9,99.9,10.995,1019.78,0.0,4.06 19:16:35 22/02/20
10,99.9,11.01,1019.87,0.0,4.06 19:21:49 22/02/20
7,99.9,11.02,1020.04,0.0,4.06 19:27:00 22/02/20
11,99.9,11.03,1020.07,0.0,4.05 19:32:16 22/02/20
11,99.9,11.1,1020.2,0.0,4.05 19:37:29 22/02/20
12,99.9,11.105,1020.13,0.0,4.05 19:42:43 22/02/20
12,99.9,11.125,1020.31,0.0,4.05 19:47:56 22/02/20
12,99.9,11.195,1020.13,0.0,4.05 19:53:10 22/02/20
12,99.9,11.215,1020.19,0.0,4.05 19:58:23 22/02/20
13,99.9,11.215,1020.11,0.0,4.05 20:03:37 22/02/20
15,99.9,11.29,1020.09,0.0,4.04 20:08:51 22/02/20
16,99.9,11.299999,1020.17,0.0,4.04 20:14:05 22/02/20
20,99.9,11.295,1020.26,0.0,4.04 20:19:21 22/02/20
16,99.9,11.24,1020.33,0.0,4.04 20:24:40 22/02/20
16,99.9,11.23,1020.37,0.0,4.04 20:29:56 22/02/20
18,99.9,11.215,1020.44,0.0,4.04 20:35:07 22/02/20
17,99.9,11.145,1020.47,0.0,4.04 20:40:20 22/02/20
18,99.9,11.125,1020.45,0.0,4.04 20:45:34 22/02/20
16,99.9,11.1,1020.49,0.0,4.04 20:50:47 22/02/20
18,99.9,11.04,1020.57,0.0,4.03 20:56:01 22/02/20
17,99.9,11.02,1020.53,0.0,4.03 21:01:14 22/02/20
19,99.9,11.0,1020.49,0.0,4.03 21:06:28 22/02/20
15,99.9,10.940001,1020.47,0.0,4.03 21:11:40 22/02/20
21,99.9,10.915,1020.49,0.0,4.03 21:16:57 22/02/20
12,99.9,10.855,1020.52,0.0,4.03 21:22:06 22/02/20
19,99.9,10.835,1020.43,0.0,4.03 21:27:22 22/02/20
12,99.9,10.825,1020.36,0.0,4.03 21:32:33 22/02/20
20,99.9,10.745001,1020.5,0.0,4.03 21:37:49 22/02/20
19,99.9,10.735001,1020.54,0.0,4.03 21:43:02 22/02/20
20,99.9,10.73,1020.47,0.0,4.02 21:48:16 22/02/20
19,99.9,10.715,1020.41,0.0,4.02 21:53:29 22/02/20
18,99.9,10.715,1020.47,0.0,4.02 21:58:42 22/02/20
16,99.9,10.645,1020.46,0.0,4.02 22:03:55 22/02/20
22,99.9,10.645,1020.59,0.0,4.02 22:09:10 22/02/20
24,99.9,10.635,1020.52,0.0,4.02 22:14:24 22/02/20
20,99.9,10.635,1020.32,0.0,4.02 22:19:35 22/02/20
18,99.9,10.625,1020.46,0.0,4.02 22:24:48 22/02/20
21,99.9,10.625,1020.33,0.0,4.02 22:30:02 22/02/20
26,99.9,10.555,1020.46,0.0,4.02 22:35:17 22/02/20
25,99.9,10.615,1020.61,0.0,4.02 22:40:30 22/02/20
27,99.9,10.62,1020.17,0.0,4.01 22:45:44 22/02/20
18,99.9,10.615,1020.41,0.0,4.02 22:50:55 22/02/20
28,99.9,10.615,1020.24,0.0,4.02 22:56:11 22/02/20
28,99.9,10.615,1020.31,0.0,4.01 23:01:25 22/02/20
32,99.9,10.610001,1020.44,0.0,4.01 23:06:39 22/02/20
22,99.9,10.610001,1020.45,0.0,4.01 23:11:50 22/02/20
25,99.9,10.615,1020.47,0.0,4.01 23:17:04 22/02/20
30,99.9,10.605,1020.47,0.0,4.01 23:22:18 22/02/20
29,99.9,10.63,1020.62,0.0,4.01 23:27:31 22/02/20
30,99.9,10.63,1020.55,0.0,4.01 23:32:45 22/02/20
19,99.9,10.639999,1020.6,0.0,4.01 23:37:57 22/02/20
31,99.9,10.645,1020.57,0.0,4.01 23:43:12 22/02/20
30,99.9,10.705,1020.56,0.0,4.01 23:48:25 22/02/20
23,99.9,10.705,1020.73,0.0,4.01 23:53:37 22/02/20
31,99.9,10.639999,1020.67,0.0,4.01 23:58:53 22/02/20
