56,99.9,3.2350001,1010.87,0.0,3.75 00:33:18 28/02/20
58,99.9,2.9299998,1011.1,0.0,3.77 00:38:34 28/02/20
61,99.9,2.6950002,1011.31,0.0,3.78 00:43:52 28/02/20
54,99.9,2.5549998,1011.31,0.0,3.78 00:49:07 28/02/20
57,99.9,2.49,1011.25,0.0,3.78 00:54:21 28/02/20
62,99.9,2.49,1011.3,0.0,3.79 00:59:45 28/02/20
62,99.9,2.58,1011.4,0.0,3.79 01:05:11 28/02/20
56,99.9,2.585,1011.57,0.0,3.79 01:10:23 28/02/20
58,99.9,2.565,1011.56,0.0,3.79 01:15:40 28/02/20
54,99.9,2.5049999,1011.68,0.0,3.8 01:20:57 28/02/20
57,99.9,2.5,1011.77,0.0,3.8 01:26:13 28/02/20
55,99.9,2.5549998,1011.84,0.0,3.8 01:31:30 28/02/20
55,99.9,2.5,1011.89,0.0,3.8 01:36:44 28/02/20
55,99.9,2.5,1011.97,0.0,3.8 01:41:54 28/02/20
48,99.9,2.485,1011.99,0.0,3.81 01:47:05 28/02/20
56,99.9,2.425,1012.0,0.0,3.81 01:52:19 28/02/20
55,99.9,2.405,1012.14,0.0,3.81 01:57:32 28/02/20
56,99.9,2.4,1012.28,0.0,3.81 02:02:45 28/02/20
56,99.9,2.3899999,1012.39,0.0,3.81 02:07:57 28/02/20
55,99.9,2.385,1012.47,0.0,3.81 02:13:09 28/02/20
51,99.9,2.31,1012.53,0.0,3.81 02:18:21 28/02/20
57,99.9,2.28,1012.63,0.0,3.81 02:23:34 28/02/20
55,99.9,2.205,1012.69,0.0,3.81 02:28:46 28/02/20
61,99.9,2.19,1012.73,0.0,3.81 02:34:03 28/02/20
53,99.9,2.18,1012.88,0.0,3.81 02:39:19 28/02/20
55,99.9,2.12,1012.84,0.0,3.81 02:44:32 28/02/20
59,99.9,2.165,1012.85,0.0,3.81 02:49:49 28/02/20
55,99.9,2.165,1013.01,0.0,3.81 02:55:06 28/02/20
53,99.9,2.12,1013.07,0.0,3.82 03:00:18 28/02/20
54,99.9,2.175,1013.12,0.0,3.82 03:05:30 28/02/20
54,99.9,2.18,1013.17,0.0,3.82 03:10:42 28/02/20
45,99.9,2.175,1013.18,0.0,3.82 03:15:53 28/02/20
56,99.9,2.17,1013.22,0.0,3.82 03:21:08 28/02/20
53,99.9,2.1100001,1013.19,0.0,3.82 03:26:20 28/02/20
54,99.9,2.095,1013.23,0.0,3.81 03:31:32 28/02/20
52,99.9,2.075,1013.26,0.0,3.82 03:36:44 28/02/20
50,99.9,1.99,1013.35,0.0,3.82 03:42:00 28/02/20
44,99.9,1.9,1013.4,0.0,3.81 03:47:17 28/02/20
45,99.9,1.8000001,1013.4,0.0,3.82 03:52:30 28/02/20
46,99.9,1.7049999,1013.41,0.0,3.82 03:57:42 28/02/20
45,99.9,1.665,1013.44,0.0,3.81 04:02:54 28/02/20
45,99.9,1.585,1013.58,0.0,3.82 04:08:07 28/02/20
43,99.9,1.565,1013.7,0.0,3.81 04:13:19 28/02/20
42,99.9,1.5,1013.76,0.0,3.81 04:18:31 28/02/20
43,99.9,1.4849999,1013.76,0.0,3.81 04:23:44 28/02/20
42,99.9,1.4849999,1013.87,0.0,3.82 04:28:57 28/02/20
42,99.9,1.4849999,1014.0,0.0,3.81 04:34:08 28/02/20
47,99.9,1.48,1014.01,0.0,3.81 04:39:25 28/02/20
41,99.9,1.47,1014.14,0.0,3.81 04:44:42 28/02/20
41,99.9,1.405,1014.33,0.0,3.81 04:49:54 28/02/20
41,99.9,1.39,1014.3,0.0,3.82 04:55:06 28/02/20
38,99.9,1.37,1014.41,0.0,3.82 05:00:17 28/02/20
40,99.9,1.3,1014.47,0.0,3.82 05:05:31 28/02/20
41,99.9,1.295,1014.51,0.0,3.81 05:10:44 28/02/20
32,99.9,1.29,1014.61,0.0,3.81 05:15:55 28/02/20
27,99.9,1.27,1014.65,0.0,3.81 05:21:06 28/02/20
32,99.9,1.265,1014.7,0.0,3.81 05:26:20 28/02/20
31,99.9,1.2049999,1014.74,0.0,3.81 05:31:32 28/02/20
36,99.9,1.1949999,1014.8,0.0,3.81 05:36:48 28/02/20
33,99.9,1.19,1014.77,0.0,3.81 05:42:05 28/02/20
37,99.9,1.1949999,1014.83,0.0,3.81 05:47:22 28/02/20
32,99.9,1.19,1014.86,0.0,3.81 05:52:38 28/02/20
33,99.9,1.185,1014.9,0.0,3.81 05:57:54 28/02/20
33,99.9,1.1700001,1014.9,0.0,3.81 06:03:11 28/02/20
27,99.9,1.11,1014.9,0.0,3.81 06:08:22 28/02/20
34,99.9,1.105,1014.93,0.0,3.8 06:13:36 28/02/20
32,99.9,1.095,1014.9,0.0,3.81 06:18:48 28/02/20
30,99.9,1.0899999,1014.95,0.0,3.81 06:24:00 28/02/20
35,99.9,1.085,1014.97,0.0,3.81 06:29:13 28/02/20
29,99.9,1.075,1014.9,0.0,3.81 06:34:24 28/02/20
32,99.9,1.095,1014.96,0.01,3.81 06:39:36 28/02/20
35,99.9,1.105,1015.04,0.04,3.81 06:44:50 28/02/20
39,99.9,1.115,1015.05,0.11,3.8 06:50:02 28/02/20
30,99.9,1.115,1015.09,0.29,3.81 06:55:12 28/02/20
46,99.9,1.11,1015.12,0.71,3.81 07:00:27 28/02/20
52,99.9,1.115,1015.21,1.55,3.8 07:05:39 28/02/20
72,99.9,1.1600001,1015.22,2.5,3.8 07:10:56 28/02/20
84,99.9,1.1700001,1015.33,3.85,3.8 07:16:12 28/02/20
103,99.9,1.1800001,1015.26,3.88,3.8 07:21:25 28/02/20
126,99.9,1.185,1015.28,4.02,3.8 07:26:36 28/02/20
141,99.9,1.1800001,1015.38,4.75,3.81 07:31:47 28/02/20
179,99.9,1.1800001,1015.25,3.91,3.81 07:37:06 28/02/20
205,99.9,1.1800001,1015.33,4.19,3.81 07:42:24 28/02/20
212,99.9,1.1800001,1015.32,5.0,3.81 07:47:35 28/02/20
209,99.9,1.185,1015.38,5.0,3.81 07:52:44 28/02/20
225,99.9,1.19,1015.36,5.0,3.82 07:57:58 28/02/20
233,99.9,1.2,1015.43,3.87,3.82 08:03:11 28/02/20
231,99.9,1.28,1015.41,3.88,3.82 08:08:21 28/02/20
246,99.9,1.29,1015.45,5.0,3.83 08:13:34 28/02/20
258,99.9,1.305,1015.46,4.37,3.83 08:18:46 28/02/20
333,99.9,1.38,1015.59,4.74,3.84 08:24:09 28/02/20
318,99.9,1.46,1015.63,5.0,3.84 08:29:21 28/02/20
354,99.9,1.4949999,1015.66,3.96,3.87 08:34:34 28/02/20
371,99.9,1.59,1015.62,5.0,3.88 08:39:44 28/02/20
358,99.9,1.76,1015.71,5.0,3.88 08:45:00 28/02/20
332,99.9,1.875,1015.59,5.0,3.89 08:50:09 28/02/20
331,99.9,2.04,1015.66,3.98,3.9 08:55:23 28/02/20
341,99.9,2.15,1015.69,4.89,3.91 09:00:35 28/02/20
346,99.9,2.255,1015.77,3.98,3.91 09:05:47 28/02/20
354,99.9,2.435,1015.75,5.0,3.93 09:11:00 28/02/20
348,99.9,2.615,1015.77,4.06,3.94 09:16:10 28/02/20
372,99.9,2.8249998,1015.79,5.0,3.95 09:21:28 28/02/20
349,99.9,4.13,1015.65,4.78,3.96 09:41:06 28/02/20
361,99.9,4.075,1015.63,5.0,3.98 09:46:20 28/02/20
362,99.9,3.975,1015.54,4.4,4.0 09:51:32 28/02/20
352,99.9,4.0,1015.63,4.49,4.01 09:56:44 28/02/20
359,99.9,4.08,1015.56,4.13,4.01 10:01:58 28/02/20
365,99.9,4.1099997,1015.59,4.79,4.03 10:07:10 28/02/20
347,99.9,4.14,1015.57,5.0,4.05 10:12:23 28/02/20
321,99.9,4.225,1015.52,4.23,4.04 10:17:35 28/02/20
329,99.9,4.23,1015.51,4.15,4.05 10:22:48 28/02/20
346,99.9,4.255,1015.68,4.17,4.06 10:28:01 28/02/20
322,99.9,4.325,1015.65,5.0,4.07 10:33:13 28/02/20
322,99.9,4.355,1015.68,4.16,4.08 10:38:27 28/02/20
319,99.9,4.39,1015.64,5.0,4.08 10:43:39 28/02/20
324,99.9,4.46,1015.61,5.0,4.1 10:48:51 28/02/20
333,99.9,4.48,1015.71,4.22,4.11 10:54:04 28/02/20
346,99.9,4.565,1015.62,4.3,4.13 10:59:20 28/02/20
340,99.9,4.665,1015.44,4.23,4.15 11:04:38 28/02/20
338,99.9,4.765,1015.39,4.29,4.17 11:09:50 28/02/20
334,99.9,4.855,1015.37,4.3,4.18 11:15:02 28/02/20
345,99.9,4.96,1015.32,5.0,4.2 11:20:17 28/02/20
350,99.9,5.09,1015.34,4.31,4.21 11:25:29 28/02/20
344,99.9,5.2799997,1015.29,4.78,4.22 11:30:39 28/02/20
357,99.9,5.38,1015.32,5.0,4.22 11:35:55 28/02/20
359,99.9,5.425,1015.26,4.26,4.17 11:41:07 28/02/20
360,99.9,5.56,1015.11,4.3,4.2 11:46:20 28/02/20
363,99.9,5.605,1015.02,4.36,4.18 11:51:32 28/02/20
366,99.9,5.69,1014.86,5.0,4.19 11:56:46 28/02/20
376,99.9,5.84,1014.71,4.35,4.19 12:02:03 28/02/20
366,99.9,5.965,1014.62,4.42,4.19 12:07:19 28/02/20
374,99.9,6.12,1014.51,5.0,4.2 12:12:36 28/02/20
369,99.9,6.185,1014.43,4.33,4.19 12:17:53 28/02/20
364,99.9,6.335,1014.43,4.3,4.19 12:23:06 28/02/20
367,99.9,6.375,1014.33,4.29,4.19 12:28:22 28/02/20
370,99.9,6.465,1014.18,4.3,4.2 12:33:33 28/02/20
371,99.9,6.56,1013.99,5.0,4.2 12:38:45 28/02/20
369,99.9,6.635,1013.85,4.55,4.2 12:43:58 28/02/20
366,99.9,6.7349997,1013.77,4.35,4.21 12:49:09 28/02/20
376,99.9,6.84,1013.61,5.0,4.24 12:54:24 28/02/20
387,99.9,7.005,1013.44,5.0,4.22 12:59:37 28/02/20
404,99.9,7.06,1013.24,5.0,4.22 13:04:56 28/02/20
391,99.9,7.22,1013.2,5.0,4.22 13:10:10 28/02/20
395,99.9,7.25,1013.08,5.0,4.22 13:15:23 28/02/20
412,99.9,7.4300003,1013.02,5.0,4.21 13:20:44 28/02/20
402,99.9,7.525,1012.74,5.0,4.21 13:26:02 28/02/20
392,99.9,7.625,1012.78,5.0,4.22 13:31:21 28/02/20
390,99.9,7.72,1012.54,5.0,4.22 13:36:33 28/02/20
377,99.9,7.77,1012.49,5.0,4.22 13:41:46 28/02/20
368,99.9,7.835,1012.38,5.0,4.22 13:46:59 28/02/20
361,99.9,7.7799997,1012.24,4.31,4.2 13:52:12 28/02/20
353,99.9,7.7599998,1012.23,4.25,4.19 13:57:25 28/02/20
340,99.9,7.745,1012.31,4.28,4.18 14:02:38 28/02/20
327,99.9,7.665,1012.23,4.84,4.17 14:07:52 28/02/20
306,99.9,7.6449995,1012.15,5.0,4.16 14:13:04 28/02/20
312,99.9,7.575,1012.0,5.0,4.14 14:18:19 28/02/20
297,99.9,7.545,1011.93,5.0,4.13 14:23:29 28/02/20
299,99.9,7.465,1011.84,4.73,4.14 14:28:44 28/02/20
310,99.9,7.36,1011.78,4.23,4.15 14:34:04 28/02/20
299,99.9,7.355,1011.74,5.0,4.14 14:39:18 28/02/20
297,99.9,7.255,1011.6,4.23,4.14 14:44:31 28/02/20
292,99.9,7.255,1011.53,4.24,4.14 14:49:44 28/02/20
285,99.9,7.245,1011.48,5.0,4.14 14:54:58 28/02/20
292,99.9,7.2349997,1011.29,4.19,4.12 15:00:10 28/02/20
294,99.9,7.25,1011.23,5.0,4.14 15:05:23 28/02/20
296,99.9,7.255,1011.14,4.81,4.15 15:10:36 28/02/20
284,99.9,7.315,1011.06,4.18,4.13 15:15:47 28/02/20
270,99.9,7.26,1011.0,4.61,4.14 15:21:02 28/02/20
262,99.9,7.26,1010.91,4.19,4.14 15:26:15 28/02/20
262,99.9,7.255,1010.77,5.0,4.14 15:31:28 28/02/20
259,99.9,7.175,1010.65,4.22,4.14 15:36:41 28/02/20
252,99.9,7.1549997,1010.5,4.18,4.14 15:41:54 28/02/20
246,99.9,7.08,1010.21,5.0,4.13 15:47:07 28/02/20
258,99.9,6.99,1010.01,4.28,4.13 15:52:24 28/02/20
247,99.9,6.98,1010.01,5.0,4.13 15:57:42 28/02/20
236,99.9,6.9750004,1009.85,5.0,4.14 16:02:54 28/02/20
241,99.9,6.96,1009.72,5.0,4.15 16:08:18 28/02/20
216,99.9,6.95,1009.76,5.0,4.15 16:13:30 28/02/20
205,99.9,6.87,1009.55,4.38,4.16 16:18:43 28/02/20
185,99.9,6.7749996,1009.38,5.0,4.15 16:23:54 28/02/20
206,99.9,6.665,1009.23,4.88,4.16 16:29:06 28/02/20
187,99.9,6.605,1009.13,5.0,4.15 16:34:21 28/02/20
191,99.9,6.585,1008.9,5.0,4.15 16:39:34 28/02/20
193,99.9,6.55,1008.6,5.0,4.15 16:44:47 28/02/20
171,99.9,6.485,1008.25,5.0,4.15 16:49:59 28/02/20
178,99.9,6.465,1008.26,5.0,4.15 16:55:13 28/02/20
167,99.9,6.395,1008.11,5.0,4.14 17:00:25 28/02/20
182,99.9,6.38,1007.95,4.49,4.13 17:05:42 28/02/20
171,99.9,6.36,1007.73,5.0,4.13 17:11:00 28/02/20
159,99.9,6.285,1007.69,5.0,4.12 17:16:12 28/02/20
155,99.9,6.21,1007.36,4.59,4.11 17:21:25 28/02/20
170,99.9,6.2,1007.19,4.91,4.1 17:26:48 28/02/20
137,99.9,6.2,1007.08,4.93,4.1 17:31:58 28/02/20
139,99.9,6.12,1006.9,4.31,4.09 17:37:16 28/02/20
111,99.9,6.085,1006.82,4.22,4.09 17:42:34 28/02/20
104,99.9,6.0150003,1006.67,4.16,4.08 17:47:47 28/02/20
84,99.9,5.995,1006.58,3.84,4.08 17:52:58 28/02/20
86,99.9,5.905,1006.57,3.67,4.08 17:58:13 28/02/20
76,99.9,5.825,1006.47,3.31,4.07 18:03:25 28/02/20
66,99.9,5.75,1006.26,2.9,4.07 18:08:41 28/02/20
55,99.9,5.725,1006.04,2.08,4.06 18:13:52 28/02/20
48,99.9,5.6400003,1005.89,1.69,4.06 18:19:04 28/02/20
42,99.9,5.685,1005.77,1.33,4.06 18:24:17 28/02/20
31,99.9,5.6099997,1005.58,0.72,4.06 18:29:30 28/02/20
30,99.9,5.6099997,1005.42,0.5,4.06 18:34:42 28/02/20
27,99.9,5.55,1005.18,0.23,4.05 18:39:56 28/02/20
32,99.9,5.5299997,1004.8,0.1,4.05 18:45:13 28/02/20
25,99.9,5.59,1004.82,0.03,4.05 18:50:29 28/02/20
26,99.9,5.535,1004.81,0.01,4.04 18:55:42 28/02/20
20,99.9,5.5150003,1004.71,0.0,4.05 19:00:53 28/02/20
30,99.9,5.51,1004.54,0.0,4.04 19:06:11 28/02/20
28,99.9,5.575,1004.35,0.0,4.04 19:11:29 28/02/20
21,99.9,5.535,1004.37,0.0,4.04 19:16:40 28/02/20
24,99.9,5.59,1004.31,0.0,4.04 19:21:53 28/02/20
29,99.9,5.59,1004.05,0.0,4.04 19:27:07 28/02/20
30,99.9,5.59,1004.11,0.0,4.03 19:32:21 28/02/20
23,99.9,5.6099997,1004.06,0.0,4.04 19:37:31 28/02/20
30,99.9,5.62,1003.95,0.0,4.03 19:42:46 28/02/20
27,99.9,5.625,1003.78,0.0,4.03 19:47:57 28/02/20
21,99.9,5.6800003,1003.7,0.0,4.03 19:53:09 28/02/20
31,99.9,5.6949997,1003.6,0.0,4.03 19:58:25 28/02/20
32,99.9,5.7,1003.56,0.0,4.03 20:03:37 28/02/20
31,99.9,5.705,1003.46,0.0,4.02 20:08:50 28/02/20
33,99.9,5.725,1003.34,0.0,4.03 20:14:03 28/02/20
34,99.9,5.795,1003.46,0.0,4.03 20:19:15 28/02/20
33,99.9,5.805,1003.29,0.0,4.02 20:24:28 28/02/20
28,99.9,5.8199997,1003.22,0.0,4.03 20:29:39 28/02/20
34,99.9,5.9,1003.17,0.0,4.02 20:34:54 28/02/20
29,99.9,5.9700003,1003.0,0.0,4.02 20:40:05 28/02/20
34,99.9,5.985,1002.85,0.0,4.02 20:45:20 28/02/20
38,99.9,6.065,1002.73,0.0,4.02 20:50:35 28/02/20
34,99.9,6.1499996,1002.82,0.0,4.02 20:55:45 28/02/20
37,99.9,6.185,1002.77,0.0,4.02 21:00:59 28/02/20
38,99.9,6.265,1002.53,0.0,4.02 21:06:11 28/02/20
31,99.9,6.31,1002.63,0.0,4.02 21:11:22 28/02/20
39,99.9,6.3900003,1002.5,0.0,4.02 21:16:37 28/02/20
41,99.9,6.465,1002.47,0.0,4.02 21:21:53 28/02/20
39,99.9,6.5,1002.44,0.0,4.01 21:27:11 28/02/20
38,99.9,6.585,1002.27,0.0,4.01 21:32:24 28/02/20
40,99.9,6.665,1002.39,0.0,4.01 21:37:37 28/02/20
38,99.9,6.69,1002.29,0.0,4.01 21:42:50 28/02/20
44,99.9,6.765,1002.24,0.0,4.01 21:48:06 28/02/20
40,99.9,6.805,1002.11,0.0,4.01 21:53:25 28/02/20
41,99.9,6.875,1001.9,0.0,4.01 21:58:38 28/02/20
41,99.9,6.895,1001.83,0.0,4.01 22:03:50 28/02/20
42,99.9,6.98,1001.82,0.0,4.01 22:09:03 28/02/20
41,99.9,7.065,1001.78,0.0,4.01 22:14:16 28/02/20
40,99.9,7.14,1001.77,0.0,4.01 22:19:29 28/02/20
36,99.9,7.185,1001.74,0.0,4.01 22:24:40 28/02/20
42,99.9,7.215,1001.68,0.0,4.01 22:29:55 28/02/20
43,99.9,7.31,1001.58,0.0,4.0 22:35:08 28/02/20
45,99.9,7.4,1001.58,0.0,4.01 22:40:21 28/02/20
44,99.9,7.4800005,1001.43,0.0,4.0 22:45:34 28/02/20
46,99.9,7.56,1001.25,0.0,4.01 22:50:47 28/02/20
46,99.9,7.6400003,1001.31,0.0,4.0 22:56:00 28/02/20
46,99.9,7.6800003,1001.25,0.0,4.0 23:01:13 28/02/20
46,99.9,7.755,1001.08,0.0,4.0 23:06:27 28/02/20
46,99.9,7.79,1000.95,0.0,4.0 23:11:40 28/02/20
45,99.9,7.86,1000.95,0.0,4.0 23:16:52 28/02/20
45,99.9,7.89,1000.76,0.0,4.0 23:22:05 28/02/20
36,99.9,7.9700003,1000.73,0.0,4.0 23:27:16 28/02/20
45,99.9,8.05,1000.6,0.0,4.0 23:32:34 28/02/20
45,99.9,8.075,1000.54,0.0,4.0 23:37:45 28/02/20
50,99.9,8.155,1000.48,0.0,4.0 23:43:01 28/02/20
46,99.9,8.25,1000.42,0.0,4.0 23:48:19 28/02/20
45,99.9,8.275,1000.3,0.0,3.99 23:53:32 28/02/20
43,99.9,8.299999,1000.21,0.0,4.0 23:58:44 28/02/20
