53,99.9,8.360001,1000.09,0.0,3.99 00:04:02 29/02/20
46,99.9,8.4,1000.04,0.0,4.0 00:09:20 29/02/20
54,99.9,8.475,1000.03,0.0,3.99 00:14:37 29/02/20
49,99.9,8.505,999.94,0.0,4.0 00:19:55 29/02/20
42,99.9,8.59,999.87,0.0,4.0 00:25:06 29/02/20
49,99.9,8.6,999.76,0.0,3.99 00:30:21 29/02/20
47,99.9,8.685,999.82,0.0,3.99 00:35:34 29/02/20
48,99.9,8.764999,999.64,0.0,3.99 00:40:47 29/02/20
43,99.9,8.785,999.56,0.0,3.99 00:45:59 29/02/20
49,99.9,8.865,999.41,0.0,3.99 00:51:14 29/02/20
49,99.9,8.885,999.23,0.0,3.99 00:56:27 29/02/20
46,99.9,8.969999,999.26,0.0,3.99 01:01:39 29/02/20
48,99.9,8.995,999.38,0.0,3.99 01:06:54 29/02/20
42,99.9,9.08,999.33,0.0,3.99 01:12:05 29/02/20
50,99.9,9.09,999.18,0.0,3.99 01:17:21 29/02/20
49,99.9,9.155001,999.16,0.0,3.99 01:22:33 29/02/20
48,99.9,9.17,999.05,0.0,3.99 01:27:46 29/02/20
43,99.9,9.185,998.93,0.0,3.99 01:32:58 29/02/20
45,99.9,9.245,998.79,0.0,3.99 01:38:13 29/02/20
41,99.9,9.264999,998.8,0.0,3.99 01:43:25 29/02/20
39,99.9,9.29,998.75,0.0,3.99 01:48:38 29/02/20
43,99.9,9.355,998.73,0.0,3.98 01:53:59 29/02/20
38,99.9,9.389999,998.56,0.0,3.98 01:59:14 29/02/20
41,99.9,9.45,998.49,0.0,3.98 02:04:31 29/02/20
36,99.9,9.469999,998.37,0.0,3.99 02:09:49 29/02/20
36,99.9,9.54,998.29,0.0,3.98 02:15:03 29/02/20
37,99.9,9.559999,998.24,0.0,3.98 02:20:21 29/02/20
36,99.9,9.59,998.18,0.0,3.98 02:25:38 29/02/20
37,99.9,9.66,998.04,0.0,3.98 02:30:52 29/02/20
34,99.9,9.675,997.82,0.0,3.98 02:36:04 29/02/20
35,99.9,9.764999,997.76,0.0,3.98 02:41:18 29/02/20
34,99.9,9.845,997.78,0.0,3.98 02:46:31 29/02/20
34,99.9,9.855,997.64,0.0,3.98 02:51:44 29/02/20
36,99.9,9.94,997.56,0.0,3.98 02:57:04 29/02/20
34,99.9,9.945,997.4,0.0,3.98 03:02:19 29/02/20
35,99.9,9.969999,997.32,0.0,3.98 03:07:33 29/02/20
35,99.9,9.98,997.17,0.0,3.98 03:12:46 29/02/20
33,99.9,10.055,997.01,0.0,3.98 03:17:59 29/02/20
34,99.9,10.07,996.89,0.0,3.98 03:23:13 29/02/20
30,99.9,10.135,996.75,0.0,3.98 03:28:26 29/02/20
31,99.9,10.16,996.74,0.0,3.98 03:33:39 29/02/20
32,99.9,10.195,996.6,0.0,3.98 03:38:53 29/02/20
29,99.9,10.275,996.55,0.0,3.98 03:44:05 29/02/20
31,99.9,10.28,996.58,0.0,3.98 03:49:20 29/02/20
27,99.9,10.299999,996.4,0.0,3.98 03:54:31 29/02/20
31,99.9,10.299999,996.38,0.0,3.98 03:59:46 29/02/20
31,99.9,10.360001,996.33,0.0,3.97 04:05:00 29/02/20
28,99.9,10.360001,996.14,0.0,3.97 04:10:12 29/02/20
27,99.9,10.37,996.18,0.0,3.98 04:15:25 29/02/20
30,99.9,10.365,996.04,0.0,3.97 04:20:40 29/02/20
30,99.9,10.37,995.98,0.0,3.97 04:25:53 29/02/20
28,99.9,10.375,995.94,0.0,3.97 04:31:07 29/02/20
27,99.9,10.375,995.87,0.0,3.97 04:36:20 29/02/20
27,99.9,10.385,995.75,0.0,3.97 04:41:34 29/02/20
28,99.9,10.38,995.71,0.0,3.97 04:46:47 29/02/20
26,99.9,10.389999,995.53,0.0,3.97 04:52:07 29/02/20
24,99.9,10.389999,995.47,0.0,3.97 04:57:23 29/02/20
21,99.9,10.389999,995.42,0.0,3.97 05:02:34 29/02/20
18,99.9,10.375,995.29,0.0,3.97 05:07:47 29/02/20
22,99.9,10.309999,995.14,0.0,3.97 05:13:03 29/02/20
21,99.9,10.28,995.15,0.0,3.97 05:18:17 29/02/20
23,99.9,10.195,995.04,0.0,3.97 05:23:30 29/02/20
18,99.9,10.17,994.94,0.0,3.97 05:28:41 29/02/20
21,99.9,10.085,995.03,0.0,3.97 05:34:00 29/02/20
19,99.9,10.0,994.87,0.0,3.97 05:39:19 29/02/20
19,99.9,9.975,994.84,0.0,3.97 05:44:30 29/02/20
16,99.9,9.895,994.8,0.0,3.97 05:49:43 29/02/20
20,99.9,9.799999,994.66,0.0,3.97 05:55:01 29/02/20
21,99.9,9.78,994.53,0.0,3.97 06:00:11 29/02/20
20,99.9,9.77,994.4,0.0,3.97 06:05:25 29/02/20
14,99.9,9.700001,994.46,0.0,3.97 06:10:36 29/02/20
17,99.9,9.690001,994.38,0.0,3.97 06:15:50 29/02/20
18,99.9,9.67,994.28,0.0,3.96 06:21:05 29/02/20
15,99.9,9.605,994.1,0.0,3.96 06:26:17 29/02/20
16,99.9,9.594999,993.9,0.0,3.96 06:31:30 29/02/20
16,99.9,9.514999,993.88,0.0,3.96 06:36:45 29/02/20
19,99.9,9.49,993.65,0.0,3.96 06:41:58 29/02/20
19,99.9,9.405001,993.55,0.03,3.96 06:47:11 29/02/20
20,99.9,9.38,993.47,0.11,3.96 06:52:25 29/02/20
26,99.9,9.309999,993.36,0.31,3.96 06:57:38 29/02/20
31,99.9,9.28,993.27,0.76,3.96 07:02:52 29/02/20
30,99.9,9.215,993.18,1.47,3.96 07:08:02 29/02/20
50,99.9,9.195,992.92,2.33,3.96 07:13:18 29/02/20
76,99.9,9.190001,992.84,3.13,3.96 07:18:39 29/02/20
82,99.9,9.175,992.73,3.68,3.96 07:23:53 29/02/20
104,99.9,9.1,992.72,4.08,3.96 07:29:10 29/02/20
115,99.9,9.004999,992.54,4.24,3.96 07:34:28 29/02/20
134,99.9,8.93,992.35,4.58,3.96 07:39:39 29/02/20
164,99.9,8.9,992.23,4.36,3.96 07:44:54 29/02/20
173,99.9,8.83,992.0,5.0,3.96 07:50:07 29/02/20
184,99.9,8.809999,991.81,5.0,3.97 07:55:19 29/02/20
209,99.9,8.74,991.73,5.0,3.96 08:00:38 29/02/20
205,99.9,8.745001,991.58,5.0,3.97 08:05:53 29/02/20
220,99.9,8.735001,991.51,4.48,3.96 08:11:08 29/02/20
215,99.9,8.735001,991.46,5.0,3.98 08:16:21 29/02/20
241,99.9,8.735001,991.24,4.04,3.98 08:21:35 29/02/20
238,99.9,8.805,991.19,4.35,3.99 08:26:47 29/02/20
269,99.9,8.809999,990.98,5.0,4.0 08:32:01 29/02/20
296,99.9,8.9,990.86,5.0,4.01 08:37:14 29/02/20
336,99.9,9.004999,990.72,4.1,4.01 08:42:31 29/02/20
305,99.9,9.17,990.59,4.17,4.01 08:47:48 29/02/20
302,99.9,9.28,990.44,4.08,4.02 08:53:02 29/02/20
268,99.9,9.37,990.3,4.63,4.01 08:58:14 29/02/20
263,99.9,9.4,990.15,5.0,4.02 09:03:28 29/02/20
293,99.9,9.41,990.02,4.13,4.03 09:08:42 29/02/20
338,99.9,9.504999,989.73,4.94,4.05 09:13:56 29/02/20
356,99.9,9.78,989.58,4.15,4.08 09:19:10 29/02/20
358,99.9,10.07,989.28,4.21,4.1 09:24:22 29/02/20
369,99.9,10.35,989.09,4.97,4.13 09:29:36 29/02/20
375,99.9,10.64,988.99,4.26,4.17 09:34:49 29/02/20
383,99.9,10.94,988.74,4.69,4.21 09:40:03 29/02/20
389,99.9,11.200001,988.59,4.27,4.17 09:45:16 29/02/20
389,99.9,11.44,988.4,4.41,4.17 09:50:30 29/02/20
389,99.9,11.63,988.36,4.31,4.18 09:55:43 29/02/20
395,99.9,11.735001,988.21,4.34,4.19 10:00:58 29/02/20
399,99.9,11.83,988.27,4.32,4.19 10:06:11 29/02/20
397,99.9,11.92,988.19,4.3,4.2 10:11:24 29/02/20
397,99.9,11.95,988.05,4.39,4.2 10:16:38 29/02/20
409,99.9,12.025,987.84,4.31,4.21 10:21:58 29/02/20
399,99.9,12.065001,987.65,4.34,4.19 10:27:14 29/02/20
405,99.9,12.059999,987.72,4.29,4.2 10:32:27 29/02/20
366,99.9,12.125,987.52,4.32,4.19 10:37:41 29/02/20
380,99.9,12.15,987.46,4.41,4.19 10:42:55 29/02/20
385,99.9,12.245,987.44,4.38,4.2 10:48:09 29/02/20
379,99.9,12.34,987.24,4.28,4.19 10:53:22 29/02/20
364,99.9,12.345,987.05,4.27,4.18 10:58:36 29/02/20
364,99.9,12.35,986.98,4.34,4.18 11:03:53 29/02/20
359,99.9,12.35,986.91,5.0,4.18 11:09:12 29/02/20
357,99.9,12.335,986.82,4.29,4.18 11:14:24 29/02/20
349,99.9,12.34,986.69,4.23,4.17 11:19:39 29/02/20
333,99.9,12.345,986.61,4.23,4.17 11:24:53 29/02/20
331,99.9,12.34,986.59,5.0,4.17 11:30:07 29/02/20
340,99.9,12.34,986.43,4.28,4.17 11:35:20 29/02/20
344,99.9,12.335,986.39,4.76,4.18 11:40:34 29/02/20
373,99.9,12.360001,986.27,4.3,4.2 11:45:51 29/02/20
380,99.9,12.45,986.13,5.0,4.21 11:51:10 29/02/20
374,99.9,12.615,986.05,4.36,4.21 11:56:24 29/02/20
372,99.9,12.705,985.91,4.43,4.2 12:01:37 29/02/20
375,99.9,12.73,985.72,5.0,4.2 12:06:52 29/02/20
352,99.9,12.8,985.53,5.0,4.19 12:12:05 29/02/20
355,99.9,12.82,985.48,4.31,4.18 12:17:18 29/02/20
329,99.9,12.825001,985.32,5.0,4.17 12:22:32 29/02/20
306,99.9,12.835,985.26,4.22,4.16 12:27:47 29/02/20
326,99.9,12.775,985.5,4.64,4.17 12:33:00 29/02/20
310,99.9,12.745,985.36,4.27,4.16 12:38:14 29/02/20
309,99.9,12.725,985.25,5.0,4.16 12:43:25 29/02/20
331,99.9,12.715,985.11,5.0,4.17 12:48:41 29/02/20
368,99.9,12.775,984.9,4.36,4.2 12:53:55 29/02/20
380,99.9,12.805,984.75,4.31,4.2 12:59:08 29/02/20
383,99.9,12.905,984.43,4.87,4.22 13:04:22 29/02/20
382,99.9,13.01,984.18,4.59,4.21 13:09:36 29/02/20
327,99.9,13.115,984.17,4.3,4.18 13:14:50 29/02/20
319,99.9,13.195,984.11,4.26,4.17 13:20:04 29/02/20
316,99.9,13.2,984.08,5.0,4.16 13:25:17 29/02/20
284,99.9,13.13,983.83,5.0,4.15 13:30:32 29/02/20
366,99.9,13.065001,983.72,4.31,4.17 13:35:45 29/02/20
314,99.9,13.125,983.53,4.34,4.15 13:40:59 29/02/20
266,99.9,13.120001,983.42,4.27,4.14 13:46:12 29/02/20
300,99.9,13.110001,983.28,5.0,4.16 13:51:26 29/02/20
270,99.9,13.110001,983.39,4.35,4.14 13:56:41 29/02/20
190,99.9,13.04,983.77,5.0,4.15 14:01:54 29/02/20
247,99.9,12.450001,985.09,5.0,4.14 14:07:11 29/02/20
231,99.9,11.775,985.62,4.92,4.14 14:12:33 29/02/20
263,99.9,11.09,985.74,5.0,4.15 14:17:52 29/02/20
365,99.9,10.7,985.79,5.0,4.13 14:23:05 29/02/20
344,99.9,10.389999,985.99,4.31,4.17 14:28:17 29/02/20
325,99.9,10.27,986.16,4.27,4.16 14:33:32 29/02/20
309,99.9,10.075,986.22,4.86,4.14 14:38:49 29/02/20
300,99.9,9.965,986.42,4.26,4.12 14:44:06 29/02/20
305,99.9,9.875,986.69,5.0,4.15 14:49:21 29/02/20
364,99.9,9.855,987.08,4.39,4.22 14:54:34 29/02/20
389,99.9,9.915,987.24,4.31,4.2 14:59:48 29/02/20
385,99.9,9.844999,987.47,4.32,4.19 15:05:01 29/02/20
355,99.9,9.844999,987.5,4.38,4.2 15:10:14 29/02/20
385,99.9,9.835,987.77,5.0,4.22 15:15:31 29/02/20
253,99.9,9.82,987.83,5.0,4.14 15:20:49 29/02/20
229,99.9,9.72,988.3,5.0,4.14 15:26:03 29/02/20
290,99.9,9.535,988.28,4.29,4.15 15:31:21 29/02/20
348,99.9,9.440001,988.44,5.0,4.13 15:36:38 29/02/20
352,99.9,9.425,988.46,4.36,4.17 15:41:51 29/02/20
372,99.9,9.42,988.42,4.42,4.2 15:47:04 29/02/20
392,99.9,9.5,988.59,5.0,4.21 15:52:18 29/02/20
373,99.9,9.52,988.6,5.0,4.22 15:57:32 29/02/20
326,99.9,9.555,988.65,4.41,4.17 16:02:44 29/02/20
332,99.9,9.514999,988.75,5.0,4.16 16:07:58 29/02/20
308,99.9,9.355,988.88,4.26,4.13 16:13:12 29/02/20
304,99.9,9.265,988.99,4.28,4.15 16:18:24 29/02/20
326,99.9,9.215,988.85,4.22,4.14 16:23:41 29/02/20
314,99.9,9.13,989.15,4.27,4.16 16:28:59 29/02/20
297,99.9,9.12,989.25,5.0,4.14 16:34:12 29/02/20
288,99.9,9.139999,989.41,4.27,4.14 16:39:26 29/02/20
276,99.9,9.135,989.53,4.57,4.14 16:44:40 29/02/20
258,99.9,9.094999,989.54,5.0,4.16 16:49:52 29/02/20
284,99.9,8.955,989.49,4.3,4.17 16:55:09 29/02/20
296,99.9,8.940001,989.58,4.28,4.17 17:00:27 29/02/20
222,99.9,8.92,989.71,5.0,4.14 17:05:41 29/02/20
244,99.9,8.835,989.74,5.0,4.13 17:10:54 29/02/20
235,99.9,8.799999,989.77,4.21,4.14 17:16:07 29/02/20
239,99.9,8.74,989.97,5.0,4.15 17:21:20 29/02/20
267,99.9,8.72,990.07,4.35,4.18 17:26:33 29/02/20
277,99.9,8.715,990.18,4.29,4.19 17:31:50 29/02/20
241,99.9,8.700001,990.1,4.26,4.17 17:37:09 29/02/20
193,99.9,8.635,990.19,5.0,4.13 17:42:21 29/02/20
175,99.9,8.56,990.31,5.0,4.14 17:47:35 29/02/20
154,99.9,8.515,990.36,4.57,4.13 17:52:48 29/02/20
147,99.9,8.440001,990.45,4.38,4.12 17:58:02 29/02/20
145,99.9,8.35,990.53,5.0,4.13 18:03:14 29/02/20
119,99.9,8.299999,990.57,4.89,4.12 18:08:27 29/02/20
103,99.9,8.215,990.55,4.34,4.11 18:13:41 29/02/20
89,99.9,8.145,990.64,4.18,4.11 18:18:54 29/02/20
71,99.9,8.175,990.76,3.92,4.1 18:24:07 29/02/20
55,99.9,8.1,990.95,3.37,4.1 18:29:20 29/02/20
40,99.9,8.085,991.03,2.65,4.09 18:34:34 29/02/20
27,99.9,8.02,991.01,1.84,4.09 18:39:46 29/02/20
18,99.9,7.9849997,991.07,1.04,4.08 18:44:59 29/02/20
12,99.9,7.92,991.3,0.44,4.08 18:50:12 29/02/20
8,99.9,7.885,991.29,0.16,4.08 18:55:24 29/02/20
9,99.9,7.8199997,991.44,0.05,4.06 19:00:42 29/02/20
5,99.9,7.74,991.56,0.01,4.07 19:06:00 29/02/20
5,99.9,7.715,991.54,0.0,4.07 19:11:13 29/02/20
5,99.9,7.6949997,991.69,0.0,4.06 19:16:26 29/02/20
4,99.9,7.675,991.58,0.0,4.06 19:21:39 29/02/20
5,99.9,7.625,991.63,0.0,4.06 19:26:52 29/02/20
5,99.9,7.61,991.6,0.0,4.06 19:32:05 29/02/20
6,99.9,7.64,991.5,0.0,4.05 19:37:22 29/02/20
4,99.9,7.6850004,991.5,0.0,4.05 19:42:41 29/02/20
3,99.9,7.61,991.59,0.0,4.05 19:47:54 29/02/20
3,99.9,7.585,991.61,0.0,4.05 19:53:06 29/02/20
3,99.9,7.58,991.72,0.0,4.05 19:58:19 29/02/20
3,99.9,7.5,991.62,0.0,4.05 20:03:33 29/02/20
3,99.9,7.435,991.61,0.0,4.05 20:08:45 29/02/20
3,99.9,7.425,991.59,0.0,4.05 20:13:58 29/02/20
3,99.9,7.4100003,991.71,0.0,4.04 20:19:11 29/02/20
2,99.9,7.4100003,991.82,0.0,4.04 20:24:23 29/02/20
3,99.9,7.415,992.03,0.0,4.04 20:29:37 29/02/20
3,99.9,7.4100003,992.09,0.0,4.04 20:34:51 29/02/20
5,99.9,7.4800005,992.03,0.0,4.03 20:40:07 29/02/20
3,99.9,7.4849997,991.97,0.0,4.04 20:45:26 29/02/20
3,99.9,7.4849997,992.03,0.0,4.03 20:50:39 29/02/20
3,99.9,7.49,992.18,0.0,4.03 20:55:51 29/02/20
3,99.9,7.4700003,992.17,0.0,4.03 21:01:04 29/02/20
3,99.9,7.415,992.14,0.0,4.03 21:06:17 29/02/20
3,99.9,7.435,992.29,0.0,4.03 21:11:30 29/02/20
2,99.9,7.4700003,992.29,0.0,4.03 21:16:43 29/02/20
3,99.9,7.4800005,992.31,0.0,4.03 21:21:56 29/02/20
3,99.9,7.465,992.32,0.0,4.03 21:27:09 29/02/20
4,99.9,7.4,992.49,0.0,4.03 21:32:23 29/02/20
8,99.9,7.305,992.56,0.0,4.02 21:37:40 29/02/20
6,99.9,7.15,992.51,0.0,4.02 21:42:58 29/02/20
7,99.9,7.0550003,992.47,0.0,4.02 21:48:11 29/02/20
6,99.9,6.945,992.47,0.0,4.02 21:53:24 29/02/20
7,99.9,6.84,992.63,0.0,4.02 21:58:37 29/02/20
7,99.9,6.75,992.47,0.0,4.02 22:03:50 29/02/20
8,99.9,6.7,992.54,0.0,4.02 22:09:03 29/02/20
7,99.9,6.62,992.52,0.0,4.02 22:14:16 29/02/20
8,99.9,6.5950003,992.44,0.0,4.02 22:19:28 29/02/20
8,99.9,6.5150003,992.44,0.0,4.02 22:24:41 29/02/20
8,99.9,6.4350004,992.46,0.0,4.02 22:29:54 29/02/20
8,99.9,6.415,992.4,0.0,4.02 22:35:07 29/02/20
9,99.9,6.365,992.35,0.0,4.01 22:40:20 29/02/20
13,99.9,6.29,992.46,0.0,4.01 22:45:36 29/02/20
10,99.9,6.225,992.49,0.0,4.01 22:50:54 29/02/20
11,99.9,6.2749996,992.55,0.0,4.01 22:56:07 29/02/20
12,99.9,6.2749996,992.55,0.0,4.01 23:01:20 29/02/20
12,99.9,6.2799997,992.56,0.0,4.01 23:06:33 29/02/20
16,99.9,6.29,992.59,0.0,4.01 23:11:49 29/02/20
11,99.9,6.3199997,992.7,0.0,4.01 23:17:07 29/02/20
9,99.9,6.375,992.77,0.0,4.0 23:22:20 29/02/20
9,99.9,6.4,992.65,0.0,4.0 23:27:33 29/02/20
8,99.9,6.415,992.75,0.0,4.0 23:32:46 29/02/20
8,99.9,6.4,992.84,0.0,4.0 23:37:59 29/02/20
12,99.9,6.345,992.83,0.0,4.0 23:43:15 29/02/20
9,99.9,6.325,992.84,0.0,4.0 23:48:34 29/02/20
10,99.9,6.31,992.88,0.0,4.0 23:53:46 29/02/20
9,99.9,6.29,992.89,0.0,4.0 23:58:59 29/02/20
