205,72.6,15.525,1016.79,0.0,4.07 00:01:43 08/07/19
204,73.0,15.424999,1016.82,0.0,4.07 00:06:55 08/07/19
202,73.0,15.309999,1016.83,0.0,4.07 00:12:12 08/07/19
202,74.0,15.15,1016.89,0.0,4.06 00:17:25 08/07/19
201,74.2,15.045,1016.87,0.0,4.06 00:22:39 08/07/19
200,77.1,14.940001,1016.93,0.0,4.06 00:27:56 08/07/19
200,74.5,14.844999,1016.89,0.0,4.06 00:33:09 08/07/19
199,73.6,14.799999,1016.88,0.0,4.06 00:38:22 08/07/19
199,75.0,14.715,1016.98,0.0,4.06 00:43:35 08/07/19
199,75.8,14.57,1016.94,0.0,4.06 00:48:49 08/07/19
198,75.6,14.525,1016.98,0.0,4.05 00:54:05 08/07/19
197,76.4,14.43,1016.96,0.0,4.05 00:59:19 08/07/19
197,77.0,14.325,1016.95,0.0,4.05 01:04:34 08/07/19
197,76.5,14.22,1017.04,0.0,4.05 01:09:47 08/07/19
196,77.9,14.115,1017.08,0.0,4.05 01:15:01 08/07/19
196,76.9,13.96,1017.13,0.0,4.05 01:20:15 08/07/19
196,80.3,13.860001,1017.09,0.0,4.05 01:25:30 08/07/19
196,78.6,13.75,1017.09,0.0,4.05 01:30:43 08/07/19
195,78.2,13.65,1017.08,0.0,4.05 01:35:58 08/07/19
194,77.8,13.615,1017.11,0.0,4.04 01:41:12 08/07/19
195,79.0,13.535,1017.09,0.0,4.05 01:46:24 08/07/19
194,79.5,13.450001,1017.07,0.0,4.04 01:51:40 08/07/19
194,79.8,13.35,1017.14,0.0,4.04 01:56:54 08/07/19
193,78.6,13.309999,1017.17,0.0,4.04 02:02:08 08/07/19
194,80.9,13.225,1017.18,0.0,4.04 02:07:20 08/07/19
193,80.6,13.12,1017.23,0.0,4.04 02:12:36 08/07/19
193,81.3,13.025,1017.22,0.0,4.04 02:17:50 08/07/19
192,81.1,12.93,1017.21,0.0,4.04 02:23:04 08/07/19
193,80.8,12.835,1017.15,0.0,4.03 02:28:18 08/07/19
193,82.1,12.74,1017.16,0.0,4.03 02:33:31 08/07/19
193,82.6,12.63,1017.18,0.0,4.03 02:38:45 08/07/19
192,82.5,12.535,1017.15,0.0,4.03 02:43:59 08/07/19
192,82.5,12.450001,1017.13,0.0,4.03 02:49:13 08/07/19
192,82.4,12.415,1017.15,0.0,4.03 02:54:27 08/07/19
191,83.8,12.325,1017.11,0.0,4.03 02:59:41 08/07/19
191,83.6,12.24,1017.06,0.0,4.03 03:04:55 08/07/19
191,83.5,12.13,1017.14,0.0,4.03 03:10:09 08/07/19
191,84.6,12.035,1017.15,0.0,4.03 03:15:22 08/07/19
191,84.7,11.934999,1017.18,0.0,4.03 03:20:36 08/07/19
191,85.0,11.84,1017.19,0.0,4.03 03:25:51 08/07/19
191,85.3,11.745001,1017.21,0.0,4.03 03:31:04 08/07/19
191,84.9,11.655001,1017.19,0.0,4.02 03:36:21 08/07/19
192,86.1,11.559999,1017.26,0.0,4.03 03:41:40 08/07/19
192,85.5,11.52,1017.27,0.0,4.02 03:46:54 08/07/19
193,85.5,11.415,1017.27,0.0,4.02 03:52:07 08/07/19
196,85.6,11.33,1017.4,0.0,4.02 03:57:21 08/07/19
201,86.2,11.24,1017.42,0.0,4.02 04:02:35 08/07/19
205,87.0,11.215,1017.47,0.0,4.02 04:07:49 08/07/19
207,86.7,11.15,1017.61,0.0,4.02 04:13:02 08/07/19
208,87.7,11.200001,1017.51,0.0,4.02 04:18:16 08/07/19
212,87.8,11.145,1017.49,0.0,4.02 04:23:33 08/07/19
218,87.9,11.13,1017.51,0.0,4.02 04:28:52 08/07/19
225,88.8,11.055,1017.52,0.01,4.02 04:34:05 08/07/19
236,89.0,11.03,1017.58,0.04,4.02 04:39:19 08/07/19
246,88.1,11.014999,1017.61,0.07,4.02 04:44:33 08/07/19
256,90.4,11.01,1017.54,0.13,4.02 04:49:46 08/07/19
275,89.0,11.035,1017.53,0.26,4.01 04:55:04 08/07/19
297,91.8,11.115,1017.55,0.53,4.01 05:00:22 08/07/19
325,90.8,11.135,1017.6,0.97,4.01 05:05:36 08/07/19
353,91.2,11.22,1017.65,1.54,4.01 05:10:50 08/07/19
396,90.2,11.299999,1017.62,2.87,4.01 05:16:03 08/07/19
428,91.1,11.335,1017.73,3.54,4.01 05:21:18 08/07/19
453,91.0,11.42,1017.68,3.77,4.01 05:26:31 08/07/19
492,91.4,11.504999,1017.73,4.09,4.01 05:31:45 08/07/19
537,91.1,11.54,1017.71,4.16,4.01 05:36:58 08/07/19
575,91.7,11.62,1017.69,4.5,4.01 05:42:13 08/07/19
603,91.7,11.639999,1017.61,4.26,4.01 05:47:26 08/07/19
630,93.5,11.655001,1017.68,4.81,4.01 05:52:39 08/07/19
643,90.4,11.705,1017.76,4.28,4.01 05:57:53 08/07/19
658,92.6,11.72,1017.81,4.6,4.02 06:03:08 08/07/19
679,92.2,11.799999,1017.84,5.0,4.02 06:08:21 08/07/19
687,90.7,11.815001,1017.85,5.0,4.02 06:13:35 08/07/19
676,91.0,11.835,1017.89,5.0,4.02 06:18:48 08/07/19
675,91.6,11.905001,1017.98,4.14,4.02 06:24:03 08/07/19
689,90.1,11.98,1017.9,5.0,4.02 06:29:16 08/07/19
702,89.4,12.059999,1017.95,4.62,4.02 06:34:30 08/07/19
718,90.3,12.08,1018.05,4.09,4.03 06:39:43 08/07/19
729,90.7,12.105,1018.19,4.09,4.03 06:44:57 08/07/19
710,90.3,12.185,1018.25,5.0,4.03 06:50:11 08/07/19
709,89.2,12.225,1018.36,4.71,4.03 06:55:26 08/07/19
739,90.2,12.299999,1018.33,4.09,4.04 07:00:39 08/07/19
751,89.5,12.395,1018.37,4.1,4.05 07:05:53 08/07/19
758,90.8,12.495,1018.37,4.14,4.05 07:11:08 08/07/19
769,91.4,12.6,1018.4,5.0,4.06 07:16:19 08/07/19
794,91.3,12.705,1018.37,4.94,4.08 07:21:34 08/07/19
844,90.3,12.889999,1018.41,4.17,4.11 07:26:48 08/07/19
854,92.2,13.1,1018.36,4.24,4.15 07:32:00 08/07/19
860,92.7,13.365,1018.35,5.0,4.13 07:37:17 08/07/19
865,93.0,13.605,1018.39,5.0,4.1 07:42:30 08/07/19
864,95.1,13.95,1018.49,5.0,4.1 07:47:44 08/07/19
859,95.0,14.185,1018.46,5.0,4.16 07:52:58 08/07/19
862,93.1,14.575001,1018.42,5.0,4.15 07:58:12 08/07/19
863,94.1,15.12,1018.48,5.0,4.12 08:03:28 08/07/19
864,93.3,15.725,1018.55,5.0,4.11 08:08:41 08/07/19
856,91.0,16.23,1018.49,5.0,4.12 08:13:55 08/07/19
869,90.5,16.7,1018.57,5.0,4.15 08:19:13 08/07/19
876,91.1,17.185,1018.51,5.0,4.12 08:24:36 08/07/19
876,89.0,17.66,1018.61,5.0,4.12 08:29:56 08/07/19
868,89.2,18.035,1018.58,5.0,4.11 08:35:10 08/07/19
880,88.6,18.105,1018.47,5.0,4.1 08:40:26 08/07/19
882,88.1,18.21,1018.56,4.21,4.15 08:45:40 08/07/19
843,87.2,18.15,1018.65,5.0,4.13 08:50:58 08/07/19
876,86.4,18.0,1018.74,5.0,4.12 08:56:18 08/07/19
894,87.6,17.86,1018.72,5.0,4.11 09:01:33 08/07/19
867,87.7,17.76,1018.89,5.0,4.11 09:06:47 08/07/19
843,88.3,17.695,1018.95,5.0,4.1 09:12:02 08/07/19
845,88.3,17.665,1018.97,4.22,4.14 09:17:17 08/07/19
836,88.0,17.605,1018.99,5.0,4.15 09:22:31 08/07/19
895,87.3,17.654999,1018.96,5.0,4.13 09:27:46 08/07/19
875,86.4,17.58,1018.96,5.0,4.13 09:33:00 08/07/19
884,87.8,17.66,1018.96,5.0,4.12 09:38:16 08/07/19
876,86.9,17.765,1019.03,5.0,4.11 09:43:30 08/07/19
853,86.8,17.9,1018.98,5.0,4.11 09:48:44 08/07/19
852,86.8,17.945,1019.03,5.0,4.11 09:53:57 08/07/19
856,86.5,18.005001,1019.05,4.23,4.16 09:59:14 08/07/19
898,87.2,18.119999,1019.05,5.0,4.15 10:04:28 08/07/19
903,86.5,18.265,1018.93,5.0,4.14 10:09:44 08/07/19
901,84.7,18.5,1019.0,5.0,4.13 10:14:58 08/07/19
856,84.6,18.535,1019.01,5.0,4.12 10:20:16 08/07/19
892,84.5,18.55,1018.96,5.0,4.12 10:25:36 08/07/19
868,84.5,18.630001,1018.9,5.0,4.11 10:30:51 08/07/19
859,83.5,18.64,1019.01,5.0,4.11 10:36:05 08/07/19
866,81.6,18.49,1018.96,5.0,4.1 10:41:20 08/07/19
888,83.5,18.54,1018.94,4.34,4.2 10:46:36 08/07/19
839,83.8,18.650002,1019.01,5.0,4.15 10:51:50 08/07/19
842,83.8,18.725,1018.92,5.0,4.13 10:57:08 08/07/19
831,82.1,18.715,1018.87,5.0,4.13 11:02:28 08/07/19
862,81.3,18.55,1018.95,5.0,4.12 11:07:43 08/07/19
894,82.8,18.455,1018.88,5.0,4.12 11:12:57 08/07/19
894,83.4,18.615,1018.88,5.0,4.11 11:18:12 08/07/19
894,83.5,18.880001,1018.92,5.0,4.11 11:23:28 08/07/19
892,82.4,19.105,1018.9,5.0,4.11 11:28:42 08/07/19
889,83.8,19.36,1018.87,4.36,4.2 11:33:57 08/07/19
885,81.8,19.59,1018.87,5.0,4.15 11:39:15 08/07/19
857,81.8,19.7,1018.9,5.0,4.14 11:44:35 08/07/19
890,81.7,19.64,1018.88,5.0,4.13 11:49:51 08/07/19
891,81.4,19.69,1018.84,5.0,4.13 11:55:06 08/07/19
878,80.9,19.71,1018.81,5.0,4.12 12:00:20 08/07/19
864,82.2,19.795,1018.86,5.0,4.12 12:05:35 08/07/19
876,80.1,19.735,1018.87,5.0,4.11 12:10:50 08/07/19
882,81.1,19.740002,1018.96,5.0,4.11 12:16:03 08/07/19
886,79.6,19.740002,1018.94,5.0,4.11 12:21:20 08/07/19
891,79.8,19.89,1018.95,4.38,4.21 12:26:35 08/07/19
861,79.7,20.015,1018.96,5.0,4.15 12:31:50 08/07/19
883,76.5,19.869999,1018.89,5.0,4.14 12:37:05 08/07/19
896,80.3,19.855,1018.86,5.0,4.13 12:42:20 08/07/19
892,80.1,20.015,1018.94,5.0,4.12 12:47:35 08/07/19
873,80.6,20.11,1018.82,5.0,4.12 12:52:50 08/07/19
882,75.8,20.11,1018.87,5.0,4.12 12:58:05 08/07/19
869,78.3,20.04,1018.92,5.0,4.11 13:03:20 08/07/19
878,78.7,20.045,1018.85,5.0,4.11 13:08:35 08/07/19
885,77.6,20.11,1018.85,5.0,4.1 13:13:50 08/07/19
871,79.0,20.150002,1018.9,5.0,4.1 13:19:05 08/07/19
874,76.0,20.205,1018.89,4.29,4.18 13:24:20 08/07/19
880,77.5,20.175,1018.95,5.0,4.15 13:29:33 08/07/19
882,79.4,20.25,1018.88,5.0,4.14 13:34:50 08/07/19
884,77.7,20.314999,1018.85,5.0,4.13 13:40:06 08/07/19
868,76.2,20.32,1018.85,5.0,4.13 13:45:19 08/07/19
889,75.9,20.335,1018.98,5.0,4.12 13:50:35 08/07/19
886,78.4,20.439999,1018.94,5.0,4.12 13:55:48 08/07/19
858,78.2,20.615,1018.93,5.0,4.11 14:01:05 08/07/19
869,74.4,20.57,1018.96,5.0,4.11 14:06:20 08/07/19
885,75.4,20.485,1019.01,4.38,4.21 14:11:39 08/07/19
866,75.0,20.560001,1018.94,5.0,4.15 14:16:59 08/07/19
845,74.9,20.465,1018.9,5.0,4.14 14:22:14 08/07/19
854,75.0,20.349998,1018.83,5.0,4.13 14:27:29 08/07/19
886,75.4,20.27,1018.79,5.0,4.13 14:32:44 08/07/19
892,75.6,20.28,1018.84,5.0,4.12 14:37:59 08/07/19
879,77.4,20.445,1018.77,5.0,4.12 14:43:14 08/07/19
873,77.7,20.67,1018.85,5.0,4.12 14:48:29 08/07/19
879,75.8,20.725,1018.87,5.0,4.11 14:53:48 08/07/19
894,78.2,20.825,1018.9,5.0,4.11 14:59:08 08/07/19
890,76.8,21.08,1018.82,5.0,4.11 15:04:23 08/07/19
864,76.9,21.36,1018.84,4.29,4.18 15:09:40 08/07/19
871,73.6,21.335,1018.83,5.0,4.15 15:14:54 08/07/19
850,73.0,21.25,1018.83,5.0,4.14 15:20:09 08/07/19
903,75.8,21.154999,1018.85,5.0,4.13 15:25:24 08/07/19
856,75.7,21.404999,1018.77,5.0,4.13 15:30:39 08/07/19
904,71.6,21.325,1018.72,5.0,4.12 15:35:58 08/07/19
861,75.2,21.435,1018.73,5.0,4.12 15:41:18 08/07/19
850,71.4,21.375,1018.74,5.0,4.11 15:46:37 08/07/19
901,72.7,21.18,1018.74,5.0,4.11 15:51:55 08/07/19
900,71.6,21.415,1018.63,5.0,4.11 15:57:13 08/07/19
860,69.4,21.525,1018.57,5.0,4.1 16:02:28 08/07/19
854,68.3,21.39,1018.68,4.25,4.17 16:07:44 08/07/19
833,71.5,21.439999,1018.66,5.0,4.15 16:12:58 08/07/19
852,71.5,21.29,1018.64,5.0,4.14 16:18:14 08/07/19
899,73.1,21.275002,1018.6,5.0,4.13 16:23:29 08/07/19
890,66.8,21.485,1018.58,5.0,4.13 16:28:44 08/07/19
836,67.8,21.28,1018.6,5.0,4.12 16:33:59 08/07/19
807,68.7,21.095001,1018.69,5.0,4.12 16:39:14 08/07/19
812,69.9,20.895,1018.66,5.0,4.11 16:44:30 08/07/19
833,70.4,20.835,1018.67,5.0,4.11 16:49:45 08/07/19
821,70.8,20.745,1018.65,5.0,4.11 16:55:00 08/07/19
843,71.5,20.59,1018.65,5.0,4.1 17:00:15 08/07/19
866,71.6,20.57,1018.64,4.26,4.17 17:05:30 08/07/19
872,72.0,20.69,1018.58,5.0,4.15 17:10:46 08/07/19
896,73.2,20.939999,1018.61,5.0,4.14 17:15:58 08/07/19
857,72.3,21.125,1018.46,5.0,4.13 17:21:15 08/07/19
821,72.4,21.135,1018.45,5.0,4.13 17:26:34 08/07/19
862,70.3,20.83,1018.57,5.0,4.12 17:31:54 08/07/19
841,71.9,20.8,1018.51,5.0,4.12 17:37:09 08/07/19
850,72.7,20.855,1018.42,5.0,4.11 17:42:25 08/07/19
862,71.2,20.849998,1018.38,5.0,4.11 17:47:40 08/07/19
886,71.6,20.865,1018.38,5.0,4.11 17:52:55 08/07/19
887,72.2,20.935,1018.29,5.0,4.1 17:58:11 08/07/19
835,71.8,21.05,1018.27,4.26,4.15 18:03:25 08/07/19
881,71.4,21.165,1018.29,5.0,4.16 18:08:40 08/07/19
885,73.0,21.335,1018.2,5.0,4.14 18:13:56 08/07/19
855,71.1,21.435,1018.15,5.0,4.13 18:19:11 08/07/19
807,70.3,21.36,1018.2,5.0,4.13 18:24:27 08/07/19
800,70.1,21.125,1018.29,5.0,4.12 18:29:41 08/07/19
875,70.3,20.98,1018.23,5.0,4.12 18:34:57 08/07/19
868,70.1,20.89,1018.23,5.0,4.11 18:40:12 08/07/19
837,69.2,20.78,1018.36,5.0,4.11 18:45:27 08/07/19
876,70.8,20.76,1018.38,5.0,4.11 18:50:42 08/07/19
876,71.5,20.78,1018.38,5.0,4.1 18:55:58 08/07/19
873,70.6,20.849998,1018.35,5.0,4.1 19:01:12 08/07/19
870,71.0,20.849998,1018.37,4.3,4.18 19:06:27 08/07/19
872,71.6,20.88,1018.25,5.0,4.15 19:11:43 08/07/19
867,71.3,20.95,1018.25,5.0,4.14 19:16:58 08/07/19
862,70.7,20.884998,1018.25,5.0,4.13 19:22:13 08/07/19
812,70.4,20.79,1018.26,5.0,4.13 19:27:28 08/07/19
791,68.0,20.37,1018.23,5.0,4.12 19:32:44 08/07/19
777,69.7,20.21,1018.31,5.0,4.12 19:37:58 08/07/19
791,69.7,19.915,1018.35,5.0,4.11 19:43:13 08/07/19
796,71.1,19.805,1018.26,5.0,4.11 19:48:28 08/07/19
805,72.2,19.869999,1018.35,5.0,4.11 19:53:43 08/07/19
809,72.2,19.895,1018.33,4.3,4.13 19:58:58 08/07/19
803,72.3,19.955,1018.43,5.0,4.15 20:04:13 08/07/19
780,72.1,19.895,1018.45,5.0,4.14 20:09:29 08/07/19
778,72.1,19.815,1018.42,5.0,4.13 20:14:44 08/07/19
766,71.6,19.64,1018.45,5.0,4.12 20:19:59 08/07/19
755,72.4,19.52,1018.48,5.0,4.12 20:25:14 08/07/19
745,72.6,19.335,1018.47,5.0,4.11 20:30:28 08/07/19
742,72.3,19.185001,1018.46,5.0,4.11 20:35:43 08/07/19
733,72.6,19.0,1018.5,5.0,4.1 20:40:58 08/07/19
730,72.5,18.83,1018.59,5.0,4.1 20:46:13 08/07/19
721,73.3,18.630001,1018.65,4.67,4.12 20:51:27 08/07/19
716,72.6,18.5,1018.56,4.26,4.13 20:56:43 08/07/19
711,73.2,18.33,1018.61,4.22,4.13 21:01:57 08/07/19
701,73.7,18.205,1018.6,5.0,4.13 21:07:15 08/07/19
687,72.8,18.029999,1018.57,5.0,4.13 21:12:35 08/07/19
673,72.7,17.904999,1018.59,4.2,4.13 21:17:50 08/07/19
659,73.7,17.725,1018.64,4.33,4.12 21:23:08 08/07/19
641,73.2,17.6,1018.62,4.79,4.12 21:28:27 08/07/19
618,73.7,17.470001,1018.73,4.81,4.12 21:33:42 08/07/19
596,73.4,17.305,1018.85,4.38,4.11 21:38:58 08/07/19
572,73.8,17.17,1018.76,4.24,4.11 21:44:12 08/07/19
540,74.1,16.955,1018.77,4.17,4.11 21:49:24 08/07/19
516,74.8,16.83,1018.88,4.06,4.1 21:54:40 08/07/19
486,76.4,16.71,1018.96,3.68,4.1 21:59:53 08/07/19
455,77.4,16.55,1019.08,3.22,4.09 22:05:09 08/07/19
412,76.6,16.494999,1019.18,2.25,4.09 22:10:24 08/07/19
375,76.0,16.35,1019.25,1.51,4.09 22:15:38 08/07/19
344,75.8,16.3,1019.31,0.94,4.09 22:20:52 08/07/19
318,76.7,16.145,1019.44,0.56,4.08 22:26:08 08/07/19
297,76.4,16.045,1019.45,0.32,4.08 22:31:21 08/07/19
279,78.5,15.93,1019.41,0.17,4.08 22:36:36 08/07/19
264,78.3,15.82,1019.52,0.09,4.08 22:41:48 08/07/19
252,77.5,15.715,1019.54,0.04,4.08 22:47:04 08/07/19
242,79.5,15.559999,1019.57,0.02,4.07 22:52:19 08/07/19
234,78.7,15.51,1019.65,0.0,4.07 22:57:33 08/07/19
227,78.5,15.415001,1019.63,0.0,4.07 23:02:47 08/07/19
222,78.8,15.32,1019.69,0.0,4.07 23:08:00 08/07/19
218,78.6,15.22,1019.75,0.0,4.07 23:13:15 08/07/19
214,78.8,15.13,1019.77,0.0,4.07 23:18:30 08/07/19
212,79.6,15.035,1019.8,0.0,4.06 23:23:44 08/07/19
209,80.0,14.934999,1019.79,0.0,4.06 23:28:59 08/07/19
208,79.7,14.835,1019.83,0.0,4.06 23:34:13 08/07/19
206,80.8,14.735001,1019.85,0.0,4.06 23:39:31 08/07/19
206,81.1,14.635,1019.94,0.0,4.06 23:44:48 08/07/19
205,81.8,14.54,1019.91,0.0,4.06 23:50:05 08/07/19
203,83.0,14.514999,1020.01,0.0,4.05 23:55:22 08/07/19
