187,73.4,22.505001,1011.41,0.0,4.05 00:02:14 31/07/19
184,72.4,22.49,1011.51,0.0,4.04 00:07:32 31/07/19
182,72.3,22.355,1011.54,0.0,4.05 00:12:48 31/07/19
180,73.4,22.32,1011.6,0.0,4.04 00:18:03 31/07/19
179,75.2,22.220001,1011.57,0.0,4.04 00:23:18 31/07/19
178,72.6,22.185001,1011.6,0.0,4.04 00:28:33 31/07/19
178,74.0,22.09,1011.6,0.0,4.04 00:33:49 31/07/19
176,74.2,21.994999,1011.64,0.0,4.04 00:39:08 31/07/19
177,74.5,21.9,1011.7,0.0,4.04 00:44:29 31/07/19
177,75.8,21.8,1011.79,0.0,4.04 00:49:43 31/07/19
175,74.2,21.705,1011.76,0.0,4.04 00:54:59 31/07/19
175,73.0,21.595001,1011.76,0.0,4.03 01:00:15 31/07/19
174,73.7,21.48,1011.84,0.0,4.04 01:05:29 31/07/19
173,73.2,21.305,1011.84,0.0,4.04 01:10:45 31/07/19
173,74.0,21.185001,1011.82,0.0,4.03 01:16:00 31/07/19
173,76.1,21.0,1011.81,0.0,4.03 01:21:15 31/07/19
172,75.4,20.825,1011.77,0.0,4.03 01:26:30 31/07/19
172,75.8,20.705,1011.81,0.0,4.03 01:31:46 31/07/19
172,75.7,20.595001,1011.82,0.0,4.03 01:37:01 31/07/19
171,75.1,20.494999,1011.87,0.0,4.03 01:42:16 31/07/19
171,76.0,20.4,1011.85,0.0,4.03 01:47:31 31/07/19
171,76.0,20.295,1011.85,0.0,4.03 01:52:47 31/07/19
170,76.5,20.205,1011.83,0.0,4.03 01:58:01 31/07/19
170,76.8,20.16,1011.73,0.0,4.03 02:03:16 31/07/19
170,78.2,20.01,1011.76,0.0,4.03 02:08:31 31/07/19
169,79.8,19.904999,1011.84,0.0,4.03 02:13:46 31/07/19
169,82.5,19.8,1011.87,0.0,4.02 02:19:01 31/07/19
168,78.7,19.64,1011.88,0.0,4.02 02:24:16 31/07/19
168,79.5,19.535,1011.96,0.0,4.02 02:29:31 31/07/19
168,79.3,19.485,1011.92,0.0,4.02 02:34:46 31/07/19
167,81.2,19.395,1011.94,0.0,4.02 02:40:01 31/07/19
167,79.4,19.32,1011.91,0.0,4.02 02:45:16 31/07/19
168,80.6,19.285,1011.89,0.0,4.02 02:50:29 31/07/19
166,79.2,19.21,1011.91,0.0,4.02 02:55:47 31/07/19
166,79.7,19.19,1011.93,0.0,4.02 03:01:01 31/07/19
166,81.6,19.115,1011.88,0.0,4.02 03:06:16 31/07/19
165,80.6,19.085,1011.87,0.0,4.02 03:11:31 31/07/19
165,82.5,19.005001,1011.84,0.0,4.02 03:16:46 31/07/19
165,81.6,18.92,1011.9,0.0,4.02 03:22:01 31/07/19
165,82.0,18.89,1011.89,0.0,4.01 03:27:15 31/07/19
165,81.8,18.810001,1011.93,0.0,4.02 03:32:28 31/07/19
163,80.9,18.795,1011.98,0.0,4.01 03:37:46 31/07/19
163,83.2,18.735,1011.94,0.0,4.01 03:43:00 31/07/19
163,83.8,18.720001,1011.98,0.0,4.01 03:48:15 31/07/19
162,80.6,18.645,1012.01,0.0,4.01 03:53:30 31/07/19
162,81.5,18.61,1011.97,0.0,4.01 03:58:44 31/07/19
162,83.2,18.58,1012.04,0.0,4.01 04:03:59 31/07/19
162,85.8,18.5,1012.05,0.0,4.01 04:09:15 31/07/19
162,84.1,18.435,1012.07,0.0,4.01 04:14:29 31/07/19
161,87.0,18.415,1012.07,0.0,4.01 04:19:44 31/07/19
163,87.3,18.41,1012.1,0.0,4.01 04:24:58 31/07/19
162,84.7,18.41,1012.14,0.0,3.98 04:30:13 31/07/19
163,88.5,18.404999,1012.17,0.0,4.01 04:35:29 31/07/19
164,85.7,18.34,1012.2,0.0,4.01 04:40:43 31/07/19
166,86.7,18.310001,1012.23,0.0,4.01 04:45:58 31/07/19
169,85.3,18.225,1012.3,0.0,4.01 04:51:12 31/07/19
172,87.1,18.205,1012.33,0.0,4.0 04:56:27 31/07/19
177,89.7,18.14,1012.37,0.0,4.0 05:01:42 31/07/19
185,90.7,18.115,1012.38,0.0,4.0 05:06:57 31/07/19
194,87.9,18.029999,1012.36,0.01,4.0 05:12:11 31/07/19
206,90.1,18.0,1012.35,0.04,4.0 05:17:26 31/07/19
222,86.0,17.92,1012.42,0.09,4.0 05:22:41 31/07/19
240,89.2,17.9,1012.42,0.21,4.0 05:27:59 31/07/19
264,88.7,17.884998,1012.44,0.43,4.0 05:33:19 31/07/19
291,86.7,17.815,1012.41,0.77,4.0 05:38:34 31/07/19
320,85.9,17.815,1012.48,1.26,4.0 05:43:48 31/07/19
355,87.6,17.875,1012.46,1.99,4.0 05:49:03 31/07/19
397,90.1,17.835,1012.53,2.82,4.0 05:54:21 31/07/19
447,87.1,17.895,1012.54,3.7,4.0 05:59:41 31/07/19
501,90.4,17.904999,1012.53,4.07,4.0 06:04:59 31/07/19
542,87.8,17.915,1012.47,4.18,4.0 06:10:17 31/07/19
573,89.1,17.915,1012.45,4.62,4.0 06:15:37 31/07/19
602,90.5,17.92,1012.47,4.9,4.0 06:20:57 31/07/19
636,90.6,17.92,1012.56,4.22,4.0 06:26:13 31/07/19
656,90.8,17.92,1012.6,5.0,4.0 06:31:26 31/07/19
684,90.7,17.925,1012.69,5.0,4.0 06:36:41 31/07/19
708,90.4,17.93,1012.73,5.0,4.01 06:41:56 31/07/19
724,91.0,17.935,1012.69,4.26,4.01 06:47:10 31/07/19
735,90.9,18.005001,1012.74,5.0,4.01 06:52:26 31/07/19
743,91.2,18.015,1012.75,5.0,4.02 06:57:40 31/07/19
750,91.4,18.09,1012.75,5.0,4.02 07:02:58 31/07/19
748,92.9,18.11,1012.8,5.0,4.02 07:08:18 31/07/19
749,93.2,18.15,1012.87,4.98,4.02 07:13:36 31/07/19
753,92.0,18.21,1012.82,4.08,4.03 07:18:56 31/07/19
753,92.0,18.235,1012.91,5.0,4.02 07:24:11 31/07/19
762,92.2,18.25,1012.98,5.0,4.03 07:29:25 31/07/19
779,94.4,18.315,1013.04,4.09,4.03 07:34:38 31/07/19
776,93.6,18.33,1012.96,5.0,4.04 07:39:53 31/07/19
834,94.2,18.355,1012.96,4.24,4.05 07:45:10 31/07/19
825,94.8,18.45,1013.05,5.0,4.06 07:50:24 31/07/19
845,94.6,18.564999,1013.08,4.21,4.07 07:55:42 31/07/19
852,95.0,18.805,1013.12,4.22,4.09 08:00:54 31/07/19
836,94.6,19.0,1013.09,4.86,4.11 08:06:10 31/07/19
