183,99.9,16.525,1020.22,0.0,4.03 00:03:05 17/09/19
181,99.9,16.515,1020.17,0.0,4.03 00:08:20 17/09/19
182,99.9,16.51,1020.17,0.0,4.03 00:13:35 17/09/19
180,99.9,16.505001,1020.19,0.0,4.03 00:18:49 17/09/19
178,99.9,16.5,1020.23,0.0,4.03 00:24:02 17/09/19
178,99.9,16.435,1020.21,0.0,4.03 00:29:17 17/09/19
178,99.9,16.425,1020.19,0.0,4.03 00:34:32 17/09/19
178,99.9,16.4,1020.22,0.0,4.03 00:39:46 17/09/19
179,99.9,16.33,1020.29,0.0,4.03 00:45:01 17/09/19
177,99.9,16.31,1020.29,0.0,4.03 00:50:15 17/09/19
176,99.9,16.24,1020.3,0.0,4.03 00:55:29 17/09/19
178,99.9,16.21,1020.28,0.0,4.03 01:00:44 17/09/19
177,99.9,16.145,1020.32,0.0,4.03 01:05:58 17/09/19
177,99.9,16.130001,1020.32,0.0,4.03 01:11:13 17/09/19
176,99.9,16.115,1020.29,0.0,4.03 01:16:27 17/09/19
179,99.9,16.045,1020.12,0.0,4.03 01:21:45 17/09/19
176,99.9,16.035,1020.21,0.0,4.02 01:27:04 17/09/19
174,99.9,16.015,1020.14,0.0,4.02 01:32:17 17/09/19
176,99.9,15.934999,1020.13,0.0,4.02 01:37:33 17/09/19
180,99.9,15.92,1020.13,0.0,4.02 01:42:51 17/09/19
177,99.9,15.895,1020.11,0.0,4.02 01:48:10 17/09/19
179,99.9,15.83,1020.14,0.0,4.02 01:53:25 17/09/19
177,99.9,15.76,1020.11,0.0,4.02 01:58:39 17/09/19
179,99.9,15.74,1020.08,0.0,4.02 02:03:53 17/09/19
179,99.9,15.7300005,1020.06,0.0,4.02 02:09:08 17/09/19
175,99.9,15.71,1020.01,0.0,4.02 02:14:20 17/09/19
179,99.9,15.64,1019.94,0.0,4.02 02:19:36 17/09/19
180,99.9,15.63,1019.93,0.0,4.02 02:24:51 17/09/19
179,99.9,15.62,1019.92,0.0,4.01 02:30:06 17/09/19
177,99.9,15.61,1019.96,0.0,4.02 02:35:19 17/09/19
180,99.9,15.595,1019.95,0.0,4.02 02:40:34 17/09/19
179,99.9,15.54,1019.92,0.0,4.02 02:45:49 17/09/19
178,99.9,15.53,1019.92,0.0,4.02 02:51:02 17/09/19
177,99.9,15.5199995,1019.98,0.0,4.01 02:56:17 17/09/19
179,99.9,15.51,1019.89,0.0,4.01 03:01:31 17/09/19
177,99.9,15.445,1019.86,0.0,4.01 03:06:45 17/09/19
177,99.9,15.440001,1019.87,0.0,4.01 03:12:00 17/09/19
177,99.9,15.43,1019.93,0.0,4.01 03:17:14 17/09/19
178,99.9,15.42,1019.95,0.0,4.01 03:22:28 17/09/19
177,99.9,15.415001,1019.93,0.0,4.01 03:27:42 17/09/19
180,99.9,15.41,1019.9,0.0,4.01 03:32:57 17/09/19
179,99.9,15.4,1019.83,0.0,4.01 03:38:12 17/09/19
177,99.9,15.344999,1019.76,0.0,4.01 03:43:25 17/09/19
176,99.9,15.344999,1019.8,0.0,4.01 03:48:40 17/09/19
173,99.9,15.33,1019.83,0.0,4.01 03:53:52 17/09/19
176,99.9,15.33,1019.9,0.0,4.01 03:59:09 17/09/19
169,99.9,15.315001,1019.92,0.0,4.01 04:04:22 17/09/19
177,99.9,15.305,1019.86,0.0,4.01 04:09:40 17/09/19
175,99.9,15.245001,1019.75,0.0,4.01 04:14:59 17/09/19
182,99.9,15.23,1019.81,0.0,4.0 04:20:17 17/09/19
174,99.9,15.215,1019.76,0.0,4.0 04:25:36 17/09/19
182,99.9,15.145,1019.88,0.0,4.0 04:30:54 17/09/19
172,99.9,15.13,1019.73,0.0,4.0 04:36:13 17/09/19
183,99.9,15.115,1019.73,0.0,4.0 04:41:29 17/09/19
172,99.9,15.04,1019.8,0.0,4.0 04:46:40 17/09/19
174,99.9,15.02,1019.84,0.01,4.0 04:51:57 17/09/19
174,99.9,15.01,1019.81,0.0,4.0 04:57:10 17/09/19
173,99.9,14.92,1019.82,0.0,4.0 05:02:25 17/09/19
174,99.9,14.825,1019.89,0.0,4.0 05:07:39 17/09/19
173,99.9,14.715,1019.94,0.0,4.0 05:12:53 17/09/19
174,99.9,14.625,1019.96,0.0,4.0 05:18:08 17/09/19
175,99.9,14.594999,1019.94,0.0,4.0 05:23:21 17/09/19
170,99.9,14.514999,1019.96,0.0,4.0 05:28:34 17/09/19
173,99.9,14.5,1019.93,0.0,4.0 05:33:49 17/09/19
171,99.9,14.43,1019.97,0.0,4.0 05:39:07 17/09/19
169,99.9,14.35,1020.03,0.0,4.0 05:44:26 17/09/19
169,99.9,14.245001,1020.07,0.0,4.0 05:49:40 17/09/19
170,99.9,14.145,1020.06,0.01,4.0 05:54:54 17/09/19
170,99.9,14.045,1020.04,0.0,4.0 06:00:09 17/09/19
169,99.9,13.940001,1020.01,0.0,4.0 06:05:21 17/09/19
165,99.9,13.844999,1019.96,0.0,3.99 06:10:37 17/09/19
169,99.9,13.75,1019.96,0.0,3.99 06:15:51 17/09/19
165,99.9,13.639999,1019.95,0.0,3.99 06:21:05 17/09/19
166,99.9,13.54,1020.0,0.0,3.99 06:26:17 17/09/19
177,99.9,13.42,1019.95,0.01,3.99 06:31:33 17/09/19
181,99.9,13.25,1019.99,0.05,3.99 06:36:45 17/09/19
212,99.9,13.135,1019.97,0.13,3.99 06:42:04 17/09/19
224,99.9,13.025,1020.02,0.34,3.99 06:47:24 17/09/19
254,99.9,12.85,1020.06,0.94,3.99 06:52:37 17/09/19
305,99.9,12.745001,1020.16,1.92,3.99 06:57:51 17/09/19
357,99.9,12.635,1020.16,2.76,3.99 07:03:05 17/09/19
418,99.9,12.52,1020.18,3.5,3.99 07:08:19 17/09/19
457,99.9,12.415,1020.23,3.97,3.99 07:13:33 17/09/19
494,99.9,12.255,1020.22,4.1,3.99 07:18:45 17/09/19
537,99.9,12.15,1020.31,4.32,3.99 07:24:00 17/09/19
568,99.9,12.09,1020.37,4.62,3.99 07:29:14 17/09/19
595,99.9,11.945,1020.34,4.86,3.99 07:34:26 17/09/19
629,99.9,11.855,1020.43,4.97,3.99 07:39:42 17/09/19
649,99.9,11.765,1020.39,5.0,3.99 07:44:55 17/09/19
673,99.9,11.735001,1020.46,5.0,3.99 07:50:10 17/09/19
680,99.9,11.66,1020.38,4.46,4.0 07:55:21 17/09/19
698,99.9,11.635,1020.37,4.53,4.0 08:00:40 17/09/19
705,99.9,11.63,1020.45,5.0,4.0 08:05:59 17/09/19
712,99.9,11.63,1020.47,4.88,4.0 08:11:13 17/09/19
721,99.9,11.63,1020.44,4.07,4.01 08:16:26 17/09/19
731,99.9,11.645,1020.52,4.96,4.01 08:21:39 17/09/19
738,99.9,11.725,1020.52,4.2,4.02 08:26:52 17/09/19
818,99.9,11.82,1020.51,4.13,4.03 08:32:07 17/09/19
824,99.9,11.934999,1020.6,4.1,4.03 08:37:21 17/09/19
827,99.9,12.110001,1020.58,4.17,4.02 08:42:34 17/09/19
832,99.9,12.32,1020.67,4.18,4.05 08:47:49 17/09/19
813,99.9,12.514999,1020.67,4.15,4.06 08:53:05 17/09/19
788,99.9,12.72,1020.69,5.0,4.06 08:58:15 17/09/19
844,99.9,12.965,1020.75,4.18,4.09 09:03:31 17/09/19
844,99.9,13.110001,1020.86,4.16,4.1 09:08:45 17/09/19
844,99.9,13.309999,1020.88,4.21,4.13 09:13:58 17/09/19
846,99.9,13.66,1020.95,4.29,4.17 09:19:12 17/09/19
849,99.9,14.07,1020.9,5.0,4.16 09:24:27 17/09/19
851,99.9,14.545,1020.86,5.0,4.16 09:29:39 17/09/19
854,99.9,14.99,1021.01,5.0,4.13 09:34:55 17/09/19
856,99.9,15.389999,1021.09,4.29,4.17 09:40:09 17/09/19
858,99.9,15.72,1021.14,5.0,4.13 09:45:24 17/09/19
862,99.9,15.945,1021.25,4.27,4.18 09:50:38 17/09/19
864,99.9,16.085,1021.23,5.0,4.13 09:56:01 17/09/19
863,99.9,16.255001,1021.27,4.39,4.19 10:01:15 17/09/19
863,99.9,16.37,1021.27,5.0,4.14 10:06:31 17/09/19
869,99.9,16.39,1021.28,5.0,4.12 10:11:48 17/09/19
869,99.9,16.48,1021.26,4.29,4.2 10:17:08 17/09/19
872,99.9,16.61,1021.27,5.0,4.14 10:22:22 17/09/19
849,99.9,16.76,1021.41,5.0,4.13 10:27:37 17/09/19
874,99.9,16.825,1021.28,5.0,4.12 10:32:51 17/09/19
882,99.9,16.855,1021.26,5.0,4.11 10:38:07 17/09/19
851,99.9,16.95,1021.26,4.27,4.17 10:43:19 17/09/19
832,99.9,16.99,1021.27,5.0,4.13 10:48:43 17/09/19
796,99.9,16.915,1021.27,5.0,4.13 10:53:57 17/09/19
882,99.9,16.85,1021.23,5.0,4.12 10:59:13 17/09/19
886,99.9,16.82,1021.22,5.0,4.21 11:04:27 17/09/19
845,99.9,16.99,1021.3,5.0,4.14 11:09:42 17/09/19
891,99.9,17.085,1021.26,5.0,4.13 11:14:56 17/09/19
846,99.9,17.16,1021.21,5.0,4.13 11:20:09 17/09/19
835,99.9,17.2,1021.16,4.42,4.16 11:25:25 17/09/19
883,99.9,17.205,1021.19,5.0,4.14 11:30:40 17/09/19
868,99.9,17.34,1021.25,5.0,4.13 11:35:55 17/09/19
837,99.9,17.45,1021.29,5.0,4.13 11:41:09 17/09/19
858,99.9,17.545,1021.33,5.0,4.12 11:46:24 17/09/19
858,99.9,17.654999,1021.36,5.0,4.12 11:51:38 17/09/19
861,99.9,17.67,1021.35,4.29,4.19 11:56:54 17/09/19
860,99.9,17.785,1021.34,5.0,4.14 12:02:08 17/09/19
878,99.9,17.935,1021.24,5.0,4.13 12:07:22 17/09/19
852,99.9,17.965,1021.13,5.0,4.13 12:12:38 17/09/19
855,99.9,17.985,1021.16,5.0,4.12 12:17:52 17/09/19
858,99.9,18.07,1021.11,4.29,4.19 12:23:06 17/09/19
837,99.9,18.16,1021.2,5.0,4.14 12:28:21 17/09/19
899,99.1,18.07,1021.15,5.0,4.13 12:33:36 17/09/19
899,99.9,18.154999,1021.09,5.0,4.12 12:38:54 17/09/19
899,99.9,18.34,1021.06,5.0,4.12 12:44:14 17/09/19
812,99.9,18.494999,1021.04,5.0,4.12 12:49:28 17/09/19
822,99.9,18.45,1021.07,5.0,4.16 12:54:43 17/09/19
893,99.8,18.439999,1021.06,5.0,4.15 12:59:57 17/09/19
835,99.5,18.515,1021.16,5.0,4.14 13:05:13 17/09/19
885,99.6,18.529999,1021.11,5.0,4.13 13:10:28 17/09/19
862,99.9,18.64,1021.15,5.0,4.13 13:15:42 17/09/19
897,99.9,18.735,1021.1,5.0,4.12 13:20:58 17/09/19
831,98.0,18.895,1021.01,4.28,4.15 13:26:12 17/09/19
813,99.9,18.91,1021.03,5.0,4.15 13:31:25 17/09/19
891,99.9,18.904999,1020.96,5.0,4.14 13:36:42 17/09/19
834,99.9,18.915,1020.99,5.0,4.13 13:41:55 17/09/19
832,98.3,18.92,1020.92,5.0,4.13 13:47:09 17/09/19
829,99.4,18.86,1020.97,5.0,4.12 13:52:25 17/09/19
825,99.9,18.91,1020.99,5.0,4.12 13:57:41 17/09/19
849,99.9,18.945,1020.96,5.0,4.11 14:02:56 17/09/19
864,99.0,19.029999,1020.89,4.3,4.2 14:08:09 17/09/19
884,99.9,19.195,1020.85,5.0,4.15 14:13:25 17/09/19
896,99.8,19.404999,1020.75,5.0,4.14 14:18:40 17/09/19
848,99.2,19.775,1020.7,5.0,4.13 14:23:55 17/09/19
829,98.9,19.970001,1020.71,5.0,4.12 14:29:15 17/09/19
833,98.7,19.925,1020.67,4.28,4.17 14:34:34 17/09/19
850,98.3,19.83,1020.69,5.0,4.15 14:39:49 17/09/19
855,98.4,19.805,1020.65,5.0,4.14 14:45:05 17/09/19
851,96.2,19.83,1020.6,5.0,4.09 14:50:20 17/09/19
847,96.8,19.75,1020.66,5.0,4.12 14:55:37 17/09/19
818,96.4,19.725,1020.69,5.0,4.12 15:00:58 17/09/19
814,97.1,19.66,1020.69,5.0,4.15 15:06:13 17/09/19
784,96.8,19.57,1020.74,5.0,4.14 15:11:28 17/09/19
786,96.1,19.404999,1020.76,5.0,4.13 15:16:40 17/09/19
822,97.7,19.355,1020.87,5.0,4.13 15:21:55 17/09/19
888,96.0,19.415,1020.79,5.0,4.12 15:27:12 17/09/19
833,98.2,19.635,1020.82,5.0,4.12 15:32:27 17/09/19
810,93.9,19.560001,1020.66,4.28,4.15 15:37:46 17/09/19
882,96.7,19.575,1020.77,5.0,4.15 15:43:05 17/09/19
883,96.8,19.82,1020.74,5.0,4.14 15:48:20 17/09/19
835,97.7,20.1,1020.75,5.0,4.13 15:53:33 17/09/19
887,95.1,20.279999,1020.7,5.0,4.13 15:58:50 17/09/19
861,96.7,20.33,1020.66,5.0,4.12 16:04:03 17/09/19
812,96.7,20.57,1020.88,5.0,4.12 16:09:20 17/09/19
822,96.1,20.525,1020.79,4.44,4.16 16:14:35 17/09/19
813,96.7,20.555,1020.85,5.0,4.15 16:19:50 17/09/19
797,96.0,20.535,1020.91,5.0,4.13 16:25:13 17/09/19
777,93.5,20.21,1020.92,5.0,4.13 16:30:28 17/09/19
847,94.8,19.925,1020.98,5.0,4.13 16:35:44 17/09/19
814,95.0,19.884998,1020.9,5.0,4.12 16:41:03 17/09/19
790,95.7,19.939999,1021.01,4.24,4.14 16:46:23 17/09/19
853,95.1,19.86,1021.11,5.0,4.15 16:51:38 17/09/19
808,94.2,19.849998,1021.15,5.0,4.14 16:56:53 17/09/19
797,94.6,19.685001,1021.2,5.0,4.13 17:02:06 17/09/19
774,94.2,19.64,1021.11,5.0,4.13 17:07:23 17/09/19
808,95.6,19.71,1021.09,5.0,4.12 17:12:39 17/09/19
823,93.9,19.595001,1021.07,4.27,4.17 17:17:59 17/09/19
806,94.3,19.585,1021.07,5.0,4.15 17:23:17 17/09/19
813,94.9,19.71,1021.01,5.0,4.14 17:28:32 17/09/19
766,92.2,19.66,1021.08,5.0,4.13 17:33:45 17/09/19
753,92.6,19.560001,1021.12,5.0,4.13 17:39:01 17/09/19
755,93.5,19.48,1021.13,5.0,4.12 17:44:21 17/09/19
742,92.5,19.3,1021.07,5.0,4.12 17:49:39 17/09/19
761,92.9,19.085,1021.1,4.31,4.15 17:54:52 17/09/19
759,93.4,18.98,1021.16,5.0,4.14 18:00:07 17/09/19
765,94.0,18.965,1021.16,5.0,4.13 18:05:24 17/09/19
782,93.4,18.89,1021.24,5.0,4.12 18:10:39 17/09/19
762,93.3,18.79,1021.22,5.0,4.12 18:15:52 17/09/19
735,92.6,18.619999,1021.24,4.96,4.13 18:21:08 17/09/19
719,93.2,18.42,1021.23,4.22,4.15 18:26:21 17/09/19
766,93.2,18.295,1021.36,5.0,4.15 18:31:36 17/09/19
729,93.6,18.19,1021.42,5.0,4.14 18:36:53 17/09/19
750,93.5,18.150002,1021.44,5.0,4.13 18:42:06 17/09/19
743,94.0,18.075,1021.51,5.0,4.13 18:47:23 17/09/19
729,94.2,18.064999,1021.61,5.0,4.12 18:52:37 17/09/19
701,93.4,17.970001,1021.57,5.0,4.12 18:57:51 17/09/19
714,93.9,17.825,1021.64,4.62,4.15 19:03:04 17/09/19
703,94.0,17.77,1021.7,4.26,4.17 19:08:21 17/09/19
661,94.1,17.635,1021.82,4.59,4.17 19:13:34 17/09/19
620,93.9,17.525,1021.9,5.0,4.16 19:18:51 17/09/19
619,93.8,17.4,1021.98,5.0,4.15 19:24:05 17/09/19
625,93.9,17.23,1022.09,5.0,4.15 19:29:19 17/09/19
602,94.1,17.115,1022.19,4.71,4.15 19:34:34 17/09/19
568,93.8,16.87,1022.23,4.78,4.14 19:39:48 17/09/19
529,93.8,16.720001,1022.36,4.2,4.14 19:45:03 17/09/19
483,93.8,16.505001,1022.38,4.2,4.13 19:50:17 17/09/19
436,93.7,16.3,1022.44,3.98,4.13 19:55:32 17/09/19
385,94.0,16.095001,1022.49,3.43,4.12 20:00:46 17/09/19
340,93.9,15.815001,1022.49,2.93,4.12 20:05:59 17/09/19
289,93.7,15.62,1022.53,2.12,4.11 20:11:16 17/09/19
242,93.9,15.42,1022.53,1.1,4.11 20:16:29 17/09/19
211,93.9,15.295,1022.61,0.43,4.11 20:21:42 17/09/19
191,93.8,15.105,1022.65,0.18,4.1 20:26:57 17/09/19
176,93.7,14.915,1022.82,0.07,4.1 20:32:15 17/09/19
165,94.0,14.79,1022.81,0.03,4.09 20:37:30 17/09/19
159,93.9,14.610001,1022.91,0.01,4.09 20:42:49 17/09/19
154,94.1,14.485,1022.97,0.0,4.09 20:48:03 17/09/19
149,94.1,14.305,1023.06,0.0,4.09 20:53:17 17/09/19
144,94.1,14.190001,1023.12,0.0,4.08 20:58:44 17/09/19
145,93.9,14.085,1023.12,0.0,4.08 21:04:03 17/09/19
145,94.1,13.92,1023.15,0.0,4.08 21:09:15 17/09/19
144,94.1,13.809999,1023.21,0.0,4.08 21:14:31 17/09/19
143,94.0,13.639999,1023.29,0.0,4.07 21:19:49 17/09/19
144,94.0,13.525,1023.34,0.0,4.07 21:25:07 17/09/19
142,94.1,13.4,1023.33,0.0,4.07 21:30:25 17/09/19
143,94.1,13.24,1023.35,0.0,4.07 21:35:45 17/09/19
144,94.2,13.125,1023.45,0.0,4.07 21:40:57 17/09/19
143,94.3,13.01,1023.42,0.0,4.06 21:46:12 17/09/19
143,94.4,12.905001,1023.47,0.0,4.06 21:51:26 17/09/19
143,94.5,12.795,1023.52,0.0,4.06 21:56:40 17/09/19
143,94.6,12.635,1023.59,0.0,4.06 22:01:54 17/09/19
143,94.7,12.54,1023.55,0.0,4.06 22:07:08 17/09/19
142,94.8,12.495,1023.65,0.0,4.06 22:12:25 17/09/19
143,94.7,12.405001,1023.64,0.0,4.06 22:17:42 17/09/19
142,94.8,12.305,1023.66,0.0,4.06 22:22:58 17/09/19
142,94.8,12.22,1023.72,0.0,4.05 22:28:12 17/09/19
141,94.7,12.110001,1023.86,0.0,4.05 22:33:29 17/09/19
142,94.8,12.014999,1023.86,0.0,4.05 22:38:48 17/09/19
144,94.8,11.915,1023.91,0.0,4.05 22:44:02 17/09/19
146,94.9,11.799999,1023.89,0.0,4.05 22:49:16 17/09/19
148,95.0,11.71,1023.87,0.0,4.05 22:54:27 17/09/19
147,95.1,11.549999,1023.88,0.0,4.04 22:59:44 17/09/19
147,95.3,11.504999,1023.91,0.0,4.04 23:04:57 17/09/19
147,95.4,11.405001,1023.82,0.0,4.04 23:10:11 17/09/19
147,95.4,11.309999,1023.91,0.0,4.04 23:15:24 17/09/19
149,95.4,11.22,1023.94,0.0,4.04 23:20:37 17/09/19
150,95.6,11.115,1024.04,0.0,4.04 23:25:52 17/09/19
150,95.6,11.01,1024.04,0.0,4.04 23:31:05 17/09/19
150,95.7,10.91,1024.02,0.0,4.04 23:36:20 17/09/19
151,95.9,10.805,1024.04,0.0,4.04 23:41:31 17/09/19
150,95.8,10.705,1024.08,0.0,4.04 23:46:46 17/09/19
150,95.9,10.62,1024.16,0.0,4.03 23:52:01 17/09/19
150,96.1,10.52,1024.17,0.0,4.03 23:57:17 17/09/19
