151,96.1,10.42,1024.17,0.0,4.03 00:02:36 18/09/19
151,96.2,10.315001,1024.26,0.0,4.03 00:07:48 18/09/19
151,96.4,10.22,1024.33,0.0,4.03 00:13:03 18/09/19
149,96.5,10.125,1024.4,0.0,4.03 00:18:16 18/09/19
149,96.7,10.02,1024.39,0.0,4.03 00:23:31 18/09/19
150,96.7,9.934999,1024.48,0.0,4.03 00:28:42 18/09/19
152,96.9,9.835,1024.5,0.0,4.03 00:33:55 18/09/19
152,96.7,9.735001,1024.48,0.0,4.02 00:39:11 18/09/19
151,96.8,9.645,1024.46,0.0,4.03 00:44:24 18/09/19
151,96.8,9.605,1024.39,0.0,4.02 00:49:38 18/09/19
151,97.4,9.504999,1024.38,0.0,4.02 00:54:51 18/09/19
151,97.0,9.415,1024.44,0.0,4.02 01:00:05 18/09/19
152,96.9,9.325,1024.42,0.0,4.02 01:05:18 18/09/19
152,97.2,9.24,1024.34,0.0,4.02 01:10:32 18/09/19
152,97.1,9.145,1024.39,0.0,4.02 01:15:46 18/09/19
151,97.2,9.110001,1024.48,0.0,4.02 01:20:59 18/09/19
152,97.4,9.025,1024.56,0.0,4.02 01:26:12 18/09/19
151,97.5,8.985,1024.57,0.0,4.02 01:31:24 18/09/19
149,97.7,8.9,1024.56,0.0,4.02 01:36:43 18/09/19
150,97.5,8.825,1024.6,0.0,4.01 01:42:01 18/09/19
150,97.4,8.805,1024.62,0.0,4.01 01:47:15 18/09/19
151,97.8,8.725,1024.6,0.0,4.02 01:52:27 18/09/19
150,97.7,8.639999,1024.6,0.0,4.01 01:57:41 18/09/19
152,97.5,8.615,1024.61,0.0,4.01 02:02:52 18/09/19
150,97.8,8.53,1024.63,0.0,4.01 02:08:07 18/09/19
150,97.9,8.445,1024.57,0.0,4.01 02:13:21 18/09/19
150,97.8,8.43,1024.66,0.0,4.01 02:18:34 18/09/19
151,98.5,8.405001,1024.63,0.0,4.01 02:23:47 18/09/19
150,98.3,8.325,1024.56,0.0,4.01 02:29:01 18/09/19
150,98.2,8.295,1024.54,0.0,4.0 02:34:14 18/09/19
150,98.4,8.22,1024.52,0.0,4.01 02:39:27 18/09/19
150,98.4,8.145,1024.51,0.0,4.01 02:44:41 18/09/19
150,98.4,8.12,1024.5,0.0,4.01 02:49:55 18/09/19
151,98.2,8.1,1024.51,0.0,4.0 02:55:07 18/09/19
151,98.6,8.025,1024.44,0.0,4.0 03:00:21 18/09/19
150,98.5,7.945,1024.46,0.0,4.0 03:05:35 18/09/19
151,98.6,7.92,1024.52,0.0,4.0 03:10:47 18/09/19
150,98.6,7.89,1024.54,0.0,4.0 03:16:01 18/09/19
150,98.4,7.805,1024.54,0.0,4.0 03:21:14 18/09/19
151,98.8,7.74,1024.55,0.0,4.0 03:26:28 18/09/19
151,99.0,7.71,1024.57,0.0,4.0 03:31:40 18/09/19
151,98.9,7.635,1024.64,0.0,4.0 03:36:53 18/09/19
150,99.1,7.595,1024.5,0.0,4.0 03:42:07 18/09/19
151,98.9,7.5150003,1024.5,0.0,4.0 03:47:18 18/09/19
150,98.7,7.435,1024.53,0.0,4.0 03:52:33 18/09/19
150,99.3,7.4100003,1024.6,0.0,4.0 03:57:46 18/09/19
152,99.2,7.3199997,1024.63,0.0,3.99 04:03:08 18/09/19
150,99.4,7.305,1024.63,0.0,4.0 04:08:21 18/09/19
150,98.9,7.225,1024.61,0.0,4.0 04:13:35 18/09/19
149,98.7,7.2,1024.66,0.0,3.99 04:18:52 18/09/19
150,99.0,7.185,1024.66,0.0,4.0 04:24:08 18/09/19
149,99.3,7.105,1024.64,0.0,3.99 04:29:23 18/09/19
149,98.8,7.0299997,1024.72,0.0,3.99 04:34:36 18/09/19
149,99.1,7.005,1024.75,0.0,3.99 04:39:49 18/09/19
148,99.2,6.92,1024.74,0.0,3.99 04:45:02 18/09/19
149,99.4,6.895,1024.77,0.0,3.99 04:50:13 18/09/19
148,99.1,6.8149996,1024.81,0.0,3.99 04:55:28 18/09/19
148,99.5,6.74,1024.83,0.0,3.99 05:00:41 18/09/19
148,99.6,6.7200003,1024.82,0.0,3.99 05:05:55 18/09/19
147,99.7,6.6949997,1024.88,0.0,3.99 05:11:11 18/09/19
147,99.5,6.625,1024.82,0.0,3.99 05:16:29 18/09/19
148,99.7,6.605,1024.82,0.0,3.99 05:21:40 18/09/19
147,99.6,6.52,1024.75,0.0,3.99 05:26:54 18/09/19
148,99.5,6.45,1024.78,0.0,3.99 05:32:08 18/09/19
148,99.6,6.48,1024.85,0.0,3.99 05:37:22 18/09/19
147,99.8,6.41,1024.86,0.0,3.99 05:42:35 18/09/19
146,99.9,6.34,1024.83,0.0,3.98 05:47:50 18/09/19
147,99.6,6.325,1024.82,0.0,3.98 05:52:59 18/09/19
147,99.9,6.3,1024.75,0.0,3.98 05:58:14 18/09/19
147,99.7,6.23,1024.79,0.02,3.97 06:03:27 18/09/19
147,99.5,6.205,1024.85,0.0,3.98 06:08:40 18/09/19
149,99.9,6.185,1024.93,0.0,3.98 06:13:54 18/09/19
149,99.9,6.12,1024.92,0.0,3.98 06:19:05 18/09/19
151,99.9,6.09,1024.88,0.01,3.98 06:24:20 18/09/19
156,99.4,6.02,1024.87,0.01,3.98 06:29:32 18/09/19
163,99.7,6.0,1024.99,0.03,3.98 06:34:45 18/09/19
176,99.7,5.925,1024.94,0.08,3.98 06:39:56 18/09/19
194,99.7,5.85,1024.99,0.2,3.98 06:45:09 18/09/19
220,99.9,5.8199997,1025.05,0.51,3.98 06:50:24 18/09/19
260,99.9,5.79,1025.13,1.29,3.98 06:55:37 18/09/19
315,99.9,5.715,1025.06,2.21,3.98 07:00:52 18/09/19
364,99.9,5.69,1025.19,2.92,3.98 07:06:03 18/09/19
418,99.9,5.625,1025.26,3.61,3.98 07:11:16 18/09/19
474,99.9,5.6,1025.27,4.07,3.98 07:16:29 18/09/19
518,99.9,5.5299997,1025.25,4.16,3.98 07:21:40 18/09/19
564,99.9,5.51,1025.27,4.58,3.98 07:27:00 18/09/19
601,99.9,5.51,1025.34,5.0,3.98 07:32:17 18/09/19
627,99.9,5.505,1025.34,5.0,3.98 07:37:29 18/09/19
648,99.9,5.495,1025.42,4.92,3.98 07:42:42 18/09/19
664,99.9,5.455,1025.54,5.0,3.98 07:47:55 18/09/19
679,99.9,5.495,1025.57,5.0,3.99 07:53:08 18/09/19
688,99.9,5.51,1025.6,5.0,3.99 07:58:19 18/09/19
696,99.9,5.525,1025.68,4.71,3.99 08:03:34 18/09/19
708,99.9,5.59,1025.68,4.9,4.0 08:08:45 18/09/19
724,99.9,5.62,1025.67,4.28,4.0 08:14:00 18/09/19
730,99.9,5.705,1025.7,4.64,4.0 08:19:15 18/09/19
736,99.9,5.795,1025.73,5.0,4.01 08:24:24 18/09/19
812,99.9,5.91,1025.87,4.17,4.02 08:29:39 18/09/19
819,99.9,6.02,1025.98,4.08,4.02 08:34:52 18/09/19
826,99.9,6.215,1026.01,5.0,4.04 08:40:05 18/09/19
829,99.9,6.415,1026.05,5.0,4.04 08:45:16 18/09/19
835,99.9,6.6099997,1026.07,5.0,4.05 08:50:31 18/09/19
837,99.9,6.865,1026.19,4.12,4.06 08:55:44 18/09/19
841,99.9,7.1549997,1026.18,4.25,4.08 09:01:04 18/09/19
843,99.9,7.4449997,1026.16,4.2,4.11 09:06:19 18/09/19
843,99.9,7.755,1026.18,4.61,4.13 09:11:32 18/09/19
845,99.9,8.195,1026.23,4.35,4.18 09:16:46 18/09/19
848,99.9,8.77,1026.28,4.45,4.16 09:21:58 18/09/19
850,99.9,9.395,1026.35,4.3,4.16 09:27:12 18/09/19
853,99.9,10.075001,1026.38,4.31,4.17 09:32:24 18/09/19
855,99.9,10.695,1026.48,4.27,4.18 09:37:39 18/09/19
857,99.9,11.255,1026.54,5.0,4.12 09:42:53 18/09/19
859,99.9,11.75,1026.55,4.3,4.17 09:48:05 18/09/19
861,99.9,12.219999,1026.44,5.0,4.12 09:53:21 18/09/19
864,99.9,12.49,1026.54,4.32,4.19 09:58:35 18/09/19
865,99.9,12.875,1026.71,5.0,4.13 10:03:49 18/09/19
868,99.9,13.155001,1026.72,4.31,4.21 10:09:08 18/09/19
869,99.9,13.395,1026.63,5.0,4.12 10:14:29 18/09/19
871,99.9,13.610001,1026.73,4.33,4.22 10:19:49 18/09/19
873,99.9,13.805,1026.69,5.0,4.13 10:25:02 18/09/19
873,99.9,13.995,1026.75,4.35,4.22 10:30:16 18/09/19
875,99.9,14.145,1026.79,5.0,4.13 10:35:31 18/09/19
876,99.9,14.305,1026.73,5.0,4.12 10:40:45 18/09/19
877,99.9,14.469999,1026.76,5.0,4.22 10:45:57 18/09/19
879,99.9,14.645,1026.76,5.0,4.13 10:51:14 18/09/19
880,99.9,14.815001,1026.71,5.0,4.12 10:56:27 18/09/19
881,99.9,14.995,1026.74,5.0,4.22 11:01:42 18/09/19
882,99.9,15.21,1026.77,5.0,4.14 11:06:56 18/09/19
883,99.9,15.325001,1026.8,5.0,4.13 11:12:11 18/09/19
885,99.9,15.495,1026.71,5.0,4.12 11:17:24 18/09/19
886,99.7,15.645,1026.63,5.0,4.22 11:22:39 18/09/19
887,99.6,15.77,1026.66,5.0,4.14 11:27:53 18/09/19
872,99.7,15.955,1026.63,5.0,4.13 11:33:10 18/09/19
888,99.2,16.135,1026.55,5.0,4.12 11:38:22 18/09/19
891,99.1,16.26,1026.53,5.0,4.22 11:43:36 18/09/19
847,98.8,16.46,1026.5,5.0,4.14 11:48:54 18/09/19
836,98.9,16.625,1026.45,5.0,4.13 11:54:18 18/09/19
841,98.9,16.724998,1026.51,5.0,4.12 11:59:40 18/09/19
886,98.7,16.855,1026.42,5.0,4.22 12:05:03 18/09/19
856,97.9,17.065,1026.48,5.0,4.14 12:10:22 18/09/19
841,98.3,17.2,1026.5,5.0,4.13 12:15:37 18/09/19
831,98.2,17.155,1026.58,5.0,4.12 12:20:52 18/09/19
833,97.5,17.14,1026.59,5.0,4.12 12:26:06 18/09/19
826,97.3,17.055,1026.6,4.27,4.16 12:31:21 18/09/19
839,97.9,16.98,1026.57,5.0,4.14 12:36:39 18/09/19
825,97.8,16.975,1026.64,5.0,4.13 12:41:58 18/09/19
829,97.6,16.965,1026.59,5.0,4.12 12:47:13 18/09/19
899,98.2,16.95,1026.66,5.0,4.12 12:52:26 18/09/19
854,98.4,17.060001,1026.67,4.34,4.19 12:57:42 18/09/19
850,97.9,17.25,1026.55,5.0,4.14 13:02:56 18/09/19
855,98.0,17.355,1026.53,5.0,4.13 13:08:12 18/09/19
882,98.1,17.54,1026.51,5.0,4.13 13:13:27 18/09/19
897,97.2,17.825,1026.4,5.0,4.12 13:18:40 18/09/19
899,98.0,18.195,1026.43,5.0,4.22 13:23:55 18/09/19
888,97.8,18.61,1026.39,5.0,4.15 13:29:08 18/09/19
899,96.9,18.89,1026.4,5.0,4.14 13:34:23 18/09/19
899,97.2,19.1,1026.28,5.0,4.13 13:39:39 18/09/19
896,97.0,19.369999,1026.3,5.0,4.13 13:44:53 18/09/19
897,96.1,19.645,1026.22,5.0,4.22 13:50:12 18/09/19
899,96.6,19.895,1026.17,5.0,4.14 13:55:24 18/09/19
901,95.7,20.165,1026.18,5.0,4.14 14:00:37 18/09/19
899,94.6,20.189999,1026.06,5.0,4.13 14:05:54 18/09/19
826,95.4,20.195,1026.02,5.0,4.13 14:11:09 18/09/19
826,95.4,20.14,1026.02,5.0,4.12 14:16:24 18/09/19
825,94.9,19.945,1025.97,4.26,4.17 14:21:39 18/09/19
798,95.2,19.765,1025.85,5.0,4.15 14:26:54 18/09/19
896,94.6,19.49,1025.78,5.0,4.14 14:32:09 18/09/19
894,95.1,19.485,1025.69,5.0,4.13 14:37:22 18/09/19
893,91.5,19.64,1025.64,5.0,4.13 14:42:39 18/09/19
857,95.0,19.81,1025.67,4.32,4.21 14:47:57 18/09/19
875,94.7,20.035,1025.69,5.0,4.14 14:53:21 18/09/19
809,93.7,20.07,1025.65,5.0,4.14 14:58:41 18/09/19
812,93.3,19.89,1025.6,5.0,4.13 15:03:56 18/09/19
890,94.5,19.79,1025.61,5.0,4.12 15:09:16 18/09/19
891,94.3,19.93,1025.61,5.0,4.12 15:14:34 18/09/19
896,92.1,20.12,1025.57,5.0,4.12 15:19:49 18/09/19
859,91.3,20.3,1025.56,4.33,4.21 15:25:04 18/09/19
814,93.0,20.185001,1025.52,5.0,4.15 15:30:17 18/09/19
778,91.9,20.060001,1025.6,5.0,4.14 15:35:34 18/09/19
784,90.3,19.740002,1025.5,5.0,4.13 15:40:47 18/09/19
808,91.3,19.465,1025.58,5.0,4.13 15:46:02 18/09/19
819,92.7,19.31,1025.59,4.26,4.16 15:51:31 18/09/19
832,92.0,19.220001,1025.58,5.0,4.14 15:56:56 18/09/19
834,93.3,19.175,1025.57,5.0,4.14 16:02:14 18/09/19
825,92.1,19.095001,1025.55,5.0,4.13 16:07:29 18/09/19
820,90.3,18.96,1025.56,5.0,4.14 16:12:42 18/09/19
820,91.0,18.86,1025.58,5.0,4.12 16:17:59 18/09/19
823,91.1,18.835,1025.55,5.0,4.16 16:23:14 18/09/19
829,92.4,18.83,1025.54,5.0,4.14 16:28:32 18/09/19
831,91.2,18.83,1025.48,5.0,4.14 16:33:52 18/09/19
820,91.4,18.765,1025.46,5.0,4.13 16:39:05 18/09/19
821,90.8,18.740002,1025.53,5.0,4.13 16:44:22 18/09/19
816,91.0,18.675,1025.56,5.0,4.12 16:49:36 18/09/19
806,92.2,18.64,1025.57,4.25,4.15 16:54:52 18/09/19
796,92.5,18.630001,1025.54,5.0,4.14 17:00:06 18/09/19
794,91.5,18.560001,1025.57,5.0,4.13 17:05:21 18/09/19
786,91.7,18.46,1025.5,5.0,4.13 17:10:34 18/09/19
774,91.0,18.3,1025.46,4.22,4.15 17:15:48 18/09/19
772,91.0,18.19,1025.44,5.0,4.14 17:21:05 18/09/19
774,91.5,18.075,1025.35,5.0,4.13 17:26:19 18/09/19
766,91.4,17.970001,1025.41,5.0,4.13 17:31:32 18/09/19
751,91.4,17.88,1025.44,5.0,4.12 17:36:49 18/09/19
730,91.5,17.77,1025.4,4.39,4.13 17:42:03 18/09/19
728,91.8,17.650002,1025.4,4.26,4.15 17:47:18 18/09/19
730,91.1,17.465,1025.43,4.34,4.17 17:52:33 18/09/19
737,91.6,17.355,1025.45,5.0,4.16 17:57:46 18/09/19
729,92.0,17.265,1025.43,5.0,4.15 18:03:02 18/09/19
725,91.8,17.17,1025.35,5.0,4.14 18:08:15 18/09/19
748,92.1,17.064999,1025.42,5.0,4.14 18:13:32 18/09/19
762,91.9,16.965,1025.46,5.0,4.12 18:18:49 18/09/19
798,92.2,16.93,1025.52,5.0,4.12 18:24:08 18/09/19
773,92.4,16.869999,1025.52,5.0,4.12 18:29:23 18/09/19
747,92.7,16.88,1025.56,4.24,4.14 18:34:36 18/09/19
799,92.7,16.95,1025.5,5.0,4.14 18:39:53 18/09/19
788,92.8,16.974998,1025.53,5.0,4.13 18:45:05 18/09/19
787,92.9,17.045,1025.49,5.0,4.12 18:50:21 18/09/19
775,93.2,17.07,1025.45,5.0,4.12 18:55:36 18/09/19
755,93.1,17.145,1025.46,4.41,4.15 19:00:50 18/09/19
738,92.8,17.165,1025.45,5.0,4.14 19:06:05 18/09/19
665,92.9,17.17,1025.5,5.0,4.14 19:11:18 18/09/19
645,92.9,17.16,1025.55,5.0,4.13 19:16:34 18/09/19
625,92.8,17.1,1025.6,5.0,4.12 19:21:49 18/09/19
608,93.0,17.08,1025.58,5.0,4.12 19:27:04 18/09/19
594,92.7,17.064999,1025.67,4.47,4.12 19:32:20 18/09/19
564,92.6,16.99,1025.71,4.72,4.12 19:37:30 18/09/19
534,92.7,16.895,1025.64,4.46,4.11 19:42:51 18/09/19
494,92.6,16.865,1025.73,4.22,4.11 19:48:10 18/09/19
460,92.9,16.7,1025.83,4.18,4.1 19:53:24 18/09/19
408,92.9,16.595001,1025.93,3.69,4.1 19:58:39 18/09/19
353,92.9,16.470001,1025.91,2.98,4.1 20:03:51 18/09/19
300,92.9,16.289999,1025.97,2.0,4.1 20:09:08 18/09/19
256,92.9,16.11,1026.05,1.01,4.09 20:14:22 18/09/19
225,92.7,15.91,1026.12,0.42,4.09 20:19:37 18/09/19
205,92.8,15.77,1026.16,0.17,4.09 20:24:49 18/09/19
189,92.9,15.525,1026.31,0.07,4.08 20:30:05 18/09/19
179,92.7,15.395,1026.42,0.03,4.08 20:35:19 18/09/19
171,92.8,15.205,1026.4,0.01,4.08 20:40:34 18/09/19
167,92.8,15.014999,1026.51,0.0,4.08 20:45:48 18/09/19
164,92.9,14.889999,1026.56,0.0,4.08 20:51:02 18/09/19
160,92.8,14.715,1026.57,0.0,4.07 20:56:16 18/09/19
159,92.9,14.57,1026.6,0.0,4.07 21:01:34 18/09/19
159,93.0,14.41,1026.67,0.0,4.07 21:06:53 18/09/19
158,93.1,14.29,1026.69,0.0,4.07 21:12:07 18/09/19
157,93.3,14.18,1026.68,0.0,4.06 21:17:22 18/09/19
157,93.2,14.02,1026.63,0.0,4.06 21:22:36 18/09/19
157,93.4,13.9,1026.68,0.0,4.06 21:27:50 18/09/19
157,93.5,13.799999,1026.71,0.0,4.06 21:33:04 18/09/19
157,93.5,13.705,1026.73,0.0,4.06 21:38:16 18/09/19
155,93.7,13.610001,1026.74,0.0,4.06 21:43:32 18/09/19
157,94.2,13.59,1026.79,0.0,4.06 21:48:46 18/09/19
157,94.6,13.575,1026.81,0.0,4.05 21:54:01 18/09/19
156,94.2,13.52,1026.85,0.0,4.05 21:59:13 18/09/19
156,94.1,13.51,1026.89,0.0,4.05 22:04:29 18/09/19
156,94.3,13.49,1026.99,0.0,4.05 22:09:43 18/09/19
156,94.2,13.41,1026.96,0.0,4.05 22:14:57 18/09/19
154,94.3,13.37,1026.87,0.0,4.05 22:20:11 18/09/19
156,94.5,13.23,1026.98,0.0,4.05 22:25:25 18/09/19
155,94.2,13.190001,1027.06,0.0,4.05 22:30:39 18/09/19
155,94.3,13.094999,1027.12,0.0,4.04 22:35:53 18/09/19
154,94.6,13.0,1027.1,0.0,4.04 22:41:06 18/09/19
154,94.8,12.905001,1027.11,0.0,4.04 22:46:20 18/09/19
153,94.7,12.805,1027.06,0.0,4.04 22:51:32 18/09/19
153,94.4,12.71,1027.09,0.0,4.04 22:56:48 18/09/19
154,94.7,12.610001,1027.07,0.0,4.04 23:02:02 18/09/19
155,95.0,12.514999,1027.15,0.0,4.04 23:07:17 18/09/19
156,95.6,12.485,1027.12,0.0,4.04 23:12:29 18/09/19
157,95.1,12.405001,1027.21,0.0,4.04 23:17:43 18/09/19
158,94.8,12.37,1027.25,0.0,4.04 23:22:55 18/09/19
158,95.6,12.295,1027.27,0.0,4.03 23:28:09 18/09/19
158,94.9,12.225,1027.46,0.0,4.03 23:33:25 18/09/19
156,95.4,12.195,1027.43,0.0,4.03 23:38:39 18/09/19
156,95.2,12.115,1027.5,0.0,4.03 23:43:52 18/09/19
157,96.2,12.09,1027.53,0.0,4.03 23:49:06 18/09/19
160,95.5,12.07,1027.53,0.0,4.03 23:54:18 18/09/19
158,96.0,11.995,1027.54,0.0,4.03 23:59:34 18/09/19
