797,99.9,15.91,1007.36,0.0,4.02 00:02:24 28/09/19
695,99.9,15.85,1007.36,0.0,4.02 00:07:39 28/09/19
800,99.9,15.889999,1007.28,0.0,4.02 00:12:52 28/09/19
789,99.9,15.83,1007.34,0.0,4.02 00:18:07 28/09/19
735,99.9,15.765,1007.31,0.0,4.02 00:23:22 28/09/19
724,99.9,15.815001,1007.45,0.0,4.02 00:28:36 28/09/19
810,99.9,15.809999,1007.44,0.0,4.02 00:33:50 28/09/19
820,99.9,15.815001,1007.53,0.0,4.02 00:39:07 28/09/19
809,99.9,15.815001,1007.52,0.0,4.02 00:44:20 28/09/19
809,99.9,15.815001,1007.54,0.0,4.02 00:49:36 28/09/19
759,99.9,15.75,1007.5,0.0,4.02 00:54:55 28/09/19
733,99.9,15.755,1007.6,0.0,4.01 01:00:08 28/09/19
787,99.9,15.745,1007.57,0.0,4.02 01:05:22 28/09/19
781,99.9,15.72,1007.52,0.0,4.02 01:10:38 28/09/19
814,99.9,15.7300005,1007.65,0.0,4.01 01:15:56 28/09/19
812,99.9,15.725,1007.6,0.0,4.02 01:21:15 28/09/19
757,99.9,15.725,1007.59,0.0,4.01 01:26:28 28/09/19
809,99.9,15.725,1007.67,0.0,4.01 01:31:44 28/09/19
801,99.9,15.72,1007.65,0.0,4.01 01:36:58 28/09/19
758,99.9,15.715,1007.77,0.0,4.01 01:42:12 28/09/19
761,99.9,15.66,1007.78,0.0,4.01 01:47:27 28/09/19
802,99.9,15.655,1007.84,0.0,4.01 01:52:42 28/09/19
684,99.9,15.695001,1007.92,0.0,4.01 01:57:54 28/09/19
776,99.9,15.635,1007.94,0.0,4.01 02:03:10 28/09/19
720,99.9,15.63,1007.97,0.0,4.01 02:08:24 28/09/19
801,99.9,15.625,1007.98,0.0,4.01 02:13:38 28/09/19
793,99.9,15.62,1008.04,0.0,4.01 02:18:52 28/09/19
798,99.9,15.62,1008.09,0.0,4.01 02:24:07 28/09/19
813,99.9,15.62,1008.09,0.0,4.01 02:29:22 28/09/19
813,99.9,15.565,1008.1,0.0,4.01 02:34:35 28/09/19
787,99.9,15.61,1008.13,0.0,4.01 02:39:50 28/09/19
797,99.9,15.62,1008.07,0.0,4.02 02:45:04 28/09/19
800,99.9,15.64,1008.02,0.0,4.0 02:50:19 28/09/19
760,99.9,15.7,1007.98,0.0,4.0 02:55:32 28/09/19
796,99.9,15.64,1008.1,0.0,4.0 03:00:47 28/09/19
731,99.9,15.625,1008.12,0.0,4.0 03:05:59 28/09/19
799,99.9,15.565,1008.16,0.0,4.01 03:11:15 28/09/19
709,99.9,15.57,1008.19,0.0,4.0 03:16:29 28/09/19
787,99.9,15.54,1008.1,0.0,4.0 03:21:44 28/09/19
803,99.9,15.525,1008.14,0.0,4.0 03:26:59 28/09/19
813,99.9,15.514999,1008.08,0.0,4.0 03:32:16 28/09/19
788,99.9,15.460001,1008.2,0.0,4.0 03:37:36 28/09/19
806,99.9,15.514999,1008.17,0.0,4.0 03:42:48 28/09/19
811,99.9,15.525,1008.18,0.0,4.0 03:48:02 28/09/19
822,99.9,15.525,1008.12,0.0,4.0 03:53:18 28/09/19
759,99.9,15.53,1008.22,0.0,4.0 03:58:32 28/09/19
785,99.9,15.54,1008.17,0.0,4.0 04:03:46 28/09/19
760,99.9,15.61,1008.13,0.0,4.0 04:09:01 28/09/19
766,99.9,15.625,1008.19,0.0,4.0 04:14:15 28/09/19
803,99.9,15.63,1008.19,0.0,4.0 04:19:32 28/09/19
790,99.9,15.64,1008.19,0.0,4.0 04:24:44 28/09/19
705,99.9,15.64,1008.16,0.0,4.0 04:29:58 28/09/19
749,99.9,15.7,1008.3,0.0,3.99 04:35:13 28/09/19
740,99.9,15.65,1008.31,0.0,3.99 04:40:26 28/09/19
752,99.9,15.63,1008.33,0.0,3.99 04:45:41 28/09/19
754,99.9,15.63,1008.29,0.0,3.99 04:50:55 28/09/19
755,99.9,15.61,1008.35,0.0,3.99 04:56:09 28/09/19
753,99.9,15.53,1008.31,0.0,3.99 05:01:22 28/09/19
784,99.9,15.514999,1008.44,0.0,3.99 05:06:38 28/09/19
785,99.9,15.450001,1008.5,0.0,3.99 05:11:52 28/09/19
771,99.9,15.43,1008.53,0.0,3.99 05:17:06 28/09/19
786,99.9,15.355,1008.6,0.0,3.99 05:22:21 28/09/19
780,99.9,15.335,1008.54,0.0,3.99 05:27:35 28/09/19
781,99.9,15.265,1008.61,0.0,3.99 05:32:50 28/09/19
778,99.9,15.24,1008.58,0.0,3.99 05:38:03 28/09/19
757,99.9,15.225,1008.59,0.0,3.99 05:43:17 28/09/19
737,99.9,15.17,1008.59,0.0,3.99 05:48:35 28/09/19
771,99.9,15.200001,1008.62,0.0,3.99 05:53:54 28/09/19
776,99.9,15.195,1008.69,0.0,3.99 05:59:08 28/09/19
762,99.9,15.135,1008.67,0.0,3.99 06:04:23 28/09/19
782,99.9,15.13,1008.73,0.0,3.99 06:09:37 28/09/19
773,99.9,15.13,1008.65,0.0,3.99 06:14:51 28/09/19
745,99.9,15.13,1008.69,0.0,3.99 06:20:05 28/09/19
776,99.9,15.115,1008.76,0.0,3.98 06:25:23 28/09/19
788,99.9,15.115,1008.76,0.0,3.99 06:30:42 28/09/19
770,99.9,15.045,1008.75,0.0,3.98 06:35:56 28/09/19
762,99.9,14.965,1008.73,0.0,3.99 06:41:09 28/09/19
799,99.9,14.925,1008.87,0.0,3.98 06:46:25 28/09/19
790,99.9,14.92,1008.91,0.01,3.98 06:51:40 28/09/19
796,99.9,14.855,1008.93,0.05,3.98 06:56:53 28/09/19
756,99.9,14.860001,1008.94,0.11,3.98 07:02:07 28/09/19
802,99.9,14.91,1008.89,0.31,3.98 07:07:22 28/09/19
782,99.9,14.860001,1008.89,0.77,3.98 07:12:36 28/09/19
785,99.9,14.925,1008.96,1.75,3.98 07:17:50 28/09/19
809,99.9,14.925,1008.96,2.55,3.98 07:23:05 28/09/19
815,99.9,14.92,1008.99,3.16,3.98 07:28:18 28/09/19
797,99.9,14.9,1008.98,3.88,3.98 07:33:32 28/09/19
846,99.9,14.905001,1009.07,4.08,3.98 07:38:50 28/09/19
802,99.9,14.860001,1009.11,4.12,3.98 07:44:09 28/09/19
856,99.9,14.91,1009.1,4.77,3.98 07:49:23 28/09/19
857,99.9,14.925,1009.08,4.64,3.99 07:54:38 28/09/19
810,99.9,14.934999,1009.15,4.07,3.98 07:59:50 28/09/19
831,99.9,14.945,1009.21,4.71,3.98 08:05:04 28/09/19
845,99.9,14.955,1009.24,4.35,3.98 08:10:20 28/09/19
850,99.9,14.96,1009.27,4.07,3.99 08:15:34 28/09/19
877,99.9,14.965,1009.23,5.0,3.99 08:20:49 28/09/19
891,99.9,15.035,1009.3,4.07,4.01 08:26:03 28/09/19
889,99.9,15.059999,1009.28,5.0,4.02 08:31:17 28/09/19
879,99.9,15.135,1009.3,4.1,4.01 08:36:31 28/09/19
865,99.9,15.15,1009.36,5.0,4.02 08:41:45 28/09/19
868,99.9,15.165,1009.31,5.0,4.0 08:46:59 28/09/19
868,99.9,15.165,1009.37,5.0,4.01 08:52:12 28/09/19
877,99.9,15.22,1009.46,4.22,4.02 08:57:29 28/09/19
884,99.9,15.175,1009.51,4.09,4.02 09:02:42 28/09/19
872,99.9,15.18,1009.53,5.0,4.03 09:07:56 28/09/19
881,99.9,15.245001,1009.72,5.0,4.02 09:13:11 28/09/19
890,99.9,15.25,1009.66,4.9,4.03 09:18:25 28/09/19
887,99.9,15.25,1009.71,4.22,4.03 09:23:39 28/09/19
884,99.9,15.325,1009.78,4.08,4.03 09:28:53 28/09/19
899,99.9,15.33,1009.74,4.14,4.05 09:34:11 28/09/19
904,99.9,15.42,1009.81,5.0,4.06 09:39:30 28/09/19
898,99.9,15.445,1009.84,4.16,4.07 09:44:45 28/09/19
902,99.9,15.465,1009.85,4.19,4.09 09:49:57 28/09/19
897,99.9,15.63,1009.85,5.0,4.09 09:55:13 28/09/19
894,99.9,15.67,1009.9,4.21,4.1 10:00:27 28/09/19
889,99.9,15.735001,1009.95,5.0,4.1 10:05:42 28/09/19
888,99.9,15.735001,1010.14,4.16,4.1 10:10:55 28/09/19
887,99.9,15.7300005,1010.16,4.58,4.11 10:16:10 28/09/19
900,99.9,15.65,1010.25,5.0,4.12 10:21:28 28/09/19
898,99.9,15.64,1010.27,4.26,4.17 10:26:47 28/09/19
901,99.9,15.625,1010.45,5.0,4.12 10:32:02 28/09/19
898,99.9,15.62,1010.39,4.23,4.12 10:37:21 28/09/19
887,99.9,15.625,1010.55,4.28,4.13 10:42:39 28/09/19
891,99.9,15.615,1010.48,4.44,4.16 10:47:54 28/09/19
912,99.9,15.615,1010.52,5.0,4.13 10:53:07 28/09/19
909,99.9,15.75,1010.4,4.35,4.17 10:58:20 28/09/19
923,99.9,15.955,1010.38,5.0,4.14 11:03:37 28/09/19
888,99.9,16.135,1010.39,5.0,4.12 11:08:50 28/09/19
903,99.9,16.195,1010.36,4.22,4.16 11:14:03 28/09/19
898,99.9,16.220001,1010.47,5.0,4.14 11:19:18 28/09/19
912,99.9,16.31,1010.43,5.0,4.12 11:24:33 28/09/19
906,99.9,16.405,1010.4,4.37,4.15 11:29:48 28/09/19
904,99.9,16.435,1010.49,5.0,4.14 11:35:02 28/09/19
911,99.9,16.51,1010.57,5.0,4.13 11:40:17 28/09/19
921,99.9,16.595001,1010.55,4.31,4.19 11:45:32 28/09/19
908,99.9,16.64,1010.58,5.0,4.14 11:50:47 28/09/19
912,99.9,16.715,1010.68,5.0,4.13 11:55:59 28/09/19
900,99.9,16.720001,1010.51,4.29,4.14 12:01:14 28/09/19
907,99.9,16.705,1010.69,5.0,4.14 12:06:29 28/09/19
903,99.9,16.630001,1010.75,5.0,4.13 12:11:43 28/09/19
918,99.9,16.615,1010.72,5.0,4.12 12:16:58 28/09/19
912,99.9,16.619999,1010.72,5.0,4.12 12:22:12 28/09/19
915,99.9,16.705,1010.78,4.26,4.17 12:27:27 28/09/19
913,99.9,16.865,1010.77,5.0,4.14 12:32:42 28/09/19
910,99.9,16.965,1010.76,5.0,4.13 12:37:55 28/09/19
915,99.9,17.060001,1010.74,5.0,4.12 12:43:09 28/09/19
869,99.9,17.150002,1010.79,4.33,4.2 12:48:25 28/09/19
845,99.9,17.265,1010.77,5.0,4.14 12:53:40 28/09/19
826,99.9,17.28,1010.69,5.0,4.13 12:58:53 28/09/19
915,99.9,17.295,1010.76,5.0,4.15 13:04:13 28/09/19
900,99.9,17.29,1010.84,5.0,4.15 13:09:31 28/09/19
825,99.9,17.215,1010.83,5.0,4.14 13:14:46 28/09/19
805,99.9,17.14,1010.86,5.0,4.13 13:19:58 28/09/19
825,99.9,17.175,1010.82,5.0,4.12 13:25:18 28/09/19
840,99.9,17.115,1010.76,4.64,4.17 13:30:36 28/09/19
848,99.9,17.185001,1010.74,5.0,4.14 13:35:50 28/09/19
839,99.9,17.275002,1010.64,5.0,4.13 13:41:07 28/09/19
846,99.9,17.375,1010.55,5.0,4.13 13:46:19 28/09/19
826,99.9,17.46,1010.51,5.0,4.12 13:51:36 28/09/19
818,99.9,17.48,1010.55,4.22,4.15 13:56:49 28/09/19
810,99.9,17.42,1010.59,5.0,4.14 14:02:05 28/09/19
797,99.9,17.34,1010.6,5.0,4.14 14:07:19 28/09/19
864,99.9,17.24,1010.36,5.0,4.12 14:12:39 28/09/19
843,99.9,17.325,1010.61,4.31,4.15 14:17:58 28/09/19
836,99.9,17.4,1010.51,5.0,4.14 14:23:12 28/09/19
856,99.9,17.465,1010.47,5.0,4.14 14:28:26 28/09/19
810,99.9,17.48,1010.45,5.0,4.13 14:33:41 28/09/19
815,99.9,17.48,1010.47,5.0,4.12 14:38:55 28/09/19
876,99.9,17.35,1010.46,5.0,4.12 14:44:08 28/09/19
864,99.9,17.41,1010.46,4.3,4.2 14:49:24 28/09/19
859,99.9,17.515,1010.48,5.0,4.14 14:54:40 28/09/19
914,99.9,17.61,1010.55,5.0,4.13 15:00:02 28/09/19
834,99.9,17.595001,1010.63,5.0,4.12 15:05:17 28/09/19
835,99.9,17.455,1010.59,5.0,4.12 15:10:31 28/09/19
838,99.9,17.43,1010.5,4.26,4.17 15:15:44 28/09/19
853,99.9,17.435,1010.43,5.0,4.14 15:20:59 28/09/19
846,99.9,17.505001,1010.5,5.0,4.13 15:26:16 28/09/19
847,99.9,17.435,1010.44,5.0,4.13 15:31:31 28/09/19
847,99.9,17.494999,1010.5,5.0,4.12 15:36:42 28/09/19
819,99.9,17.52,1010.48,4.27,4.15 15:41:59 28/09/19
821,99.9,17.59,1010.47,5.0,4.13 15:47:14 28/09/19
824,99.9,17.525,1010.55,5.0,4.13 15:52:26 28/09/19
821,99.9,17.43,1010.61,5.0,4.12 15:57:42 28/09/19
784,99.9,17.34,1010.55,5.0,4.14 16:02:58 28/09/19
854,99.9,17.2,1010.55,5.0,4.14 16:08:12 28/09/19
827,99.9,17.32,1010.47,5.0,4.13 16:13:27 28/09/19
810,99.9,17.36,1010.45,5.0,4.13 16:18:39 28/09/19
824,99.9,17.345001,1010.4,5.0,4.12 16:23:55 28/09/19
803,99.9,17.33,1010.44,5.0,4.14 16:29:10 28/09/19
763,99.9,17.255001,1010.58,5.0,4.17 16:34:24 28/09/19
827,99.9,17.23,1010.51,5.0,4.15 16:39:37 28/09/19
823,99.9,17.15,1010.45,5.0,4.14 16:44:57 28/09/19
816,99.9,17.130001,1010.46,5.0,4.13 16:50:16 28/09/19
826,99.9,17.06,1010.56,5.0,4.13 16:55:29 28/09/19
821,99.9,17.045,1010.42,5.0,4.12 17:00:43 28/09/19
783,99.9,17.05,1010.47,5.0,4.13 17:05:58 28/09/19
813,99.9,17.035,1010.49,5.0,4.14 17:11:14 28/09/19
807,99.9,16.965,1010.53,5.0,4.13 17:16:29 28/09/19
793,99.9,16.880001,1010.49,5.0,4.13 17:21:43 28/09/19
786,99.9,16.795,1010.55,5.0,4.14 17:26:58 28/09/19
818,99.9,16.785,1010.45,5.0,4.13 17:32:12 28/09/19
800,99.9,16.835,1010.47,5.0,4.13 17:37:25 28/09/19
806,99.9,16.77,1010.51,4.51,4.15 17:42:42 28/09/19
772,99.9,16.76,1010.56,5.0,4.16 17:47:56 28/09/19
761,99.9,16.76,1010.53,5.0,4.14 17:53:11 28/09/19
760,99.9,16.74,1010.46,5.0,4.13 17:58:24 28/09/19
724,99.9,16.675,1010.5,5.0,4.13 18:03:39 28/09/19
775,99.9,16.654999,1010.53,5.0,4.12 18:08:53 28/09/19
750,99.9,16.64,1010.53,4.93,4.12 18:14:08 28/09/19
763,99.9,16.645,1010.5,5.0,4.17 18:19:22 28/09/19
773,99.9,16.654999,1010.47,5.0,4.14 18:24:40 28/09/19
879,99.9,16.720001,1010.58,5.0,4.13 18:30:03 28/09/19
871,99.9,16.715,1010.68,5.0,4.13 18:35:23 28/09/19
879,99.9,16.65,1010.71,5.0,4.13 18:40:37 28/09/19
846,99.9,16.625,1010.67,5.0,4.12 18:45:51 28/09/19
869,99.9,16.555,1010.76,5.0,4.12 18:51:06 28/09/19
855,99.9,16.535,1010.72,4.9,4.13 18:56:18 28/09/19
845,99.9,16.515,1010.71,3.95,4.12 19:01:34 28/09/19
848,99.9,16.45,1010.77,2.63,4.11 19:06:50 28/09/19
850,99.9,16.435,1010.9,3.79,4.11 19:12:02 28/09/19
851,99.9,16.42,1010.94,3.11,4.1 19:17:18 28/09/19
818,99.9,16.395,1010.99,2.6,4.1 19:22:32 28/09/19
864,99.9,16.33,1010.93,2.08,4.09 19:27:50 28/09/19
831,99.9,16.3,1011.01,1.48,4.09 19:33:09 28/09/19
833,99.9,16.220001,1011.15,0.68,4.09 19:38:24 28/09/19
814,99.9,16.14,1011.31,0.45,4.09 19:43:36 28/09/19
870,99.9,16.045,1011.21,0.26,4.08 19:49:00 28/09/19
840,99.9,15.9,1011.11,0.16,4.08 19:54:14 28/09/19
861,99.9,15.775001,1011.09,0.06,4.08 19:59:30 28/09/19
817,99.9,15.665,1011.08,0.02,4.08 20:04:43 28/09/19
815,99.9,15.565,1011.01,0.0,4.08 20:09:58 28/09/19
875,99.9,15.485001,1011.05,0.0,4.07 20:15:16 28/09/19
840,99.9,15.455,1011.04,0.0,4.07 20:20:35 28/09/19
841,99.9,15.42,1011.06,0.0,4.07 20:25:50 28/09/19
856,99.9,15.34,1011.17,0.0,4.07 20:31:04 28/09/19
846,99.9,15.265,1011.14,0.0,4.07 20:36:19 28/09/19
867,99.9,15.24,1011.18,0.0,4.06 20:41:36 28/09/19
850,99.9,15.225,1011.14,0.0,4.06 20:46:54 28/09/19
814,99.9,15.139999,1011.13,0.0,4.06 20:52:09 28/09/19
836,99.9,15.049999,1011.12,0.0,4.06 20:57:22 28/09/19
800,99.9,14.965,1011.13,0.0,4.06 21:02:38 28/09/19
793,99.9,14.925,1011.13,0.0,4.05 21:07:54 28/09/19
781,99.9,14.905001,1011.23,0.0,4.05 21:13:07 28/09/19
821,99.9,14.815001,1011.28,0.0,4.05 21:18:20 28/09/19
814,99.9,14.805,1011.21,0.0,4.05 21:23:34 28/09/19
824,99.9,14.75,1011.26,0.0,4.05 21:28:48 28/09/19
833,99.9,14.755,1011.22,0.0,4.05 21:34:03 28/09/19
827,99.9,14.755,1011.23,0.0,4.05 21:39:17 28/09/19
825,99.9,14.755,1011.12,0.0,4.04 21:44:31 28/09/19
831,99.9,14.76,1011.04,0.0,4.04 21:49:46 28/09/19
773,99.9,14.82,1010.98,0.0,4.05 21:54:59 28/09/19
823,99.9,14.825,1010.99,0.0,4.04 22:00:13 28/09/19
833,99.9,14.82,1010.9,0.0,4.04 22:05:31 28/09/19
800,99.9,14.82,1010.94,0.0,4.04 22:10:50 28/09/19
808,99.9,14.809999,1010.9,0.0,4.04 22:16:04 28/09/19
785,99.9,14.73,1010.78,0.0,4.03 22:21:22 28/09/19
806,99.9,14.725,1010.83,0.0,4.04 22:26:41 28/09/19
799,99.9,14.65,1010.78,0.0,4.04 22:31:56 28/09/19
797,99.9,14.62,1010.86,0.0,4.04 22:37:09 28/09/19
802,99.9,14.545,1010.79,0.0,4.03 22:42:24 28/09/19
749,99.9,14.53,1010.89,0.0,4.03 22:47:38 28/09/19
801,99.9,14.51,1010.84,0.0,4.03 22:52:50 28/09/19
816,99.9,14.440001,1010.89,0.0,4.03 22:58:07 28/09/19
818,99.9,14.365,1010.83,0.0,4.03 23:03:19 28/09/19
830,99.9,14.265,1010.82,0.0,4.03 23:08:32 28/09/19
815,99.9,14.23,1010.83,0.0,4.03 23:13:46 28/09/19
825,99.9,14.135,1010.73,0.0,4.03 23:19:00 28/09/19
835,99.9,14.065,1010.8,0.0,4.03 23:24:15 28/09/19
830,99.9,14.03,1010.68,0.0,4.03 23:29:29 28/09/19
813,99.9,14.035,1010.59,0.0,4.03 23:34:43 28/09/19
840,99.9,14.04,1010.57,0.0,4.03 23:39:58 28/09/19
856,99.9,14.049999,1010.49,0.0,4.03 23:45:12 28/09/19
842,99.9,14.13,1010.44,0.0,4.02 23:50:31 28/09/19
860,99.9,14.155001,1010.44,0.0,4.02 23:55:49 28/09/19
