14,99.9,1.885,1019.86,0.0,3.97 00:03:39 01/12/19
15,99.9,1.88,1019.87,0.0,3.96 00:08:56 01/12/19
15,99.9,1.88,1020.1,0.0,3.96 00:14:16 01/12/19
13,99.9,1.885,1020.24,0.0,3.97 00:19:33 01/12/19
15,99.9,1.88,1020.2,0.0,3.96 00:24:46 01/12/19
15,99.9,1.87,1020.22,0.0,3.96 00:29:58 01/12/19
14,99.9,1.7950001,1020.1,0.0,3.96 00:35:11 01/12/19
14,99.9,1.77,1019.97,0.0,3.96 00:40:22 01/12/19
13,99.9,1.6949999,1019.82,0.0,3.96 00:45:36 01/12/19
11,99.9,1.63,1019.79,0.0,3.96 00:50:48 01/12/19
12,99.9,1.61,1019.63,0.0,3.96 00:56:00 01/12/19
12,99.9,1.6,1019.71,0.0,3.96 01:01:13 01/12/19
12,99.9,1.6,1019.72,0.0,3.96 01:06:26 01/12/19
13,99.9,1.595,1019.73,0.0,3.96 01:11:37 01/12/19
12,99.9,1.59,1019.8,0.0,3.96 01:16:50 01/12/19
13,99.9,1.585,1019.81,0.0,3.96 01:22:02 01/12/19
13,99.9,1.58,1019.62,0.0,3.96 01:27:19 01/12/19
12,99.9,1.58,1019.49,0.0,3.96 01:32:35 01/12/19
12,99.9,1.575,1019.57,0.0,3.96 01:37:48 01/12/19
12,99.9,1.57,1019.44,0.0,3.96 01:43:00 01/12/19
12,99.9,1.57,1019.53,0.0,3.96 01:48:16 01/12/19
13,99.9,1.58,1019.32,0.0,3.96 01:53:33 01/12/19
11,99.9,1.575,1019.44,0.0,3.96 01:58:46 01/12/19
12,99.9,1.575,1019.35,0.0,3.96 02:03:58 01/12/19
12,99.9,1.57,1019.5,0.0,3.96 02:09:10 01/12/19
12,99.9,1.585,1019.48,0.0,3.96 02:14:23 01/12/19
13,99.9,1.585,1019.28,0.0,3.96 02:19:35 01/12/19
13,99.9,1.585,1019.37,0.0,3.96 02:24:48 01/12/19
12,99.9,1.585,1019.45,0.0,3.96 02:30:00 01/12/19
12,99.9,1.58,1019.43,0.0,3.96 02:35:13 01/12/19
11,99.9,1.5250001,1019.57,0.0,3.96 02:40:25 01/12/19
12,99.9,1.5150001,1019.41,0.0,3.96 02:45:35 01/12/19
11,99.9,1.5,1019.45,0.0,3.95 02:50:50 01/12/19
11,99.9,1.4949999,1019.4,0.0,3.95 02:56:03 01/12/19
11,99.9,1.49,1019.4,0.0,3.95 03:01:17 01/12/19
12,99.9,1.49,1019.27,0.0,3.95 03:06:27 01/12/19
12,99.9,1.4849999,1019.3,0.0,3.95 03:11:39 01/12/19
12,99.9,1.4849999,1019.22,0.0,3.95 03:16:51 01/12/19
13,99.9,1.43,1019.24,0.0,3.95 03:22:04 01/12/19
12,99.9,1.4849999,1019.18,0.0,3.95 03:27:16 01/12/19
13,99.9,1.4849999,1019.21,0.0,3.95 03:32:27 01/12/19
11,99.9,1.4849999,1019.16,0.0,3.95 03:37:41 01/12/19
12,99.9,1.48,1019.06,0.0,3.95 03:42:52 01/12/19
12,99.9,1.48,1019.0,0.0,3.95 03:48:10 01/12/19
13,99.9,1.4849999,1018.99,0.0,3.94 03:53:30 01/12/19
12,99.9,1.48,1018.78,0.0,3.95 03:58:46 01/12/19
12,99.9,1.42,1018.53,0.0,3.95 04:04:00 01/12/19
12,99.9,1.47,1018.37,0.0,3.94 04:09:16 01/12/19
12,99.9,1.425,1018.37,0.0,3.95 04:14:34 01/12/19
12,99.9,1.415,1018.4,0.0,3.95 04:19:45 01/12/19
11,99.9,1.415,1018.38,0.0,3.95 04:24:58 01/12/19
12,99.9,1.405,1018.19,0.0,3.94 04:30:11 01/12/19
12,99.9,1.385,1018.29,0.0,3.95 04:35:22 01/12/19
12,99.9,1.38,1018.36,0.0,3.94 04:40:33 01/12/19
11,99.9,1.3,1018.21,0.0,3.94 04:45:47 01/12/19
11,99.9,1.285,1017.9,0.0,3.95 04:50:59 01/12/19
12,99.9,1.2049999,1017.93,0.0,3.94 04:56:10 01/12/19
11,99.9,1.19,1018.15,0.0,3.94 05:01:22 01/12/19
11,99.9,1.185,1018.26,0.0,3.94 05:06:37 01/12/19
11,99.9,1.13,1018.2,0.0,3.94 05:11:49 01/12/19
12,99.9,1.115,1018.18,0.0,3.94 05:17:01 01/12/19
11,99.9,1.1,1018.35,0.0,3.94 05:22:14 01/12/19
12,99.9,1.0899999,1018.29,0.0,3.94 05:27:26 01/12/19
12,99.9,1.025,1018.11,0.0,3.94 05:32:36 01/12/19
11,99.9,1.03,1017.88,0.0,3.94 05:37:50 01/12/19
11,99.9,1.015,1017.67,0.0,3.94 05:43:01 01/12/19
11,99.9,1.015,1017.86,0.0,3.94 05:48:15 01/12/19
12,99.9,1.025,1017.75,0.0,3.94 05:53:27 01/12/19
13,99.9,1.065,1017.83,0.0,3.94 05:58:40 01/12/19
13,99.9,1.025,1017.89,0.0,3.94 06:03:52 01/12/19
12,99.9,1.025,1017.62,0.0,3.94 06:09:05 01/12/19
14,99.9,1.025,1017.51,0.0,3.94 06:14:15 01/12/19
12,99.9,1.03,1017.54,0.0,3.94 06:19:29 01/12/19
13,99.9,1.0799999,1017.64,0.0,3.94 06:24:41 01/12/19
12,99.9,1.095,1017.6,0.0,3.94 06:29:52 01/12/19
11,99.9,1.1,1017.53,0.0,3.94 06:35:06 01/12/19
13,99.9,1.115,1017.37,0.0,3.93 06:40:19 01/12/19
12,99.9,1.1700001,1017.45,0.0,3.94 06:45:31 01/12/19
12,99.9,1.19,1017.42,0.0,3.94 06:50:42 01/12/19
13,99.9,1.1949999,1017.39,0.0,3.94 06:55:56 01/12/19
12,99.9,1.2049999,1017.29,0.0,3.93 07:01:08 01/12/19
14,99.9,1.215,1017.3,0.0,3.93 07:06:20 01/12/19
14,99.9,1.295,1017.36,0.0,3.93 07:11:36 01/12/19
15,99.9,1.305,1017.46,0.0,3.93 07:16:52 01/12/19
15,99.9,1.325,1017.51,0.0,3.93 07:22:06 01/12/19
14,99.9,1.375,1017.47,0.0,3.93 07:27:19 01/12/19
15,99.9,1.38,1017.47,0.02,3.93 07:32:30 01/12/19
16,99.9,1.385,1017.49,0.05,3.93 07:37:43 01/12/19
17,99.9,1.385,1017.57,0.11,3.93 07:42:53 01/12/19
20,99.9,1.38,1017.53,0.23,3.93 07:48:07 01/12/19
23,99.9,1.375,1017.46,0.47,3.93 07:53:20 01/12/19
30,99.9,1.38,1017.56,0.89,3.92 07:58:32 01/12/19
45,99.9,1.38,1017.48,1.61,3.93 08:03:45 01/12/19
64,99.9,1.385,1017.56,2.35,3.93 08:08:58 01/12/19
87,99.9,1.385,1017.64,3.0,3.93 08:14:09 01/12/19
113,99.9,1.385,1017.64,3.55,3.93 08:19:26 01/12/19
137,99.9,1.4,1017.67,3.94,3.93 08:24:43 01/12/19
158,99.9,1.395,1017.58,4.03,3.93 08:29:55 01/12/19
187,99.9,1.4,1017.69,4.13,3.93 08:35:07 01/12/19
211,99.9,1.405,1017.73,4.23,3.93 08:40:20 01/12/19
236,99.9,1.4649999,1017.77,4.64,3.93 08:45:31 01/12/19
262,99.9,1.43,1017.88,5.0,3.93 08:50:44 01/12/19
288,99.9,1.4849999,1017.93,5.0,3.93 08:55:57 01/12/19
303,99.9,1.5,1017.95,5.0,3.94 09:01:10 01/12/19
328,99.9,1.51,1018.02,4.94,3.94 09:06:22 01/12/19
333,99.9,1.52,1018.04,5.0,3.94 09:11:35 01/12/19
343,99.9,1.58,1018.01,5.0,3.94 09:16:44 01/12/19
360,99.9,1.59,1017.99,4.07,3.94 09:22:04 01/12/19
366,99.9,1.605,1017.95,5.0,3.95 09:27:19 01/12/19
386,99.9,1.62,1017.96,5.0,3.95 09:32:32 01/12/19
398,99.9,1.63,1018.0,5.0,3.94 09:37:48 01/12/19
401,99.9,1.6949999,1017.98,5.0,3.96 09:43:06 01/12/19
411,99.9,1.7149999,1018.08,4.01,3.96 09:48:17 01/12/19
425,99.9,1.7900001,1018.17,5.0,3.96 09:53:28 01/12/19
428,99.9,1.855,1018.25,4.9,3.96 09:58:51 01/12/19
440,99.9,1.885,1018.29,5.0,3.96 10:04:03 01/12/19
448,99.9,1.9649999,1018.3,5.0,3.97 10:09:16 01/12/19
457,99.9,1.9849999,1018.41,4.06,3.99 10:14:29 01/12/19
476,99.9,2.075,1018.36,5.0,3.99 10:19:41 01/12/19
496,99.9,2.1,1018.37,5.0,4.0 10:24:54 01/12/19
500,99.9,2.19,1018.32,4.16,3.99 10:30:05 01/12/19
497,99.9,2.2649999,1018.36,5.0,4.01 10:35:21 01/12/19
496,99.9,2.305,1018.61,5.0,4.01 10:40:30 01/12/19
500,99.9,2.38,1018.68,4.08,4.02 10:45:41 01/12/19
503,99.9,2.405,1018.68,4.34,4.02 10:50:59 01/12/19
505,99.9,2.485,1018.64,5.0,4.03 10:56:16 01/12/19
510,99.9,2.5700002,1018.71,4.16,4.02 11:01:33 01/12/19
513,99.9,2.605,1018.79,4.18,4.05 11:06:50 01/12/19
521,99.9,2.675,1018.83,5.0,4.06 11:12:02 01/12/19
526,99.9,2.6999998,1018.9,4.86,4.07 11:17:13 01/12/19
534,99.9,2.7849998,1019.03,4.15,4.08 11:22:30 01/12/19
536,99.9,2.87,1018.92,4.15,4.08 11:27:40 01/12/19
532,99.9,2.97,1018.86,4.22,4.1 11:32:57 01/12/19
525,99.9,3.0549998,1018.86,4.21,4.09 11:38:13 01/12/19
525,99.9,3.08,1018.89,4.85,4.13 11:43:26 01/12/19
528,99.9,3.155,1018.85,4.22,4.14 11:48:38 01/12/19
531,99.9,3.1799998,1018.9,4.25,4.12 11:53:51 01/12/19
529,99.9,3.255,1018.85,5.0,4.13 11:59:04 01/12/19
526,99.9,3.27,1018.75,4.72,4.12 12:04:15 01/12/19
523,99.9,3.29,1018.74,5.0,4.13 12:09:29 01/12/19
519,99.9,3.305,1018.66,5.0,4.12 12:14:41 01/12/19
515,99.9,3.365,1018.58,5.0,4.13 12:19:54 01/12/19
510,99.9,3.38,1018.5,5.0,4.13 12:25:06 01/12/19
508,99.9,3.385,1018.56,5.0,4.13 12:30:19 01/12/19
510,99.9,3.3899999,1018.55,4.39,4.11 12:35:33 01/12/19
515,99.9,3.4050002,1018.52,4.17,4.13 12:40:44 01/12/19
484,99.9,3.415,1018.49,4.17,4.13 12:45:57 01/12/19
511,99.9,3.47,1018.39,5.0,4.13 12:51:09 01/12/19
502,99.9,3.48,1018.28,5.0,4.13 12:56:22 01/12/19
491,99.9,3.54,1018.31,4.17,4.13 13:01:38 01/12/19
478,99.9,3.505,1018.29,5.0,4.13 13:06:59 01/12/19
468,99.9,3.57,1018.24,4.22,4.14 13:12:22 01/12/19
459,99.9,3.58,1018.23,5.0,4.14 13:17:38 01/12/19
457,99.9,3.575,1018.22,4.17,4.14 13:22:50 01/12/19
456,99.9,3.52,1018.24,5.0,4.13 13:28:06 01/12/19
453,99.9,3.525,1018.19,4.26,4.14 13:33:23 01/12/19
447,99.9,3.565,1018.09,4.95,4.13 13:38:40 01/12/19
443,99.9,3.525,1018.1,5.0,4.14 13:43:58 01/12/19
446,99.9,3.56,1018.06,5.0,4.13 13:49:10 01/12/19
454,99.9,3.505,1018.02,4.18,4.14 13:54:23 01/12/19
458,99.9,3.56,1017.93,4.22,4.14 13:59:36 01/12/19
460,99.9,3.515,1017.98,4.28,4.14 14:04:49 01/12/19
455,99.9,3.58,1018.01,4.83,4.14 14:10:01 01/12/19
452,99.9,3.565,1017.99,4.22,4.14 14:15:13 01/12/19
452,99.9,3.53,1017.97,5.0,4.13 14:20:31 01/12/19
455,99.9,3.595,1017.99,4.18,4.14 14:25:48 01/12/19
441,99.9,3.6,1018.03,5.0,4.12 14:31:04 01/12/19
438,99.9,3.655,1018.06,5.0,4.13 14:36:23 01/12/19
431,99.9,3.62,1018.03,5.0,4.14 14:41:32 01/12/19
416,99.9,3.615,1018.01,5.0,4.14 14:46:46 01/12/19
409,99.9,3.615,1018.02,5.0,4.13 14:52:05 01/12/19
396,99.9,3.6699998,1018.05,5.0,4.15 14:57:23 01/12/19
389,99.9,3.665,1017.99,5.0,4.14 15:02:39 01/12/19
382,99.9,3.605,1017.96,5.0,4.15 15:07:52 01/12/19
372,99.9,3.6,1017.88,5.0,4.13 15:13:11 01/12/19
372,99.9,3.59,1017.85,5.0,4.14 15:18:28 01/12/19
358,99.9,3.575,1017.91,4.69,4.15 15:23:40 01/12/19
356,99.9,3.51,1017.82,4.3,4.14 15:28:53 01/12/19
348,99.9,3.505,1017.91,5.0,4.15 15:34:05 01/12/19
343,99.9,3.4950001,1017.98,4.18,4.14 15:39:18 01/12/19
329,99.9,3.48,1018.1,5.0,4.14 15:44:29 01/12/19
322,99.9,3.4650002,1018.14,5.0,4.13 15:49:47 01/12/19
314,99.9,3.4050002,1018.12,4.79,4.13 15:55:04 01/12/19
295,99.9,3.3899999,1018.09,5.0,4.13 16:00:16 01/12/19
286,99.9,3.375,1018.26,4.77,4.12 16:05:29 01/12/19
268,99.9,3.31,1018.27,4.92,4.11 16:10:42 01/12/19
246,99.9,3.2849998,1018.24,5.0,4.11 16:15:55 01/12/19
224,99.9,3.215,1018.18,4.8,4.1 16:21:06 01/12/19
197,99.9,3.19,1018.18,4.49,4.1 16:26:17 01/12/19
171,99.9,3.125,1018.24,4.19,4.09 16:31:30 01/12/19
141,99.9,3.1100001,1018.35,4.15,4.09 16:36:42 01/12/19
115,99.9,3.085,1018.36,3.96,4.08 16:41:57 01/12/19
83,99.9,3.015,1018.47,3.29,4.07 16:47:08 01/12/19
59,99.9,2.995,1018.46,2.5,4.07 16:52:20 01/12/19
46,99.9,2.975,1018.6,1.61,4.06 16:57:34 01/12/19
38,99.9,2.895,1018.75,0.94,4.06 17:02:48 01/12/19
36,99.9,2.8899999,1018.75,0.53,4.05 17:08:03 01/12/19
31,99.9,2.885,1018.79,0.26,4.05 17:13:21 01/12/19
30,99.9,2.88,1018.91,0.12,4.05 17:18:34 01/12/19
31,99.9,2.88,1019.02,0.06,4.04 17:23:50 01/12/19
30,99.9,2.8899999,1019.09,0.02,4.04 17:29:10 01/12/19
29,99.9,2.9,1019.17,0.01,4.04 17:34:31 01/12/19
28,99.9,2.895,1019.12,0.0,4.03 17:39:53 01/12/19
25,99.9,2.905,1019.26,0.0,4.03 17:45:11 01/12/19
27,99.9,2.9099998,1019.27,0.0,4.03 17:50:22 01/12/19
26,99.9,2.9099998,1019.27,0.0,4.03 17:55:41 01/12/19
55,99.9,2.915,1019.41,0.0,4.03 18:00:56 01/12/19
28,99.9,2.96,1019.6,0.0,4.03 18:06:09 01/12/19
23,99.9,2.9099998,1019.6,0.0,4.02 18:11:21 01/12/19
24,99.9,2.8899999,1019.71,0.0,4.02 18:16:42 01/12/19
24,99.9,2.8899999,1019.78,0.0,4.02 18:21:53 01/12/19
24,99.9,2.885,1019.75,0.0,4.02 18:27:11 01/12/19
27,99.9,2.875,1019.88,0.0,4.02 18:32:29 01/12/19
27,99.9,2.865,1019.91,0.0,4.02 18:37:40 01/12/19
26,99.9,2.795,1020.04,0.0,4.01 18:42:53 01/12/19
26,99.9,2.79,1020.15,0.0,4.01 18:48:06 01/12/19
25,99.9,2.7849998,1020.26,0.0,4.01 18:53:21 01/12/19
25,99.9,2.775,1020.28,0.0,4.01 18:58:39 01/12/19
26,99.9,2.77,1020.38,0.0,4.01 19:03:51 01/12/19
24,99.9,2.6999998,1020.51,0.0,4.01 19:09:04 01/12/19
24,99.9,2.6799998,1020.5,0.0,4.01 19:14:16 01/12/19
23,99.9,2.62,1020.55,0.0,4.0 19:19:29 01/12/19
23,99.9,2.6,1020.55,0.0,4.01 19:24:42 01/12/19
22,99.9,2.515,1020.48,0.0,4.01 19:29:54 01/12/19
22,99.9,2.49,1020.57,0.0,4.0 19:35:05 01/12/19
24,99.9,2.47,1020.62,0.0,4.0 19:40:24 01/12/19
24,99.9,2.4,1020.64,0.0,4.0 19:45:40 01/12/19
23,99.9,2.375,1020.63,0.0,4.0 19:50:52 01/12/19
24,99.9,2.3000002,1020.61,0.0,4.0 19:56:05 01/12/19
25,99.9,2.22,1020.63,0.0,4.0 20:01:17 01/12/19
25,99.9,2.195,1020.72,0.0,4.0 20:06:28 01/12/19
25,99.9,2.1100001,1020.61,0.0,3.99 20:11:46 01/12/19
25,99.9,2.03,1020.68,0.0,3.99 20:17:03 01/12/19
25,99.9,2.0,1020.75,0.0,3.99 20:22:20 01/12/19
26,99.9,1.9,1020.74,0.0,3.99 20:27:36 01/12/19
24,99.9,1.865,1020.77,0.0,3.99 20:32:49 01/12/19
24,99.9,1.72,1020.9,0.0,3.99 20:38:01 01/12/19
25,99.9,1.675,1020.95,0.0,3.99 20:43:18 01/12/19
26,99.9,1.575,1021.01,0.0,3.99 20:48:38 01/12/19
26,99.9,1.43,1021.19,0.0,3.98 20:53:55 01/12/19
26,99.9,1.38,1021.15,0.0,3.99 20:59:08 01/12/19
27,99.9,1.295,1021.25,0.0,3.98 21:04:24 01/12/19
26,99.9,1.2,1021.25,0.0,3.98 21:09:42 01/12/19
25,99.9,1.115,1021.22,0.0,3.98 21:14:53 01/12/19
27,99.9,1.0799999,1021.36,0.0,3.98 21:20:08 01/12/19
26,99.9,0.995,1021.44,0.0,3.98 21:25:19 01/12/19
26,99.9,0.97499996,1021.47,0.0,3.98 21:30:30 01/12/19
27,99.9,0.905,1021.37,0.0,3.98 21:35:47 01/12/19
25,99.9,0.89,1021.45,0.0,3.98 21:41:04 01/12/19
40,99.9,0.81,1021.52,0.0,3.98 21:46:16 01/12/19
24,99.9,0.79,1021.52,0.0,3.97 21:51:29 01/12/19
24,99.9,0.72,1021.59,0.0,3.98 21:56:38 01/12/19
24,99.9,0.69,1021.63,0.0,3.98 22:01:53 01/12/19
24,99.9,0.61,1021.65,0.0,3.97 22:07:05 01/12/19
23,99.9,0.605,1021.8,0.0,3.98 22:12:16 01/12/19
25,99.9,0.59,1021.85,0.0,3.97 22:17:29 01/12/19
26,99.9,0.585,1021.92,0.0,3.97 22:22:42 01/12/19
28,99.9,0.6,1022.0,0.0,3.97 22:27:54 01/12/19
28,99.9,0.68,1022.0,0.0,3.97 22:33:06 01/12/19
26,99.9,0.71000004,1022.05,0.0,3.97 22:38:18 01/12/19
26,99.9,0.795,1022.19,0.0,3.97 22:43:31 01/12/19
28,99.9,0.88,1022.22,0.0,3.97 22:48:44 01/12/19
26,99.9,0.91499996,1022.19,0.0,3.97 22:53:55 01/12/19
25,99.9,0.99,1022.23,0.0,3.97 22:59:06 01/12/19
27,99.9,1.015,1022.19,0.0,3.97 23:04:21 01/12/19
25,99.9,1.0899999,1022.25,0.0,3.96 23:09:32 01/12/19
27,99.9,1.115,1022.28,0.0,3.96 23:14:45 01/12/19
27,99.9,1.19,1022.27,0.0,3.96 23:19:58 01/12/19
26,99.9,1.255,1022.21,0.0,3.97 23:25:09 01/12/19
24,99.9,1.275,1022.29,0.0,3.96 23:30:21 01/12/19
31,99.9,1.29,1022.21,0.0,3.96 23:35:42 01/12/19
26,99.9,1.365,1022.3,0.0,3.96 23:40:55 01/12/19
28,99.9,1.38,1022.36,0.0,3.96 23:46:07 01/12/19
26,99.9,1.375,1022.31,0.0,3.96 23:51:20 01/12/19
25,99.9,1.375,1022.27,0.0,3.96 23:56:31 01/12/19
