50,99.9,4.795,1002.09,0.07,3.97 00:01:41 12/12/19
33,99.9,4.7749996,1001.99,0.06,3.97 00:06:53 12/12/19
32,99.9,4.705,1001.82,0.03,3.97 00:12:05 12/12/19
36,99.9,4.625,1001.8,0.03,3.97 00:17:18 12/12/19
37,99.9,4.6099997,1001.84,0.06,3.97 00:22:31 12/12/19
46,99.9,4.585,1001.76,0.06,3.97 00:27:44 12/12/19
51,99.9,4.58,1001.81,0.06,3.97 00:32:56 12/12/19
56,99.9,4.5150003,1001.78,0.02,3.97 00:38:09 12/12/19
54,99.9,4.51,1001.69,0.02,3.97 00:43:22 12/12/19
38,99.9,4.525,1001.69,0.03,3.97 00:48:43 12/12/19
30,99.9,4.605,1001.62,0.05,3.97 00:53:54 12/12/19
44,99.9,4.625,1001.66,0.03,3.97 00:59:09 12/12/19
46,99.9,4.69,1001.58,0.02,3.97 01:04:21 12/12/19
48,99.9,4.705,1001.64,0.07,3.97 01:09:34 12/12/19
74,99.9,4.715,1001.68,0.02,3.97 01:14:47 12/12/19
58,99.9,4.7749996,1001.62,0.02,3.96 01:19:59 12/12/19
51,99.9,4.79,1001.59,0.02,3.97 01:25:15 12/12/19
49,99.9,4.8149996,1001.5,0.05,3.97 01:30:25 12/12/19
85,99.9,4.885,1001.44,0.04,3.96 01:35:38 12/12/19
82,99.9,4.9,1001.39,0.06,3.97 01:40:51 12/12/19
52,99.9,4.965,1001.37,0.05,3.97 01:46:03 12/12/19
58,99.9,4.9700003,1001.39,0.02,3.96 01:51:17 12/12/19
33,99.9,4.99,1001.45,0.05,3.97 01:56:29 12/12/19
79,99.9,5.0699997,1001.41,0.03,3.97 02:01:42 12/12/19
35,99.9,5.16,1001.36,0.03,3.97 02:06:54 12/12/19
40,99.9,5.175,1001.37,0.02,3.97 02:12:07 12/12/19
39,99.9,5.1800003,1001.33,0.03,3.96 02:17:19 12/12/19
38,99.9,5.185,1001.37,0.05,3.96 02:22:31 12/12/19
73,99.9,5.185,1001.32,0.04,3.96 02:27:49 12/12/19
72,99.9,5.19,1001.42,0.03,3.96 02:33:11 12/12/19
82,99.9,5.1800003,1001.48,0.04,3.96 02:38:29 12/12/19
66,99.9,5.115,1001.53,0.04,3.96 02:43:39 12/12/19
79,99.9,5.09,1001.45,0.03,3.96 02:48:54 12/12/19
68,99.9,5.09,1001.46,0.02,3.96 02:54:06 12/12/19
67,99.9,5.0950003,1001.48,0.03,3.96 02:59:17 12/12/19
73,99.9,5.085,1001.46,0.04,3.96 03:04:31 12/12/19
81,99.9,5.075,1001.38,0.04,3.96 03:09:45 12/12/19
77,99.9,5.08,1001.4,0.02,3.96 03:15:01 12/12/19
50,99.9,5.085,1001.3,0.02,3.96 03:20:19 12/12/19
73,99.9,5.1099997,1001.31,0.03,3.96 03:25:32 12/12/19
73,99.9,5.12,1001.3,0.05,3.96 03:30:47 12/12/19
65,99.9,5.1800003,1001.25,0.04,3.96 03:35:57 12/12/19
38,99.9,5.175,1001.36,0.04,3.96 03:41:09 12/12/19
39,99.9,5.165,1001.33,0.01,3.96 03:46:23 12/12/19
41,99.9,5.1,1001.38,0.0,3.96 03:51:39 12/12/19
39,99.9,5.105,1001.41,0.0,3.96 03:56:57 12/12/19
38,99.9,5.1099997,1001.38,0.0,3.96 04:02:10 12/12/19
47,99.9,5.175,1001.39,0.0,3.96 04:07:22 12/12/19
46,99.9,5.19,1001.35,0.0,3.96 04:12:42 12/12/19
72,99.9,5.265,1001.37,0.0,3.96 04:17:57 12/12/19
42,99.9,5.2749996,1001.44,0.01,3.96 04:23:13 12/12/19
39,99.9,5.3,1001.51,0.01,3.96 04:28:30 12/12/19
39,99.9,5.305,1001.49,0.01,3.96 04:33:43 12/12/19
54,99.9,5.355,1001.45,0.03,3.96 04:38:56 12/12/19
75,99.9,5.36,1001.4,0.03,3.96 04:44:14 12/12/19
39,99.9,5.36,1001.49,0.02,3.96 04:49:29 12/12/19
42,99.9,5.29,1001.44,0.02,3.96 04:54:43 12/12/19
67,99.9,5.26,1001.38,0.0,3.96 04:59:56 12/12/19
39,99.9,5.1949997,1001.44,0.01,3.96 05:05:09 12/12/19
42,99.9,5.185,1001.42,0.01,3.96 05:10:21 12/12/19
85,99.9,5.175,1001.4,0.0,3.96 05:15:34 12/12/19
81,99.9,5.1800003,1001.4,0.0,3.96 05:20:47 12/12/19
65,99.9,5.1800003,1001.38,0.0,3.95 05:26:05 12/12/19
78,99.9,5.1800003,1001.38,0.0,3.96 05:31:21 12/12/19
59,99.9,5.1800003,1001.38,0.0,3.95 05:36:35 12/12/19
40,99.9,5.1800003,1001.42,0.0,3.95 05:41:45 12/12/19
44,99.9,5.175,1001.36,0.0,3.95 05:47:00 12/12/19
61,99.9,5.175,1001.3,0.01,3.96 05:52:12 12/12/19
74,99.9,5.115,1001.28,0.0,3.95 05:57:25 12/12/19
77,99.9,5.085,1001.36,0.0,3.95 06:02:39 12/12/19
58,99.9,5.0150003,1001.37,0.0,3.95 06:07:49 12/12/19
80,99.9,4.945,1001.36,0.0,3.95 06:13:07 12/12/19
69,99.9,4.915,1001.33,0.0,3.95 06:18:25 12/12/19
49,99.9,4.835,1001.44,0.0,3.95 06:23:42 12/12/19
40,99.9,4.8149996,1001.45,0.0,3.95 06:28:58 12/12/19
57,99.9,4.7799997,1001.42,0.0,3.95 06:34:11 12/12/19
45,99.9,4.6949997,1001.51,0.0,3.94 06:39:38 12/12/19
71,99.9,4.625,1001.47,0.0,3.95 06:44:58 12/12/19
41,99.9,4.5299997,1001.48,0.0,3.95 06:50:13 12/12/19
56,99.9,4.495,1001.46,0.0,3.95 06:55:29 12/12/19
58,99.9,4.41,1001.41,0.0,3.94 07:00:40 12/12/19
75,99.9,4.39,1001.45,0.0,3.94 07:06:05 12/12/19
49,99.9,4.38,1001.5,0.0,3.94 07:11:23 12/12/19
47,99.9,4.295,1001.54,0.0,3.95 07:16:34 12/12/19
43,99.9,4.205,1001.48,0.0,3.94 07:21:49 12/12/19
77,99.9,4.12,1001.56,0.0,3.94 07:27:05 12/12/19
49,99.9,4.0950003,1001.56,0.0,3.94 07:32:22 12/12/19
79,99.9,4.0150003,1001.51,0.02,3.94 07:37:39 12/12/19
49,99.9,3.99,1001.53,0.05,3.94 07:42:57 12/12/19
45,99.9,3.9099998,1001.43,0.12,3.94 07:48:09 12/12/19
52,99.9,3.8249998,1001.37,0.24,3.94 07:53:21 12/12/19
44,99.9,3.7849998,1001.43,0.51,3.94 07:58:35 12/12/19
58,99.9,3.715,1001.41,0.99,3.94 08:03:47 12/12/19
62,99.9,3.695,1001.45,1.77,3.94 08:08:57 12/12/19
90,99.9,3.635,1001.46,2.77,3.94 08:14:10 12/12/19
98,99.9,3.625,1001.46,3.74,3.94 08:19:25 12/12/19
194,99.9,4.165,1001.34,4.51,3.91 08:38:59 12/12/19
221,99.9,3.99,1001.42,5.0,3.92 08:44:12 12/12/19
243,99.9,3.7649999,1001.36,4.07,3.93 08:49:23 12/12/19
281,99.9,3.675,1001.29,5.0,3.93 08:54:41 12/12/19
300,99.9,3.605,1001.23,4.3,3.93 09:00:07 12/12/19
311,99.9,3.6,1001.2,5.0,3.93 09:05:19 12/12/19
311,99.9,3.52,1001.21,4.79,3.95 09:10:30 12/12/19
334,99.9,3.5,1001.25,4.32,3.95 09:15:44 12/12/19
361,99.9,3.5,1001.23,5.0,3.95 09:20:58 12/12/19
414,99.9,3.51,1001.21,5.0,3.98 09:26:21 12/12/19
421,99.9,3.585,1001.23,4.41,4.02 09:31:39 12/12/19
441,99.9,3.6699998,1001.29,4.13,4.02 09:36:52 12/12/19
378,99.9,3.705,1001.23,4.13,4.02 09:42:05 12/12/19
398,99.9,3.8649998,1001.17,4.75,3.99 09:47:15 12/12/19
394,99.9,3.9,1001.2,5.0,4.01 09:52:30 12/12/19
385,99.9,3.98,1001.21,5.0,4.01 09:57:42 12/12/19
402,99.9,3.9950001,1001.09,4.27,4.0 10:02:54 12/12/19
433,99.9,3.9950001,1001.08,4.54,4.03 10:08:08 12/12/19
461,99.9,4.0150003,1001.0,4.14,4.07 10:13:24 12/12/19
429,99.9,4.085,1000.97,4.86,4.05 10:18:45 12/12/19
404,99.9,4.115,1000.96,5.0,4.04 10:24:03 12/12/19
458,99.9,4.1949997,1000.94,4.16,4.05 10:29:15 12/12/19
461,99.9,4.23,1000.84,4.14,4.05 10:34:39 12/12/19
454,99.9,4.375,1000.84,4.17,4.06 10:39:49 12/12/19
450,99.9,4.415,1000.77,5.0,4.06 10:45:03 12/12/19
432,99.9,4.505,1000.72,5.0,4.08 10:50:15 12/12/19
460,99.9,4.6,1000.62,4.42,4.1 10:55:27 12/12/19
433,99.9,4.635,1000.52,4.22,4.11 11:00:38 12/12/19
405,99.9,4.705,1000.48,4.51,4.09 11:05:53 12/12/19
421,99.9,4.7200003,1000.35,4.58,4.11 11:11:06 12/12/19
427,99.9,4.8,1000.23,4.26,4.13 11:16:18 12/12/19
415,99.9,4.875,1000.04,5.0,4.14 11:21:29 12/12/19
420,99.9,4.9,999.94,4.5,4.13 11:26:57 12/12/19
415,99.9,4.9700003,999.87,5.0,4.15 11:32:14 12/12/19
418,99.9,5.0,999.79,4.17,4.12 11:37:27 12/12/19
454,99.9,5.0150003,999.67,4.23,4.14 11:42:51 12/12/19
465,99.9,5.0150003,999.66,4.28,4.15 11:43:05 12/12/19
441,99.9,5.79,999.27,4.62,4.17 12:02:40 12/12/19
451,99.9,5.685,999.11,4.37,4.15 12:07:53 12/12/19
420,99.9,5.56,998.98,4.23,4.13 12:13:08 12/12/19
445,99.9,5.575,999.02,4.24,4.16 12:18:18 12/12/19
456,99.9,5.6099997,999.01,4.33,4.17 12:23:33 12/12/19
432,99.9,5.675,998.83,4.23,4.15 12:28:44 12/12/19
492,99.9,5.69,998.75,4.25,4.17 12:33:56 12/12/19
482,99.9,5.7,998.68,4.74,4.15 12:39:09 12/12/19
475,99.9,5.7799997,998.61,4.27,4.16 12:44:22 12/12/19
481,99.9,5.725,998.46,4.46,4.2 12:49:45 12/12/19
468,99.9,5.8,998.37,4.22,4.16 12:54:58 12/12/19
530,99.9,5.785,998.18,5.0,4.22 13:00:11 12/12/19
530,99.9,5.8149996,998.09,5.0,4.22 13:05:23 12/12/19
552,99.9,5.91,997.97,5.0,4.22 13:10:34 12/12/19
536,99.9,6.005,997.74,5.0,4.22 13:15:50 12/12/19
508,99.9,6.255,997.63,5.0,4.22 13:21:02 12/12/19
558,99.9,6.385,997.51,5.0,4.23 13:26:14 12/12/19
509,99.9,6.5,997.33,5.0,4.22 13:31:29 12/12/19
414,99.9,6.585,997.24,4.37,4.13 13:36:39 12/12/19
483,99.9,6.49,997.05,4.26,4.15 13:41:53 12/12/19
492,99.9,6.4,996.99,4.32,4.19 13:47:09 12/12/19
471,99.9,6.3900003,996.94,4.74,4.17 13:52:31 12/12/19
523,99.9,6.395,996.79,5.0,4.22 13:57:48 12/12/19
473,99.9,6.345,996.53,4.35,4.19 14:03:03 12/12/19
401,99.9,6.3149996,996.39,5.0,4.13 14:08:19 12/12/19
418,99.9,6.24,996.32,4.22,4.14 14:13:39 12/12/19
423,99.9,6.1400003,996.3,4.26,4.16 14:18:49 12/12/19
438,99.9,6.01,996.16,5.0,4.15 14:24:02 12/12/19
450,99.9,5.94,996.04,5.0,4.15 14:29:13 12/12/19
447,99.9,5.855,995.89,5.0,4.14 14:34:33 12/12/19
402,99.9,5.835,995.76,5.0,4.13 14:39:49 12/12/19
405,99.9,5.725,995.56,4.79,4.14 14:45:00 12/12/19
426,99.9,5.635,995.47,4.26,4.14 14:50:15 12/12/19
415,99.9,5.62,995.41,4.75,4.14 14:55:29 12/12/19
399,99.9,5.62,995.29,5.0,4.14 15:00:42 12/12/19
395,99.9,5.635,995.26,5.0,4.14 15:05:54 12/12/19
397,99.9,5.675,995.14,4.33,4.14 15:11:07 12/12/19
360,99.9,5.69,995.08,5.0,4.15 15:16:19 12/12/19
367,99.9,5.69,995.04,5.0,4.14 15:21:30 12/12/19
325,99.9,5.625,994.75,5.0,4.15 15:26:46 12/12/19
307,99.9,5.675,994.68,4.54,4.14 15:31:58 12/12/19
285,99.9,5.605,994.42,5.0,4.13 15:37:15 12/12/19
323,99.9,5.58,994.3,4.46,4.14 15:42:31 12/12/19
326,99.9,5.505,994.34,4.75,4.14 15:47:45 12/12/19
312,99.9,5.5,993.94,4.98,4.15 15:52:58 12/12/19
331,99.9,5.425,993.81,5.0,4.14 15:58:17 12/12/19
281,99.9,5.42,993.65,4.22,4.15 16:03:32 12/12/19
238,99.9,5.405,993.62,5.0,4.13 16:08:53 12/12/19
214,99.9,5.405,993.39,4.52,4.13 16:14:08 12/12/19
212,99.9,5.33,993.45,4.84,4.12 16:19:19 12/12/19
181,99.9,5.29,993.25,4.28,4.11 16:24:33 12/12/19
147,99.9,5.2200003,993.03,4.2,4.11 16:29:46 12/12/19
123,99.9,5.2,992.89,4.22,4.1 16:35:07 12/12/19
103,99.9,5.185,992.67,3.69,4.1 16:40:17 12/12/19
87,99.9,5.1,992.58,3.13,4.08 16:45:45 12/12/19
69,99.9,5.0699997,992.52,2.49,4.08 16:51:01 12/12/19
60,99.9,5.01,992.29,1.61,4.08 16:56:15 12/12/19
55,99.9,4.995,992.06,1.12,4.07 17:01:29 12/12/19
41,99.9,4.94,991.9,0.47,4.07 17:06:44 12/12/19
40,99.9,4.9750004,991.86,0.19,4.07 17:12:03 12/12/19
36,99.9,4.92,991.8,0.07,4.06 17:17:17 12/12/19
32,99.9,4.985,991.52,0.03,4.06 17:22:35 12/12/19
32,99.9,4.985,991.41,0.01,4.06 17:27:50 12/12/19
32,99.9,4.985,991.34,0.0,4.06 17:33:00 12/12/19
35,99.9,4.925,991.2,0.0,4.06 17:38:11 12/12/19
40,99.9,4.98,991.1,0.0,4.05 17:43:27 12/12/19
34,99.9,4.9750004,990.87,0.0,4.05 17:48:37 12/12/19
34,99.9,4.915,990.71,0.0,4.05 17:53:52 12/12/19
33,99.9,4.9,990.55,0.0,4.05 17:59:04 12/12/19
32,99.9,4.895,990.52,0.0,4.04 18:04:17 12/12/19
31,99.9,4.9,990.27,0.0,4.04 18:09:30 12/12/19
32,99.9,4.9700003,990.08,0.0,4.04 18:14:43 12/12/19
30,99.9,4.925,990.0,0.0,4.04 18:19:55 12/12/19
30,99.9,4.985,989.9,0.0,4.04 18:25:07 12/12/19
31,99.9,4.985,989.73,0.0,4.04 18:30:21 12/12/19
30,99.9,5.005,989.56,0.0,4.04 18:35:33 12/12/19
32,99.9,5.025,989.49,0.0,4.04 18:40:47 12/12/19
35,99.9,5.08,989.36,0.0,4.03 18:46:00 12/12/19
41,99.9,5.09,989.21,0.0,4.03 18:51:12 12/12/19
35,99.9,5.105,989.04,0.0,4.03 18:56:25 12/12/19
36,99.9,5.105,988.84,0.0,4.03 19:01:40 12/12/19
34,99.9,5.885,988.48,0.0,3.99 19:21:12 12/12/19
37,99.9,5.615,988.44,0.0,4.0 19:26:25 12/12/19
37,99.9,5.44,988.26,0.0,4.0 19:31:41 12/12/19
60,99.9,5.37,988.18,0.0,4.0 19:37:00 12/12/19
37,99.9,5.285,988.02,0.0,4.0 19:42:15 12/12/19
69,99.9,5.295,987.81,0.0,4.0 19:47:29 12/12/19
72,99.9,5.3,987.69,0.0,4.0 19:52:48 12/12/19
71,99.9,5.305,987.47,0.0,4.0 19:57:59 12/12/19
74,99.9,5.31,987.4,0.0,4.0 20:03:12 12/12/19
72,99.9,5.3149996,987.25,0.0,4.0 20:08:24 12/12/19
73,99.9,5.375,987.08,0.0,4.0 20:13:38 12/12/19
72,99.9,5.395,986.97,0.0,4.0 20:18:52 12/12/19
74,99.9,5.46,986.69,0.0,4.0 20:24:04 12/12/19
64,99.9,5.4700003,986.47,0.01,4.0 20:29:14 12/12/19
69,99.9,5.49,986.43,0.0,4.0 20:34:29 12/12/19
74,99.9,5.565,986.2,0.0,4.0 20:39:43 12/12/19
70,99.9,5.575,986.15,0.01,4.0 20:44:55 12/12/19
75,99.9,5.585,986.0,0.01,4.0 20:50:08 12/12/19
70,99.9,5.605,985.86,0.01,4.0 20:55:24 12/12/19
72,99.9,5.6549997,985.76,0.01,4.0 21:00:42 12/12/19
76,99.9,5.6099997,985.59,0.01,4.0 21:05:55 12/12/19
74,99.9,5.66,985.38,0.01,4.0 21:11:08 12/12/19
74,99.9,5.6549997,985.24,0.01,4.0 21:16:22 12/12/19
74,99.9,5.6,985.03,0.01,3.99 21:21:32 12/12/19
73,99.9,5.5950003,984.92,0.01,4.0 21:26:44 12/12/19
71,99.9,5.5950003,984.86,0.01,4.0 21:32:00 12/12/19
73,99.9,5.6,984.69,0.0,4.0 21:37:12 12/12/19
67,99.9,5.6099997,984.5,0.01,3.99 21:42:25 12/12/19
73,99.9,5.6800003,984.45,0.01,3.99 21:47:39 12/12/19
72,99.9,5.6800003,984.14,0.01,3.99 21:52:50 12/12/19
68,99.9,5.75,984.05,0.0,3.99 21:58:03 12/12/19
72,99.9,5.755,983.97,0.0,3.99 22:03:16 12/12/19
73,99.9,5.77,983.76,0.0,3.99 22:08:28 12/12/19
73,99.9,5.7799997,983.56,0.0,3.99 22:13:42 12/12/19
74,99.9,5.79,983.41,0.0,3.99 22:18:55 12/12/19
76,99.9,5.785,983.19,0.0,3.99 22:24:08 12/12/19
76,99.9,5.8,983.05,0.0,3.99 22:29:21 12/12/19
74,99.9,5.795,982.95,0.0,3.99 22:34:33 12/12/19
76,99.9,5.79,982.73,0.0,3.99 22:39:44 12/12/19
74,99.9,5.73,982.62,0.0,3.99 22:45:00 12/12/19
77,99.9,5.7799997,982.53,0.01,3.98 22:50:13 12/12/19
76,99.9,5.7799997,982.39,0.0,3.99 22:55:25 12/12/19
70,99.9,5.7799997,982.28,0.0,3.98 23:00:38 12/12/19
71,99.9,5.7200003,982.15,0.0,3.99 23:05:51 12/12/19
74,99.9,5.715,981.93,0.0,3.98 23:11:07 12/12/19
71,99.9,5.71,981.73,0.0,3.98 23:16:23 12/12/19
74,99.9,5.725,981.57,0.0,3.98 23:21:42 12/12/19
73,99.9,5.705,981.56,0.0,3.98 23:27:00 12/12/19
74,99.9,5.6949997,981.44,0.0,3.98 23:32:13 12/12/19
73,99.9,5.69,981.25,0.0,3.98 23:37:25 12/12/19
74,99.9,5.6800003,981.1,0.0,3.98 23:42:42 12/12/19
70,99.9,5.6800003,980.98,0.0,3.98 23:48:08 12/12/19
71,99.9,5.67,980.87,0.0,3.98 23:53:19 12/12/19
44,99.9,5.6,980.69,0.0,3.98 23:58:33 12/12/19
