41,99.9,6.035,983.85,0.02,3.93 00:02:34 14/12/19
42,99.9,6.025,983.73,0.0,3.93 00:07:47 14/12/19
43,99.9,6.025,983.68,0.0,3.93 00:13:03 14/12/19
44,99.9,6.02,983.56,0.0,3.93 00:18:20 14/12/19
37,99.9,6.01,983.45,0.0,3.93 00:23:32 14/12/19
35,99.9,6.005,983.35,0.0,3.93 00:28:47 14/12/19
35,99.9,6.01,983.21,0.0,3.93 00:34:01 14/12/19
35,99.9,6.0150003,983.16,0.0,3.93 00:39:14 14/12/19
38,99.9,6.0150003,982.92,0.01,3.93 00:44:26 14/12/19
37,99.9,6.025,982.79,0.0,3.93 00:49:39 14/12/19
40,99.9,6.025,982.71,0.0,3.93 00:54:52 14/12/19
37,99.9,6.035,982.75,0.0,3.92 01:00:08 14/12/19
37,99.9,6.09,982.83,0.0,3.92 01:05:27 14/12/19
37,99.9,6.1,982.69,0.0,3.93 01:10:39 14/12/19
43,99.9,6.115,982.67,0.0,3.93 01:15:50 14/12/19
33,99.9,6.12,982.74,0.01,3.92 01:21:05 14/12/19
35,99.9,6.125,982.52,0.01,3.92 01:26:18 14/12/19
34,99.9,6.125,982.32,0.01,3.92 01:31:31 14/12/19
43,99.9,6.125,982.16,0.01,3.92 01:36:47 14/12/19
46,99.9,6.13,981.94,0.01,3.92 01:42:05 14/12/19
36,99.9,6.12,981.84,0.01,3.92 01:47:18 14/12/19
86,99.9,6.115,981.87,0.01,3.92 01:52:40 14/12/19
47,99.9,6.1800003,981.87,0.01,3.92 01:57:52 14/12/19
44,99.9,6.1800003,981.87,0.0,3.92 02:03:03 14/12/19
38,99.9,6.185,981.98,0.0,3.92 02:08:19 14/12/19
40,99.9,6.1949997,981.87,0.0,3.92 02:13:31 14/12/19
39,99.9,6.21,981.76,0.01,3.92 02:18:45 14/12/19
40,99.9,6.215,981.58,0.01,3.92 02:23:57 14/12/19
42,99.9,6.205,981.41,0.01,3.92 02:29:10 14/12/19
48,99.9,6.215,981.23,0.0,3.92 02:34:23 14/12/19
38,99.9,6.21,981.16,0.0,3.92 02:39:36 14/12/19
46,99.9,6.21,981.15,0.0,3.92 02:44:47 14/12/19
49,99.9,6.2,981.11,0.0,3.92 02:50:01 14/12/19
42,99.9,6.1949997,980.89,0.0,3.92 02:55:14 14/12/19
40,99.9,6.19,980.59,0.0,3.92 03:00:27 14/12/19
41,99.9,6.135,980.29,0.0,3.92 03:05:39 14/12/19
65,99.9,6.125,980.07,0.0,3.92 03:10:53 14/12/19
86,99.9,6.115,979.85,0.0,3.92 03:16:06 14/12/19
43,99.9,6.105,979.76,0.0,3.91 03:21:19 14/12/19
37,99.9,6.1,979.49,0.0,3.92 03:26:30 14/12/19
83,99.9,6.09,979.48,0.0,3.91 03:31:46 14/12/19
77,99.9,6.075,979.35,0.0,3.92 03:36:57 14/12/19
49,99.9,6.075,979.18,0.0,3.91 03:42:10 14/12/19
77,99.9,6.01,978.96,0.0,3.91 03:47:23 14/12/19
72,99.9,6.0150003,978.84,0.0,3.92 03:52:36 14/12/19
89,99.9,6.0150003,978.68,0.0,3.91 03:57:50 14/12/19
81,99.9,6.01,978.67,0.0,3.91 04:03:02 14/12/19
78,99.9,6.0150003,978.59,0.0,3.91 04:08:15 14/12/19
83,99.9,6.0150003,978.71,0.0,3.91 04:13:28 14/12/19
70,99.9,6.01,978.28,0.0,3.91 04:18:39 14/12/19
81,99.9,6.0150003,978.11,0.0,3.92 04:23:54 14/12/19
55,99.9,6.02,978.42,0.0,3.91 04:29:06 14/12/19
45,99.9,6.08,978.26,0.0,3.91 04:34:19 14/12/19
55,99.9,6.085,978.19,0.0,3.91 04:39:32 14/12/19
65,99.9,6.09,978.2,0.0,3.91 04:44:45 14/12/19
82,99.9,6.0950003,978.23,0.0,3.91 04:49:59 14/12/19
77,99.9,6.1099997,978.28,0.0,3.91 04:55:11 14/12/19
58,99.9,6.1800003,978.43,0.0,3.91 05:00:22 14/12/19
76,99.9,6.185,978.74,0.0,3.91 05:05:37 14/12/19
75,99.9,6.2,979.03,0.0,3.91 05:10:50 14/12/19
77,99.9,6.205,979.21,0.01,3.91 05:16:06 14/12/19
48,99.9,6.2799997,979.66,0.01,3.91 05:21:25 14/12/19
80,99.9,6.29,980.07,0.01,3.91 05:26:37 14/12/19
78,99.9,6.305,980.45,0.0,3.91 05:31:50 14/12/19
76,99.9,6.3,980.75,0.0,3.91 05:37:03 14/12/19
67,99.9,6.29,981.16,0.0,3.91 05:42:20 14/12/19
53,99.9,6.285,981.6,0.01,3.91 05:47:38 14/12/19
40,99.9,6.2200003,981.91,0.0,3.91 05:52:51 14/12/19
42,99.9,6.21,982.16,0.0,3.91 05:58:03 14/12/19
49,99.9,6.205,982.19,0.0,3.91 06:03:14 14/12/19
50,99.9,6.2,982.36,0.01,3.91 06:08:29 14/12/19
55,99.9,6.1949997,982.59,0.0,3.91 06:13:46 14/12/19
52,99.9,6.1800003,982.81,0.0,3.91 06:19:02 14/12/19
55,99.9,6.1099997,983.11,0.01,3.91 06:24:14 14/12/19
62,99.9,6.0299997,983.58,0.0,3.91 06:29:29 14/12/19
44,99.9,6.0150003,983.71,0.01,3.91 06:34:42 14/12/19
42,99.9,6.005,983.9,0.0,3.91 06:39:55 14/12/19
73,99.9,5.945,984.15,0.0,3.91 06:45:08 14/12/19
81,99.9,5.9300003,984.41,0.0,3.91 06:50:20 14/12/19
81,99.9,5.9350004,984.78,0.0,3.91 06:55:33 14/12/19
77,99.9,5.99,985.01,0.0,3.91 07:00:46 14/12/19
77,99.9,5.9350004,985.09,0.0,3.91 07:06:00 14/12/19
81,99.9,5.9300003,985.19,0.0,3.91 07:11:15 14/12/19
47,99.9,5.92,985.4,0.0,3.91 07:16:25 14/12/19
55,99.9,5.915,985.61,0.0,3.91 07:21:38 14/12/19
65,99.9,5.915,985.75,0.01,3.91 07:26:54 14/12/19
61,99.9,5.915,985.92,0.01,3.91 07:32:12 14/12/19
78,99.9,5.915,986.07,0.03,3.9 07:37:25 14/12/19
89,99.9,5.91,986.22,0.04,3.91 07:42:38 14/12/19
92,99.9,5.92,986.24,0.09,3.91 07:47:54 14/12/19
52,99.9,5.9350004,986.36,0.25,3.91 07:53:12 14/12/19
77,99.9,5.94,986.41,0.49,3.91 07:58:25 14/12/19
106,99.9,5.9350004,986.51,0.82,3.91 08:03:38 14/12/19
130,99.9,5.995,986.61,1.86,3.91 08:08:51 14/12/19
151,99.9,6.005,986.74,2.64,3.91 08:14:04 14/12/19
177,99.9,6.02,986.84,3.4,3.9 08:19:16 14/12/19
166,99.9,6.02,987.07,3.94,3.91 08:24:29 14/12/19
153,99.9,6.02,987.24,4.01,3.91 08:29:40 14/12/19
180,99.9,6.085,987.29,4.22,3.91 08:34:54 14/12/19
206,99.9,6.115,987.44,4.58,3.91 08:40:06 14/12/19
223,99.9,6.19,987.56,4.04,3.9 08:45:21 14/12/19
184,99.9,6.215,987.56,4.0,3.91 08:50:34 14/12/19
200,99.9,6.245,987.61,4.07,3.91 08:55:47 14/12/19
241,99.9,6.3199997,987.79,4.03,3.91 09:01:03 14/12/19
276,99.9,6.395,987.9,4.56,3.91 09:06:21 14/12/19
319,99.9,6.415,988.09,4.06,3.91 09:11:39 14/12/19
271,99.9,6.49,988.21,5.0,3.91 09:16:55 14/12/19
300,99.9,6.505,988.39,5.0,3.92 09:22:08 14/12/19
302,99.9,6.525,988.6,5.0,3.92 09:27:21 14/12/19
301,99.9,6.52,988.64,4.34,3.91 09:32:34 14/12/19
270,99.9,6.5299997,988.87,5.0,3.91 09:37:45 14/12/19
337,99.9,6.465,988.89,5.0,3.91 09:43:00 14/12/19
352,99.9,6.4350004,988.94,5.0,3.92 09:48:12 14/12/19
408,99.9,6.3599997,989.25,3.99,3.94 09:53:27 14/12/19
411,99.9,6.345,989.42,4.02,3.95 09:58:39 14/12/19
464,99.9,6.4,989.5,4.83,3.96 10:03:54 14/12/19
425,99.9,6.425,989.7,5.0,3.95 10:09:05 14/12/19
460,99.9,6.505,989.94,4.02,3.96 10:14:18 14/12/19
424,99.9,6.535,990.02,4.38,3.96 10:19:31 14/12/19
463,99.9,6.605,990.26,4.02,3.97 10:24:44 14/12/19
467,99.9,6.69,990.33,5.0,3.97 10:29:58 14/12/19
438,99.9,6.7799997,990.52,4.31,3.99 10:35:11 14/12/19
481,99.9,6.8149996,990.57,4.09,3.98 10:40:26 14/12/19
455,99.9,6.8900003,990.67,4.14,4.01 10:45:45 14/12/19
403,99.9,6.92,990.59,4.35,3.98 10:50:58 14/12/19
372,99.9,6.9700003,990.82,4.17,3.99 10:56:09 14/12/19
388,99.9,6.915,990.97,5.0,3.99 11:01:24 14/12/19
412,99.9,6.915,991.07,4.48,4.0 11:06:37 14/12/19
393,99.9,6.91,991.08,4.07,4.0 11:11:50 14/12/19
438,99.9,6.925,991.12,4.13,4.03 11:17:04 14/12/19
452,99.9,6.9750004,991.28,4.13,4.04 11:22:16 14/12/19
470,99.9,6.995,991.26,5.0,4.05 11:27:28 14/12/19
515,99.9,6.995,991.3,4.19,4.05 11:32:47 14/12/19
469,99.9,7.01,991.4,5.0,4.05 11:38:02 14/12/19
456,99.9,7.0550003,991.54,4.17,4.04 11:43:19 14/12/19
460,99.9,7.065,991.55,4.19,4.05 11:48:37 14/12/19
480,99.9,7.0699997,991.54,5.0,4.06 11:53:50 14/12/19
466,99.9,7.085,991.58,4.33,4.06 11:59:01 14/12/19
500,99.9,7.035,991.57,4.26,4.1 12:04:16 14/12/19
486,99.9,7.1,991.71,4.39,4.11 12:09:29 14/12/19
468,99.9,7.1800003,991.7,4.31,4.11 12:14:41 14/12/19
506,99.9,7.1949997,991.56,4.32,4.14 12:19:55 14/12/19
489,99.9,7.2749996,991.76,4.31,4.17 12:25:08 14/12/19
497,99.9,7.355,991.73,4.53,4.17 12:30:21 14/12/19
498,99.9,7.385,991.75,4.3,4.12 12:35:35 14/12/19
499,99.9,7.4800005,991.68,4.37,4.16 12:40:47 14/12/19
489,99.9,7.565,991.56,5.0,4.15 12:46:01 14/12/19
477,99.9,7.585,991.66,4.24,4.13 12:51:14 14/12/19
464,99.9,7.595,991.76,4.31,4.16 12:56:27 14/12/19
432,99.9,7.595,991.84,5.0,4.16 13:01:38 14/12/19
414,99.9,7.67,991.83,4.4,4.15 13:06:54 14/12/19
424,99.9,7.66,991.72,5.0,4.14 13:12:06 14/12/19
381,99.9,7.6800003,991.81,5.0,4.13 13:17:18 14/12/19
414,99.9,7.6899996,991.81,5.0,4.12 13:22:32 14/12/19
429,99.9,7.755,991.79,4.88,4.12 13:27:45 14/12/19
373,99.9,7.765,991.69,4.57,4.12 13:32:58 14/12/19
386,99.9,7.855,991.72,5.0,4.11 13:38:12 14/12/19
391,99.9,7.88,991.75,5.0,4.11 13:43:27 14/12/19
398,99.9,7.95,991.72,5.0,4.11 13:48:38 14/12/19
399,99.9,7.9750004,991.7,5.0,4.1 13:53:52 14/12/19
385,99.9,8.035,991.65,4.17,4.12 13:59:04 14/12/19
406,99.9,7.9800005,991.79,4.32,4.12 14:04:17 14/12/19
346,99.9,7.905,991.62,5.0,4.11 14:09:30 14/12/19
411,99.9,7.83,991.62,4.63,4.12 14:14:44 14/12/19
439,99.9,7.87,991.57,4.3,4.16 14:19:55 14/12/19
359,99.9,7.805,991.59,5.0,4.14 14:25:10 14/12/19
414,99.9,7.805,991.56,4.56,4.16 14:30:24 14/12/19
378,99.9,7.795,991.5,4.18,4.15 14:35:37 14/12/19
440,99.9,7.79,991.33,4.26,4.15 14:40:49 14/12/19
442,99.9,7.795,991.4,4.65,4.14 14:46:02 14/12/19
371,99.9,7.8650002,991.29,4.93,4.15 14:51:14 14/12/19
322,99.9,7.8199997,991.34,5.0,4.12 14:56:32 14/12/19
321,99.9,7.8199997,991.27,5.0,4.13 15:01:48 14/12/19
459,99.9,7.81,991.13,5.0,4.16 15:07:06 14/12/19
325,99.9,7.875,991.0,4.24,4.11 15:12:16 14/12/19
325,99.9,7.875,991.47,5.0,4.11 15:17:30 14/12/19
333,99.9,7.875,991.7,4.61,4.11 15:22:44 14/12/19
241,99.9,7.81,991.75,4.26,4.09 15:27:56 14/12/19
235,99.9,7.7200003,991.68,4.21,4.09 15:33:09 14/12/19
219,99.9,7.4700003,991.86,4.15,4.08 15:38:22 14/12/19
340,99.9,7.075,991.65,4.18,4.08 15:43:35 14/12/19
347,99.9,6.84,991.91,5.0,4.1 15:48:48 14/12/19
322,99.9,6.8149996,991.97,5.0,4.1 15:54:02 14/12/19
328,99.9,6.88,992.18,4.6,4.1 15:59:14 14/12/19
324,99.9,6.92,992.32,5.0,4.1 16:04:27 14/12/19
238,99.9,7.025,992.68,4.29,4.09 16:09:40 14/12/19
266,99.9,7.06,992.91,4.22,4.08 16:14:53 14/12/19
302,99.9,7.0150003,992.89,4.23,4.08 16:20:07 14/12/19
223,99.9,7.005,993.09,4.49,4.08 16:25:20 14/12/19
190,99.9,6.9300003,993.33,4.38,4.06 16:30:31 14/12/19
205,99.9,6.9750004,993.65,4.16,4.06 16:35:50 14/12/19
173,99.9,6.92,993.73,4.17,4.06 16:41:13 14/12/19
113,99.9,6.905,993.95,3.5,4.06 16:46:27 14/12/19
108,99.9,6.8900003,993.94,2.65,4.06 16:51:40 14/12/19
106,99.9,6.865,994.13,1.71,4.06 16:56:55 14/12/19
117,99.9,6.795,994.26,0.96,4.05 17:02:07 14/12/19
96,99.9,6.725,994.35,0.26,4.05 17:07:25 14/12/19
90,99.9,6.705,994.42,0.26,4.05 17:12:41 14/12/19
88,99.9,6.62,994.69,0.11,4.05 17:17:54 14/12/19
46,99.9,6.5950003,994.61,0.04,4.04 17:23:06 14/12/19
74,99.9,6.52,994.79,0.01,4.04 17:28:22 14/12/19
52,99.9,6.505,994.87,0.0,4.04 17:33:31 14/12/19
52,99.9,6.495,995.22,0.0,4.04 17:38:44 14/12/19
78,99.9,6.51,995.31,0.01,4.04 17:43:59 14/12/19
51,99.9,6.585,995.35,0.0,4.04 17:49:10 14/12/19
74,99.9,6.615,995.43,0.0,4.04 17:54:24 14/12/19
76,99.9,6.685,995.53,0.0,4.04 17:59:39 14/12/19
62,99.9,6.69,995.64,0.0,4.03 18:04:50 14/12/19
77,99.9,6.6800003,995.74,0.0,4.03 18:10:04 14/12/19
78,99.9,6.665,995.65,0.0,4.03 18:15:17 14/12/19
76,99.9,6.605,995.85,0.0,4.03 18:20:30 14/12/19
57,99.9,6.6499996,996.01,0.0,4.03 18:25:44 14/12/19
51,99.9,6.585,996.01,0.0,4.03 18:30:54 14/12/19
47,99.9,6.5699997,996.11,0.0,4.03 18:36:09 14/12/19
74,99.9,6.505,996.21,0.0,4.02 18:41:25 14/12/19
83,99.9,6.5,996.33,0.0,4.02 18:46:41 14/12/19
69,99.9,6.48,996.46,0.0,4.02 18:51:56 14/12/19
75,99.9,6.42,996.64,0.0,4.02 18:57:10 14/12/19
74,99.9,6.41,996.77,0.0,4.02 19:02:23 14/12/19
72,99.9,6.3149996,996.82,0.0,4.02 19:07:35 14/12/19
70,99.9,6.3,996.88,0.0,4.02 19:12:49 14/12/19
73,99.9,6.24,996.97,0.0,4.02 19:18:01 14/12/19
34,99.9,6.21,996.94,0.0,4.02 19:23:12 14/12/19
55,99.9,6.265,997.04,0.0,4.01 19:28:26 14/12/19
68,99.9,6.26,997.27,0.0,4.01 19:33:43 14/12/19
72,99.9,6.285,997.35,0.0,4.01 19:39:02 14/12/19
60,99.9,6.3,997.48,0.0,4.02 19:44:12 14/12/19
72,99.9,6.3,997.53,0.0,4.01 19:49:27 14/12/19
75,99.9,6.295,997.53,0.0,4.01 19:54:40 14/12/19
74,99.9,6.285,997.55,0.0,4.01 19:59:53 14/12/19
66,99.9,6.2799997,997.61,0.0,4.01 20:05:06 14/12/19
71,99.9,6.2200003,997.61,0.0,4.01 20:10:18 14/12/19
72,99.9,6.205,997.54,0.0,4.01 20:15:31 14/12/19
73,99.9,6.1949997,997.58,0.0,4.01 20:20:44 14/12/19
76,99.9,6.175,997.6,0.0,4.01 20:25:57 14/12/19
72,99.9,6.115,997.71,0.0,4.01 20:31:10 14/12/19
74,99.9,6.105,997.75,0.0,4.0 20:36:22 14/12/19
63,99.9,6.105,997.78,0.0,4.0 20:41:37 14/12/19
71,99.9,6.1099997,997.82,0.0,4.0 20:46:49 14/12/19
69,99.9,6.175,997.83,0.0,4.0 20:52:01 14/12/19
76,99.9,6.17,997.84,0.0,4.0 20:57:16 14/12/19
68,99.9,6.1949997,997.74,0.0,4.0 21:02:35 14/12/19
63,99.9,6.27,997.71,0.0,4.0 21:07:48 14/12/19
78,99.9,6.2799997,997.62,0.0,4.0 21:13:03 14/12/19
60,99.9,6.295,997.43,0.0,4.0 21:18:13 14/12/19
79,99.9,6.295,997.41,0.0,4.0 21:23:30 14/12/19
86,99.9,6.29,997.43,0.0,4.0 21:28:40 14/12/19
80,99.9,6.285,997.38,0.0,4.0 21:33:52 14/12/19
82,99.9,6.215,997.3,0.0,4.0 21:39:10 14/12/19
85,99.9,6.1949997,997.33,0.0,3.99 21:44:20 14/12/19
79,99.9,6.115,997.43,0.0,4.0 21:49:32 14/12/19
79,99.9,6.0950003,997.45,0.0,3.99 21:54:45 14/12/19
74,99.9,6.075,997.35,0.0,3.99 22:00:02 14/12/19
77,99.9,6.065,997.27,0.0,3.99 22:05:20 14/12/19
84,99.9,6.0,997.2,0.0,3.99 22:10:32 14/12/19
74,99.9,5.99,997.1,0.0,3.99 22:15:44 14/12/19
81,99.9,5.92,997.1,0.0,3.99 22:20:58 14/12/19
81,99.9,5.91,997.04,0.0,3.99 22:26:11 14/12/19
78,99.9,5.955,996.98,0.01,3.93 22:31:22 14/12/19
78,99.9,5.915,996.9,0.0,3.99 22:36:40 14/12/19
72,99.9,5.98,996.86,0.0,3.99 22:41:57 14/12/19
74,99.9,5.995,996.82,0.0,3.99 22:47:11 14/12/19
71,99.9,6.065,996.81,0.0,3.99 22:52:24 14/12/19
77,99.9,6.0950003,996.69,0.0,3.99 22:57:38 14/12/19
68,99.9,6.185,996.8,0.0,3.99 23:02:48 14/12/19
63,99.9,6.265,996.69,0.0,3.99 23:08:01 14/12/19
75,99.9,6.3450003,996.63,0.0,3.98 23:13:16 14/12/19
77,99.9,6.37,996.55,0.0,3.99 23:18:29 14/12/19
73,99.9,6.415,996.45,0.0,3.98 23:23:42 14/12/19
67,99.9,6.49,996.33,0.0,3.98 23:28:55 14/12/19
81,99.9,6.505,996.26,0.0,3.98 23:34:11 14/12/19
72,99.9,6.565,996.15,0.0,3.98 23:39:30 14/12/19
74,99.9,6.58,995.97,0.0,3.98 23:44:43 14/12/19
67,99.9,6.585,995.88,0.0,3.98 23:49:55 14/12/19
73,99.9,6.59,995.61,0.0,3.98 23:55:13 14/12/19
