73,99.9,6.5950003,995.42,0.0,3.98 00:00:28 15/12/19
74,99.9,6.5950003,995.39,0.0,3.98 00:05:40 15/12/19
73,99.9,6.59,995.09,0.0,3.98 00:11:00 15/12/19
73,99.9,6.6499996,994.98,0.0,3.98 00:16:17 15/12/19
71,99.9,6.6099997,994.94,0.0,3.98 00:21:33 15/12/19
71,99.9,6.615,994.8,0.0,3.98 00:26:52 15/12/19
75,99.9,6.6099997,994.68,0.0,3.98 00:32:05 15/12/19
75,99.9,6.6499996,994.63,0.0,3.98 00:37:18 15/12/19
77,99.9,6.6099997,994.45,0.0,3.98 00:42:30 15/12/19
79,99.9,6.66,994.24,0.0,3.98 00:47:41 15/12/19
70,99.9,6.615,994.16,0.0,3.98 00:52:56 15/12/19
72,99.9,6.675,994.06,0.0,3.98 00:58:09 15/12/19
75,99.9,6.685,993.88,0.0,3.98 01:03:22 15/12/19
71,99.9,6.6949997,993.76,0.0,3.98 01:08:35 15/12/19
72,99.9,6.755,993.73,0.0,3.98 01:13:48 15/12/19
75,99.9,6.7749996,993.63,0.0,3.97 01:19:01 15/12/19
72,99.9,6.79,993.44,0.0,3.98 01:24:14 15/12/19
72,99.9,6.8,993.34,0.0,3.97 01:29:27 15/12/19
73,99.9,6.87,993.21,0.0,3.98 01:34:38 15/12/19
74,99.9,6.885,993.11,0.0,3.98 01:39:53 15/12/19
77,99.9,6.9700003,993.05,0.01,3.97 01:45:06 15/12/19
76,99.9,7.05,993.01,0.01,3.97 01:50:19 15/12/19
74,99.9,7.075,992.87,0.0,3.98 01:55:30 15/12/19
77,99.9,7.1,992.62,0.0,3.98 02:00:43 15/12/19
79,99.9,7.17,992.61,0.0,3.97 02:05:59 15/12/19
81,99.9,7.185,992.52,0.0,3.97 02:11:11 15/12/19
81,99.9,7.265,992.46,0.0,3.98 02:16:25 15/12/19
82,99.9,7.34,992.3,0.0,3.97 02:21:40 15/12/19
82,99.9,7.385,992.26,0.0,3.97 02:27:05 15/12/19
73,99.9,7.465,992.23,0.0,3.97 02:32:18 15/12/19
78,99.9,7.465,992.12,0.0,3.97 02:37:33 15/12/19
78,99.9,7.55,991.99,0.0,3.97 02:42:46 15/12/19
81,99.9,7.565,991.94,0.01,3.97 02:47:59 15/12/19
77,99.9,7.57,991.83,0.01,3.97 02:53:12 15/12/19
80,99.9,7.635,991.84,0.01,3.97 02:58:26 15/12/19
74,99.9,7.66,991.67,0.01,3.97 03:03:38 15/12/19
71,99.9,7.6800003,991.64,0.01,3.97 03:08:52 15/12/19
76,99.9,7.75,991.57,0.0,3.97 03:14:05 15/12/19
82,99.9,7.75,991.35,0.0,3.97 03:19:18 15/12/19
78,99.9,7.775,991.2,0.0,3.97 03:24:32 15/12/19
77,99.9,7.785,991.1,0.0,3.97 03:29:45 15/12/19
60,99.9,7.85,990.93,0.0,3.97 03:34:57 15/12/19
76,99.9,7.86,990.84,0.0,3.97 03:40:10 15/12/19
83,99.9,7.9449997,990.73,0.0,3.97 03:45:30 15/12/19
67,99.9,8.065001,990.65,0.0,3.97 03:50:46 15/12/19
79,99.9,8.225,990.64,0.0,3.97 03:55:58 15/12/19
79,99.9,8.41,990.75,0.0,3.96 04:01:11 15/12/19
82,99.9,8.620001,990.58,0.0,3.96 04:06:28 15/12/19
74,99.9,8.735001,990.49,0.0,3.97 04:11:46 15/12/19
78,99.9,8.92,990.29,0.0,3.97 04:17:03 15/12/19
70,99.9,9.025,990.17,0.0,3.97 04:22:24 15/12/19
78,99.9,9.120001,990.06,0.0,3.96 04:27:34 15/12/19
74,99.9,9.21,990.03,0.0,3.97 04:32:48 15/12/19
83,99.9,9.27,989.99,0.0,3.97 04:38:02 15/12/19
76,99.9,9.35,990.06,0.0,3.96 04:43:14 15/12/19
83,99.9,9.42,990.09,0.0,3.97 04:48:26 15/12/19
82,99.9,9.445,990.11,0.0,3.96 04:53:42 15/12/19
85,99.9,9.555,990.22,0.0,3.96 04:58:54 15/12/19
54,99.9,9.59,990.19,0.0,3.96 05:04:08 15/12/19
83,99.9,9.74,990.25,0.0,3.96 05:09:22 15/12/19
81,99.9,9.764999,990.31,0.0,3.96 05:14:34 15/12/19
54,99.9,9.855,990.3,0.0,3.96 05:19:48 15/12/19
50,99.9,9.95,990.37,0.0,3.96 05:25:02 15/12/19
47,99.9,9.965,990.47,0.0,3.96 05:30:14 15/12/19
87,99.9,9.99,990.93,0.0,3.96 05:35:28 15/12/19
46,99.9,9.889999,991.01,0.0,3.96 05:40:41 15/12/19
65,99.9,9.559999,991.23,0.0,3.96 05:45:59 15/12/19
55,99.9,9.27,991.47,0.0,3.96 05:51:16 15/12/19
58,99.9,9.035,991.76,0.0,3.96 05:56:30 15/12/19
81,99.9,8.82,991.6,0.0,3.96 06:01:43 15/12/19
57,99.9,8.71,991.89,0.0,3.96 06:06:57 15/12/19
44,99.9,8.695,992.22,0.0,3.96 06:12:09 15/12/19
66,99.9,8.764999,992.35,0.0,3.96 06:17:26 15/12/19
72,99.9,8.77,992.31,0.0,3.96 06:22:44 15/12/19
87,99.9,8.785,992.44,0.0,3.96 06:27:58 15/12/19
37,99.9,8.79,992.49,0.0,3.96 06:33:09 15/12/19
53,99.9,8.725,992.56,0.0,3.96 06:38:24 15/12/19
51,99.9,8.72,992.68,0.0,3.96 06:43:37 15/12/19
43,99.9,8.695,992.89,0.0,3.96 06:48:50 15/12/19
48,99.9,8.690001,992.93,0.0,3.96 06:54:04 15/12/19
56,99.9,8.685,993.02,0.01,3.96 06:59:17 15/12/19
45,99.9,8.68,993.13,0.0,3.96 07:04:31 15/12/19
43,99.9,8.610001,993.28,0.0,3.96 07:09:43 15/12/19
40,99.9,8.62,993.36,0.0,3.96 07:14:57 15/12/19
46,99.9,8.6,993.43,0.0,3.96 07:20:10 15/12/19
49,99.9,8.594999,993.61,0.0,3.96 07:25:24 15/12/19
38,99.9,8.53,993.75,0.0,3.96 07:30:36 15/12/19
49,99.9,8.515,993.86,0.01,3.96 07:35:49 15/12/19
48,99.9,8.485,994.18,0.02,3.96 07:41:07 15/12/19
47,99.9,8.475,994.46,0.07,3.96 07:46:24 15/12/19
64,99.9,8.415,994.69,0.13,3.96 07:51:37 15/12/19
64,99.9,8.41,994.86,0.25,3.96 07:56:51 15/12/19
70,99.9,8.415,995.07,0.56,3.95 08:02:04 15/12/19
64,99.9,8.395,995.22,1.2,3.96 08:07:18 15/12/19
114,99.9,8.325,995.3,1.99,3.96 08:12:30 15/12/19
84,99.9,8.309999,995.43,2.97,3.96 08:17:43 15/12/19
148,99.9,8.21,995.54,3.77,3.95 08:23:00 15/12/19
154,99.9,8.175,995.75,4.06,3.95 08:28:18 15/12/19
145,99.9,8.105,995.8,4.17,3.96 08:33:31 15/12/19
151,99.9,8.02,995.91,4.32,3.96 08:38:45 15/12/19
180,99.9,8.0,996.02,4.16,3.96 08:43:56 15/12/19
219,99.9,7.925,996.12,4.73,3.96 08:49:11 15/12/19
243,99.9,7.8399997,996.28,4.89,3.96 08:54:24 15/12/19
243,99.9,7.81,996.52,4.8,3.96 08:59:38 15/12/19
297,99.9,7.805,996.69,4.01,3.96 09:04:50 15/12/19
294,99.9,7.805,996.82,5.0,3.96 09:10:07 15/12/19
268,99.9,7.795,996.87,5.0,3.96 09:15:25 15/12/19
309,99.9,7.7999997,996.99,4.06,3.97 09:20:38 15/12/19
316,99.9,7.795,997.14,5.0,3.99 09:25:52 15/12/19
352,99.9,7.7299995,997.18,4.08,4.02 09:31:02 15/12/19
375,99.9,7.7349997,997.29,5.0,4.02 09:36:15 15/12/19
315,99.9,7.795,997.38,4.55,4.02 09:41:30 15/12/19
316,99.9,7.815,997.49,5.0,4.02 09:46:44 15/12/19
340,99.9,7.89,997.62,5.0,4.0 09:52:06 15/12/19
365,99.9,7.905,997.8,4.16,4.01 09:57:18 15/12/19
350,99.9,7.9100003,997.94,5.0,4.01 10:02:31 15/12/19
366,99.9,7.9750004,998.01,4.12,4.01 10:07:45 15/12/19
349,99.9,7.995,998.05,4.16,4.03 10:12:56 15/12/19
351,99.9,8.01,998.18,4.1,4.03 10:18:15 15/12/19
384,99.9,8.085,998.33,5.0,4.05 10:23:32 15/12/19
380,99.9,8.105,998.52,4.87,4.1 10:28:48 15/12/19
355,99.9,8.12,998.52,4.17,4.06 10:34:04 15/12/19
346,99.9,8.18,998.73,4.21,4.05 10:39:20 15/12/19
360,99.9,8.2,998.79,4.14,4.07 10:44:34 15/12/19
359,99.9,8.21,998.76,4.63,4.07 10:49:47 15/12/19
372,99.9,8.225,998.8,4.61,4.08 10:55:00 15/12/19
364,99.9,8.275,998.89,5.0,4.08 11:00:12 15/12/19
369,99.9,8.29,998.98,4.86,4.09 11:05:24 15/12/19
365,99.9,8.299999,998.98,5.0,4.11 11:10:38 15/12/19
376,99.9,8.309999,999.06,4.2,4.12 11:15:53 15/12/19
393,99.9,8.335,999.06,4.24,4.16 11:21:06 15/12/19
362,99.9,8.41,999.21,4.65,4.14 11:26:19 15/12/19
376,99.9,8.42,999.24,4.99,4.16 11:31:31 15/12/19
379,99.9,8.485,999.17,4.37,4.13 11:36:49 15/12/19
385,99.9,8.505,999.17,4.93,4.15 11:42:06 15/12/19
381,99.9,8.575,999.23,4.27,4.14 11:47:18 15/12/19
370,99.9,8.59,999.25,4.62,4.13 11:52:32 15/12/19
393,99.9,8.66,999.37,4.17,4.13 11:57:50 15/12/19
384,99.9,8.695,999.43,4.24,4.14 12:03:08 15/12/19
386,99.9,8.764999,999.49,4.23,4.14 12:08:21 15/12/19
398,99.9,8.79,999.46,5.0,4.14 12:13:35 15/12/19
391,99.9,8.860001,999.42,4.3,4.17 12:18:49 15/12/19
404,99.9,8.934999,999.45,5.0,4.17 12:24:01 15/12/19
382,99.9,8.965,999.52,4.3,4.16 12:29:15 15/12/19
404,99.9,8.969999,999.48,4.35,4.16 12:34:28 15/12/19
392,99.9,9.05,999.61,4.26,4.16 12:39:42 15/12/19
402,99.9,9.055,999.53,5.0,4.16 12:44:54 15/12/19
491,99.9,9.065001,999.59,5.0,4.22 12:50:09 15/12/19
474,99.9,9.1,999.73,5.0,4.22 12:55:21 15/12/19
486,99.9,9.185,999.87,5.0,4.22 13:00:34 15/12/19
482,99.9,9.25,1000.04,5.0,4.22 13:05:48 15/12/19
496,99.9,9.335,1000.05,5.0,4.22 13:11:01 15/12/19
462,99.9,9.385,1000.04,5.0,4.21 13:16:15 15/12/19
456,99.9,9.455,999.94,5.0,4.21 13:21:27 15/12/19
490,99.9,9.455,1000.02,5.0,4.22 13:26:41 15/12/19
492,99.9,9.55,1000.07,5.0,4.23 13:31:53 15/12/19
469,99.9,9.635,1000.1,5.0,4.21 13:37:08 15/12/19
479,99.9,9.655001,1000.0,5.0,4.22 13:42:21 15/12/19
484,99.9,9.655001,1000.07,5.0,4.22 13:47:32 15/12/19
456,99.9,9.655001,999.99,5.0,4.21 13:52:55 15/12/19
474,99.9,9.665,1000.12,5.0,4.21 13:58:08 15/12/19
481,99.9,9.65,1000.37,5.0,4.22 14:03:23 15/12/19
460,99.9,9.58,1000.5,5.0,4.22 14:08:37 15/12/19
448,99.9,9.59,1000.53,4.39,4.21 14:13:49 15/12/19
426,99.9,9.58,1000.61,4.41,4.18 14:19:01 15/12/19
422,99.9,9.5,1000.76,5.0,4.17 14:24:15 15/12/19
424,99.9,9.469999,1000.91,4.61,4.17 14:29:28 15/12/19
404,99.9,9.44,1000.86,4.27,4.16 14:34:43 15/12/19
405,99.9,9.385,1001.04,4.22,4.16 14:39:55 15/12/19
400,99.9,9.365,1001.0,5.0,4.14 14:45:08 15/12/19
385,99.9,9.305,1001.09,5.0,4.15 14:50:23 15/12/19
385,99.9,9.299999,1001.15,5.0,4.15 14:55:37 15/12/19
394,99.9,9.264999,1001.18,4.38,4.15 15:00:49 15/12/19
378,99.9,9.275,1001.25,4.55,4.14 15:06:04 15/12/19
383,99.9,9.275,1001.33,5.0,4.15 15:11:16 15/12/19
387,99.9,9.255,1001.32,4.19,4.15 15:16:29 15/12/19
367,99.9,9.245,1001.48,5.0,4.15 15:21:46 15/12/19
364,99.9,9.185,1001.47,4.24,4.15 15:27:04 15/12/19
361,99.9,9.175,1001.53,4.22,4.15 15:32:18 15/12/19
360,99.9,9.094999,1001.62,4.48,4.14 15:37:36 15/12/19
361,99.9,9.075,1001.62,5.0,4.15 15:42:51 15/12/19
340,99.9,9.0,1001.79,4.22,4.15 15:48:06 15/12/19
327,99.9,9.0,1001.83,5.0,4.14 15:53:17 15/12/19
316,99.9,8.889999,1001.8,5.0,4.14 15:58:33 15/12/19
319,99.9,8.875,1001.89,5.0,4.15 16:03:46 15/12/19
281,99.9,8.79,1002.04,4.22,4.14 16:08:59 15/12/19
257,99.9,8.72,1002.14,4.65,4.15 16:14:10 15/12/19
236,99.9,8.62,1002.24,5.0,4.14 16:19:25 15/12/19
241,99.9,8.515,1002.2,4.79,4.12 16:24:42 15/12/19
186,99.9,8.475,1002.3,4.45,4.12 16:29:58 15/12/19
200,99.9,8.395,1002.36,4.19,4.11 16:35:14 15/12/19
186,99.9,8.305,1002.42,4.15,4.11 16:40:27 15/12/19
142,99.9,8.22,1002.4,3.53,4.1 16:45:38 15/12/19
139,99.9,8.165,1002.52,2.61,4.1 16:50:54 15/12/19
130,99.9,8.1,1002.59,1.77,4.09 16:56:06 15/12/19
111,99.9,8.075,1002.66,1.07,4.09 17:01:18 15/12/19
100,99.9,7.9800005,1002.7,0.55,4.09 17:06:31 15/12/19
87,99.9,7.905,1002.79,0.26,4.08 17:11:45 15/12/19
82,99.9,7.885,1002.79,0.12,4.08 17:16:57 15/12/19
69,99.9,7.81,1002.86,0.05,4.07 17:22:12 15/12/19
73,99.9,7.7999997,1002.85,0.02,4.07 17:27:25 15/12/19
74,99.9,7.7200003,1002.97,0.0,4.07 17:32:39 15/12/19
64,99.9,7.705,1003.0,0.0,4.07 17:37:50 15/12/19
63,99.9,7.625,1003.06,0.0,4.07 17:43:04 15/12/19
68,99.9,7.59,1003.0,0.0,4.06 17:48:17 15/12/19
63,99.9,7.51,1003.1,0.0,4.06 17:53:29 15/12/19
67,99.9,7.4800005,1003.09,0.0,4.06 17:58:46 15/12/19
65,99.9,7.455,1003.28,0.0,4.06 18:03:56 15/12/19
65,99.9,7.38,1003.34,0.0,4.05 18:09:10 15/12/19
65,99.9,7.31,1003.39,0.0,4.05 18:14:21 15/12/19
69,99.9,7.29,1003.47,0.0,4.05 18:19:34 15/12/19
63,99.9,7.23,1003.55,0.0,4.05 18:24:47 15/12/19
65,99.9,7.225,1003.6,0.0,4.05 18:30:00 15/12/19
62,99.9,7.23,1003.61,0.0,4.05 18:35:13 15/12/19
64,99.9,7.23,1003.62,0.0,4.04 18:40:35 15/12/19
64,99.9,7.265,1003.64,0.0,4.04 18:45:49 15/12/19
67,99.9,7.205,1003.6,0.0,4.04 18:51:03 15/12/19
63,99.9,7.1800003,1003.69,0.0,4.04 18:56:15 15/12/19
66,99.9,7.1099997,1003.6,0.0,4.03 19:01:32 15/12/19
66,99.9,7.105,1003.75,0.0,4.03 19:06:55 15/12/19
64,99.9,7.085,1003.74,0.0,4.03 19:12:10 15/12/19
67,99.9,7.075,1003.81,0.0,4.03 19:17:29 15/12/19
62,99.9,7.01,1003.92,0.0,4.04 19:22:45 15/12/19
63,99.9,6.98,1004.0,0.0,4.03 19:28:00 15/12/19
66,99.9,6.9750004,1004.11,0.0,4.03 19:33:10 15/12/19
62,99.9,6.955,1004.05,0.0,4.03 19:38:25 15/12/19
66,99.9,6.96,1004.22,0.0,4.03 19:43:38 15/12/19
63,99.9,6.885,1004.3,0.0,4.03 19:48:50 15/12/19
62,99.9,6.86,1004.39,0.0,4.03 19:54:05 15/12/19
57,99.9,6.865,1004.36,0.0,4.02 19:59:17 15/12/19
61,99.9,6.8500004,1004.34,0.0,4.02 20:04:30 15/12/19
63,99.9,6.79,1004.44,0.0,4.02 20:09:43 15/12/19
65,99.9,6.7749996,1004.5,0.0,4.02 20:15:00 15/12/19
69,99.9,6.705,1004.49,0.0,4.02 20:20:21 15/12/19
67,99.9,6.6800003,1004.48,0.0,4.02 20:25:38 15/12/19
66,99.9,6.605,1004.58,0.0,4.02 20:30:53 15/12/19
68,99.9,6.5150003,1004.61,0.0,4.02 20:36:05 15/12/19
67,99.9,6.495,1004.6,0.0,4.02 20:41:18 15/12/19
69,99.9,6.4700003,1004.66,0.0,4.02 20:46:31 15/12/19
70,99.9,6.395,1004.64,0.0,4.01 20:51:46 15/12/19
70,99.9,6.365,1004.64,0.0,4.01 20:56:57 15/12/19
72,99.9,6.29,1004.67,0.0,4.01 21:02:08 15/12/19
75,99.9,6.26,1004.75,0.0,4.01 21:07:26 15/12/19
70,99.9,6.13,1004.69,0.0,4.01 21:12:45 15/12/19
65,99.9,6.12,1004.78,0.0,4.01 21:17:57 15/12/19
61,99.9,6.1,1004.87,0.0,4.01 21:23:10 15/12/19
68,99.9,6.0699997,1004.88,0.0,4.01 21:28:23 15/12/19
72,99.9,6.01,1004.88,0.0,4.01 21:33:34 15/12/19
68,99.9,6.0,1004.87,0.0,4.01 21:38:49 15/12/19
68,99.9,5.9750004,1004.91,0.0,4.01 21:44:01 15/12/19
68,99.9,5.98,1004.96,0.0,4.0 21:49:14 15/12/19
67,99.9,5.98,1004.85,0.0,4.0 21:54:27 15/12/19
69,99.9,5.92,1004.91,0.0,4.0 21:59:41 15/12/19
69,99.9,5.905,1004.86,0.0,4.0 22:04:54 15/12/19
71,99.9,5.885,1004.84,0.0,4.0 22:10:06 15/12/19
66,99.9,5.805,1004.85,0.0,4.0 22:15:19 15/12/19
65,99.9,5.7799997,1004.77,0.0,4.0 22:20:32 15/12/19
64,99.9,5.7,1004.74,0.0,4.0 22:25:45 15/12/19
66,99.9,5.6800003,1004.79,0.0,3.99 22:31:00 15/12/19
65,99.9,5.605,1004.77,0.0,4.0 22:36:08 15/12/19
70,99.9,5.5150003,1004.73,0.0,4.0 22:41:22 15/12/19
64,99.9,5.49,1004.75,0.0,4.0 22:46:36 15/12/19
66,99.9,5.41,1004.65,0.0,4.0 22:51:49 15/12/19
69,99.9,5.385,1004.67,0.0,3.99 22:57:06 15/12/19
62,99.9,5.36,1004.62,0.0,3.99 23:02:23 15/12/19
64,99.9,5.295,1004.7,0.0,3.99 23:07:36 15/12/19
68,99.9,5.2799997,1004.49,0.0,3.99 23:12:49 15/12/19
61,99.9,5.2749996,1004.6,0.0,3.99 23:18:01 15/12/19
63,99.9,5.27,1004.65,0.0,3.99 23:23:14 15/12/19
69,99.9,5.2749996,1004.63,0.0,3.99 23:28:27 15/12/19
70,99.9,5.295,1004.58,0.0,3.99 23:33:40 15/12/19
67,99.9,5.3,1004.53,0.0,3.99 23:38:57 15/12/19
64,99.9,5.365,1004.55,0.0,3.99 23:44:14 15/12/19
68,99.9,5.3199997,1004.53,0.0,3.99 23:49:27 15/12/19
62,99.9,5.365,1004.42,0.0,3.98 23:54:48 15/12/19
