87,99.9,9.63,1006.87,0.0,3.99 00:04:54 18/12/19
87,99.9,9.52,1006.97,0.0,3.99 00:10:05 18/12/19
89,99.9,9.48,1007.16,0.0,3.99 00:15:20 18/12/19
89,99.9,9.385,1007.26,0.0,3.99 00:20:33 18/12/19
88,99.9,9.309999,1007.38,0.0,3.99 00:25:46 18/12/19
92,99.9,9.27,1007.56,0.0,3.98 00:31:04 18/12/19
86,99.9,9.205,1007.74,0.0,3.99 00:36:25 18/12/19
91,99.9,9.190001,1007.8,0.0,3.99 00:41:46 18/12/19
89,99.9,9.190001,1007.92,0.0,3.99 00:46:57 18/12/19
89,99.9,9.185,1008.0,0.0,3.99 00:52:11 18/12/19
92,99.9,9.18,1008.13,0.0,3.99 00:57:24 18/12/19
89,99.9,9.139999,1008.29,0.0,3.98 01:02:40 18/12/19
83,99.9,9.185,1008.41,0.0,3.99 01:07:57 18/12/19
92,99.9,9.18,1008.3,0.0,3.98 01:13:18 18/12/19
83,99.9,9.175,1008.42,0.0,3.98 01:18:33 18/12/19
87,99.9,9.1,1008.38,0.0,3.98 01:23:47 18/12/19
93,99.9,9.075,1008.45,0.0,3.98 01:29:00 18/12/19
87,99.9,9.004999,1008.54,0.0,3.98 01:34:13 18/12/19
88,99.9,8.92,1008.41,0.0,3.98 01:39:27 18/12/19
80,99.9,8.83,1008.55,0.0,3.98 01:44:38 18/12/19
85,99.9,8.79,1008.61,0.0,3.98 01:49:55 18/12/19
86,99.9,8.71,1008.75,0.0,3.98 01:55:06 18/12/19
84,99.9,8.615,1008.95,0.0,3.98 02:00:19 18/12/19
80,99.9,8.585,1008.98,0.0,3.98 02:05:33 18/12/19
81,99.9,8.5,1009.08,0.0,3.98 02:10:46 18/12/19
76,99.9,8.425,1009.21,0.0,3.98 02:15:59 18/12/19
82,99.9,8.41,1009.2,0.0,3.98 02:21:12 18/12/19
84,99.9,8.4,1009.46,0.0,3.98 02:26:26 18/12/19
90,99.9,8.41,1009.63,0.0,3.98 02:31:39 18/12/19
87,99.9,8.415,1009.72,0.0,3.98 02:36:52 18/12/19
76,99.9,8.415,1009.69,0.0,3.98 02:42:06 18/12/19
81,99.9,8.425,1009.76,0.0,3.97 02:47:18 18/12/19
86,99.9,8.425,1009.9,0.0,3.98 02:52:32 18/12/19
89,99.9,8.43,1009.91,0.0,3.97 02:57:45 18/12/19
90,99.9,8.43,1009.96,0.0,3.97 03:02:59 18/12/19
78,99.9,8.485,1009.97,0.0,3.97 03:08:10 18/12/19
91,99.9,8.49,1009.95,0.0,3.97 03:13:24 18/12/19
91,99.9,8.5,1009.9,0.0,3.97 03:18:41 18/12/19
85,99.9,8.51,1009.98,0.0,3.97 03:23:59 18/12/19
80,99.9,8.515,1010.07,0.0,3.97 03:29:14 18/12/19
84,99.9,8.515,1010.12,0.0,3.97 03:34:26 18/12/19
86,99.9,8.505,1010.21,0.0,3.97 03:39:39 18/12/19
90,99.9,8.445,1010.29,0.0,3.97 03:44:53 18/12/19
90,99.9,8.434999,1010.32,0.0,3.97 03:50:05 18/12/19
85,99.9,8.415,1010.21,0.0,3.97 03:55:19 18/12/19
91,99.9,8.405001,1010.29,0.0,3.97 04:00:32 18/12/19
86,99.9,8.325,1010.3,0.0,3.97 04:05:45 18/12/19
86,99.9,8.295,1010.22,0.0,3.97 04:10:59 18/12/19
82,99.9,8.27,1010.24,0.0,3.97 04:16:11 18/12/19
77,99.9,8.2,1010.32,0.0,3.97 04:21:27 18/12/19
81,99.9,8.135,1010.37,0.0,3.97 04:26:38 18/12/19
80,99.9,8.1,1010.48,0.0,3.97 04:31:51 18/12/19
78,99.9,8.03,1010.53,0.0,3.97 04:37:02 18/12/19
77,99.9,8.005,1010.46,0.0,3.96 04:42:16 18/12/19
80,99.9,7.92,1010.39,0.0,3.96 04:47:30 18/12/19
85,99.9,7.895,1010.43,0.0,3.96 04:52:43 18/12/19
82,99.9,7.815,1010.59,0.0,3.96 04:57:56 18/12/19
78,99.9,7.81,1010.62,0.0,3.96 05:03:14 18/12/19
79,99.9,7.805,1010.62,0.0,3.96 05:08:31 18/12/19
76,99.9,7.7999997,1010.74,0.0,3.96 05:13:43 18/12/19
78,99.9,7.79,1010.8,0.0,3.96 05:18:57 18/12/19
79,99.9,7.7799997,1010.74,0.0,3.96 05:24:12 18/12/19
82,99.9,7.7200003,1010.86,0.0,3.96 05:29:24 18/12/19
79,99.9,7.7,1010.9,0.0,3.96 05:34:35 18/12/19
79,99.9,7.615,1011.01,0.0,3.96 05:39:50 18/12/19
80,99.9,7.605,1011.04,0.0,3.96 05:45:04 18/12/19
77,99.9,7.605,1011.15,0.0,3.96 05:50:16 18/12/19
72,99.9,7.595,1011.17,0.0,3.96 05:55:29 18/12/19
81,99.9,7.585,1011.28,0.0,3.96 06:00:42 18/12/19
78,99.9,7.5299997,1011.33,0.0,3.96 06:05:55 18/12/19
71,99.9,7.58,1011.51,0.0,3.96 06:11:09 18/12/19
85,99.9,7.58,1011.69,0.0,3.96 06:16:23 18/12/19
79,99.9,7.57,1011.71,0.0,3.96 06:21:35 18/12/19
81,99.9,7.555,1011.8,0.0,3.96 06:26:48 18/12/19
76,99.9,7.5,1011.92,0.0,3.96 06:32:01 18/12/19
80,99.9,7.4300003,1012.02,0.0,3.96 06:37:14 18/12/19
75,99.9,7.405,1012.0,0.0,3.96 06:42:28 18/12/19
80,99.9,7.395,1012.02,0.0,3.96 06:47:44 18/12/19
74,99.9,7.3199997,1012.16,0.0,3.96 06:53:02 18/12/19
78,99.9,7.295,1012.2,0.0,3.96 06:58:15 18/12/19
81,99.9,7.215,1012.3,0.0,3.96 07:03:28 18/12/19
59,99.9,7.12,1012.27,0.0,3.96 07:08:41 18/12/19
80,99.9,7.02,1012.32,0.0,3.96 07:13:54 18/12/19
85,99.9,6.915,1012.35,0.0,3.95 07:19:12 18/12/19
75,99.9,6.88,1012.46,0.0,3.96 07:24:27 18/12/19
78,99.9,6.785,1012.52,0.0,3.96 07:29:44 18/12/19
82,99.9,6.715,1012.58,0.01,3.95 07:34:55 18/12/19
72,99.9,6.69,1012.54,0.01,3.96 07:40:07 18/12/19
65,99.9,6.615,1012.58,0.03,3.96 07:45:19 18/12/19
81,99.9,6.6,1012.67,0.09,3.95 07:50:33 18/12/19
88,99.9,6.58,1012.75,0.21,3.95 07:55:46 18/12/19
80,99.9,6.49,1012.73,0.5,3.95 08:00:59 18/12/19
96,99.9,6.415,1012.9,1.04,3.95 08:06:12 18/12/19
114,99.9,6.325,1013.02,1.66,3.95 08:11:25 18/12/19
132,99.9,6.295,1012.96,2.29,3.95 08:16:38 18/12/19
142,99.9,6.215,1013.09,3.07,3.95 08:21:56 18/12/19
156,99.9,6.2,1013.15,3.87,3.95 08:27:13 18/12/19
180,99.9,6.1949997,1013.22,4.05,3.95 08:32:25 18/12/19
205,99.9,6.1800003,1013.26,4.16,3.95 08:37:38 18/12/19
212,99.9,6.1800003,1013.44,4.37,3.95 08:42:51 18/12/19
239,99.9,6.1099997,1013.48,4.06,3.95 08:48:02 18/12/19
246,99.9,6.075,1013.63,4.05,3.95 08:53:16 18/12/19
281,99.9,6.0150003,1013.69,4.87,3.95 08:58:30 18/12/19
277,99.9,5.99,1013.79,4.32,3.95 09:03:43 18/12/19
299,99.9,5.9300003,1013.84,5.0,3.96 09:08:56 18/12/19
307,99.9,5.925,1013.89,4.66,3.96 09:14:07 18/12/19
340,99.9,5.9300003,1014.02,5.0,3.97 09:19:22 18/12/19
343,99.9,5.985,1014.06,5.0,3.96 09:24:34 18/12/19
357,99.9,6.0,1014.1,5.0,3.98 09:29:47 18/12/19
376,99.9,6.08,1014.13,5.0,4.01 09:35:00 18/12/19
384,99.9,6.13,1014.23,4.07,4.0 09:40:14 18/12/19
347,99.9,6.285,1014.21,5.0,4.02 09:45:26 18/12/19
356,99.9,6.415,1014.26,4.07,4.0 09:50:39 18/12/19
362,99.9,6.5150003,1014.28,5.0,4.0 09:55:52 18/12/19
367,99.9,6.605,1014.38,5.0,4.0 10:01:03 18/12/19
376,99.9,6.6949997,1014.37,5.0,4.0 10:06:18 18/12/19
378,99.9,6.795,1014.44,5.0,4.01 10:11:31 18/12/19
419,99.9,6.885,1014.55,4.1,4.06 10:16:44 18/12/19
394,99.9,6.99,1014.58,4.09,4.04 10:21:57 18/12/19
431,99.9,7.085,1014.66,4.2,4.11 10:27:12 18/12/19
371,99.9,7.185,1014.72,5.0,4.09 10:32:23 18/12/19
367,99.9,7.225,1014.75,4.11,4.06 10:37:36 18/12/19
365,99.9,7.3149996,1014.81,4.22,4.06 10:42:49 18/12/19
377,99.9,7.4,1014.88,4.15,4.07 10:48:03 18/12/19
363,99.9,7.49,1014.94,5.0,4.06 10:53:18 18/12/19
358,99.9,7.58,1014.95,5.0,4.07 10:58:35 18/12/19
363,99.9,7.675,1014.95,4.14,4.07 11:03:50 18/12/19
367,99.9,7.77,1014.85,4.57,4.08 11:09:03 18/12/19
369,99.9,7.7999997,1014.87,4.35,4.1 11:14:14 18/12/19
348,99.9,7.88,1014.92,4.18,4.11 11:19:30 18/12/19
342,99.9,7.965,1014.88,4.17,4.12 11:24:40 18/12/19
351,99.9,8.01,1014.87,5.0,4.12 11:29:56 18/12/19
379,99.9,8.07,1014.73,5.0,4.12 11:35:08 18/12/19
357,99.9,8.1,1014.78,4.8,4.14 11:40:21 18/12/19
371,99.9,8.19,1014.76,5.0,4.15 11:45:35 18/12/19
390,99.9,8.264999,1014.77,4.56,4.14 11:50:49 18/12/19
361,99.9,8.305,1014.79,5.0,4.16 11:56:02 18/12/19
362,99.9,8.389999,1014.9,4.3,4.12 12:01:12 18/12/19
360,99.9,8.415,1014.99,4.24,4.14 12:06:27 18/12/19
381,99.9,8.4800005,1015.08,5.0,4.14 12:11:47 18/12/19
347,99.9,8.565001,1015.01,4.29,4.11 12:17:00 18/12/19
361,99.9,8.59,1014.82,4.75,4.18 12:22:15 18/12/19
360,99.9,8.625,1015.08,4.42,4.15 12:27:29 18/12/19
391,99.9,8.700001,1015.0,4.19,4.14 12:32:42 18/12/19
421,99.9,8.775,1014.96,4.22,4.15 12:37:55 18/12/19
381,99.9,8.79,1014.91,5.0,4.14 12:43:08 18/12/19
381,99.9,8.885,1014.93,4.24,4.16 12:48:23 18/12/19
460,99.9,8.969999,1014.93,5.0,4.23 12:53:33 18/12/19
460,99.9,9.05,1014.75,5.0,4.22 12:58:48 18/12/19
442,99.9,9.155001,1014.63,5.0,4.22 13:04:01 18/12/19
444,99.9,9.28,1014.69,5.0,4.22 13:09:15 18/12/19
451,99.9,9.530001,1014.69,5.0,4.21 13:14:29 18/12/19
448,99.9,9.745,1014.68,5.0,4.22 13:19:41 18/12/19
431,99.9,9.924999,1014.73,5.0,4.23 13:24:55 18/12/19
417,99.9,10.1,1014.67,5.0,4.22 13:30:09 18/12/19
405,99.9,10.135,1014.76,5.0,4.22 13:35:22 18/12/19
382,99.9,10.14,1014.66,5.0,4.22 13:40:35 18/12/19
416,99.9,10.085,1014.81,5.0,4.22 13:45:48 18/12/19
378,99.9,10.075,1014.83,5.0,4.22 13:51:02 18/12/19
386,99.9,10.065001,1014.76,5.0,4.22 13:56:15 18/12/19
386,99.9,10.059999,1014.84,4.5,4.21 14:01:28 18/12/19
379,99.9,10.045,1014.75,4.29,4.19 14:06:42 18/12/19
389,99.9,9.965,1014.75,4.73,4.17 14:11:55 18/12/19
398,99.9,9.934999,1014.76,4.49,4.17 14:17:09 18/12/19
398,99.9,9.805,1014.72,4.44,4.17 14:22:22 18/12/19
374,99.9,9.77,1014.77,4.24,4.16 14:27:35 18/12/19
368,99.9,9.690001,1014.63,5.0,4.15 14:32:49 18/12/19
385,99.9,9.6,1014.58,4.3,4.15 14:38:02 18/12/19
392,99.9,9.514999,1014.51,4.22,4.14 14:43:21 18/12/19
389,99.9,9.49,1014.51,4.34,4.15 14:48:37 18/12/19
383,99.9,9.48,1014.49,5.0,4.15 14:53:51 18/12/19
402,99.9,9.469999,1014.37,4.29,4.15 14:59:05 18/12/19
418,99.9,9.41,1014.42,5.0,4.15 15:04:17 18/12/19
388,99.9,9.42,1014.49,5.0,4.15 15:09:29 18/12/19
371,99.9,9.465,1014.36,4.22,4.14 15:14:45 18/12/19
336,99.9,9.41,1014.32,5.0,4.14 15:19:57 18/12/19
326,99.9,9.4,1014.41,4.9,4.16 15:25:11 18/12/19
302,99.9,9.389999,1014.44,5.0,4.15 15:30:25 18/12/19
305,99.9,9.309999,1014.4,5.0,4.14 15:35:36 18/12/19
314,99.9,9.24,1014.45,4.22,4.14 15:40:51 18/12/19
320,99.9,9.200001,1014.29,5.0,4.14 15:46:05 18/12/19
316,99.9,9.17,1014.29,5.0,4.14 15:51:15 18/12/19
302,99.9,9.085,1014.23,5.0,4.15 15:56:34 18/12/19
285,99.9,9.01,1014.17,5.0,4.16 16:01:53 18/12/19
271,99.9,8.934999,1014.21,5.0,4.15 16:07:09 18/12/19
273,99.9,8.88,1013.99,5.0,4.15 16:12:27 18/12/19
281,99.9,8.735001,1013.9,4.71,4.14 16:17:44 18/12/19
248,99.9,8.71,1014.0,5.0,4.14 16:23:00 18/12/19
218,99.9,8.690001,1013.97,4.27,4.13 16:28:16 18/12/19
192,99.9,8.63,1013.94,4.28,4.12 16:33:29 18/12/19
180,99.9,8.67,1013.82,4.22,4.11 16:38:43 18/12/19
176,99.9,8.66,1013.65,3.81,4.11 16:43:56 18/12/19
159,99.9,8.605,1013.45,3.04,4.1 16:49:08 18/12/19
146,99.9,8.585,1013.43,2.13,4.1 16:54:22 18/12/19
117,99.9,8.525,1013.48,1.34,4.09 16:59:35 18/12/19
102,99.9,8.57,1013.41,0.73,4.09 17:04:49 18/12/19
101,99.9,8.51,1013.48,0.36,4.08 17:10:01 18/12/19
94,99.9,8.440001,1013.52,0.16,4.08 17:15:15 18/12/19
88,99.9,8.43,1013.51,0.07,4.08 17:20:26 18/12/19
84,99.9,8.33,1013.49,0.02,4.08 17:25:41 18/12/19
86,99.9,8.21,1013.43,0.0,4.07 17:30:55 18/12/19
85,99.9,8.125,1013.35,0.0,4.07 17:36:07 18/12/19
82,99.9,8.1,1013.33,0.0,4.07 17:41:21 18/12/19
76,99.9,8.094999,1013.22,0.0,4.07 17:46:33 18/12/19
81,99.9,8.09,1013.26,0.0,4.07 17:51:47 18/12/19
79,99.9,8.025,1013.27,0.0,4.06 17:57:00 18/12/19
83,99.9,8.015,1013.2,0.0,4.06 18:02:13 18/12/19
80,99.9,8.01,1013.04,0.0,4.05 18:07:27 18/12/19
79,99.9,8.01,1013.03,0.0,4.06 18:12:39 18/12/19
80,99.9,8.01,1012.99,0.0,4.05 18:17:52 18/12/19
82,99.9,7.935,1012.92,0.0,4.05 18:23:06 18/12/19
80,99.9,7.895,1012.84,0.0,4.05 18:28:19 18/12/19
79,99.9,7.815,1012.81,0.0,4.05 18:33:30 18/12/19
79,99.9,7.785,1012.83,0.0,4.05 18:38:45 18/12/19
79,99.9,7.7200003,1012.83,0.0,4.04 18:43:58 18/12/19
79,99.9,7.7250004,1012.8,0.0,4.04 18:49:15 18/12/19
85,99.9,7.7200003,1012.67,0.0,4.04 18:54:33 18/12/19
81,99.9,7.715,1012.67,0.0,4.04 18:59:46 18/12/19
79,99.9,7.7,1012.71,0.0,4.04 19:04:59 18/12/19
77,99.9,7.6949997,1012.7,0.0,4.04 19:10:12 18/12/19
78,99.9,7.64,1012.87,0.0,4.03 19:15:26 18/12/19
81,99.9,7.63,1012.75,0.0,4.04 19:20:36 18/12/19
80,99.9,7.595,1012.84,0.0,4.03 19:25:51 18/12/19
82,99.9,7.605,1012.89,0.0,4.03 19:31:03 18/12/19
83,99.9,7.6,1012.78,0.0,4.03 19:36:17 18/12/19
79,99.9,7.615,1012.66,0.0,4.03 19:41:31 18/12/19
80,99.9,7.6899996,1012.78,0.0,4.03 19:46:44 18/12/19
81,99.9,7.705,1012.76,0.0,4.03 19:51:57 18/12/19
81,99.9,7.775,1012.7,0.0,4.03 19:57:08 18/12/19
82,99.9,7.795,1012.68,0.0,4.03 20:02:23 18/12/19
78,99.9,7.81,1012.63,0.0,4.03 20:07:37 18/12/19
78,99.9,7.885,1012.58,0.0,4.02 20:12:49 18/12/19
79,99.9,7.9,1012.51,0.0,4.02 20:18:02 18/12/19
84,99.9,7.9,1012.4,0.0,4.02 20:23:15 18/12/19
80,99.9,7.9,1012.55,0.0,4.02 20:28:32 18/12/19
76,99.9,7.9100003,1012.53,0.0,4.02 20:33:50 18/12/19
74,99.9,7.895,1012.52,0.0,4.02 20:39:03 18/12/19
74,99.9,7.835,1012.44,0.0,4.02 20:44:16 18/12/19
83,99.9,7.88,1012.5,0.0,4.01 20:49:40 18/12/19
80,99.9,7.885,1012.4,0.0,4.02 20:54:51 18/12/19
76,99.9,7.825,1012.33,0.0,4.01 21:00:04 18/12/19
77,99.9,7.875,1012.38,0.0,4.02 21:05:18 18/12/19
77,99.9,7.83,1012.38,0.0,4.02 21:10:29 18/12/19
83,99.9,7.885,1012.31,0.0,4.01 21:15:44 18/12/19
80,99.9,7.9,1012.19,0.0,4.01 21:20:57 18/12/19
83,99.9,7.895,1012.18,0.0,4.01 21:26:11 18/12/19
77,99.9,7.92,1012.11,0.0,4.01 21:31:23 18/12/19
77,99.9,7.9849997,1012.07,0.0,4.01 21:36:36 18/12/19
78,99.9,7.99,1012.02,0.0,4.01 21:41:49 18/12/19
85,99.9,7.99,1011.96,0.0,4.01 21:47:03 18/12/19
73,99.9,8.0,1012.02,0.0,4.01 21:52:20 18/12/19
66,99.9,8.015,1011.94,0.0,4.01 21:57:37 18/12/19
77,99.9,8.085,1011.87,0.0,4.01 22:02:54 18/12/19
77,99.9,8.1,1011.68,0.0,4.01 22:08:16 18/12/19
80,99.9,8.1,1011.69,0.0,4.01 22:13:34 18/12/19
80,99.9,8.165,1011.69,0.0,4.0 22:18:48 18/12/19
78,99.9,8.18,1011.61,0.0,4.0 22:24:00 18/12/19
80,99.9,8.195,1011.67,0.0,4.0 22:29:13 18/12/19
79,99.9,8.195,1011.64,0.0,4.0 22:34:27 18/12/19
80,99.9,8.205,1011.59,0.0,4.0 22:39:38 18/12/19
82,99.9,8.264999,1011.53,0.0,4.0 22:44:53 18/12/19
80,99.9,8.28,1011.42,0.0,4.0 22:50:07 18/12/19
76,99.9,8.295,1011.4,0.0,4.0 22:55:19 18/12/19
82,99.9,8.355,1011.22,0.0,4.0 23:00:32 18/12/19
81,99.9,8.395,1011.13,0.0,4.0 23:05:45 18/12/19
80,99.9,8.555,1011.02,0.0,4.0 23:11:01 18/12/19
81,99.9,8.685,1011.03,0.0,4.0 23:16:12 18/12/19
79,99.9,8.775,1010.99,0.0,4.0 23:21:25 18/12/19
76,99.9,8.87,1010.99,0.0,4.0 23:26:38 18/12/19
80,99.9,8.96,1010.98,0.0,4.0 23:31:52 18/12/19
79,99.9,8.98,1010.95,0.0,4.0 23:37:05 18/12/19
81,99.9,9.055,1010.93,0.0,4.0 23:42:18 18/12/19
82,99.9,9.08,1010.8,0.0,4.0 23:47:32 18/12/19
81,99.9,9.1,1010.81,0.0,4.0 23:52:45 18/12/19
83,99.9,9.165,1010.73,0.0,3.99 23:57:59 18/12/19
