63,99.9,8.41,978.75,0.0,3.99 00:02:35 22/12/19
60,99.9,8.389999,978.67,0.0,3.99 00:07:48 22/12/19
78,99.9,8.389999,978.63,0.0,3.99 00:13:02 22/12/19
66,99.9,8.389999,978.54,0.0,3.99 00:18:14 22/12/19
67,99.9,8.33,978.39,0.0,3.99 00:23:26 22/12/19
68,99.9,8.32,978.38,0.0,3.99 00:28:39 22/12/19
68,99.9,8.32,978.46,0.0,3.98 00:33:54 22/12/19
71,99.9,8.309999,978.4,0.0,3.98 00:39:08 22/12/19
67,99.9,8.305,978.35,0.0,3.98 00:44:20 22/12/19
72,99.9,8.295,978.3,0.0,3.98 00:49:33 22/12/19
70,99.9,8.285,978.26,0.0,3.98 00:54:50 22/12/19
58,99.9,8.28,978.24,0.0,3.98 01:00:08 22/12/19
72,99.9,8.275,978.24,0.0,3.98 01:05:21 22/12/19
59,99.9,8.264999,978.16,0.0,3.98 01:10:35 22/12/19
70,99.9,8.215,978.11,0.0,3.98 01:15:48 22/12/19
48,99.9,8.22,978.13,0.0,3.98 01:21:01 22/12/19
48,99.9,8.225,978.14,0.0,3.98 01:26:17 22/12/19
63,99.9,8.29,978.15,0.0,3.98 01:31:36 22/12/19
58,99.9,8.305,978.09,0.0,3.98 01:36:49 22/12/19
58,99.9,8.299999,978.13,0.0,3.98 01:42:02 22/12/19
55,99.9,8.24,978.03,0.0,3.98 01:47:15 22/12/19
48,99.9,8.285,977.99,0.0,3.98 01:52:28 22/12/19
42,99.9,8.235,977.99,0.0,3.98 01:57:42 22/12/19
56,99.9,8.295,978.04,0.0,3.97 02:02:57 22/12/19
58,99.9,8.235,977.97,0.0,3.98 02:08:09 22/12/19
54,99.9,8.21,977.97,0.0,3.97 02:13:21 22/12/19
61,99.9,8.15,978.0,0.0,3.97 02:18:34 22/12/19
47,99.9,8.13,978.07,0.0,3.98 02:23:47 22/12/19
73,99.9,8.12,978.12,0.0,3.97 02:29:05 22/12/19
76,99.9,8.12,978.13,0.0,3.97 02:34:22 22/12/19
71,99.9,8.110001,978.14,0.0,3.98 02:39:36 22/12/19
42,99.9,8.094999,978.06,0.0,3.98 02:44:49 22/12/19
68,99.9,8.094999,978.04,0.0,3.97 02:50:02 22/12/19
75,99.9,8.085,978.03,0.0,3.97 02:55:15 22/12/19
73,99.9,8.09,978.12,0.0,3.97 03:00:28 22/12/19
66,99.9,8.085,978.16,0.0,3.97 03:05:41 22/12/19
80,99.9,8.105,978.14,0.0,3.97 03:10:53 22/12/19
78,99.9,8.115,978.12,0.0,3.97 03:16:11 22/12/19
77,99.9,8.18,978.09,0.0,3.97 03:21:29 22/12/19
74,99.9,8.2,978.14,0.0,3.97 03:26:42 22/12/19
75,99.9,8.215,978.09,0.0,3.97 03:31:59 22/12/19
74,99.9,8.285,978.07,0.0,3.97 03:37:17 22/12/19
70,99.9,8.305,978.07,0.0,3.97 03:42:34 22/12/19
71,99.9,8.32,978.07,0.01,3.96 03:47:53 22/12/19
92,99.9,8.405001,978.01,0.0,3.97 03:53:09 22/12/19
78,99.9,8.485,977.92,0.0,3.97 03:58:27 22/12/19
70,99.9,8.49,977.89,0.0,3.97 04:03:40 22/12/19
80,99.9,8.495,977.86,0.0,3.97 04:08:53 22/12/19
75,99.9,8.51,977.82,0.0,3.97 04:14:10 22/12/19
40,99.9,8.515,977.74,0.0,3.97 04:19:28 22/12/19
69,99.9,8.57,977.8,0.0,3.97 04:24:41 22/12/19
67,99.9,8.525,977.77,0.0,3.96 04:29:56 22/12/19
66,99.9,8.565001,977.76,0.0,3.97 04:35:08 22/12/19
80,99.9,8.57,977.7,0.0,3.96 04:40:22 22/12/19
68,99.9,8.585,977.75,0.0,3.96 04:45:34 22/12/19
55,99.9,8.594999,977.71,0.0,3.96 04:50:47 22/12/19
70,99.9,8.594999,977.74,0.0,3.96 04:56:01 22/12/19
53,99.9,8.605,977.77,0.0,3.97 05:01:12 22/12/19
63,99.9,8.62,977.81,0.0,3.97 05:06:28 22/12/19
75,99.9,8.67,977.77,0.0,3.96 05:11:44 22/12/19
75,99.9,8.685,977.81,0.0,3.96 05:17:03 22/12/19
70,99.9,8.695,977.83,0.0,3.96 05:22:15 22/12/19
73,99.9,8.700001,977.86,0.0,3.96 05:27:29 22/12/19
74,99.9,8.705,977.89,0.0,3.96 05:32:42 22/12/19
70,99.9,8.764999,977.9,0.0,3.96 05:37:56 22/12/19
83,99.9,8.785,977.98,0.0,3.96 05:43:08 22/12/19
79,99.9,8.795,977.93,0.0,3.96 05:48:22 22/12/19
61,99.9,8.809999,978.0,0.0,3.96 05:53:33 22/12/19
67,99.9,8.865,978.02,0.0,3.96 05:58:49 22/12/19
60,99.9,8.875,978.09,0.0,3.96 06:04:01 22/12/19
65,99.9,8.88,978.11,0.0,3.96 06:09:18 22/12/19
56,99.9,8.895,978.12,0.0,3.96 06:14:36 22/12/19
57,99.9,8.9,978.06,0.0,3.96 06:19:53 22/12/19
56,99.9,8.965,978.16,0.0,3.96 06:25:11 22/12/19
62,99.9,8.965,978.15,0.0,3.96 06:30:28 22/12/19
63,99.9,8.965,978.17,0.0,3.96 06:35:44 22/12/19
65,99.9,8.975,978.22,0.0,3.96 06:41:03 22/12/19
59,99.9,8.975,978.21,0.0,3.96 06:46:21 22/12/19
60,99.9,8.975,978.24,0.0,3.96 06:51:38 22/12/19
59,99.9,8.985,978.29,0.0,3.96 06:56:55 22/12/19
64,99.9,8.98,978.23,0.0,3.96 07:02:13 22/12/19
45,99.9,8.985,978.2,0.0,3.96 07:07:31 22/12/19
59,99.9,8.985,978.19,0.0,3.96 07:12:47 22/12/19
62,99.9,9.05,978.15,0.0,3.96 07:17:58 22/12/19
66,99.9,9.059999,978.2,0.0,3.96 07:23:11 22/12/19
50,99.9,9.08,978.27,0.0,3.96 07:28:24 22/12/19
69,99.9,9.08,978.22,0.0,3.96 07:33:38 22/12/19
63,99.9,9.094999,978.33,0.0,3.96 07:38:51 22/12/19
31,99.9,9.105,978.4,0.0,3.96 07:44:02 22/12/19
61,99.9,9.110001,978.43,0.01,3.96 07:49:21 22/12/19
60,99.9,9.115,978.42,0.01,3.96 07:54:39 22/12/19
62,99.9,9.17,978.49,0.02,3.95 07:59:56 22/12/19
63,99.9,9.16,978.54,0.07,3.96 08:05:14 22/12/19
76,99.9,9.1,978.57,0.23,3.96 08:10:29 22/12/19
87,99.9,9.094999,978.66,0.71,3.96 08:15:41 22/12/19
84,99.9,9.09,978.64,1.53,3.96 08:20:52 22/12/19
48,99.9,9.08,978.68,1.64,3.96 08:26:07 22/12/19
114,99.9,9.075,978.76,3.05,3.96 08:31:19 22/12/19
134,99.9,9.055,978.84,4.05,3.96 08:36:34 22/12/19
172,99.9,8.995,978.84,4.69,3.96 08:41:47 22/12/19
176,99.9,8.985,978.87,4.19,3.96 08:46:59 22/12/19
163,99.9,8.969999,978.9,4.02,3.96 08:52:14 22/12/19
167,99.9,8.92,978.97,4.17,3.96 08:57:28 22/12/19
161,99.9,8.9,979.04,4.56,3.96 09:02:40 22/12/19
142,99.9,8.9,979.14,4.59,3.95 09:07:57 22/12/19
183,99.9,8.9,979.2,4.59,3.96 09:13:15 22/12/19
186,99.9,8.915,979.33,4.74,3.95 09:18:32 22/12/19
176,99.9,8.98,979.46,4.19,3.95 09:23:50 22/12/19
222,99.9,8.995,979.53,4.06,3.95 09:29:07 22/12/19
250,99.9,9.01,979.57,4.07,3.96 09:34:25 22/12/19
281,99.9,9.075,979.7,5.0,3.96 09:39:39 22/12/19
261,99.9,9.085,979.76,4.02,3.96 09:44:52 22/12/19
253,99.9,9.094999,979.77,4.08,3.97 09:50:05 22/12/19
262,99.9,9.110001,979.93,4.1,3.97 09:55:19 22/12/19
271,99.9,9.17,980.0,5.0,3.97 10:00:32 22/12/19
264,99.9,9.175,980.09,4.57,3.97 10:05:43 22/12/19
250,99.9,9.185,980.15,4.93,3.97 10:10:58 22/12/19
265,99.9,9.195,980.23,5.0,3.97 10:16:15 22/12/19
288,99.9,9.200001,980.29,4.32,3.97 10:21:37 22/12/19
297,99.9,9.27,980.39,5.0,3.97 10:26:55 22/12/19
306,99.9,9.285,980.48,4.31,3.98 10:32:12 22/12/19
338,99.9,9.360001,980.44,5.0,4.0 10:37:30 22/12/19
377,99.9,9.33,980.58,5.0,4.01 10:42:44 22/12/19
371,99.9,9.41,980.69,4.07,4.01 10:47:57 22/12/19
382,99.9,9.49,980.76,4.92,4.02 10:53:10 22/12/19
390,99.9,9.58,980.78,4.13,4.03 10:58:26 22/12/19
392,99.9,9.625,980.88,4.14,4.04 11:03:37 22/12/19
396,99.9,9.764999,980.93,5.0,4.04 11:08:50 22/12/19
394,99.9,9.815001,980.93,4.12,4.06 11:14:04 22/12/19
352,99.9,9.91,980.95,4.88,4.05 11:19:18 22/12/19
312,99.9,9.995,981.01,4.16,4.03 11:24:30 22/12/19
380,99.9,10.02,981.0,5.0,4.05 11:29:44 22/12/19
382,99.9,10.094999,981.08,4.81,4.08 11:34:57 22/12/19
370,99.9,10.12,981.06,4.19,4.05 11:40:11 22/12/19
374,99.9,10.13,981.01,5.0,4.08 11:45:24 22/12/19
371,99.9,10.195,981.08,4.21,4.11 11:50:38 22/12/19
414,99.9,10.200001,981.07,4.31,4.15 11:55:51 22/12/19
411,99.9,10.275,981.08,4.33,4.18 12:01:04 22/12/19
394,99.9,10.305,981.14,4.22,4.13 12:06:18 22/12/19
346,99.9,10.32,981.15,4.42,4.13 12:11:31 22/12/19
353,99.9,10.38,981.19,5.0,4.14 12:16:45 22/12/19
334,99.9,10.385,981.2,4.22,4.13 12:21:57 22/12/19
323,99.9,10.395,981.21,5.0,4.13 12:27:12 22/12/19
272,99.9,10.389999,981.21,5.0,4.11 12:32:24 22/12/19
293,99.9,10.38,981.23,4.17,4.12 12:37:37 22/12/19
300,99.9,10.375,981.33,5.0,4.11 12:42:52 22/12/19
304,99.9,10.32,981.34,4.91,4.11 12:48:06 22/12/19
279,99.9,10.299999,981.45,5.0,4.1 12:53:19 22/12/19
291,99.9,10.295,981.5,5.0,4.1 12:58:32 22/12/19
330,99.9,10.29,981.5,5.0,4.12 13:03:49 22/12/19
327,99.9,10.295,981.57,5.0,4.12 13:09:08 22/12/19
310,99.9,10.29,981.58,5.0,4.14 13:14:21 22/12/19
