22,99.9,8.594999,994.61,0.0,3.99 00:04:09 23/12/19
22,99.9,8.6,994.68,0.0,3.99 00:09:22 23/12/19
23,99.9,8.605,994.78,0.0,3.99 00:14:35 23/12/19
23,99.9,8.605,994.76,0.0,3.99 00:19:48 23/12/19
24,99.9,8.594999,994.9,0.0,3.99 00:25:02 23/12/19
24,99.9,8.605,995.0,0.0,3.98 00:30:17 23/12/19
25,99.9,8.610001,995.06,0.0,3.98 00:35:28 23/12/19
25,99.9,8.610001,995.15,0.0,3.98 00:40:39 23/12/19
25,99.9,8.610001,995.14,0.0,3.98 00:45:54 23/12/19
26,99.9,8.62,995.23,0.0,3.98 00:51:11 23/12/19
25,99.9,8.625,995.31,0.0,3.98 00:56:29 23/12/19
25,99.9,8.625,995.34,0.0,3.98 01:01:42 23/12/19
25,99.9,8.625,995.41,0.0,3.98 01:06:58 23/12/19
26,99.9,8.63,995.5,0.0,3.98 01:12:07 23/12/19
26,99.9,8.625,995.55,0.0,3.98 01:17:22 23/12/19
25,99.9,8.615,995.59,0.0,3.98 01:22:35 23/12/19
25,99.9,8.62,995.66,0.0,3.98 01:27:52 23/12/19
24,99.9,8.62,995.73,0.0,3.98 01:33:10 23/12/19
26,99.9,8.625,995.75,0.0,3.98 01:38:23 23/12/19
26,99.9,8.62,995.79,0.0,3.98 01:43:37 23/12/19
26,99.9,8.62,995.8,0.0,3.98 01:48:50 23/12/19
26,99.9,8.625,995.84,0.0,3.98 01:54:03 23/12/19
26,99.9,8.62,995.9,0.0,3.98 01:59:16 23/12/19
26,99.9,8.56,995.99,0.0,3.97 02:04:31 23/12/19
25,99.9,8.54,996.1,0.0,3.98 02:09:43 23/12/19
26,99.9,8.53,996.19,0.0,3.98 02:14:57 23/12/19
26,99.9,8.52,996.35,0.0,3.98 02:20:09 23/12/19
27,99.9,8.515,996.45,0.0,3.97 02:25:22 23/12/19
25,99.9,8.515,996.54,0.0,3.97 02:30:37 23/12/19
25,99.9,8.51,996.6,0.0,3.97 02:35:49 23/12/19
25,99.9,8.505,996.77,0.0,3.97 02:41:03 23/12/19
26,99.9,8.5,996.85,0.0,3.97 02:46:14 23/12/19
26,99.9,8.445,996.94,0.0,3.97 02:51:28 23/12/19
25,99.9,8.440001,997.02,0.0,3.97 02:56:42 23/12/19
25,99.9,8.445,997.1,0.0,3.97 03:01:55 23/12/19
26,99.9,8.43,997.14,0.0,3.97 03:07:06 23/12/19
30,99.9,8.434999,997.31,0.0,3.97 03:12:22 23/12/19
30,99.9,8.43,997.37,0.0,3.97 03:17:34 23/12/19
30,99.9,8.415,997.48,0.0,3.97 03:22:47 23/12/19
29,99.9,8.415,997.42,0.0,3.97 03:28:01 23/12/19
28,99.9,8.360001,997.57,0.0,3.97 03:33:12 23/12/19
29,99.9,8.344999,997.58,0.0,3.97 03:38:25 23/12/19
32,99.9,8.325,997.61,0.0,3.97 03:43:41 23/12/19
31,99.9,8.32,997.69,0.0,3.97 03:48:53 23/12/19
31,99.9,8.309999,997.86,0.0,3.97 03:54:06 23/12/19
31,99.9,8.299999,997.88,0.0,3.96 03:59:24 23/12/19
27,99.9,8.299999,998.08,0.0,3.97 04:04:39 23/12/19
29,99.9,8.23,998.1,0.0,3.97 04:09:53 23/12/19
32,99.9,8.205,998.21,0.0,3.96 04:15:11 23/12/19
30,99.9,8.205,998.32,0.0,3.97 04:20:29 23/12/19
30,99.9,8.205,998.34,0.0,3.96 04:25:41 23/12/19
28,99.9,8.205,998.44,0.0,3.97 04:30:55 23/12/19
31,99.9,8.21,998.49,0.0,3.96 04:36:09 23/12/19
29,99.9,8.22,998.51,0.0,3.96 04:41:25 23/12/19
28,99.9,8.23,998.62,0.0,3.96 04:46:43 23/12/19
30,99.9,8.235,998.77,0.0,3.96 04:52:00 23/12/19
29,99.9,8.309999,998.87,0.0,3.96 04:57:18 23/12/19
30,99.9,8.315001,998.93,0.0,3.96 05:02:31 23/12/19
30,99.9,8.32,998.99,0.0,3.96 05:07:45 23/12/19
29,99.9,8.335,999.04,0.0,3.96 05:12:58 23/12/19
30,99.9,8.355,999.17,0.0,3.96 05:18:16 23/12/19
29,99.9,8.42,999.23,0.0,3.96 05:23:36 23/12/19
29,99.9,8.434999,999.26,0.0,3.96 05:28:54 23/12/19
27,99.9,8.434999,999.31,0.0,3.96 05:34:06 23/12/19
27,99.9,8.450001,999.38,0.0,3.96 05:39:24 23/12/19
25,99.9,8.505,999.44,0.0,3.96 05:44:43 23/12/19
25,99.9,8.505,999.62,0.0,3.96 05:49:59 23/12/19
24,99.9,8.52,999.74,0.0,3.96 05:55:17 23/12/19
24,99.9,8.51,999.84,0.0,3.96 06:00:30 23/12/19
23,99.9,8.455,999.88,0.0,3.96 06:05:44 23/12/19
23,99.9,8.440001,999.91,0.0,3.96 06:10:57 23/12/19
23,99.9,8.43,1000.02,0.0,3.96 06:16:10 23/12/19
22,99.9,8.405001,1000.12,0.0,3.96 06:21:24 23/12/19
22,99.9,8.325,1000.11,0.0,3.96 06:26:36 23/12/19
23,99.9,8.235,1000.25,0.0,3.96 06:31:49 23/12/19
25,99.9,8.165,1000.39,0.0,3.96 06:37:03 23/12/19
24,99.9,8.145,1000.51,0.0,3.96 06:42:14 23/12/19
24,99.9,8.139999,1000.63,0.0,3.96 06:47:29 23/12/19
24,99.9,8.195,1000.67,0.0,3.96 06:52:41 23/12/19
24,99.9,8.195,1000.78,0.0,3.96 06:57:55 23/12/19
25,99.9,8.21,1000.83,0.0,3.96 07:03:09 23/12/19
23,99.9,8.23,1000.99,0.0,3.96 07:08:25 23/12/19
24,99.9,8.295,1001.18,0.0,3.96 07:13:43 23/12/19
24,99.9,8.309999,1001.22,0.0,3.96 07:18:56 23/12/19
23,99.9,8.305,1001.28,0.0,3.96 07:24:18 23/12/19
23,99.9,8.315001,1001.45,0.0,3.96 07:29:31 23/12/19
23,99.9,8.305,1001.53,0.0,3.95 07:34:44 23/12/19
23,99.9,8.245,1001.52,0.0,3.96 07:39:56 23/12/19
24,99.9,8.225,1001.54,0.01,3.95 07:45:11 23/12/19
25,99.9,8.139999,1001.67,0.05,3.96 07:50:25 23/12/19
25,99.9,8.110001,1001.72,0.11,3.95 07:55:37 23/12/19
27,99.9,8.03,1001.86,0.25,3.96 08:00:50 23/12/19
30,99.9,7.96,1001.89,0.52,3.96 08:06:03 23/12/19
34,99.9,7.9300003,1002.09,1.03,3.95 08:11:16 23/12/19
40,99.9,7.85,1002.22,1.79,3.95 08:16:30 23/12/19
48,99.9,7.83,1002.4,2.66,3.95 08:21:43 23/12/19
63,99.9,7.8199997,1002.48,3.61,3.95 08:26:56 23/12/19
77,99.9,7.7999997,1002.56,4.01,3.95 08:32:08 23/12/19
99,99.9,7.805,1002.71,4.2,3.95 08:37:22 23/12/19
114,99.9,7.745,1002.8,4.43,3.95 08:42:35 23/12/19
129,99.9,7.805,1002.94,4.79,3.96 08:47:47 23/12/19
143,99.9,7.805,1003.19,4.28,3.94 08:53:17 23/12/19
146,99.9,7.825,1003.22,4.62,3.95 08:58:30 23/12/19
162,99.9,7.8199997,1003.23,4.68,3.95 09:03:45 23/12/19
181,99.9,7.825,1003.31,4.02,3.95 09:08:58 23/12/19
185,99.9,7.8399997,1003.38,4.18,3.95 09:14:18 23/12/19
215,99.9,7.9100003,1003.48,4.75,3.96 09:19:41 23/12/19
211,99.9,7.9800005,1003.63,5.0,3.96 09:24:54 23/12/19
230,99.9,7.94,1003.76,4.06,3.96 09:30:07 23/12/19
215,99.9,8.01,1003.74,5.0,3.96 09:35:21 23/12/19
224,99.9,8.025,1003.84,4.29,3.96 09:40:34 23/12/19
228,99.9,8.025,1003.94,5.0,3.97 09:45:47 23/12/19
255,99.9,8.03,1004.06,5.0,3.97 09:51:00 23/12/19
265,99.9,8.094999,1004.22,4.12,3.98 09:56:14 23/12/19
263,99.9,8.13,1004.31,4.44,3.98 10:01:29 23/12/19
274,99.9,8.205,1004.37,4.68,3.98 10:06:39 23/12/19
262,99.9,8.225,1004.5,4.07,3.98 10:11:56 23/12/19
308,99.9,8.309999,1004.65,4.16,3.98 10:17:14 23/12/19
309,99.9,8.32,1004.68,4.17,3.99 10:22:27 23/12/19
285,99.9,8.355,1004.81,5.0,3.99 10:27:42 23/12/19
314,99.9,8.42,1004.92,5.0,4.0 10:32:53 23/12/19
343,99.9,8.43,1004.98,5.0,4.02 10:38:07 23/12/19
334,99.9,8.455,1005.07,4.08,4.03 10:43:18 23/12/19
332,99.9,8.53,1005.14,5.0,4.03 10:48:33 23/12/19
330,99.9,8.605,1005.21,4.22,4.03 10:53:50 23/12/19
310,99.9,8.63,1005.26,4.16,4.04 10:59:08 23/12/19
348,99.9,8.639999,1005.32,4.09,4.04 11:04:25 23/12/19
309,99.9,8.705,1005.41,5.0,4.03 11:09:43 23/12/19
319,99.9,8.72,1005.52,5.0,4.04 11:14:55 23/12/19
312,99.9,8.73,1005.59,4.48,4.03 11:20:10 23/12/19
305,99.9,8.745001,1005.62,5.0,4.04 11:25:28 23/12/19
333,99.9,8.82,1005.67,5.0,4.05 11:30:45 23/12/19
318,99.9,8.885,1005.7,4.15,4.05 11:35:58 23/12/19
310,99.9,8.915,1005.77,4.11,4.06 11:41:11 23/12/19
306,99.9,8.934999,1005.89,4.1,4.05 11:46:24 23/12/19
319,99.9,9.0,1005.96,5.0,4.05 11:51:38 23/12/19
302,99.9,9.02,1006.12,4.71,4.05 11:56:51 23/12/19
278,99.9,9.025,1006.07,5.0,4.05 12:02:04 23/12/19
246,99.9,9.014999,1006.14,4.86,4.04 12:07:17 23/12/19
230,99.9,8.97,1006.29,4.47,4.04 12:12:31 23/12/19
277,99.9,8.955,1006.26,4.56,4.05 12:17:44 23/12/19
241,99.9,8.950001,1006.35,5.0,4.03 12:22:57 23/12/19
308,99.9,8.950001,1006.39,5.0,4.04 12:28:10 23/12/19
252,99.9,8.945,1006.38,5.0,4.04 12:33:25 23/12/19
304,99.9,8.934999,1006.41,5.0,4.04 12:38:37 23/12/19
341,99.9,8.995,1006.53,5.0,4.08 12:43:48 23/12/19
313,99.9,9.014999,1006.52,5.0,4.07 12:49:06 23/12/19
253,99.9,9.03,1006.57,4.11,4.06 12:54:15 23/12/19
274,99.9,9.025,1006.7,4.18,4.06 12:59:30 23/12/19
289,99.9,9.03,1006.74,4.39,4.07 13:04:43 23/12/19
311,99.9,9.09,1006.83,4.16,4.09 13:09:56 23/12/19
331,99.9,9.105,1006.98,4.22,4.11 13:15:10 23/12/19
318,99.9,9.125,1007.05,5.0,4.11 13:20:23 23/12/19
352,99.9,9.185,1007.06,4.9,4.15 13:25:36 23/12/19
380,99.9,9.21,1007.08,4.39,4.14 13:30:49 23/12/19
300,99.9,9.24,1007.23,4.65,4.11 13:36:03 23/12/19
309,99.9,9.245001,1007.32,5.0,4.12 13:41:15 23/12/19
303,99.9,9.299999,1007.42,5.0,4.13 13:46:36 23/12/19
283,99.9,9.305,1007.5,5.0,4.12 13:51:51 23/12/19
295,99.9,9.295,1007.62,5.0,4.14 13:57:03 23/12/19
298,99.9,9.24,1007.7,4.3,4.14 14:02:22 23/12/19
350,99.9,9.245001,1007.76,5.0,4.15 14:07:39 23/12/19
320,99.9,9.305,1007.86,5.0,4.12 14:12:53 23/12/19
304,99.9,9.315001,1007.92,4.23,4.16 14:18:05 23/12/19
318,99.9,9.315001,1007.91,5.0,4.15 14:23:19 23/12/19
342,99.9,9.325,1008.0,4.62,4.15 14:28:39 23/12/19
343,99.9,9.395,1008.1,5.0,4.16 14:33:53 23/12/19
342,99.9,9.405001,1008.08,5.0,4.14 14:39:08 23/12/19
357,99.9,9.425,1008.16,4.19,4.14 14:44:20 23/12/19
315,99.9,9.49,1008.16,5.0,4.13 14:49:34 23/12/19
282,99.9,9.504999,1008.32,4.4,4.15 14:54:51 23/12/19
269,99.9,9.514999,1008.36,5.0,4.16 15:00:09 23/12/19
285,99.9,9.51,1008.44,5.0,4.14 15:05:23 23/12/19
261,99.9,9.495,1008.47,4.22,4.14 15:10:37 23/12/19
262,99.9,9.5,1008.58,4.34,4.16 15:15:48 23/12/19
238,99.9,9.485,1008.58,5.0,4.15 15:21:01 23/12/19
232,99.9,9.425,1008.61,4.49,4.15 15:26:15 23/12/19
217,99.9,9.415,1008.65,5.0,4.14 15:31:29 23/12/19
184,99.9,9.41,1008.68,5.0,4.13 15:36:43 23/12/19
166,99.9,9.405001,1008.74,4.31,4.13 15:41:57 23/12/19
196,99.9,9.344999,1008.81,5.0,4.12 15:47:09 23/12/19
174,99.9,9.389999,1009.01,5.0,4.12 15:52:23 23/12/19
158,99.9,9.33,1009.08,5.0,4.12 15:57:34 23/12/19
155,99.9,9.309999,1009.16,4.42,4.11 16:02:49 23/12/19
149,99.9,9.309999,1009.37,4.19,4.1 16:08:04 23/12/19
148,99.9,9.305,1009.46,4.76,4.1 16:13:14 23/12/19
140,99.9,9.295,1009.54,4.59,4.1 16:18:29 23/12/19
137,99.9,9.295,1009.66,4.37,4.09 16:23:43 23/12/19
113,99.9,9.23,1009.71,4.16,4.08 16:28:56 23/12/19
90,99.9,9.215,1009.76,4.01,4.08 16:34:10 23/12/19
76,99.9,9.205,1009.79,3.65,4.08 16:39:20 23/12/19
65,99.9,9.190001,1009.85,2.99,4.07 16:44:39 23/12/19
49,99.9,9.190001,1009.99,2.39,4.08 16:49:55 23/12/19
43,99.9,9.125,1010.15,1.81,4.07 16:55:14 23/12/19
33,99.9,9.115,1010.2,0.86,4.07 17:00:32 23/12/19
28,99.9,9.110001,1010.33,0.37,4.06 17:05:46 23/12/19
24,99.9,9.045,1010.39,0.15,4.06 17:11:02 23/12/19
25,99.9,9.09,1010.41,0.09,4.06 17:16:21 23/12/19
24,99.9,9.045,1010.48,0.04,4.06 17:21:34 23/12/19
25,99.9,9.094999,1010.53,0.03,4.06 17:26:45 23/12/19
23,99.9,9.04,1010.52,0.01,4.06 17:31:59 23/12/19
22,99.9,9.025,1010.59,0.0,4.05 17:37:14 23/12/19
23,99.9,9.02,1010.74,0.0,4.05 17:42:25 23/12/19
23,99.9,8.945,1010.8,0.0,4.05 17:47:40 23/12/19
22,99.9,9.0,1010.83,0.0,4.05 17:52:53 23/12/19
21,99.9,8.99,1010.89,0.0,4.05 17:58:05 23/12/19
21,99.9,8.92,1010.93,0.0,4.04 18:03:20 23/12/19
21,99.9,8.895,1010.94,0.0,4.04 18:08:33 23/12/19
21,99.9,8.82,1010.98,0.0,4.04 18:13:46 23/12/19
21,99.9,8.815001,1011.02,0.0,4.04 18:19:00 23/12/19
21,99.9,8.805,1011.0,0.0,4.04 18:24:13 23/12/19
61,99.9,8.795,1011.0,0.0,4.04 18:29:26 23/12/19
26,99.9,8.795,1011.0,0.0,4.03 18:34:39 23/12/19
24,99.9,8.735001,1010.95,0.0,4.03 18:39:56 23/12/19
65,99.9,8.725,1010.97,0.0,4.03 18:45:14 23/12/19
26,99.9,8.71,1011.09,0.0,4.03 18:50:27 23/12/19
59,99.9,8.71,1011.16,0.0,4.03 18:55:41 23/12/19
26,99.9,8.705,1011.26,0.0,4.03 19:00:54 23/12/19
22,99.9,8.690001,1011.31,0.0,4.03 19:06:07 23/12/19
21,99.9,8.62,1011.34,0.0,4.03 19:11:20 23/12/19
22,99.9,8.62,1011.41,0.0,4.03 19:16:38 23/12/19
25,99.9,8.62,1011.46,0.0,4.03 19:21:55 23/12/19
26,99.9,8.610001,1011.5,0.0,4.02 19:27:08 23/12/19
25,99.9,8.6,1011.37,0.0,4.02 19:32:22 23/12/19
24,99.9,8.54,1011.61,0.0,4.02 19:37:35 23/12/19
23,99.9,8.525,1011.69,0.0,4.02 19:42:49 23/12/19
23,99.9,8.51,1011.78,0.0,4.02 19:48:01 23/12/19
22,99.9,8.495,1011.82,0.0,4.02 19:53:13 23/12/19
22,99.9,8.43,1011.92,0.0,4.02 19:58:27 23/12/19
21,99.9,8.425,1012.02,0.0,4.02 20:03:42 23/12/19
20,99.9,8.34,1012.09,0.0,4.02 20:08:55 23/12/19
20,99.9,8.335,1012.28,0.0,4.02 20:14:07 23/12/19
20,99.9,8.315001,1012.33,0.0,4.01 20:19:28 23/12/19
20,99.9,8.32,1012.51,0.0,4.02 20:24:43 23/12/19
19,99.9,8.309999,1012.45,0.0,4.01 20:29:53 23/12/19
20,99.9,8.315001,1012.45,0.0,4.01 20:35:07 23/12/19
21,99.9,8.33,1012.43,0.0,4.01 20:40:21 23/12/19
21,99.9,8.344999,1012.46,0.0,4.01 20:45:35 23/12/19
21,99.9,8.41,1012.45,0.0,4.01 20:50:52 23/12/19
21,99.9,8.475,1012.5,0.0,4.01 20:56:13 23/12/19
21,99.9,8.495,1012.64,0.0,4.01 21:01:31 23/12/19
20,99.9,8.495,1012.61,0.0,4.01 21:06:44 23/12/19
20,99.9,8.5,1012.69,0.0,4.01 21:12:02 23/12/19
18,99.9,8.5,1012.62,0.0,4.01 21:17:17 23/12/19
19,99.9,8.495,1012.68,0.0,4.01 21:22:32 23/12/19
19,99.9,8.42,1012.62,0.0,4.0 21:27:46 23/12/19
18,99.9,8.395,1012.59,0.0,4.01 21:32:59 23/12/19
18,99.9,8.315001,1012.65,0.0,4.01 21:38:13 23/12/19
18,99.9,8.299999,1012.69,0.0,4.0 21:43:25 23/12/19
16,99.9,8.225,1012.7,0.0,4.0 21:48:36 23/12/19
18,99.9,8.125,1012.68,0.0,4.0 21:53:51 23/12/19
19,99.9,8.105,1012.63,0.0,4.0 21:59:08 23/12/19
18,99.9,8.03,1012.66,0.0,4.0 22:04:30 23/12/19
18,99.9,8.005,1012.72,0.0,4.0 22:09:48 23/12/19
21,99.9,7.9700003,1012.8,0.0,4.0 22:15:01 23/12/19
56,99.9,7.835,1012.86,0.0,4.0 22:20:15 23/12/19
19,99.9,7.805,1012.88,0.0,4.0 22:25:32 23/12/19
15,99.9,7.7250004,1012.9,0.0,4.0 22:30:47 23/12/19
17,99.9,7.7,1012.94,0.0,4.0 22:36:02 23/12/19
17,99.9,7.6899996,1013.01,0.0,4.0 22:41:18 23/12/19
18,99.9,7.6800003,1012.96,0.0,4.0 22:46:36 23/12/19
19,99.9,7.61,1012.98,0.0,4.0 22:51:50 23/12/19
41,99.9,7.595,1013.05,0.0,4.0 22:57:02 23/12/19
16,99.9,7.5299997,1013.0,0.0,3.99 23:02:16 23/12/19
17,99.9,7.58,1013.08,0.0,3.99 23:07:27 23/12/19
19,99.9,7.535,1013.12,0.0,3.99 23:12:46 23/12/19
19,99.9,7.59,1013.11,0.0,3.99 23:18:03 23/12/19
16,99.9,7.595,1013.15,0.0,3.99 23:23:15 23/12/19
17,99.9,7.605,1013.16,0.0,3.99 23:28:29 23/12/19
18,99.9,7.6800003,1013.17,0.0,3.99 23:33:44 23/12/19
16,99.9,7.6949997,1013.17,0.0,3.99 23:38:54 23/12/19
17,99.9,7.7200003,1013.23,0.0,3.99 23:44:12 23/12/19
17,99.9,7.795,1013.19,0.0,3.99 23:49:30 23/12/19
17,99.9,7.805,1013.15,0.0,3.99 23:54:43 23/12/19
17,99.9,7.8199997,1013.2,0.0,3.99 23:59:57 23/12/19
