11,99.9,10.605,1010.38,0.0,3.99 00:00:05 25/12/19
11,99.9,10.610001,1010.46,0.0,3.99 00:05:18 25/12/19
11,99.9,10.605,1010.5,0.0,3.99 00:10:31 25/12/19
17,99.9,10.6,1010.5,0.0,3.99 00:15:50 25/12/19
13,99.9,10.605,1010.53,0.0,3.99 00:21:07 25/12/19
13,99.9,10.605,1010.54,0.0,3.99 00:26:20 25/12/19
13,99.9,10.605,1010.58,0.0,3.99 00:31:34 25/12/19
13,99.9,10.594999,1010.59,0.0,3.99 00:36:47 25/12/19
14,99.9,10.59,1010.67,0.0,3.99 00:42:01 25/12/19
14,99.9,10.535,1010.65,0.0,3.99 00:47:15 25/12/19
14,99.9,10.58,1010.63,0.0,3.99 00:52:28 25/12/19
14,99.9,10.58,1010.69,0.0,3.99 00:57:41 25/12/19
19,99.9,10.53,1010.8,0.0,3.99 01:02:55 25/12/19
14,99.9,10.58,1010.73,0.0,3.99 01:08:06 25/12/19
22,99.9,10.535,1010.81,0.0,3.99 01:13:25 25/12/19
22,99.9,10.535,1010.83,0.0,3.98 01:18:47 25/12/19
22,99.9,10.59,1010.86,0.0,3.99 01:24:06 25/12/19
22,99.9,10.53,1010.8,0.0,3.99 01:29:20 25/12/19
20,99.9,10.52,1010.85,0.0,3.99 01:34:32 25/12/19
23,99.9,10.51,1010.92,0.0,3.98 01:39:47 25/12/19
23,99.9,10.49,1010.99,0.0,3.99 01:44:59 25/12/19
23,99.9,10.485,1011.03,0.0,3.98 01:50:13 25/12/19
22,99.9,10.42,1011.16,0.0,3.98 01:55:26 25/12/19
23,99.9,10.415,1011.3,0.0,3.98 02:00:40 25/12/19
23,99.9,10.405001,1011.24,0.0,3.98 02:05:53 25/12/19
23,99.9,10.344999,1011.37,0.0,3.98 02:11:07 25/12/19
23,99.9,10.325,1011.39,0.0,3.98 02:16:21 25/12/19
23,99.9,10.305,1011.4,0.0,3.98 02:21:33 25/12/19
25,99.9,10.285,1011.54,0.0,3.98 02:26:47 25/12/19
25,99.9,10.23,1011.67,0.0,3.98 02:32:00 25/12/19
25,99.9,10.275,1011.63,0.0,3.98 02:37:14 25/12/19
25,99.9,10.225,1011.64,0.0,3.98 02:42:27 25/12/19
26,99.9,10.22,1011.78,0.0,3.98 02:47:41 25/12/19
26,99.9,10.21,1011.77,0.0,3.98 02:52:54 25/12/19
26,99.9,10.215,1011.94,0.0,3.98 02:58:08 25/12/19
23,99.9,10.22,1012.0,0.0,3.98 03:03:20 25/12/19
24,99.9,10.21,1012.0,0.0,3.98 03:08:34 25/12/19
24,99.9,10.200001,1012.1,0.0,3.98 03:13:48 25/12/19
23,99.9,10.185,1012.15,0.0,3.98 03:19:01 25/12/19
24,99.9,10.125,1012.11,0.0,3.98 03:24:15 25/12/19
24,99.9,10.110001,1012.27,0.0,3.98 03:29:28 25/12/19
27,99.9,10.1,1012.31,0.0,3.98 03:34:45 25/12/19
25,99.9,10.09,1012.39,0.0,3.97 03:40:03 25/12/19
25,99.9,10.025,1012.47,0.0,3.97 03:45:17 25/12/19
23,99.9,10.014999,1012.54,0.0,3.98 03:50:30 25/12/19
24,99.9,10.01,1012.51,0.0,3.97 03:55:44 25/12/19
25,99.9,9.940001,1012.59,0.0,3.98 04:00:58 25/12/19
24,99.9,9.925,1012.6,0.0,3.97 04:06:10 25/12/19
25,99.9,9.92,1012.71,0.0,3.97 04:11:24 25/12/19
25,99.9,9.91,1012.65,0.0,3.97 04:16:37 25/12/19
23,99.9,9.844999,1012.79,0.0,3.97 04:21:49 25/12/19
25,99.9,9.835,1012.85,0.0,3.97 04:27:07 25/12/19
24,99.9,9.88,1012.88,0.0,3.97 04:32:26 25/12/19
22,99.9,9.815001,1013.02,0.0,3.97 04:37:39 25/12/19
23,99.9,9.79,1013.05,0.0,3.97 04:42:56 25/12/19
22,99.9,9.72,1013.18,0.0,3.97 04:48:15 25/12/19
22,99.9,9.639999,1013.24,0.0,3.97 04:53:28 25/12/19
22,99.9,9.545,1013.34,0.0,3.97 04:58:41 25/12/19
20,99.9,9.450001,1013.36,0.0,3.97 05:03:54 25/12/19
22,99.9,9.34,1013.4,0.0,3.97 05:09:08 25/12/19
19,99.9,9.295,1013.41,0.0,3.97 05:14:19 25/12/19
22,99.9,9.145,1013.43,0.0,3.96 05:19:38 25/12/19
21,99.9,9.04,1013.49,0.0,3.97 05:24:56 25/12/19
20,99.9,8.945,1013.69,0.0,3.97 05:30:08 25/12/19
21,99.9,8.84,1013.65,0.0,3.97 05:35:23 25/12/19
22,99.9,8.82,1013.76,0.0,3.96 05:40:37 25/12/19
21,99.9,8.745001,1013.83,0.0,3.96 05:45:49 25/12/19
22,99.9,8.735001,1013.91,0.0,3.97 05:51:02 25/12/19
22,99.9,8.72,1014.05,0.0,3.96 05:56:16 25/12/19
22,99.9,8.71,1014.08,0.0,3.96 06:01:29 25/12/19
19,99.9,8.705,1014.07,0.0,3.96 06:06:40 25/12/19
22,99.9,8.690001,1014.2,0.0,3.96 06:11:54 25/12/19
22,99.9,8.635,1014.31,0.0,3.96 06:17:08 25/12/19
21,99.9,8.635,1014.38,0.0,3.96 06:22:20 25/12/19
24,99.9,8.63,1014.42,0.0,3.96 06:27:40 25/12/19
23,99.9,8.635,1014.59,0.0,3.96 06:32:57 25/12/19
21,99.9,8.62,1014.73,0.0,3.96 06:38:09 25/12/19
21,99.9,8.62,1014.85,0.0,3.96 06:43:23 25/12/19
21,99.9,8.555,1014.82,0.0,3.96 06:48:36 25/12/19
20,99.9,8.54,1015.02,0.0,3.96 06:53:50 25/12/19
20,99.9,8.53,1015.04,0.0,3.96 06:59:03 25/12/19
20,99.9,8.51,1015.06,0.0,3.96 07:04:16 25/12/19
20,99.9,8.440001,1015.33,0.0,3.96 07:09:29 25/12/19
22,99.9,8.434999,1015.35,0.0,3.96 07:14:46 25/12/19
21,99.9,8.43,1015.48,0.0,3.96 07:20:04 25/12/19
22,99.9,8.425,1015.54,0.0,3.96 07:25:21 25/12/19
22,99.9,8.42,1015.52,0.0,3.96 07:30:39 25/12/19
21,99.9,8.360001,1015.59,0.0,3.96 07:35:52 25/12/19
22,99.9,8.355,1015.63,0.0,3.96 07:41:06 25/12/19
22,99.9,8.34,1015.75,0.0,3.96 07:46:23 25/12/19
22,99.9,8.335,1015.81,0.03,3.96 07:51:40 25/12/19
24,99.9,8.32,1016.02,0.06,3.96 07:56:55 25/12/19
25,99.9,8.299999,1016.07,0.15,3.96 08:02:07 25/12/19
25,99.9,8.295,1016.17,0.22,3.96 08:07:20 25/12/19
27,99.9,8.23,1016.28,0.61,3.96 08:12:33 25/12/19
30,99.9,8.225,1016.36,1.1,3.96 08:17:46 25/12/19
28,99.9,8.22,1016.41,0.91,3.96 08:23:00 25/12/19
39,99.9,8.225,1016.6,2.05,3.95 08:28:13 25/12/19
52,99.9,8.22,1016.7,3.09,3.96 08:33:26 25/12/19
51,99.9,8.215,1016.77,2.95,3.95 08:38:44 25/12/19
72,99.9,8.22,1016.87,3.9,3.95 08:44:01 25/12/19
101,99.9,8.165,1016.96,4.14,3.95 08:49:14 25/12/19
108,99.9,8.205,1017.01,4.33,3.96 08:54:28 25/12/19
131,99.9,8.2,1017.07,4.32,3.96 08:59:40 25/12/19
133,99.9,8.155001,1017.2,4.78,3.96 09:04:53 25/12/19
139,99.9,8.2,1017.3,5.0,3.96 09:10:07 25/12/19
167,99.9,8.2,1017.38,5.0,3.96 09:15:20 25/12/19
155,99.9,8.205,1017.55,4.84,3.96 09:20:31 25/12/19
149,99.9,8.205,1017.64,5.0,3.96 09:25:46 25/12/19
150,99.9,8.205,1017.9,5.0,3.96 09:30:57 25/12/19
157,99.9,8.16,1017.99,4.15,3.96 09:36:10 25/12/19
176,99.9,8.21,1018.13,5.0,3.96 09:41:25 25/12/19
195,99.9,8.205,1018.25,5.0,3.96 09:46:42 25/12/19
190,99.9,8.21,1018.37,4.16,3.96 09:52:00 25/12/19
213,99.9,8.205,1018.49,4.57,3.96 09:57:12 25/12/19
243,99.9,8.205,1018.57,4.22,3.97 10:02:30 25/12/19
209,99.9,8.215,1018.61,4.68,3.96 10:07:48 25/12/19
222,99.9,8.22,1018.81,5.0,3.97 10:13:01 25/12/19
279,99.9,8.225,1018.92,4.36,3.97 10:18:18 25/12/19
267,99.9,8.23,1018.96,5.0,3.98 10:23:36 25/12/19
215,99.9,8.305,1019.13,5.0,3.97 10:28:49 25/12/19
231,99.9,8.32,1019.27,5.0,3.97 10:34:07 25/12/19
226,99.9,8.325,1019.44,5.0,3.98 10:39:24 25/12/19
230,99.9,8.385,1019.59,5.0,3.97 10:44:37 25/12/19
217,99.9,8.344999,1019.71,5.0,3.97 10:49:59 25/12/19
240,99.9,8.41,1019.72,4.67,3.98 10:55:12 25/12/19
247,99.9,8.415,1019.78,4.72,3.98 11:00:25 25/12/19
241,99.9,8.425,1019.87,4.49,3.98 11:05:39 25/12/19
269,99.9,8.434999,1019.94,5.0,3.98 11:10:52 25/12/19
290,99.9,8.440001,1019.99,4.97,3.99 11:16:04 25/12/19
300,99.9,8.505,1020.04,4.17,4.0 11:21:16 25/12/19
310,99.9,8.525,1019.96,4.3,4.0 11:26:31 25/12/19
288,99.9,8.605,1020.04,4.48,4.0 11:31:48 25/12/19
283,99.9,8.68,1020.15,4.07,4.01 11:37:06 25/12/19
260,99.9,8.695,1020.33,4.08,4.0 11:42:19 25/12/19
247,99.9,8.65,1020.42,4.41,4.0 11:47:34 25/12/19
266,99.9,8.71,1020.51,5.0,4.0 11:52:45 25/12/19
257,99.9,8.71,1020.6,5.0,4.0 11:57:57 25/12/19
266,99.9,8.71,1020.63,5.0,4.0 12:03:12 25/12/19
256,99.9,8.715,1020.75,4.07,4.0 12:08:30 25/12/19
262,99.9,8.725,1020.85,4.49,4.01 12:13:47 25/12/19
281,99.9,8.72,1020.89,5.0,4.0 12:19:00 25/12/19
263,99.9,8.72,1020.96,4.99,4.01 12:24:12 25/12/19
264,99.9,8.72,1021.02,4.07,4.01 12:29:28 25/12/19
271,99.9,8.725,1021.05,4.07,4.02 12:34:40 25/12/19
282,99.9,8.73,1021.08,5.0,4.01 12:39:54 25/12/19
293,99.9,8.735001,1021.14,4.13,4.03 12:45:05 25/12/19
286,99.9,8.745001,1021.09,5.0,4.03 12:50:23 25/12/19
300,99.9,8.795,1021.16,4.16,4.03 12:55:33 25/12/19
307,99.9,8.755,1021.17,5.0,4.02 13:00:46 25/12/19
304,99.9,8.815001,1021.1,4.21,4.04 13:06:00 25/12/19
282,99.9,8.83,1021.3,5.0,4.04 13:11:14 25/12/19
300,99.9,8.835,1021.27,4.19,4.04 13:16:24 25/12/19
312,99.9,8.885,1021.3,4.15,4.06 13:21:39 25/12/19
315,99.9,8.885,1021.31,4.19,4.07 13:26:53 25/12/19
319,99.9,8.93,1021.53,4.15,4.1 13:32:04 25/12/19
314,99.9,9.0,1021.55,4.17,4.12 13:37:19 25/12/19
300,99.9,9.01,1021.65,4.29,4.12 13:42:32 25/12/19
290,99.9,9.014999,1021.56,4.18,4.13 13:47:46 25/12/19
303,99.9,9.004999,1021.61,4.22,4.14 13:53:00 25/12/19
270,99.9,8.934999,1021.8,5.0,4.13 13:58:10 25/12/19
279,99.9,8.844999,1021.8,4.17,4.12 14:03:25 25/12/19
314,99.9,8.825,1021.81,4.26,4.14 14:08:39 25/12/19
325,99.9,8.825,1021.86,4.25,4.14 14:13:50 25/12/19
293,99.9,8.82,1021.88,4.17,4.13 14:19:03 25/12/19
290,99.9,8.82,1021.89,4.33,4.14 14:24:18 25/12/19
308,99.9,8.83,1021.9,4.29,4.15 14:29:32 25/12/19
327,99.9,8.885,1021.99,5.0,4.19 14:34:45 25/12/19
301,99.9,8.895,1022.0,4.3,4.15 14:39:58 25/12/19
334,99.9,8.91,1022.08,4.36,4.17 14:45:11 25/12/19
311,99.9,8.934999,1022.17,4.25,4.17 14:50:25 25/12/19
298,99.9,9.004999,1022.22,4.27,4.14 14:55:39 25/12/19
332,99.9,9.065001,1022.26,4.29,4.15 15:00:51 25/12/19
302,99.9,9.025,1022.29,4.22,4.15 15:06:04 25/12/19
277,99.9,9.025,1022.36,5.0,4.14 15:11:18 25/12/19
267,99.9,9.01,1022.37,4.31,4.13 15:16:30 25/12/19
277,99.9,8.93,1022.49,5.0,4.17 15:21:42 25/12/19
299,99.9,8.84,1022.6,4.25,4.16 15:26:58 25/12/19
275,99.9,8.885,1022.58,4.24,4.13 15:32:11 25/12/19
257,99.9,8.889999,1022.69,4.75,4.13 15:37:25 25/12/19
208,99.9,8.889999,1022.75,4.23,4.16 15:42:35 25/12/19
143,99.9,8.885,1022.86,5.0,4.14 15:47:51 25/12/19
161,99.9,8.83,1022.83,5.0,4.13 15:53:04 25/12/19
128,99.9,8.815001,1022.95,4.78,4.12 15:58:18 25/12/19
142,99.9,8.795,1022.96,5.0,4.11 16:03:30 25/12/19
160,99.9,8.785,1022.95,4.32,4.12 16:08:43 25/12/19
136,99.9,8.78,1022.97,5.0,4.11 16:13:57 25/12/19
144,99.9,8.72,1023.06,4.2,4.11 16:19:11 25/12/19
121,99.9,8.705,1023.11,4.97,4.1 16:24:24 25/12/19
108,99.9,8.690001,1023.17,4.48,4.1 16:29:36 25/12/19
98,99.9,8.625,1023.28,4.19,4.09 16:34:50 25/12/19
89,99.9,8.594999,1023.22,4.17,4.08 16:40:03 25/12/19
73,99.9,8.53,1023.25,4.17,4.08 16:45:16 25/12/19
56,99.9,8.495,1023.26,3.64,4.08 16:50:29 25/12/19
42,99.9,8.415,1023.27,2.61,4.07 16:55:43 25/12/19
33,99.9,8.34,1023.45,1.47,4.07 17:00:56 25/12/19
29,99.9,8.32,1023.41,0.82,4.06 17:06:14 25/12/19
25,99.9,8.309999,1023.48,0.36,4.06 17:11:30 25/12/19
22,99.9,8.285,1023.52,0.17,4.06 17:16:44 25/12/19
21,99.9,8.205,1023.6,0.09,4.06 17:21:57 25/12/19
20,99.9,8.13,1023.65,0.04,4.05 17:27:11 25/12/19
19,99.9,8.110001,1023.72,0.01,4.05 17:32:23 25/12/19
19,99.9,8.094999,1023.74,0.0,4.05 17:37:36 25/12/19
19,99.9,8.09,1023.83,0.0,4.05 17:42:53 25/12/19
18,99.9,8.085,1023.82,0.0,4.05 17:48:11 25/12/19
18,99.9,8.035,1023.88,0.0,4.05 17:53:24 25/12/19
18,99.9,8.02,1023.79,0.0,4.04 17:58:38 25/12/19
18,99.9,8.025,1023.86,0.0,4.04 18:03:51 25/12/19
18,99.9,8.02,1023.84,0.0,4.04 18:09:04 25/12/19
18,99.9,8.07,1023.96,0.0,4.04 18:14:17 25/12/19
19,99.9,8.02,1023.95,0.0,4.04 18:19:31 25/12/19
18,99.9,8.02,1023.97,0.0,4.04 18:24:43 25/12/19
18,99.9,8.015,1023.92,0.0,4.04 18:29:56 25/12/19
18,99.9,8.01,1023.89,0.0,4.03 18:35:09 25/12/19
18,99.9,8.0,1023.91,0.0,4.03 18:40:23 25/12/19
18,99.9,7.925,1023.86,0.0,4.03 18:45:36 25/12/19
18,99.9,7.89,1023.81,0.0,4.03 18:50:49 25/12/19
18,99.9,7.8199997,1023.92,0.0,4.03 18:56:03 25/12/19
18,99.9,7.7999997,1023.89,0.0,4.03 19:01:15 25/12/19
18,99.9,7.79,1024.02,0.0,4.03 19:06:28 25/12/19
18,99.9,7.7349997,1024.01,0.0,4.03 19:11:41 25/12/19
18,99.9,7.7200003,1023.99,0.0,4.03 19:16:54 25/12/19
18,99.9,7.715,1024.06,0.0,4.02 19:22:08 25/12/19
19,99.9,7.705,1024.1,0.0,4.02 19:27:25 25/12/19
17,99.9,7.7,1024.09,0.0,4.02 19:32:42 25/12/19
17,99.9,7.6800003,1024.12,0.0,4.02 19:37:55 25/12/19
17,99.9,7.605,1024.18,0.0,4.02 19:43:08 25/12/19
17,99.9,7.54,1024.24,0.0,4.02 19:48:21 25/12/19
19,99.9,7.51,1024.24,0.0,4.02 19:53:38 25/12/19
18,99.9,7.49,1024.29,0.0,4.01 19:58:57 25/12/19
17,99.9,7.42,1024.32,0.0,4.02 20:04:09 25/12/19
19,99.9,7.4100003,1024.38,0.0,4.01 20:09:26 25/12/19
18,99.9,7.4,1024.42,0.0,4.01 20:14:44 25/12/19
18,99.9,7.33,1024.38,0.0,4.01 20:19:57 25/12/19
18,99.9,7.31,1024.43,0.0,4.01 20:25:10 25/12/19
18,99.9,7.295,1024.46,0.0,4.01 20:30:23 25/12/19
18,99.9,7.2799997,1024.42,0.0,4.01 20:35:37 25/12/19
18,99.9,7.21,1024.51,0.0,4.01 20:40:50 25/12/19
17,99.9,7.2,1024.48,0.0,4.01 20:46:03 25/12/19
15,99.9,7.19,1024.53,0.0,4.01 20:51:13 25/12/19
18,99.9,7.13,1024.6,0.0,4.01 20:56:28 25/12/19
17,99.9,7.12,1024.68,0.0,4.01 21:01:41 25/12/19
17,99.9,7.085,1024.66,0.0,4.01 21:06:54 25/12/19
18,99.9,7.0150003,1024.68,0.0,4.0 21:12:07 25/12/19
17,99.9,6.9750004,1024.68,0.0,4.01 21:17:18 25/12/19
21,99.9,6.885,1024.69,0.0,4.0 21:22:33 25/12/19
22,99.9,6.8,1024.72,0.0,4.0 21:27:46 25/12/19
23,99.9,6.715,1024.67,0.0,4.0 21:32:59 25/12/19
23,99.9,6.6400003,1024.65,0.0,4.0 21:38:12 25/12/19
24,99.9,6.62,1024.65,0.0,4.0 21:43:26 25/12/19
24,99.9,6.6099997,1024.66,0.0,4.0 21:48:39 25/12/19
24,99.9,6.6099997,1024.76,0.0,4.0 21:53:52 25/12/19
24,99.9,6.6,1024.71,0.0,4.0 21:59:04 25/12/19
24,99.9,6.605,1024.73,0.0,4.0 22:04:18 25/12/19
23,99.9,6.605,1024.67,0.0,4.0 22:09:30 25/12/19
21,99.9,6.6,1024.59,0.0,4.0 22:14:41 25/12/19
29,99.9,6.535,1024.59,0.0,4.0 22:19:56 25/12/19
29,99.9,6.5299997,1024.49,0.0,3.99 22:25:12 25/12/19
28,99.9,6.51,1024.47,0.0,3.99 22:30:30 25/12/19
28,99.9,6.425,1024.5,0.0,4.0 22:35:43 25/12/19
28,99.9,6.34,1024.51,0.0,3.99 22:40:57 25/12/19
28,99.9,6.29,1024.55,0.0,3.99 22:46:09 25/12/19
28,99.9,6.13,1024.46,0.0,3.99 22:51:22 25/12/19
30,99.9,6.025,1024.51,0.0,3.99 22:56:35 25/12/19
30,99.9,5.9300003,1024.61,0.0,3.99 23:01:48 25/12/19
31,99.9,5.825,1024.63,0.0,3.99 23:07:02 25/12/19
30,99.9,5.705,1024.61,0.0,3.99 23:12:13 25/12/19
30,99.9,5.59,1024.48,0.0,3.99 23:17:26 25/12/19
30,99.9,5.4300003,1024.64,0.0,3.99 23:22:40 25/12/19
30,99.9,5.3149996,1024.74,0.0,3.99 23:27:52 25/12/19
29,99.9,5.2,1024.82,0.0,3.99 23:33:05 25/12/19
28,99.9,5.085,1024.83,0.0,3.99 23:38:17 25/12/19
29,99.9,4.9300003,1024.85,0.0,3.99 23:43:30 25/12/19
26,99.9,4.83,1024.86,0.0,3.98 23:48:42 25/12/19
29,99.9,4.725,1024.92,0.0,3.98 23:53:56 25/12/19
30,99.9,4.635,1024.91,0.0,3.98 23:59:09 25/12/19
