29,99.9,0.47999996,1037.36,0.0,3.97 00:03:51 29/12/19
28,99.9,0.41,1037.34,0.0,3.97 00:09:04 29/12/19
25,99.9,0.38500002,1037.17,0.0,3.97 00:14:15 29/12/19
29,99.9,0.305,1037.13,0.0,3.97 00:19:29 29/12/19
34,99.9,0.285,1037.09,0.0,3.97 00:24:46 29/12/19
32,99.9,0.275,1037.05,0.0,3.96 00:30:02 29/12/19
32,99.9,0.26999998,1037.12,0.0,3.97 00:35:15 29/12/19
32,99.9,0.205,1037.13,0.0,3.96 00:40:27 29/12/19
33,99.9,0.2,1037.08,0.0,3.96 00:45:44 29/12/19
34,99.9,0.18999998,1037.14,0.0,3.96 00:51:04 29/12/19
30,99.9,0.175,1037.14,0.0,3.96 00:56:19 29/12/19
32,99.9,0.16000001,1037.16,0.0,3.96 01:01:33 29/12/19
31,99.9,0.09,1037.06,0.0,3.96 01:06:46 29/12/19
32,99.9,0.08500001,1037.02,0.0,3.96 01:11:58 29/12/19
25,99.9,0.07499999,1036.95,0.0,3.96 01:17:07 29/12/19
31,99.9,0.014999986,1036.92,0.0,3.96 01:22:21 29/12/19
26,99.9,0.0,1036.91,0.0,3.96 01:27:32 29/12/19
31,99.9,-0.02000001,1036.82,0.0,3.96 01:32:46 29/12/19
27,99.9,-0.030000001,1036.85,0.0,3.96 01:37:57 29/12/19
31,99.9,-0.09,1036.88,0.0,3.96 01:43:10 29/12/19
29,99.9,-0.045000017,1036.92,0.0,3.96 01:48:21 29/12/19
29,99.9,-0.095,1037.04,0.0,3.96 01:53:35 29/12/19
30,99.9,-0.11,1037.15,0.0,3.96 01:58:47 29/12/19
25,99.9,-0.11999999,1037.13,0.0,3.96 02:03:58 29/12/19
31,99.9,-0.2,1037.19,0.0,3.96 02:09:14 29/12/19
27,99.9,-0.21000001,1037.1,0.0,3.96 02:14:22 29/12/19
26,99.9,-0.23,1037.08,0.0,3.96 02:19:35 29/12/19
30,99.9,-0.295,1037.08,0.0,3.96 02:24:48 29/12/19
25,99.9,-0.32,1036.95,0.0,3.96 02:29:58 29/12/19
25,99.9,-0.385,1037.05,0.0,3.96 02:35:11 29/12/19
22,99.9,-0.4,1036.8,0.0,3.96 02:40:23 29/12/19
31,99.9,-0.42000002,1036.51,0.0,3.95 02:45:36 29/12/19
31,99.9,-0.435,1036.48,0.0,3.95 02:50:49 29/12/19
33,99.9,-0.43,1036.35,0.0,3.96 02:56:01 29/12/19
32,99.9,-0.41,1036.36,0.0,3.95 03:01:14 29/12/19
28,99.9,-0.35,1036.36,0.0,3.95 03:06:24 29/12/19
32,99.9,-0.32999998,1036.32,0.0,3.95 03:11:37 29/12/19
33,99.9,-0.24000001,1036.3,0.0,3.95 03:16:49 29/12/19
33,99.9,-0.2,1036.29,0.0,3.95 03:22:02 29/12/19
30,99.9,-0.125,1036.44,0.0,3.95 03:27:13 29/12/19
34,99.9,-0.050000012,1036.46,0.0,3.95 03:32:28 29/12/19
28,99.9,-0.025000006,1036.37,0.0,3.95 03:37:37 29/12/19
27,99.9,-0.01000002,1036.52,0.0,3.95 03:42:49 29/12/19
29,99.9,0.004999995,1036.59,0.0,3.95 03:48:02 29/12/19
33,99.9,0.00999999,1036.56,0.0,3.95 03:53:19 29/12/19
32,99.9,0.004999995,1036.71,0.0,3.95 03:58:40 29/12/19
37,99.9,-0.31,1036.36,0.26,3.68 07:53:40 29/12/19
40,99.9,-0.57,1036.4,0.43,3.7 07:59:08 29/12/19
31,99.9,-0.79499996,1036.2,0.73,3.71 08:04:23 29/12/19
44,99.9,-0.955,1036.22,1.43,3.71 08:09:46 29/12/19
39,99.9,-1.035,1036.29,2.34,3.72 08:14:57 29/12/19
47,99.9,-1.0550001,1036.23,3.18,3.73 08:20:09 29/12/19
65,99.9,-1.13,1036.16,3.83,3.73 08:25:23 29/12/19
76,99.9,-1.1949999,1036.3,3.95,3.73 08:30:34 29/12/19
81,99.9,-1.2049999,1036.45,3.98,3.73 08:35:44 29/12/19
101,99.9,-1.2249999,1036.36,3.88,3.74 08:40:56 29/12/19
125,99.9,-1.235,1036.36,4.61,3.74 08:46:14 29/12/19
129,99.9,-1.22,1036.36,4.81,3.75 08:51:31 29/12/19
137,99.9,-1.2249999,1036.24,5.0,3.75 08:56:43 29/12/19
150,99.9,-1.23,1036.23,5.0,3.75 09:01:54 29/12/19
158,99.9,-1.2249999,1036.2,5.0,3.75 09:07:06 29/12/19
181,99.9,-1.2149999,1036.03,5.0,3.76 09:12:19 29/12/19
189,99.9,-1.2149999,1036.17,5.0,3.77 09:17:29 29/12/19
230,99.9,-1.1949999,1036.27,3.91,3.78 09:22:52 29/12/19
216,99.9,-1.0550001,1036.15,5.0,3.78 09:28:03 29/12/19
255,99.9,-1.03,1036.1,3.98,3.82 09:33:15 29/12/19
300,99.9,-0.935,1036.16,4.1,3.86 09:38:27 29/12/19
244,99.9,-0.835,1036.19,4.44,3.82 09:43:41 29/12/19
242,99.9,-0.73499995,1036.2,4.58,3.82 09:48:54 29/12/19
252,99.9,-0.63500005,1036.17,3.95,3.86 09:54:02 29/12/19
235,99.9,-0.52500004,1036.21,4.14,3.83 09:59:17 29/12/19
241,99.9,-0.415,1036.18,3.96,3.84 10:04:28 29/12/19
248,99.9,-0.325,1036.15,4.98,3.85 10:09:39 29/12/19
273,99.9,-0.245,1036.11,4.17,3.84 10:14:52 29/12/19
275,99.9,-0.145,1036.05,4.05,3.88 10:20:03 29/12/19
260,99.9,-0.055000007,1036.1,4.01,3.87 10:25:15 29/12/19
258,99.9,-0.0150000155,1036.1,5.0,3.88 10:30:28 29/12/19
251,99.9,0.08500001,1036.08,5.0,3.88 10:35:39 29/12/19
275,99.9,0.17999999,1036.21,5.0,3.88 10:40:56 29/12/19
298,99.9,0.275,1036.14,5.0,3.9 10:46:06 29/12/19
285,99.9,0.35500002,1036.05,4.18,3.92 10:51:16 29/12/19
280,99.9,0.45,1035.99,4.0,3.92 10:56:30 29/12/19
285,99.9,0.55,1035.95,4.02,3.92 11:01:42 29/12/19
307,99.9,0.595,1035.85,4.02,3.9 11:07:05 29/12/19
323,99.9,0.75,1035.71,4.81,3.95 11:12:15 29/12/19
334,99.9,0.845,1035.68,4.04,3.97 11:17:26 29/12/19
364,99.9,0.94,1035.7,5.0,3.98 11:22:40 29/12/19
353,99.9,1.05,1035.77,5.0,4.0 11:27:50 29/12/19
344,99.9,1.155,1035.88,4.09,4.0 11:33:04 29/12/19
335,99.9,1.245,1035.82,4.06,3.99 11:38:15 29/12/19
340,99.9,1.34,1035.84,4.06,3.99 11:43:28 29/12/19
321,99.9,1.44,1035.91,4.09,3.98 11:48:41 29/12/19
309,99.9,1.4749999,1035.94,5.0,3.97 11:53:52 29/12/19
315,99.9,1.55,1035.86,5.0,3.98 11:59:04 29/12/19
333,99.9,1.57,1035.77,4.95,4.0 12:04:19 29/12/19
334,99.9,1.6600001,1035.73,4.12,4.01 12:09:34 29/12/19
336,99.9,1.755,1035.66,4.16,4.03 12:14:50 29/12/19
358,99.9,1.85,1035.62,4.17,4.04 12:20:05 29/12/19
359,99.9,1.9549999,1035.67,5.0,4.09 12:25:16 29/12/19
366,99.9,2.045,1035.6,4.17,4.07 12:30:29 29/12/19
347,99.9,2.155,1035.49,4.29,4.08 12:35:42 29/12/19
350,99.9,2.315,1035.36,5.0,4.1 12:40:54 29/12/19
347,99.9,2.44,1035.37,4.29,4.11 12:46:06 29/12/19
353,99.9,2.61,1035.22,4.21,4.12 12:51:27 29/12/19
384,99.9,2.755,1035.17,5.0,4.21 12:56:44 29/12/19
400,99.9,2.99,1035.11,5.0,4.22 13:02:01 29/12/19
402,99.9,3.2849998,1035.19,5.0,4.22 13:07:12 29/12/19
425,99.9,3.51,1035.33,5.0,4.22 13:12:29 29/12/19
403,99.9,3.8400002,1035.11,5.0,4.22 13:17:51 29/12/19
406,99.9,4.1499996,1034.93,5.0,4.22 13:23:08 29/12/19
410,99.9,4.435,1034.8,5.0,4.22 13:28:20 29/12/19
353,99.9,4.6099997,1034.81,4.39,4.15 13:33:34 29/12/19
390,99.9,4.645,1034.71,5.0,4.22 13:38:44 29/12/19
413,99.9,4.73,1034.51,5.0,4.22 13:43:57 29/12/19
363,99.9,4.915,1034.44,4.27,4.2 13:49:11 29/12/19
338,99.9,5.0150003,1034.41,4.23,4.14 13:54:24 29/12/19
334,99.9,4.955,1034.46,4.18,4.14 13:59:37 29/12/19
320,99.9,4.925,1034.25,4.17,4.13 14:04:49 29/12/19
310,99.9,4.83,1034.23,5.0,4.11 14:10:02 29/12/19
284,99.9,4.745,1034.13,4.22,4.14 14:15:15 29/12/19
318,99.9,4.73,1034.09,5.0,4.15 14:20:28 29/12/19
277,99.9,4.72,1034.03,5.0,4.14 14:25:38 29/12/19
306,99.9,4.6499996,1034.06,4.29,4.13 14:30:51 29/12/19
315,99.9,4.6549997,1034.12,4.7,4.13 14:36:09 29/12/19
317,99.9,4.6499996,1034.12,4.25,4.12 14:41:29 29/12/19
313,99.9,4.6549997,1034.15,4.22,4.13 14:46:40 29/12/19
308,99.9,4.66,1034.2,5.0,4.12 14:51:52 29/12/19
314,99.9,4.73,1034.16,4.92,4.13 14:57:05 29/12/19
305,99.9,4.74,1034.13,5.0,4.12 15:02:21 29/12/19
298,99.9,4.745,1034.12,4.25,4.12 15:07:39 29/12/19
284,99.9,4.815,1034.05,4.18,4.13 15:12:52 29/12/19
272,99.9,4.7749996,1033.97,4.22,4.13 15:18:02 29/12/19
275,99.9,4.815,1034.03,4.41,4.15 15:23:17 29/12/19
265,99.9,4.7799997,1034.14,4.5,4.13 15:28:30 29/12/19
254,99.9,4.765,1034.16,4.22,4.16 15:33:41 29/12/19
240,99.9,4.76,1034.1,5.0,4.13 15:38:56 29/12/19
213,99.9,4.755,1033.93,5.0,4.13 15:44:06 29/12/19
198,99.9,4.755,1033.86,5.0,4.12 15:49:20 29/12/19
184,99.9,4.725,1033.79,5.0,4.1 15:54:33 29/12/19
178,99.9,4.67,1033.84,5.0,4.09 15:59:46 29/12/19
167,99.9,4.6499996,1033.8,4.58,4.08 16:05:02 29/12/19
157,99.9,4.585,1033.69,5.0,4.07 16:10:20 29/12/19
150,99.9,4.565,1033.8,4.32,4.07 16:15:32 29/12/19
141,99.9,4.55,1033.89,4.72,4.06 16:20:49 29/12/19
128,99.9,4.545,1033.93,4.69,4.06 16:26:05 29/12/19
112,99.9,4.4700003,1034.0,4.26,4.05 16:31:20 29/12/19
98,99.9,4.455,1034.01,4.17,4.05 16:36:32 29/12/19
86,99.9,4.4300003,1033.99,4.09,4.04 16:41:44 29/12/19
76,99.9,4.365,1033.89,3.75,4.04 16:46:58 29/12/19
65,99.9,4.35,1033.95,3.11,4.03 16:52:14 29/12/19
53,99.9,4.285,1033.83,2.33,4.03 16:57:35 29/12/19
43,99.9,4.265,1033.79,1.68,4.03 17:02:53 29/12/19
35,99.9,4.2,1033.75,1.51,4.03 17:08:03 29/12/19
33,99.9,4.2,1033.88,1.26,4.04 17:11:42 29/12/19
28,99.9,4.17,1033.96,0.78,4.04 17:16:54 29/12/19
26,99.9,4.0950003,1034.03,0.45,4.04 17:22:07 29/12/19
25,99.9,4.0550003,1033.96,0.27,4.03 17:27:25 29/12/19
24,99.9,3.9,1033.93,0.18,4.03 17:32:43 29/12/19
22,99.9,3.79,1034.01,0.14,4.03 17:37:55 29/12/19
22,99.9,3.675,1034.0,0.1,4.03 17:43:08 29/12/19
21,99.9,3.515,1033.79,0.05,4.03 17:48:21 29/12/19
20,99.9,3.385,1033.75,0.02,4.03 17:53:31 29/12/19
22,99.9,3.215,1033.77,0.0,4.02 17:58:46 29/12/19
22,99.9,3.1100001,1033.72,0.0,4.02 18:03:59 29/12/19
27,99.9,3.595,1033.79,0.0,3.91 19:15:00 29/12/19
26,99.9,3.135,1033.77,0.0,3.93 19:20:12 29/12/19
26,99.9,2.79,1033.97,0.0,3.93 19:25:23 29/12/19
27,99.9,2.65,1033.92,0.0,3.93 19:30:37 29/12/19
25,99.9,2.56,1033.8,0.0,3.93 19:35:48 29/12/19
27,99.9,2.49,1033.74,0.0,3.93 19:41:02 29/12/19
27,99.9,2.46,1033.55,0.0,3.93 19:46:15 29/12/19
26,99.9,2.46,1033.49,0.0,3.93 19:51:27 29/12/19
26,99.9,2.475,1033.43,0.0,3.93 19:56:40 29/12/19
26,99.9,2.5549998,1033.47,0.0,3.93 20:01:52 29/12/19
23,99.9,2.6,1033.55,0.0,3.93 20:07:03 29/12/19
24,99.9,2.685,1033.45,0.0,3.93 20:12:17 29/12/19
24,99.9,2.705,1033.6,0.0,3.93 20:17:30 29/12/19
23,99.9,2.77,1033.69,0.0,3.93 20:22:42 29/12/19
24,99.9,2.77,1033.65,0.0,3.93 20:27:55 29/12/19
24,99.9,2.75,1033.57,0.0,3.93 20:33:07 29/12/19
22,99.9,2.675,1033.56,0.0,3.93 20:38:18 29/12/19
24,99.9,2.575,1033.55,0.0,3.93 20:43:31 29/12/19
26,99.9,2.49,1033.61,0.0,3.93 20:48:45 29/12/19
24,99.9,2.4,1033.52,0.0,3.93 20:53:56 29/12/19
26,99.9,2.31,1033.38,0.0,3.93 20:59:10 29/12/19
26,99.9,2.205,1033.39,0.0,3.93 21:04:22 29/12/19
26,99.9,2.1,1033.45,0.0,3.93 21:09:35 29/12/19
27,99.9,2.01,1033.47,0.0,3.93 21:14:47 29/12/19
27,99.9,1.9849999,1033.5,0.0,3.93 21:20:00 29/12/19
26,99.9,1.9749999,1033.48,0.0,3.93 21:25:12 29/12/19
26,99.9,1.9,1033.44,0.0,3.93 21:30:25 29/12/19
28,99.9,1.88,1033.41,0.0,3.93 21:35:37 29/12/19
28,99.9,1.785,1033.37,0.0,3.93 21:40:49 29/12/19
28,99.9,1.7049999,1033.29,0.0,3.92 21:46:02 29/12/19
30,99.9,1.6800001,1033.2,0.0,3.92 21:51:14 29/12/19
35,99.9,1.585,1033.07,0.0,3.92 21:56:30 29/12/19
31,99.9,1.555,1032.99,0.0,3.92 22:01:46 29/12/19
35,99.9,1.47,1032.92,0.0,3.92 22:07:00 29/12/19
37,99.9,1.385,1033.0,0.0,3.92 22:12:12 29/12/19
41,99.9,1.295,1032.86,0.0,3.92 22:17:28 29/12/19
38,99.9,1.26,1032.83,0.0,3.92 22:22:45 29/12/19
41,99.9,1.175,1032.8,0.0,3.92 22:27:58 29/12/19
39,99.9,1.1700001,1032.85,0.0,3.92 22:33:10 29/12/19
45,99.9,1.165,1032.91,0.0,3.92 22:38:26 29/12/19
41,99.9,1.1500001,1032.91,0.0,3.92 22:43:43 29/12/19
42,99.9,1.075,1032.92,0.0,3.91 22:48:56 29/12/19
43,99.9,1.0450001,1032.9,0.0,3.92 22:54:09 29/12/19
43,99.9,0.91499996,1032.85,0.0,3.92 22:59:20 29/12/19
44,99.9,0.885,1032.76,0.0,3.92 23:04:33 29/12/19
45,99.9,0.81,1032.77,0.0,3.92 23:09:46 29/12/19
49,99.9,0.77500004,1032.75,0.0,3.91 23:15:06 29/12/19
43,99.9,0.76000005,1032.75,0.0,3.91 23:20:19 29/12/19
44,99.9,0.675,1032.7,0.0,3.92 23:25:30 29/12/19
44,99.9,0.605,1032.64,0.0,3.91 23:30:43 29/12/19
46,99.9,0.58,1032.6,0.0,3.91 23:35:55 29/12/19
44,99.9,0.515,1032.68,0.0,3.91 23:41:07 29/12/19
45,99.9,0.5,1032.69,0.0,3.91 23:46:20 29/12/19
45,99.9,0.47999996,1032.7,0.0,3.91 23:51:32 29/12/19
45,99.9,0.46999997,1032.62,0.0,3.91 23:56:45 29/12/19
