43,99.9,0.46499997,1032.67,0.0,3.91 00:01:56 30/12/19
48,99.9,0.415,1032.72,0.0,3.91 00:07:12 30/12/19
41,99.9,0.47499996,1032.7,0.0,3.91 00:12:29 30/12/19
42,99.9,0.47999996,1032.7,0.0,3.91 00:17:42 30/12/19
43,99.9,0.495,1032.67,0.0,3.91 00:22:54 30/12/19
43,99.9,0.56,1032.57,0.0,3.91 00:28:07 30/12/19
42,99.9,0.57,1032.57,0.0,3.91 00:33:19 30/12/19
43,99.9,0.58,1032.49,0.0,3.91 00:38:31 30/12/19
43,99.9,0.65000004,1032.42,0.0,3.91 00:43:44 30/12/19
42,99.9,0.66,1032.43,0.0,3.91 00:48:55 30/12/19
42,99.9,0.67,1032.36,0.0,3.91 00:54:08 30/12/19
42,99.9,0.675,1032.31,0.0,3.91 00:59:20 30/12/19
40,99.9,0.68,1032.27,0.0,3.91 01:04:35 30/12/19
45,99.9,0.675,1032.28,0.0,3.91 01:09:48 30/12/19
41,99.9,0.675,1032.26,0.0,3.91 01:15:05 30/12/19
42,99.9,0.65000004,1032.29,0.0,3.91 01:20:18 30/12/19
42,99.9,0.595,1032.49,0.0,3.91 01:25:30 30/12/19
40,99.9,0.59,1032.44,0.0,3.91 01:30:42 30/12/19
40,99.9,0.575,1032.34,0.0,3.91 01:35:55 30/12/19
42,99.9,0.555,1032.24,0.0,3.91 01:41:07 30/12/19
42,99.9,0.49,1032.25,0.0,3.91 01:46:20 30/12/19
41,99.9,0.46499997,1032.12,0.0,3.9 01:51:31 30/12/19
46,99.9,0.39000002,1031.99,0.0,3.91 01:56:48 30/12/19
42,99.9,0.375,1031.94,0.0,3.91 02:02:04 30/12/19
47,99.9,0.34,1031.78,0.0,3.91 02:07:22 30/12/19
35,99.9,0.28,1031.74,0.0,3.91 02:12:35 30/12/19
45,99.9,0.205,1031.77,0.0,3.9 02:17:53 30/12/19
43,99.9,0.18499999,1031.78,0.0,3.9 02:23:10 30/12/19
43,99.9,0.175,1031.83,0.0,3.9 02:28:23 30/12/19
43,99.9,0.14999999,1031.68,0.0,3.9 02:33:35 30/12/19
39,99.9,0.09,1031.64,0.0,3.9 02:38:45 30/12/19
37,99.9,0.06999999,1031.55,0.0,3.91 02:43:57 30/12/19
43,99.9,0.0,1031.53,0.0,3.9 02:49:11 30/12/19
46,99.9,-0.005000025,1031.59,0.0,3.9 02:54:27 30/12/19
43,99.9,0.00999999,1031.74,0.0,3.9 02:59:44 30/12/19
42,99.9,0.06999999,1031.73,0.0,3.9 03:04:57 30/12/19
37,99.9,0.065,1031.69,0.0,3.9 03:10:07 30/12/19
43,99.9,-0.005000025,1031.81,0.0,3.9 03:15:21 30/12/19
41,99.9,-0.035000026,1031.69,0.0,3.9 03:20:33 30/12/19
42,99.9,-0.114999995,1031.68,0.0,3.9 03:25:45 30/12/19
40,99.9,-0.13499999,1031.63,0.0,3.9 03:30:57 30/12/19
43,99.9,-0.215,1031.58,0.0,3.9 03:36:10 30/12/19
43,99.9,-0.23,1031.63,0.0,3.9 03:41:23 30/12/19
35,99.9,-0.255,1031.54,0.0,3.9 03:46:32 30/12/19
43,99.9,-0.32,1031.54,0.0,3.9 03:51:46 30/12/19
47,99.9,-0.33499998,1031.4,0.0,3.9 03:57:03 30/12/19
48,99.9,-0.32999998,1031.36,0.0,3.9 04:02:23 30/12/19
44,99.9,-0.32999998,1031.37,0.0,3.9 04:07:40 30/12/19
38,99.9,-0.33499998,1031.32,0.0,3.9 04:12:51 30/12/19
44,99.9,-0.33499998,1031.29,0.0,3.9 04:18:04 30/12/19
41,99.9,-0.33999997,1031.32,0.0,3.9 04:23:15 30/12/19
49,99.9,-0.395,1031.35,0.0,3.9 04:28:33 30/12/19
42,99.9,-0.35,1031.33,0.0,3.9 04:33:49 30/12/19
43,99.9,-0.41,1031.32,0.0,3.9 04:39:01 30/12/19
49,99.9,-0.425,1031.37,0.0,3.89 04:44:17 30/12/19
44,99.9,-0.44,1031.36,0.0,3.9 04:49:34 30/12/19
43,99.9,-0.45,1031.29,0.0,3.9 04:54:45 30/12/19
50,99.9,-0.51,1031.25,0.0,3.89 05:00:02 30/12/19
45,99.9,-0.515,1031.19,0.0,3.89 05:05:19 30/12/19
44,99.9,-0.53000003,1031.22,0.0,3.89 05:10:31 30/12/19
44,99.9,-0.51,1031.18,0.0,3.9 05:15:44 30/12/19
49,99.9,-0.505,1031.17,0.0,3.89 05:21:00 30/12/19
41,99.9,-0.505,1031.15,0.0,3.9 05:26:15 30/12/19
41,99.9,-0.52000004,1031.13,0.0,3.9 05:31:27 30/12/19
47,99.9,-0.54,1031.01,0.0,3.9 05:36:45 30/12/19
43,99.9,-0.545,1031.0,0.0,3.9 05:42:01 30/12/19
42,99.9,-0.605,1030.9,0.0,3.89 05:47:13 30/12/19
40,99.9,-0.555,1030.91,0.0,3.9 05:52:26 30/12/19
42,99.9,-0.605,1030.88,0.0,3.89 05:57:38 30/12/19
40,99.9,-0.625,1030.8,0.0,3.9 06:02:50 30/12/19
40,99.9,-0.63500005,1030.8,0.0,3.89 06:08:02 30/12/19
43,99.9,-0.64000005,1030.81,0.0,3.89 06:13:19 30/12/19
35,99.9,-0.65000004,1030.8,0.0,3.9 06:18:33 30/12/19
39,99.9,-0.715,1030.8,0.0,3.89 06:23:47 30/12/19
38,99.9,-0.72999996,1030.71,0.0,3.89 06:28:59 30/12/19
31,99.9,-0.73499995,1030.83,0.0,3.9 06:34:09 30/12/19
31,99.9,-0.745,1030.75,0.0,3.89 06:39:21 30/12/19
37,99.9,-0.805,1030.73,0.0,3.89 06:44:35 30/12/19
34,99.9,-0.755,1030.68,0.0,3.89 06:49:46 30/12/19
38,99.9,-0.8,1030.63,0.0,3.89 06:55:04 30/12/19
34,99.9,-0.75,1030.62,0.0,3.89 07:00:20 30/12/19
28,99.9,-0.75,1030.6,0.0,3.89 07:05:30 30/12/19
31,99.9,-0.745,1030.58,0.0,3.89 07:10:43 30/12/19
32,99.9,-0.745,1030.57,0.0,3.89 07:15:57 30/12/19
33,99.9,-0.74,1030.58,0.0,3.89 07:21:09 30/12/19
34,99.9,-0.745,1030.42,0.0,3.89 07:26:21 30/12/19
34,99.9,-0.745,1030.31,0.0,3.89 07:31:33 30/12/19
35,99.9,-0.8,1030.24,0.01,3.89 07:36:46 30/12/19
35,99.9,-0.75,1030.13,0.03,3.89 07:41:57 30/12/19
36,99.9,-0.74,1030.1,0.07,3.89 07:47:09 30/12/19
36,99.9,-0.72499996,1030.12,0.15,3.89 07:52:21 30/12/19
41,99.9,-0.72499996,1030.08,0.31,3.89 07:57:37 30/12/19
34,99.9,-0.71999997,1030.12,0.66,3.89 08:02:52 30/12/19
45,99.9,-0.72999996,1030.1,1.41,3.89 08:08:06 30/12/19
52,99.9,-0.72999996,1030.07,2.65,3.89 08:13:18 30/12/19
65,99.9,-0.73499995,1030.15,3.6,3.89 08:18:35 30/12/19
71,99.9,-0.73499995,1030.07,4.01,3.89 08:23:51 30/12/19
85,99.9,-0.75,1030.14,3.98,3.89 08:29:03 30/12/19
96,99.9,-0.74,1030.17,4.03,3.89 08:34:15 30/12/19
106,99.9,-0.73499995,1030.25,4.3,3.89 08:39:27 30/12/19
121,99.9,-0.71999997,1030.2,4.69,3.89 08:44:40 30/12/19
134,99.9,-0.715,1030.19,4.47,3.89 08:49:52 30/12/19
138,99.9,-0.71,1030.1,4.4,3.9 08:55:03 30/12/19
161,99.9,-0.705,1030.21,4.99,3.89 09:00:16 30/12/19
171,99.9,-0.64500004,1030.25,4.8,3.89 09:05:28 30/12/19
178,99.9,-0.63500005,1030.32,5.0,3.89 09:10:40 30/12/19
184,99.9,-0.63,1030.36,4.26,3.9 09:15:53 30/12/19
198,99.9,-0.62,1030.34,3.94,3.91 09:21:05 30/12/19
194,99.9,-0.555,1030.33,3.99,3.91 09:26:15 30/12/19
212,99.9,-0.535,1030.36,5.0,3.91 09:31:30 30/12/19
260,99.9,-0.505,1030.31,5.0,3.95 09:36:41 30/12/19
275,99.9,-0.41,1030.38,4.61,3.98 09:41:53 30/12/19
283,99.9,-0.26,1030.42,4.08,3.97 09:47:10 30/12/19
226,99.9,-0.09000002,1030.5,4.06,3.96 09:52:26 30/12/19
232,99.9,0.03999999,1030.43,5.0,3.94 09:57:38 30/12/19
226,99.9,0.14,1030.39,5.0,3.93 10:02:51 30/12/19
227,99.9,0.23499998,1030.41,5.0,3.93 10:08:03 30/12/19
227,99.9,0.34,1030.42,5.0,3.93 10:13:15 30/12/19
257,99.9,0.44,1030.34,4.02,3.95 10:18:27 30/12/19
295,99.9,0.555,1030.46,4.1,4.03 10:23:40 30/12/19
246,99.9,0.73,1030.53,5.0,3.97 10:28:52 30/12/19
333,99.9,0.855,1030.45,4.19,4.08 10:34:04 30/12/19
248,99.9,1.04,1030.46,4.06,3.98 10:39:21 30/12/19
236,99.9,1.23,1030.43,4.19,3.98 10:44:37 30/12/19
247,99.9,1.36,1030.44,4.08,3.98 10:49:50 30/12/19
250,99.9,1.525,1030.5,5.0,3.98 10:55:03 30/12/19
238,99.9,1.6400001,1030.36,4.29,3.97 11:00:14 30/12/19
245,99.9,1.8249999,1030.31,4.12,3.97 11:05:31 30/12/19
250,99.9,2.0149999,1030.28,4.06,3.98 11:10:48 30/12/19
243,99.9,2.19,1030.24,5.0,4.0 11:16:00 30/12/19
274,99.9,2.3249998,1030.22,4.64,4.01 11:21:12 30/12/19
249,99.9,2.51,1030.14,5.0,4.0 11:26:24 30/12/19
245,99.9,2.6950002,1030.02,5.0,3.99 11:31:37 30/12/19
247,99.9,2.81,1029.93,5.0,3.99 11:36:50 30/12/19
243,99.9,2.9050002,1030.0,4.42,3.99 11:42:03 30/12/19
249,99.9,3.01,1030.01,5.0,3.99 11:47:16 30/12/19
258,99.9,3.17,1029.94,5.0,4.0 11:52:27 30/12/19
324,99.9,3.295,1029.89,4.11,4.01 11:57:41 30/12/19
252,99.9,3.48,1029.83,4.78,4.0 12:02:51 30/12/19
258,99.9,3.59,1029.76,5.0,4.0 12:08:05 30/12/19
244,99.9,3.6999998,1029.65,5.0,3.99 12:13:18 30/12/19
239,99.9,3.885,1029.53,5.0,4.0 12:18:30 30/12/19
247,99.9,4.0,1029.43,4.06,4.0 12:23:43 30/12/19
271,99.9,4.195,1029.5,4.18,4.08 12:28:56 30/12/19
253,99.9,4.37,1029.44,5.0,4.06 12:34:09 30/12/19
267,99.9,4.4700003,1029.36,4.75,4.05 12:39:21 30/12/19
282,99.9,4.59,1029.3,5.0,4.04 12:44:34 30/12/19
257,99.9,4.715,1029.29,4.08,4.03 12:49:50 30/12/19
350,99.9,4.88,1029.21,4.25,4.16 12:55:08 30/12/19
397,99.9,5.105,1029.14,5.0,4.21 13:00:24 30/12/19
389,99.9,5.48,1029.18,5.0,4.21 13:05:42 30/12/19
387,99.9,5.775,1029.24,5.0,4.22 13:10:55 30/12/19
393,99.9,6.0550003,1029.15,5.0,4.21 13:16:11 30/12/19
386,99.9,6.36,1029.14,5.0,4.22 13:21:29 30/12/19
400,99.9,6.7250004,1029.2,5.0,4.22 13:26:42 30/12/19
399,99.9,7.0249996,1029.12,5.0,4.21 13:31:55 30/12/19
389,99.9,7.25,1028.98,5.0,4.21 13:37:13 30/12/19
380,99.9,7.465,1028.85,5.0,4.22 13:42:29 30/12/19
382,99.9,7.7200003,1028.89,5.0,4.21 13:47:43 30/12/19
382,99.9,7.925,1028.76,5.0,4.22 13:52:56 30/12/19
379,99.9,8.12,1028.75,5.0,4.22 13:58:09 30/12/19
379,99.9,8.235001,1028.64,5.0,4.22 14:03:22 30/12/19
376,99.9,8.34,1028.54,5.0,4.22 14:08:36 30/12/19
372,99.9,8.42,1028.44,5.0,4.22 14:13:48 30/12/19
369,99.9,8.37,1028.31,5.0,4.21 14:19:01 30/12/19
349,99.9,8.345,1028.12,4.5,4.22 14:24:15 30/12/19
283,99.9,8.195,1028.07,4.22,4.16 14:29:28 30/12/19
292,99.9,8.06,1027.94,4.39,4.18 14:34:41 30/12/19
273,99.9,7.8999996,1027.89,4.78,4.15 14:39:54 30/12/19
289,99.9,7.73,1027.9,4.49,4.15 14:45:07 30/12/19
288,99.9,7.625,1027.82,4.22,4.14 14:50:20 30/12/19
231,99.9,7.59,1027.86,5.0,4.13 14:55:33 30/12/19
238,99.9,7.505,1027.82,5.0,4.13 15:00:50 30/12/19
232,99.9,7.395,1027.77,5.0,4.13 15:06:09 30/12/19
223,99.9,7.3100004,1027.89,5.0,4.12 15:11:21 30/12/19
224,99.9,7.22,1027.83,5.0,4.14 15:16:34 30/12/19
236,99.9,7.18,1027.9,5.0,4.13 15:21:47 30/12/19
216,99.9,7.09,1027.86,5.0,4.12 15:27:00 30/12/19
217,99.9,7.025,1027.83,4.34,4.13 15:32:13 30/12/19
209,99.9,7.0,1027.84,5.0,4.13 15:37:26 30/12/19
208,99.9,6.925,1027.77,5.0,4.13 15:42:39 30/12/19
201,99.9,6.9,1027.78,5.0,4.13 15:47:52 30/12/19
199,99.9,6.82,1027.79,5.0,4.13 15:53:05 30/12/19
191,99.9,6.79,1027.78,4.43,4.13 15:58:18 30/12/19
189,99.9,6.715,1027.75,5.0,4.12 16:03:31 30/12/19
184,99.9,6.63,1027.82,5.0,4.12 16:08:44 30/12/19
174,99.9,6.5550003,1027.78,5.0,4.11 16:13:57 30/12/19
159,99.9,6.525,1027.94,5.0,4.11 16:19:10 30/12/19
150,99.9,6.425,1027.89,4.27,4.1 16:24:24 30/12/19
141,99.9,6.32,1027.94,4.89,4.1 16:29:37 30/12/19
126,99.9,6.165,1027.98,4.52,4.09 16:34:49 30/12/19
113,99.9,6.045,1027.87,4.42,4.09 16:40:02 30/12/19
96,99.9,5.935,1027.78,4.28,4.08 16:45:15 30/12/19
80,99.9,5.7749996,1027.84,4.16,4.07 16:50:28 30/12/19
65,99.9,5.675,1027.73,4.0,4.07 16:55:41 30/12/19
51,99.9,5.635,1027.67,3.43,4.07 17:00:53 30/12/19
39,99.9,5.49,1027.69,2.87,4.06 17:06:06 30/12/19
29,99.9,5.44,1027.63,2.19,4.06 17:11:20 30/12/19
22,99.9,5.36,1027.66,1.35,4.06 17:16:32 30/12/19
18,99.9,5.2799997,1027.58,0.66,4.05 17:21:45 30/12/19
16,99.9,5.245,1027.56,0.3,4.05 17:27:01 30/12/19
13,99.9,5.24,1027.37,0.14,4.05 17:32:19 30/12/19
13,99.9,5.19,1027.46,0.07,4.05 17:37:32 30/12/19
11,99.9,5.1800003,1027.62,0.03,4.04 17:42:44 30/12/19
10,99.9,5.1549997,1027.48,0.01,4.04 17:47:57 30/12/19
10,99.9,5.05,1027.38,0.0,4.04 17:53:11 30/12/19
10,99.9,4.895,1027.3,0.0,4.04 17:58:23 30/12/19
10,99.9,4.8500004,1027.35,0.0,4.03 18:03:39 30/12/19
9,99.9,4.76,1027.33,0.0,4.03 18:08:57 30/12/19
9,99.9,4.67,1027.23,0.0,4.03 18:14:13 30/12/19
9,99.9,4.5950003,1027.25,0.0,4.03 18:19:31 30/12/19
9,99.9,4.575,1027.23,0.0,4.03 18:24:47 30/12/19
8,99.9,4.495,1027.19,0.0,4.03 18:30:05 30/12/19
9,99.9,4.46,1027.21,0.0,4.03 18:35:18 30/12/19
8,99.9,4.38,1027.04,0.0,4.02 18:40:30 30/12/19
9,99.9,4.305,1026.98,0.0,4.02 18:45:43 30/12/19
9,99.9,4.29,1027.04,0.0,4.02 18:50:56 30/12/19
9,99.9,4.29,1027.06,0.0,4.02 18:56:08 30/12/19
8,99.9,4.355,1027.1,0.0,4.02 19:01:22 30/12/19
8,99.9,4.375,1027.15,0.0,4.02 19:06:34 30/12/19
8,99.9,4.44,1027.15,0.0,4.02 19:11:46 30/12/19
8,99.9,4.4449997,1027.17,0.0,4.02 19:16:59 30/12/19
8,99.9,4.395,1027.17,0.0,4.01 19:22:12 30/12/19
7,99.9,4.4,1027.11,0.0,4.01 19:27:24 30/12/19
7,99.9,4.45,1027.1,0.0,4.01 19:32:37 30/12/19
8,99.9,4.45,1027.16,0.0,4.01 19:37:51 30/12/19
8,99.9,4.44,1027.12,0.0,4.01 19:43:03 30/12/19
8,99.9,4.38,1027.09,0.0,4.01 19:48:15 30/12/19
5,99.9,4.355,1027.11,0.0,4.01 19:53:26 30/12/19
8,99.9,4.275,1027.1,0.0,4.0 19:58:45 30/12/19
7,99.9,4.25,1027.12,0.0,4.01 20:04:02 30/12/19
7,99.9,4.16,1027.11,0.0,4.01 20:09:15 30/12/19
7,99.9,4.05,1027.16,0.0,4.01 20:14:27 30/12/19
8,99.9,3.88,1027.24,0.0,4.01 20:19:40 30/12/19
7,99.9,3.75,1027.16,0.0,4.0 20:24:53 30/12/19
7,99.9,3.585,1027.21,0.0,4.01 20:30:05 30/12/19
9,99.9,3.47,1027.22,0.0,4.0 20:35:21 30/12/19
6,99.9,3.4250002,1027.19,0.0,4.0 20:40:30 30/12/19
8,99.9,3.27,1027.3,0.0,4.0 20:45:44 30/12/19
9,99.9,3.225,1027.22,0.0,4.0 20:50:58 30/12/19
8,99.9,3.08,1027.34,0.0,4.0 20:56:08 30/12/19
8,99.9,3.0349998,1027.34,0.0,4.0 21:01:21 30/12/19
7,99.9,2.88,1027.29,0.0,4.0 21:06:33 30/12/19
7,99.9,2.775,1027.44,0.0,3.99 21:11:46 30/12/19
7,99.9,2.615,1027.56,0.0,4.0 21:16:58 30/12/19
8,99.9,2.565,1027.53,0.0,3.99 21:22:11 30/12/19
7,99.9,2.455,1027.45,0.0,3.99 21:27:23 30/12/19
8,99.9,2.3600001,1027.48,0.0,3.99 21:32:36 30/12/19
8,99.9,2.26,1027.42,0.0,3.99 21:37:48 30/12/19
6,99.9,2.185,1027.36,0.0,3.99 21:42:59 30/12/19
8,99.9,2.145,1027.39,0.0,3.99 21:48:13 30/12/19
8,99.9,2.075,1027.52,0.0,3.99 21:53:26 30/12/19
8,99.9,2.0549998,1027.41,0.0,3.99 21:58:38 30/12/19
9,99.9,1.98,1027.51,0.0,3.98 22:03:51 30/12/19
5,99.9,1.96,1027.59,0.0,3.99 22:09:01 30/12/19
10,99.9,1.87,1027.53,0.0,3.98 22:14:19 30/12/19
8,99.9,1.84,1027.51,0.0,3.98 22:19:37 30/12/19
9,99.9,1.755,1027.51,0.0,3.98 22:24:49 30/12/19
8,99.9,1.6700001,1027.61,0.0,3.98 22:30:01 30/12/19
8,99.9,1.655,1027.43,0.0,3.98 22:35:14 30/12/19
9,99.9,1.6400001,1027.47,0.0,3.98 22:40:26 30/12/19
10,99.9,1.6500001,1027.58,0.0,3.98 22:45:42 30/12/19
8,99.9,1.665,1027.72,0.0,3.98 22:50:59 30/12/19
6,99.9,1.6800001,1027.83,0.0,3.98 22:56:10 30/12/19
5,99.9,1.6600001,1027.84,0.0,3.98 23:01:22 30/12/19
7,99.9,1.635,1027.85,0.0,3.98 23:06:36 30/12/19
8,99.9,1.56,1027.84,0.0,3.98 23:11:50 30/12/19
8,99.9,1.4749999,1027.98,0.0,3.98 23:17:01 30/12/19
8,99.9,1.38,1027.94,0.0,3.97 23:22:14 30/12/19
5,99.9,1.295,1028.19,0.0,3.97 23:27:24 30/12/19
8,99.9,1.255,1028.21,0.0,3.98 23:32:39 30/12/19
9,99.9,1.1800001,1028.37,0.0,3.97 23:37:51 30/12/19
10,99.9,1.095,1028.43,0.0,3.97 23:43:05 30/12/19
7,99.9,1.065,1028.26,0.0,3.97 23:48:15 30/12/19
9,99.9,0.97499996,1028.39,0.0,3.97 23:53:28 30/12/19
6,99.9,0.94,1028.23,0.0,3.97 23:58:38 30/12/19
