9,99.9,0.86,1028.12,0.0,3.97 00:03:53 31/12/19
7,99.9,0.78000003,1028.19,0.0,3.97 00:09:03 31/12/19
7,99.9,0.75,1028.15,0.0,3.97 00:14:16 31/12/19
8,99.9,0.675,1028.24,0.0,3.97 00:19:29 31/12/19
9,99.9,0.66,1028.16,0.0,3.97 00:24:42 31/12/19
10,99.9,0.575,1028.13,0.0,3.96 00:29:54 31/12/19
5,99.9,0.565,1028.25,0.0,3.97 00:35:04 31/12/19
8,99.9,0.535,1028.09,0.0,3.96 00:40:18 31/12/19
10,99.9,0.46499997,1028.07,0.0,3.97 00:45:34 31/12/19
9,99.9,0.44,1028.13,0.0,3.96 00:50:52 31/12/19
9,99.9,0.375,1028.01,0.0,3.96 00:56:04 31/12/19
7,99.9,0.35,1028.12,0.0,3.96 01:01:15 31/12/19
10,99.9,0.34,1028.1,0.0,3.96 01:06:28 31/12/19
12,99.9,0.29,1028.26,0.0,3.96 01:11:44 31/12/19
10,99.9,0.34,1028.22,0.0,3.96 01:17:01 31/12/19
12,99.9,0.335,1028.12,0.0,3.96 01:22:17 31/12/19
9,99.9,0.28,1028.26,0.0,3.96 01:27:34 31/12/19
12,99.9,0.26,1028.31,0.0,3.96 01:32:50 31/12/19
6,99.9,0.25,1028.33,0.0,3.96 01:38:05 31/12/19
9,99.9,0.18999998,1028.32,0.0,3.96 01:43:20 31/12/19
7,99.9,0.175,1028.33,0.0,3.96 01:48:30 31/12/19
10,99.9,0.15499999,1028.33,0.0,3.96 01:53:45 31/12/19
9,99.9,0.145,1028.3,0.0,3.96 01:58:56 31/12/19
10,99.9,0.145,1028.27,0.0,3.96 02:04:08 31/12/19
13,99.9,0.135,1028.18,0.0,3.96 02:09:24 31/12/19
9,99.9,0.13000001,1028.17,0.0,3.96 02:14:40 31/12/19
11,99.9,0.06999999,1028.32,0.0,3.96 02:19:54 31/12/19
11,99.9,0.06999999,1028.4,0.0,3.96 02:25:06 31/12/19
11,99.9,0.055000007,1028.54,0.0,3.96 02:30:19 31/12/19
10,99.9,0.034999996,1028.56,0.0,3.96 02:35:30 31/12/19
14,99.9,-0.030000001,1028.67,0.0,3.95 02:40:46 31/12/19
14,99.9,-0.035000026,1028.63,0.0,3.95 02:46:07 31/12/19
11,99.9,-0.045000017,1028.89,0.0,3.96 02:51:24 31/12/19
11,99.9,-0.055000007,1028.87,0.0,3.95 02:56:36 31/12/19
11,99.9,-0.125,1028.76,0.0,3.95 03:01:48 31/12/19
14,99.9,-0.13499999,1028.7,0.0,3.95 03:07:04 31/12/19
11,99.9,-0.14,1028.79,0.0,3.95 03:12:21 31/12/19
10,99.9,-0.16,1028.67,0.0,3.95 03:17:33 31/12/19
12,99.9,-0.22,1028.68,0.0,3.95 03:22:46 31/12/19
13,99.9,-0.17999999,1028.66,0.0,3.95 03:27:58 31/12/19
12,99.9,-0.25,1028.83,0.0,3.95 03:33:10 31/12/19
12,99.9,-0.26,1028.73,0.0,3.95 03:38:22 31/12/19
15,99.9,-0.315,1028.71,0.0,3.95 03:43:37 31/12/19
13,99.9,-0.265,1028.56,0.0,3.95 03:48:47 31/12/19
10,99.9,-0.315,1028.59,0.0,3.95 03:53:58 31/12/19
9,99.9,-0.265,1028.61,0.0,3.95 03:59:09 31/12/19
14,99.9,-0.31,1028.49,0.0,3.95 04:04:23 31/12/19
12,99.9,-0.265,1028.58,0.0,3.95 04:09:35 31/12/19
14,99.9,-0.265,1028.64,0.0,3.95 04:14:48 31/12/19
15,99.9,-0.315,1028.71,0.0,3.94 04:20:00 31/12/19
13,99.9,-0.315,1028.75,0.0,3.95 04:25:12 31/12/19
12,99.9,-0.315,1028.84,0.0,3.95 04:30:23 31/12/19
16,99.9,-0.27,1028.89,0.0,3.94 04:35:39 31/12/19
15,99.9,-0.31,1028.99,0.0,3.95 04:40:49 31/12/19
16,99.9,-0.255,1029.27,0.0,3.95 04:46:02 31/12/19
15,99.9,-0.24000001,1029.35,0.0,3.94 04:51:16 31/12/19
16,99.9,-0.16999999,1029.29,0.0,3.95 04:56:26 31/12/19
18,99.9,-0.16,1029.33,0.0,3.94 05:01:43 31/12/19
12,99.9,-0.145,1029.33,0.0,3.95 05:06:59 31/12/19
17,99.9,-0.13499999,1029.37,0.0,3.95 05:12:13 31/12/19
17,99.9,-0.08000001,1029.33,0.0,3.94 05:17:23 31/12/19
19,99.9,-0.07500002,1029.36,0.0,3.94 05:22:42 31/12/19
12,99.9,-0.055000007,1029.33,0.0,3.94 05:27:54 31/12/19
17,99.9,-0.050000012,1029.53,0.0,3.94 05:33:08 31/12/19
17,99.9,-0.050000012,1029.62,0.0,3.94 05:38:21 31/12/19
17,99.9,-0.04000002,1029.67,0.0,3.94 05:43:32 31/12/19
15,99.9,-0.04000002,1029.57,0.0,3.94 05:48:44 31/12/19
18,99.9,-0.030000001,1029.7,0.0,3.94 05:53:58 31/12/19
17,99.9,-0.02000001,1029.7,0.0,3.94 05:59:09 31/12/19
17,99.9,0.050000012,1029.74,0.0,3.94 06:04:21 31/12/19
17,99.9,0.060000002,1029.75,0.0,3.94 06:09:33 31/12/19
19,99.9,0.065,1029.72,0.0,3.94 06:14:50 31/12/19
17,99.9,0.124999985,1029.67,0.0,3.94 06:20:06 31/12/19
19,99.9,0.14,1029.82,0.0,3.93 06:25:21 31/12/19
14,99.9,0.135,1029.91,0.0,3.94 06:30:29 31/12/19
13,99.9,0.14999999,1030.05,0.0,3.94 06:35:42 31/12/19
18,99.9,0.16000001,1029.98,0.0,3.94 06:41:00 31/12/19
17,99.9,0.16000001,1030.17,0.0,3.94 06:46:17 31/12/19
17,99.9,0.15499999,1030.23,0.0,3.93 06:51:28 31/12/19
16,99.9,0.145,1030.3,0.0,3.94 06:56:40 31/12/19
14,99.9,0.14,1030.2,0.0,3.94 07:01:54 31/12/19
21,99.9,0.14,1030.27,0.0,3.93 07:07:06 31/12/19
20,99.9,0.145,1030.37,0.0,3.94 07:12:17 31/12/19
21,99.9,0.16000001,1030.37,0.0,3.94 07:17:30 31/12/19
23,99.9,0.245,1030.46,0.0,3.93 07:22:47 31/12/19
19,99.9,0.33,1030.56,0.0,3.94 07:28:02 31/12/19
18,99.9,0.35500002,1030.54,0.0,3.94 07:33:14 31/12/19
23,99.9,0.44,1030.53,0.0,3.93 07:38:28 31/12/19
22,99.9,0.46499997,1030.45,0.01,3.93 07:43:39 31/12/19
22,99.9,0.545,1030.57,0.01,3.93 07:48:52 31/12/19
23,99.9,0.63,1030.5,0.04,3.93 07:54:04 31/12/19
26,99.9,0.725,1030.49,0.09,3.93 07:59:17 31/12/19
28,99.9,0.81000006,1030.47,0.25,3.93 08:04:28 31/12/19
31,99.9,0.85,1030.53,0.49,3.93 08:09:41 31/12/19
29,99.9,0.94,1030.58,0.88,3.94 08:14:52 31/12/19
41,99.9,1.025,1030.55,1.69,3.93 08:20:05 31/12/19
53,99.9,1.0550001,1030.66,2.87,3.93 08:25:18 31/12/19
65,99.9,1.14,1030.63,3.59,3.93 08:30:31 31/12/19
72,99.9,1.225,1030.79,3.76,3.93 08:35:42 31/12/19
77,99.9,1.3100001,1030.97,3.63,3.93 08:40:55 31/12/19
79,99.9,1.35,1031.1,3.66,3.93 08:46:07 31/12/19
88,99.9,1.4200001,1031.19,4.06,3.93 08:51:19 31/12/19
96,99.9,1.44,1031.42,4.05,3.93 08:56:33 31/12/19
88,99.9,1.515,1031.67,4.02,3.93 09:01:42 31/12/19
113,99.9,1.535,1031.73,4.1,3.93 09:07:00 31/12/19
109,99.9,1.6200001,1031.61,4.33,3.93 09:12:16 31/12/19
112,99.9,1.6400001,1031.75,4.16,3.93 09:17:30 31/12/19
124,99.9,1.71,1031.74,4.53,3.93 09:22:42 31/12/19
131,99.9,1.74,1031.7,4.12,3.93 09:27:55 31/12/19
135,99.9,1.76,1031.73,4.0,3.93 09:33:08 31/12/19
140,99.9,1.8299999,1031.9,4.96,3.93 09:38:20 31/12/19
147,99.9,1.9000001,1031.97,5.0,3.93 09:43:30 31/12/19
168,99.9,1.925,1032.09,4.72,3.93 09:48:44 31/12/19
185,99.9,1.9449999,1032.12,4.07,3.93 09:54:01 31/12/19
193,99.9,2.025,1032.12,3.99,3.93 09:59:18 31/12/19
204,99.9,2.045,1032.18,5.0,3.94 10:04:29 31/12/19
228,99.9,2.115,1032.36,5.0,3.94 10:09:46 31/12/19
235,99.9,2.15,1032.52,3.99,3.95 10:15:03 31/12/19
266,99.9,2.225,1032.58,4.07,3.96 10:20:16 31/12/19
262,99.9,2.31,1032.75,5.0,3.96 10:25:27 31/12/19
276,99.9,2.3400002,1032.71,4.01,3.97 10:30:41 31/12/19
264,99.9,2.435,1032.76,4.01,3.97 10:35:53 31/12/19
282,99.9,2.52,1032.79,5.0,3.97 10:41:06 31/12/19
275,99.9,2.61,1032.96,4.78,3.97 10:46:18 31/12/19
283,99.9,2.705,1033.03,4.66,3.97 10:51:31 31/12/19
277,99.9,2.75,1033.09,4.66,3.98 10:56:43 31/12/19
279,99.9,2.8400002,1033.11,4.27,3.98 11:01:56 31/12/19
271,99.9,2.91,1033.1,5.0,3.97 11:07:08 31/12/19
271,99.9,2.935,1033.18,4.02,3.97 11:12:22 31/12/19
303,99.9,3.0149999,1033.08,4.63,3.98 11:17:37 31/12/19
309,99.9,3.1,1033.15,4.19,3.99 11:22:58 31/12/19
309,99.9,3.135,1033.07,5.0,3.99 11:28:16 31/12/19
320,99.9,3.225,1033.04,5.0,4.0 11:33:28 31/12/19
308,99.9,3.315,1033.2,4.5,3.99 11:38:41 31/12/19
283,99.9,3.415,1033.31,4.48,3.99 11:43:56 31/12/19
291,99.9,3.505,1033.26,4.13,4.0 11:49:06 31/12/19
296,99.9,3.585,1033.16,4.77,4.01 11:54:18 31/12/19
259,99.9,3.61,1033.22,4.08,4.0 11:59:29 31/12/19
279,99.9,3.62,1033.23,4.23,4.0 12:04:44 31/12/19
282,99.9,3.69,1033.17,4.81,4.0 12:09:57 31/12/19
278,99.9,3.71,1033.16,4.15,4.01 12:15:09 31/12/19
253,99.9,3.7199998,1033.16,5.0,4.0 12:20:22 31/12/19
241,99.9,3.7350001,1033.15,5.0,3.99 12:25:34 31/12/19
264,99.9,3.795,1033.17,4.78,4.0 12:30:48 31/12/19
265,99.9,3.815,1033.12,4.4,4.0 12:36:00 31/12/19
271,99.9,3.835,1033.16,4.12,4.01 12:41:12 31/12/19
287,99.9,3.915,1033.02,5.0,4.01 12:46:26 31/12/19
264,99.9,3.94,1033.08,5.0,4.0 12:51:38 31/12/19
292,99.9,4.02,1033.03,4.08,4.02 12:56:50 31/12/19
323,99.9,4.105,1032.92,4.13,4.03 13:02:04 31/12/19
334,99.9,4.145,1032.87,5.0,4.05 13:07:16 31/12/19
340,99.9,4.305,1032.84,4.14,4.05 13:12:28 31/12/19
322,99.9,4.42,1032.72,4.17,4.07 13:17:42 31/12/19
337,99.9,4.54,1032.71,4.31,4.11 13:22:54 31/12/19
339,99.9,4.72,1032.69,4.24,4.12 13:28:11 31/12/19
350,99.9,4.895,1032.57,4.23,4.14 13:33:28 31/12/19
357,99.9,5.0150003,1032.44,4.33,4.14 13:38:44 31/12/19
343,99.9,5.1899996,1032.36,5.0,4.13 13:44:02 31/12/19
315,99.9,5.3050003,1032.41,4.35,4.16 13:49:18 31/12/19
306,99.9,5.41,1032.3,4.38,4.15 13:54:37 31/12/19
282,99.9,5.44,1032.18,5.0,4.14 13:59:49 31/12/19
276,99.9,5.51,1032.24,4.3,4.14 14:05:02 31/12/19
249,99.9,5.52,1032.25,5.0,4.13 14:10:17 31/12/19
257,99.9,5.52,1032.26,4.7,4.13 14:15:27 31/12/19
224,99.9,5.5299997,1032.33,5.0,4.12 14:20:38 31/12/19
224,99.9,5.5299997,1032.28,4.16,4.11 14:25:54 31/12/19
218,99.9,5.525,1032.33,4.93,4.09 14:31:06 31/12/19
255,99.9,5.52,1032.33,4.99,4.1 14:36:23 31/12/19
253,99.9,5.5150003,1032.37,5.0,4.1 14:41:41 31/12/19
267,99.9,5.505,1032.33,5.0,4.11 14:46:53 31/12/19
253,99.9,5.52,1032.32,5.0,4.12 14:52:04 31/12/19
251,99.9,5.5299997,1032.33,5.0,4.13 14:57:17 31/12/19
247,99.9,5.54,1032.34,4.26,4.12 15:02:31 31/12/19
257,99.9,5.55,1032.37,5.0,4.12 15:07:44 31/12/19
243,99.9,5.565,1032.46,5.0,4.13 15:12:57 31/12/19
243,99.9,5.63,1032.51,4.95,4.13 15:18:11 31/12/19
235,99.9,5.7,1032.6,4.3,4.13 15:23:24 31/12/19
208,99.9,5.72,1032.81,5.0,4.12 15:28:34 31/12/19
219,99.9,5.73,1032.81,5.0,4.12 15:33:49 31/12/19
224,99.9,5.745,1032.8,5.0,4.12 15:39:02 31/12/19
214,99.9,5.76,1032.82,5.0,4.12 15:44:13 31/12/19
204,99.9,5.825,1032.83,5.0,4.11 15:49:30 31/12/19
194,99.9,5.84,1032.85,5.0,4.11 15:54:40 31/12/19
193,99.9,5.9049997,1032.81,4.17,4.1 15:59:54 31/12/19
181,99.9,5.915,1032.84,4.36,4.09 16:05:06 31/12/19
169,99.9,5.9300003,1032.88,5.0,4.09 16:10:19 31/12/19
162,99.9,5.9300003,1032.92,4.34,4.08 16:15:32 31/12/19
144,99.9,5.935,1032.88,4.41,4.08 16:20:45 31/12/19
124,99.9,5.9300003,1032.9,4.17,4.07 16:25:58 31/12/19
112,99.9,5.92,1032.92,4.15,4.07 16:31:10 31/12/19
102,99.9,5.92,1032.85,3.92,4.06 16:36:24 31/12/19
95,99.9,5.8500004,1032.71,3.74,4.06 16:41:36 31/12/19
81,99.9,5.8450003,1032.82,3.36,4.06 16:46:48 31/12/19
76,99.9,5.825,1032.84,2.82,4.06 16:52:02 31/12/19
67,99.9,5.755,1032.94,2.33,4.05 16:57:15 31/12/19
60,99.9,5.745,1033.01,1.67,4.05 17:02:32 31/12/19
51,99.9,5.7349997,1033.05,1.02,4.05 17:07:50 31/12/19
42,99.9,5.66,1033.07,0.51,4.05 17:13:00 31/12/19
43,99.9,5.635,1033.07,0.23,4.04 17:18:15 31/12/19
38,99.9,5.5550003,1033.12,0.09,4.04 17:23:28 31/12/19
37,99.9,5.52,1033.12,0.04,4.04 17:28:40 31/12/19
34,99.9,5.455,1033.2,0.03,4.04 17:33:51 31/12/19
38,99.9,5.365,1033.33,0.01,4.04 17:39:07 31/12/19
37,99.9,5.34,1033.28,0.01,4.03 17:44:19 31/12/19
38,99.9,5.26,1033.42,0.0,4.03 17:49:32 31/12/19
37,99.9,5.24,1033.43,0.0,4.03 17:54:44 31/12/19
38,99.9,5.165,1033.38,0.0,4.03 17:59:57 31/12/19
40,99.9,5.16,1033.48,0.0,4.03 18:05:13 31/12/19
43,99.9,5.1499996,1033.45,0.0,4.02 18:10:28 31/12/19
44,99.9,5.1549997,1033.48,0.0,4.03 18:15:44 31/12/19
45,99.9,5.135,1033.46,0.0,4.02 18:20:58 31/12/19
45,99.9,5.135,1033.5,0.0,4.02 18:26:10 31/12/19
46,99.9,5.13,1033.47,0.0,4.02 18:31:26 31/12/19
46,99.9,5.08,1033.53,0.0,4.02 18:36:44 31/12/19
46,99.9,5.065,1033.67,0.0,4.02 18:41:57 31/12/19
45,99.9,4.995,1033.53,0.0,4.02 18:47:09 31/12/19
47,99.9,4.985,1033.63,0.0,4.02 18:52:22 31/12/19
47,99.9,4.9700003,1033.67,0.0,4.02 18:57:35 31/12/19
48,99.9,4.91,1033.75,0.0,4.02 19:02:48 31/12/19
46,99.9,4.885,1033.7,0.0,4.01 19:08:01 31/12/19
46,99.9,4.8199997,1033.54,0.0,4.01 19:13:13 31/12/19
48,99.9,4.785,1033.43,0.0,4.01 19:18:27 31/12/19
49,99.9,4.77,1033.33,0.0,4.01 19:23:39 31/12/19
47,99.9,4.71,1033.37,0.0,4.01 19:28:51 31/12/19
49,99.9,4.705,1033.39,0.0,4.01 19:34:04 31/12/19
49,99.9,4.685,1033.28,0.0,4.01 19:39:17 31/12/19
50,99.9,4.62,1033.34,0.0,4.01 19:44:30 31/12/19
51,99.9,4.6099997,1033.44,0.0,4.01 19:49:42 31/12/19
49,99.9,4.605,1033.34,0.0,4.01 19:54:55 31/12/19
50,99.9,4.59,1033.25,0.0,4.0 20:00:08 31/12/19
52,99.9,4.59,1033.38,0.0,4.0 20:05:21 31/12/19
51,99.9,4.605,1033.5,0.0,4.0 20:10:36 31/12/19
51,99.9,4.605,1033.47,0.0,4.0 20:15:46 31/12/19
50,99.9,4.66,1033.41,0.0,4.0 20:20:59 31/12/19
50,99.9,4.6099997,1033.5,0.0,4.0 20:26:12 31/12/19
49,99.9,4.6099997,1033.48,0.0,4.0 20:31:24 31/12/19
51,99.9,4.585,1033.46,0.0,4.0 20:36:38 31/12/19
50,99.9,4.525,1033.38,0.0,4.0 20:41:50 31/12/19
52,99.9,4.495,1033.34,0.0,4.0 20:47:06 31/12/19
50,99.9,4.415,1033.49,0.0,4.0 20:52:24 31/12/19
51,99.9,4.39,1033.47,0.0,4.0 20:57:36 31/12/19
51,99.9,4.315,1033.39,0.0,3.99 21:02:49 31/12/19
53,99.9,4.3,1033.47,0.0,4.0 21:08:02 31/12/19
54,99.9,4.3,1033.42,0.0,3.99 21:13:18 31/12/19
52,99.9,4.29,1033.46,0.0,3.99 21:18:36 31/12/19
52,99.9,4.29,1033.4,0.0,3.99 21:23:52 31/12/19
50,99.9,4.285,1033.31,0.0,3.99 21:29:10 31/12/19
48,99.9,4.285,1033.35,0.0,3.99 21:34:22 31/12/19
49,99.9,4.29,1033.27,0.0,3.99 21:39:36 31/12/19
50,99.9,4.24,1033.25,0.0,3.99 21:44:48 31/12/19
50,99.9,4.295,1033.34,0.0,3.99 21:50:01 31/12/19
50,99.9,4.295,1033.2,0.0,3.99 21:55:13 31/12/19
51,99.9,4.305,1033.33,0.0,3.99 22:00:26 31/12/19
54,99.9,4.305,1033.29,0.0,3.98 22:05:43 31/12/19
52,99.9,4.305,1033.31,0.0,3.99 22:11:00 31/12/19
51,99.9,4.31,1033.18,0.0,3.98 22:16:13 31/12/19
51,99.9,4.315,1033.26,0.0,3.98 22:21:25 31/12/19
54,99.9,4.36,1033.11,0.0,3.98 22:26:38 31/12/19
53,99.9,4.315,1033.18,0.0,3.98 22:31:51 31/12/19
54,99.9,4.365,1033.12,0.0,3.98 22:37:03 31/12/19
53,99.9,4.375,1033.13,0.0,3.98 22:42:17 31/12/19
55,99.9,4.375,1033.08,0.0,3.98 22:47:29 31/12/19
53,99.9,4.3849998,1033.1,0.0,3.98 22:52:41 31/12/19
55,99.9,4.395,1033.14,0.0,3.98 22:57:54 31/12/19
55,99.9,4.4,1032.98,0.0,3.98 23:03:07 31/12/19
57,99.9,4.41,1033.05,0.0,3.98 23:08:23 31/12/19
53,99.9,4.4700003,1033.01,0.0,3.98 23:13:41 31/12/19
55,99.9,4.485,1033.04,0.0,3.98 23:18:58 31/12/19
50,99.9,4.495,1033.07,0.0,3.98 23:24:13 31/12/19
52,99.9,4.495,1032.99,0.0,3.98 23:29:26 31/12/19
53,99.9,4.51,1033.0,0.0,3.98 23:34:40 31/12/19
49,99.9,4.52,1033.03,0.0,3.98 23:39:51 31/12/19
51,99.9,4.5699997,1033.02,0.0,3.98 23:45:05 31/12/19
52,99.9,4.585,1032.92,0.0,3.98 23:50:18 31/12/19
49,99.9,4.59,1032.86,0.0,3.97 23:55:30 31/12/19
