169,70.00,9.61,1012.35,0.00,4.02 00:05:01 02/04/19
170,71.30,9.59,1012.21,0.00,4.02 00:15:36 02/04/19
175,70.50,9.78,1012.07,0.00,4.02 00:26:06 02/04/19
170,72.70,9.95,1012.02,0.00,4.02 00:36:36 02/04/19
173,72.20,10.24,1011.77,0.00,4.02 00:47:07 02/04/19
173,71.70,10.37,1011.81,0.00,4.02 00:57:36 02/04/19
171,71.40,10.41,1011.66,0.00,4.02 01:08:16 02/04/19
175,72.00,10.42,1011.50,0.00,4.02 01:18:51 02/04/19
172,71.40,10.40,1011.38,0.00,4.01 01:29:23 02/04/19
174,71.80,10.31,1011.29,0.00,4.01 01:40:01 02/04/19
174,71.30,10.27,1011.11,0.00,4.01 01:50:32 02/04/19
170,71.20,10.17,1010.91,0.00,4.01 02:01:01 02/04/19
172,70.90,10.01,1010.83,0.00,4.01 02:11:41 02/04/19
171,71.10,9.89,1010.62,0.00,4.01 02:22:19 02/04/19
174,71.70,9.78,1010.56,0.00,4.01 02:32:55 02/04/19
167,72.50,9.68,1010.33,0.00,4.00 02:43:38 02/04/19
172,72.10,9.59,1010.17,0.00,4.00 02:54:18 02/04/19
179,72.40,9.41,1010.01,0.00,4.00 03:04:50 02/04/19
173,73.20,9.22,1009.93,0.00,4.00 03:15:25 02/04/19
173,74.40,9.02,1009.82,0.00,4.00 03:25:59 02/04/19
176,75.60,8.82,1009.63,0.00,4.00 03:36:35 02/04/19
171,74.50,8.72,1009.42,0.00,4.00 03:47:07 02/04/19
167,75.30,8.69,1009.28,0.00,3.99 03:57:52 02/04/19
168,79.40,8.63,1009.16,0.00,3.99 04:08:32 02/04/19
177,75.80,8.51,1009.02,0.00,4.00 04:19:10 02/04/19
177,74.90,8.43,1008.90,0.00,3.99 04:29:46 02/04/19
171,75.90,8.39,1008.72,0.00,3.99 04:40:25 02/04/19
174,76.30,8.32,1008.54,0.00,3.99 04:51:01 02/04/19
172,76.70,8.30,1008.37,0.00,3.99 05:01:31 02/04/19
172,77.30,8.21,1008.19,0.00,3.99 05:11:61 02/04/19
173,75.50,8.13,1008.03,0.00,3.99 05:22:31 02/04/19
178,73.30,8.82,1007.84,0.00,3.97 05:33:05 02/04/19
175,74.40,8.44,1007.77,0.00,3.98 05:43:37 02/04/19
181,76.40,8.29,1007.57,0.00,3.98 05:54:06 02/04/19
191,73.00,8.85,1007.47,0.00,3.96 06:04:36 02/04/19
224,75.30,8.35,1007.38,0.08,3.97 06:15:06 02/04/19
286,78.00,8.17,1007.26,0.56,3.97 06:25:43 02/04/19
387,76.10,8.01,1007.20,1.95,3.97 06:36:12 02/04/19
500,77.30,7.93,1007.14,3.69,3.97 06:46:42 02/04/19
573,78.00,7.89,1007.04,4.11,3.97 06:57:09 02/04/19
635,76.80,7.72,1006.93,4.77,3.97 07:07:39 02/04/19
681,78.40,7.63,1006.75,4.47,3.98 07:18:10 02/04/19
723,78.20,7.69,1006.68,4.38,3.98 07:28:53 02/04/19
760,80.10,7.82,1006.52,5.00,3.98 07:39:24 02/04/19
765,77.80,8.00,1006.43,4.06,3.99 07:49:55 02/04/19
770,80.70,8.19,1006.30,4.70,4.00 08:00:33 02/04/19
797,78.70,8.41,1006.27,5.00,4.02 08:11:01 02/04/19
823,79.10,8.75,1006.02,4.14,4.04 08:21:31 02/04/19
807,81.30,9.19,1005.85,4.25,4.05 08:32:09 02/04/19
822,80.90,9.64,1005.69,4.35,4.08 08:42:44 02/04/19
848,82.40,10.07,1005.54,4.34,4.20 08:53:15 02/04/19
853,78.90,11.40,1005.37,4.33,4.14 09:03:47 02/04/19
857,80.30,11.53,1005.44,5.00,4.09 09:14:18 02/04/19
860,80.30,11.69,1005.41,4.77,4.13 09:24:49 02/04/19
859,80.30,12.07,1005.38,5.00,4.10 09:35:28 02/04/19
845,79.70,12.26,1005.36,4.21,4.13 09:46:06 02/04/19
849,79.30,12.34,1005.31,5.00,4.10 09:56:53 02/04/19
823,78.40,12.41,1005.15,4.21,4.12 10:07:23 02/04/19
799,78.10,12.42,1005.17,5.00,4.13 10:17:54 02/04/19
811,78.90,12.35,1005.06,5.00,4.11 10:28:25 02/04/19
821,78.80,12.34,1005.07,5.00,4.10 10:38:53 02/04/19
823,80.20,12.35,1005.08,5.00,4.11 10:49:26 02/04/19
822,79.10,12.44,1004.93,5.00,4.11 11:00:05 02/04/19
820,80.10,12.55,1004.97,5.00,4.10 11:10:36 02/04/19
823,79.20,12.63,1004.97,5.00,4.11 11:21:14 02/04/19
818,79.90,12.72,1004.97,5.00,4.12 11:31:53 02/04/19
834,81.00,12.74,1004.81,5.00,4.10 11:42:23 02/04/19
833,86.10,12.85,1004.75,5.00,4.13 11:52:55 02/04/19
807,81.00,12.86,1004.45,5.00,4.11 12:03:33 02/04/19
805,80.80,12.85,1004.27,5.00,4.10 12:14:09 02/04/19
810,83.10,12.84,1003.98,5.00,4.11 12:24:44 02/04/19
864,85.30,13.02,1003.85,5.00,4.12 12:35:23 02/04/19
817,87.50,13.34,1003.67,5.00,4.11 12:45:61 02/04/19
800,86.00,13.34,1003.54,5.00,4.10 12:56:33 02/04/19
806,83.60,13.26,1003.25,5.00,4.11 13:07:12 02/04/19
879,87.10,13.26,1003.08,5.00,4.11 13:17:55 02/04/19
887,87.10,13.72,1002.91,5.00,4.10 13:28:29 02/04/19
892,90.50,14.58,1002.73,5.00,4.10 13:38:59 02/04/19
869,86.90,15.20,1002.65,4.28,4.16 13:49:31 02/04/19
870,85.60,15.24,1002.46,5.00,4.12 14:00:02 02/04/19
858,85.20,15.09,1002.36,5.00,4.11 14:10:35 02/04/19
882,87.80,15.08,1002.34,5.00,4.10 14:21:03 02/04/19
901,90.10,15.74,1002.19,5.00,4.10 14:31:35 02/04/19
881,87.10,16.47,1001.84,4.30,4.18 14:42:09 02/04/19
896,84.80,16.56,1001.65,5.00,4.12 14:52:41 02/04/19
876,83.80,16.36,1001.46,5.00,4.08 15:03:21 02/04/19
879,84.40,16.51,1001.14,5.00,4.10 15:13:58 02/04/19
875,83.80,16.71,1000.96,5.00,4.10 15:24:32 02/04/19
875,82.40,16.81,1000.79,4.29,4.18 15:35:13 02/04/19
870,82.90,16.93,1000.54,5.00,4.12 15:45:57 02/04/19
865,82.40,16.94,1000.50,5.00,4.11 15:56:34 02/04/19
873,83.50,16.99,1000.34,5.00,4.10 16:07:14 02/04/19
877,83.60,17.34,1000.26,5.00,4.10 16:17:54 02/04/19
849,78.20,17.58,1000.32,4.24,4.14 16:28:31 02/04/19
845,80.30,17.52,1000.31,5.00,4.13 16:39:06 02/04/19
844,78.70,17.27,1000.25,5.00,4.12 16:49:46 02/04/19
748,78.30,16.80,1000.44,5.00,4.11 17:00:27 02/04/19
716,71.90,15.07,1001.18,5.00,4.10 17:10:58 02/04/19
770,78.20,13.89,1001.18,4.28,4.12 17:21:28 02/04/19
739,82.00,13.10,1001.37,4.21,4.15 17:32:01 02/04/19
738,84.30,12.88,1001.28,4.23,4.17 17:42:40 02/04/19
703,85.50,12.65,1001.31,4.23,4.16 17:53:17 02/04/19
661,88.90,12.33,1001.01,4.24,4.14 18:03:47 02/04/19
688,86.50,12.23,1000.54,4.76,4.14 18:14:20 02/04/19
726,88.10,12.12,1000.84,5.00,4.14 18:25:05 02/04/19
719,87.10,12.10,1000.97,5.00,4.14 18:35:45 02/04/19
697,90.20,12.02,1000.90,4.79,4.14 18:46:21 02/04/19
616,87.50,11.93,1000.85,4.21,4.14 18:56:53 02/04/19
574,89.40,11.77,1000.70,4.18,4.12 19:07:25 02/04/19
654,88.30,11.72,1000.35,5.00,4.12 19:17:55 02/04/19
608,90.10,11.64,1000.56,4.51,4.11 19:28:22 02/04/19
569,90.30,11.53,1000.66,4.17,4.10 19:38:53 02/04/19
510,90.60,11.43,1000.69,3.63,4.10 19:49:25 02/04/19
333,90.40,11.32,1000.76,1.22,4.09 20:00:03 02/04/19
230,90.20,11.32,1000.86,0.14,4.08 20:10:32 02/04/19
197,88.70,12.00,1000.98,0.02,4.03 20:21:05 02/04/19
186,91.70,11.68,1001.23,0.00,4.04 20:31:38 02/04/19
183,91.80,11.63,1001.19,0.00,4.04 20:31:42 02/04/19
190,91.60,11.47,1001.12,0.00,4.04 20:42:21 02/04/19
180,90.90,11.43,1001.04,0.00,4.04 20:52:50 02/04/19
171,91.10,11.33,1001.19,0.00,4.03 21:03:27 02/04/19
178,91.70,11.23,1001.37,0.00,4.03 21:14:01 02/04/19
185,92.90,11.15,1001.47,0.00,4.04 21:24:28 02/04/19
182,93.10,11.06,1001.57,0.00,4.03 21:35:02 02/04/19
177,92.70,10.96,1001.80,0.00,4.03 21:45:54 02/04/19
174,92.60,10.96,1001.78,0.00,4.02 21:46:06 02/04/19
184,91.60,10.75,1001.71,0.00,4.03 21:56:42 02/04/19
173,92.00,10.47,1001.56,0.00,4.02 22:07:18 02/04/19
177,91.60,10.25,1001.77,0.00,4.02 22:17:52 02/04/19
180,91.60,9.91,1001.88,0.00,4.02 22:28:28 02/04/19
174,91.00,9.68,1001.94,0.00,4.02 22:38:58 02/04/19
170,89.80,10.21,1001.92,0.00,3.99 22:49:29 02/04/19
174,90.30,9.69,1001.84,0.00,4.00 22:59:59 02/04/19
177,91.60,9.41,1001.92,0.00,4.00 23:10:28 02/04/19
177,90.80,9.24,1001.92,0.00,4.00 23:20:58 02/04/19
175,91.00,9.14,1001.99,0.00,4.00 23:31:29 02/04/19
167,91.50,8.98,1002.01,0.00,4.00 23:42:05 02/04/19
172,91.90,8.94,1002.02,0.00,4.00 23:52:36 02/04/19
