120,57.3,17.720001,994.72,0.0,4.05 00:08:35 24/04/19
120,57.9,17.619999,994.83,0.0,4.04 00:19:13 24/04/19
118,58.6,17.5,994.89,0.0,4.04 00:29:52 24/04/19
117,58.3,17.34,994.89,0.0,4.04 00:40:28 24/04/19
116,58.4,17.21,994.93,0.0,4.04 00:51:07 24/04/19
115,59.2,17.085,994.95,0.0,4.04 01:01:44 24/04/19
113,58.6,16.925,994.93,0.0,4.03 01:12:21 24/04/19
113,58.0,16.8,994.98,0.0,4.04 01:22:58 24/04/19
112,58.6,16.69,995.03,0.0,4.03 01:33:36 24/04/19
110,60.5,16.529999,994.98,0.0,4.03 01:44:15 24/04/19
110,61.5,16.42,994.98,0.0,4.03 01:54:52 24/04/19
110,62.9,16.38,995.1,0.0,4.03 02:05:27 24/04/19
109,59.3,16.23,995.17,0.0,4.03 02:16:06 24/04/19
109,59.2,16.11,995.1,0.0,4.02 02:26:44 24/04/19
109,62.9,15.995,995.06,0.0,4.02 02:37:21 24/04/19
108,64.2,15.825001,995.17,0.0,4.02 02:47:58 24/04/19
107,65.3,15.7,995.14,0.0,4.02 02:58:40 24/04/19
108,63.8,15.5,995.15,0.0,4.02 03:09:21 24/04/19
107,68.1,15.235001,995.09,0.0,4.02 03:19:58 24/04/19
107,66.1,15.035,995.17,0.0,4.02 03:30:35 24/04/19
107,62.5,14.805,995.23,0.0,4.01 03:41:12 24/04/19
107,66.6,14.625,995.36,0.0,4.01 03:51:49 24/04/19
106,66.5,14.625,995.53,0.0,4.01 04:02:25 24/04/19
104,73.6,14.685,995.55,0.0,4.01 04:13:03 24/04/19
105,69.6,14.625,995.53,0.0,4.01 04:23:38 24/04/19
102,69.8,14.6,995.61,0.0,4.01 04:34:22 24/04/19
103,67.3,14.53,995.58,0.0,4.01 04:45:02 24/04/19
105,68.0,14.514999,995.58,0.0,4.01 04:55:40 24/04/19
111,66.8,14.6,995.48,0.0,4.01 05:06:16 24/04/19
114,67.4,14.71,995.55,0.0,4.01 05:16:51 24/04/19
115,66.8,14.835,995.57,0.0,4.0 05:27:34 24/04/19
129,71.4,14.915,995.57,0.01,4.0 05:38:15 24/04/19
159,68.7,14.9,995.49,0.09,4.0 05:48:52 24/04/19
205,67.7,14.83,995.5,0.45,4.0 05:59:29 24/04/19
265,69.3,14.885,995.57,1.4,4.0 06:10:07 24/04/19
327,71.1,14.91,995.53,2.34,4.0 06:20:44 24/04/19
413,69.5,15.014999,995.61,3.67,4.0 06:31:21 24/04/19
494,69.8,15.175,995.65,4.15,4.0 06:41:56 24/04/19
520,72.8,15.285,995.8,4.42,4.0 06:52:35 24/04/19
567,70.1,15.315001,995.59,4.76,4.0 07:03:11 24/04/19
672,69.8,15.405001,995.67,4.84,4.01 07:13:48 24/04/19
736,72.6,15.585,995.76,4.22,4.02 07:24:25 24/04/19
714,73.6,15.780001,995.83,5.0,4.02 07:35:02 24/04/19
728,72.3,15.82,995.95,4.17,4.04 07:45:38 24/04/19
742,71.7,15.98,996.04,5.0,4.05 07:56:18 24/04/19
749,70.9,16.105,996.01,4.15,4.05 08:06:54 24/04/19
781,73.7,16.275,996.08,5.0,4.09 08:17:32 24/04/19
755,70.0,16.465,996.08,5.0,4.1 08:28:10 24/04/19
751,71.0,16.57,996.04,4.34,4.12 08:38:46 24/04/19
850,72.7,16.695,996.08,5.0,4.13 08:49:25 24/04/19
854,72.7,17.5,996.11,4.24,4.14 09:00:02 24/04/19
858,73.5,18.154999,996.2,5.0,4.12 09:10:39 24/04/19
864,72.3,18.654999,996.29,5.0,4.1 09:21:19 24/04/19
871,72.7,19.150002,996.51,4.26,4.17 09:31:56 24/04/19
870,72.3,19.720001,996.58,5.0,4.13 09:42:32 24/04/19
873,70.2,20.045,996.69,5.0,4.11 09:53:11 24/04/19
876,69.8,20.404999,996.62,5.0,4.1 10:03:51 24/04/19
878,69.2,20.630001,996.56,4.33,4.19 10:14:30 24/04/19
881,68.5,21.005001,996.58,5.0,4.13 10:25:09 24/04/19
884,69.2,21.3,996.74,5.0,4.12 10:35:48 24/04/19
885,68.3,21.665,996.82,5.0,4.11 10:46:26 24/04/19
888,66.8,21.89,996.73,5.0,4.21 10:57:06 24/04/19
892,66.1,22.115,996.85,5.0,4.13 11:07:45 24/04/19
885,66.1,22.365,997.05,5.0,4.12 11:18:25 24/04/19
887,64.2,22.245,997.17,5.0,4.11 11:29:03 24/04/19
877,63.8,22.41,997.23,5.0,4.1 11:39:43 24/04/19
898,62.7,22.61,997.12,5.0,4.21 11:50:23 24/04/19
897,63.7,23.07,997.07,5.0,4.13 12:01:02 24/04/19
897,60.3,23.375,997.1,5.0,4.12 12:11:42 24/04/19
893,58.7,23.575,996.93,5.0,4.11 12:22:22 24/04/19
900,57.9,23.935001,996.98,5.0,4.11 12:33:01 24/04/19
899,57.1,24.255,996.81,5.0,4.1 12:43:40 24/04/19
898,56.4,24.555,996.56,5.0,4.21 12:54:21 24/04/19
900,56.4,24.95,996.63,5.0,4.13 13:05:02 24/04/19
901,54.6,25.23,996.88,5.0,4.12 13:15:42 24/04/19
904,50.2,25.445,997.04,5.0,4.11 13:26:22 24/04/19
859,52.6,25.279999,996.88,5.0,4.11 13:37:03 24/04/19
900,50.0,25.385,996.71,5.0,4.1 13:47:42 24/04/19
901,51.2,25.64,996.65,5.0,4.21 13:58:23 24/04/19
880,52.0,25.865,996.82,5.0,4.14 14:09:02 24/04/19
843,49.0,26.130001,996.76,5.0,4.13 14:19:44 24/04/19
901,48.4,25.685001,996.77,5.0,4.12 14:30:28 24/04/19
876,47.1,26.04,996.5,5.0,4.11 14:41:16 24/04/19
862,48.2,26.08,996.53,5.0,4.1 14:51:55 24/04/19
861,48.1,25.895,996.56,4.27,4.17 15:02:37 24/04/19
891,48.2,25.625,996.62,5.0,4.14 15:13:16 24/04/19
890,47.4,25.39,996.66,5.0,4.13 15:23:57 24/04/19
846,47.2,25.225,996.67,5.0,4.12 15:34:36 24/04/19
867,47.7,25.095001,996.43,5.0,4.11 15:45:15 24/04/19
850,46.5,25.145,996.65,5.0,4.11 15:55:57 24/04/19
888,46.7,25.02,996.77,5.0,4.22 16:06:37 24/04/19
854,45.0,24.96,996.57,5.0,4.14 16:17:18 24/04/19
844,46.3,24.849998,996.7,5.0,4.13 16:27:57 24/04/19
830,46.4,24.57,996.83,5.0,4.12 16:38:40 24/04/19
825,46.4,24.18,996.99,5.0,4.11 16:49:20 24/04/19
821,48.8,23.705,997.1,5.0,4.1 16:59:58 24/04/19
839,51.6,23.18,997.18,4.27,4.15 17:10:38 24/04/19
833,52.2,23.045,997.44,5.0,4.14 17:21:16 24/04/19
827,52.3,22.765,997.51,5.0,4.12 17:31:56 24/04/19
790,52.6,22.515,997.62,5.0,4.11 17:42:37 24/04/19
713,52.6,22.215,997.65,5.0,4.11 17:53:16 24/04/19
700,53.4,21.99,997.92,5.0,4.1 18:03:57 24/04/19
722,54.6,21.65,998.77,4.17,4.13 18:14:35 24/04/19
718,62.4,20.310001,999.07,4.23,4.16 18:25:12 24/04/19
663,63.0,19.11,998.95,4.38,4.16 18:35:51 24/04/19
654,65.1,18.355,999.49,5.0,4.15 18:46:30 24/04/19
612,64.7,17.994999,1000.09,4.64,4.14 18:57:08 24/04/19
598,67.8,17.689999,999.97,4.54,4.13 19:07:46 24/04/19
599,69.4,17.46,999.83,4.68,4.12 19:18:25 24/04/19
601,70.6,17.16,999.91,4.97,4.12 19:29:02 24/04/19
562,74.2,16.85,1000.19,4.29,4.11 19:39:38 24/04/19
498,75.3,16.575,1000.08,4.19,4.1 19:50:17 24/04/19
475,73.3,16.345,999.99,3.97,4.1 20:00:54 24/04/19
417,73.0,16.064999,1000.33,3.12,4.09 20:11:30 24/04/19
433,75.4,15.834999,1000.85,3.5,4.08 20:22:10 24/04/19
380,76.0,15.645,1001.4,2.76,4.08 20:32:44 24/04/19
318,74.8,15.455,1001.12,1.66,4.08 20:43:22 24/04/19
287,78.9,15.265,1000.78,1.21,4.07 20:54:01 24/04/19
231,77.1,15.12,1000.9,0.48,4.07 21:04:41 24/04/19
182,76.3,15.004999,1001.39,0.07,4.07 21:15:22 24/04/19
159,78.8,14.92,1001.92,0.0,4.06 21:26:00 24/04/19
151,78.9,14.815001,1001.68,0.0,4.06 21:36:42 24/04/19
150,79.4,14.645,1001.85,0.0,4.06 21:47:21 24/04/19
148,83.5,14.455,1001.88,0.0,4.05 21:57:59 24/04/19
146,81.5,14.360001,1001.59,0.0,4.05 22:08:35 24/04/19
146,80.8,14.24,1001.73,0.0,4.05 22:19:11 24/04/19
141,80.1,14.139999,1001.62,0.0,4.05 22:29:49 24/04/19
140,79.6,14.1,1001.81,0.0,4.04 22:40:30 24/04/19
136,83.4,14.01,1001.94,0.0,4.04 22:51:11 24/04/19
134,82.8,13.92,1002.19,0.0,4.04 23:01:48 24/04/19
133,84.3,13.755,1002.17,0.0,4.04 23:12:25 24/04/19
125,81.9,13.645,1002.18,0.0,4.03 23:23:00 24/04/19
123,81.3,13.46,1002.14,0.0,4.03 23:33:39 24/04/19
122,83.7,13.265,1002.27,0.0,4.03 23:44:15 24/04/19
121,85.1,13.13,1002.34,0.0,4.03 23:54:52 24/04/19
