0,99.9,6.6800003,991.71,0.0,4.0 00:04:15 02/03/20
0,99.9,6.665,991.69,0.0,4.0 00:09:28 02/03/20
0,99.9,6.6099997,991.72,0.0,4.0 00:14:41 02/03/20
0,99.9,6.585,991.63,0.0,4.0 00:19:54 02/03/20
0,99.9,6.565,991.52,0.0,4.0 00:25:10 02/03/20
0,99.9,6.49,991.61,0.0,3.99 00:30:29 02/03/20
0,99.9,6.41,991.56,0.0,4.0 00:35:41 02/03/20
0,99.9,6.3900003,991.4,0.0,4.0 00:40:54 02/03/20
0,99.9,6.365,991.41,0.0,4.0 00:46:07 02/03/20
0,99.9,6.295,991.52,0.0,4.0 00:51:20 02/03/20
0,99.9,6.2200003,991.52,0.0,3.99 00:56:36 02/03/20
0,99.9,6.1949997,991.48,0.0,3.99 01:01:54 02/03/20
0,99.9,6.185,991.52,0.0,3.99 01:07:07 02/03/20
0,99.9,6.17,991.47,0.0,3.99 01:12:20 02/03/20
0,99.9,6.09,991.55,0.0,3.99 01:17:36 02/03/20
0,99.9,6.0699997,991.6,0.0,3.99 01:22:57 02/03/20
0,99.9,6.02,991.56,0.0,3.99 01:28:15 02/03/20
0,99.9,6.005,991.57,0.0,3.99 01:33:28 02/03/20
0,99.9,5.99,991.53,0.0,3.99 01:38:42 02/03/20
0,99.9,5.9750004,991.55,0.0,3.99 01:43:54 02/03/20
0,99.9,5.915,991.48,0.0,3.99 01:49:05 02/03/20
0,99.9,5.9,991.55,0.0,3.99 01:54:20 02/03/20
0,99.9,5.885,991.54,0.0,3.98 01:59:33 02/03/20
0,99.9,5.8149996,991.5,0.0,3.98 02:04:45 02/03/20
0,99.9,5.795,991.35,0.0,3.98 02:09:56 02/03/20
0,99.9,5.7749996,991.36,0.0,3.99 02:15:12 02/03/20
0,99.9,5.705,991.29,0.0,3.98 02:20:24 02/03/20
0,99.9,5.685,991.19,0.0,3.98 02:25:36 02/03/20
0,99.9,5.605,991.17,0.0,3.98 02:30:53 02/03/20
0,99.9,5.605,991.1,0.0,3.98 02:36:11 02/03/20
0,99.9,5.535,991.19,0.0,3.98 02:41:24 02/03/20
0,99.9,5.51,991.09,0.0,3.98 02:46:37 02/03/20
0,99.9,5.485,991.04,0.0,3.98 02:51:48 02/03/20
0,99.9,5.405,990.97,0.0,3.98 02:57:02 02/03/20
0,99.9,5.375,990.86,0.0,3.98 03:02:15 02/03/20
0,99.9,5.3,990.72,0.0,3.98 03:07:28 02/03/20
0,99.9,5.27,990.68,0.0,3.98 03:12:44 02/03/20
0,99.9,5.1949997,990.6,0.0,3.97 03:18:02 02/03/20
0,99.9,5.19,990.44,0.0,3.97 03:23:18 02/03/20
0,99.9,5.185,990.41,0.0,3.97 03:28:36 02/03/20
0,99.9,5.19,990.3,0.0,3.97 03:33:52 02/03/20
0,99.9,5.1949997,990.24,0.0,3.97 03:39:10 02/03/20
0,99.9,5.2,990.17,0.0,3.97 03:44:27 02/03/20
0,99.9,5.205,990.04,0.0,3.97 03:49:42 02/03/20
0,99.9,5.205,989.98,0.0,3.97 03:54:57 02/03/20
0,99.9,5.21,989.84,0.0,3.97 04:00:09 02/03/20
0,99.9,5.2749996,989.76,0.0,3.97 04:05:22 02/03/20
0,99.9,5.285,989.72,0.0,3.97 04:10:40 02/03/20
0,99.9,5.3,989.63,0.0,3.97 04:15:57 02/03/20
0,99.9,5.3,989.44,0.0,3.97 04:21:10 02/03/20
0,99.9,5.3149996,989.35,0.0,3.97 04:26:22 02/03/20
0,99.9,5.3199997,989.2,0.0,3.97 04:31:38 02/03/20
0,99.9,5.375,989.19,0.0,3.97 04:36:56 02/03/20
1,99.9,5.385,989.12,0.0,3.97 04:42:09 02/03/20
0,99.9,5.4,989.18,0.0,3.97 04:47:21 02/03/20
0,99.9,5.4300003,989.08,0.0,3.97 04:52:34 02/03/20
0,99.9,5.505,989.13,0.0,3.97 04:57:48 02/03/20
0,99.9,5.52,988.94,0.0,3.96 05:03:00 02/03/20
0,99.9,5.59,988.8,0.0,3.96 05:08:13 02/03/20
0,99.9,5.6099997,988.79,0.0,3.96 05:13:27 02/03/20
0,99.9,5.6800003,988.76,0.0,3.96 05:18:38 02/03/20
0,99.9,5.6949997,988.73,0.0,3.96 05:23:51 02/03/20
0,99.9,5.705,988.75,0.0,3.96 05:29:05 02/03/20
0,99.9,5.7799997,988.86,0.0,3.96 05:34:15 02/03/20
0,99.9,5.785,988.79,0.0,3.96 05:39:30 02/03/20
1,99.9,5.8149996,988.6,0.0,3.96 05:44:46 02/03/20
1,99.9,5.8900003,988.46,0.0,3.96 05:50:07 02/03/20
0,99.9,5.895,988.29,0.0,3.96 05:55:15 02/03/20
0,99.9,5.8900003,988.27,0.0,3.96 06:00:33 02/03/20
0,99.9,5.9,988.14,0.0,3.96 06:05:51 02/03/20
0,99.9,5.8900003,987.96,0.0,3.96 06:11:04 02/03/20
0,99.9,5.96,987.81,0.0,3.96 06:16:17 02/03/20
0,99.9,5.915,987.54,0.0,3.96 06:21:29 02/03/20
0,99.9,5.9700003,987.55,0.0,3.96 06:26:41 02/03/20
1,99.9,5.985,987.51,0.01,3.96 06:31:55 02/03/20
2,99.9,6.005,987.44,0.01,3.96 06:37:08 02/03/20
2,99.9,6.06,987.59,0.03,3.96 06:42:22 02/03/20
3,99.9,6.08,987.65,0.09,3.96 06:47:32 02/03/20
7,99.9,6.0950003,987.61,0.26,3.96 06:52:47 02/03/20
9,99.9,6.105,987.59,0.49,3.96 06:58:00 02/03/20
15,99.9,6.165,987.68,1.06,3.96 07:03:14 02/03/20
22,99.9,6.175,987.64,1.64,3.96 07:08:24 02/03/20
36,99.9,6.2,987.67,2.73,3.96 07:13:38 02/03/20
48,99.9,6.265,987.63,3.04,3.96 07:18:51 02/03/20
59,99.9,6.295,987.68,3.4,3.96 07:24:05 02/03/20
79,99.9,6.37,987.66,3.93,3.96 07:29:18 02/03/20
109,99.9,6.395,987.57,4.19,3.96 07:34:30 02/03/20
139,99.9,6.41,987.55,4.73,3.96 07:39:43 02/03/20
160,99.9,6.485,987.58,4.53,3.96 07:44:54 02/03/20
109,99.9,6.5,987.55,4.13,3.96 07:50:07 02/03/20
157,99.9,6.565,987.41,4.68,3.96 07:55:26 02/03/20
198,99.9,6.585,987.41,4.23,3.97 08:00:44 02/03/20
204,99.9,6.605,987.4,5.0,3.97 08:05:56 02/03/20
208,99.9,6.665,987.34,4.14,3.97 08:11:09 02/03/20
208,99.9,6.69,987.24,5.0,3.94 08:16:22 02/03/20
234,99.9,6.705,987.31,4.76,3.98 08:21:35 02/03/20
233,99.9,6.7749996,987.29,5.0,3.98 08:26:48 02/03/20
236,99.9,6.805,987.22,5.0,3.99 08:32:01 02/03/20
234,99.9,6.865,987.25,5.0,3.98 08:37:17 02/03/20
233,99.9,6.905,987.25,5.0,3.99 08:42:36 02/03/20
237,99.9,6.965,987.2,5.0,3.99 08:47:49 02/03/20
244,99.9,6.995,987.33,4.07,4.0 08:53:02 02/03/20
251,99.9,7.065,987.3,5.0,4.01 08:58:15 02/03/20
277,99.9,7.085,987.21,4.14,4.02 09:03:28 02/03/20
272,99.9,7.17,987.28,5.0,4.02 09:08:41 02/03/20
264,99.9,7.2,987.24,4.52,4.02 09:13:54 02/03/20
239,99.9,7.285,987.19,4.44,4.01 09:19:07 02/03/20
284,99.9,7.355,987.19,4.77,4.04 09:24:19 02/03/20
322,99.9,7.375,987.16,4.1,4.04 09:29:32 02/03/20
327,99.9,7.415,987.14,4.18,4.08 09:34:45 02/03/20
295,99.9,7.555,987.11,4.18,4.06 09:39:58 02/03/20
274,99.9,7.6499996,987.0,4.37,4.05 09:45:11 02/03/20
265,99.9,7.6800003,986.92,4.17,4.06 09:50:24 02/03/20
315,99.9,7.6949997,986.95,4.24,4.09 09:55:37 02/03/20
310,99.9,7.765,986.83,4.22,4.1 10:00:51 02/03/20
309,99.9,7.79,986.88,4.28,4.1 10:06:07 02/03/20
301,99.9,7.8650002,986.85,5.0,4.12 10:11:25 02/03/20
298,99.9,7.89,986.86,4.23,4.13 10:16:38 02/03/20
309,99.9,7.95,986.74,5.0,4.16 10:21:51 02/03/20
345,99.9,7.9700003,986.68,4.22,4.15 10:27:04 02/03/20
375,99.9,8.075,986.57,4.26,4.17 10:32:18 02/03/20
361,99.9,8.25,986.58,4.28,4.16 10:37:31 02/03/20
317,99.9,8.375,986.64,4.66,4.13 10:42:44 02/03/20
342,99.9,8.46,986.61,5.0,4.14 10:47:57 02/03/20
364,99.9,8.54,986.49,4.29,4.17 10:53:10 02/03/20
371,99.9,8.565001,986.39,4.27,4.17 10:58:23 02/03/20
379,99.9,8.685,986.31,4.3,4.17 11:03:40 02/03/20
350,99.9,8.85,986.28,5.0,4.17 11:08:56 02/03/20
363,99.9,8.94,986.23,4.3,4.17 11:14:11 02/03/20
379,99.9,9.045,986.12,4.24,4.18 11:19:25 02/03/20
320,99.9,9.08,986.15,4.88,4.15 11:24:38 02/03/20
370,99.9,9.15,986.13,4.29,4.17 11:29:51 02/03/20
368,99.9,9.18,986.25,4.28,4.17 11:35:04 02/03/20
346,99.9,9.245,986.31,5.0,4.14 11:40:18 02/03/20
329,99.9,9.195,986.32,4.69,4.16 11:45:31 02/03/20
290,99.9,9.195,986.36,4.51,4.14 11:50:44 02/03/20
284,99.9,9.18,986.41,4.27,4.14 11:55:58 02/03/20
301,99.9,9.115,986.33,4.92,4.15 12:01:11 02/03/20
304,99.9,9.1,986.35,4.33,4.15 12:06:25 02/03/20
325,99.9,9.08,986.28,5.0,4.15 12:11:37 02/03/20
387,99.9,9.075,986.14,4.39,4.2 12:16:51 02/03/20
394,99.9,9.16,986.14,4.29,4.21 12:22:04 02/03/20
391,99.9,9.264999,986.05,4.27,4.2 12:27:18 02/03/20
348,99.9,9.434999,986.01,4.29,4.17 12:32:30 02/03/20
338,99.9,9.475,986.01,4.61,4.17 12:37:48 02/03/20
310,99.9,9.55,985.99,5.0,4.15 12:43:05 02/03/20
298,99.9,9.545,985.95,4.65,4.15 12:48:19 02/03/20
294,99.9,9.54,985.93,4.29,4.15 12:53:33 02/03/20
314,99.9,9.54,985.88,4.27,4.16 12:58:45 02/03/20
318,99.9,9.545,985.91,4.26,4.15 13:04:02 02/03/20
305,99.9,9.55,985.79,4.24,4.15 13:09:23 02/03/20
294,99.9,9.559999,985.78,4.22,4.14 13:14:34 02/03/20
302,99.9,9.565001,985.82,5.0,4.15 13:19:48 02/03/20
306,99.9,9.57,985.8,5.0,4.15 13:25:00 02/03/20
305,99.9,9.559999,985.79,4.24,4.15 13:30:14 02/03/20
299,99.9,9.555,985.78,4.26,4.14 13:35:27 02/03/20
330,99.9,9.555,985.85,5.0,4.16 13:40:40 02/03/20
330,99.9,9.55,985.88,4.22,4.14 13:45:57 02/03/20
318,99.9,9.55,985.85,5.0,4.15 13:51:15 02/03/20
299,99.9,9.54,985.85,4.29,4.14 13:56:29 02/03/20
340,99.9,9.535,985.84,4.3,4.17 14:01:43 02/03/20
341,99.9,9.54,985.83,4.6,4.16 14:06:55 02/03/20
320,99.9,9.545,985.87,4.46,4.15 14:12:12 02/03/20
319,99.9,9.555,985.94,4.22,4.15 14:17:31 02/03/20
289,99.9,9.559999,986.0,4.3,4.15 14:22:44 02/03/20
355,99.9,9.55,985.94,4.35,4.17 14:27:58 02/03/20
341,99.9,9.545,986.03,5.0,4.16 14:33:13 02/03/20
318,99.9,9.49,986.02,4.21,4.15 14:38:24 02/03/20
324,99.9,9.475,986.03,4.22,4.15 14:43:37 02/03/20
338,99.9,9.475,986.07,5.0,4.16 14:48:50 02/03/20
358,99.9,9.465,986.15,4.31,4.17 14:54:07 02/03/20
357,99.9,9.475,986.17,4.33,4.17 14:59:25 02/03/20
358,99.9,9.48,986.11,4.29,4.17 15:04:42 02/03/20
353,99.9,9.55,986.2,4.26,4.16 15:10:00 02/03/20
349,99.9,9.555,986.26,5.0,4.16 15:15:14 02/03/20
336,99.9,9.559999,986.19,4.8,4.15 15:20:28 02/03/20
327,99.9,9.555,986.24,5.0,4.15 15:25:40 02/03/20
334,99.9,9.545,986.25,4.22,4.15 15:30:58 02/03/20
322,99.9,9.49,986.34,4.26,4.13 15:36:15 02/03/20
327,99.9,9.49,986.41,4.22,4.15 15:41:29 02/03/20
304,99.9,9.49,986.44,4.22,4.15 15:46:43 02/03/20
303,99.9,9.49,986.49,5.0,4.13 15:51:57 02/03/20
309,99.9,9.495,986.53,4.7,4.15 15:57:09 02/03/20
303,99.9,9.545,986.58,5.0,4.15 16:02:23 02/03/20
301,99.9,9.54,986.57,5.0,4.15 16:07:35 02/03/20
295,99.9,9.485,986.74,4.47,4.14 16:12:52 02/03/20
280,99.9,9.485,986.81,5.0,4.14 16:18:10 02/03/20
265,99.9,9.469999,986.85,5.0,4.14 16:23:24 02/03/20
255,99.9,9.46,986.96,4.78,4.16 16:28:37 02/03/20
237,99.9,9.395,987.07,5.0,4.16 16:33:50 02/03/20
251,99.9,9.32,987.12,5.0,4.15 16:39:07 02/03/20
242,99.9,9.299999,987.2,5.0,4.16 16:44:25 02/03/20
251,99.9,9.27,987.25,5.0,4.14 16:49:42 02/03/20
245,99.9,9.264999,987.38,5.0,4.16 16:55:00 02/03/20
238,99.9,9.245,987.45,5.0,4.14 17:00:14 02/03/20
218,99.9,9.18,987.58,4.45,4.14 17:05:27 02/03/20
218,99.9,9.17,987.7,4.24,4.15 17:10:40 02/03/20
194,99.9,9.16,987.79,4.7,4.14 17:15:53 02/03/20
157,99.9,9.1,987.81,4.43,4.13 17:21:07 02/03/20
97,99.9,9.094999,987.94,3.58,4.12 17:26:20 02/03/20
153,99.9,9.08,988.07,4.46,4.12 17:31:33 02/03/20
158,99.9,9.004999,988.15,4.2,4.11 17:36:46 02/03/20
140,99.9,8.955,988.18,4.18,4.1 17:42:06 02/03/20
140,99.9,8.865,988.27,4.44,4.1 17:47:21 02/03/20
149,99.9,8.715,988.38,4.37,4.1 17:52:41 02/03/20
134,99.9,8.685,988.53,4.36,4.09 17:57:56 02/03/20
128,99.9,8.605,988.69,4.24,4.09 18:03:09 02/03/20
123,99.9,8.59,988.78,4.13,4.08 18:08:29 02/03/20
81,99.9,8.575,988.88,3.14,4.08 18:13:44 02/03/20
46,99.9,8.515,989.0,1.81,4.08 18:18:57 02/03/20
48,99.9,8.515,989.19,1.71,4.08 18:24:14 02/03/20
55,99.9,8.495,989.21,2.11,4.07 18:29:32 02/03/20
43,99.9,8.485,989.49,1.47,4.07 18:34:45 02/03/20
40,99.9,8.475,989.62,1.16,4.07 18:39:59 02/03/20
33,99.9,8.405001,989.72,0.63,4.07 18:45:12 02/03/20
28,99.9,8.325,989.8,0.21,4.06 18:50:25 02/03/20
27,99.9,8.299999,989.86,0.06,4.06 18:55:39 02/03/20
17,99.9,8.28,989.9,0.02,4.06 19:00:49 02/03/20
21,99.9,8.26,990.0,0.01,4.06 19:06:03 02/03/20
32,99.9,8.195,990.05,0.0,4.05 19:11:21 02/03/20
27,99.9,8.19,990.12,0.0,4.05 19:16:39 02/03/20
28,99.9,8.18,990.23,0.0,4.05 19:21:52 02/03/20
29,99.9,8.115,990.31,0.0,4.05 19:27:05 02/03/20
35,99.9,8.110001,990.4,0.0,4.04 19:32:22 02/03/20
32,99.9,8.094999,990.47,0.0,4.05 19:37:41 02/03/20
33,99.9,8.094999,990.51,0.0,4.04 19:42:53 02/03/20
33,99.9,8.094999,990.63,0.0,4.04 19:48:06 02/03/20
39,99.9,8.09,990.67,0.0,4.04 19:53:23 02/03/20
34,99.9,8.09,990.76,0.0,4.04 19:58:41 02/03/20
34,99.9,8.09,990.92,0.0,4.04 20:03:54 02/03/20
30,99.9,8.035,991.06,0.0,4.04 20:09:06 02/03/20
34,99.9,8.015,991.13,0.0,4.04 20:14:21 02/03/20
41,99.9,7.955,991.24,0.0,4.03 20:19:38 02/03/20
23,99.9,7.915,991.25,0.0,4.04 20:24:53 02/03/20
35,99.9,7.905,991.36,0.0,4.03 20:30:08 02/03/20
32,99.9,7.845,991.44,0.0,4.03 20:35:20 02/03/20
31,99.9,7.825,991.55,0.0,4.03 20:40:34 02/03/20
32,99.9,7.81,991.62,0.0,4.03 20:45:47 02/03/20
38,99.9,7.745,991.8,0.0,4.03 20:51:01 02/03/20
38,99.9,7.65,991.92,0.0,4.03 20:56:14 02/03/20
42,99.9,7.615,991.99,0.0,4.03 21:01:32 02/03/20
31,99.9,7.535,992.15,0.0,4.03 21:06:47 02/03/20
36,99.9,7.495,992.25,0.0,4.02 21:12:01 02/03/20
36,99.9,7.4100003,992.32,0.0,4.02 21:17:14 02/03/20
36,99.9,7.335,992.49,0.0,4.02 21:22:27 02/03/20
36,99.9,7.3149996,992.61,0.0,4.02 21:27:41 02/03/20
37,99.9,7.25,992.71,0.0,4.02 21:32:54 02/03/20
37,99.9,7.225,992.79,0.0,4.02 21:38:07 02/03/20
32,99.9,7.145,992.9,0.0,4.02 21:43:19 02/03/20
37,99.9,7.125,992.98,0.0,4.02 21:48:33 02/03/20
32,99.9,7.04,993.04,0.0,4.02 21:53:45 02/03/20
31,99.9,6.96,993.17,0.0,4.02 21:58:58 02/03/20
36,99.9,6.925,993.24,0.0,4.02 22:04:12 02/03/20
32,99.9,6.84,993.33,0.0,4.01 22:09:23 02/03/20
37,99.9,6.74,993.39,0.0,4.01 22:14:38 02/03/20
37,99.9,6.65,993.51,0.0,4.02 22:19:50 02/03/20
37,99.9,6.565,993.54,0.0,4.02 22:25:03 02/03/20
38,99.9,6.5299997,993.63,0.0,4.01 22:30:16 02/03/20
40,99.9,6.45,993.69,0.0,4.01 22:35:30 02/03/20
29,99.9,6.41,993.78,0.0,4.01 22:40:41 02/03/20
41,99.9,6.34,993.92,0.0,4.01 22:45:55 02/03/20
30,99.9,6.31,993.99,0.0,4.01 22:51:06 02/03/20
43,99.9,6.24,994.14,0.0,4.01 22:56:21 02/03/20
50,99.9,6.215,994.25,0.0,4.0 23:01:37 02/03/20
44,99.9,6.205,994.41,0.0,4.01 23:06:56 02/03/20
44,99.9,6.175,994.47,0.0,4.01 23:12:08 02/03/20
44,99.9,6.105,994.63,0.0,4.0 23:17:21 02/03/20
48,99.9,6.0299997,994.71,0.0,4.0 23:22:37 02/03/20
43,99.9,5.99,994.81,0.0,4.0 23:27:55 02/03/20
43,99.9,5.905,994.86,0.0,4.0 23:33:08 02/03/20
44,99.9,5.8149996,994.98,0.0,4.0 23:38:21 02/03/20
43,99.9,5.7200003,995.14,0.0,4.0 23:43:34 02/03/20
42,99.9,5.625,995.28,0.0,4.0 23:48:46 02/03/20
43,99.9,5.59,995.3,0.0,4.0 23:53:59 02/03/20
46,99.9,5.51,995.37,0.0,4.0 23:59:12 02/03/20
