45,99.9,5.4350004,995.56,0.0,4.0 00:04:25 03/03/20
39,99.9,5.405,995.58,0.0,4.0 00:09:37 03/03/20
39,99.9,5.345,995.65,0.0,3.99 00:14:49 03/03/20
30,99.9,5.35,995.78,0.0,3.99 00:20:01 03/03/20
45,99.9,5.33,995.84,0.0,4.0 00:25:16 03/03/20
44,99.9,5.31,995.92,0.0,3.99 00:30:29 03/03/20
45,99.9,5.29,996.08,0.0,3.99 00:35:42 03/03/20
45,99.9,5.205,996.17,0.0,3.99 00:40:54 03/03/20
49,99.9,5.135,996.27,0.0,3.99 00:46:08 03/03/20
47,99.9,5.115,996.35,0.0,3.99 00:51:20 03/03/20
48,99.9,5.08,996.4,0.0,3.99 00:56:33 03/03/20
46,99.9,5.01,996.43,0.0,3.99 01:01:45 03/03/20
52,99.9,4.98,996.38,0.0,3.99 01:07:03 03/03/20
47,99.9,4.9700003,996.39,0.0,3.99 01:12:19 03/03/20
39,99.9,4.9,996.46,0.0,3.99 01:17:30 03/03/20
40,99.9,4.825,996.5,0.0,3.99 01:22:43 03/03/20
43,99.9,4.795,996.53,0.0,3.99 01:27:56 03/03/20
55,99.9,4.7749996,996.63,0.0,3.98 01:33:17 03/03/20
36,99.9,4.715,996.64,0.0,3.99 01:38:29 03/03/20
43,99.9,4.705,996.74,0.0,3.98 01:43:43 03/03/20
42,99.9,4.705,996.79,0.0,3.98 01:48:55 03/03/20
49,99.9,4.705,996.81,0.0,3.98 01:54:09 03/03/20
53,99.9,4.705,996.89,0.0,3.98 01:59:25 03/03/20
49,99.9,4.715,996.93,0.0,3.98 02:04:43 03/03/20
43,99.9,4.715,996.92,0.0,3.98 02:09:55 03/03/20
43,99.9,4.715,996.95,0.0,3.98 02:15:07 03/03/20
46,99.9,4.795,996.95,0.0,3.98 02:20:20 03/03/20
52,99.9,4.8149996,997.02,0.0,3.98 02:25:35 03/03/20
54,99.9,4.835,997.07,0.0,3.98 02:30:47 03/03/20
57,99.9,4.875,997.1,0.0,3.97 02:36:04 03/03/20
51,99.9,4.8199997,997.16,0.0,3.98 02:41:21 03/03/20
57,99.9,4.8,997.15,0.0,3.97 02:46:40 03/03/20
43,99.9,4.785,997.27,0.0,3.97 02:51:53 03/03/20
49,99.9,4.725,997.29,0.0,3.98 02:57:08 03/03/20
35,99.9,4.705,997.3,0.0,3.97 03:02:18 03/03/20
57,99.9,4.635,997.38,0.0,3.97 03:07:38 03/03/20
51,99.9,4.62,997.31,0.0,3.98 03:12:55 03/03/20
51,99.9,4.605,997.42,0.0,3.97 03:18:07 03/03/20
49,99.9,4.5299997,997.49,0.0,3.97 03:23:19 03/03/20
37,99.9,4.5,997.52,0.0,3.97 03:28:30 03/03/20
51,99.9,4.415,997.5,0.0,3.97 03:33:45 03/03/20
44,99.9,4.39,997.56,0.0,3.97 03:38:56 03/03/20
49,99.9,4.325,997.73,0.0,3.97 03:44:10 03/03/20
40,99.9,4.3,997.71,0.0,3.97 03:49:21 03/03/20
49,99.9,4.2349997,997.77,0.0,3.97 03:54:35 03/03/20
41,99.9,4.2,997.89,0.0,3.97 03:59:47 03/03/20
41,99.9,4.105,997.88,0.0,3.97 04:04:59 03/03/20
48,99.9,4.02,998.09,0.0,3.97 04:10:13 03/03/20
50,99.9,3.9299998,998.17,0.0,3.96 04:15:27 03/03/20
45,99.9,3.9050002,998.19,0.0,3.96 04:20:38 03/03/20
57,99.9,3.835,998.31,0.0,3.96 04:25:55 03/03/20
50,99.9,3.8049998,998.31,0.0,3.96 04:31:12 03/03/20
42,99.9,3.8000002,998.28,0.0,3.96 04:36:23 03/03/20
47,99.9,3.73,998.39,0.0,3.96 04:41:36 03/03/20
52,99.9,3.715,998.5,0.0,3.96 04:46:51 03/03/20
51,99.9,3.71,998.59,0.0,3.96 04:52:03 03/03/20
37,99.9,3.69,998.57,0.0,3.96 04:57:13 03/03/20
41,99.9,3.615,998.64,0.0,3.96 05:02:26 03/03/20
50,99.9,3.595,998.67,0.0,3.96 05:07:40 03/03/20
51,99.9,3.51,998.82,0.0,3.96 05:12:53 03/03/20
50,99.9,3.4850001,998.88,0.0,3.96 05:18:06 03/03/20
52,99.9,3.4299998,998.87,0.0,3.96 05:23:19 03/03/20
56,99.9,3.42,998.89,0.0,3.96 05:28:33 03/03/20
41,99.9,3.4050002,998.97,0.0,3.96 05:33:42 03/03/20
52,99.9,3.395,999.02,0.0,3.96 05:38:59 03/03/20
42,99.9,3.325,999.13,0.0,3.96 05:44:15 03/03/20
51,99.9,3.31,999.08,0.0,3.96 05:49:29 03/03/20
53,99.9,3.295,999.14,0.0,3.96 05:54:42 03/03/20
57,99.9,3.2199998,999.21,0.0,3.96 05:59:59 03/03/20
37,99.9,3.215,999.18,0.0,3.96 06:05:13 03/03/20
44,99.9,3.195,999.18,0.0,3.96 06:10:26 03/03/20
52,99.9,3.125,999.22,0.0,3.96 06:15:40 03/03/20
54,99.9,3.1100001,999.32,0.0,3.96 06:20:53 03/03/20
54,99.9,3.1,999.31,0.0,3.95 06:26:05 03/03/20
55,99.9,3.095,999.29,0.0,3.95 06:31:18 03/03/20
51,99.9,3.0900002,999.36,0.02,3.96 06:36:29 03/03/20
47,99.9,3.075,999.42,0.07,3.95 06:41:41 03/03/20
51,99.9,3.005,999.49,0.21,3.96 06:46:54 03/03/20
51,99.9,2.99,999.54,0.55,3.96 06:52:06 03/03/20
66,99.9,2.92,999.57,1.21,3.95 06:57:20 03/03/20
78,99.9,2.9099998,999.65,2.08,3.95 07:02:33 03/03/20
85,99.9,2.88,999.65,3.01,3.95 07:07:44 03/03/20
111,99.9,2.81,999.7,3.81,3.95 07:12:58 03/03/20
129,99.9,2.795,999.69,4.08,3.95 07:18:10 03/03/20
152,99.9,2.78,999.75,4.14,3.95 07:23:23 03/03/20
168,99.9,2.71,999.79,4.32,3.95 07:28:35 03/03/20
173,99.9,2.69,999.86,4.16,3.95 07:33:49 03/03/20
196,99.9,2.6799998,999.78,4.31,3.95 07:39:00 03/03/20
214,99.9,2.62,999.81,5.0,3.96 07:44:13 03/03/20
224,99.9,2.615,999.85,5.0,3.96 07:49:25 03/03/20
219,99.9,2.6100001,999.88,5.0,3.96 07:54:36 03/03/20
234,99.9,2.615,999.81,4.6,3.96 07:59:50 03/03/20
245,99.9,2.6799998,999.81,5.0,3.97 08:05:02 03/03/20
265,99.9,2.705,999.89,5.0,3.96 08:10:16 03/03/20
312,99.9,2.79,999.95,4.1,3.97 08:15:29 03/03/20
326,99.9,2.875,999.97,4.86,3.98 08:20:39 03/03/20
341,99.9,2.98,1000.0,4.22,3.99 08:25:52 03/03/20
368,99.9,3.08,1000.08,4.21,3.99 08:31:08 03/03/20
371,99.9,3.205,1000.2,4.44,3.99 08:36:19 03/03/20
374,99.9,3.375,1000.29,4.5,4.0 08:41:30 03/03/20
362,99.9,3.555,1000.26,4.1,4.02 08:46:41 03/03/20
358,99.9,3.81,1000.25,4.18,4.01 08:51:53 03/03/20
385,99.9,4.065,1000.19,5.0,4.04 08:57:12 03/03/20
390,99.9,4.44,1000.2,4.24,4.05 09:02:34 03/03/20
384,99.9,4.825,1000.21,4.26,4.08 09:07:50 03/03/20
389,99.9,5.215,1000.25,4.23,4.1 09:13:03 03/03/20
394,99.9,5.54,1000.24,4.39,4.13 09:18:16 03/03/20
404,99.9,5.9300003,1000.26,4.26,4.17 09:23:32 03/03/20
392,99.9,6.25,1000.29,4.27,4.18 09:28:48 03/03/20
397,99.9,6.495,1000.33,4.26,4.16 09:34:01 03/03/20
409,99.9,6.76,1000.33,4.45,4.17 09:39:17 03/03/20
404,99.9,6.96,1000.26,4.33,4.17 09:44:27 03/03/20
407,99.9,7.08,1000.26,4.35,4.19 09:49:40 03/03/20
417,99.9,7.18,1000.14,4.31,4.21 09:54:55 03/03/20
420,99.9,7.27,1000.14,4.32,4.21 10:00:09 03/03/20
422,99.9,7.295,1000.17,4.74,4.22 10:05:22 03/03/20
427,99.9,7.3050003,1000.28,5.0,4.21 10:10:36 03/03/20
424,99.9,7.295,1000.3,5.0,4.22 10:15:47 03/03/20
427,99.9,7.295,1000.33,5.0,4.22 10:21:00 03/03/20
429,99.9,7.3,1000.35,5.0,4.24 10:26:13 03/03/20
427,99.9,7.315,1000.37,4.28,4.19 10:31:26 03/03/20
398,99.9,7.255,1000.43,4.43,4.17 10:36:39 03/03/20
362,99.9,7.1800003,1000.44,5.0,4.18 10:41:52 03/03/20
302,99.9,7.1549997,1000.48,5.0,4.14 10:47:04 03/03/20
305,99.9,7.06,1000.53,5.0,4.14 10:52:19 03/03/20
382,99.9,6.99,1000.57,4.27,4.18 10:57:30 03/03/20
343,99.9,7.06,1000.59,4.67,4.17 11:02:47 03/03/20
301,99.9,7.075,1000.56,4.24,4.14 11:07:57 03/03/20
292,99.9,6.995,1000.67,4.54,4.15 11:13:10 03/03/20
334,99.9,6.91,1000.64,5.0,4.16 11:18:26 03/03/20
348,99.9,6.965,1000.66,4.32,4.18 11:23:36 03/03/20
354,99.9,7.045,1000.66,5.0,4.18 11:28:49 03/03/20
365,99.9,7.175,1000.63,4.37,4.21 11:34:02 03/03/20
338,99.9,7.335,1000.74,4.25,4.16 11:39:15 03/03/20
302,99.9,7.36,1000.69,5.0,4.15 11:44:28 03/03/20
300,99.9,7.29,1000.71,4.52,4.15 11:49:40 03/03/20
311,99.9,7.245,1000.65,4.28,4.16 11:54:54 03/03/20
350,99.9,7.1949997,1000.72,4.31,4.18 12:00:06 03/03/20
373,99.9,7.255,1000.79,4.38,4.22 12:05:20 03/03/20
343,99.9,7.34,1000.79,4.29,4.18 12:10:33 03/03/20
353,99.9,7.355,1000.78,4.35,4.18 12:15:45 03/03/20
344,99.9,7.375,1000.87,4.27,4.18 12:20:59 03/03/20
348,99.9,7.4449997,1000.89,4.26,4.17 12:26:13 03/03/20
368,99.9,7.46,1000.86,4.29,4.2 12:31:32 03/03/20
395,99.9,7.55,1000.85,5.0,4.22 12:36:48 03/03/20
386,99.9,7.665,1000.91,5.0,4.22 12:42:04 03/03/20
364,99.9,7.8450003,1000.96,4.31,4.19 12:47:22 03/03/20
409,99.9,7.9300003,1000.99,5.0,4.22 12:52:35 03/03/20
316,99.9,7.96,1001.06,4.25,4.17 12:57:48 03/03/20
295,99.9,7.895,1001.02,5.0,4.15 13:03:02 03/03/20
298,99.9,7.805,1001.01,4.22,4.16 13:08:14 03/03/20
383,99.9,7.71,1000.99,5.0,4.23 13:13:27 03/03/20
353,99.9,7.64,1001.08,4.31,4.21 13:18:38 03/03/20
351,99.9,7.665,1001.03,4.38,4.2 13:23:53 03/03/20
398,99.9,7.6850004,1001.1,5.0,4.22 13:29:06 03/03/20
344,99.9,7.77,1001.07,4.29,4.2 13:34:20 03/03/20
424,99.9,7.87,1001.11,5.0,4.22 13:39:34 03/03/20
468,99.9,8.190001,1001.01,5.0,4.22 13:44:46 03/03/20
449,99.9,8.44,1001.04,5.0,4.22 13:49:59 03/03/20
365,99.9,8.7,1001.02,4.33,4.21 13:55:13 03/03/20
388,99.9,8.805,1000.99,5.0,4.12 14:00:25 03/03/20
358,99.9,8.825001,1000.94,4.29,4.18 14:05:38 03/03/20
300,99.9,8.75,1000.96,4.28,4.17 14:10:50 03/03/20
407,99.9,8.66,1001.02,5.0,4.22 14:16:09 03/03/20
352,99.9,8.83,1001.02,4.27,4.18 14:21:27 03/03/20
313,99.9,8.85,1001.1,4.29,4.19 14:26:39 03/03/20
394,99.9,8.775,1001.15,5.0,4.21 14:31:51 03/03/20
416,99.9,8.785,1001.2,5.0,4.22 14:37:04 03/03/20
345,99.9,8.865,1001.21,5.0,4.21 14:42:18 03/03/20
362,99.9,8.875,1001.25,4.66,4.21 14:47:36 03/03/20
357,99.9,8.87,1001.35,5.0,4.12 14:52:57 03/03/20
329,99.9,8.860001,1001.32,4.27,4.21 14:58:11 03/03/20
340,99.9,8.78,1001.43,4.28,4.2 15:03:29 03/03/20
354,99.9,8.68,1001.4,4.41,4.21 15:08:46 03/03/20
352,99.9,8.59,1001.53,5.0,4.12 15:14:04 03/03/20
357,99.9,8.5,1001.7,4.96,4.19 15:19:17 03/03/20
353,99.9,8.495,1001.64,4.33,4.19 15:24:30 03/03/20
352,99.9,8.47,1001.64,4.29,4.19 15:29:42 03/03/20
351,99.9,8.405001,1001.72,4.88,4.18 15:34:57 03/03/20
348,99.9,8.395,1001.74,4.67,4.19 15:40:11 03/03/20
341,99.9,8.389999,1001.77,4.28,4.18 15:45:21 03/03/20
338,99.9,8.385,1001.77,4.29,4.18 15:50:36 03/03/20
325,99.9,8.395,1001.81,5.0,4.16 15:55:49 03/03/20
299,99.9,8.38,1001.84,4.22,4.15 16:01:04 03/03/20
299,99.9,8.385,1001.89,5.0,4.17 16:06:14 03/03/20
295,99.9,8.37,1001.96,4.24,4.16 16:11:27 03/03/20
314,99.9,8.365,1001.91,5.0,4.16 16:16:43 03/03/20
293,99.9,8.365,1001.91,4.27,4.16 16:21:59 03/03/20
291,99.9,8.365,1001.96,4.34,4.16 16:27:17 03/03/20
307,99.9,8.360001,1002.02,4.35,4.17 16:32:29 03/03/20
297,99.9,8.375,1002.03,5.0,4.16 16:37:43 03/03/20
282,99.9,8.385,1002.11,4.25,4.16 16:42:56 03/03/20
283,99.9,8.38,1002.11,5.0,4.15 16:48:09 03/03/20
284,99.9,8.315001,1002.29,5.0,4.16 16:53:22 03/03/20
271,99.9,8.305,1002.27,4.92,4.15 16:58:39 03/03/20
250,99.9,8.295,1002.35,4.22,4.14 17:03:57 03/03/20
243,99.9,8.264999,1002.44,5.0,4.14 17:09:11 03/03/20
244,99.9,8.13,1002.53,4.22,4.15 17:14:28 03/03/20
256,99.9,8.105,1002.62,5.0,4.16 17:19:45 03/03/20
245,99.9,8.03,1002.65,4.25,4.14 17:24:59 03/03/20
263,99.9,8.02,1002.67,4.26,4.17 17:30:12 03/03/20
245,99.9,8.005,1002.73,5.0,4.16 17:35:26 03/03/20
226,99.9,8.0,1002.81,4.33,4.17 17:40:36 03/03/20
205,99.9,7.99,1002.81,5.0,4.14 17:45:51 03/03/20
185,99.9,7.9700003,1002.82,5.0,4.16 17:51:02 03/03/20
164,99.9,7.895,1002.99,5.0,4.14 17:56:16 03/03/20
152,99.9,7.815,1003.12,4.76,4.13 18:01:33 03/03/20
128,99.9,7.7349997,1003.22,4.91,4.13 18:06:43 03/03/20
109,99.9,7.6800003,1003.32,4.79,4.05 18:11:54 03/03/20
104,99.9,7.51,1003.38,4.33,4.11 18:17:13 03/03/20
83,99.9,7.4100003,1003.51,4.24,4.11 18:22:31 03/03/20
69,99.9,7.225,1003.54,3.95,4.1 18:27:44 03/03/20
50,99.9,7.105,1003.69,3.5,4.1 18:32:55 03/03/20
40,99.9,6.9750004,1003.89,3.01,4.09 18:38:11 03/03/20
26,99.9,6.805,1003.94,1.99,4.09 18:43:23 03/03/20
14,99.9,6.6800003,1003.97,1.03,4.09 18:48:35 03/03/20
10,99.9,6.5699997,1004.07,0.48,4.08 18:53:49 03/03/20
8,99.9,6.4700003,1004.24,0.2,4.07 18:59:06 03/03/20
3,99.9,6.3900003,1004.37,0.06,4.08 19:04:22 03/03/20
2,99.9,6.3,1004.43,0.02,4.07 19:09:34 03/03/20
3,99.9,6.27,1004.48,0.0,4.07 19:14:49 03/03/20
3,99.9,6.1949997,1004.62,0.0,4.07 19:20:02 03/03/20
2,99.9,6.16,1004.63,0.0,4.07 19:25:14 03/03/20
1,99.9,6.065,1004.69,0.0,4.06 19:30:26 03/03/20
1,99.9,5.9750004,1004.7,0.0,4.06 19:35:38 03/03/20
1,99.9,5.965,1004.78,0.0,4.06 19:40:53 03/03/20
2,99.9,5.8900003,1004.77,0.0,4.06 19:46:06 03/03/20
2,99.9,5.81,1004.86,0.0,4.05 19:51:19 03/03/20
2,99.9,5.795,1004.95,0.0,4.05 19:56:30 03/03/20
3,99.9,5.7799997,1005.01,0.0,4.05 20:01:44 03/03/20
2,99.9,5.7749996,1005.09,0.0,4.05 20:06:57 03/03/20
1,99.9,5.76,1005.11,0.0,4.05 20:12:09 03/03/20
2,99.9,5.705,1005.17,0.0,4.05 20:17:21 03/03/20
2,99.9,5.7,1005.24,0.0,4.04 20:22:36 03/03/20
3,99.9,5.7,1005.38,0.0,4.04 20:27:52 03/03/20
3,99.9,5.6949997,1005.46,0.0,4.04 20:33:10 03/03/20
2,99.9,5.6949997,1005.43,0.0,4.04 20:38:23 03/03/20
2,99.9,5.7,1005.46,0.0,4.04 20:43:35 03/03/20
2,99.9,5.705,1005.48,0.0,4.04 20:48:47 03/03/20
3,99.9,5.76,1005.57,0.01,4.03 20:54:05 03/03/20
2,99.9,5.77,1005.61,0.0,4.03 20:59:23 03/03/20
2,99.9,5.785,1005.73,0.0,4.03 21:04:35 03/03/20
2,99.9,5.79,1005.77,0.0,4.03 21:09:48 03/03/20
2,99.9,5.795,1005.84,0.0,4.03 21:15:01 03/03/20
2,99.9,5.8500004,1005.89,0.0,4.03 21:20:12 03/03/20
1,99.9,5.805,1005.88,0.0,4.03 21:25:27 03/03/20
1,99.9,5.7799997,1005.97,0.0,4.03 21:30:39 03/03/20
1,99.9,5.6949997,1006.01,0.0,4.03 21:35:52 03/03/20
0,99.9,5.6099997,1006.12,0.0,4.03 21:41:03 03/03/20
1,99.9,5.52,1006.07,0.0,4.02 21:46:18 03/03/20
2,99.9,5.4750004,1006.11,0.0,4.02 21:51:31 03/03/20
2,99.9,5.385,1006.13,0.0,4.02 21:56:50 03/03/20
1,99.9,5.285,1006.15,0.0,4.02 22:02:05 03/03/20
2,99.9,5.185,1006.32,0.0,3.94 22:07:19 03/03/20
2,99.9,5.09,1006.43,0.0,4.02 22:12:30 03/03/20
2,99.9,4.995,1006.5,0.0,4.01 22:17:44 03/03/20
2,99.9,4.955,1006.47,0.0,4.02 22:22:54 03/03/20
2,99.9,4.88,1006.47,0.0,4.01 22:28:12 03/03/20
3,99.9,4.795,1006.4,0.0,4.01 22:33:30 03/03/20
2,99.9,4.705,1006.39,0.0,4.01 22:38:42 03/03/20
3,99.9,4.62,1006.49,0.0,4.01 22:43:55 03/03/20
4,99.9,4.585,1006.56,0.0,4.01 22:49:08 03/03/20
4,99.9,4.505,1006.6,0.0,4.01 22:54:20 03/03/20
5,99.9,4.485,1006.57,0.0,4.01 22:59:33 03/03/20
6,99.9,4.4700003,1006.5,0.0,4.01 23:04:46 03/03/20
5,99.9,4.4700003,1006.5,0.0,4.01 23:09:59 03/03/20
6,99.9,4.48,1006.58,0.0,4.01 23:15:11 03/03/20
7,99.9,4.4700003,1006.45,0.0,4.01 23:20:24 03/03/20
6,99.9,4.465,1006.53,0.0,4.0 23:25:37 03/03/20
9,99.9,4.4,1006.51,0.0,4.0 23:30:53 03/03/20
6,99.9,4.3849998,1006.59,0.0,4.0 23:36:10 03/03/20
5,99.9,4.36,1006.6,0.0,4.0 23:41:21 03/03/20
9,99.9,4.29,1006.61,0.0,4.0 23:46:36 03/03/20
9,99.9,4.275,1006.63,0.0,4.0 23:51:49 03/03/20
9,99.9,4.265,1006.59,0.0,4.0 23:57:01 03/03/20
