13,99.9,4.21,1006.63,0.0,3.99 00:02:22 04/03/20
10,99.9,4.26,1006.65,0.0,4.0 00:07:35 04/03/20
13,99.9,4.255,1006.68,0.0,4.0 00:12:51 04/03/20
11,99.9,4.26,1006.69,0.0,4.0 00:18:09 04/03/20
12,99.9,4.34,1006.71,0.0,3.99 00:23:22 04/03/20
15,99.9,4.39,1006.79,0.0,3.99 00:28:40 04/03/20
13,99.9,4.55,1006.8,0.0,3.99 00:33:55 04/03/20
11,99.9,4.67,1006.8,0.0,4.0 00:39:06 04/03/20
13,99.9,4.7799997,1006.88,0.0,3.99 00:44:20 04/03/20
10,99.9,4.935,1006.99,0.0,3.99 00:49:31 04/03/20
14,99.9,4.985,1006.96,0.0,3.99 00:54:47 04/03/20
13,99.9,5.08,1006.99,0.0,3.99 01:00:00 04/03/20
9,99.9,5.17,1007.04,0.0,3.99 01:05:11 04/03/20
9,99.9,5.19,1007.02,0.0,3.99 01:10:22 04/03/20
11,99.9,5.27,1007.01,0.0,3.99 01:15:36 04/03/20
12,99.9,5.285,1007.08,0.0,3.99 01:20:48 04/03/20
21,99.9,5.31,1007.2,0.0,3.99 01:26:09 04/03/20
13,99.9,5.3900003,1007.2,0.0,3.99 01:31:22 04/03/20
18,99.9,5.395,1007.21,0.0,3.99 01:36:37 04/03/20
18,99.9,5.465,1007.13,0.0,3.99 01:41:49 04/03/20
18,99.9,5.49,1007.24,0.0,3.99 01:47:02 04/03/20
15,99.9,5.505,1007.24,0.0,3.99 01:52:14 04/03/20
11,99.9,5.58,1007.29,0.0,3.99 01:57:26 04/03/20
19,99.9,5.5950003,1007.19,0.0,3.99 02:02:44 04/03/20
17,99.9,5.67,1007.25,0.0,3.99 02:08:02 04/03/20
20,99.9,5.675,1007.27,0.0,3.98 02:13:15 04/03/20
20,99.9,5.6949997,1007.29,0.0,3.99 02:18:28 04/03/20
20,99.9,5.76,1007.29,0.0,3.98 02:23:40 04/03/20
21,99.9,5.835,1007.28,0.0,3.98 02:28:53 04/03/20
16,99.9,5.86,1007.42,0.0,3.99 02:34:05 04/03/20
16,99.9,5.875,1007.41,0.0,3.99 02:39:17 04/03/20
23,99.9,5.8900003,1007.4,0.0,3.98 02:44:32 04/03/20
19,99.9,5.91,1007.39,0.0,3.98 02:49:44 04/03/20
19,99.9,5.965,1007.43,0.0,3.98 02:54:56 04/03/20
14,99.9,5.98,1007.5,0.0,3.98 03:00:08 04/03/20
17,99.9,5.995,1007.48,0.0,3.98 03:05:22 04/03/20
24,99.9,5.995,1007.49,0.0,3.98 03:10:36 04/03/20
25,99.9,6.0550003,1007.54,0.0,3.98 03:15:49 04/03/20
30,99.9,6.0699997,1007.55,0.0,3.98 03:21:06 04/03/20
19,99.9,6.1499996,1007.65,0.0,3.98 03:26:21 04/03/20
19,99.9,6.1549997,1007.65,0.0,3.98 03:31:34 04/03/20
19,99.9,6.1800003,1007.68,0.0,3.98 03:36:47 04/03/20
30,99.9,6.1949997,1007.66,0.0,3.97 03:42:04 04/03/20
22,99.9,6.265,1007.65,0.0,3.98 03:47:15 04/03/20
16,99.9,6.285,1007.72,0.0,3.98 03:52:26 04/03/20
11,99.9,6.295,1007.8,0.0,3.98 03:57:38 04/03/20
21,99.9,6.3,1007.84,0.0,3.98 04:02:54 04/03/20
16,99.9,6.355,1007.82,0.0,3.98 04:08:05 04/03/20
17,99.9,6.365,1007.86,0.0,3.98 04:13:17 04/03/20
18,99.9,6.375,1007.92,0.0,3.98 04:18:30 04/03/20
26,99.9,6.37,1007.94,0.0,3.98 04:23:45 04/03/20
21,99.9,6.375,1007.98,0.0,3.97 04:28:57 04/03/20
22,99.9,6.395,1008.06,0.0,3.97 04:34:09 04/03/20
22,99.9,6.395,1008.09,0.0,3.98 04:39:23 04/03/20
20,99.9,6.395,1008.13,0.0,3.97 04:44:36 04/03/20
11,99.9,6.3900003,1008.25,0.0,3.97 04:49:47 04/03/20
21,99.9,6.3900003,1008.31,0.0,3.97 04:55:03 04/03/20
21,99.9,6.375,1008.35,0.0,3.97 05:00:16 04/03/20
20,99.9,6.365,1008.33,0.0,3.97 05:05:28 04/03/20
21,99.9,6.31,1008.39,0.0,3.97 05:10:41 04/03/20
14,99.9,6.37,1008.46,0.0,3.97 05:15:52 04/03/20
18,99.9,6.305,1008.5,0.0,3.97 05:21:07 04/03/20
14,99.9,6.3,1008.53,0.0,3.97 05:26:18 04/03/20
9,99.9,6.27,1008.53,0.0,3.97 05:31:30 04/03/20
9,99.9,6.1949997,1008.58,0.0,3.97 05:36:43 04/03/20
11,99.9,6.115,1008.62,0.0,3.97 05:41:57 04/03/20
18,99.9,6.04,1008.56,0.0,3.97 05:47:11 04/03/20
11,99.9,6.005,1008.59,0.0,3.97 05:52:22 04/03/20
22,99.9,5.965,1008.6,0.0,3.96 05:57:40 04/03/20
18,99.9,5.8900003,1008.72,0.0,3.97 06:02:58 04/03/20
11,99.9,5.795,1008.73,0.0,3.97 06:08:09 04/03/20
16,99.9,5.69,1008.69,0.0,3.96 06:13:24 04/03/20
18,99.9,5.59,1008.72,0.0,3.96 06:18:36 04/03/20
10,99.9,5.42,1008.73,0.0,3.97 06:23:47 04/03/20
30,99.9,5.295,1008.79,0.01,3.96 06:29:09 04/03/20
19,99.9,5.19,1008.8,0.04,3.96 06:34:23 04/03/20
15,99.9,5.085,1008.83,0.11,3.96 06:39:34 04/03/20
25,99.9,4.985,1008.86,0.3,3.96 06:44:49 04/03/20
23,99.9,4.895,1008.97,0.72,3.96 06:50:00 04/03/20
30,99.9,4.805,1008.88,1.57,3.96 06:55:13 04/03/20
43,99.9,4.765,1008.91,2.48,3.96 07:00:25 04/03/20
67,99.9,4.69,1008.99,3.33,3.96 07:05:39 04/03/20
92,99.9,4.6099997,1009.0,4.06,3.96 07:10:52 04/03/20
117,99.9,4.5950003,1009.04,4.24,3.96 07:16:05 04/03/20
136,99.9,4.58,1009.05,4.48,3.96 07:21:17 04/03/20
168,99.9,4.525,1009.13,4.71,3.96 07:26:30 04/03/20
175,99.9,4.525,1009.28,5.0,3.96 07:31:41 04/03/20
204,99.9,4.5150003,1009.32,4.17,3.96 07:36:59 04/03/20
202,99.9,4.5299997,1009.38,4.64,3.97 07:42:15 04/03/20
220,99.9,4.5299997,1009.38,4.56,3.97 07:47:29 04/03/20
227,99.9,4.535,1009.46,4.22,3.97 07:52:41 04/03/20
229,99.9,4.585,1009.55,4.03,3.98 07:57:53 04/03/20
252,99.9,4.585,1009.54,4.89,3.98 08:03:09 04/03/20
288,99.9,4.6,1009.59,4.34,3.99 08:08:21 04/03/20
342,99.9,4.62,1009.6,4.07,4.0 08:13:33 04/03/20
326,99.9,4.7,1009.65,4.1,4.01 08:18:45 04/03/20
283,99.9,4.79,1009.6,5.0,4.0 08:23:58 04/03/20
293,99.9,4.885,1009.65,4.25,4.01 08:29:09 04/03/20
354,99.9,4.92,1009.64,4.34,4.01 08:34:32 04/03/20
361,99.9,5.075,1009.68,4.28,4.03 08:39:45 04/03/20
357,99.9,5.175,1009.59,4.58,4.04 08:45:01 04/03/20
371,99.9,5.3450003,1009.67,4.89,4.05 08:50:19 04/03/20
378,99.9,5.5950003,1009.63,4.16,4.06 08:55:36 04/03/20
376,99.9,5.86,1009.6,5.0,4.08 09:00:53 04/03/20
378,99.9,6.2250004,1009.7,5.0,4.11 09:06:04 04/03/20
383,99.9,6.5550003,1009.79,4.26,4.17 09:11:17 04/03/20
412,99.9,6.88,1009.73,4.49,4.21 09:16:35 04/03/20
405,99.9,7.3450003,1009.82,4.26,4.17 09:21:54 04/03/20
419,99.9,7.665,1009.77,4.31,4.19 09:27:10 04/03/20
417,99.9,7.995,1009.83,4.29,4.2 09:32:27 04/03/20
410,99.9,8.2,1009.78,4.71,4.19 09:37:46 04/03/20
409,99.9,8.275,1009.75,4.28,4.19 09:43:06 04/03/20
326,99.9,8.23,1009.73,4.23,4.14 09:48:27 04/03/20
384,99.9,8.07,1009.71,4.26,4.17 09:53:46 04/03/20
432,99.9,8.059999,1009.78,5.0,4.22 09:58:59 04/03/20
432,99.9,8.295,1009.77,5.0,4.22 10:04:13 04/03/20
431,99.9,8.49,1009.74,5.0,4.22 10:09:23 04/03/20
323,99.9,8.605,1009.8,4.26,4.15 10:14:40 04/03/20
355,99.9,8.514999,1009.72,4.28,4.17 10:19:52 04/03/20
433,99.9,8.35,1009.7,5.0,4.22 10:25:09 04/03/20
428,99.9,8.37,1009.76,4.77,4.22 10:30:27 04/03/20
414,99.9,8.455,1009.79,4.28,4.19 10:35:40 04/03/20
379,99.9,8.525,1009.86,4.29,4.18 10:40:53 04/03/20
312,99.9,8.610001,1009.81,4.23,4.17 10:46:05 04/03/20
308,99.9,8.63,1009.8,5.0,4.16 10:51:19 04/03/20
306,99.9,8.725,1009.83,5.0,4.16 10:56:31 04/03/20
310,99.9,8.825001,1009.74,5.0,4.15 11:01:49 04/03/20
292,99.9,8.92,1009.84,4.26,4.15 11:07:07 04/03/20
323,99.9,8.855,1009.82,4.3,4.17 11:12:21 04/03/20
344,99.9,8.845,1009.92,4.3,4.18 11:17:34 04/03/20
331,99.9,8.85,1009.92,4.3,4.17 11:22:47 04/03/20
354,99.9,8.84,1009.99,5.0,4.2 11:28:05 04/03/20
333,99.9,8.865,1009.92,4.27,4.18 11:33:20 04/03/20
337,99.9,8.93,1009.95,4.28,4.18 11:38:34 04/03/20
338,99.9,8.88,1009.99,4.3,4.19 11:43:46 04/03/20
357,99.9,8.94,1009.95,4.99,4.21 11:49:00 04/03/20
379,99.9,8.955,1010.02,4.3,4.2 11:54:13 04/03/20
394,99.9,9.055,1010.09,5.0,4.22 11:59:39 04/03/20
388,99.9,9.14,1010.13,5.0,4.22 12:04:58 04/03/20
384,99.9,9.155001,1010.14,4.46,4.22 12:10:11 04/03/20
380,99.9,9.094999,1010.14,4.77,4.22 12:15:23 04/03/20
375,99.9,9.1,1010.07,4.46,4.22 12:20:38 04/03/20
354,99.9,9.16,1010.02,4.31,4.19 12:25:49 04/03/20
384,99.9,9.165,1009.99,5.0,4.22 12:31:03 04/03/20
382,99.9,9.245,1009.92,5.0,4.22 12:36:16 04/03/20
362,99.9,9.345,1009.92,4.29,4.19 12:41:31 04/03/20
433,99.9,9.355,1009.87,5.0,4.22 12:46:42 04/03/20
328,99.9,9.365,1009.88,4.35,4.17 12:51:57 04/03/20
366,99.9,9.365,1009.78,5.0,4.12 12:57:11 04/03/20
383,99.9,9.360001,1009.76,4.57,4.22 13:02:23 04/03/20
378,99.9,9.375,1009.63,4.26,4.2 13:07:37 04/03/20
367,99.9,9.434999,1009.61,4.32,4.15 13:12:50 04/03/20
370,99.9,9.46,1009.58,4.3,4.21 13:18:02 04/03/20
399,99.9,9.530001,1009.47,5.0,4.13 13:23:15 04/03/20
435,99.9,9.565001,1009.41,5.0,4.22 13:28:30 04/03/20
403,99.9,9.825001,1009.27,5.0,4.22 13:33:44 04/03/20
355,99.9,10.01,1009.22,5.0,4.19 13:38:58 04/03/20
312,99.9,9.965,1009.15,4.8,4.16 13:44:10 04/03/20
292,99.9,9.924999,1009.05,4.3,4.16 13:49:22 04/03/20
378,99.9,9.84,1009.05,5.0,4.21 13:54:38 04/03/20
356,99.9,9.71,1009.01,4.42,4.2 13:59:49 04/03/20
331,99.9,9.700001,1008.88,5.0,4.17 14:05:04 04/03/20
359,99.9,9.68,1008.84,4.42,4.2 14:10:18 04/03/20
346,99.9,9.690001,1008.81,4.28,4.18 14:15:29 04/03/20
322,99.9,9.695,1008.79,4.26,4.17 14:20:44 04/03/20
304,99.9,9.685,1008.78,4.25,4.14 14:25:58 04/03/20
299,99.9,9.605,1008.81,4.38,4.16 14:31:10 04/03/20
346,99.9,9.559999,1008.68,4.38,4.17 14:36:24 04/03/20
288,99.9,9.49,1008.61,4.26,4.14 14:41:36 04/03/20
277,99.9,9.469999,1008.49,5.0,4.14 14:46:50 04/03/20
277,99.9,9.455,1008.51,5.0,4.13 14:52:02 04/03/20
312,99.9,9.395,1008.39,4.22,4.15 14:57:17 04/03/20
303,99.9,9.445,1008.4,4.25,4.17 15:02:30 04/03/20
311,99.9,9.385,1008.32,4.27,4.16 15:07:43 04/03/20
276,99.9,9.38,1008.3,5.0,4.14 15:12:55 04/03/20
207,99.9,9.215,1008.53,4.4,4.14 15:18:11 04/03/20
252,99.9,8.87,1008.59,5.0,4.14 15:23:21 04/03/20
269,99.9,8.639999,1008.57,4.2,4.15 15:28:35 04/03/20
291,99.9,8.46,1008.45,5.0,4.12 15:33:50 04/03/20
305,99.9,8.34,1008.45,4.24,4.14 15:39:03 04/03/20
313,99.9,8.295,1008.48,5.0,4.15 15:44:17 04/03/20
314,99.9,8.28,1008.37,4.22,4.14 15:49:33 04/03/20
260,99.9,8.28,1008.34,5.0,4.13 15:54:51 04/03/20
213,99.9,8.2,1008.34,4.86,4.14 16:00:04 04/03/20
227,99.9,8.12,1008.34,4.23,4.16 16:05:15 04/03/20
194,99.9,8.015,1008.23,5.0,4.15 16:10:29 04/03/20
238,99.9,7.85,1008.12,5.0,4.16 16:15:44 04/03/20
246,99.9,7.7999997,1007.93,5.0,4.14 16:20:56 04/03/20
256,99.9,7.715,1007.89,5.0,4.14 16:26:09 04/03/20
273,99.9,7.6949997,1007.86,5.0,4.14 16:31:21 04/03/20
283,99.9,7.6949997,1007.89,4.22,4.15 16:36:35 04/03/20
297,99.9,7.7,1007.81,4.65,4.16 16:41:48 04/03/20
332,99.9,7.775,1007.67,4.28,4.19 16:47:04 04/03/20
319,99.9,7.8650002,1007.63,4.3,4.2 16:52:13 04/03/20
302,99.9,7.9700003,1007.54,4.22,4.15 16:57:28 04/03/20
278,99.9,8.015,1007.45,4.22,4.14 17:02:41 04/03/20
284,99.9,8.075,1007.31,5.0,4.15 17:07:55 04/03/20
257,99.9,8.075,1007.32,5.0,4.15 17:13:08 04/03/20
250,99.9,7.995,1007.29,4.69,4.14 17:18:20 04/03/20
239,99.9,7.9100003,1007.35,5.0,4.14 17:23:33 04/03/20
253,99.9,7.81,1007.25,4.26,4.15 17:28:45 04/03/20
271,99.9,7.7200003,1007.2,4.43,4.14 17:34:00 04/03/20
255,99.9,7.6899996,1007.17,5.0,4.13 17:39:17 04/03/20
218,99.9,7.605,1007.14,5.0,4.15 17:44:35 04/03/20
206,99.9,7.5200005,1007.13,5.0,4.15 17:49:46 04/03/20
195,99.9,7.4800005,1007.16,5.0,4.15 17:55:00 04/03/20
185,99.9,7.3900003,1007.1,5.0,4.15 18:00:13 04/03/20
158,99.9,7.31,1007.17,5.0,4.15 18:05:24 04/03/20
156,99.9,7.2200003,1007.04,5.0,4.14 18:10:39 04/03/20
139,99.9,7.185,1007.04,4.76,4.13 18:15:52 04/03/20
109,99.9,7.09,1006.93,4.21,4.13 18:21:03 04/03/20
88,99.9,6.995,1007.03,3.33,4.12 18:26:18 04/03/20
70,99.9,6.925,1007.12,2.92,4.11 18:31:31 04/03/20
62,99.9,6.905,1007.05,2.45,4.03 18:36:44 04/03/20
48,99.9,6.895,1006.98,1.84,4.1 18:41:57 04/03/20
29,99.9,6.885,1006.97,1.24,4.1 18:47:08 04/03/20
21,99.9,6.875,1006.95,0.66,4.09 18:52:21 04/03/20
25,99.9,6.805,1006.94,0.3,4.09 18:57:37 04/03/20
18,99.9,6.7799997,1007.05,0.12,4.09 19:02:48 04/03/20
23,99.9,6.71,1007.05,0.04,4.08 19:08:03 04/03/20
23,99.9,6.675,1007.04,0.01,4.08 19:13:15 04/03/20
23,99.9,6.6099997,1007.02,0.0,4.07 19:18:28 04/03/20
24,99.9,6.585,1007.02,0.0,4.07 19:23:41 04/03/20
24,99.9,6.525,1006.96,0.0,4.07 19:28:54 04/03/20
18,99.9,6.575,1007.01,0.0,4.07 19:34:05 04/03/20
29,99.9,6.5,1007.0,0.0,4.06 19:39:23 04/03/20
19,99.9,6.485,1007.02,0.0,4.06 19:44:40 04/03/20
26,99.9,6.415,1006.93,0.0,4.06 19:49:54 04/03/20
27,99.9,6.41,1006.87,0.0,4.06 19:55:07 04/03/20
33,99.9,6.395,1006.87,0.0,4.05 20:00:24 04/03/20
18,99.9,6.4,1006.78,0.0,4.05 20:05:39 04/03/20
29,99.9,6.395,1006.73,0.0,4.05 20:10:55 04/03/20
30,99.9,6.4,1006.77,0.0,4.05 20:16:07 04/03/20
30,99.9,6.405,1006.78,0.0,4.05 20:21:20 04/03/20
31,99.9,6.405,1006.76,0.0,4.04 20:26:33 04/03/20
38,99.9,6.41,1006.73,0.0,4.04 20:31:50 04/03/20
31,99.9,6.41,1006.68,0.0,4.04 20:37:08 04/03/20
32,99.9,6.42,1006.65,0.0,4.04 20:42:20 04/03/20
32,99.9,6.425,1006.63,0.0,4.04 20:47:33 04/03/20
33,99.9,6.4350004,1006.6,0.0,4.04 20:52:46 04/03/20
33,99.9,6.4350004,1006.59,0.0,4.04 20:57:59 04/03/20
27,99.9,6.5,1006.68,0.0,4.04 21:03:10 04/03/20
29,99.9,6.5,1006.65,0.0,4.03 21:08:24 04/03/20
34,99.9,6.5150003,1006.64,0.0,4.03 21:13:38 04/03/20
33,99.9,6.585,1006.68,0.0,4.03 21:18:50 04/03/20
34,99.9,6.6,1006.65,0.0,4.03 21:24:03 04/03/20
24,99.9,6.605,1006.57,0.0,4.03 21:29:14 04/03/20
24,99.9,6.6099997,1006.61,0.0,4.03 21:34:27 04/03/20
33,99.9,6.615,1006.53,0.0,4.03 21:39:42 04/03/20
35,99.9,6.615,1006.44,0.0,4.03 21:44:56 04/03/20
36,99.9,6.615,1006.28,0.0,4.03 21:50:09 04/03/20
38,99.9,6.6099997,1006.27,0.0,4.02 21:55:21 04/03/20
39,99.9,6.605,1006.21,0.0,4.02 22:00:34 04/03/20
31,99.9,6.59,1006.1,0.0,4.02 22:05:45 04/03/20
31,99.9,6.525,1005.98,0.0,4.02 22:10:58 04/03/20
40,99.9,6.5150003,1005.96,0.0,4.02 22:16:13 04/03/20
34,99.9,6.52,1005.96,0.0,4.02 22:21:25 04/03/20
34,99.9,6.5699997,1005.84,0.0,4.02 22:26:38 04/03/20
33,99.9,6.52,1005.73,0.0,4.02 22:31:51 04/03/20
28,99.9,6.5699997,1005.76,0.0,4.02 22:37:02 04/03/20
38,99.9,6.575,1005.69,0.0,4.02 22:42:17 04/03/20
29,99.9,6.5299997,1005.64,0.0,4.02 22:47:28 04/03/20
32,99.9,6.565,1005.52,0.0,4.02 22:52:42 04/03/20
41,99.9,6.5150003,1005.39,0.0,4.02 22:57:56 04/03/20
40,99.9,6.52,1005.23,0.0,4.02 23:03:09 04/03/20
41,99.9,6.51,1005.05,0.0,4.01 23:08:22 04/03/20
41,99.9,6.5150003,1005.08,0.0,4.01 23:13:35 04/03/20
42,99.9,6.45,1004.94,0.0,4.01 23:18:48 04/03/20
50,99.9,6.505,1004.95,0.0,4.01 23:24:04 04/03/20
43,99.9,6.505,1004.79,0.0,4.01 23:29:22 04/03/20
51,99.9,6.49,1004.56,0.0,4.01 23:34:40 04/03/20
44,99.9,6.49,1004.32,0.0,4.01 23:39:56 04/03/20
45,99.9,6.49,1004.35,0.0,4.01 23:45:09 04/03/20
44,99.9,6.49,1004.31,0.0,4.0 23:50:22 04/03/20
44,99.9,6.415,1004.17,0.0,4.01 23:55:36 04/03/20
