44,99.9,6.415,1004.05,0.0,4.0 00:00:49 05/03/20
44,99.9,6.405,1003.91,0.0,4.0 00:06:01 05/03/20
35,99.9,6.4,1003.79,0.0,4.0 00:11:12 05/03/20
43,99.9,6.34,1003.78,0.0,4.0 00:16:27 05/03/20
46,99.9,6.325,1003.6,0.0,4.0 00:21:40 05/03/20
49,99.9,6.34,1003.51,0.0,4.0 00:26:56 05/03/20
36,99.9,6.325,1003.35,0.0,4.0 00:32:12 05/03/20
44,99.9,6.325,1003.34,0.0,4.0 00:37:27 05/03/20
45,99.9,6.325,1003.19,0.0,4.0 00:42:40 05/03/20
43,99.9,6.325,1003.02,0.0,4.0 00:47:53 05/03/20
51,99.9,6.33,1002.99,0.0,3.99 00:53:10 05/03/20
50,99.9,6.34,1002.94,0.0,4.0 00:58:28 05/03/20
48,99.9,6.325,1002.86,0.0,3.99 01:03:40 05/03/20
40,99.9,6.3199997,1002.73,0.0,4.0 01:08:51 05/03/20
42,99.9,6.325,1002.72,0.0,4.0 01:14:05 05/03/20
55,99.9,6.3199997,1002.7,0.0,3.99 01:19:23 05/03/20
40,99.9,6.325,1002.67,0.0,3.99 01:24:38 05/03/20
40,99.9,6.325,1002.62,0.0,4.0 01:29:51 05/03/20
39,99.9,6.3149996,1002.37,0.0,3.99 01:35:04 05/03/20
43,99.9,6.31,1002.29,0.0,3.99 01:40:18 05/03/20
43,99.9,6.305,1002.33,0.0,4.0 01:45:30 05/03/20
47,99.9,6.25,1002.22,0.0,3.99 01:50:44 05/03/20
35,99.9,6.31,1002.17,0.0,3.99 01:55:55 05/03/20
40,99.9,6.31,1002.12,0.0,3.99 02:01:09 05/03/20
48,99.9,6.25,1002.03,0.0,3.99 02:06:24 05/03/20
45,99.9,6.305,1001.92,0.0,3.99 02:11:35 05/03/20
41,99.9,6.305,1001.89,0.0,3.99 02:16:47 05/03/20
40,99.9,6.255,1001.77,0.0,3.99 02:22:00 05/03/20
54,99.9,6.245,1001.7,0.0,3.99 02:27:21 05/03/20
51,99.9,6.305,1001.56,0.0,3.99 02:32:37 05/03/20
42,99.9,6.3,1001.48,0.0,3.99 02:37:47 05/03/20
41,99.9,6.29,1001.26,0.0,3.98 02:43:00 05/03/20
51,99.9,6.23,1001.11,0.0,3.98 02:48:15 05/03/20
48,99.9,6.23,1000.98,0.0,3.99 02:53:28 05/03/20
49,99.9,6.215,1000.86,0.0,3.98 02:58:40 05/03/20
38,99.9,6.21,1000.73,0.0,3.98 03:03:51 05/03/20
38,99.9,6.21,1000.75,0.0,3.98 03:09:04 05/03/20
50,99.9,6.21,1000.67,0.0,3.98 03:14:20 05/03/20
41,99.9,6.205,1000.53,0.0,3.98 03:19:31 05/03/20
51,99.9,6.215,1000.46,0.0,3.98 03:24:45 05/03/20
51,99.9,6.21,1000.25,0.0,3.98 03:29:58 05/03/20
54,99.9,6.2,1000.19,0.0,3.98 03:35:14 05/03/20
51,99.9,6.1949997,1000.15,0.0,3.98 03:40:32 05/03/20
51,99.9,6.185,999.99,0.0,3.98 03:45:45 05/03/20
41,99.9,6.135,999.87,0.0,3.98 03:50:56 05/03/20
51,99.9,6.1400003,999.83,0.0,3.98 03:56:11 05/03/20
45,99.9,6.185,999.76,0.0,3.98 04:01:22 05/03/20
49,99.9,6.185,999.75,0.0,3.98 04:06:36 05/03/20
47,99.9,6.1949997,999.74,0.0,3.98 04:11:50 05/03/20
40,99.9,6.19,999.67,0.0,3.98 04:17:01 05/03/20
46,99.9,6.1949997,999.6,0.0,3.98 04:22:15 05/03/20
38,99.9,6.205,999.58,0.0,3.97 04:27:26 05/03/20
51,99.9,6.21,999.47,0.0,3.97 04:32:44 05/03/20
46,99.9,6.2200003,999.32,0.0,3.97 04:38:02 05/03/20
40,99.9,6.2200003,999.17,0.0,3.97 04:43:13 05/03/20
49,99.9,6.2200003,999.05,0.0,3.97 04:48:28 05/03/20
42,99.9,6.21,998.98,0.0,3.97 04:53:40 05/03/20
42,99.9,6.205,998.97,0.0,3.97 04:58:52 05/03/20
46,99.9,6.2,998.99,0.0,3.97 05:04:06 05/03/20
52,99.9,6.2,998.84,0.0,3.97 05:09:24 05/03/20
48,99.9,6.1949997,998.77,0.0,3.97 05:14:41 05/03/20
45,99.9,6.2,998.8,0.0,3.97 05:19:53 05/03/20
47,99.9,6.1949997,998.61,0.0,3.97 05:25:06 05/03/20
46,99.9,6.2,998.52,0.0,3.97 05:30:19 05/03/20
46,99.9,6.2,998.4,0.0,3.97 05:35:33 05/03/20
40,99.9,6.2,998.39,0.0,3.97 05:40:43 05/03/20
45,99.9,6.1949997,998.16,0.0,3.97 05:45:58 05/03/20
50,99.9,6.1949997,998.15,0.0,3.97 05:51:13 05/03/20
46,99.9,6.1949997,998.12,0.0,3.97 05:56:23 05/03/20
47,99.9,6.205,997.98,0.0,3.97 06:01:37 05/03/20
45,99.9,6.205,998.01,0.0,3.96 06:06:49 05/03/20
39,99.9,6.1949997,997.83,0.0,3.97 06:12:01 05/03/20
38,99.9,6.215,997.7,0.0,3.97 06:17:13 05/03/20
51,99.9,6.215,997.62,0.0,3.96 06:22:32 05/03/20
47,99.9,6.2749996,997.47,0.01,3.96 06:27:50 05/03/20
40,99.9,6.285,997.41,0.02,3.96 06:33:01 05/03/20
40,99.9,6.285,997.3,0.04,3.96 06:38:13 05/03/20
42,99.9,6.285,997.25,0.12,3.96 06:43:26 05/03/20
56,99.9,6.29,997.17,0.28,3.96 06:48:47 05/03/20
48,99.9,6.295,997.02,0.72,3.96 06:54:01 05/03/20
52,99.9,6.3,996.94,1.35,3.96 06:59:13 05/03/20
77,99.9,6.36,996.84,2.38,3.96 07:04:28 05/03/20
97,99.9,6.385,996.68,3.08,3.96 07:09:44 05/03/20
88,99.9,6.3900003,996.55,3.38,3.96 07:15:01 05/03/20
105,99.9,6.395,996.59,3.62,3.96 07:20:15 05/03/20
121,99.9,6.4,996.55,4.09,3.96 07:25:28 05/03/20
139,99.9,6.4,996.48,4.08,3.96 07:30:50 05/03/20
135,99.9,6.42,996.42,4.1,3.96 07:36:03 05/03/20
149,99.9,6.465,996.4,4.28,3.96 07:41:15 05/03/20
167,99.9,6.42,996.22,4.22,3.96 07:46:29 05/03/20
177,99.9,6.48,996.16,4.55,3.96 07:51:41 05/03/20
187,99.9,6.49,996.1,4.21,3.96 07:56:58 05/03/20
180,99.9,6.5,996.12,4.62,3.96 08:02:15 05/03/20
180,99.9,6.51,996.12,5.0,3.96 08:07:28 05/03/20
190,99.9,6.5150003,996.1,5.0,3.96 08:12:41 05/03/20
197,99.9,6.535,996.16,4.28,3.96 08:17:54 05/03/20
210,99.9,6.585,995.98,4.33,3.97 08:23:06 05/03/20
214,99.9,6.55,995.93,4.1,3.97 08:28:19 05/03/20
217,99.9,6.62,995.93,4.79,3.97 08:33:31 05/03/20
220,99.9,6.625,995.81,4.84,3.97 08:38:48 05/03/20
245,99.9,6.7,995.69,5.0,3.98 08:43:58 05/03/20
243,99.9,6.71,995.62,5.0,3.98 08:49:11 05/03/20
240,99.9,6.725,995.51,4.15,3.98 08:54:25 05/03/20
231,99.9,6.795,995.42,4.65,3.99 08:59:36 05/03/20
247,99.9,6.8149996,995.34,5.0,3.98 09:04:50 05/03/20
238,99.9,6.88,995.25,4.04,3.99 09:10:03 05/03/20
286,99.9,6.8900003,995.14,4.72,4.0 09:15:16 05/03/20
245,99.9,6.915,995.09,5.0,3.99 09:20:29 05/03/20
265,99.9,6.98,994.97,5.0,4.01 09:25:40 05/03/20
264,99.9,6.995,994.91,4.3,4.01 09:30:55 05/03/20
280,99.9,7.0150003,994.85,4.25,4.01 09:36:08 05/03/20
283,99.9,7.085,994.77,4.14,4.02 09:41:21 05/03/20
277,99.9,7.1,994.64,4.19,4.02 09:46:32 05/03/20
300,99.9,7.185,994.59,4.62,4.03 09:51:47 05/03/20
289,99.9,7.205,994.51,4.14,4.03 09:57:00 05/03/20
297,99.9,7.2799997,994.48,4.17,4.03 10:02:13 05/03/20
289,99.9,7.3199997,994.42,4.09,4.04 10:07:25 05/03/20
283,99.9,7.38,994.29,4.09,4.04 10:12:37 05/03/20
282,99.9,7.395,994.24,4.09,4.04 10:17:52 05/03/20
260,99.9,7.4,994.09,5.0,4.03 10:23:03 05/03/20
273,99.9,7.425,993.8,5.0,4.05 10:28:16 05/03/20
266,99.9,7.425,993.68,4.09,4.04 10:33:31 05/03/20
275,99.9,7.44,993.61,5.0,4.04 10:38:44 05/03/20
261,99.9,7.495,993.48,4.44,4.04 10:43:57 05/03/20
274,99.9,7.51,993.33,5.0,4.04 10:49:10 05/03/20
270,99.9,7.51,993.21,5.0,4.06 10:54:23 05/03/20
292,99.9,7.5150003,993.24,4.14,4.07 10:59:36 05/03/20
285,99.9,7.58,993.18,4.21,4.07 11:04:47 05/03/20
262,99.9,7.6,992.93,4.15,4.07 11:10:00 05/03/20
281,99.9,7.605,992.75,4.3,4.07 11:15:15 05/03/20
269,99.9,7.615,992.69,4.37,4.08 11:20:27 05/03/20
247,99.9,7.6800003,992.83,4.16,4.07 11:25:40 05/03/20
246,99.9,7.6899996,992.88,5.0,4.06 11:30:55 05/03/20
251,99.9,7.7,992.58,4.2,4.07 11:36:09 05/03/20
265,99.9,7.705,992.47,5.0,4.08 11:41:20 05/03/20
279,99.9,7.705,992.41,5.0,4.07 11:46:33 05/03/20
247,99.9,7.715,992.51,5.0,4.08 11:51:46 05/03/20
244,99.9,7.715,992.58,4.45,4.08 11:56:59 05/03/20
246,99.9,7.7299995,992.57,4.16,4.08 12:02:11 05/03/20
242,99.9,7.7299995,992.46,4.15,4.08 12:07:25 05/03/20
244,99.9,7.79,992.28,5.0,4.08 12:12:38 05/03/20
243,99.9,7.795,992.3,4.68,4.09 12:17:51 05/03/20
239,99.9,7.7999997,992.19,4.71,4.09 12:23:03 05/03/20
243,99.9,7.8199997,992.0,5.0,4.09 12:28:16 05/03/20
249,99.9,7.8199997,991.74,5.0,4.1 12:33:31 05/03/20
267,99.9,7.9,991.73,4.95,4.12 12:38:42 05/03/20
267,99.9,7.905,991.69,4.43,4.12 12:44:00 05/03/20
284,99.9,7.9750004,991.54,5.0,4.14 12:49:13 05/03/20
259,99.9,8.005,991.41,4.21,4.15 12:54:31 05/03/20
259,99.9,8.01,991.29,4.23,4.15 12:59:45 05/03/20
266,99.9,8.075,991.09,5.0,4.14 13:04:58 05/03/20
271,99.9,8.094999,990.96,5.0,4.14 13:10:11 05/03/20
267,99.9,8.105,990.99,4.37,4.17 13:15:25 05/03/20
283,99.9,8.115,990.79,4.22,4.14 13:20:42 05/03/20
253,99.9,8.195,990.68,5.0,4.13 13:25:57 05/03/20
253,99.9,8.25,990.56,5.0,4.13 13:31:12 05/03/20
251,99.9,8.205,990.49,4.72,4.15 13:36:25 05/03/20
273,99.9,8.25,990.37,5.0,4.13 13:41:39 05/03/20
282,99.9,8.21,990.16,4.19,4.14 13:46:53 05/03/20
270,99.9,8.275,989.98,4.84,4.15 13:52:04 05/03/20
291,99.9,8.275,989.89,5.0,4.15 13:57:21 05/03/20
271,99.9,8.28,989.74,4.61,4.14 14:02:40 05/03/20
269,99.9,8.295,989.72,5.0,4.15 14:07:52 05/03/20
276,99.9,8.285,989.57,4.58,4.15 14:13:05 05/03/20
235,99.9,8.305,989.51,4.27,4.14 14:18:17 05/03/20
270,99.9,8.309999,989.36,4.39,4.15 14:23:38 05/03/20
262,99.9,8.35,989.17,5.0,4.13 14:28:53 05/03/20
252,99.9,8.299999,989.01,4.3,4.14 14:34:06 05/03/20
253,99.9,8.295,988.83,4.54,4.15 14:39:19 05/03/20
281,99.9,8.295,988.64,4.26,4.16 14:44:37 05/03/20
252,99.9,8.325,988.57,5.0,4.15 14:49:52 05/03/20
263,99.9,8.325,988.44,5.0,4.15 14:55:11 05/03/20
233,99.9,8.395,988.26,4.22,4.15 15:00:27 05/03/20
247,99.9,8.389999,988.05,4.5,4.16 15:05:41 05/03/20
224,99.9,8.415,988.12,5.0,4.15 15:10:53 05/03/20
238,99.9,8.41,987.83,5.0,4.13 15:16:08 05/03/20
222,99.9,8.41,987.94,5.0,4.14 15:21:21 05/03/20
227,99.9,8.405001,987.86,5.0,4.14 15:26:39 05/03/20
210,99.9,8.405001,987.75,5.0,4.15 15:31:56 05/03/20
196,99.9,8.405001,987.64,5.0,4.15 15:37:09 05/03/20
187,99.9,8.389999,987.66,5.0,4.14 15:42:22 05/03/20
178,99.9,8.325,987.53,4.26,4.17 15:47:35 05/03/20
183,99.9,8.32,987.32,5.0,4.15 15:52:53 05/03/20
185,99.9,8.315001,987.25,5.0,4.15 15:58:10 05/03/20
177,99.9,8.305,987.21,5.0,4.14 16:03:23 05/03/20
169,99.9,8.299999,987.12,5.0,4.14 16:08:36 05/03/20
161,99.9,8.235,986.9,4.24,4.15 16:13:48 05/03/20
153,99.9,8.235,986.67,4.23,4.15 16:19:01 05/03/20
165,99.9,8.22,986.4,5.0,4.14 16:24:16 05/03/20
178,99.9,8.215,986.03,5.0,4.14 16:29:34 05/03/20
166,99.9,8.22,986.3,4.22,4.15 16:34:51 05/03/20
164,99.9,8.15,986.31,5.0,4.15 16:40:04 05/03/20
163,99.9,8.205,986.43,5.0,4.14 16:45:17 05/03/20
141,99.9,8.2,986.3,5.0,4.14 16:50:29 05/03/20
157,99.9,8.185,985.98,4.59,4.13 16:55:48 05/03/20
124,99.9,8.145,985.93,4.64,4.13 17:01:03 05/03/20
122,99.9,8.135,985.76,5.0,4.13 17:06:16 05/03/20
113,99.9,8.13,985.69,4.87,4.12 17:11:29 05/03/20
133,99.9,8.115,985.61,4.71,4.12 17:16:45 05/03/20
112,99.9,8.12,985.39,4.88,4.11 17:21:56 05/03/20
135,99.9,8.115,985.4,4.4,4.1 17:27:14 05/03/20
106,99.9,8.1,985.29,4.58,4.11 17:32:30 05/03/20
100,99.9,8.09,985.35,4.48,4.1 17:37:43 05/03/20
108,99.9,8.085,985.27,4.26,4.09 17:42:58 05/03/20
108,99.9,8.025,985.31,4.16,4.09 17:48:14 05/03/20
97,99.9,8.02,985.34,4.17,4.09 17:53:25 05/03/20
71,99.9,8.005,985.37,3.76,4.08 17:58:35 05/03/20
77,99.9,7.94,985.33,3.37,4.08 18:03:50 05/03/20
66,99.9,7.92,985.38,2.99,4.08 18:09:02 05/03/20
64,99.9,7.915,985.27,2.59,4.07 18:14:17 05/03/20
54,99.9,7.845,985.23,2.26,4.07 18:19:29 05/03/20
59,99.9,7.83,985.2,1.79,4.07 18:24:45 05/03/20
53,99.9,7.825,985.17,1.41,4.07 18:29:56 05/03/20
47,99.9,7.81,985.05,0.98,4.06 18:35:09 05/03/20
34,99.9,7.74,985.02,0.61,4.06 18:40:20 05/03/20
38,99.9,7.7250004,984.86,0.35,4.06 18:45:35 05/03/20
35,99.9,7.655,984.8,0.14,4.06 18:50:48 05/03/20
29,99.9,7.645,984.88,0.04,4.06 18:56:00 05/03/20
34,99.9,7.5649996,984.87,0.01,4.05 19:01:15 05/03/20
34,99.9,7.5600004,984.83,0.0,4.05 19:06:28 05/03/20
29,99.9,7.54,984.75,0.0,4.05 19:11:39 05/03/20
26,99.9,7.5299997,984.8,0.0,4.05 19:16:51 05/03/20
33,99.9,7.5200005,984.74,0.0,4.05 19:22:06 05/03/20
35,99.9,7.505,984.76,0.0,4.05 19:27:19 05/03/20
35,99.9,7.445,984.75,0.0,4.04 19:32:32 05/03/20
27,99.9,7.4849997,984.76,0.0,4.04 19:37:43 05/03/20
35,99.9,7.42,984.6,0.0,4.04 19:42:58 05/03/20
35,99.9,7.4100003,984.55,0.0,4.04 19:48:11 05/03/20
35,99.9,7.34,984.45,0.0,4.04 19:53:24 05/03/20
35,99.9,7.335,984.58,0.0,4.04 19:58:37 05/03/20
36,99.9,7.3199997,984.48,0.0,4.04 20:03:50 05/03/20
28,99.9,7.3199997,984.38,0.0,4.04 20:09:01 05/03/20
28,99.9,7.31,984.29,0.0,4.04 20:14:14 05/03/20
29,99.9,7.25,984.15,0.0,4.03 20:19:27 05/03/20
38,99.9,7.245,984.05,0.0,4.03 20:24:42 05/03/20
38,99.9,7.24,984.0,0.0,4.03 20:29:55 05/03/20
36,99.9,7.23,983.96,0.0,4.03 20:35:08 05/03/20
39,99.9,7.23,983.99,0.0,4.03 20:40:21 05/03/20
30,99.9,7.225,983.96,0.0,4.03 20:45:32 05/03/20
30,99.9,7.225,983.85,0.0,4.03 20:50:45 05/03/20
30,99.9,7.23,983.8,0.0,4.03 20:55:58 05/03/20
33,99.9,7.225,983.88,0.0,4.03 21:01:12 05/03/20
33,99.9,7.23,983.8,0.0,4.03 21:06:25 05/03/20
39,99.9,7.23,983.82,0.0,4.02 21:11:40 05/03/20
33,99.9,7.23,983.84,0.0,4.02 21:16:51 05/03/20
33,99.9,7.23,983.92,0.0,4.02 21:22:04 05/03/20
39,99.9,7.23,983.89,0.0,4.02 21:27:19 05/03/20
33,99.9,7.24,983.82,0.0,4.02 21:32:30 05/03/20
39,99.9,7.23,983.81,0.0,4.02 21:37:45 05/03/20
34,99.9,7.24,983.78,0.0,4.02 21:42:56 05/03/20
40,99.9,7.2349997,983.84,0.0,4.02 21:48:13 05/03/20
38,99.9,7.29,983.71,0.0,4.02 21:53:32 05/03/20
41,99.9,7.285,983.67,0.0,4.02 21:58:44 05/03/20
40,99.9,7.23,983.61,0.0,4.01 22:03:57 05/03/20
40,99.9,7.24,983.65,0.0,4.02 22:09:10 05/03/20
37,99.9,7.225,983.63,0.0,4.01 22:14:22 05/03/20
40,99.9,7.225,983.71,0.0,4.01 22:19:36 05/03/20
39,99.9,7.225,983.63,0.0,4.01 22:24:49 05/03/20
39,99.9,7.23,983.59,0.0,4.01 22:30:03 05/03/20
38,99.9,7.2200003,983.62,0.0,4.01 22:35:14 05/03/20
41,99.9,7.2200003,983.58,0.0,4.01 22:40:28 05/03/20
31,99.9,7.225,983.61,0.0,4.01 22:45:39 05/03/20
46,99.9,7.215,983.63,0.0,4.0 22:51:03 05/03/20
37,99.9,7.215,983.57,0.0,4.01 22:56:14 05/03/20
43,99.9,7.2200003,983.61,0.0,4.0 23:01:29 05/03/20
36,99.9,7.21,983.59,0.0,4.0 23:06:40 05/03/20
41,99.9,7.21,983.56,0.0,4.0 23:11:55 05/03/20
42,99.9,7.2,983.45,0.0,4.0 23:17:08 05/03/20
42,99.9,7.1949997,983.46,0.0,4.0 23:22:21 05/03/20
35,99.9,7.15,983.51,0.0,4.0 23:27:32 05/03/20
41,99.9,7.135,983.52,0.0,4.0 23:32:47 05/03/20
47,99.9,7.13,983.55,0.0,4.0 23:38:03 05/03/20
36,99.9,7.1800003,983.58,0.0,4.0 23:43:20 05/03/20
42,99.9,7.125,983.58,0.0,4.0 23:48:35 05/03/20
42,99.9,7.12,983.59,0.0,4.0 23:53:48 05/03/20
42,99.9,7.12,983.62,0.0,4.0 23:59:00 05/03/20
