42,99.9,7.12,983.72,0.0,4.0 00:04:13 06/03/20
43,99.9,7.105,983.71,0.0,4.0 00:09:26 06/03/20
42,99.9,7.0950003,983.67,0.0,3.99 00:14:39 06/03/20
42,99.9,7.09,983.76,0.0,4.0 00:19:52 06/03/20
43,99.9,7.09,983.76,0.0,4.0 00:25:05 06/03/20
36,99.9,7.085,983.8,0.0,4.0 00:30:17 06/03/20
42,99.9,7.025,983.82,0.0,3.99 00:35:31 06/03/20
36,99.9,7.025,983.85,0.0,4.0 00:40:42 06/03/20
47,99.9,7.025,983.89,0.0,3.99 00:46:03 06/03/20
40,99.9,7.02,983.93,0.0,3.99 00:51:18 06/03/20
36,99.9,7.01,983.99,0.0,3.99 00:56:30 06/03/20
47,99.9,7.0,984.0,0.0,3.99 01:01:49 06/03/20
42,99.9,6.995,984.02,0.0,3.99 01:07:06 06/03/20
40,99.9,6.9300003,984.06,0.0,3.99 01:12:17 06/03/20
42,99.9,6.9300003,984.11,0.0,3.99 01:17:31 06/03/20
44,99.9,6.92,984.17,0.0,3.99 01:22:44 06/03/20
44,99.9,6.915,984.16,0.0,3.99 01:27:57 06/03/20
43,99.9,6.91,984.28,0.0,3.99 01:33:10 06/03/20
45,99.9,6.91,984.32,0.0,3.99 01:38:23 06/03/20
44,99.9,6.9,984.38,0.0,3.99 01:43:36 06/03/20
38,99.9,6.9,984.46,0.0,4.0 01:48:48 06/03/20
45,99.9,6.895,984.58,0.0,3.98 01:54:03 06/03/20
46,99.9,6.895,984.61,0.0,3.99 01:59:15 06/03/20
47,99.9,6.8900003,984.69,0.0,3.98 02:04:29 06/03/20
38,99.9,6.885,984.69,0.0,3.99 02:09:39 06/03/20
47,99.9,6.825,984.74,0.0,3.98 02:14:54 06/03/20
49,99.9,6.825,984.92,0.0,3.98 02:20:09 06/03/20
48,99.9,6.825,984.98,0.0,3.98 02:25:20 06/03/20
48,99.9,6.8149996,984.99,0.0,3.98 02:30:33 06/03/20
51,99.9,6.81,985.09,0.0,3.98 02:35:50 06/03/20
50,99.9,6.81,985.2,0.0,3.98 02:41:08 06/03/20
42,99.9,6.745,985.24,0.0,3.98 02:46:18 06/03/20
42,99.9,6.73,985.35,0.0,3.98 02:51:31 06/03/20
41,99.9,6.7200003,985.39,0.0,3.98 02:56:44 06/03/20
42,99.9,6.645,985.48,0.0,3.98 03:01:57 06/03/20
45,99.9,6.63,985.56,0.0,3.98 03:07:11 06/03/20
46,99.9,6.615,985.61,0.0,3.98 03:12:24 06/03/20
47,99.9,6.5550003,985.64,0.0,3.98 03:17:37 06/03/20
51,99.9,6.535,985.74,0.0,3.97 03:22:54 06/03/20
50,99.9,6.52,985.78,0.0,3.97 03:28:17 06/03/20
48,99.9,6.51,985.92,0.0,3.98 03:33:34 06/03/20
49,99.9,6.445,986.05,0.0,3.97 03:38:47 06/03/20
51,99.9,6.4300003,986.14,0.0,3.97 03:43:59 06/03/20
50,99.9,6.405,986.06,0.0,3.97 03:49:12 06/03/20
52,99.9,6.34,986.27,0.0,3.97 03:54:25 06/03/20
48,99.9,6.3199997,986.37,0.0,3.97 03:59:37 06/03/20
51,99.9,6.3,986.45,0.0,3.97 04:04:51 06/03/20
51,99.9,6.24,986.53,0.0,3.97 04:10:03 06/03/20
53,99.9,6.2200003,986.62,0.0,3.97 04:15:16 06/03/20
52,99.9,6.16,986.82,0.0,3.97 04:20:30 06/03/20
52,99.9,6.145,986.92,0.0,3.97 04:25:42 06/03/20
52,99.9,6.135,987.02,0.0,3.97 04:30:55 06/03/20
52,99.9,6.12,987.18,0.0,3.97 04:36:08 06/03/20
54,99.9,6.05,987.35,0.0,3.96 04:41:24 06/03/20
43,99.9,6.045,987.46,0.0,3.97 04:46:40 06/03/20
43,99.9,6.02,987.48,0.0,3.97 04:51:53 06/03/20
53,99.9,6.005,987.58,0.0,3.96 04:57:16 06/03/20
53,99.9,5.995,987.78,0.0,3.96 05:02:30 06/03/20
55,99.9,5.9300003,987.85,0.0,3.96 05:07:46 06/03/20
47,99.9,5.925,987.96,0.0,3.96 05:13:02 06/03/20
46,99.9,5.915,988.14,0.0,3.97 05:18:14 06/03/20
55,99.9,5.915,988.22,0.0,3.96 05:23:31 06/03/20
57,99.9,5.915,988.36,0.0,3.96 05:28:45 06/03/20
55,99.9,5.925,988.38,0.0,3.96 05:34:03 06/03/20
54,99.9,5.9350004,988.44,0.0,3.96 05:39:16 06/03/20
57,99.9,5.945,988.6,0.0,3.96 05:44:32 06/03/20
53,99.9,6.0,988.73,0.0,3.96 05:49:50 06/03/20
54,99.9,6.005,988.8,0.0,3.96 05:55:03 06/03/20
57,99.9,6.0,988.88,0.0,3.96 06:00:20 06/03/20
48,99.9,6.0150003,989.11,0.0,3.96 06:05:35 06/03/20
54,99.9,6.01,989.22,0.0,3.96 06:10:50 06/03/20
57,99.9,6.0150003,989.37,0.0,3.96 06:16:09 06/03/20
53,99.9,6.0299997,989.46,0.0,3.96 06:21:24 06/03/20
57,99.9,6.0150003,989.62,0.0,3.96 06:26:37 06/03/20
56,99.9,6.0150003,989.7,0.01,3.96 06:31:50 06/03/20
53,99.9,6.005,989.89,0.03,3.96 06:37:02 06/03/20
45,99.9,5.945,989.95,0.08,3.96 06:42:13 06/03/20
55,99.9,5.9350004,990.1,0.25,3.96 06:47:27 06/03/20
75,99.9,5.925,990.28,0.88,3.96 06:52:46 06/03/20
53,99.9,5.925,990.43,1.34,3.96 06:58:00 06/03/20
63,99.9,5.91,990.55,2.09,3.96 07:03:13 06/03/20
101,99.9,5.84,990.62,3.08,3.96 07:08:28 06/03/20
97,99.9,5.8199997,990.76,3.12,3.96 07:13:41 06/03/20
102,99.9,5.8,990.94,3.64,3.96 07:18:53 06/03/20
136,99.9,5.74,991.05,4.03,3.96 07:24:06 06/03/20
133,99.9,5.725,991.14,4.45,3.96 07:29:17 06/03/20
143,99.9,5.6549997,991.17,4.02,3.96 07:34:31 06/03/20
168,99.9,5.6549997,991.34,4.82,3.96 07:39:45 06/03/20
177,99.9,5.635,991.48,4.28,3.96 07:45:06 06/03/20
167,99.9,5.69,991.6,4.4,3.96 07:50:19 06/03/20
165,99.9,5.6949997,991.74,5.0,3.96 07:55:30 06/03/20
166,99.9,5.65,991.88,5.0,3.96 08:00:45 06/03/20
162,99.9,5.6949997,992.04,4.33,3.96 08:05:57 06/03/20
157,99.9,5.71,992.14,4.33,3.96 08:11:10 06/03/20
169,99.9,5.7200003,992.25,4.51,3.95 08:16:28 06/03/20
151,99.9,5.785,992.35,4.22,3.96 08:21:44 06/03/20
153,99.9,5.795,992.42,4.4,3.95 08:26:58 06/03/20
140,99.9,5.8,992.5,4.1,3.96 08:32:09 06/03/20
136,99.9,5.81,992.6,4.23,3.96 08:37:21 06/03/20
142,99.9,5.825,992.68,4.4,3.96 08:42:35 06/03/20
170,99.9,5.835,992.83,4.22,3.96 08:47:49 06/03/20
145,99.9,5.9,992.9,4.76,3.96 08:52:59 06/03/20
187,99.9,5.915,993.03,5.0,3.96 08:58:15 06/03/20
176,99.9,5.925,993.08,5.0,3.96 09:03:27 06/03/20
253,99.9,5.95,993.1,4.03,3.97 09:08:44 06/03/20
290,99.9,6.075,993.22,4.2,4.0 09:14:00 06/03/20
329,99.9,6.125,993.4,4.24,4.04 09:19:14 06/03/20
326,99.9,6.29,993.49,4.15,4.05 09:24:27 06/03/20
302,99.9,6.405,993.71,4.17,4.04 09:29:42 06/03/20
279,99.9,6.5150003,993.82,4.09,4.03 09:34:56 06/03/20
262,99.9,6.605,993.92,4.1,4.02 09:40:14 06/03/20
265,99.9,6.625,994.1,4.54,4.01 09:45:25 06/03/20
279,99.9,6.69,994.16,4.41,4.05 09:50:38 06/03/20
291,99.9,6.715,994.24,5.0,4.06 09:55:53 06/03/20
287,99.9,6.805,994.34,4.17,4.08 10:01:06 06/03/20
276,99.9,6.84,994.43,4.93,4.07 10:06:23 06/03/20
259,99.9,6.91,994.58,4.16,4.06 10:11:41 06/03/20
254,99.9,6.92,994.6,4.17,4.07 10:16:54 06/03/20
236,99.9,6.94,994.81,5.0,4.08 10:22:06 06/03/20
249,99.9,7.01,994.99,4.16,4.09 10:27:19 06/03/20
286,99.9,7.0299997,995.08,5.0,4.13 10:32:32 06/03/20
255,99.9,7.12,995.29,4.23,4.14 10:37:45 06/03/20
267,99.9,7.1949997,995.31,4.18,4.13 10:42:58 06/03/20
231,99.9,7.2200003,995.46,4.27,4.11 10:48:11 06/03/20
232,99.9,7.29,995.54,5.0,4.12 10:53:24 06/03/20
225,99.9,7.305,995.66,5.0,4.15 10:58:38 06/03/20
250,99.9,7.305,995.78,4.48,4.14 11:03:50 06/03/20
302,99.9,7.3199997,995.95,4.24,4.16 11:09:07 06/03/20
274,99.9,7.4,995.98,4.94,4.14 11:14:24 06/03/20
278,99.9,7.4800005,996.05,4.26,4.14 11:19:37 06/03/20
248,99.9,7.5150003,996.17,4.3,4.14 11:24:50 06/03/20
261,99.9,7.5249996,996.26,4.28,4.15 11:30:03 06/03/20
265,99.9,7.54,996.44,5.0,4.15 11:35:16 06/03/20
246,99.9,7.605,996.52,5.0,4.13 11:40:29 06/03/20
284,99.9,7.6800003,996.65,4.32,4.16 11:45:43 06/03/20
263,99.9,7.6850004,996.71,4.34,4.14 11:50:55 06/03/20
259,99.9,7.7,996.84,4.26,4.12 11:56:09 06/03/20
251,99.9,7.71,996.93,5.0,4.14 12:01:22 06/03/20
312,99.9,7.715,997.03,4.3,4.17 12:06:35 06/03/20
343,99.9,7.795,997.1,5.0,4.2 12:11:48 06/03/20
328,99.9,7.9849997,997.08,4.24,4.18 12:17:01 06/03/20
312,99.9,8.175,997.18,4.31,4.18 12:22:14 06/03/20
288,99.9,8.26,997.18,5.0,4.16 12:27:28 06/03/20
343,99.9,8.27,997.31,4.33,4.2 12:32:38 06/03/20
334,99.9,8.309999,997.33,4.3,4.19 12:37:53 06/03/20
320,99.9,8.465,997.51,5.0,4.19 12:43:06 06/03/20
326,99.9,8.495,997.62,5.0,4.19 12:48:20 06/03/20
342,99.9,8.505,997.63,4.38,4.21 12:53:36 06/03/20
366,99.9,8.68,997.61,5.0,4.22 12:58:54 06/03/20
336,99.9,8.799999,997.71,4.3,4.21 13:04:08 06/03/20
305,99.9,8.915,997.74,5.0,4.18 13:09:19 06/03/20
379,99.9,8.99,997.8,5.0,4.22 13:14:33 06/03/20
328,99.9,9.155001,997.84,4.3,4.19 13:19:47 06/03/20
259,99.9,9.195,997.95,4.27,4.14 13:25:01 06/03/20
296,99.9,9.12,998.03,4.33,4.18 13:30:14 06/03/20
318,99.9,9.1,998.11,4.3,4.21 13:35:28 06/03/20
419,99.9,9.110001,998.23,5.0,4.22 13:40:44 06/03/20
286,99.9,9.424999,998.33,4.41,4.17 13:46:03 06/03/20
272,99.9,9.375,998.36,4.25,4.17 13:51:15 06/03/20
340,99.9,9.38,998.49,5.0,4.22 13:56:29 06/03/20
306,99.9,9.389999,998.52,4.28,4.17 14:01:42 06/03/20
320,99.9,9.385,998.64,5.0,4.13 14:06:54 06/03/20
301,99.9,9.385,998.74,4.29,4.17 14:12:08 06/03/20
321,99.9,9.375,998.86,4.55,4.18 14:17:25 06/03/20
307,99.9,9.44,998.87,4.29,4.18 14:22:42 06/03/20
292,99.9,9.395,998.95,4.79,4.17 14:27:57 06/03/20
256,99.9,9.385,999.09,4.25,4.12 14:33:09 06/03/20
278,99.9,9.29,999.21,5.0,4.15 14:38:23 06/03/20
230,99.9,9.28,999.21,4.55,4.14 14:43:36 06/03/20
204,99.9,9.195,999.35,5.0,4.16 14:48:50 06/03/20
278,99.9,9.12,999.44,5.0,4.13 14:54:04 06/03/20
230,99.9,9.09,999.5,4.47,4.12 14:59:16 06/03/20
253,99.9,9.025,999.6,4.23,4.15 15:04:29 06/03/20
288,99.9,9.08,999.73,5.0,4.14 15:09:43 06/03/20
341,99.9,9.09,999.82,4.99,4.22 15:14:56 06/03/20
342,99.9,9.18,999.89,5.0,4.13 15:20:09 06/03/20
316,99.9,9.275,999.96,4.42,4.2 15:25:22 06/03/20
275,99.9,9.299999,1000.06,4.27,4.17 15:30:36 06/03/20
241,99.9,9.295,1000.13,4.3,4.16 15:35:49 06/03/20
167,99.9,9.195,1000.31,5.0,4.13 15:41:02 06/03/20
240,99.9,9.025,1000.47,5.0,4.14 15:46:15 06/03/20
268,99.9,8.865,1000.57,4.22,4.16 15:51:29 06/03/20
226,99.9,8.725,1000.65,5.0,4.13 15:56:42 06/03/20
209,99.9,8.6,1000.73,5.0,4.15 16:01:56 06/03/20
251,99.9,8.434999,1000.96,5.0,4.13 16:07:06 06/03/20
286,99.9,8.41,1000.96,5.0,4.18 16:12:20 06/03/20
289,99.9,8.425,1000.99,4.25,4.2 16:17:35 06/03/20
241,99.9,8.434999,1001.05,4.24,4.15 16:22:48 06/03/20
223,99.9,8.43,1001.18,5.0,4.14 16:28:01 06/03/20
281,99.9,8.434999,1001.33,4.36,4.16 16:33:14 06/03/20
285,99.9,8.5,1001.41,4.23,4.17 16:38:30 06/03/20
231,99.9,8.515,1001.45,4.18,4.14 16:43:49 06/03/20
149,99.9,8.515,1001.7,4.91,4.14 16:49:00 06/03/20
183,99.9,8.42,1001.87,4.24,4.14 16:54:16 06/03/20
159,99.9,8.309999,1001.99,4.97,4.13 16:59:28 06/03/20
167,99.9,8.135,1002.05,4.46,4.13 17:04:41 06/03/20
225,99.9,8.015,1002.12,5.0,4.15 17:09:57 06/03/20
207,99.9,7.905,1002.29,5.0,4.16 17:15:08 06/03/20
201,99.9,7.745,1002.35,4.23,4.14 17:20:24 06/03/20
199,99.9,7.71,1002.5,5.0,4.15 17:25:40 06/03/20
211,99.9,7.5699997,1002.57,5.0,4.14 17:30:55 06/03/20
193,99.9,7.605,1002.65,5.0,4.16 17:36:08 06/03/20
195,99.9,7.5550003,1002.75,5.0,4.16 17:41:21 06/03/20
174,99.9,7.545,1002.89,4.69,4.16 17:46:34 06/03/20
151,99.9,7.535,1003.01,5.0,4.15 17:51:46 06/03/20
117,99.9,7.5200005,1003.23,4.45,4.14 17:57:00 06/03/20
105,99.9,7.5200005,1003.33,4.24,4.13 18:02:13 06/03/20
97,99.9,7.5200005,1003.49,4.13,4.12 18:07:26 06/03/20
108,99.9,7.505,1003.69,4.19,4.11 18:12:39 06/03/20
90,99.9,7.5,1003.75,3.58,4.1 18:17:56 06/03/20
82,99.9,7.495,1003.85,3.42,4.1 18:23:14 06/03/20
93,99.9,7.4300003,1003.96,3.83,4.1 18:28:28 06/03/20
80,99.9,7.415,1004.05,3.46,4.1 18:33:41 06/03/20
67,99.9,7.4100003,1004.26,3.06,4.09 18:38:54 06/03/20
53,99.9,7.335,1004.31,2.43,4.09 18:44:07 06/03/20
42,99.9,7.3149996,1004.49,1.7,4.09 18:49:20 06/03/20
33,99.9,7.245,1004.67,0.72,4.08 18:54:33 06/03/20
30,99.9,7.165,1004.76,0.35,4.08 18:59:46 06/03/20
26,99.9,7.1400003,1004.88,0.12,4.07 19:04:59 06/03/20
27,99.9,7.12,1005.04,0.06,4.07 19:10:12 06/03/20
28,99.9,7.09,1005.11,0.02,4.07 19:15:25 06/03/20
29,99.9,7.025,1005.29,0.0,4.07 19:20:38 06/03/20
30,99.9,6.985,1005.37,0.0,4.06 19:25:50 06/03/20
31,99.9,6.915,1005.45,0.0,4.06 19:31:03 06/03/20
32,99.9,6.905,1005.5,0.0,4.06 19:36:16 06/03/20
32,99.9,6.84,1005.56,0.0,4.06 19:41:29 06/03/20
34,99.9,6.835,1005.65,0.0,4.06 19:46:42 06/03/20
34,99.9,6.825,1005.79,0.0,4.05 19:51:55 06/03/20
35,99.9,6.8199997,1005.9,0.0,4.05 19:57:08 06/03/20
40,99.9,6.81,1006.06,0.0,4.05 20:02:24 06/03/20
38,99.9,6.745,1006.06,0.0,4.05 20:07:43 06/03/20
38,99.9,6.725,1006.24,0.01,4.05 20:12:55 06/03/20
36,99.9,6.705,1006.23,0.0,4.05 20:18:08 06/03/20
28,99.9,6.65,1006.33,0.0,4.05 20:23:19 06/03/20
34,99.9,6.6400003,1006.44,0.0,4.04 20:28:34 06/03/20
35,99.9,6.63,1006.56,0.0,4.04 20:33:47 06/03/20
35,99.9,6.6800003,1006.54,0.01,4.04 20:39:03 06/03/20
35,99.9,6.615,1006.69,0.0,4.04 20:44:21 06/03/20
34,99.9,6.6099997,1006.8,0.0,4.04 20:49:34 06/03/20
35,99.9,6.605,1006.83,0.0,4.04 20:54:47 06/03/20
34,99.9,6.6,1006.98,0.0,4.03 21:00:00 06/03/20
33,99.9,6.5950003,1007.07,0.0,4.03 21:05:13 06/03/20
33,99.9,6.535,1007.08,0.0,4.03 21:10:26 06/03/20
32,99.9,6.535,1007.24,0.0,4.03 21:15:37 06/03/20
33,99.9,6.54,1007.28,0.0,4.03 21:20:51 06/03/20
35,99.9,6.535,1007.26,0.0,4.03 21:26:08 06/03/20
33,99.9,6.535,1007.42,0.0,4.03 21:31:26 06/03/20
37,99.9,6.52,1007.53,0.01,4.02 21:36:42 06/03/20
34,99.9,6.44,1007.52,0.01,4.02 21:42:01 06/03/20
30,99.9,6.41,1007.74,0.01,4.02 21:47:14 06/03/20
38,99.9,6.33,1007.74,0.0,4.02 21:52:26 06/03/20
31,99.9,6.295,1007.86,0.01,4.02 21:57:37 06/03/20
37,99.9,6.225,1007.97,0.0,4.02 22:02:55 06/03/20
37,99.9,6.205,1008.16,0.0,4.02 22:08:13 06/03/20
39,99.9,6.185,1008.3,0.01,4.02 22:13:26 06/03/20
39,99.9,6.12,1008.32,0.0,4.02 22:18:39 06/03/20
35,99.9,6.12,1008.42,0.0,4.02 22:23:51 06/03/20
34,99.9,6.13,1008.48,0.0,4.02 22:29:03 06/03/20
35,99.9,6.19,1008.58,0.0,4.01 22:34:17 06/03/20
36,99.9,6.2,1008.62,0.0,4.01 22:39:32 06/03/20
35,99.9,6.205,1008.71,0.0,4.01 22:44:44 06/03/20
31,99.9,6.21,1008.8,0.0,4.01 22:49:54 06/03/20
31,99.9,6.2200003,1008.84,0.0,4.01 22:55:07 06/03/20
33,99.9,6.215,1008.88,0.01,4.01 23:00:21 06/03/20
33,99.9,6.21,1008.99,0.0,4.01 23:05:34 06/03/20
27,99.9,6.2,1009.06,0.0,4.01 23:10:45 06/03/20
34,99.9,6.2,1009.11,0.0,4.01 23:16:00 06/03/20
35,99.9,6.2,1009.17,0.0,4.01 23:21:14 06/03/20
32,99.9,6.19,1009.23,0.01,4.01 23:26:26 06/03/20
34,99.9,6.19,1009.28,0.01,4.01 23:31:39 06/03/20
33,99.9,6.125,1009.37,0.0,4.01 23:36:51 06/03/20
34,99.9,6.105,1009.44,0.01,4.0 23:42:05 06/03/20
33,99.9,6.1,1009.53,0.0,4.01 23:47:17 06/03/20
34,99.9,6.08,1009.51,0.0,4.0 23:52:31 06/03/20
38,99.9,6.065,1009.62,0.01,4.0 23:57:48 06/03/20
