29,99.9,13.115,1007.23,0.0,4.01 00:01:23 11/03/20
31,99.9,13.110001,1007.3,0.0,4.01 00:06:38 11/03/20
26,99.9,13.049999,1007.25,0.0,4.01 00:11:49 11/03/20
36,99.9,13.045,1007.21,0.0,4.01 00:17:06 11/03/20
34,99.9,13.02,1007.33,0.0,4.01 00:22:18 11/03/20
37,99.9,13.02,1007.45,0.0,4.0 00:27:33 11/03/20
32,99.9,13.014999,1007.46,0.0,4.01 00:32:44 11/03/20
38,99.9,12.96,1007.43,0.0,4.0 00:38:00 11/03/20
36,99.9,12.950001,1007.44,0.0,4.0 00:43:13 11/03/20
39,99.9,12.940001,1007.41,0.0,4.0 00:48:27 11/03/20
36,99.9,12.93,1007.41,0.0,4.0 00:53:39 11/03/20
41,99.9,12.875,1007.49,0.0,4.0 00:58:55 11/03/20
38,99.9,12.925,1007.53,0.0,4.0 01:04:07 11/03/20
42,99.9,12.925,1007.44,0.0,4.0 01:09:22 11/03/20
41,99.9,12.865,1007.53,0.0,4.0 01:14:36 11/03/20
44,99.9,12.915,1007.55,0.0,4.0 01:19:50 11/03/20
43,99.9,12.915,1007.66,0.0,4.0 01:25:03 11/03/20
41,99.9,12.92,1007.72,0.0,4.0 01:30:17 11/03/20
42,99.9,12.860001,1007.87,0.0,4.0 01:35:31 11/03/20
42,99.9,12.915,1007.95,0.0,4.0 01:40:48 11/03/20
41,99.9,12.860001,1007.92,0.0,4.0 01:46:07 11/03/20
43,99.9,12.9,1007.9,0.0,4.0 01:51:22 11/03/20
41,99.9,12.844999,1007.93,0.0,4.0 01:56:34 11/03/20
44,99.9,12.844999,1007.88,0.0,3.99 02:01:49 11/03/20
43,99.9,12.835,1007.88,0.0,3.99 02:07:02 11/03/20
43,99.9,12.83,1007.94,0.0,3.99 02:12:20 11/03/20
37,99.9,12.83,1007.95,0.0,3.99 02:17:36 11/03/20
39,99.9,12.765,1007.97,0.0,3.99 02:22:51 11/03/20
40,99.9,12.755,1008.12,0.0,3.99 02:28:05 11/03/20
41,99.9,12.75,1007.98,0.0,3.99 02:33:19 11/03/20
38,99.9,12.76,1008.11,0.0,3.99 02:38:31 11/03/20
39,99.9,12.75,1007.94,0.0,3.99 02:43:46 11/03/20
42,99.9,12.75,1007.98,0.0,3.99 02:49:04 11/03/20
42,99.9,12.75,1007.93,0.0,3.99 02:54:22 11/03/20
43,99.9,12.75,1008.03,0.0,3.99 02:59:41 11/03/20
44,99.9,12.755,1007.91,0.0,3.99 03:04:58 11/03/20
42,99.9,12.745001,1007.92,0.0,3.99 03:10:12 11/03/20
43,99.9,12.745001,1008.08,0.0,3.99 03:15:26 11/03/20
41,99.9,12.745001,1008.07,0.0,3.99 03:20:39 11/03/20
42,99.9,12.75,1008.02,0.0,3.98 03:25:54 11/03/20
45,99.9,12.75,1008.2,0.0,3.98 03:31:11 11/03/20
42,99.9,12.74,1008.17,0.0,3.99 03:36:29 11/03/20
44,99.9,12.74,1008.26,0.0,3.98 03:41:43 11/03/20
41,99.9,12.735001,1008.26,0.0,3.99 03:46:55 11/03/20
43,99.9,12.725,1008.18,0.0,3.98 03:52:10 11/03/20
40,99.9,12.72,1008.23,0.0,3.98 03:57:22 11/03/20
43,99.9,12.67,1008.3,0.0,3.98 04:02:42 11/03/20
40,99.9,12.66,1008.26,0.0,3.98 04:07:58 11/03/20
41,99.9,12.705,1008.36,0.0,4.0 04:13:13 11/03/20
43,99.9,12.65,1008.24,0.0,3.98 04:18:27 11/03/20
43,99.9,12.645,1008.26,0.0,3.98 04:23:41 11/03/20
44,99.9,12.65,1008.3,0.0,3.98 04:29:01 11/03/20
43,99.9,12.700001,1008.31,0.0,3.98 04:34:17 11/03/20
45,99.9,12.645,1008.35,0.0,3.98 04:39:32 11/03/20
37,99.9,12.645,1008.48,0.0,3.98 04:44:42 11/03/20
39,99.9,12.639999,1008.45,0.0,3.98 04:49:56 11/03/20
45,99.9,12.645,1008.46,0.0,3.98 04:55:22 11/03/20
43,99.9,12.65,1008.49,0.0,3.98 05:00:37 11/03/20
42,99.9,12.645,1008.5,0.0,3.98 05:05:47 11/03/20
38,99.9,12.635,1008.49,0.0,3.98 05:10:59 11/03/20
44,99.9,12.635,1008.52,0.0,3.98 05:16:15 11/03/20
38,99.9,12.63,1008.55,0.0,3.98 05:21:27 11/03/20
43,99.9,12.63,1008.55,0.0,3.97 05:26:42 11/03/20
43,99.9,12.63,1008.52,0.0,3.97 05:31:57 11/03/20
45,99.9,12.625,1008.59,0.0,3.97 05:37:14 11/03/20
46,99.9,12.635,1008.46,0.0,3.97 05:42:37 11/03/20
40,99.9,12.639999,1008.55,0.0,3.97 05:47:56 11/03/20
45,99.9,12.639999,1008.63,0.0,3.97 05:53:10 11/03/20
42,99.9,12.645,1008.64,0.0,3.97 05:58:24 11/03/20
43,99.9,12.645,1008.66,0.0,3.97 06:03:35 11/03/20
41,99.9,12.639999,1008.63,0.0,3.97 06:08:47 11/03/20
41,99.9,12.65,1008.75,0.0,3.97 06:14:02 11/03/20
44,99.9,12.645,1008.81,0.0,3.97 06:19:16 11/03/20
40,99.9,12.645,1008.81,0.02,3.97 06:24:28 11/03/20
46,99.9,12.645,1008.83,0.07,3.97 06:29:44 11/03/20
48,99.9,12.65,1008.88,0.17,3.97 06:34:57 11/03/20
52,99.9,12.65,1008.91,0.38,3.97 06:40:12 11/03/20
61,99.9,12.639999,1008.91,0.93,3.97 06:45:25 11/03/20
64,99.9,12.645,1008.93,1.7,3.97 06:50:38 11/03/20
76,99.9,12.639999,1008.99,2.17,3.97 06:55:52 11/03/20
88,99.9,12.63,1009.04,2.67,3.97 07:01:06 11/03/20
92,99.9,12.63,1009.1,2.77,3.97 07:06:20 11/03/20
102,99.9,12.635,1009.31,3.4,3.97 07:11:36 11/03/20
122,99.9,12.625,1009.29,3.98,3.96 07:16:48 11/03/20
132,99.9,12.62,1009.32,4.03,3.97 07:22:01 11/03/20
148,99.9,12.605,1009.36,4.08,3.97 07:27:14 11/03/20
168,99.9,12.610001,1009.42,4.62,3.97 07:32:33 11/03/20
151,99.9,12.625,1009.51,4.32,3.96 07:37:50 11/03/20
170,99.9,12.615,1009.41,4.18,3.97 07:43:03 11/03/20
201,99.9,12.615,1009.45,5.0,3.96 07:48:22 11/03/20
192,99.9,12.625,1009.52,5.0,3.97 07:53:40 11/03/20
153,99.9,12.625,1009.57,4.41,3.97 07:58:53 11/03/20
183,99.9,12.62,1009.57,4.07,3.96 08:04:11 11/03/20
158,99.9,12.639999,1009.72,4.59,3.97 08:09:29 11/03/20
198,99.9,12.63,1009.75,5.0,3.97 08:14:41 11/03/20
203,99.9,12.63,1009.76,5.0,3.97 08:19:58 11/03/20
223,99.9,12.639999,1009.83,5.0,3.98 08:25:10 11/03/20
246,99.9,12.65,1009.92,4.04,3.98 08:30:33 11/03/20
243,99.9,12.72,1010.01,4.73,3.98 08:35:46 11/03/20
245,99.9,12.71,1009.97,5.0,3.99 08:41:00 11/03/20
232,99.9,12.725,1009.98,5.0,4.0 08:46:12 11/03/20
259,99.9,12.735001,1010.01,4.07,4.0 08:51:34 11/03/20
263,99.9,12.745001,1009.98,5.0,4.0 08:56:53 11/03/20
248,99.9,12.765,1010.12,4.27,4.0 09:02:13 11/03/20
238,99.9,12.815001,1010.21,5.0,3.99 09:07:26 11/03/20
232,99.9,12.815001,1010.26,4.7,4.0 09:12:38 11/03/20
194,99.9,12.815001,1010.29,5.0,3.99 09:17:54 11/03/20
232,99.9,12.67,1010.29,5.0,4.0 09:23:06 11/03/20
276,99.9,12.545,1010.34,4.12,4.01 09:28:21 11/03/20
265,99.9,12.43,1010.55,4.12,4.01 09:33:34 11/03/20
245,99.9,12.25,1010.59,5.0,4.02 09:38:46 11/03/20
236,99.9,12.17,1010.78,4.33,4.01 09:44:00 11/03/20
293,99.9,12.15,1010.79,5.0,4.03 09:49:16 11/03/20
262,99.9,12.075,1010.87,4.81,4.03 09:54:27 11/03/20
282,99.9,12.105,1010.92,4.16,4.04 09:59:42 11/03/20
257,99.9,12.049999,1011.03,5.0,4.04 10:04:55 11/03/20
288,99.9,12.025,1011.0,5.0,4.06 10:10:09 11/03/20
314,99.9,11.965,1010.9,5.0,4.07 10:15:24 11/03/20
294,99.9,12.025,1010.93,4.19,4.09 10:20:36 11/03/20
318,99.9,12.03,1010.89,4.47,4.11 10:25:53 11/03/20
340,99.9,12.049999,1010.94,4.27,4.16 10:31:04 11/03/20
351,99.9,12.115,1010.96,4.25,4.2 10:36:24 11/03/20
299,99.9,12.225,1010.97,4.18,4.14 10:41:38 11/03/20
278,99.9,12.245001,1010.99,4.56,4.17 10:46:51 11/03/20
276,99.9,12.309999,1011.07,4.77,4.12 10:52:11 11/03/20
289,99.9,12.315001,1011.0,4.25,4.17 10:57:28 11/03/20
303,99.9,12.32,1010.9,4.19,4.14 11:02:43 11/03/20
264,99.9,12.33,1011.01,4.43,4.14 11:07:55 11/03/20
276,99.9,12.34,1011.0,5.0,4.14 11:13:11 11/03/20
264,99.9,12.355,1011.04,5.0,4.14 11:18:24 11/03/20
264,99.9,12.415,1011.09,4.87,4.14 11:23:37 11/03/20
275,99.9,12.43,1011.08,5.0,4.14 11:28:52 11/03/20
306,99.9,12.525,1011.16,5.0,4.14 11:34:03 11/03/20
294,99.9,12.685,1011.17,4.31,4.15 11:39:17 11/03/20
323,99.9,12.745001,1011.14,4.25,4.15 11:44:41 11/03/20
308,99.9,12.905001,1011.16,4.24,4.15 11:49:54 11/03/20
325,99.9,12.950001,1011.22,4.65,4.17 11:55:09 11/03/20
357,99.9,13.094999,1011.39,4.29,4.2 12:00:25 11/03/20
316,99.9,13.135,1011.39,5.0,4.17 12:05:43 11/03/20
326,99.9,13.21,1011.45,4.99,4.18 12:10:56 11/03/20
338,99.9,13.295,1011.36,4.23,4.18 12:16:20 11/03/20
314,99.9,13.32,1011.49,4.3,4.17 12:21:32 11/03/20
287,99.9,13.33,1011.51,4.3,4.16 12:26:48 11/03/20
317,99.9,13.35,1011.51,4.24,4.18 12:32:02 11/03/20
347,99.9,13.415,1011.45,4.28,4.19 12:37:23 11/03/20
339,99.9,13.504999,1011.44,4.32,4.21 12:42:37 11/03/20
356,99.9,13.594999,1011.51,4.4,4.22 12:47:50 11/03/20
328,99.9,13.639999,1011.44,4.24,4.18 12:53:05 11/03/20
300,99.9,13.72,1011.48,5.0,4.18 12:58:18 11/03/20
269,99.9,13.725,1011.54,4.3,4.17 13:03:31 11/03/20
278,99.9,13.665,1011.45,4.27,4.17 13:08:47 11/03/20
318,99.9,13.71,1011.5,4.29,4.19 13:14:05 11/03/20
334,99.9,13.735001,1011.42,4.35,4.22 13:19:24 11/03/20
340,99.9,13.815001,1011.42,5.0,4.22 13:24:35 11/03/20
342,99.9,13.985,1011.41,4.42,4.2 13:29:55 11/03/20
264,99.9,14.03,1011.46,4.22,4.15 13:35:14 11/03/20
272,99.9,14.004999,1011.39,4.44,4.16 13:40:28 11/03/20
296,99.9,13.925,1011.39,4.26,4.17 13:45:41 11/03/20
261,99.9,13.815001,1011.29,4.25,4.14 13:50:59 11/03/20
304,99.9,13.715,1011.3,5.0,4.13 13:56:18 11/03/20
318,99.9,13.62,1011.33,4.34,4.19 14:01:31 11/03/20
403,99.9,13.63,1011.22,5.0,4.13 14:06:45 11/03/20
416,99.9,13.799999,1011.24,5.0,4.22 14:11:59 11/03/20
405,99.9,14.004999,1011.07,5.0,4.22 14:17:13 11/03/20
390,99.9,14.195,1010.98,5.0,4.13 14:22:25 11/03/20
396,99.9,14.469999,1011.01,5.0,4.22 14:27:40 11/03/20
371,99.9,14.68,1010.85,5.0,4.13 14:32:54 11/03/20
269,99.9,14.84,1010.81,4.28,4.19 14:38:07 11/03/20
358,99.9,14.889999,1010.71,5.0,4.22 14:43:22 11/03/20
400,99.9,14.82,1010.89,5.0,4.13 14:48:36 11/03/20
355,99.9,14.889999,1010.77,5.0,4.22 14:53:49 11/03/20
