0,67.8,6.575,1025.75,0.0,4.0 00:01:33 29/03/20
0,68.2,6.585,1025.83,0.0,4.0 00:06:46 29/03/20
0,68.8,6.585,1025.83,0.0,4.0 00:12:01 29/03/20
0,67.7,6.635,1025.83,0.0,4.0 00:17:12 29/03/20
0,68.5,6.575,1025.86,0.0,4.0 00:22:25 29/03/20
0,68.3,6.5,1025.93,0.0,4.0 00:27:38 29/03/20
0,67.0,6.41,1025.93,0.0,4.0 00:32:51 29/03/20
0,65.7,6.31,1025.96,0.0,4.0 00:38:04 29/03/20
0,65.5,6.175,1025.92,0.0,4.0 00:43:17 29/03/20
0,65.5,6.005,1025.94,0.0,3.99 00:48:34 29/03/20
0,65.4,5.885,1025.91,0.0,3.99 00:53:52 29/03/20
0,64.7,5.845,1025.94,0.0,3.99 00:59:05 29/03/20
0,64.0,5.73,1025.93,0.0,3.99 01:04:21 29/03/20
0,64.6,5.5699997,1025.87,0.0,3.99 01:09:39 29/03/20
0,64.9,5.4750004,1025.87,0.0,3.99 01:14:52 29/03/20
0,64.9,5.45,1025.88,0.0,3.99 01:20:05 29/03/20
0,64.3,5.37,1025.81,0.0,3.99 01:25:18 29/03/20
0,63.8,5.34,1025.8,0.0,3.99 01:30:30 29/03/20
0,63.5,5.26,1025.71,0.0,3.99 01:35:43 29/03/20
0,63.6,5.17,1025.8,0.0,3.99 01:40:56 29/03/20
0,62.8,5.13,1025.7,0.0,3.98 01:46:10 29/03/20
0,62.9,5.04,1025.68,0.0,3.98 01:51:22 29/03/20
0,63.9,5.01,1025.65,0.0,3.98 01:56:35 29/03/20
0,64.1,4.9300003,1025.58,0.0,3.98 03:01:47 29/03/20
0,63.7,4.8599997,1025.57,0.0,3.98 03:07:00 29/03/20
0,63.5,4.83,1025.49,0.0,3.98 03:12:13 29/03/20
0,65.5,4.6800003,1025.46,0.0,3.98 03:17:27 29/03/20
0,64.8,4.6400003,1025.54,0.0,3.98 03:22:39 29/03/20
0,65.4,4.5550003,1025.57,0.0,3.97 03:27:52 29/03/20
0,64.3,4.525,1025.52,0.0,3.98 03:33:04 29/03/20
0,64.6,4.45,1025.32,0.0,3.98 03:38:17 29/03/20
0,65.2,4.44,1025.24,0.0,3.97 03:43:30 29/03/20
0,66.7,4.435,1025.3,0.0,3.97 03:48:43 29/03/20
0,66.8,4.43,1025.39,0.0,3.97 03:53:55 29/03/20
0,67.5,4.415,1025.36,0.0,3.98 03:59:06 29/03/20
0,67.8,4.3650002,1025.27,0.0,3.97 04:04:20 29/03/20
0,68.4,4.43,1025.33,0.0,3.97 04:09:34 29/03/20
0,66.8,4.45,1025.26,0.0,3.97 04:14:50 29/03/20
0,68.7,4.5299997,1025.28,0.0,3.97 04:20:08 29/03/20
0,70.0,4.5550003,1025.25,0.0,3.97 04:25:24 29/03/20
0,69.3,4.645,1025.23,0.0,3.97 04:30:42 29/03/20
0,69.5,4.7200003,1025.25,0.0,3.97 04:35:55 29/03/20
0,69.6,4.74,1025.19,0.0,3.97 04:41:06 29/03/20
0,67.7,4.8,1025.21,0.0,3.97 04:46:20 29/03/20
0,67.6,4.745,1025.18,0.0,3.97 04:51:34 29/03/20
0,67.0,4.755,1025.24,0.0,3.97 04:56:46 29/03/20
0,69.5,4.755,1025.23,0.0,3.96 05:01:59 29/03/20
0,69.4,4.765,1025.26,0.0,3.96 05:07:15 29/03/20
0,72.5,4.765,1025.23,0.0,3.96 05:12:33 29/03/20
0,69.4,4.745,1025.14,0.0,3.97 05:17:45 29/03/20
0,70.2,4.665,1025.17,0.0,3.96 05:22:58 29/03/20
0,69.5,4.575,1025.12,0.0,3.96 05:28:15 29/03/20
0,70.5,4.55,1025.1,0.0,3.96 05:33:32 29/03/20
0,71.3,4.5299997,1025.15,0.0,3.96 05:38:47 29/03/20
0,69.2,4.5150003,1025.18,0.0,3.96 05:43:56 29/03/20
0,69.2,4.51,1025.07,0.0,3.96 05:49:11 29/03/20
0,72.1,4.5299997,1025.14,0.0,3.96 05:54:24 29/03/20
0,75.4,4.62,1025.18,0.0,3.96 05:59:36 29/03/20
0,76.8,4.715,1025.23,0.0,3.96 06:04:50 29/03/20
0,77.6,4.77,1025.21,0.0,3.96 06:10:02 29/03/20
0,75.6,4.855,1025.21,0.0,3.96 06:15:15 29/03/20
0,79.2,4.945,1025.2,0.0,3.96 06:20:31 29/03/20
0,75.9,5.02,1025.14,0.0,3.96 06:25:58 29/03/20
1,78.5,5.05,1025.18,0.0,3.96 06:31:10 29/03/20
0,78.1,5.12,1025.12,0.01,3.96 06:36:21 29/03/20
0,80.3,5.075,1025.16,0.03,3.96 06:41:34 29/03/20
2,80.9,5.1400003,1025.26,0.12,3.96 06:46:48 29/03/20
6,80.8,5.145,1025.25,0.33,3.96 06:52:00 29/03/20
13,79.9,5.145,1025.28,0.9,3.96 06:57:14 29/03/20
22,79.5,5.085,1025.32,1.5,3.96 07:02:27 29/03/20
40,79.6,5.06,1025.4,2.46,3.96 07:07:39 29/03/20
60,80.8,4.965,1025.47,3.2,3.96 07:12:53 29/03/20
80,80.4,4.94,1025.44,3.77,3.96 07:18:06 29/03/20
102,79.4,4.8599997,1025.47,4.04,3.96 07:23:18 29/03/20
125,78.5,4.77,1025.37,4.39,3.96 07:28:31 29/03/20
140,78.7,4.685,1025.45,4.09,3.96 07:33:43 29/03/20
161,79.9,4.645,1025.46,4.93,3.96 07:38:55 29/03/20
179,82.4,4.56,1025.49,4.36,3.96 07:44:10 29/03/20
191,85.6,4.5550003,1025.48,5.0,3.96 07:49:22 29/03/20
199,80.5,4.485,1025.55,4.67,3.96 07:54:35 29/03/20
209,81.7,4.465,1025.6,4.49,3.97 07:59:46 29/03/20
220,82.6,4.45,1025.74,4.1,3.96 08:05:05 29/03/20
231,81.3,4.45,1025.75,4.74,3.97 08:10:20 29/03/20
239,81.0,4.45,1025.83,4.59,3.97 08:15:35 29/03/20
254,82.4,4.445,1025.9,5.0,3.98 08:20:48 29/03/20
277,82.5,4.505,1025.93,5.0,3.98 08:26:00 29/03/20
301,84.7,4.535,1025.96,4.32,3.98 08:31:13 29/03/20
340,82.5,4.625,1026.02,4.17,3.99 08:36:26 29/03/20
350,86.4,4.725,1026.06,5.0,4.0 08:41:38 29/03/20
358,86.1,4.855,1026.12,4.07,4.01 08:46:51 29/03/20
370,86.0,5.04,1026.13,5.0,4.01 08:52:06 29/03/20
373,85.8,5.215,1026.13,5.0,4.02 08:57:17 29/03/20
379,89.0,5.42,1026.27,4.59,4.03 09:02:30 29/03/20
385,88.0,5.5550003,1026.16,5.0,4.04 09:07:43 29/03/20
389,87.4,5.75,1026.26,4.19,4.05 09:12:56 29/03/20
395,88.5,6.01,1026.38,5.0,4.07 09:18:12 29/03/20
401,87.0,6.245,1026.35,5.0,4.09 09:23:29 29/03/20
405,86.2,6.55,1026.46,4.29,4.11 09:28:44 29/03/20
413,84.3,6.87,1026.45,4.2,4.14 09:33:57 29/03/20
413,84.9,7.3,1026.33,4.26,4.13 09:39:07 29/03/20
418,82.7,7.7,1026.47,4.18,4.14 09:44:21 29/03/20
426,80.8,7.9649997,1026.56,4.21,4.15 09:49:36 29/03/20
426,78.0,8.105,1026.58,4.5,4.14 09:54:49 29/03/20
430,77.6,8.3,1026.61,4.31,4.16 10:00:00 29/03/20
435,76.2,8.545,1026.61,4.25,4.17 10:05:16 29/03/20
292,74.5,8.73,1026.65,5.0,4.11 10:10:29 29/03/20
445,73.6,8.845,1026.79,4.35,4.19 10:15:42 29/03/20
444,71.4,8.83,1026.75,4.41,4.2 10:20:59 29/03/20
306,66.1,8.67,1026.79,4.17,4.12 10:26:17 29/03/20
457,67.8,8.49,1026.87,5.0,4.22 10:31:31 29/03/20
404,68.3,8.63,1026.85,4.26,4.18 10:36:43 29/03/20
324,67.7,8.715,1026.95,5.0,4.13 10:41:57 29/03/20
359,66.8,8.63,1026.87,4.24,4.16 10:47:09 29/03/20
470,67.1,8.68,1026.99,5.0,4.21 10:52:24 29/03/20
379,68.3,8.945,1026.91,4.27,4.18 10:57:37 29/03/20
347,67.1,8.99,1026.98,4.33,4.16 11:02:51 29/03/20
342,63.6,8.895,1027.11,5.0,4.16 11:08:04 29/03/20
375,61.6,8.505,1027.05,4.31,4.18 11:13:17 29/03/20
390,63.2,8.455,1027.01,5.0,4.2 11:18:30 29/03/20
346,64.9,8.55,1027.1,4.28,4.17 11:23:42 29/03/20
355,59.8,8.445,1027.04,4.26,4.16 11:28:57 29/03/20
368,59.6,8.1,1027.12,4.47,4.18 11:34:10 29/03/20
478,58.9,7.965,1027.03,5.0,4.22 11:39:24 29/03/20
469,63.3,8.215,1027.05,5.0,4.22 11:44:37 29/03/20
367,61.9,8.57,1027.09,4.3,4.17 11:49:49 29/03/20
381,59.1,8.360001,1027.04,4.36,4.19 11:55:03 29/03/20
381,61.4,8.2,1027.41,4.32,4.19 12:00:17 29/03/20
328,63.2,8.18,1027.68,4.3,4.14 12:05:28 29/03/20
355,66.7,7.83,1027.88,4.26,4.16 12:10:44 29/03/20
422,69.0,7.565,1027.59,5.0,4.22 12:16:00 29/03/20
436,72.3,7.69,1027.45,5.0,4.2 12:21:18 29/03/20
413,73.9,8.025,1027.35,4.31,4.17 12:26:31 29/03/20
467,73.0,8.5,1027.29,4.32,4.21 12:31:43 29/03/20
416,70.1,8.95,1027.31,5.0,4.22 12:36:58 29/03/20
361,63.6,9.110001,1027.09,4.29,4.18 12:42:12 29/03/20
360,60.4,8.765,1027.51,4.27,4.18 12:47:24 29/03/20
388,61.3,8.424999,1027.57,5.0,4.19 12:52:36 29/03/20
422,64.2,8.365,1027.69,5.0,4.22 12:57:51 29/03/20
418,64.2,8.37,1027.65,5.0,4.22 13:03:02 29/03/20
458,61.3,8.2699995,1027.61,5.0,4.22 13:08:17 29/03/20
451,62.7,8.440001,1027.83,5.0,4.22 13:13:31 29/03/20
424,64.6,8.735001,1027.72,5.0,4.22 13:18:44 29/03/20
431,63.9,8.940001,1027.82,5.0,4.22 13:23:55 29/03/20
363,61.8,9.02,1027.81,4.27,4.18 13:29:10 29/03/20
380,61.1,8.865,1027.81,4.53,4.19 13:34:22 29/03/20
405,61.9,8.63,1027.94,5.0,4.22 13:39:37 29/03/20
484,64.5,8.84,1027.79,5.0,4.21 13:44:54 29/03/20
482,65.3,9.44,1027.67,5.0,4.22 13:50:12 29/03/20
453,62.3,9.860001,1027.67,5.0,4.22 13:55:26 29/03/20
400,59.3,10.01,1027.57,5.0,4.22 14:00:39 29/03/20
346,58.0,9.87,1027.69,4.26,4.18 14:05:53 29/03/20
373,57.3,9.505,1027.68,4.38,4.18 14:11:07 29/03/20
387,57.5,9.195,1027.83,4.4,4.22 14:16:23 29/03/20
386,58.5,8.995,1027.69,4.32,4.21 14:21:41 29/03/20
434,59.0,9.049999,1027.73,5.0,4.22 14:26:55 29/03/20
366,59.1,9.200001,1027.86,4.32,4.16 14:32:09 29/03/20
400,58.9,9.08,1027.81,4.72,4.22 14:37:21 29/03/20
434,58.8,9.045,1027.81,5.0,4.22 14:42:35 29/03/20
403,59.0,9.075,1027.85,5.0,4.22 14:47:48 29/03/20
319,56.9,8.905,1027.94,4.26,4.15 14:53:01 29/03/20
383,57.8,8.645,1027.94,4.86,4.19 14:58:15 29/03/20
412,57.6,8.585,1027.88,5.0,4.22 15:03:29 29/03/20
385,57.3,8.5,1027.85,4.74,4.2 15:08:41 29/03/20
420,57.2,8.56,1027.82,5.0,4.22 15:13:55 29/03/20
382,57.4,8.73,1027.73,5.0,4.2 15:19:06 29/03/20
350,57.0,8.745001,1027.82,4.31,4.17 15:24:21 29/03/20
312,55.8,8.639999,1027.86,5.0,4.15 15:29:34 29/03/20
359,55.4,8.375,1027.87,5.0,4.17 15:34:48 29/03/20
370,56.5,8.2699995,1028.09,4.33,4.19 15:40:02 29/03/20
404,57.0,8.335,1027.89,5.0,4.22 15:45:14 29/03/20
428,57.0,8.450001,1027.97,5.0,4.22 15:50:31 29/03/20
362,57.6,8.635,1027.85,4.25,4.18 15:55:49 29/03/20
366,57.2,8.73,1028.02,4.35,4.19 16:01:06 29/03/20
339,55.6,8.67,1027.97,4.33,4.17 16:06:24 29/03/20
342,55.3,8.48,1027.91,4.26,4.17 16:11:38 29/03/20
355,55.6,8.295,1028.08,4.48,4.17 16:16:51 29/03/20
366,55.9,8.205,1028.05,4.3,4.19 16:22:04 29/03/20
392,56.0,8.24,1027.97,5.0,4.22 16:27:17 29/03/20
362,56.5,8.33,1027.97,4.3,4.19 16:32:31 29/03/20
318,56.3,8.35,1028.08,4.27,4.16 16:37:44 29/03/20
339,55.9,8.195,1028.07,4.27,4.16 16:42:57 29/03/20
350,56.7,8.18,1028.09,4.76,4.18 16:48:10 29/03/20
352,56.9,8.245,1028.07,4.29,4.18 16:53:24 29/03/20
354,56.6,8.25,1028.13,4.28,4.18 16:58:35 29/03/20
345,56.7,8.25,1028.21,4.3,4.17 17:03:50 29/03/20
333,56.0,8.175,1028.15,4.26,4.16 17:09:03 29/03/20
357,56.7,8.17,1028.23,4.3,4.19 17:14:20 29/03/20
331,56.7,8.184999,1028.26,4.28,4.17 17:19:38 29/03/20
323,56.1,8.155001,1028.28,4.27,4.16 17:24:55 29/03/20
286,55.7,7.995,1028.33,4.22,4.13 17:30:13 29/03/20
304,55.9,7.8,1028.46,5.0,4.14 17:35:26 29/03/20
294,55.8,7.715,1028.48,5.0,4.14 17:40:40 29/03/20
301,56.3,7.675,1028.58,4.65,4.14 17:45:53 29/03/20
307,56.3,7.585,1028.67,4.27,4.14 17:51:06 29/03/20
291,56.6,7.575,1028.63,4.31,4.14 17:56:19 29/03/20
