0,55.4,2.335,1032.53,0.0,4.0 00:02:36 30/03/20
0,55.4,2.295,1032.46,0.0,3.99 00:07:49 30/03/20
0,55.6,2.2,1032.52,0.0,3.99 00:13:01 30/03/20
0,55.8,2.12,1032.52,0.0,3.99 00:18:14 30/03/20
0,55.8,2.105,1032.67,0.0,3.99 00:23:26 30/03/20
0,56.0,2.01,1032.7,0.0,3.99 00:28:39 30/03/20
0,56.3,1.99,1032.63,0.0,3.99 00:33:52 30/03/20
0,56.6,1.905,1032.58,0.0,3.99 00:39:04 30/03/20
0,56.2,1.845,1032.64,0.0,3.98 00:44:16 30/03/20
0,56.6,1.8100001,1032.66,0.0,3.98 00:49:34 30/03/20
0,56.2,1.73,1032.57,0.0,3.99 00:54:48 30/03/20
0,56.1,1.685,1032.54,0.0,3.99 01:00:02 30/03/20
0,56.3,1.6,1032.57,0.0,3.98 01:05:15 30/03/20
0,56.3,1.52,1032.51,0.0,3.98 01:10:25 30/03/20
0,56.1,1.435,1032.48,0.0,3.98 01:15:40 30/03/20
0,56.0,1.395,1032.46,0.0,3.98 01:20:56 30/03/20
0,56.0,1.305,1032.44,0.0,3.98 01:26:14 30/03/20
0,56.0,1.2049999,1032.36,0.0,3.98 01:31:25 30/03/20
0,56.0,1.115,1032.4,0.0,3.98 01:36:38 30/03/20
0,56.7,1.035,1032.43,0.0,3.98 01:41:50 30/03/20
0,56.6,1.01,1032.45,0.0,3.97 01:47:06 30/03/20
0,56.6,0.93500006,1032.46,0.0,3.98 01:52:22 30/03/20
0,57.0,0.91999996,1032.46,0.0,3.97 01:57:36 30/03/20
0,57.2,0.90999997,1032.47,0.0,3.97 02:02:48 30/03/20
0,57.5,0.90999997,1032.38,0.0,3.97 02:08:04 30/03/20
0,58.3,0.92499995,1032.31,0.0,3.97 02:13:21 30/03/20
0,57.5,0.92499995,1032.34,0.0,3.97 02:18:34 30/03/20
0,57.7,0.91999996,1032.27,0.0,3.97 02:23:44 30/03/20
0,58.2,0.91499996,1032.36,0.0,3.97 02:28:59 30/03/20
0,57.8,0.91499996,1032.35,0.0,3.97 02:34:11 30/03/20
0,58.0,0.895,1032.31,0.0,3.97 02:39:21 30/03/20
0,57.8,0.82500005,1032.37,0.0,3.97 02:44:34 30/03/20
0,58.0,0.805,1032.37,0.0,3.97 02:49:46 30/03/20
0,58.0,0.79,1032.34,0.0,3.97 02:55:00 30/03/20
0,58.2,0.71000004,1032.29,0.0,3.97 03:00:11 30/03/20
0,59.0,0.63,1032.32,0.0,3.97 03:05:26 30/03/20
0,58.3,0.61,1032.29,0.0,3.97 03:10:36 30/03/20
0,58.3,0.59,1032.28,0.0,3.96 03:15:50 30/03/20
0,58.6,0.52,1032.18,0.0,3.96 03:21:02 30/03/20
0,58.2,0.495,1032.15,0.0,3.96 03:26:14 30/03/20
0,58.2,0.415,1032.11,0.0,3.96 03:31:27 30/03/20
0,58.8,0.4,1032.02,0.0,3.96 03:36:39 30/03/20
0,59.1,0.32,1031.93,0.0,3.96 03:41:51 30/03/20
0,58.7,0.305,1032.0,0.0,3.96 03:47:03 30/03/20
0,58.5,0.28,1031.93,0.0,3.96 03:52:16 30/03/20
0,58.3,0.205,1031.9,0.0,3.96 03:57:28 30/03/20
0,59.1,0.18499999,1031.77,0.0,3.96 04:02:40 30/03/20
0,59.2,0.120000005,1031.82,0.0,3.96 04:07:51 30/03/20
0,59.3,0.099999994,1031.78,0.0,3.96 04:13:03 30/03/20
0,59.6,0.034999996,1031.75,0.0,3.96 04:18:17 30/03/20
0,59.3,0.014999986,1031.75,0.0,3.96 04:23:30 30/03/20
0,59.4,0.004999995,1031.67,0.0,3.96 04:28:42 30/03/20
0,59.8,-0.065,1031.61,0.0,3.96 04:33:55 30/03/20
0,60.3,-0.07999998,1031.56,0.0,3.96 04:39:06 30/03/20
0,60.0,-0.095,1031.59,0.0,3.96 04:44:20 30/03/20
0,60.1,-0.099999994,1031.6,0.0,3.96 04:49:29 30/03/20
0,61.2,-0.165,1031.57,0.0,3.95 04:54:42 30/03/20
0,59.8,-0.19000001,1031.64,0.0,3.95 04:59:55 30/03/20
0,60.3,-0.19500001,1031.47,0.0,3.95 05:05:07 30/03/20
0,59.9,-0.27499998,1031.44,0.0,3.96 05:10:18 30/03/20
0,59.6,-0.29999998,1031.5,0.0,3.95 05:15:31 30/03/20
0,59.8,-0.315,1031.44,0.0,3.95 05:20:44 30/03/20
0,59.7,-0.38,1031.43,0.0,3.94 05:26:00 30/03/20
0,60.5,-0.395,1031.39,0.0,3.95 05:31:15 30/03/20
0,60.0,-0.405,1031.3,0.0,3.95 05:36:28 30/03/20
0,60.5,-0.47500002,1031.3,0.0,3.95 05:41:40 30/03/20
0,59.7,-0.49,1031.36,0.0,3.94 05:46:54 30/03/20
0,59.6,-0.51,1031.3,0.0,3.95 05:52:06 30/03/20
0,60.7,-0.52000004,1031.24,0.0,3.95 05:57:18 30/03/20
0,60.8,-0.58500004,1031.19,0.0,3.94 06:02:30 30/03/20
0,61.2,-0.61,1031.15,0.0,3.94 06:07:43 30/03/20
0,60.2,-0.685,1031.09,0.0,3.94 06:12:55 30/03/20
0,60.3,-0.69,1031.13,0.0,3.94 06:18:07 30/03/20
0,59.9,-0.705,1031.11,0.0,3.94 06:23:19 30/03/20
0,59.8,-0.775,1031.0,0.0,3.94 06:28:31 30/03/20
0,60.5,-0.78999996,1031.02,0.02,3.94 06:33:48 30/03/20
1,60.8,-0.815,1031.05,0.06,3.94 06:39:04 30/03/20
4,60.5,-0.89,1031.07,0.17,3.94 06:44:16 30/03/20
7,60.4,-0.98,1031.03,0.43,3.94 06:49:27 30/03/20
14,61.0,-1.075,1030.95,1.0,3.94 06:54:41 30/03/20
25,61.3,-1.16,1031.01,1.77,3.93 06:59:54 30/03/20
39,61.6,-1.1899999,1031.0,2.53,3.94 07:05:05 30/03/20
56,61.0,-1.275,1031.02,3.21,3.94 07:10:17 30/03/20
76,61.6,-1.37,1030.97,3.8,3.94 07:15:29 30/03/20
97,63.8,-1.4,1030.85,4.01,3.93 07:20:42 30/03/20
115,62.9,-1.48,1030.91,4.28,3.94 07:25:54 30/03/20
131,62.4,-1.49,1030.88,4.27,3.93 07:31:06 30/03/20
146,63.6,-1.505,1030.94,4.87,3.94 07:36:18 30/03/20
161,62.7,-1.505,1031.01,5.0,3.93 07:41:31 30/03/20
175,63.6,-1.505,1031.05,4.47,3.94 07:46:42 30/03/20
193,61.6,-1.49,1031.03,5.0,3.94 07:51:54 30/03/20
204,62.2,-1.4649999,1030.98,5.0,3.95 07:57:06 30/03/20
226,61.5,-1.39,1031.08,4.63,3.96 08:02:19 30/03/20
240,62.1,-1.3,1031.16,4.02,3.96 08:07:31 30/03/20
253,63.1,-1.185,1031.18,4.02,3.97 08:12:43 30/03/20
255,62.5,-1.08,1031.11,5.0,3.97 08:18:00 30/03/20
281,64.0,-0.97,1030.95,4.69,3.96 08:23:22 30/03/20
301,64.5,-0.82,1030.89,4.32,3.97 08:28:36 30/03/20
350,62.6,-0.765,1030.94,4.78,3.98 08:33:48 30/03/20
360,63.7,-0.65999997,1030.98,5.0,3.99 08:39:04 30/03/20
375,64.3,-0.48000002,1031.02,5.0,4.01 08:44:21 30/03/20
367,64.0,-0.295,1030.9,5.0,4.01 08:49:32 30/03/20
376,63.3,-0.16000001,1030.84,4.08,4.02 08:54:46 30/03/20
400,62.9,0.095,1030.87,4.88,4.03 08:59:58 30/03/20
397,63.5,0.29,1030.69,4.18,4.05 09:05:08 30/03/20
405,66.1,0.575,1030.78,5.0,4.08 09:10:23 30/03/20
398,67.7,0.875,1030.83,4.84,4.08 09:15:35 30/03/20
401,66.3,1.1700001,1030.83,5.0,4.1 09:20:47 30/03/20
404,67.0,1.55,1030.89,4.18,4.13 09:26:00 30/03/20
410,67.7,1.9649999,1030.78,5.0,4.1 09:31:13 30/03/20
413,69.5,2.58,1030.83,5.0,4.11 09:36:25 30/03/20
417,69.4,3.135,1030.72,5.0,4.12 09:41:37 30/03/20
422,68.3,3.63,1030.81,4.24,4.13 09:46:48 30/03/20
424,68.3,4.025,1030.71,4.17,4.13 09:52:03 30/03/20
426,68.7,4.355,1030.73,4.26,4.14 09:57:15 30/03/20
430,68.4,4.585,1030.85,4.25,4.16 10:02:28 30/03/20
434,66.4,4.8,1030.85,4.25,4.15 10:07:41 30/03/20
437,66.8,5.075,1030.81,4.25,4.17 10:12:55 30/03/20
438,67.2,5.365,1030.81,4.68,4.18 10:18:07 30/03/20
441,65.9,5.5699997,1030.76,4.27,4.19 10:23:20 30/03/20
443,65.6,5.65,1030.7,4.33,4.2 10:28:33 30/03/20
445,65.4,5.75,1030.63,4.95,4.22 10:33:46 30/03/20
448,65.3,5.925,1030.6,5.0,4.22 10:38:59 30/03/20
449,64.8,6.105,1030.58,5.0,4.22 10:44:15 30/03/20
452,63.8,6.31,1030.43,5.0,4.22 10:49:34 30/03/20
453,63.7,6.415,1030.46,5.0,4.22 10:54:46 30/03/20
456,62.8,6.5,1030.44,5.0,4.22 10:59:59 30/03/20
458,63.0,6.59,1030.41,5.0,4.22 11:05:11 30/03/20
459,63.8,6.665,1030.26,5.0,4.22 11:10:25 30/03/20
461,63.5,6.835,1030.18,5.0,4.22 11:15:38 30/03/20
461,63.4,7.005,1030.03,5.0,4.22 11:20:51 30/03/20
462,63.2,7.115,1030.02,5.0,4.22 11:26:04 30/03/20
465,63.7,7.245,1030.02,5.0,4.22 11:31:17 30/03/20
467,63.2,7.415,1029.88,5.0,4.22 11:36:30 30/03/20
466,62.1,7.615,1029.83,5.0,4.22 11:41:44 30/03/20
467,62.0,7.6549997,1029.74,5.0,4.22 11:46:57 30/03/20
469,62.0,7.83,1029.68,5.0,4.22 11:52:10 30/03/20
469,62.9,8.07,1029.54,5.0,4.22 11:57:23 30/03/20
457,61.9,8.135,1029.45,5.0,4.22 12:02:36 30/03/20
419,62.5,8.29,1029.43,4.35,4.19 12:07:50 30/03/20
466,61.6,8.42,1029.44,5.0,4.22 12:13:03 30/03/20
439,61.1,8.690001,1029.37,5.0,4.22 12:18:17 30/03/20
416,62.1,8.905,1029.27,5.0,4.22 12:23:29 30/03/20
415,62.0,9.085,1029.2,5.0,4.22 12:28:46 30/03/20
447,60.2,9.190001,1029.19,5.0,4.22 12:34:04 30/03/20
453,60.6,9.219999,1029.1,5.0,4.21 12:39:18 30/03/20
449,61.2,9.375,1029.14,5.0,4.22 12:44:30 30/03/20
434,60.2,9.43,1029.1,5.0,4.21 12:49:43 30/03/20
422,60.5,9.505,1029.01,5.0,4.22 12:54:58 30/03/20
413,59.7,9.445,1028.93,5.0,4.22 13:00:11 30/03/20
406,59.1,9.415,1028.85,5.0,4.22 13:05:28 30/03/20
407,59.6,9.35,1028.79,4.93,4.22 13:10:46 30/03/20
397,59.0,9.35,1028.77,4.34,4.21 13:16:00 30/03/20
404,59.2,9.34,1028.69,4.75,4.2 13:21:11 30/03/20
407,60.3,9.26,1028.72,4.89,4.22 13:26:27 30/03/20
412,58.9,9.105,1028.68,5.0,4.22 13:31:40 30/03/20
400,58.3,9.105,1028.67,4.4,4.22 13:36:53 30/03/20
417,59.7,9.17,1028.58,5.0,4.22 13:42:06 30/03/20
439,60.0,9.24,1028.52,5.0,4.22 13:47:20 30/03/20
393,59.9,9.405,1028.51,4.36,4.21 13:52:33 30/03/20
370,60.1,9.434999,1028.42,4.99,4.19 13:57:47 30/03/20
367,59.1,9.455,1028.4,4.31,4.18 14:03:01 30/03/20
374,59.2,9.43,1028.38,4.27,4.18 14:08:13 30/03/20
377,59.3,9.365,1028.3,4.3,4.19 14:13:27 30/03/20
365,59.5,9.345,1028.23,4.83,4.18 14:18:39 30/03/20
337,59.3,9.275,1028.23,4.25,4.17 14:23:53 30/03/20
347,59.3,9.200001,1028.16,5.0,4.18 14:29:07 30/03/20
367,59.4,9.185,1028.14,4.27,4.18 14:34:20 30/03/20
371,59.6,9.115,1028.13,4.35,4.2 14:39:33 30/03/20
390,60.3,9.145,1028.02,4.4,4.21 14:44:47 30/03/20
406,60.9,9.17,1028.02,5.0,4.22 14:50:00 30/03/20
397,61.0,9.26,1027.96,4.86,4.22 14:55:14 30/03/20
387,61.5,9.37,1027.9,4.3,4.21 15:00:27 30/03/20
395,61.7,9.48,1027.8,4.58,4.22 15:05:40 30/03/20
401,62.0,9.635,1027.61,5.0,4.22 15:10:57 30/03/20
407,63.5,9.915,1027.47,5.0,4.21 15:16:16 30/03/20
439,63.4,10.24,1027.39,5.0,4.22 15:21:30 30/03/20
416,62.6,10.585,1027.41,5.0,4.22 15:26:46 30/03/20
403,61.9,10.725,1027.2,5.0,4.21 15:32:08 30/03/20
376,61.3,10.825001,1027.17,4.3,4.2 15:37:30 30/03/20
325,60.7,10.764999,1027.09,4.26,4.17 15:42:49 30/03/20
335,60.2,10.594999,1026.99,4.43,4.17 15:48:02 30/03/20
376,60.1,10.405001,1026.96,4.53,4.22 15:53:16 30/03/20
393,60.9,10.305,1026.92,5.0,4.22 15:58:27 30/03/20
410,61.2,10.225,1026.79,5.0,4.22 16:03:43 30/03/20
472,62.1,10.295,1026.78,5.0,4.22 16:08:56 30/03/20
422,63.2,10.565001,1026.67,5.0,4.22 16:14:10 30/03/20
365,60.6,10.700001,1026.7,4.29,4.19 16:19:23 30/03/20
368,60.5,10.615,1026.68,4.34,4.2 16:24:37 30/03/20
365,60.3,10.445,1026.64,4.33,4.2 16:29:50 30/03/20
344,61.0,10.389999,1026.56,5.0,4.18 16:35:09 30/03/20
419,61.3,10.325,1026.47,5.0,4.21 16:40:26 30/03/20
441,62.8,10.475,1026.39,5.0,4.22 16:45:39 30/03/20
429,64.0,10.76,1026.31,5.0,4.22 16:50:53 30/03/20
379,63.4,11.145,1026.27,5.0,4.22 16:56:07 30/03/20
381,63.3,11.42,1026.1,5.0,4.21 17:01:21 30/03/20
386,62.3,11.55,1026.05,5.0,4.22 17:06:34 30/03/20
297,62.1,11.655001,1026.04,4.6,4.16 17:11:47 30/03/20
378,62.0,11.66,1025.89,5.0,4.22 17:16:59 30/03/20
323,61.1,11.68,1025.96,4.25,4.17 17:22:13 30/03/20
354,60.7,11.52,1025.86,4.29,4.19 17:27:28 30/03/20
358,61.1,11.434999,1025.81,4.38,4.19 17:32:40 30/03/20
294,61.0,11.305,1025.75,4.93,4.15 17:37:56 30/03/20
206,60.7,11.13,1025.81,4.22,4.13 17:43:09 30/03/20
223,60.9,11.0,1025.84,4.48,4.13 17:48:23 30/03/20
247,60.9,10.82,1025.73,5.0,4.14 17:53:37 30/03/20
226,61.8,10.635,1025.66,5.0,4.14 17:58:49 30/03/20
176,61.9,10.51,1025.65,4.93,4.14 18:04:07 30/03/20
152,62.8,10.395,1025.71,4.89,4.12 18:09:29 30/03/20
173,67.1,10.215,1025.85,4.94,4.11 18:14:52 30/03/20
205,65.6,10.02,1025.73,5.0,4.11 18:20:16 30/03/20
266,68.5,9.860001,1025.73,5.0,4.15 18:25:32 30/03/20
272,67.6,9.735001,1025.75,4.26,4.14 18:30:45 30/03/20
263,67.3,9.625,1025.7,4.85,4.14 18:35:58 30/03/20
260,68.5,9.535,1025.65,5.0,4.14 18:41:12 30/03/20
270,69.0,9.440001,1025.67,4.79,4.15 18:46:26 30/03/20
279,69.9,9.405001,1025.63,5.0,4.16 18:51:42 30/03/20
299,70.9,9.33,1025.62,4.34,4.2 18:57:00 30/03/20
309,70.8,9.315001,1025.55,4.6,4.22 19:02:12 30/03/20
247,69.9,9.245001,1025.55,5.0,4.13 19:07:28 30/03/20
229,69.6,9.08,1025.54,5.0,4.14 19:12:40 30/03/20
209,68.5,8.950001,1025.47,4.41,4.15 19:17:54 30/03/20
202,70.3,8.76,1025.53,5.0,4.13 19:23:08 30/03/20
190,69.9,8.575,1025.54,5.0,4.13 19:28:20 30/03/20
184,70.8,8.440001,1025.5,4.22,4.13 19:33:37 30/03/20
173,69.4,8.255,1025.41,5.0,4.13 19:38:58 30/03/20
165,70.3,8.125,1025.46,4.25,4.12 19:44:12 30/03/20
152,70.4,7.945,1025.5,4.19,4.12 19:49:30 30/03/20
144,70.6,7.76,1025.52,4.95,4.11 19:54:43 30/03/20
134,71.0,7.63,1025.47,4.43,4.1 20:00:00 30/03/20
113,71.0,7.455,1025.51,4.4,4.1 20:05:18 30/03/20
94,72.2,7.335,1025.51,4.19,4.09 20:10:31 30/03/20
75,72.5,7.1800003,1025.56,3.75,4.09 20:15:44 30/03/20
56,72.8,7.0699997,1025.53,2.96,4.08 20:20:57 30/03/20
46,72.9,6.96,1025.55,2.14,4.07 20:26:14 30/03/20
32,71.6,6.8599997,1025.53,1.29,4.07 20:31:33 30/03/20
26,71.5,6.755,1025.57,0.64,4.07 20:36:46 30/03/20
22,72.7,6.6549997,1025.51,0.27,4.07 20:41:58 30/03/20
19,73.6,6.5699997,1025.54,0.12,4.07 20:47:11 30/03/20
18,72.6,6.55,1025.58,0.04,4.06 20:52:24 30/03/20
17,74.0,6.545,1025.55,0.01,4.06 20:57:37 30/03/20
16,73.4,6.49,1025.65,0.0,4.06 21:02:50 30/03/20
15,74.0,6.545,1025.65,0.0,4.05 21:08:03 30/03/20
15,75.2,6.55,1025.63,0.0,4.05 21:13:16 30/03/20
15,76.4,6.565,1025.66,0.0,4.05 21:18:29 30/03/20
14,74.3,6.565,1025.64,0.0,4.05 21:23:42 30/03/20
14,75.2,6.585,1025.65,0.0,4.05 21:28:55 30/03/20
14,74.4,6.5950003,1025.72,0.0,4.04 21:34:08 30/03/20
13,77.3,6.65,1025.71,0.0,4.04 21:39:21 30/03/20
10,76.9,6.67,1025.71,0.0,4.04 21:44:32 30/03/20
12,76.6,6.685,1025.81,0.0,4.04 21:49:47 30/03/20
11,79.6,6.765,1025.9,0.0,4.04 21:55:00 30/03/20
9,82.1,6.9350004,1025.96,0.0,4.03 22:00:13 30/03/20
9,81.0,7.0550003,1025.95,0.0,4.04 22:05:26 30/03/20
8,83.6,7.1549997,1026.03,0.0,4.03 22:10:39 30/03/20
17,83.4,7.185,1025.97,0.0,4.03 22:15:52 30/03/20
18,82.7,7.26,1025.96,0.0,4.03 22:21:06 30/03/20
17,81.8,7.265,1025.95,0.0,4.03 22:26:19 30/03/20
16,82.4,7.265,1025.98,0.0,4.03 22:31:32 30/03/20
15,80.2,7.255,1025.92,0.0,4.03 22:36:45 30/03/20
14,81.2,7.25,1025.95,0.0,4.02 22:41:58 30/03/20
14,78.9,7.2349997,1025.94,0.0,4.02 22:47:12 30/03/20
9,81.0,7.17,1025.96,0.0,4.02 22:52:22 30/03/20
13,79.5,7.09,1026.02,0.0,4.02 22:57:37 30/03/20
17,79.1,7.04,1026.12,0.0,4.02 23:02:54 30/03/20
17,79.4,6.94,1026.08,0.0,4.02 23:08:12 30/03/20
18,79.4,6.85,1026.12,0.0,4.02 23:13:25 30/03/20
20,78.2,6.685,1026.19,0.0,4.02 23:18:38 30/03/20
23,78.6,6.575,1026.18,0.0,4.02 23:23:51 30/03/20
26,82.3,6.465,1026.27,0.0,4.01 23:29:04 30/03/20
25,77.5,6.345,1026.26,0.0,4.01 23:34:17 30/03/20
27,77.8,6.2349997,1026.29,0.0,4.01 23:39:30 30/03/20
27,82.3,6.1549997,1026.35,0.0,4.01 23:44:47 30/03/20
33,81.3,6.0699997,1026.34,0.0,4.01 23:50:04 30/03/20
30,80.7,6.0299997,1026.25,0.0,4.01 23:55:17 30/03/20
