0,60.8,18.779999,999.41,0.0,4.01 00:00:03 04/06/20
0,56.7,18.765,999.41,0.0,4.01 00:05:18 04/06/20
0,58.4,18.695,999.47,0.0,4.01 00:10:33 04/06/20
0,62.0,18.665,999.42,0.0,4.01 00:15:47 04/06/20
0,59.7,18.59,999.39,0.0,4.01 00:21:03 04/06/20
0,59.8,18.564999,999.25,0.0,3.99 00:26:17 04/06/20
0,60.8,18.49,999.29,0.0,4.01 00:31:33 04/06/20
0,59.1,18.395,999.14,0.0,4.0 00:36:46 04/06/20
0,61.2,18.36,998.98,0.0,4.0 00:42:02 04/06/20
0,62.0,18.275002,998.87,0.0,4.0 00:47:16 04/06/20
0,60.8,18.24,998.8,0.0,4.0 00:52:30 04/06/20
0,62.2,18.15,998.82,0.0,4.0 00:57:46 04/06/20
0,60.9,18.064999,998.76,0.0,4.0 01:03:00 04/06/20
0,63.4,17.985,998.79,0.0,4.0 01:08:13 04/06/20
0,62.5,17.895,998.78,0.0,4.0 01:13:32 04/06/20
0,69.9,17.795,998.81,0.0,3.99 01:18:52 04/06/20
0,68.2,17.73,998.85,0.0,3.99 01:24:07 04/06/20
0,67.8,17.689999,998.85,0.0,3.99 01:29:20 04/06/20
0,67.4,17.66,998.83,0.0,3.99 01:34:36 04/06/20
0,64.3,17.585,998.85,0.0,3.99 01:39:51 04/06/20
0,64.2,17.564999,998.77,0.0,3.99 01:45:04 04/06/20
0,63.9,17.49,998.68,0.0,3.99 01:50:23 04/06/20
0,70.5,17.48,998.6,0.0,3.99 01:55:43 04/06/20
0,66.1,17.45,998.58,0.0,3.98 02:00:57 04/06/20
0,68.5,17.380001,998.51,0.0,3.98 02:06:12 04/06/20
0,68.8,17.355,998.47,0.0,3.98 02:11:26 04/06/20
0,66.1,17.275002,998.44,0.0,3.98 02:16:41 04/06/20
0,66.9,17.255001,998.42,0.0,3.98 02:21:55 04/06/20
0,64.0,17.235,998.34,0.0,3.98 02:27:10 04/06/20
0,71.3,17.17,998.26,0.0,3.97 02:32:24 04/06/20
0,72.3,17.099998,998.23,0.0,3.98 02:37:39 04/06/20
0,65.3,17.07,998.13,0.0,3.98 02:42:53 04/06/20
0,65.5,17.064999,998.04,0.0,3.97 02:48:08 04/06/20
0,66.9,17.04,998.0,0.0,3.97 02:53:22 04/06/20
0,70.9,16.965,998.0,0.0,3.97 02:58:37 04/06/20
0,70.0,16.89,997.84,0.0,3.97 03:03:50 04/06/20
0,70.4,16.86,997.85,0.0,3.97 03:09:06 04/06/20
0,73.7,16.84,997.81,0.0,3.97 03:14:20 04/06/20
0,74.6,16.77,997.78,0.0,3.97 03:19:35 04/06/20
0,72.0,16.735,997.67,0.0,3.97 03:24:50 04/06/20
0,71.9,16.675,997.65,0.0,3.97 03:30:04 04/06/20
0,73.3,16.665,997.55,0.0,3.97 03:35:18 04/06/20
0,71.2,16.67,997.51,0.0,3.97 03:40:32 04/06/20
0,76.4,16.67,997.46,0.0,3.97 03:45:47 04/06/20
0,76.2,16.67,997.43,0.0,3.96 03:51:01 04/06/20
0,72.0,16.67,997.43,0.0,3.96 03:56:16 04/06/20
0,76.5,16.675,997.41,0.0,3.96 04:01:31 04/06/20
0,75.5,16.675,997.35,0.0,3.96 04:06:45 04/06/20
0,79.5,16.685001,997.32,0.0,3.96 04:11:59 04/06/20
0,81.7,16.689999,997.3,0.0,3.96 04:17:13 04/06/20
0,84.7,16.7,997.28,0.0,3.94 04:22:35 04/06/20
0,79.9,16.7,997.16,0.0,3.93 04:27:51 04/06/20
0,75.1,16.705,997.13,0.0,3.96 04:33:05 04/06/20
0,76.5,16.689999,997.14,0.01,3.96 04:38:20 04/06/20
0,80.1,16.685001,997.12,0.02,3.96 04:43:34 04/06/20
0,77.3,16.695,996.99,0.07,3.96 04:48:52 04/06/20
1,75.8,16.74,996.96,0.12,3.96 04:54:11 04/06/20
2,74.4,16.68,996.94,0.21,3.96 04:59:24 04/06/20
5,77.0,16.675,996.92,0.4,3.96 05:04:40 04/06/20
9,77.0,16.66,996.84,0.7,3.96 05:10:04 04/06/20
13,82.2,16.67,996.84,1.13,3.96 05:15:18 04/06/20
18,77.1,16.599998,996.81,1.62,3.96 05:20:35 04/06/20
22,78.8,16.64,996.78,1.95,3.95 05:25:47 04/06/20
33,80.7,16.58,996.82,2.65,3.95 05:31:02 04/06/20
48,83.0,16.52,996.76,3.57,3.95 05:36:15 04/06/20
66,80.5,16.555,996.66,4.05,3.95 05:41:30 04/06/20
77,79.5,16.49,996.73,4.34,3.95 05:46:44 04/06/20
82,83.6,16.475,996.64,4.58,3.95 05:51:59 04/06/20
83,81.2,16.405,996.6,4.13,3.95 05:57:14 04/06/20
79,77.2,16.435,996.62,4.58,3.95 06:02:26 04/06/20
83,79.8,16.375,996.59,4.17,3.95 06:07:40 04/06/20
85,78.3,16.305,996.64,4.52,3.95 06:12:57 04/06/20
90,79.5,16.295,996.69,4.3,3.95 06:18:10 04/06/20
84,83.4,16.29,996.69,4.57,3.95 06:23:25 04/06/20
90,84.4,16.285,996.75,4.61,3.94 06:28:39 04/06/20
102,84.8,16.275002,996.68,4.89,3.95 06:33:54 04/06/20
104,85.0,16.215,996.65,4.73,3.95 06:39:08 04/06/20
123,83.9,16.21,996.51,4.87,3.95 06:44:22 04/06/20
133,86.7,16.205,996.46,4.07,3.96 06:49:37 04/06/20
164,83.8,16.2,996.39,5.0,3.96 06:54:51 04/06/20
168,88.7,16.2,996.31,5.0,3.96 07:00:05 04/06/20
151,85.2,16.215,996.39,4.27,3.96 07:05:23 04/06/20
137,86.5,16.27,996.31,4.07,3.96 07:10:42 04/06/20
136,88.1,16.215,996.31,5.0,3.96 07:15:57 04/06/20
136,85.3,16.275002,996.24,4.06,3.96 07:21:11 04/06/20
144,85.6,16.220001,996.23,4.15,3.96 07:26:29 04/06/20
155,85.6,16.225,996.19,4.51,3.96 07:31:48 04/06/20
165,85.1,16.275002,996.18,5.0,3.96 07:37:03 04/06/20
171,88.6,16.215,996.19,4.58,3.96 07:42:18 04/06/20
178,85.6,16.215,996.15,4.25,3.97 07:47:30 04/06/20
173,86.6,16.215,996.18,5.0,3.97 07:52:46 04/06/20
174,90.2,16.205,996.19,4.06,3.97 07:58:00 04/06/20
180,86.8,16.215,996.18,4.53,3.97 08:03:15 04/06/20
194,88.0,16.27,996.16,5.0,3.98 08:08:29 04/06/20
192,83.7,16.285,996.19,4.15,3.98 08:13:43 04/06/20
169,86.3,16.35,996.26,5.0,3.97 08:18:58 04/06/20
159,86.9,16.310001,996.32,5.0,3.97 08:24:13 04/06/20
151,88.1,16.3,996.32,5.0,3.97 08:29:26 04/06/20
152,88.4,16.285,996.33,5.0,3.97 08:34:39 04/06/20
171,87.2,16.220001,996.31,5.0,3.97 08:39:54 04/06/20
173,87.6,16.205,996.29,5.0,3.98 08:45:09 04/06/20
171,87.6,16.215,996.27,4.76,3.98 08:50:24 04/06/20
188,90.3,16.21,996.33,4.15,3.98 08:55:39 04/06/20
219,88.6,16.21,996.36,4.13,3.98 09:00:51 04/06/20
212,88.2,16.279999,996.39,4.07,3.99 09:06:07 04/06/20
207,90.3,16.295,996.4,4.25,4.0 09:11:21 04/06/20
205,90.1,16.3,996.34,5.0,4.0 09:16:39 04/06/20
179,85.8,16.305,996.3,5.0,4.0 09:21:58 04/06/20
190,90.1,16.3,996.36,4.07,4.0 09:27:13 04/06/20
195,89.9,16.295,996.36,4.12,4.0 09:32:25 04/06/20
200,88.6,16.285,996.26,4.8,4.0 09:37:42 04/06/20
189,89.1,16.279999,996.32,4.66,4.01 09:42:54 04/06/20
186,88.6,16.215,996.31,4.2,4.0 09:48:10 04/06/20
181,88.9,16.205,996.32,4.19,4.0 09:53:26 04/06/20
193,88.6,16.189999,996.31,5.0,4.0 09:58:39 04/06/20
194,90.5,16.18,996.38,4.13,4.0 10:03:53 04/06/20
189,88.6,16.11,996.28,4.1,4.01 10:09:11 04/06/20
208,88.8,16.105,996.36,5.0,4.01 10:14:30 04/06/20
200,88.7,16.165,996.31,4.41,3.99 10:19:45 04/06/20
191,89.6,16.115,996.29,4.31,4.01 10:25:00 04/06/20
190,89.2,16.099998,996.34,4.15,3.98 10:30:12 04/06/20
168,90.2,16.095001,996.3,4.21,4.01 10:35:28 04/06/20
191,89.6,16.07,996.27,4.26,4.01 10:40:43 04/06/20
178,90.0,16.005,996.26,5.0,4.02 10:45:56 04/06/20
185,89.5,15.99,996.34,4.46,4.01 10:51:11 04/06/20
187,89.3,15.985001,996.3,4.96,4.01 10:56:23 04/06/20
181,88.2,15.914999,996.27,4.33,4.02 11:01:39 04/06/20
179,86.4,15.879999,996.19,5.0,4.01 11:06:54 04/06/20
179,86.9,15.81,996.26,5.0,4.02 11:12:08 04/06/20
192,86.6,15.735,996.29,4.9,4.02 11:17:23 04/06/20
195,86.4,15.77,996.37,5.0,4.03 11:22:36 04/06/20
190,86.0,15.71,996.32,5.0,4.03 11:27:51 04/06/20
184,87.1,15.7,996.39,4.08,4.03 11:33:03 04/06/20
199,87.6,15.705,996.48,4.09,4.03 11:38:19 04/06/20
217,87.9,15.71,996.46,4.19,4.03 11:43:32 04/06/20
228,90.7,15.76,996.48,4.16,4.06 11:48:46 04/06/20
215,90.0,15.77,996.45,4.18,4.07 11:54:02 04/06/20
214,90.7,15.795,996.41,5.0,4.07 11:59:16 04/06/20
222,89.9,15.860001,996.4,5.0,4.08 12:04:30 04/06/20
226,90.7,15.875,996.36,5.0,4.09 12:09:45 04/06/20
218,90.0,15.879999,996.41,4.2,4.11 12:15:00 04/06/20
221,90.5,15.895,996.46,4.37,4.12 12:20:12 04/06/20
234,90.3,15.91,996.46,5.0,4.11 12:25:28 04/06/20
245,90.4,15.92,996.44,5.0,4.1 12:30:43 04/06/20
265,90.4,15.960001,996.41,5.0,4.11 12:35:54 04/06/20
272,90.9,15.965,996.43,5.0,4.11 12:41:10 04/06/20
248,91.0,15.98,996.38,5.0,4.11 12:46:25 04/06/20
230,91.5,16.0,996.49,5.0,4.12 12:51:39 04/06/20
209,91.6,16.0,996.39,5.0,4.12 12:56:53 04/06/20
236,91.0,15.914999,996.35,5.0,4.14 13:02:06 04/06/20
254,92.0,15.9,996.33,5.0,4.11 13:07:23 04/06/20
249,91.9,15.895,996.36,5.0,4.12 13:12:36 04/06/20
228,92.2,15.889999,996.34,5.0,4.12 13:17:49 04/06/20
227,93.0,15.879999,996.29,5.0,4.13 13:23:05 04/06/20
228,91.4,15.875,996.34,5.0,4.11 13:28:19 04/06/20
233,92.0,15.815001,996.28,4.22,4.15 13:33:33 04/06/20
255,92.0,15.85,996.17,5.0,4.11 13:38:46 04/06/20
263,92.9,15.860001,996.13,5.0,4.12 13:44:03 04/06/20
258,92.9,15.889999,996.14,5.0,4.1 13:49:16 04/06/20
253,92.2,15.895,996.15,5.0,4.15 13:54:34 04/06/20
240,91.8,15.965,996.11,5.0,4.11 13:59:53 04/06/20
231,93.1,15.975,995.99,5.0,4.14 14:05:08 04/06/20
205,94.8,16.0,995.99,5.0,4.11 14:10:23 04/06/20
210,94.3,16.05,995.95,5.0,4.12 14:15:36 04/06/20
227,94.1,16.0,996.01,5.0,4.12 14:20:54 04/06/20
244,94.6,16.06,995.94,5.0,4.11 14:26:13 04/06/20
241,95.8,16.015,995.97,4.21,4.13 14:31:28 04/06/20
259,94.3,16.06,995.9,5.0,4.11 14:36:41 04/06/20
262,95.5,16.08,995.92,5.0,4.11 14:41:56 04/06/20
262,95.6,16.145,995.85,5.0,4.14 14:47:11 04/06/20
254,95.0,16.17,995.92,5.0,4.11 14:52:25 04/06/20
247,96.6,16.18,995.93,4.22,4.13 14:57:37 04/06/20
242,97.0,16.11,995.9,5.0,4.11 15:02:53 04/06/20
265,97.3,16.11,995.91,5.0,4.12 15:08:08 04/06/20
230,96.0,16.17,995.86,5.0,4.1 15:13:22 04/06/20
239,96.5,16.06,995.9,4.77,4.15 15:18:38 04/06/20
233,96.2,16.099998,995.92,5.0,4.12 15:23:51 04/06/20
226,95.2,16.08,995.97,4.98,4.16 15:29:05 04/06/20
259,94.6,15.995001,995.93,5.0,4.12 15:34:20 04/06/20
274,94.0,15.98,995.9,5.0,4.11 15:39:34 04/06/20
284,96.0,15.995001,995.96,5.0,4.13 15:44:49 04/06/20
276,96.0,15.985001,995.98,5.0,4.1 15:50:02 04/06/20
273,96.4,15.93,995.97,5.0,4.13 15:55:15 04/06/20
269,96.0,15.92,995.92,5.0,4.11 16:00:31 04/06/20
242,95.7,15.9,996.02,4.46,4.16 16:05:45 04/06/20
268,94.8,15.81,995.97,5.0,4.11 16:11:00 04/06/20
270,95.3,15.73,996.03,5.0,4.17 16:16:14 04/06/20
267,95.8,15.7,996.08,5.0,4.11 16:21:29 04/06/20
267,95.4,15.465,996.16,5.0,4.14 16:26:42 04/06/20
267,96.0,15.434999,996.07,4.21,4.11 16:31:56 04/06/20
263,95.6,15.34,996.19,5.0,4.11 16:37:11 04/06/20
273,96.1,15.389999,996.09,5.0,4.11 16:42:25 04/06/20
279,96.0,15.4,996.16,5.0,4.11 16:47:39 04/06/20
280,95.3,15.4,996.05,5.0,4.1 16:52:53 04/06/20
282,96.1,15.320001,996.05,5.0,4.12 16:58:09 04/06/20
267,95.7,15.345,996.05,5.0,4.11 17:03:22 04/06/20
251,96.2,15.34,995.97,5.0,4.11 17:08:37 04/06/20
273,95.1,15.4,995.93,5.0,4.12 17:13:50 04/06/20
289,95.3,15.42,995.89,5.0,4.1 17:19:05 04/06/20
289,94.8,15.43,995.86,5.0,4.12 17:24:19 04/06/20
276,94.6,15.48,995.76,5.0,4.11 17:29:33 04/06/20
265,93.9,15.514999,995.77,5.0,4.12 17:34:47 04/06/20
235,94.0,15.59,995.79,4.29,4.13 17:40:05 04/06/20
234,93.5,15.605,995.68,5.0,4.11 17:45:24 04/06/20
237,93.5,15.605,995.7,5.0,4.12 17:50:39 04/06/20
276,93.8,15.615,995.69,5.0,4.1 17:55:53 04/06/20
256,93.3,15.69,995.73,5.0,4.13 18:01:08 04/06/20
275,93.2,15.765,995.56,5.0,4.11 18:06:21 04/06/20
239,93.2,15.725,995.56,5.0,4.18 18:11:39 04/06/20
156,92.7,15.81,995.6,5.0,4.11 18:16:57 04/06/20
258,92.8,15.795,995.59,4.27,4.17 18:22:13 04/06/20
244,92.6,15.795,995.57,5.0,4.11 18:27:27 04/06/20
247,92.6,15.870001,995.6,4.24,4.15 18:32:39 04/06/20
184,92.5,15.875,995.58,5.0,4.11 18:37:55 04/06/20
152,91.0,15.795,995.64,4.82,4.14 18:43:10 04/06/20
158,90.6,15.685,995.82,4.3,4.15 18:48:25 04/06/20
229,91.3,15.52,995.8,5.0,4.14 18:53:36 04/06/20
256,91.1,15.414999,995.8,5.0,4.12 18:58:53 04/06/20
237,91.4,15.345,995.9,5.0,4.11 19:04:07 04/06/20
158,91.2,15.4,996.1,5.0,4.16 19:09:22 04/06/20
114,91.3,15.325,996.18,5.0,4.14 19:14:33 04/06/20
161,92.1,15.245,996.34,4.63,4.15 19:19:48 04/06/20
166,92.1,15.184999,996.32,4.23,4.16 19:25:07 04/06/20
158,91.9,14.940001,996.49,5.0,4.14 19:30:26 04/06/20
185,92.6,14.81,996.52,5.0,4.13 19:35:40 04/06/20
220,92.5,14.629999,996.57,5.0,4.12 19:40:55 04/06/20
239,92.7,14.514999,996.55,5.0,4.1 19:46:09 04/06/20
230,93.2,14.51,996.63,5.0,4.12 19:51:23 04/06/20
205,92.8,14.51,996.63,5.0,4.1 19:56:37 04/06/20
190,93.0,14.505,996.67,4.3,4.14 20:01:51 04/06/20
187,92.8,14.495,996.62,5.0,4.12 20:07:04 04/06/20
192,92.6,14.4,996.63,4.22,4.14 20:12:20 04/06/20
178,92.9,14.32,996.66,5.0,4.12 20:17:31 04/06/20
139,93.1,14.15,996.68,5.0,4.11 20:22:47 04/06/20
142,93.0,14.02,996.79,5.0,4.11 20:28:01 04/06/20
144,92.9,14.005,996.77,5.0,4.11 20:33:15 04/06/20
134,93.1,14.0,996.84,5.0,4.12 20:38:29 04/06/20
140,92.8,13.995,996.9,5.0,4.12 20:43:43 04/06/20
113,92.4,13.92,996.84,4.65,4.11 20:48:57 04/06/20
108,92.4,13.88,996.92,4.99,4.11 20:54:09 04/06/20
98,92.4,13.795,996.92,5.0,4.1 20:59:25 04/06/20
94,92.7,13.7,996.99,5.0,4.09 21:04:39 04/06/20
88,92.8,13.61,997.06,4.74,4.09 21:09:54 04/06/20
83,92.7,13.59,997.06,4.48,4.08 21:15:08 04/06/20
78,92.9,13.52,997.06,4.67,4.08 21:20:22 04/06/20
71,93.0,13.505,997.09,4.36,4.07 21:25:35 04/06/20
62,92.7,13.485001,997.16,4.2,4.06 21:30:49 04/06/20
52,92.6,13.47,997.15,4.02,4.06 21:36:03 04/06/20
45,92.9,13.455,997.15,3.68,4.05 21:41:17 04/06/20
35,92.8,13.38,997.17,3.2,4.05 21:46:31 04/06/20
21,92.8,13.315001,997.2,2.45,4.04 21:51:48 04/06/20
16,92.9,13.355,997.2,2.1,4.04 21:57:08 04/06/20
14,93.0,13.29,997.27,1.85,4.04 22:02:21 04/06/20
10,92.6,13.275,997.29,1.43,4.04 22:07:35 04/06/20
7,92.8,13.265,997.3,1.08,4.03 22:12:49 04/06/20
5,93.2,13.195,997.29,0.74,4.03 22:18:06 04/06/20
2,93.1,13.18,997.34,0.42,4.03 22:23:26 04/06/20
0,93.1,13.18,997.46,0.17,4.03 22:28:37 04/06/20
0,92.8,13.16,997.46,0.07,4.02 22:33:53 04/06/20
0,92.7,13.1,997.46,0.06,4.02 22:39:07 04/06/20
0,93.5,13.085,997.53,0.03,3.98 22:44:24 04/06/20
0,92.9,13.08,997.52,0.01,4.02 22:49:44 04/06/20
0,92.8,13.059999,997.51,0.0,4.01 22:54:57 04/06/20
0,92.5,12.98,997.53,0.0,4.02 23:00:09 04/06/20
0,92.8,12.905,997.54,0.0,4.01 23:05:28 04/06/20
0,92.5,12.81,997.48,0.0,4.01 23:10:47 04/06/20
0,92.6,12.765,997.46,0.0,4.01 23:16:01 04/06/20
0,92.6,12.67,997.45,0.0,4.0 23:21:18 04/06/20
0,92.3,12.58,997.45,0.0,4.01 23:26:37 04/06/20
0,92.5,12.549999,997.54,0.0,4.0 23:31:51 04/06/20
0,92.4,12.450001,997.52,0.0,4.0 23:37:05 04/06/20
0,92.1,12.360001,997.58,0.0,4.0 23:42:18 04/06/20
0,92.4,12.2,997.57,0.0,4.0 23:47:33 04/06/20
0,92.2,12.145,997.53,0.0,4.0 23:52:46 04/06/20
0,92.5,12.049999,997.53,0.0,4.0 23:57:59 04/06/20
