10,99.9,16.005,1011.54,0.0,3.99 00:01:35 11/06/20
11,99.8,15.995001,1011.58,0.0,3.99 00:06:48 11/06/20
10,98.9,15.985001,1011.59,0.0,3.99 00:12:00 11/06/20
12,99.9,15.969999,1011.62,0.0,3.99 00:17:16 11/06/20
11,99.9,15.91,1011.6,0.0,3.99 00:22:29 11/06/20
14,99.9,15.9,1011.56,0.0,3.99 00:27:48 11/06/20
13,99.9,15.895,1011.53,0.0,3.99 00:33:07 11/06/20
13,99.9,15.889999,1011.51,0.0,3.98 00:38:22 11/06/20
13,99.9,15.875,1011.48,0.0,3.99 00:43:36 11/06/20
11,99.9,15.875,1011.48,0.0,3.98 00:48:48 11/06/20
12,99.9,15.870001,1011.46,0.0,3.98 00:54:03 11/06/20
16,99.9,15.870001,1011.42,0.0,3.98 00:59:22 11/06/20
12,99.9,15.865,1011.38,0.0,3.98 01:04:41 11/06/20
11,99.9,15.795,1011.32,0.0,3.98 01:09:55 11/06/20
13,99.9,15.79,1011.25,0.0,3.98 01:15:10 11/06/20
10,99.9,15.78,1011.21,0.0,3.98 01:20:23 11/06/20
12,99.9,15.765,1011.16,0.0,3.97 01:25:38 11/06/20
12,99.9,15.755,1011.1,0.0,3.97 01:30:52 11/06/20
14,99.9,15.695,1011.11,0.0,3.97 01:36:10 11/06/20
11,99.9,15.685,1011.12,0.0,3.97 01:41:29 11/06/20
12,99.9,15.62,1011.12,0.0,3.97 01:46:45 11/06/20
12,99.9,15.599999,1011.05,0.0,3.97 01:51:58 11/06/20
11,99.9,15.595,1011.03,0.0,3.97 01:57:12 11/06/20
11,99.9,15.58,1010.95,0.0,3.96 02:02:26 11/06/20
11,99.9,15.58,1010.96,0.0,3.96 02:07:44 11/06/20
12,99.9,15.565,1010.91,0.0,3.93 02:13:12 11/06/20
12,99.9,15.565,1010.84,0.0,3.96 02:18:26 11/06/20
13,99.9,15.5,1010.8,0.0,3.96 02:23:40 11/06/20
12,99.9,15.485001,1010.78,0.0,3.96 02:28:54 11/06/20
12,99.9,15.41,1010.72,0.0,3.96 02:34:08 11/06/20
13,99.9,15.385,1010.7,0.0,3.97 02:39:22 11/06/20
15,99.9,15.3,1010.69,0.0,3.96 02:44:40 11/06/20
12,99.9,15.27,1010.57,0.0,3.96 02:49:59 11/06/20
12,99.9,15.175,1010.54,0.0,3.96 02:55:13 11/06/20
12,99.9,15.09,1010.52,0.0,3.96 03:00:28 11/06/20
15,99.9,15.055,1010.54,0.0,3.96 03:05:45 11/06/20
13,99.9,14.92,1010.46,0.0,3.96 03:11:04 11/06/20
12,99.9,14.88,1010.41,0.0,3.96 03:16:18 11/06/20
13,99.9,14.79,1010.38,0.0,3.96 03:21:32 11/06/20
11,99.9,14.71,1010.4,0.0,3.96 03:26:45 11/06/20
11,99.9,14.68,1010.36,0.0,3.96 03:32:00 11/06/20
13,99.9,14.59,1010.25,0.0,3.95 03:37:15 11/06/20
15,99.9,14.575,1010.26,0.0,3.95 03:42:32 11/06/20
12,99.9,14.505,1010.14,0.0,3.95 03:47:51 11/06/20
13,99.9,14.495,1010.24,0.0,3.95 03:53:05 11/06/20
13,99.9,14.434999,1010.25,0.0,3.95 03:58:19 11/06/20
13,99.9,14.424999,1010.16,0.0,3.95 04:03:33 11/06/20
13,99.9,14.41,1010.1,0.0,3.95 04:08:47 11/06/20
10,99.9,14.47,1010.04,0.0,3.95 04:13:59 11/06/20
13,99.9,14.47,1010.07,0.0,3.94 04:19:19 11/06/20
11,99.9,14.48,1010.01,0.0,3.92 04:24:36 11/06/20
14,99.9,14.49,1010.02,0.02,3.95 04:29:52 11/06/20
11,99.9,14.5,1009.97,0.04,3.95 04:35:04 11/06/20
14,99.9,14.57,1009.98,0.09,3.95 04:40:20 11/06/20
14,99.9,14.57,1009.96,0.17,3.94 04:45:35 11/06/20
14,99.9,14.51,1009.9,0.33,3.94 04:50:49 11/06/20
12,99.9,14.549999,1009.91,0.59,3.94 04:56:01 11/06/20
13,99.9,14.49,1009.89,0.96,3.95 05:01:15 11/06/20
16,99.9,14.48,1009.86,1.38,3.94 05:06:31 11/06/20
16,99.9,14.48,1009.86,1.74,3.94 05:11:43 11/06/20
19,99.9,14.475,1009.83,2.02,3.94 05:16:58 11/06/20
23,99.9,14.475,1009.8,2.4,3.94 05:22:12 11/06/20
26,99.9,14.47,1009.77,2.84,3.94 05:27:26 11/06/20
27,99.9,14.475,1009.79,3.45,3.94 05:32:40 11/06/20
44,99.9,14.48,1009.77,4.03,3.94 05:37:58 11/06/20
54,99.9,14.495,1009.78,4.21,3.94 05:43:21 11/06/20
61,99.9,14.555,1009.74,4.5,3.94 05:48:39 11/06/20
68,99.9,14.51,1009.76,4.89,3.94 05:53:53 11/06/20
77,99.9,14.57,1009.69,4.5,3.94 05:59:06 11/06/20
87,99.9,14.585,1009.67,4.77,3.94 06:04:22 11/06/20
95,99.9,14.594999,1009.69,4.6,3.94 06:09:39 11/06/20
105,99.9,14.66,1009.64,4.22,3.94 06:14:59 11/06/20
112,99.9,14.68,1009.67,5.0,3.94 06:20:13 11/06/20
130,99.9,14.690001,1009.64,5.0,3.91 06:25:34 11/06/20
134,99.9,14.719999,1009.57,5.0,3.95 06:30:47 11/06/20
133,99.9,14.77,1009.55,4.98,3.95 06:36:03 11/06/20
143,99.9,14.780001,1009.62,4.69,3.96 06:41:17 11/06/20
152,99.9,14.785,1009.56,5.0,3.97 06:46:32 11/06/20
160,99.9,14.8,1009.56,5.0,3.97 06:51:46 11/06/20
156,99.9,14.865,1009.66,4.06,3.98 06:56:59 11/06/20
154,99.9,14.88,1009.61,4.24,3.98 07:02:11 11/06/20
155,99.9,14.9,1009.65,5.0,3.99 07:07:27 11/06/20
157,99.9,14.975,1009.62,5.0,3.99 07:12:41 11/06/20
170,99.9,15.0,1009.65,4.12,4.0 07:17:55 11/06/20
172,99.9,15.030001,1009.65,4.07,4.0 07:23:09 11/06/20
166,99.9,15.16,1009.57,4.12,4.01 07:28:24 11/06/20
169,99.9,15.26,1009.63,4.07,4.0 07:33:38 11/06/20
171,99.9,15.3,1009.66,4.86,4.02 07:38:52 11/06/20
178,99.9,15.379999,1009.62,4.12,4.03 07:44:07 11/06/20
185,99.9,15.469999,1009.58,4.64,4.04 07:49:20 11/06/20
191,99.9,15.495001,1009.63,4.17,4.06 07:54:34 11/06/20
185,99.9,15.585,1009.7,4.28,4.06 07:59:52 11/06/20
198,99.9,15.675,1009.64,4.58,4.04 08:05:09 11/06/20
207,99.9,15.765,1009.67,4.21,4.12 08:10:25 11/06/20
200,99.9,15.92,1009.59,4.3,4.16 08:15:44 11/06/20
197,99.9,16.05,1009.58,4.31,4.18 08:21:03 11/06/20
209,99.9,16.145,1009.57,4.4,4.16 08:26:15 11/06/20
190,99.9,16.195,1009.59,4.27,4.14 08:31:35 11/06/20
209,99.9,16.275002,1009.64,4.23,4.11 08:36:54 11/06/20
179,99.9,16.279999,1009.6,5.0,4.13 08:42:09 11/06/20
192,99.9,16.27,1009.67,5.0,4.11 08:47:21 11/06/20
198,99.9,16.275002,1009.62,5.0,4.11 08:52:37 11/06/20
197,99.9,16.279999,1009.65,5.0,4.12 08:57:52 11/06/20
199,99.9,16.295,1009.65,5.0,4.12 09:03:05 11/06/20
207,99.9,16.36,1009.67,5.0,4.1 09:08:18 11/06/20
215,99.9,16.375,1009.69,5.0,4.12 09:13:34 11/06/20
225,99.9,16.475,1009.68,5.0,4.12 09:18:48 11/06/20
230,99.9,16.64,1009.67,4.3,4.17 09:24:04 11/06/20
242,99.9,16.76,1009.65,5.0,4.11 09:29:17 11/06/20
252,99.9,16.925,1009.68,5.0,4.13 09:34:31 11/06/20
254,99.9,17.035,1009.67,5.0,4.11 09:39:46 11/06/20
271,99.9,17.154999,1009.65,5.0,4.13 09:45:00 11/06/20
274,99.9,17.355,1009.59,5.0,4.1 09:50:15 11/06/20
279,99.9,17.535,1009.58,5.0,4.13 09:55:29 11/06/20
280,99.9,17.705,1009.53,5.0,4.14 10:00:43 11/06/20
277,99.9,17.904999,1009.51,5.0,4.11 10:05:58 11/06/20
277,99.9,18.015,1009.53,5.0,4.21 10:11:11 11/06/20
251,99.9,18.125,1009.51,5.0,4.11 10:16:27 11/06/20
245,99.9,18.220001,1009.47,4.31,4.19 10:21:42 11/06/20
257,99.9,18.24,1009.42,4.25,4.16 10:26:56 11/06/20
258,99.9,18.310001,1009.45,5.0,4.12 10:32:12 11/06/20
254,99.9,18.325,1009.4,5.0,4.11 10:37:29 11/06/20
269,99.9,18.415,1009.31,5.0,4.12 10:42:53 11/06/20
287,99.9,18.529999,1009.3,5.0,4.11 10:48:12 11/06/20
312,99.9,18.71,1009.21,5.0,4.12 10:53:30 11/06/20
289,99.9,18.904999,1009.25,5.0,4.11 10:58:50 11/06/20
269,99.9,19.085,1009.19,5.0,4.13 11:04:05 11/06/20
276,99.9,19.21,1009.19,5.0,4.11 11:09:17 11/06/20
285,99.9,19.305,1009.21,5.0,4.13 11:14:34 11/06/20
273,99.9,19.404999,1009.09,5.0,4.11 11:19:49 11/06/20
254,99.9,19.49,1009.16,5.0,4.13 11:25:04 11/06/20
253,99.9,19.51,1009.19,5.0,4.11 11:30:16 11/06/20
260,99.9,19.505001,1009.11,5.0,4.13 11:35:34 11/06/20
267,99.9,19.505001,1009.02,5.0,4.11 11:40:48 11/06/20
262,99.9,19.525,1009.1,5.0,4.13 11:46:03 11/06/20
262,99.9,19.595001,1009.02,5.0,4.11 11:51:17 11/06/20
254,99.9,19.6,1008.98,5.0,4.14 11:56:32 11/06/20
246,99.9,19.605,1008.9,5.0,4.12 12:01:48 11/06/20
247,99.9,19.6,1008.9,4.64,4.21 12:07:00 11/06/20
245,99.9,19.605,1008.9,5.0,4.12 12:12:17 11/06/20
247,99.9,19.54,1008.89,4.26,4.19 12:17:30 11/06/20
247,99.9,19.52,1008.84,5.0,4.12 12:22:46 11/06/20
256,99.9,19.515,1008.79,4.77,4.15 12:28:10 11/06/20
266,99.9,19.529999,1008.86,5.0,4.12 12:33:23 11/06/20
273,99.9,19.59,1008.82,5.0,4.13 12:38:39 11/06/20
269,99.9,19.619999,1008.79,5.0,4.11 12:43:55 11/06/20
267,99.9,19.715,1008.81,5.0,4.11 12:49:09 11/06/20
278,99.9,19.815,1008.8,5.0,4.13 12:54:24 11/06/20
282,99.4,19.9,1008.76,5.0,4.11 12:59:39 11/06/20
267,99.9,19.939999,1008.63,5.0,4.13 13:04:53 11/06/20
251,99.2,20.035,1008.65,5.0,4.11 13:10:08 11/06/20
236,99.1,20.05,1008.65,5.0,4.13 13:15:24 11/06/20
232,99.2,20.1,1008.53,5.0,4.12 13:20:36 11/06/20
238,98.9,20.035,1008.51,5.0,4.13 13:25:55 11/06/20
255,99.2,20.015,1008.5,5.0,4.11 13:31:08 11/06/20
266,99.2,20.02,1008.47,5.0,4.13 13:36:26 11/06/20
276,98.8,20.035,1008.43,5.0,4.11 13:41:47 11/06/20
273,99.3,20.035,1008.41,5.0,4.14 13:46:59 11/06/20
261,98.3,20.045,1008.37,5.0,4.11 13:52:16 11/06/20
256,98.2,20.04,1008.29,5.0,4.14 13:57:30 11/06/20
255,99.1,20.045,1008.31,5.0,4.12 14:02:45 11/06/20
259,99.3,20.135,1008.35,5.0,4.21 14:08:00 11/06/20
253,99.0,20.220001,1008.28,5.0,4.12 14:13:15 11/06/20
253,98.2,20.235,1008.22,4.99,4.2 14:18:29 11/06/20
246,98.4,20.23,1008.22,5.0,4.12 14:23:44 11/06/20
237,97.5,20.215,1008.21,4.24,4.15 14:29:10 11/06/20
239,98.0,20.23,1008.15,5.0,4.12 14:34:23 11/06/20
241,97.7,20.21,1008.14,5.0,4.13 14:39:38 11/06/20
224,97.9,20.145,1008.13,5.0,4.11 14:44:57 11/06/20
228,97.6,20.145,1008.05,5.0,4.11 14:50:16 11/06/20
233,97.8,20.075,1008.11,5.0,4.13 14:55:31 11/06/20
239,97.6,20.119999,1008.06,5.0,4.11 15:00:46 11/06/20
249,97.6,20.130001,1008.02,5.0,4.13 15:06:01 11/06/20
263,97.9,20.145,1008.07,5.0,4.1 15:11:16 11/06/20
275,97.8,20.23,1008.05,5.0,4.13 15:16:32 11/06/20
282,97.5,20.315,1007.96,5.0,4.11 15:21:46 11/06/20
279,97.7,20.435,1007.99,5.0,4.13 15:27:01 11/06/20
298,98.0,20.535,1007.89,5.0,4.12 15:32:14 11/06/20
314,98.2,20.720001,1007.77,5.0,4.13 15:37:31 11/06/20
329,97.9,21.045,1007.75,5.0,4.12 15:42:46 11/06/20
338,98.0,21.349998,1007.73,5.0,4.14 15:48:01 11/06/20
346,96.8,21.720001,1007.6,5.0,4.12 15:53:17 11/06/20
343,96.8,22.029999,1007.64,5.0,4.14 15:58:31 11/06/20
352,95.4,22.385,1007.48,5.0,4.12 16:03:46 11/06/20
353,95.3,22.615,1007.4,5.0,4.21 16:09:02 11/06/20
209,93.3,22.805,1007.42,5.0,4.12 16:14:16 11/06/20
164,92.2,22.564999,1007.36,5.0,4.14 16:19:32 11/06/20
151,91.1,22.135,1007.3,5.0,4.12 16:24:49 11/06/20
150,90.7,21.755001,1007.22,5.0,4.12 16:30:03 11/06/20
151,90.4,21.365002,1007.28,5.0,4.14 16:35:18 11/06/20
150,90.9,21.05,1007.3,5.0,4.12 16:40:33 11/06/20
147,91.8,20.815,1007.31,5.0,4.11 16:45:48 11/06/20
146,90.8,20.555,1007.3,4.39,4.15 16:51:01 11/06/20
145,92.0,20.35,1007.31,5.0,4.14 16:56:16 11/06/20
146,92.4,20.23,1007.29,5.0,4.12 17:01:33 11/06/20
151,92.2,20.125,1007.31,5.0,4.11 17:06:51 11/06/20
156,92.1,20.015,1007.3,4.22,4.15 17:12:16 11/06/20
163,92.1,19.92,1007.27,5.0,4.12 17:17:34 11/06/20
173,92.1,19.825,1007.29,5.0,4.11 17:22:49 11/06/20
187,92.4,19.735,1007.25,5.0,4.12 17:28:04 11/06/20
198,93.1,19.715,1007.19,5.0,4.12 17:33:20 11/06/20
209,93.1,19.73,1007.2,5.0,4.13 17:38:34 11/06/20
212,93.7,19.805,1007.17,5.0,4.12 17:43:49 11/06/20
217,93.8,19.845001,1007.15,5.0,4.14 17:49:04 11/06/20
210,94.0,19.93,1007.13,5.0,4.12 17:54:18 11/06/20
217,93.8,20.01,1007.12,5.0,4.13 17:59:31 11/06/20
201,93.6,20.035,1007.16,4.25,4.16 18:04:49 11/06/20
208,93.4,20.029999,1007.15,5.0,4.12 18:10:03 11/06/20
292,93.5,19.98,1007.1,5.0,4.11 18:15:18 11/06/20
280,94.2,20.119999,1007.04,4.23,4.17 18:20:33 11/06/20
265,92.9,20.23,1006.97,4.42,4.15 18:25:50 11/06/20
273,93.2,20.25,1006.98,5.0,4.12 18:31:02 11/06/20
262,91.7,20.26,1006.94,5.0,4.13 18:36:16 11/06/20
268,92.0,20.255001,1006.91,5.0,4.11 18:41:32 11/06/20
273,90.6,20.244999,1006.95,5.0,4.12 18:46:51 11/06/20
261,91.0,20.24,1006.93,5.0,4.12 18:52:11 11/06/20
263,90.3,20.17,1006.93,5.0,4.12 18:57:26 11/06/20
265,89.3,20.130001,1006.89,5.0,4.11 19:02:41 11/06/20
261,88.9,20.064999,1006.87,5.0,4.13 19:07:55 11/06/20
259,87.6,20.055,1006.88,5.0,4.13 19:13:10 11/06/20
254,90.2,20.07,1006.9,5.0,4.12 19:18:23 11/06/20
184,90.1,20.075,1006.9,5.0,4.15 19:23:45 11/06/20
182,90.5,20.154999,1006.84,5.0,4.13 19:29:04 11/06/20
170,90.3,20.165,1006.83,5.0,4.11 19:34:18 11/06/20
169,87.0,20.16,1006.76,4.24,4.14 19:39:33 11/06/20
163,87.4,20.145,1006.77,5.0,4.15 19:44:46 11/06/20
158,86.5,20.07,1006.8,5.0,4.13 19:50:02 11/06/20
153,86.8,20.045,1006.77,5.0,4.14 19:55:19 11/06/20
181,85.3,20.029999,1006.74,5.0,4.16 20:00:33 11/06/20
148,86.3,19.945,1006.63,5.0,4.13 20:05:48 11/06/20
149,86.7,19.865002,1006.67,5.0,4.12 20:11:06 11/06/20
141,86.7,19.835,1006.69,4.17,4.12 20:16:27 11/06/20
138,85.6,19.735,1006.66,4.62,4.13 20:21:41 11/06/20
131,84.8,19.635,1006.7,5.0,4.13 20:26:56 11/06/20
127,84.6,19.535,1006.68,5.0,4.11 20:32:18 11/06/20
124,84.9,19.51,1006.62,4.5,4.17 20:37:32 11/06/20
125,86.4,19.43,1006.66,4.21,4.14 20:42:52 11/06/20
119,85.6,19.35,1006.61,5.0,4.14 20:48:12 11/06/20
114,86.2,19.27,1006.68,4.83,4.14 20:53:27 11/06/20
109,86.7,19.24,1006.7,4.22,4.14 20:58:40 11/06/20
104,87.0,19.165,1006.73,5.0,4.13 21:03:56 11/06/20
99,87.1,19.07,1006.77,4.98,4.12 21:09:11 11/06/20
96,87.6,19.035,1006.8,4.84,4.11 21:14:26 11/06/20
88,88.1,18.955,1006.86,4.76,4.11 21:19:39 11/06/20
82,87.2,18.86,1006.9,4.83,4.1 21:24:56 11/06/20
73,87.5,18.755001,1006.94,4.35,4.09 21:30:10 11/06/20
66,87.5,18.65,1006.99,4.34,4.09 21:35:25 11/06/20
60,87.6,18.54,1006.98,4.18,4.08 21:40:40 11/06/20
52,87.5,18.425,1006.98,4.19,4.07 21:45:54 11/06/20
45,87.5,18.25,1007.01,3.9,4.07 21:51:08 11/06/20
37,87.8,18.14,1007.12,3.54,4.06 21:56:24 11/06/20
30,87.9,17.97,1007.2,3.14,4.06 22:01:41 11/06/20
23,88.2,17.865002,1007.28,2.65,4.06 22:07:01 11/06/20
16,88.4,17.74,1007.28,1.97,4.05 22:12:15 11/06/20
10,88.7,17.630001,1007.27,1.3,4.05 22:17:30 11/06/20
6,88.8,17.46,1007.31,0.76,4.04 22:22:42 11/06/20
3,89.2,17.335,1007.27,0.41,4.04 22:27:59 11/06/20
2,89.6,17.165,1007.35,0.21,4.04 22:33:13 11/06/20
0,89.9,17.055,1007.43,0.11,4.04 22:38:29 11/06/20
0,90.0,16.95,1007.46,0.05,4.0 22:43:41 11/06/20
0,90.2,16.84,1007.5,0.02,4.03 22:48:56 11/06/20
0,90.4,16.685001,1007.42,0.01,4.03 22:54:15 11/06/20
0,90.7,16.635,1007.41,0.0,4.03 22:59:34 11/06/20
0,90.8,16.525,1007.42,0.0,4.02 23:04:48 11/06/20
0,90.9,16.38,1007.39,0.0,4.02 23:10:02 11/06/20
0,91.0,16.279999,1007.42,0.0,4.02 23:15:20 11/06/20
0,91.1,16.25,1007.48,0.0,4.02 23:20:39 11/06/20
0,91.6,16.145,1007.47,0.0,4.02 23:25:52 11/06/20
0,91.5,16.01,1007.49,0.0,4.01 23:31:08 11/06/20
0,91.6,15.969999,1007.44,0.0,4.01 23:36:22 11/06/20
0,91.7,15.875,1007.43,0.0,4.01 23:41:38 11/06/20
0,91.9,15.84,1007.46,0.0,4.01 23:46:51 11/06/20
0,92.0,15.76,1007.49,0.0,4.01 23:52:05 11/06/20
0,92.1,15.675,1007.46,0.0,4.01 23:57:19 11/06/20
