0,66.1,25.66,1007.82,0.0,4.02 00:00:21 27/06/20
0,69.5,25.585,1007.66,0.0,4.02 00:05:36 27/06/20
0,68.2,25.57,1007.67,0.0,4.01 00:10:52 27/06/20
0,71.5,25.49,1007.73,0.0,4.01 00:16:08 27/06/20
0,70.2,25.46,1007.83,0.0,4.01 00:21:24 27/06/20
0,70.0,25.365002,1007.82,0.0,4.01 00:26:43 27/06/20
0,69.9,25.279999,1007.67,0.0,4.01 00:32:05 27/06/20
0,69.8,25.185001,1007.7,0.0,4.01 00:37:20 27/06/20
0,70.5,25.08,1007.81,0.0,4.01 00:42:36 27/06/20
0,70.8,24.965,1007.77,0.0,4.01 00:47:51 27/06/20
0,72.1,24.805,1007.67,0.0,4.0 00:53:07 27/06/20
0,72.5,24.695,1007.61,0.0,4.0 00:58:24 27/06/20
0,72.9,24.595001,1007.65,0.0,4.0 01:03:39 27/06/20
0,75.8,24.494999,1007.69,0.0,4.0 01:08:58 27/06/20
0,73.8,24.400002,1007.71,0.0,4.0 01:14:17 27/06/20
0,73.2,24.315,1007.63,0.0,4.0 01:19:35 27/06/20
0,75.0,24.29,1007.63,0.0,3.96 01:24:50 27/06/20
0,79.2,24.285,1007.64,0.0,3.99 01:30:06 27/06/20
0,78.0,24.285,1007.71,0.0,3.96 01:35:25 27/06/20
0,75.9,24.275002,1007.65,0.0,3.99 01:40:46 27/06/20
0,76.8,24.244999,1007.62,0.0,3.99 01:46:02 27/06/20
0,77.7,24.099998,1007.62,0.0,4.0 01:51:15 27/06/20
0,83.6,24.005,1007.61,0.0,3.99 01:56:33 27/06/20
0,81.6,23.974998,1007.67,0.0,3.99 02:01:47 27/06/20
0,77.9,23.880001,1007.72,0.0,3.99 02:07:05 27/06/20
0,79.1,23.785,1007.81,0.0,3.99 02:12:19 27/06/20
0,78.6,23.689999,1007.73,0.0,3.99 02:17:35 27/06/20
0,79.8,23.665,1007.63,0.0,3.99 02:22:51 27/06/20
0,82.2,23.599998,1007.65,0.0,3.99 02:28:04 27/06/20
0,81.6,23.575,1007.5,0.0,3.99 02:33:22 27/06/20
0,81.7,23.49,1007.58,0.0,3.98 02:38:37 27/06/20
0,81.4,23.39,1007.66,0.0,3.98 02:43:53 27/06/20
0,79.6,23.295,1007.61,0.0,3.98 02:49:08 27/06/20
0,81.4,23.205,1007.58,0.0,3.98 02:54:24 27/06/20
0,81.7,23.17,1007.42,0.0,3.98 02:59:39 27/06/20
0,82.0,23.095001,1007.27,0.0,3.98 03:04:53 27/06/20
0,84.0,23.064999,1007.27,0.0,3.98 03:10:10 27/06/20
0,83.5,23.0,1007.26,0.0,3.97 03:15:26 27/06/20
0,82.3,23.04,1007.37,0.0,3.98 03:20:39 27/06/20
0,82.9,22.97,1007.34,0.0,3.97 03:25:55 27/06/20
0,80.7,22.96,1007.38,0.0,3.97 03:31:11 27/06/20
0,82.9,22.900002,1007.45,0.0,3.97 03:36:28 27/06/20
0,83.6,22.895,1007.46,0.0,3.97 03:41:43 27/06/20
0,83.7,22.89,1007.41,0.0,3.97 03:46:58 27/06/20
0,84.9,22.880001,1007.27,0.0,3.97 03:52:14 27/06/20
0,85.3,22.8,1007.14,0.0,3.97 03:57:29 27/06/20
0,83.0,22.775002,1007.39,0.0,3.97 04:02:45 27/06/20
0,83.8,22.755001,1007.28,0.0,3.97 04:07:59 27/06/20
0,84.0,22.68,1007.22,0.0,3.97 04:13:14 27/06/20
0,84.4,22.66,1007.16,0.0,3.97 04:18:31 27/06/20
0,84.8,22.59,1007.18,0.01,3.97 04:23:46 27/06/20
0,88.3,22.564999,1007.4,0.02,3.97 04:29:01 27/06/20
0,89.1,22.485,1007.35,0.05,3.96 04:34:17 27/06/20
0,84.6,22.455,1007.33,0.09,3.96 04:39:32 27/06/20
1,86.1,22.365002,1007.32,0.19,3.96 04:44:48 27/06/20
2,83.7,22.345001,1007.44,0.36,3.96 04:50:04 27/06/20
5,88.3,22.265,1007.55,0.68,3.96 04:55:17 27/06/20
8,85.5,22.17,1007.48,1.09,3.96 05:00:34 27/06/20
13,86.8,22.085,1007.47,1.53,3.96 05:05:50 27/06/20
18,87.1,22.05,1007.37,2.01,3.96 05:11:02 27/06/20
26,89.3,21.97,1007.36,2.54,3.96 05:16:19 27/06/20
34,87.1,21.885,1007.18,3.1,3.96 05:21:33 27/06/20
45,87.3,21.85,1007.13,3.89,3.96 05:26:51 27/06/20
63,86.9,21.775002,1007.2,4.23,3.96 05:32:05 27/06/20
78,87.3,21.76,1007.19,4.4,3.96 05:37:20 27/06/20
90,88.3,21.755001,1007.29,4.39,3.96 05:42:34 27/06/20
78,86.7,21.755001,1007.38,4.36,3.96 05:47:50 27/06/20
99,87.6,21.765,1007.34,4.94,3.96 05:53:19 27/06/20
106,88.3,21.83,1007.51,4.72,3.96 05:58:39 27/06/20
112,93.0,21.855,1007.54,4.83,3.96 06:03:55 27/06/20
125,92.7,21.855,1007.46,4.81,3.96 06:09:13 27/06/20
154,93.5,21.865002,1007.53,4.59,3.96 06:14:38 27/06/20
161,92.8,21.89,1007.52,4.32,3.96 06:19:57 27/06/20
177,91.5,21.885,1007.4,4.08,3.97 06:25:13 27/06/20
189,91.8,21.885,1007.48,4.54,3.97 06:30:27 27/06/20
175,92.9,21.885,1007.7,5.0,3.96 06:35:43 27/06/20
155,92.8,21.885,1007.72,4.44,3.97 06:40:58 27/06/20
149,94.2,21.87,1007.6,4.15,3.96 06:46:14 27/06/20
141,92.9,21.795,1007.64,5.0,3.96 06:51:28 27/06/20
151,91.7,21.77,1007.79,5.0,3.96 06:56:44 27/06/20
173,91.6,21.689999,1007.83,4.27,3.96 07:01:59 27/06/20
204,91.8,21.67,1007.78,5.0,3.97 07:07:15 27/06/20
223,92.4,21.665,1007.84,4.35,3.97 07:12:29 27/06/20
222,93.4,21.615,1007.98,4.04,3.98 07:17:47 27/06/20
229,92.7,21.615,1007.83,4.06,3.98 07:23:00 27/06/20
187,92.1,21.605,1007.83,5.0,3.97 07:28:15 27/06/20
187,94.0,21.615,1007.94,5.0,3.97 07:33:30 27/06/20
189,92.8,21.61,1008.08,4.04,3.98 07:38:45 27/06/20
195,92.9,21.599998,1007.82,4.15,3.98 07:44:04 27/06/20
203,92.2,21.599998,1007.8,4.13,3.98 07:49:24 27/06/20
214,92.7,21.599998,1007.78,4.14,4.0 07:54:40 27/06/20
220,93.8,21.595001,1007.73,4.63,4.0 07:59:55 27/06/20
212,93.2,21.615,1007.82,5.0,3.98 08:05:11 27/06/20
219,92.3,21.675,1007.86,4.12,4.01 08:10:25 27/06/20
230,93.1,21.61,1007.71,4.08,4.02 08:15:39 27/06/20
238,93.8,21.619999,1007.58,4.08,4.03 08:20:54 27/06/20
226,92.0,21.675,1007.6,4.99,4.03 08:26:11 27/06/20
218,91.9,21.68,1007.58,5.0,4.03 08:31:27 27/06/20
206,91.8,21.67,1007.52,4.36,4.03 08:36:39 27/06/20
228,93.2,21.61,1007.58,4.14,4.04 08:41:56 27/06/20
254,94.0,21.615,1007.64,4.16,4.06 08:47:12 27/06/20
273,92.4,21.619999,1007.54,4.15,4.08 08:52:27 27/06/20
268,92.3,21.705,1007.43,4.75,4.1 08:57:43 27/06/20
259,93.6,21.785,1007.37,4.25,4.11 09:02:56 27/06/20
263,91.9,21.795,1007.3,4.23,4.14 09:08:16 27/06/20
256,92.0,21.875,1007.31,4.27,4.16 09:13:36 27/06/20
256,91.9,21.82,1007.36,5.0,4.11 09:18:56 27/06/20
372,91.5,21.880001,1007.42,5.0,4.21 09:24:18 27/06/20
380,93.0,22.06,1007.39,5.0,4.11 09:29:31 27/06/20
380,93.1,22.26,1007.32,5.0,4.21 09:34:47 27/06/20
384,93.0,22.55,1007.45,5.0,4.11 09:40:01 27/06/20
387,93.6,22.75,1007.59,5.0,4.21 09:45:17 27/06/20
390,92.4,22.875,1007.52,5.0,4.12 09:50:32 27/06/20
392,92.3,23.064999,1007.5,5.0,4.21 09:55:50 27/06/20
406,92.5,23.26,1007.49,5.0,4.12 10:01:03 27/06/20
356,92.7,23.525,1007.47,5.0,4.2 10:06:19 27/06/20
305,91.7,23.735,1007.44,5.0,4.12 10:11:32 27/06/20
401,91.3,23.825,1007.41,5.0,4.2 10:16:54 27/06/20
403,90.7,23.865002,1007.4,5.0,4.13 10:22:14 27/06/20
404,90.9,24.04,1007.36,5.0,4.11 10:27:33 27/06/20
411,90.8,24.285,1007.39,5.0,4.13 10:32:54 27/06/20
339,90.7,24.415,1007.42,5.0,4.1 10:38:09 27/06/20
335,90.2,24.529999,1007.32,5.0,4.13 10:43:25 27/06/20
309,90.0,24.695,1007.44,5.0,4.12 10:48:41 27/06/20
305,89.8,24.715,1007.31,5.0,4.13 10:54:00 27/06/20
432,88.6,24.79,1007.23,5.0,4.12 10:59:21 27/06/20
336,89.9,24.98,1007.2,5.0,4.14 11:04:37 27/06/20
347,89.6,24.939999,1007.17,5.0,4.12 11:09:53 27/06/20
434,88.0,24.93,1007.16,5.0,4.14 11:15:08 27/06/20
348,88.4,25.025,1007.17,5.0,4.12 11:20:25 27/06/20
368,89.3,25.2,1007.22,5.0,4.14 11:25:40 27/06/20
429,88.2,25.4,1007.3,5.0,4.12 11:30:56 27/06/20
367,86.3,25.585,1007.2,5.0,4.11 11:36:12 27/06/20
323,88.5,25.810001,1007.23,5.0,4.14 11:41:29 27/06/20
455,83.9,25.895,1007.12,5.0,4.12 11:46:44 27/06/20
453,83.7,25.744999,1007.22,5.0,4.15 11:51:59 27/06/20
308,83.2,25.82,1007.42,5.0,4.13 11:57:15 27/06/20
294,80.2,25.635,1007.32,5.0,4.12 12:02:29 27/06/20
438,83.8,25.455,1007.36,5.0,4.21 12:07:47 27/06/20
439,81.2,25.7,1007.49,5.0,4.12 12:13:04 27/06/20
441,77.8,25.79,1007.41,5.0,4.11 12:18:20 27/06/20
454,79.8,26.04,1007.23,5.0,4.21 12:23:34 27/06/20
453,80.6,26.445,1007.33,5.0,4.2 12:28:52 27/06/20
305,76.0,26.630001,1007.34,5.0,4.13 12:34:08 27/06/20
446,73.9,26.4,1007.41,5.0,4.12 12:39:23 27/06/20
438,74.4,26.305,1007.29,5.0,4.11 12:44:39 27/06/20
412,74.0,26.54,1007.23,5.0,4.13 12:49:59 27/06/20
378,73.8,26.765,1007.24,5.0,4.12 12:55:18 27/06/20
453,68.1,26.75,1007.15,5.0,4.11 13:00:37 27/06/20
383,73.0,26.86,1007.04,5.0,4.14 13:05:53 27/06/20
402,71.8,26.955,1007.1,5.0,4.12 13:11:08 27/06/20
369,66.2,26.98,1007.04,5.0,4.11 13:16:24 27/06/20
451,68.1,27.07,1007.07,5.0,4.13 13:21:44 27/06/20
447,70.4,27.4,1006.82,5.0,4.12 13:27:05 27/06/20
472,66.4,27.619999,1006.95,5.0,4.14 13:32:25 27/06/20
341,63.4,27.654999,1006.96,5.0,4.13 13:37:45 27/06/20
327,62.7,27.369999,1006.89,5.0,4.12 13:43:03 27/06/20
480,65.2,27.19,1007.04,5.0,4.15 13:48:19 27/06/20
378,66.1,27.33,1006.96,5.0,4.12 13:53:34 27/06/20
376,67.8,27.535,1007.0,5.0,4.12 13:58:51 27/06/20
333,68.4,27.564999,1007.19,4.29,4.2 14:04:08 27/06/20
288,62.7,27.3,1007.15,5.0,4.13 14:09:24 27/06/20
270,65.2,27.085,1007.23,5.0,4.12 14:14:40 27/06/20
313,64.0,26.805,1007.21,4.29,4.17 14:19:57 27/06/20
343,66.4,26.61,1007.23,5.0,4.13 14:25:12 27/06/20
356,68.1,26.6,1007.19,4.29,4.17 14:30:32 27/06/20
340,66.1,26.625,1007.16,5.0,4.13 14:35:51 27/06/20
256,64.5,26.515,1007.22,5.0,4.12 14:41:10 27/06/20
349,65.5,26.32,1007.2,5.0,4.11 14:46:26 27/06/20
293,67.9,26.24,1007.28,5.0,4.14 14:51:40 27/06/20
415,69.8,26.154999,1007.32,5.0,4.12 14:56:58 27/06/20
359,68.8,26.315,1007.26,5.0,4.11 15:02:14 27/06/20
369,68.9,26.33,1007.17,5.0,4.14 15:07:30 27/06/20
380,70.4,26.515,1007.23,5.0,4.12 15:12:45 27/06/20
451,69.6,26.869999,1007.2,5.0,4.11 15:18:01 27/06/20
451,70.1,27.165,1007.07,5.0,4.14 15:23:17 27/06/20
396,68.6,27.55,1007.02,5.0,4.12 15:28:37 27/06/20
295,64.7,27.43,1006.94,5.0,4.11 15:33:57 27/06/20
299,64.8,27.244999,1007.02,5.0,4.14 15:39:15 27/06/20
251,64.5,27.0,1007.17,5.0,4.12 15:44:31 27/06/20
302,64.4,26.605,1007.15,5.0,4.11 15:49:48 27/06/20
317,65.1,26.400002,1007.18,5.0,4.14 15:55:07 27/06/20
257,64.9,26.26,1007.2,5.0,4.12 16:00:32 27/06/20
189,64.9,26.005,1007.37,5.0,4.13 16:05:52 27/06/20
215,68.7,25.61,1007.66,4.32,4.15 16:11:08 27/06/20
225,74.1,25.09,1007.76,5.0,4.14 16:16:24 27/06/20
208,76.4,24.79,1007.74,5.0,4.12 16:21:41 27/06/20
247,76.9,24.56,1007.69,4.69,4.16 16:27:03 27/06/20
324,78.1,24.42,1007.65,5.0,4.12 16:32:21 27/06/20
329,79.4,24.425,1007.64,4.29,4.19 16:37:36 27/06/20
433,79.9,24.67,1007.6,5.0,4.1 16:42:52 27/06/20
413,80.9,25.15,1007.62,5.0,4.12 16:48:07 27/06/20
303,78.3,25.56,1007.51,5.0,4.13 16:53:23 27/06/20
297,76.4,25.675,1007.43,5.0,4.12 16:58:40 27/06/20
252,76.0,25.529999,1007.48,5.0,4.11 17:03:56 27/06/20
199,75.3,25.42,1007.43,5.0,4.16 17:09:11 27/06/20
212,75.8,25.29,1007.64,5.0,4.13 17:14:27 27/06/20
436,77.7,25.025,1007.59,5.0,4.12 17:19:46 27/06/20
322,77.8,25.189999,1007.5,5.0,4.14 17:25:07 27/06/20
335,77.1,25.220001,1007.55,5.0,4.12 17:30:23 27/06/20
312,75.8,25.135,1007.67,5.0,4.12 17:35:37 27/06/20
329,74.7,24.925,1007.73,5.0,4.14 17:40:55 27/06/20
333,74.5,24.91,1007.64,5.0,4.12 17:46:10 27/06/20
345,74.7,25.02,1007.48,5.0,4.14 17:51:27 27/06/20
345,74.4,25.265,1007.4,5.0,4.12 17:56:42 27/06/20
394,72.5,25.455,1007.29,5.0,4.11 18:01:58 27/06/20
413,72.3,25.55,1007.19,5.0,4.15 18:07:14 27/06/20
406,70.7,25.59,1007.23,5.0,4.12 18:12:33 27/06/20
371,71.6,25.665,1007.23,5.0,4.11 18:17:55 27/06/20
395,70.8,25.735,1007.16,4.34,4.2 18:23:11 27/06/20
392,70.8,25.755001,1007.19,5.0,4.13 18:28:27 27/06/20
382,69.7,25.665,1007.18,5.0,4.11 18:33:47 27/06/20
378,70.6,25.654999,1007.08,4.39,4.16 18:39:06 27/06/20
358,71.5,25.735,1006.97,5.0,4.13 18:44:22 27/06/20
342,69.8,25.585,1007.06,5.0,4.11 18:49:38 27/06/20
262,69.7,25.455,1006.82,5.0,4.11 18:54:54 27/06/20
247,69.8,25.445,1006.98,5.0,4.17 19:00:11 27/06/20
237,70.1,25.365002,1006.97,5.0,4.14 19:05:27 27/06/20
234,69.9,25.18,1006.9,5.0,4.13 19:10:40 27/06/20
218,70.5,25.09,1006.96,5.0,4.12 19:15:58 27/06/20
220,70.3,25.005,1006.94,5.0,4.15 19:21:14 27/06/20
193,70.7,24.965,1006.89,4.23,4.16 19:26:29 27/06/20
222,70.8,24.875,1006.94,5.0,4.14 19:31:46 27/06/20
236,71.4,24.86,1006.97,5.0,4.13 19:37:01 27/06/20
210,71.6,24.880001,1006.96,5.0,4.12 19:42:17 27/06/20
242,71.2,24.880001,1006.95,4.25,4.15 19:47:32 27/06/20
221,71.4,24.885,1006.95,5.0,4.13 19:52:48 27/06/20
201,71.6,24.885,1006.9,5.0,4.12 19:58:05 27/06/20
213,71.7,24.87,1006.89,4.27,4.14 20:03:20 27/06/20
170,71.6,24.865002,1006.91,4.88,4.15 20:08:37 27/06/20
153,72.0,24.85,1007.18,5.0,4.14 20:13:50 27/06/20
187,71.9,24.599998,1007.05,4.21,4.15 20:19:08 27/06/20
204,72.4,24.509998,1006.97,4.51,4.16 20:24:23 27/06/20
191,73.0,24.56,1006.96,5.0,4.14 20:29:38 27/06/20
178,72.8,24.49,1007.02,5.0,4.13 20:34:54 27/06/20
164,73.4,24.425,1006.99,5.0,4.12 20:40:11 27/06/20
139,73.3,24.405,1007.05,4.33,4.12 20:45:26 27/06/20
134,73.5,24.36,1006.91,5.0,4.11 20:50:40 27/06/20
134,73.3,24.3,1006.99,5.0,4.11 20:55:58 27/06/20
152,73.6,24.220001,1007.03,4.24,4.12 21:01:13 27/06/20
149,73.4,24.21,1006.94,4.95,4.11 21:06:28 27/06/20
136,73.4,24.2,1006.97,4.78,4.11 21:11:45 27/06/20
118,73.4,24.189999,1007.05,4.36,4.11 21:17:00 27/06/20
120,74.1,24.115,1007.02,4.89,4.1 21:22:15 27/06/20
106,73.5,24.09,1007.18,4.6,4.09 21:27:32 27/06/20
86,73.8,24.064999,1007.16,4.69,4.09 21:32:50 27/06/20
65,74.4,24.04,1007.15,4.32,4.08 21:38:11 27/06/20
65,75.0,23.965,1007.28,4.21,4.08 21:43:26 27/06/20
61,75.0,23.92,1007.36,4.16,4.08 21:48:41 27/06/20
47,75.7,23.865002,1007.4,3.77,4.07 21:53:58 27/06/20
38,75.7,23.785,1007.35,3.03,4.07 21:59:13 27/06/20
32,75.8,23.7,1007.33,2.81,4.07 22:04:27 27/06/20
25,75.7,23.685001,1007.34,2.49,4.06 22:09:44 27/06/20
19,75.6,23.605,1007.45,2.25,4.06 22:15:00 27/06/20
11,75.6,23.58,1007.41,1.26,4.05 22:20:16 27/06/20
6,75.9,23.494999,1007.44,0.79,4.05 22:25:32 27/06/20
3,76.2,23.47,1007.44,0.46,4.05 22:30:51 27/06/20
2,77.2,23.380001,1007.4,0.26,4.04 22:36:11 27/06/20
0,77.4,23.36,1007.53,0.13,4.04 22:41:26 27/06/20
0,77.9,23.305,1007.6,0.06,4.04 22:46:42 27/06/20
0,77.1,23.279999,1007.54,0.03,4.04 22:51:57 27/06/20
0,78.3,23.27,1007.6,0.01,4.04 22:57:13 27/06/20
0,76.9,23.185001,1007.55,0.0,4.03 23:02:28 27/06/20
0,77.8,23.14,1007.52,0.0,4.03 23:07:45 27/06/20
0,79.8,23.05,1007.59,0.0,4.03 23:12:59 27/06/20
0,79.6,22.974998,1007.88,0.0,4.03 23:18:18 27/06/20
0,84.1,22.825,1007.93,0.0,4.03 23:23:43 27/06/20
0,81.0,22.779999,1007.93,0.0,4.02 23:29:06 27/06/20
0,82.3,22.74,1007.92,0.0,4.02 23:34:30 27/06/20
0,83.3,22.58,1007.99,0.0,4.02 23:39:50 27/06/20
0,84.3,22.465,1007.97,0.0,4.02 23:45:04 27/06/20
0,84.0,22.36,1007.89,0.0,4.02 23:50:21 27/06/20
0,84.4,22.255001,1007.88,0.0,4.02 23:55:37 27/06/20
