186,97.30,6.83,1017.82,0.00,4.03 00:14:21 02/03/19
232,96.90,7.14,1017.74,0.00,4.02 00:19:35 02/03/19
237,96.70,7.19,1017.78,0.00,4.01 00:30:03 02/03/19
246,96.10,7.14,1017.68,0.00,4.01 00:40:33 02/03/19
223,96.40,7.14,1017.65,0.00,4.01 00:40:44 02/03/19
213,96.10,7.17,1017.50,0.00,4.01 00:51:24 02/03/19
209,96.60,7.09,1017.42,0.00,4.00 01:02:11 02/03/19
244,96.10,7.08,1017.39,0.00,4.00 01:12:45 02/03/19
252,96.10,7.02,1017.35,0.00,4.00 01:23:16 02/03/19
251,96.50,7.00,1017.18,0.00,4.00 01:33:53 02/03/19
245,96.40,7.00,1017.08,0.00,4.00 01:44:21 02/03/19
201,97.00,6.99,1016.86,0.00,3.99 01:54:61 02/03/19
255,96.50,7.00,1016.69,0.00,3.99 02:05:37 02/03/19
212,96.70,6.99,1016.59,0.00,3.99 02:16:18 02/03/19
191,97.10,6.99,1016.49,0.00,3.99 02:27:05 02/03/19
242,94.80,7.71,1016.48,0.00,3.97 02:37:38 02/03/19
246,95.80,7.24,1016.39,0.00,3.98 02:48:09 02/03/19
250,96.40,7.06,1016.28,0.00,3.98 02:58:47 02/03/19
250,96.70,6.99,1016.22,0.00,3.98 03:09:14 02/03/19
229,94.60,7.72,1016.13,0.00,3.97 03:19:45 02/03/19
246,96.00,7.27,1015.91,0.00,3.97 03:30:15 02/03/19
262,96.90,7.12,1015.69,0.00,3.98 03:40:51 02/03/19
240,97.00,7.11,1015.53,0.00,3.97 03:51:21 02/03/19
248,96.50,7.10,1015.49,0.00,3.97 04:01:51 02/03/19
223,97.00,7.09,1015.43,0.00,3.97 04:12:24 02/03/19
236,97.10,7.10,1015.28,0.00,3.98 04:22:59 02/03/19
194,97.00,7.09,1015.32,0.00,3.97 04:33:44 02/03/19
249,97.30,7.11,1015.17,0.00,3.97 04:44:15 02/03/19
255,97.20,7.11,1015.06,0.00,3.97 04:54:51 02/03/19
258,97.00,7.12,1015.01,0.00,3.97 05:05:19 02/03/19
245,97.00,7.12,1015.07,0.00,3.97 05:15:51 02/03/19
255,97.30,7.13,1014.94,0.00,3.97 05:26:28 02/03/19
220,97.20,7.13,1014.81,0.00,3.97 05:37:07 02/03/19
239,97.30,7.19,1014.60,0.00,3.97 05:47:46 02/03/19
230,96.90,7.20,1014.56,0.00,3.97 05:58:23 02/03/19
247,97.00,7.19,1014.35,0.00,3.97 06:09:01 02/03/19
240,97.20,7.20,1014.30,0.00,3.97 06:19:37 02/03/19
240,96.80,7.21,1014.21,0.00,3.97 06:30:07 02/03/19
248,96.90,7.22,1014.03,0.04,3.97 06:40:36 02/03/19
219,97.20,7.21,1013.99,4.00,97.00 06:40:41 02/03/19
193,96.90,7.22,1013.89,0.25,3.96 06:51:29 02/03/19
327,96.80,7.29,1013.87,1.54,3.97 07:01:61 02/03/19
441,97.10,7.30,1013.84,4.05,3.97 07:12:31 02/03/19
555,96.90,7.31,1013.86,4.64,3.97 07:23:09 02/03/19
578,96.80,7.37,1013.74,4.71,3.97 07:33:46 02/03/19
665,96.70,7.38,1013.71,5.00,3.97 07:44:24 02/03/19
670,97.10,7.41,1013.66,4.03,3.97 07:55:06 02/03/19
700,96.90,7.50,1013.69,4.74,3.98 08:05:39 02/03/19
747,97.00,7.58,1013.67,4.59,3.99 08:16:08 02/03/19
743,97.00,7.63,1013.73,4.06,3.99 08:26:42 02/03/19
766,97.10,7.79,1013.62,4.07,4.00 08:37:21 02/03/19
781,95.40,8.70,1013.65,4.16,3.99 08:47:55 02/03/19
806,96.30,8.41,1013.59,4.08,4.02 08:58:36 02/03/19
817,96.50,8.39,1013.66,4.09,4.03 09:09:08 02/03/19
814,97.80,8.51,1013.64,4.10,4.04 09:19:45 02/03/19
796,97.00,8.68,1013.62,5.00,4.05 09:30:18 02/03/19
809,96.90,8.80,1013.59,5.00,4.08 09:40:46 02/03/19
819,97.50,8.98,1013.64,4.20,4.12 09:51:30 02/03/19
810,95.30,9.91,1013.48,4.46,4.10 10:02:05 02/03/19
806,96.20,9.63,1013.33,4.19,4.14 10:12:35 02/03/19
848,96.90,9.50,1013.29,5.00,4.09 10:23:23 02/03/19
860,97.50,9.76,1013.12,4.23,4.14 10:33:61 02/03/19
845,97.30,10.09,1013.17,5.00,4.11 10:44:38 02/03/19
842,97.10,10.34,1013.01,4.24,4.14 10:55:09 02/03/19
841,96.60,10.48,1012.97,5.00,4.11 11:05:48 02/03/19
858,96.50,10.49,1012.92,4.30,4.16 11:16:16 02/03/19
841,96.80,10.67,1012.78,5.00,4.10 11:26:60 02/03/19
789,96.30,10.76,1012.69,4.65,4.11 11:37:34 02/03/19
770,96.40,10.61,1012.56,4.23,4.17 11:48:19 02/03/19
769,96.10,10.50,1012.62,5.00,4.14 11:58:52 02/03/19
768,94.30,11.06,1012.60,4.27,4.08 12:09:23 02/03/19
789,95.70,10.59,1012.41,4.23,4.17 12:19:53 02/03/19
792,96.40,10.41,1012.49,5.00,4.11 12:30:42 02/03/19
811,96.70,10.46,1012.24,5.00,4.10 12:41:17 02/03/19
810,94.80,11.32,1012.25,4.27,4.12 12:51:47 02/03/19
792,96.40,10.88,1012.21,5.00,4.11 13:02:24 02/03/19
786,96.80,10.64,1012.20,5.00,4.10 13:12:58 02/03/19
791,97.60,10.53,1012.07,5.00,4.09 13:23:37 02/03/19
791,97.10,10.50,1011.85,4.91,4.10 13:34:05 02/03/19
789,97.70,10.50,1011.78,5.00,4.14 13:44:36 02/03/19
789,97.80,10.44,1011.85,5.00,4.11 13:55:07 02/03/19
764,98.20,10.43,1011.64,4.53,4.11 14:05:45 02/03/19
767,98.20,10.41,1011.58,5.00,4.14 14:16:18 02/03/19
783,97.90,10.33,1011.40,5.00,4.12 14:26:54 02/03/19
781,98.10,10.32,1011.21,5.00,4.10 14:37:26 02/03/19
750,98.50,10.34,1011.20,5.00,4.10 14:56:04 02/03/19
760,98.40,10.41,1011.01,4.16,4.10 15:06:39 02/03/19
764,98.40,10.43,1010.94,4.26,4.16 15:17:13 02/03/19
758,98.50,10.45,1010.83,5.00,4.14 15:27:56 02/03/19
782,96.40,11.27,1010.74,4.19,4.10 15:38:36 02/03/19
765,97.90,10.89,1010.75,4.78,4.17 15:49:08 02/03/19
723,98.80,10.75,1010.82,4.51,4.17 15:59:45 02/03/19
698,96.30,11.52,1010.80,4.24,4.06 16:10:22 02/03/19
731,97.50,10.99,1010.80,4.51,4.10 16:20:58 02/03/19
696,98.60,10.82,1010.79,4.17,4.11 16:31:35 02/03/19
679,98.10,10.80,1010.71,5.00,4.12 16:42:06 02/03/19
659,98.70,10.80,1010.66,5.00,4.13 16:52:36 02/03/19
631,99.00,10.80,1010.63,5.00,4.11 17:03:17 02/03/19
675,98.60,10.82,1010.71,5.00,4.12 17:13:53 02/03/19
655,99.60,10.83,1010.82,5.00,4.11 17:24:31 02/03/19
660,98.90,10.91,1010.88,4.34,4.12 17:35:04 02/03/19
556,99.70,11.01,1010.97,4.62,4.10 17:45:55 02/03/19
486,99.20,11.09,1010.87,4.21,4.10 17:56:27 02/03/19
528,99.00,11.11,1010.89,4.24,4.09 18:06:61 02/03/19
530,99.30,11.11,1010.89,4.15,4.09 18:07:04 02/03/19
423,98.70,11.13,1010.86,2.97,4.09 18:17:37 02/03/19
397,98.50,11.13,1010.95,2.49,4.08 18:28:13 02/03/19
395,98.70,11.13,1010.97,2.48,4.08 18:28:18 02/03/19
332,96.40,11.88,1011.03,1.18,4.03 18:38:53 02/03/19
287,97.60,11.39,1011.15,0.16,4.04 18:49:25 02/03/19
236,98.00,11.22,1011.19,0.01,4.04 18:59:57 02/03/19
248,97.80,11.22,1011.35,0.00,4.04 19:10:27 02/03/19
330,97.80,11.21,1011.55,0.00,4.04 19:21:01 02/03/19
218,97.80,11.22,1011.58,0.00,4.03 19:31:45 02/03/19
235,97.70,11.20,1011.61,0.00,4.04 19:42:15 02/03/19
212,97.10,11.03,1011.39,0.00,4.04 19:52:47 02/03/19
216,96.90,10.86,1011.69,0.00,4.03 20:03:27 02/03/19
223,96.80,10.81,1011.67,0.00,4.03 20:14:04 02/03/19
218,96.40,10.73,1011.68,0.00,4.03 20:24:37 02/03/19
335,96.30,10.64,1011.86,0.00,4.03 20:35:18 02/03/19
210,96.20,10.52,1011.83,0.00,4.03 20:45:51 02/03/19
195,96.30,10.35,1011.73,0.00,4.03 20:56:22 02/03/19
196,96.40,10.31,1011.67,0.00,4.02 21:06:54 02/03/19
211,96.40,10.22,1011.69,0.00,4.02 21:17:31 02/03/19
232,96.50,10.11,1011.55,0.00,4.02 21:28:01 02/03/19
243,96.50,10.03,1011.44,0.00,4.02 21:38:30 02/03/19
200,96.50,9.96,1011.23,0.00,4.02 21:49:01 02/03/19
247,96.70,10.00,1011.21,0.00,4.02 21:59:38 02/03/19
280,94.40,10.84,1011.06,0.00,3.99 22:10:15 02/03/19
321,95.80,10.31,1010.88,0.00,4.00 22:20:50 02/03/19
377,96.50,10.05,1010.90,0.00,4.00 22:31:28 02/03/19
382,97.10,9.94,1010.89,0.00,4.00 22:42:18 02/03/19
355,97.10,9.94,1010.87,0.00,4.00 22:42:25 02/03/19
372,96.90,9.92,1010.79,0.00,4.00 22:52:59 02/03/19
454,96.90,9.89,1010.62,0.00,4.00 23:03:30 02/03/19
236,95.10,10.46,1010.56,0.00,3.98 23:14:05 02/03/19
334,96.60,10.08,1010.19,0.00,3.99 23:24:41 02/03/19
229,97.10,9.94,1009.97,0.00,3.99 23:35:17 02/03/19
254,97.20,9.93,1009.83,0.00,3.99 23:45:48 02/03/19
218,97.10,9.94,1009.71,0.00,3.99 23:56:27 02/03/19
