726,90.50,10.02,1013.60,0.00,4.02 00:08:37 10/03/19
733,90.60,9.93,1013.74,0.00,4.01 00:19:08 10/03/19
717,90.70,9.90,1013.74,0.00,4.01 00:29:46 10/03/19
709,90.70,9.83,1013.25,0.00,4.01 00:40:23 10/03/19
704,90.60,9.80,1013.04,0.00,4.01 00:50:54 10/03/19
702,90.70,9.72,1012.76,0.00,4.01 01:01:32 10/03/19
686,90.80,9.65,1012.73,0.00,4.01 01:12:09 10/03/19
708,91.10,9.61,1012.59,0.00,4.00 01:22:59 10/03/19
706,91.10,9.60,1012.46,0.00,4.00 01:33:39 10/03/19
707,91.00,9.55,1012.17,0.00,4.00 01:44:13 10/03/19
724,91.00,9.59,1011.92,0.00,4.00 01:54:49 10/03/19
718,91.00,9.51,1011.69,0.00,4.00 02:05:20 10/03/19
696,90.90,9.50,1011.49,0.00,4.00 02:15:50 10/03/19
710,91.70,9.49,1011.31,0.00,4.00 02:26:29 10/03/19
690,89.10,10.16,1010.96,0.00,3.98 02:37:05 10/03/19
648,90.80,9.74,1010.76,0.00,3.99 02:47:35 10/03/19
704,92.20,9.42,1010.46,0.00,3.99 02:58:13 10/03/19
698,91.60,9.28,1010.13,0.00,3.99 03:08:51 10/03/19
695,93.50,9.12,1009.68,0.00,3.98 03:19:41 10/03/19
695,93.00,8.96,1009.44,0.00,3.99 03:30:16 10/03/19
692,93.50,8.90,1008.98,0.00,3.99 03:40:54 10/03/19
679,92.90,8.78,1008.57,0.00,3.99 03:51:31 10/03/19
680,92.30,8.68,1008.05,0.00,3.99 04:01:59 10/03/19
682,92.20,8.53,1007.69,0.00,3.99 04:12:31 10/03/19
681,92.50,8.43,1007.25,0.00,3.99 04:23:06 10/03/19
673,92.40,8.33,1006.84,0.00,3.98 04:33:38 10/03/19
662,92.20,8.29,1006.43,0.00,3.99 04:44:15 10/03/19
596,92.50,8.19,1005.95,0.00,3.98 04:54:45 10/03/19
678,92.50,8.11,1005.51,0.00,3.98 05:05:15 10/03/19
641,93.10,8.11,1004.72,0.00,3.98 05:16:01 10/03/19
710,93.20,8.10,1004.28,0.00,3.98 05:26:43 10/03/19
639,93.10,8.10,1004.24,0.00,3.98 05:27:04 10/03/19
654,93.90,8.10,1003.92,0.00,3.98 05:37:45 10/03/19
666,94.70,8.10,1003.69,0.00,3.98 05:48:22 10/03/19
642,95.10,8.10,1003.72,0.00,3.98 05:48:28 10/03/19
641,94.60,8.10,1003.62,0.00,3.98 05:59:05 10/03/19
656,95.60,8.02,1003.48,0.00,3.98 06:09:34 10/03/19
687,92.70,8.60,1003.02,0.01,3.96 06:20:05 10/03/19
668,93.40,8.16,1002.90,0.07,3.97 06:30:41 10/03/19
704,93.80,7.98,1002.27,0.65,3.97 06:41:08 10/03/19
684,94.50,7.89,1001.75,2.18,3.98 06:51:39 10/03/19
718,94.00,7.82,1001.55,2.81,3.98 07:02:09 10/03/19
724,93.80,7.82,1001.30,3.89,3.98 07:12:37 10/03/19
737,94.20,7.89,1001.08,4.10,3.97 07:23:13 10/03/19
757,94.00,7.98,1000.80,4.21,3.98 07:33:45 10/03/19
761,94.80,8.02,1000.56,4.63,3.98 07:44:12 10/03/19
789,94.50,8.10,1000.44,4.08,3.98 07:54:45 10/03/19
791,95.80,8.20,1000.33,5.00,3.98 08:05:24 10/03/19
808,97.30,8.56,1000.30,5.00,3.99 08:15:59 10/03/19
816,99.10,9.07,1000.18,4.97,3.99 08:26:27 10/03/19
862,99.90,9.84,999.92,4.51,4.03 08:36:57 10/03/19
858,99.90,10.64,999.94,4.23,4.03 08:47:30 10/03/19
868,99.90,11.15,999.90,4.16,4.05 08:58:05 10/03/19
828,99.90,11.49,999.87,4.39,4.05 09:08:35 10/03/19
854,99.70,11.60,999.89,5.00,4.05 09:19:14 10/03/19
867,99.80,11.60,999.94,4.15,4.07 09:29:43 10/03/19
845,99.90,11.63,999.83,4.12,4.06 09:40:14 10/03/19
838,99.90,11.64,999.76,4.19,4.08 09:56:54 10/03/19
894,99.90,11.93,999.43,5.00,4.22 10:07:32 10/03/19
913,99.20,12.34,999.40,5.00,4.11 10:18:08 10/03/19
922,98.60,12.50,999.26,5.00,4.22 10:28:41 10/03/19
891,98.10,12.63,999.22,5.00,4.12 10:39:10 10/03/19
904,97.10,12.62,998.71,4.28,4.18 10:49:41 10/03/19
864,96.70,12.61,998.76,5.00,4.12 11:00:21 10/03/19
863,96.80,12.24,998.81,5.00,4.10 11:10:59 10/03/19
878,97.60,12.05,998.77,5.00,4.12 11:21:37 10/03/19
880,96.60,11.93,998.87,5.00,4.13 11:32:07 10/03/19
858,95.70,11.74,998.84,5.00,4.10 11:42:43 10/03/19
842,95.50,11.61,999.22,4.22,4.10 11:53:18 10/03/19
870,95.80,11.45,999.31,5.00,4.15 12:03:53 10/03/19
855,96.40,11.34,999.40,5.00,4.12 12:14:23 10/03/19
851,97.70,11.15,999.71,5.00,4.12 12:24:61 10/03/19
870,98.80,10.97,999.63,5.00,4.12 12:35:35 10/03/19
863,99.10,10.89,999.75,5.00,4.11 12:46:12 10/03/19
890,99.50,10.95,999.80,5.00,4.10 12:56:50 10/03/19
888,97.70,11.19,999.91,4.24,4.15 13:07:19 10/03/19
883,95.00,11.36,1000.35,5.00,4.12 13:17:50 10/03/19
927,91.30,11.54,1000.54,5.00,4.10 13:28:28 10/03/19
869,84.20,11.98,1001.14,4.23,4.13 13:38:61 10/03/19
920,82.80,11.51,1001.50,5.00,4.12 13:49:38 10/03/19
873,82.00,11.53,1002.28,5.00,4.11 14:00:09 10/03/19
919,81.90,11.17,1003.07,5.00,4.10 14:10:47 10/03/19
891,79.90,11.02,1003.25,4.27,4.17 14:21:16 10/03/19
919,81.80,10.68,1004.15,5.00,4.13 14:31:47 10/03/19
881,80.80,10.36,1004.04,5.00,4.11 14:42:25 10/03/19
846,82.20,10.18,1004.46,5.00,4.10 14:56:04 10/03/19
910,82.00,10.06,1005.22,5.00,4.10 15:06:41 10/03/19
879,83.20,10.22,1005.16,4.29,4.16 15:17:25 10/03/19
884,82.60,10.22,1005.34,4.26,4.15 15:17:30 10/03/19
892,79.10,10.36,1005.75,5.00,4.12 15:28:06 10/03/19
887,80.20,10.28,1006.04,5.00,4.11 15:38:37 10/03/19
881,77.80,10.25,1006.35,4.23,4.15 15:49:14 10/03/19
869,80.20,9.90,1006.79,5.00,4.13 15:59:53 10/03/19
863,81.00,9.48,1007.02,5.00,4.11 16:10:31 10/03/19
841,83.20,9.30,1007.67,5.00,4.10 16:21:08 10/03/19
846,80.90,9.83,1007.91,5.00,4.07 16:31:41 10/03/19
831,86.50,9.10,1008.26,5.00,4.11 16:43:16 10/03/19
845,90.20,8.75,1008.61,5.00,4.13 16:53:54 10/03/19
860,91.30,8.40,1009.06,5.00,4.15 17:04:33 10/03/19
841,91.30,8.23,1009.13,5.00,4.10 17:15:38 10/03/19
819,90.80,8.22,1009.37,5.00,4.10 17:26:12 10/03/19
797,90.90,8.22,1009.79,5.00,4.10 17:36:41 10/03/19
799,90.60,8.20,1010.08,5.00,4.12 17:47:11 10/03/19
793,90.40,8.22,1010.25,5.00,4.13 17:57:40 10/03/19
783,89.60,8.28,1010.61,4.23,4.17 18:08:10 10/03/19
769,88.50,8.32,1010.89,5.00,4.14 18:19:36 10/03/19
770,86.80,8.14,1010.95,5.00,4.13 18:30:08 10/03/19
761,86.10,7.85,1011.14,4.20,4.12 18:40:38 10/03/19
742,87.90,7.67,1011.55,3.03,4.10 18:51:21 10/03/19
726,87.20,7.61,1011.75,0.95,4.10 19:01:51 10/03/19
748,87.80,7.60,1011.79,0.24,4.09 19:12:22 10/03/19
714,83.40,8.29,1011.77,0.02,4.03 19:22:59 10/03/19
737,87.20,7.69,1011.98,0.00,4.04 19:33:42 10/03/19
728,84.20,7.88,1012.73,0.00,3.96 20:39:20 10/03/19
737,88.60,7.04,1012.90,0.00,3.96 20:50:13 10/03/19
729,90.10,6.81,1013.06,0.00,3.97 21:00:56 10/03/19
718,90.40,6.75,1013.09,0.00,3.97 21:11:32 10/03/19
707,90.50,6.80,1013.27,0.00,3.97 21:22:03 10/03/19
689,90.40,6.79,1013.27,0.00,3.97 21:32:39 10/03/19
687,90.00,6.79,1013.28,0.00,3.97 21:43:16 10/03/19
719,84.50,7.64,1013.38,0.00,3.96 21:53:50 10/03/19
744,86.70,7.01,1013.38,0.00,3.97 22:04:24 10/03/19
744,82.60,7.68,1013.38,0.00,3.95 22:14:59 10/03/19
716,84.50,7.11,1013.45,0.00,3.96 22:25:30 10/03/19
730,85.00,6.88,1013.59,0.00,3.96 22:36:21 10/03/19
711,84.40,6.80,1013.57,0.00,3.97 22:46:52 10/03/19
725,83.90,6.70,1013.32,0.00,3.97 22:57:21 10/03/19
737,83.70,6.67,1013.27,0.00,3.96 23:08:02 10/03/19
742,83.40,6.66,1013.16,0.00,3.97 23:18:36 10/03/19
711,83.80,6.63,1013.27,0.00,3.97 23:29:04 10/03/19
746,84.40,6.63,1013.28,0.00,3.97 23:29:17 10/03/19
731,79.80,7.51,1013.36,0.00,3.95 23:39:51 10/03/19
724,84.60,6.96,1013.42,0.00,3.96 23:50:18 10/03/19
