723,91.90,6.20,1013.69,0.00,3.96 00:00:47 11/03/19
711,92.40,5.78,1013.57,0.00,3.96 00:11:17 11/03/19
736,92.70,5.78,1013.63,0.00,3.96 00:11:30 11/03/19
730,92.50,5.78,1013.62,0.00,3.96 00:11:36 11/03/19
716,91.90,5.55,1013.39,0.00,3.96 00:22:17 11/03/19
710,90.90,6.13,1013.48,0.00,3.93 00:47:07 11/03/19
718,92.80,5.41,1013.53,0.00,3.95 00:57:49 11/03/19
706,90.60,5.93,1013.48,0.00,3.92 01:08:21 11/03/19
712,92.30,5.35,1013.43,0.00,3.95 01:18:55 11/03/19
700,93.60,5.05,1013.48,0.00,3.95 01:29:31 11/03/19
716,94.40,4.96,1013.41,0.00,3.96 01:39:59 11/03/19
693,91.50,6.00,1013.40,0.00,3.91 02:04:49 11/03/19
706,94.00,5.30,1013.50,0.00,3.94 02:15:21 11/03/19
680,94.10,5.06,1013.56,0.00,3.93 02:26:15 11/03/19
685,94.30,5.01,1013.45,0.00,3.94 02:36:49 11/03/19
675,94.30,4.94,1013.44,0.00,3.94 02:47:37 11/03/19
678,93.00,4.90,1013.36,0.00,3.95 02:58:11 11/03/19
687,93.20,4.73,1013.28,0.00,3.94 03:08:43 11/03/19
679,94.10,4.63,1013.11,0.00,3.94 03:19:21 11/03/19
653,91.20,5.69,1013.15,0.00,3.90 03:44:12 11/03/19
633,93.00,5.07,1013.13,0.00,3.92 03:54:46 11/03/19
636,93.20,4.76,1013.28,0.00,3.92 04:05:24 11/03/19
662,91.50,5.31,1013.33,0.00,3.89 04:15:51 11/03/19
645,94.00,4.53,1013.42,0.00,3.91 04:26:28 11/03/19
676,94.60,4.41,1013.33,0.00,3.91 04:37:08 11/03/19
667,91.00,5.25,1013.48,0.00,3.88 05:01:60 11/03/19
627,91.50,5.07,1013.48,0.00,3.86 05:26:57 11/03/19
639,92.20,5.00,1013.67,0.00,3.85 05:51:42 11/03/19
631,94.00,4.33,1013.75,0.00,3.87 06:02:17 11/03/19
646,94.90,4.16,1013.93,0.01,3.87 06:12:59 11/03/19
631,95.00,4.21,1013.98,0.01,3.87 06:13:06 11/03/19
619,92.70,4.94,1014.51,0.09,3.84 06:37:58 11/03/19
650,92.00,4.50,1014.43,2.61,3.83 06:48:31 11/03/19
723,93.00,4.01,1014.66,4.89,3.81 07:13:26 11/03/19
753,95.50,3.20,1014.74,3.95,3.84 07:23:58 11/03/19
793,96.80,2.92,1014.74,3.98,3.86 07:34:26 11/03/19
797,97.00,2.95,1014.87,5.00,3.88 07:45:02 11/03/19
764,94.70,4.44,1014.99,5.00,3.86 08:09:42 11/03/19
724,94.60,4.60,1015.44,3.93,3.84 08:20:13 11/03/19
774,95.90,3.99,1015.57,5.00,3.86 08:31:04 11/03/19
805,95.40,4.51,1015.81,3.99,3.85 08:41:38 11/03/19
893,97.60,4.13,1015.89,4.12,4.01 08:52:14 11/03/19
892,95.60,5.59,1016.08,4.16,4.05 09:02:48 11/03/19
830,96.50,5.24,1016.14,4.02,3.98 09:13:27 11/03/19
873,94.60,5.71,1016.33,4.13,4.03 09:24:01 11/03/19
869,96.70,5.13,1016.46,4.18,4.05 09:34:28 11/03/19
857,95.10,5.78,1016.57,4.18,4.03 09:45:02 11/03/19
859,96.90,5.23,1016.72,4.17,4.04 09:55:41 11/03/19
854,97.50,5.22,1016.83,4.23,4.05 10:06:12 11/03/19
872,97.70,5.43,1017.00,4.20,4.12 10:16:52 11/03/19
883,93.60,6.94,1017.34,4.29,4.18 10:41:44 11/03/19
882,95.70,6.69,1017.45,5.00,4.22 10:52:17 11/03/19
846,92.40,7.61,1017.39,4.28,4.18 11:02:51 11/03/19
839,93.80,7.11,1017.57,5.00,4.13 11:13:25 11/03/19
867,93.70,6.73,1017.76,4.23,4.13 11:23:54 11/03/19
834,93.40,6.66,1017.88,5.00,4.10 11:34:34 11/03/19
836,93.60,6.61,1017.89,5.00,4.11 11:34:41 11/03/19
852,93.10,6.77,1017.87,5.00,4.11 11:45:15 11/03/19
868,90.40,7.46,1018.09,4.33,4.21 11:55:42 11/03/19
846,91.80,7.07,1018.27,5.00,4.09 12:06:14 11/03/19
847,92.70,7.06,1018.43,4.98,4.10 12:16:53 11/03/19
875,90.30,7.94,1018.66,5.00,4.22 12:27:32 11/03/19
898,90.20,7.48,1018.83,5.00,4.10 12:38:05 11/03/19
869,88.20,8.28,1019.02,4.32,4.19 12:48:34 11/03/19
867,91.80,7.68,1019.27,5.00,4.10 12:59:04 11/03/19
854,90.40,7.69,1019.23,4.18,4.13 13:09:35 11/03/19
876,92.00,7.77,1019.37,5.00,4.11 13:20:11 11/03/19
882,88.50,8.11,1019.47,4.30,4.18 13:30:47 11/03/19
880,90.00,8.61,1019.67,5.00,4.11 13:41:18 11/03/19
838,86.80,8.53,1019.86,5.00,4.12 13:51:47 11/03/19
846,90.50,8.31,1020.14,5.00,4.13 14:02:17 11/03/19
876,85.50,8.86,1020.22,5.00,4.22 14:12:43 11/03/19
856,87.80,8.22,1020.39,5.00,4.12 14:23:14 11/03/19
909,90.90,7.90,1020.60,5.00,4.10 14:33:42 11/03/19
877,91.10,8.12,1020.74,4.28,4.18 14:44:14 11/03/19
881,90.70,8.37,1020.91,5.00,4.11 14:54:51 11/03/19
892,89.00,8.64,1021.02,5.00,4.10 15:05:19 11/03/19
837,86.70,8.41,1021.16,4.26,4.12 15:16:02 11/03/19
841,88.50,8.13,1021.18,5.00,4.10 15:26:60 11/03/19
864,88.30,8.08,1021.20,4.53,4.15 15:37:38 11/03/19
834,82.50,8.98,1021.31,4.26,4.14 15:48:10 11/03/19
862,86.00,8.55,1021.50,5.00,4.12 15:58:46 11/03/19
797,81.70,9.28,1021.54,5.00,4.08 16:09:16 11/03/19
782,85.60,8.30,1021.80,5.00,4.10 16:19:57 11/03/19
788,85.30,8.25,1021.84,4.23,4.11 16:20:01 11/03/19
793,87.40,7.93,1021.84,5.00,4.12 16:30:37 11/03/19
813,88.60,7.73,1022.09,5.00,4.11 16:41:09 11/03/19
822,90.00,7.78,1022.16,5.00,4.10 16:51:38 11/03/19
802,90.10,7.86,1022.10,4.16,4.10 17:02:07 11/03/19
772,90.20,7.81,1022.29,5.00,4.11 17:12:54 11/03/19
789,90.30,7.71,1022.37,4.50,4.11 17:23:33 11/03/19
760,90.20,7.61,1022.54,4.70,4.12 17:34:07 11/03/19
718,90.30,7.52,1022.75,4.17,4.12 17:44:34 11/03/19
733,90.80,7.43,1022.92,5.00,4.12 17:55:25 11/03/19
682,90.30,7.47,1022.99,4.50,4.12 18:05:58 11/03/19
702,85.90,8.20,1023.20,4.25,4.03 18:16:29 11/03/19
657,88.80,7.58,1023.54,2.89,4.04 18:27:06 11/03/19
602,90.50,7.16,1023.64,2.77,4.05 18:37:35 11/03/19
663,91.40,6.74,1023.59,1.04,4.04 18:48:13 11/03/19
688,91.50,6.44,1023.81,0.22,4.04 18:58:55 11/03/19
674,91.00,6.28,1023.89,0.02,4.04 19:09:28 11/03/19
631,88.70,6.63,1024.10,0.00,3.99 19:34:33 11/03/19
641,90.70,6.13,1024.17,0.00,4.00 19:45:14 11/03/19
643,92.00,5.97,1024.22,0.00,4.01 19:55:46 11/03/19
648,89.40,6.63,1024.15,0.00,3.98 20:06:24 11/03/19
644,90.70,5.95,1024.21,0.00,3.99 20:16:58 11/03/19
599,90.90,5.50,1024.25,0.00,3.99 20:27:33 11/03/19
613,91.30,5.20,1024.28,0.00,4.00 20:37:61 11/03/19
641,91.40,4.99,1024.31,0.00,3.99 20:48:32 11/03/19
635,91.60,4.94,1024.34,0.00,3.99 20:48:37 11/03/19
656,91.80,4.72,1024.29,0.00,3.99 20:59:09 11/03/19
635,91.50,4.49,1024.15,0.00,3.99 21:09:49 11/03/19
640,89.60,4.97,1024.19,0.00,3.97 21:20:24 11/03/19
644,91.20,4.27,1024.20,0.00,3.97 21:31:11 11/03/19
648,89.80,4.64,1024.23,0.00,3.96 21:41:47 11/03/19
653,91.10,3.89,1024.28,0.00,3.96 21:52:34 11/03/19
648,91.40,3.88,1024.28,0.00,3.96 21:52:42 11/03/19
637,91.80,3.60,1024.24,0.00,3.97 22:03:14 11/03/19
656,92.00,3.60,1024.25,0.00,3.97 22:03:29 11/03/19
674,92.40,3.48,1024.08,0.00,3.97 22:14:02 11/03/19
648,90.80,4.47,1024.13,0.00,3.95 22:39:05 11/03/19
689,90.60,4.47,1024.12,0.00,3.95 22:39:13 11/03/19
656,92.00,3.95,1024.17,0.00,3.96 22:49:50 11/03/19
662,90.40,4.56,1024.12,0.00,3.94 23:14:36 11/03/19
664,90.30,4.68,1023.95,0.00,3.94 23:39:26 11/03/19
