265,93.30,7.76,1032.95,0.05,4.00 00:00:30 21/03/19
240,92.80,7.65,1033.02,0.05,4.01 00:11:03 21/03/19
268,92.70,7.46,1032.91,0.05,4.01 00:21:31 21/03/19
272,0.10,7.34,1033.02,0.05,4.00 00:31:61 21/03/19
208,93.30,7.18,1033.03,0.05,4.00 00:42:28 21/03/19
206,92.90,7.06,1033.09,0.05,4.00 00:52:60 21/03/19
205,93.10,6.95,1033.15,0.06,4.00 01:03:28 21/03/19
208,93.20,6.84,1033.06,0.05,4.00 01:13:59 21/03/19
257,93.50,6.75,1033.01,0.06,4.00 01:24:35 21/03/19
215,93.20,6.64,1032.93,0.05,4.00 01:35:11 21/03/19
248,93.60,6.54,1032.90,0.05,4.00 01:45:42 21/03/19
239,93.60,6.43,1032.81,0.06,4.00 01:56:19 21/03/19
242,93.10,6.25,1032.86,0.06,4.00 02:06:56 21/03/19
200,93.70,6.15,1032.77,0.06,3.99 02:17:27 21/03/19
193,94.00,6.14,1032.76,0.06,3.99 02:17:34 21/03/19
196,92.10,6.78,1032.62,0.05,3.97 02:28:19 21/03/19
197,93.00,6.21,1032.60,0.04,3.98 02:38:48 21/03/19
193,93.50,6.00,1032.65,0.03,3.98 02:49:22 21/03/19
199,93.10,6.50,1032.44,0.03,3.96 02:59:52 21/03/19
196,93.20,5.98,1032.57,0.02,3.97 03:10:21 21/03/19
195,92.50,6.39,1032.64,0.02,3.96 03:20:51 21/03/19
253,93.90,5.80,1032.59,0.01,3.96 03:31:35 21/03/19
189,93.90,5.54,1032.62,0.02,3.97 03:42:03 21/03/19
190,94.10,5.43,1032.62,0.02,3.97 03:52:35 21/03/19
188,92.30,6.05,1032.67,0.02,3.95 04:03:07 21/03/19
189,94.20,5.50,1032.78,0.01,3.96 04:13:39 21/03/19
187,94.80,5.24,1032.72,0.01,3.96 04:24:10 21/03/19
191,93.90,5.12,1032.72,0.01,3.96 04:34:45 21/03/19
199,92.80,5.67,1032.73,0.01,3.95 04:45:13 21/03/19
185,94.30,5.16,1032.75,0.01,3.96 04:55:54 21/03/19
204,94.80,4.93,1032.72,0.02,3.96 05:06:34 21/03/19
226,95.70,4.84,1032.74,0.11,3.96 05:17:09 21/03/19
279,95.40,4.81,1032.79,0.67,3.96 05:27:41 21/03/19
399,95.10,4.74,1032.89,2.73,3.96 05:38:10 21/03/19
525,94.50,4.64,1032.94,4.04,3.97 05:48:37 21/03/19
607,93.30,5.20,1032.97,4.28,3.94 05:59:09 21/03/19
683,94.10,4.76,1033.00,4.38,3.96 06:09:43 21/03/19
733,95.80,4.54,1033.10,4.52,3.97 06:20:14 21/03/19
764,95.30,4.53,1033.26,5.00,3.97 06:30:51 21/03/19
777,95.30,4.63,1033.32,5.00,3.97 06:41:37 21/03/19
799,95.40,4.83,1033.23,4.04,3.99 06:52:12 21/03/19
832,95.00,5.04,1033.42,4.07,4.00 07:02:48 21/03/19
847,94.60,5.33,1033.35,4.11,4.02 07:13:18 21/03/19
851,94.70,5.80,1033.44,5.00,4.03 07:23:54 21/03/19
861,95.30,6.44,1033.47,4.25,4.07 07:34:22 21/03/19
864,96.20,7.33,1033.43,4.22,4.13 07:44:49 21/03/19
871,93.30,9.14,1033.44,4.31,4.20 07:55:21 21/03/19
872,94.20,9.83,1033.48,5.00,4.13 08:05:51 21/03/19
878,94.60,10.30,1033.42,4.26,4.16 08:16:21 21/03/19
879,94.60,10.91,1033.56,5.00,4.10 08:26:49 21/03/19
883,94.90,11.26,1033.61,4.30,4.18 08:37:21 21/03/19
884,93.30,12.39,1033.63,5.00,4.21 08:47:49 21/03/19
879,94.30,12.27,1033.70,5.00,4.10 08:58:22 21/03/19
879,94.80,12.17,1033.67,4.33,4.20 09:08:61 21/03/19
892,94.70,12.31,1033.64,5.00,4.11 09:19:40 21/03/19
894,95.00,12.46,1033.60,5.00,4.21 09:30:10 21/03/19
891,94.80,12.58,1033.56,5.00,4.12 09:40:38 21/03/19
895,94.70,12.70,1033.61,5.00,4.10 09:51:09 21/03/19
881,94.60,12.81,1033.65,4.25,4.16 10:01:41 21/03/19
841,94.50,13.02,1033.64,5.00,4.12 10:12:18 21/03/19
864,94.60,13.21,1033.60,5.00,4.10 10:22:51 21/03/19
865,94.20,13.31,1033.59,5.00,4.09 10:33:29 21/03/19
835,94.00,13.40,1033.49,4.23,4.12 10:44:09 21/03/19
895,93.80,13.51,1033.38,5.00,4.12 10:54:49 21/03/19
902,93.70,13.62,1033.41,5.00,4.11 11:05:26 21/03/19
901,93.90,13.84,1033.37,5.00,4.10 11:15:56 21/03/19
899,93.70,14.27,1033.35,5.00,4.21 11:26:27 21/03/19
899,92.60,14.83,1033.20,5.00,4.12 11:36:59 21/03/19
894,91.90,14.99,1033.12,5.00,4.11 11:47:37 21/03/19
898,91.10,15.33,1033.04,5.00,4.10 11:58:11 21/03/19
900,92.60,15.64,1032.98,5.00,4.09 12:08:50 21/03/19
897,92.50,16.02,1032.77,5.00,4.21 12:19:28 21/03/19
895,91.20,16.16,1032.69,5.00,4.12 12:30:01 21/03/19
894,91.20,16.35,1032.57,5.00,4.11 12:40:41 21/03/19
897,91.50,16.69,1032.48,5.00,4.10 12:51:19 21/03/19
896,90.50,17.03,1032.38,5.00,4.09 13:01:52 21/03/19
895,90.40,17.24,1032.22,5.00,4.21 13:12:34 21/03/19
895,89.90,17.34,1032.18,5.00,4.13 13:23:13 21/03/19
900,90.10,17.51,1032.00,5.00,4.11 13:33:53 21/03/19
897,88.60,17.70,1031.90,5.00,4.10 13:44:35 21/03/19
904,90.20,17.90,1031.91,5.00,4.10 13:55:12 21/03/19
898,90.60,18.13,1031.87,5.00,4.06 14:05:47 21/03/19
890,87.20,18.16,1031.70,5.00,4.21 14:16:27 21/03/19
844,84.70,18.01,1031.58,5.00,4.12 14:27:11 21/03/19
885,88.70,17.60,1031.55,5.00,4.11 14:37:44 21/03/19
871,81.60,17.49,1031.45,5.00,4.10 14:48:19 21/03/19
866,88.00,17.49,1031.33,5.00,4.10 14:58:57 21/03/19
852,87.10,17.49,1031.30,5.00,4.09 15:09:29 21/03/19
853,89.00,17.51,1031.32,4.26,4.16 15:19:61 21/03/19
857,90.00,17.58,1031.22,5.00,4.13 15:30:33 21/03/19
865,85.70,17.42,1031.12,5.00,4.12 15:41:04 21/03/19
852,88.30,17.31,1031.08,5.00,4.11 15:51:37 21/03/19
846,88.50,17.32,1031.04,5.00,4.10 16:02:10 21/03/19
842,88.70,17.25,1030.97,5.00,4.09 16:12:41 21/03/19
836,88.30,17.22,1030.88,4.26,4.13 16:23:22 21/03/19
824,89.50,17.15,1030.78,5.00,4.13 16:34:03 21/03/19
818,85.50,16.99,1030.74,5.00,4.11 16:44:42 21/03/19
810,85.30,16.78,1030.66,5.00,4.10 16:55:22 21/03/19
798,83.50,16.55,1030.71,5.00,4.10 17:05:53 21/03/19
782,85.20,16.26,1030.69,5.00,4.09 17:16:26 21/03/19
761,86.10,15.91,1030.71,4.20,4.10 17:27:04 21/03/19
731,85.50,15.62,1030.87,5.00,4.11 17:37:37 21/03/19
695,85.20,15.31,1030.79,5.00,4.12 17:48:15 21/03/19
634,85.60,15.00,1030.81,4.53,4.11 17:58:48 21/03/19
555,85.50,14.63,1030.86,4.20,4.10 18:09:26 21/03/19
412,86.00,14.30,1031.00,2.70,4.09 18:19:59 21/03/19
293,86.80,13.98,1030.98,0.77,4.08 18:30:37 21/03/19
218,86.40,13.69,1031.05,0.11,4.08 18:41:09 21/03/19
186,87.00,13.40,1031.06,0.01,4.07 18:51:47 21/03/19
174,87.50,13.14,1031.24,0.00,4.07 19:02:27 21/03/19
171,88.30,12.93,1031.30,0.00,4.07 19:13:06 21/03/19
173,88.40,12.72,1031.41,0.00,4.06 19:23:45 21/03/19
176,88.80,12.50,1031.44,0.00,4.06 19:34:22 21/03/19
174,89.20,12.32,1031.47,0.00,4.06 19:44:54 21/03/19
176,89.60,12.14,1031.48,0.00,4.05 19:55:33 21/03/19
178,90.20,12.01,1031.50,0.00,4.05 20:06:04 21/03/19
182,90.50,11.90,1031.62,0.00,4.05 20:16:42 21/03/19
188,90.30,11.73,1031.60,0.00,4.05 20:27:18 21/03/19
190,90.70,11.61,1031.56,0.00,4.05 20:37:49 21/03/19
187,90.40,11.44,1031.58,0.00,4.04 20:48:21 21/03/19
182,90.80,11.31,1031.54,0.00,4.04 20:59:04 21/03/19
189,90.50,11.13,1031.36,0.00,4.04 21:09:37 21/03/19
184,90.60,10.92,1031.41,0.00,4.04 21:20:21 21/03/19
193,88.80,11.33,1031.34,0.01,4.01 21:30:55 21/03/19
193,90.20,10.71,1031.15,0.01,4.02 21:41:24 21/03/19
193,90.70,10.35,1031.27,0.01,4.02 21:51:55 21/03/19
193,91.10,10.17,1031.34,0.01,4.02 22:02:34 21/03/19
195,91.00,9.95,1031.17,0.01,4.02 22:13:11 21/03/19
191,91.00,9.75,1031.12,0.01,4.02 22:23:54 21/03/19
197,91.30,9.61,1031.05,0.01,4.02 22:34:28 21/03/19
196,91.40,9.43,1031.05,0.00,4.02 22:45:05 21/03/19
193,90.20,9.90,1031.14,0.00,3.99 22:55:36 21/03/19
190,91.10,9.29,1031.04,0.00,4.00 23:06:14 21/03/19
193,91.30,8.93,1030.90,0.00,4.00 23:16:51 21/03/19
184,92.10,8.67,1030.84,0.00,4.00 23:27:23 21/03/19
194,91.80,8.48,1030.87,0.00,4.00 23:37:57 21/03/19
195,91.80,8.34,1030.79,0.01,4.00 23:48:28 21/03/19
204,91.80,8.15,1030.74,0.02,4.00 23:58:57 21/03/19
