1,81.6,7.58,1007.05,0.0,4.11 00:02:53 06/05/21
1,81.3,7.4049997,1006.95,0.0,4.11 00:08:06 06/05/21
2,80.6,7.23,1006.88,0.0,4.11 00:13:20 06/05/21
1,82.0,7.12,1006.89,0.0,4.11 00:18:33 06/05/21
2,83.3,7.08,1006.8,0.0,4.11 00:23:47 06/05/21
2,83.9,7.02,1006.77,0.0,4.1 00:29:00 06/05/21
1,84.8,7.08,1006.74,0.0,4.11 00:34:12 06/05/21
2,83.3,7.0950003,1006.68,0.0,4.11 00:39:27 06/05/21
3,86.8,7.105,1006.64,0.0,4.11 00:44:37 06/05/21
2,87.1,7.115,1006.6,0.0,4.11 00:49:51 06/05/21
1,84.8,7.105,1006.57,0.0,4.1 00:55:04 06/05/21
1,85.7,7.035,1006.49,0.0,4.1 01:00:16 06/05/21
1,85.4,7.01,1006.56,0.0,4.1 01:05:29 06/05/21
1,85.9,7.0,1006.69,0.0,4.1 01:10:42 06/05/21
1,86.2,7.06,1006.71,0.0,4.1 01:15:57 06/05/21
1,85.3,7.08,1006.37,0.0,4.1 01:21:08 06/05/21
1,86.2,7.08,1006.3,0.0,4.1 01:26:22 06/05/21
1,84.2,7.01,1006.22,0.0,4.1 01:31:36 06/05/21
1,84.7,6.98,1006.15,0.0,4.1 01:36:47 06/05/21
0,85.2,6.89,1006.15,0.0,4.1 01:42:00 06/05/21
0,84.1,6.79,1006.16,0.0,4.1 01:47:13 06/05/21
1,83.5,6.715,1006.12,0.0,4.1 01:52:33 06/05/21
1,84.4,6.6949997,1006.02,0.0,4.1 01:57:51 06/05/21
0,84.6,6.6800003,1005.96,0.0,4.11 02:03:00 06/05/21
1,85.3,6.67,1005.97,0.0,4.1 02:08:15 06/05/21
0,86.1,6.675,1005.91,0.0,4.11 02:13:26 06/05/21
1,90.0,6.685,1005.98,0.0,4.1 02:18:42 06/05/21
1,91.7,6.705,1005.89,0.0,4.1 02:23:55 06/05/21
0,91.5,6.795,1005.98,0.0,4.1 02:29:10 06/05/21
0,90.5,6.8199997,1005.92,0.0,4.1 02:34:28 06/05/21
0,90.2,6.875,1005.92,0.0,4.1 02:39:42 06/05/21
0,92.7,6.825,1005.9,0.0,4.1 02:44:55 06/05/21
0,91.8,6.885,1005.9,0.0,4.1 02:50:07 06/05/21
0,91.8,6.875,1005.83,0.0,4.1 02:55:20 06/05/21
0,92.1,6.875,1005.86,0.0,4.1 03:00:33 06/05/21
0,91.7,6.885,1005.8,0.0,4.1 03:05:45 06/05/21
0,92.5,6.88,1005.73,0.0,4.1 03:10:58 06/05/21
0,92.2,6.89,1005.7,0.0,4.1 03:16:13 06/05/21
0,92.9,6.885,1005.67,0.0,4.1 03:21:25 06/05/21
0,92.7,6.89,1005.7,0.0,4.1 03:26:38 06/05/21
0,92.6,6.875,1005.71,0.0,4.1 03:31:52 06/05/21
0,92.2,6.885,1005.77,0.0,4.1 03:37:04 06/05/21
0,92.6,6.88,1005.74,0.0,4.1 03:42:17 06/05/21
0,93.1,6.83,1005.77,0.0,4.1 03:47:29 06/05/21
0,93.0,6.8199997,1005.76,0.0,4.1 03:52:43 06/05/21
0,92.9,6.795,1005.8,0.0,4.1 03:57:56 06/05/21
0,93.0,6.7200003,1005.77,0.0,4.1 04:03:08 06/05/21
0,93.2,6.71,1005.8,0.0,4.1 04:08:22 06/05/21
0,93.5,6.69,1005.85,0.0,4.1 04:13:35 06/05/21
0,92.9,6.6800003,1005.73,0.0,4.1 04:18:48 06/05/21
0,93.5,6.615,1005.83,0.0,4.1 04:24:01 06/05/21
0,93.0,6.58,1005.79,0.0,4.1 04:29:12 06/05/21
1,92.9,6.485,1005.72,0.0,4.1 04:34:27 06/05/21
0,93.0,6.39,1005.74,0.0,4.1 04:39:38 06/05/21
1,93.0,6.31,1005.65,0.0,4.09 04:44:54 06/05/21
0,93.3,6.225,1005.61,0.0,4.1 04:50:04 06/05/21
1,92.1,6.19,1005.6,0.0,4.09 04:55:19 06/05/21
1,92.2,6.165,1005.51,0.0,4.09 05:00:31 06/05/21
1,92.4,6.1000004,1005.45,0.0,4.09 05:05:45 06/05/21
2,92.6,6.08,1005.47,0.0,4.09 05:11:06 06/05/21
1,93.2,6.075,1005.44,0.02,4.09 05:16:19 06/05/21
1,93.5,6.06,1005.41,0.05,4.1 05:21:30 06/05/21
2,93.0,6.0,1005.47,0.15,4.09 05:26:45 06/05/21
2,92.9,5.98,1005.43,0.39,4.09 05:31:57 06/05/21
2,93.0,5.91,1005.4,0.77,4.09 05:37:10 06/05/21
5,93.5,5.895,1005.35,1.31,4.09 05:42:27 06/05/21
7,92.8,5.875,1005.29,1.97,4.09 05:47:48 06/05/21
8,92.5,5.8,1005.26,2.62,4.09 05:53:09 06/05/21
9,92.2,5.6949997,1005.2,3.5,4.09 05:58:19 06/05/21
12,92.2,5.58,1005.17,3.92,4.09 06:03:36 06/05/21
13,91.8,5.495,1005.21,4.21,4.09 06:08:52 06/05/21
15,91.8,5.39,1005.3,4.41,4.09 06:14:04 06/05/21
21,92.1,5.285,1005.23,4.56,4.09 06:19:20 06/05/21
20,92.0,5.1949997,1005.27,4.23,4.09 06:24:31 06/05/21
21,92.6,5.12,1005.22,4.17,4.09 06:29:42 06/05/21
24,92.6,5.09,1005.21,5.0,4.1 06:34:55 06/05/21
31,92.8,5.0150003,1005.18,5.0,4.1 06:40:08 06/05/21
33,92.3,5.005,1005.11,5.0,4.1 06:45:21 06/05/21
34,92.3,4.985,1005.08,5.0,4.1 06:50:33 06/05/21
39,92.6,4.98,1005.13,5.0,4.1 06:55:51 06/05/21
41,93.6,5.0,1005.06,4.76,4.1 07:01:03 06/05/21
44,93.1,5.01,1005.1,4.76,4.1 07:06:13 06/05/21
50,94.1,5.08,1005.19,4.16,4.11 07:11:26 06/05/21
46,93.2,5.115,1005.21,5.0,4.11 07:16:38 06/05/21
62,94.5,5.265,1005.2,4.18,4.11 07:21:56 06/05/21
61,92.8,5.385,1005.23,5.0,4.11 07:27:12 06/05/21
68,93.3,5.49,1005.17,4.52,4.11 07:32:24 06/05/21
63,94.3,5.6800003,1005.18,5.0,4.12 07:37:37 06/05/21
57,95.6,5.875,1005.21,4.41,4.11 07:42:51 06/05/21
65,96.2,6.0699997,1005.14,5.0,4.12 07:48:04 06/05/21
61,95.1,6.1800003,1005.11,4.17,4.13 07:53:15 06/05/21
48,94.9,6.355,1005.14,4.22,4.13 07:58:28 06/05/21
55,96.3,6.49,1005.21,4.17,4.13 08:03:48 06/05/21
51,96.7,6.67,1005.18,4.24,4.13 08:09:04 06/05/21
62,96.9,6.845,1005.17,4.23,4.14 08:14:18 06/05/21
59,95.2,7.1499996,1005.23,4.23,4.15 08:19:30 06/05/21
60,96.5,7.63,1005.2,4.24,4.16 08:24:44 06/05/21
55,96.4,7.95,1005.23,4.34,4.15 08:29:57 06/05/21
55,95.9,8.275,1005.22,5.0,4.15 08:35:08 06/05/21
62,95.4,8.389999,1005.25,4.8,4.17 08:40:23 06/05/21
62,94.8,8.665,1005.15,4.26,4.18 08:45:37 06/05/21
58,93.5,8.87,1005.14,4.3,4.18 08:50:49 06/05/21
64,93.7,8.924999,1005.05,4.31,4.19 08:56:06 06/05/21
62,94.1,9.014999,1005.09,5.0,4.2 09:01:26 06/05/21
53,94.5,9.030001,1005.04,5.0,4.16 09:06:37 06/05/21
65,94.2,8.955,1004.99,5.0,4.16 09:11:49 06/05/21
61,93.2,9.0,1005.03,5.0,4.15 09:17:05 06/05/21
68,93.2,9.12,1005.02,5.0,4.15 09:22:17 06/05/21
47,94.5,9.225,1004.96,5.0,4.15 09:27:29 06/05/21
71,93.9,9.26,1004.93,5.0,4.15 09:32:45 06/05/21
71,94.2,9.360001,1004.86,5.0,4.15 09:37:59 06/05/21
67,94.4,9.52,1004.92,5.0,4.15 09:43:10 06/05/21
67,93.8,9.639999,1004.9,5.0,4.15 09:48:22 06/05/21
35,94.0,9.809999,1004.79,5.0,4.15 09:53:35 06/05/21
73,93.3,9.83,1004.83,5.0,4.15 09:58:52 06/05/21
70,93.9,9.985,1004.74,5.0,4.15 10:04:04 06/05/21
49,94.0,10.094999,1004.55,5.0,4.15 10:09:16 06/05/21
71,93.0,10.185,1004.56,5.0,4.15 10:14:31 06/05/21
43,93.5,10.305,1004.61,5.0,4.15 10:19:44 06/05/21
65,92.3,10.344999,1004.49,5.0,4.14 10:24:59 06/05/21
40,92.1,10.344999,1004.63,5.0,4.15 10:30:12 06/05/21
67,91.7,10.33,1004.61,5.0,4.15 10:35:25 06/05/21
65,91.0,10.335,1004.55,5.0,4.14 10:40:41 06/05/21
64,91.7,10.355,1004.56,5.0,4.14 10:45:51 06/05/21
67,91.3,10.440001,1004.54,5.0,4.14 10:51:07 06/05/21
63,90.3,10.535,1004.42,5.0,4.14 10:56:16 06/05/21
65,90.4,10.700001,1004.32,5.0,4.14 11:01:32 06/05/21
51,91.7,10.885,1004.38,5.0,4.14 11:06:43 06/05/21
36,90.1,11.065001,1004.36,5.0,4.14 11:11:57 06/05/21
42,88.9,11.03,1004.37,5.0,4.14 11:17:10 06/05/21
49,89.6,11.035,1004.29,5.0,4.14 11:22:26 06/05/21
62,90.5,11.195,1004.28,5.0,4.14 11:27:38 06/05/21
65,90.1,11.389999,1004.19,5.0,4.14 11:32:51 06/05/21
68,90.1,11.690001,1004.16,5.0,4.14 11:38:06 06/05/21
64,90.1,12.095,1003.99,5.0,4.14 11:43:19 06/05/21
52,89.6,12.33,1003.96,5.0,4.14 11:48:34 06/05/21
69,89.7,12.63,1003.99,5.0,4.14 11:53:47 06/05/21
60,84.8,12.76,1003.93,5.0,4.14 11:58:59 06/05/21
47,84.6,12.865,1003.97,5.0,4.14 12:04:20 06/05/21
60,83.3,12.885,1003.83,5.0,4.14 12:09:41 06/05/21
46,85.0,12.889999,1003.8,5.0,4.14 12:15:00 06/05/21
59,85.1,12.955,1003.73,5.0,4.14 12:20:13 06/05/21
58,82.8,13.04,1003.69,5.0,4.14 12:25:25 06/05/21
54,77.0,12.969999,1003.59,5.0,4.14 12:30:39 06/05/21
54,82.4,12.9,1003.61,5.0,4.14 12:35:55 06/05/21
54,82.8,12.895,1003.49,5.0,4.14 12:41:09 06/05/21
46,79.6,12.9,1003.45,5.0,4.14 12:46:22 06/05/21
43,82.3,12.88,1003.39,5.0,4.14 12:51:37 06/05/21
53,81.3,12.815001,1003.36,5.0,4.14 12:56:50 06/05/21
52,80.7,12.705,1003.28,5.0,4.14 13:02:02 06/05/21
52,81.4,12.76,1003.25,5.0,4.14 13:07:17 06/05/21
53,80.0,12.785,1003.19,5.0,4.14 13:12:31 06/05/21
55,76.5,12.79,1003.14,5.0,4.14 13:17:43 06/05/21
62,81.4,12.815001,1003.09,5.0,4.14 13:23:03 06/05/21
55,82.7,13.055,1002.93,5.0,4.14 13:28:22 06/05/21
51,78.9,13.17,1002.9,5.0,4.14 13:33:35 06/05/21
52,82.9,13.25,1002.83,5.0,4.14 13:38:47 06/05/21
65,82.9,13.35,1002.76,5.0,4.13 13:44:02 06/05/21
58,77.9,13.4,1002.69,5.0,4.14 13:49:16 06/05/21
47,78.5,13.4,1002.63,5.0,4.13 13:54:28 06/05/21
43,78.9,13.475,1002.57,5.0,4.13 13:59:45 06/05/21
41,73.3,13.309999,1002.52,5.0,4.13 14:04:58 06/05/21
41,74.9,13.125,1002.53,5.0,4.13 14:10:12 06/05/21
42,72.1,12.940001,1002.52,5.0,4.13 14:15:26 06/05/21
43,73.1,12.84,1002.43,5.0,4.13 14:20:39 06/05/21
42,72.5,12.83,1002.39,5.0,4.13 14:25:52 06/05/21
53,72.4,12.825,1002.21,5.0,4.13 14:31:07 06/05/21
59,74.0,12.895,1002.19,5.0,4.13 14:36:21 06/05/21
55,75.8,13.07,1002.08,5.0,4.13 14:41:34 06/05/21
54,78.1,13.200001,1002.0,5.0,4.13 14:46:48 06/05/21
53,78.7,13.45,1002.04,5.0,4.13 14:52:02 06/05/21
45,80.0,13.635,1001.92,5.0,4.13 14:57:15 06/05/21
45,75.7,13.610001,1001.86,5.0,4.13 15:02:30 06/05/21
44,72.5,13.54,1001.96,5.0,4.13 15:07:42 06/05/21
42,71.6,13.37,1001.82,5.0,4.13 15:12:56 06/05/21
45,73.3,13.4,1001.78,5.0,4.13 15:18:12 06/05/21
43,74.9,13.41,1001.79,5.0,4.13 15:23:25 06/05/21
41,73.4,13.41,1001.73,5.0,4.13 15:28:39 06/05/21
40,71.1,13.344999,1001.73,5.0,4.13 15:33:52 06/05/21
42,72.0,13.190001,1001.77,5.0,4.13 15:39:07 06/05/21
42,70.9,13.15,1001.71,5.0,4.13 15:44:23 06/05/21
44,69.0,12.975,1001.74,5.0,4.13 15:49:36 06/05/21
42,71.5,12.865,1001.62,5.0,4.13 15:54:47 06/05/21
41,69.1,12.844999,1001.59,5.0,4.13 16:00:02 06/05/21
39,69.4,12.780001,1001.62,5.0,4.13 16:05:15 06/05/21
37,69.8,12.7,1001.61,5.0,4.13 16:10:28 06/05/21
37,70.3,12.59,1001.55,5.0,4.13 16:15:44 06/05/21
36,70.9,12.565,1001.52,5.0,4.13 16:20:55 06/05/21
37,72.1,12.555,1001.52,5.0,4.13 16:26:12 06/05/21
42,71.9,12.625,1001.51,5.0,4.12 16:31:25 06/05/21
72,73.1,12.66,1001.61,5.0,4.12 16:36:39 06/05/21
71,73.5,12.68,1001.57,5.0,4.13 16:41:52 06/05/21
72,72.3,12.785,1001.56,5.0,4.13 16:47:09 06/05/21
63,70.5,12.88,1001.5,5.0,4.12 16:52:23 06/05/21
50,71.8,12.96,1001.47,5.0,4.13 16:57:32 06/05/21
41,69.1,12.81,1001.46,5.0,4.13 17:02:48 06/05/21
36,72.3,12.795,1001.4,5.0,4.12 17:08:01 06/05/21
39,72.0,12.844999,1001.35,5.0,4.12 17:13:15 06/05/21
39,70.7,12.705,1001.33,5.0,4.12 17:18:29 06/05/21
38,72.2,12.74,1001.39,5.0,4.12 17:23:43 06/05/21
38,72.4,12.75,1001.47,5.0,4.12 17:28:57 06/05/21
38,73.1,12.745001,1001.51,5.0,4.12 17:34:10 06/05/21
40,73.2,12.73,1001.42,5.0,4.12 17:39:25 06/05/21
43,73.9,12.725,1001.4,5.0,4.12 17:44:38 06/05/21
47,73.5,12.675,1001.43,5.0,4.12 17:49:53 06/05/21
53,74.4,12.73,1001.42,5.0,4.12 17:55:04 06/05/21
53,75.4,12.835,1001.4,5.0,4.12 18:00:19 06/05/21
50,76.0,13.01,1001.37,5.0,4.12 18:05:31 06/05/21
44,75.8,13.125,1001.33,5.0,4.12 18:10:47 06/05/21
56,75.2,13.145,1001.32,5.0,4.12 18:16:00 06/05/21
41,74.4,13.15,1001.38,5.0,4.12 18:21:13 06/05/21
31,73.6,13.059999,1001.42,5.0,4.12 18:26:26 06/05/21
33,73.3,12.875,1001.54,5.0,4.12 18:31:43 06/05/21
31,73.5,12.684999,1001.6,5.0,4.12 18:36:54 06/05/21
26,73.6,12.495,1001.6,5.0,4.12 18:42:09 06/05/21
23,73.6,12.305,1001.6,5.0,4.12 18:47:23 06/05/21
20,74.1,12.190001,1001.67,5.0,4.12 18:52:38 06/05/21
19,73.5,12.07,1001.79,5.0,4.12 18:57:51 06/05/21
15,72.7,11.889999,1001.86,5.0,4.12 19:03:04 06/05/21
15,73.5,11.765,1001.93,5.0,4.12 19:08:19 06/05/21
26,73.9,11.594999,1001.96,5.0,4.12 19:13:32 06/05/21
27,74.0,11.505,1002.09,5.0,4.12 19:18:43 06/05/21
19,74.6,11.465,1002.15,5.0,4.12 19:23:57 06/05/21
15,76.2,11.385,1002.23,5.0,4.12 19:29:12 06/05/21
21,76.8,11.27,1002.31,4.94,4.12 19:34:25 06/05/21
14,76.9,11.105,1002.46,4.47,4.12 19:39:43 06/05/21
26,77.3,10.985001,1002.51,5.0,4.11 19:45:05 06/05/21
28,78.0,10.8,1002.58,5.0,4.12 19:50:24 06/05/21
17,77.4,10.68,1002.64,5.0,4.12 19:55:35 06/05/21
14,77.6,10.57,1002.81,4.88,4.12 20:00:54 06/05/21
19,77.9,10.475,1002.89,4.49,4.12 20:06:16 06/05/21
18,79.8,10.365,1002.95,4.49,4.12 20:11:35 06/05/21
17,81.1,10.295,1003.12,4.48,4.11 20:16:46 06/05/21
18,80.3,10.195,1003.08,4.36,4.12 20:22:01 06/05/21
18,82.3,10.1,1003.25,4.24,4.11 20:27:15 06/05/21
14,81.6,10.01,1003.3,4.12,4.11 20:32:26 06/05/21
15,82.7,9.905,1003.36,4.09,4.11 20:37:41 06/05/21
14,81.6,9.865,1003.5,3.91,4.12 20:42:53 06/05/21
13,82.0,9.77,1003.72,3.53,4.11 20:48:08 06/05/21
13,84.2,9.51,1003.84,3.52,4.11 20:53:27 06/05/21
12,83.4,9.405,1003.78,3.91,4.11 20:58:43 06/05/21
12,83.1,9.24,1003.94,3.89,4.11 21:03:55 06/05/21
10,82.1,9.190001,1004.08,3.5,4.11 21:09:10 06/05/21
7,82.0,9.030001,1004.03,2.75,4.11 21:14:22 06/05/21
6,82.1,8.99,1004.12,1.7,4.11 21:19:35 06/05/21
6,83.2,8.9,1004.03,1.0,4.11 21:24:50 06/05/21
5,82.4,8.825001,1004.1,0.9,4.11 21:30:05 06/05/21
4,83.3,8.8,1004.19,0.54,4.11 21:35:15 06/05/21
3,83.2,8.719999,1004.22,0.25,4.11 21:40:28 06/05/21
4,83.0,8.705,1004.27,0.14,4.11 21:45:41 06/05/21
3,83.7,8.675,1004.4,0.06,4.11 21:50:55 06/05/21
4,83.3,8.595,1004.43,0.03,4.11 21:56:09 06/05/21
4,83.2,8.52,1004.51,0.01,4.11 22:01:22 06/05/21
4,83.4,8.48,1004.47,0.0,4.11 22:06:39 06/05/21
4,83.8,8.41,1004.54,0.0,4.11 22:11:57 06/05/21
4,83.7,8.32,1004.58,0.0,4.11 22:17:14 06/05/21
3,83.9,8.23,1004.61,0.0,4.11 22:22:30 06/05/21
4,83.5,8.175,1004.48,0.0,4.11 22:27:45 06/05/21
4,84.1,8.025,1004.58,0.0,4.11 22:32:58 06/05/21
5,83.5,7.93,1004.66,0.0,4.11 22:38:11 06/05/21
5,84.2,7.8849998,1004.74,0.0,4.11 22:43:25 06/05/21
5,83.8,7.73,1004.74,0.0,4.11 22:48:38 06/05/21
3,83.1,7.62,1004.8,0.0,4.11 22:53:50 06/05/21
4,84.1,7.515,1004.84,0.0,4.11 22:59:05 06/05/21
4,83.9,7.4049997,1004.9,0.0,4.11 23:04:17 06/05/21
4,83.8,7.3050003,1004.94,0.0,4.11 23:09:32 06/05/21
3,84.8,7.215,1005.0,0.0,4.11 23:14:42 06/05/21
3,84.6,7.1800003,1004.98,0.0,4.11 23:19:55 06/05/21
3,84.8,7.105,1004.97,0.0,4.11 23:25:09 06/05/21
2,84.8,7.08,1005.09,0.0,4.1 23:30:21 06/05/21
2,84.9,7.01,1005.04,0.0,4.1 23:35:34 06/05/21
2,85.6,6.99,1005.02,0.0,4.1 23:40:48 06/05/21
2,85.7,6.985,1005.11,0.0,4.1 23:46:00 06/05/21
2,84.8,6.91,1005.05,0.0,4.1 23:51:14 06/05/21
1,85.9,6.88,1005.15,0.0,4.1 23:56:26 06/05/21
