0,88.5,13.85,1008.44,0.0,4.1 00:04:02 12/05/21
0,88.8,13.79,1008.49,0.0,4.1 00:09:28 12/05/21
0,88.4,13.795,1008.54,0.0,4.1 00:14:43 12/05/21
0,89.1,13.785,1008.6,0.0,4.1 00:19:59 12/05/21
0,88.9,13.77,1008.57,0.0,4.1 00:25:13 12/05/21
0,89.0,13.765,1008.56,0.0,4.1 00:30:25 12/05/21
0,90.8,13.77,1008.62,0.0,4.1 00:35:45 12/05/21
0,90.7,13.76,1008.69,0.0,4.1 00:41:07 12/05/21
0,90.2,13.745001,1008.61,0.0,4.1 00:46:32 12/05/21
0,90.4,13.745001,1008.5,0.0,4.1 00:51:46 12/05/21
0,91.3,13.684999,1008.46,0.0,4.1 00:57:06 12/05/21
0,90.3,13.675,1008.54,0.0,4.1 01:02:24 12/05/21
0,91.3,13.66,1008.49,0.0,4.1 01:07:38 12/05/21
0,91.4,13.6,1008.49,0.0,4.1 01:12:53 12/05/21
0,91.3,13.585,1008.4,0.0,4.1 01:18:06 12/05/21
0,91.1,13.57,1008.37,0.0,4.09 01:23:29 12/05/21
0,91.2,13.565,1008.38,0.0,4.1 01:28:46 12/05/21
0,91.3,13.555,1008.45,0.0,4.1 01:34:08 12/05/21
0,91.1,13.49,1008.55,0.0,4.1 01:39:31 12/05/21
0,91.2,13.48,1008.46,0.0,4.09 01:44:48 12/05/21
0,91.0,13.455,1008.4,0.0,4.1 01:50:10 12/05/21
0,91.1,13.4,1008.45,0.0,4.09 01:55:26 12/05/21
0,91.2,13.385,1008.47,0.0,4.09 02:00:40 12/05/21
0,91.6,13.37,1008.48,0.0,4.1 02:05:53 12/05/21
0,91.5,13.305,1008.5,0.0,4.1 02:11:09 12/05/21
0,91.5,13.280001,1008.44,0.0,4.1 02:16:22 12/05/21
0,91.3,13.265,1008.48,0.0,4.09 02:21:35 12/05/21
0,91.4,13.2,1008.52,0.0,4.1 02:26:49 12/05/21
0,92.1,13.190001,1008.52,0.0,4.09 02:32:06 12/05/21
0,91.6,13.17,1008.51,0.0,4.09 02:37:25 12/05/21
0,91.3,13.16,1008.54,0.0,4.09 02:42:42 12/05/21
0,91.7,13.1,1008.68,0.0,4.09 02:47:56 12/05/21
0,91.2,13.09,1008.66,0.0,4.09 02:53:19 12/05/21
0,91.3,13.07,1008.67,0.0,4.09 02:58:42 12/05/21
0,91.6,13.059999,1008.61,0.0,4.09 03:04:03 12/05/21
0,91.8,13.055,1008.65,0.0,4.09 03:09:22 12/05/21
0,91.8,12.99,1008.72,0.0,4.09 03:14:36 12/05/21
0,91.8,12.975,1008.65,0.0,4.09 03:19:50 12/05/21
0,92.0,12.96,1008.6,0.0,4.09 03:25:03 12/05/21
0,91.6,12.950001,1008.7,0.0,4.09 03:30:18 12/05/21
0,91.9,12.875,1008.68,0.0,4.09 03:35:31 12/05/21
0,92.3,12.805,1008.66,0.0,4.09 03:40:51 12/05/21
0,92.3,12.785,1008.59,0.0,4.09 03:46:10 12/05/21
0,92.1,12.71,1008.64,0.0,4.09 03:51:21 12/05/21
0,92.2,12.605,1008.43,0.0,4.09 03:56:35 12/05/21
2,92.3,12.5,1008.39,0.0,4.09 04:01:48 12/05/21
5,91.8,12.395,1008.46,0.0,4.09 04:07:01 12/05/21
7,92.4,12.280001,1008.49,0.0,4.09 04:12:16 12/05/21
8,91.9,12.17,1008.44,0.0,4.09 04:17:33 12/05/21
8,92.3,12.08,1008.43,0.0,4.09 04:22:59 12/05/21
9,92.2,12.04,1008.53,0.0,4.09 04:28:14 12/05/21
8,92.9,11.97,1008.56,0.0,4.09 04:33:28 12/05/21
7,92.8,11.940001,1008.52,0.0,4.09 04:38:45 12/05/21
5,92.8,11.88,1008.56,0.0,4.09 04:44:01 12/05/21
4,92.8,11.865,1008.48,0.0,4.09 04:49:19 12/05/21
3,92.7,11.79,1008.43,0.0,4.09 04:54:34 12/05/21
3,92.4,11.76,1008.42,0.0,4.09 04:59:53 12/05/21
3,92.2,11.665,1008.46,0.01,4.09 05:05:04 12/05/21
5,92.6,11.57,1008.42,0.04,4.09 05:10:20 12/05/21
7,92.5,11.475,1008.49,0.11,4.09 05:15:33 12/05/21
7,92.4,11.315001,1008.42,0.26,4.09 05:20:49 12/05/21
10,92.1,11.26,1008.51,0.56,4.09 05:26:04 12/05/21
12,92.3,11.105,1008.52,1.06,4.09 05:31:23 12/05/21
13,92.0,11.0,1008.57,1.66,4.09 05:36:34 12/05/21
15,92.2,10.950001,1008.62,2.27,4.09 05:41:48 12/05/21
18,92.2,10.855,1008.68,2.82,4.09 05:47:03 12/05/21
21,92.2,10.765,1008.75,3.31,4.09 05:52:19 12/05/21
23,92.3,10.67,1008.76,3.72,4.09 05:57:34 12/05/21
19,92.1,10.59,1008.79,4.08,4.09 06:02:50 12/05/21
28,92.3,10.555,1008.81,4.15,4.09 06:08:09 12/05/21
24,92.3,10.485001,1009.0,4.24,4.09 06:13:27 12/05/21
25,92.5,10.4,1009.05,4.48,4.09 06:18:40 12/05/21
34,92.6,10.37,1009.08,4.69,4.09 06:23:58 12/05/21
32,92.5,10.295,1009.11,4.31,4.09 06:29:16 12/05/21
39,92.6,10.275,1009.18,5.0,4.09 06:34:30 12/05/21
40,92.7,10.255,1009.24,4.94,4.09 06:39:43 12/05/21
42,92.9,10.190001,1009.24,5.0,4.09 06:45:00 12/05/21
39,93.0,10.2,1009.22,5.0,4.09 06:50:20 12/05/21
45,93.1,10.205,1009.22,5.0,4.09 06:55:37 12/05/21
43,93.0,10.215,1009.16,4.18,4.09 07:00:57 12/05/21
36,93.1,10.27,1009.17,5.0,4.09 07:06:05 12/05/21
47,93.3,10.275,1009.23,4.34,4.09 07:11:19 12/05/21
52,93.4,10.355,1009.3,4.53,4.1 07:16:37 12/05/21
47,93.7,10.445,1009.35,4.28,4.1 07:21:47 12/05/21
48,94.1,10.555,1009.33,4.29,4.1 07:27:01 12/05/21
46,94.9,10.665,1009.41,5.0,4.1 07:32:13 12/05/21
47,95.0,10.84,1009.48,4.22,4.1 07:37:28 12/05/21
49,95.3,11.02,1009.39,4.52,4.11 07:42:45 12/05/21
68,96.0,11.165,1009.43,5.0,4.11 07:48:03 12/05/21
48,96.2,11.344999,1009.43,5.0,4.11 07:53:15 12/05/21
42,96.5,11.54,1009.43,4.4,4.12 07:58:31 12/05/21
41,96.8,11.73,1009.43,4.32,4.12 08:03:45 12/05/21
40,97.2,11.99,1009.43,4.34,4.12 08:08:56 12/05/21
44,96.9,12.4,1009.39,4.22,4.13 08:14:11 12/05/21
48,96.3,12.775,1009.45,4.23,4.13 08:19:42 12/05/21
55,94.9,13.215,1009.4,5.0,4.13 08:25:09 12/05/21
42,94.9,13.775,1009.38,4.22,4.14 08:30:25 12/05/21
43,94.2,14.105,1009.44,4.23,4.14 08:35:41 12/05/21
45,94.1,14.365,1009.45,4.31,4.15 08:40:55 12/05/21
49,93.7,14.555,1009.46,4.29,4.15 08:46:19 12/05/21
46,93.0,14.665,1009.43,4.29,4.16 08:51:32 12/05/21
49,92.8,14.585,1009.48,4.28,4.17 08:56:47 12/05/21
48,92.3,14.485001,1009.46,4.3,4.17 09:01:58 12/05/21
45,92.8,14.389999,1009.48,4.41,4.18 09:07:12 12/05/21
49,93.0,14.38,1009.46,4.33,4.19 09:12:26 12/05/21
49,93.0,14.47,1009.45,4.34,4.2 09:17:41 12/05/21
50,93.0,14.65,1009.44,4.36,4.2 09:22:57 12/05/21
49,92.7,14.855,1009.51,4.46,4.21 09:28:09 12/05/21
53,91.7,14.889999,1009.49,5.0,4.16 09:33:24 12/05/21
55,92.1,14.87,1009.46,5.0,4.16 09:38:47 12/05/21
54,91.2,14.925,1009.56,5.0,4.15 09:44:04 12/05/21
50,92.1,14.98,1009.46,5.0,4.15 09:49:22 12/05/21
52,91.3,15.004999,1009.48,5.0,4.15 09:54:38 12/05/21
51,91.5,15.08,1009.37,5.0,4.15 09:59:52 12/05/21
53,90.8,15.110001,1009.38,5.0,4.15 10:05:06 12/05/21
37,90.7,15.190001,1009.31,5.0,4.15 10:10:22 12/05/21
54,91.0,15.195,1009.35,5.0,4.15 10:15:33 12/05/21
28,89.9,15.26,1009.38,5.0,4.15 10:20:53 12/05/21
56,89.8,15.22,1009.37,5.0,4.15 10:26:23 12/05/21
53,88.0,15.38,1009.24,5.0,4.15 10:31:41 12/05/21
52,90.3,15.48,1009.23,5.0,4.15 10:36:55 12/05/21
57,85.6,15.650001,1009.15,5.0,4.15 10:42:09 12/05/21
56,90.4,15.844999,1009.14,5.0,4.15 10:47:23 12/05/21
32,89.7,15.96,1009.16,5.0,4.15 10:52:40 12/05/21
30,83.6,15.91,1009.17,5.0,4.15 10:57:54 12/05/21
36,85.3,15.82,1009.14,5.0,4.15 11:03:06 12/05/21
41,87.0,15.865,1009.17,5.0,4.15 11:08:19 12/05/21
42,85.1,15.815001,1009.12,5.0,4.15 11:13:33 12/05/21
44,86.2,15.94,1009.1,5.0,4.15 11:18:50 12/05/21
42,87.5,15.985,1009.07,5.0,4.15 11:24:17 12/05/21
41,88.8,16.135,1009.07,5.0,4.14 11:29:40 12/05/21
40,83.3,16.165,1009.09,5.0,4.14 11:34:57 12/05/21
64,82.7,16.095001,1008.98,5.0,4.14 11:40:12 12/05/21
67,87.6,16.33,1008.95,5.0,4.14 11:45:31 12/05/21
64,88.1,16.715,1008.96,5.0,4.14 11:50:47 12/05/21
63,86.6,17.349998,1008.94,5.0,4.14 11:56:02 12/05/21
60,87.3,17.695,1008.95,5.0,4.14 12:01:18 12/05/21
66,86.5,18.155,1008.87,5.0,4.14 12:06:35 12/05/21
63,82.3,18.52,1008.76,5.0,4.14 12:11:45 12/05/21
65,83.7,18.765,1008.75,5.0,4.14 12:17:01 12/05/21
65,82.1,18.740002,1008.77,5.0,4.14 12:22:21 12/05/21
54,81.3,18.79,1008.69,5.0,4.14 12:27:38 12/05/21
39,79.9,18.630001,1008.7,5.0,4.14 12:32:52 12/05/21
67,78.3,18.365,1008.55,5.0,4.14 12:38:08 12/05/21
40,76.8,18.34,1008.48,5.0,4.14 12:43:23 12/05/21
43,79.4,18.195,1008.44,5.0,4.14 12:48:41 12/05/21
69,78.1,18.255001,1008.43,5.0,4.14 12:54:05 12/05/21
39,72.7,18.349998,1008.38,5.0,4.14 12:59:24 12/05/21
37,76.3,18.185001,1008.4,5.0,4.14 13:04:36 12/05/21
41,77.0,18.064999,1008.4,5.0,4.14 13:09:51 12/05/21
42,79.3,17.970001,1008.41,5.0,4.14 13:15:07 12/05/21
40,79.5,17.965,1008.26,5.0,4.14 13:20:20 12/05/21
45,80.1,17.970001,1008.33,5.0,4.14 13:25:36 12/05/21
64,81.1,18.045,1008.16,5.0,4.14 13:30:51 12/05/21
69,85.1,18.5,1008.14,5.0,4.14 13:36:09 12/05/21
62,77.7,19.055,1008.09,5.0,4.14 13:41:27 12/05/21
68,76.0,19.175,1008.06,5.0,4.14 13:46:47 12/05/21
34,75.7,18.955,1007.98,5.0,4.14 13:52:06 12/05/21
69,77.8,18.77,1008.02,5.0,4.14 13:57:21 12/05/21
41,78.7,18.93,1007.91,5.0,4.14 14:02:45 12/05/21
33,73.5,18.88,1007.86,5.0,4.14 14:07:59 12/05/21
22,77.7,18.755001,1007.88,5.0,4.14 14:13:18 12/05/21
21,76.5,18.564999,1007.89,5.0,4.14 14:18:36 12/05/21
19,75.9,18.310001,1007.99,5.0,4.14 14:23:52 12/05/21
16,71.2,18.005001,1008.12,5.0,4.14 14:29:04 12/05/21
54,74.4,17.29,1008.31,5.0,4.13 14:34:33 12/05/21
47,72.3,16.46,1008.24,5.0,4.14 14:39:50 12/05/21
61,74.2,16.015,1008.37,5.0,4.13 14:45:07 12/05/21
63,75.4,15.865,1008.36,5.0,4.13 14:50:21 12/05/21
71,78.5,15.844999,1008.32,5.0,4.13 14:55:40 12/05/21
51,79.0,15.924999,1008.34,5.0,4.14 15:00:57 12/05/21
52,78.8,15.934999,1008.36,5.0,4.13 15:06:12 12/05/21
47,80.3,16.015,1008.44,5.0,4.13 15:11:25 12/05/21
52,82.0,16.045,1008.46,5.0,4.13 15:16:40 12/05/21
57,81.9,16.11,1008.45,5.0,4.13 15:21:58 12/05/21
57,80.3,17.585,1008.11,5.0,4.13 15:41:48 12/05/21
60,81.0,17.785,1008.07,5.0,4.13 15:47:08 12/05/21
70,83.4,18.01,1008.07,5.0,4.13 15:52:21 12/05/21
67,84.6,18.560001,1008.08,5.0,4.13 15:57:40 12/05/21
62,82.5,18.91,1007.95,5.0,4.13 16:02:59 12/05/21
61,82.2,19.27,1007.9,5.0,4.13 16:08:15 12/05/21
60,80.8,19.42,1007.86,5.0,4.13 16:13:29 12/05/21
61,78.9,19.45,1007.86,5.0,4.13 16:18:47 12/05/21
60,79.2,19.535,1007.76,5.0,4.13 16:24:07 12/05/21
60,79.8,19.55,1007.71,5.0,4.13 16:29:26 12/05/21
58,79.2,19.650002,1007.69,5.0,4.13 16:34:45 12/05/21
39,77.4,19.654999,1007.61,5.0,4.13 16:39:58 12/05/21
44,78.1,19.59,1007.6,5.0,4.13 16:45:18 12/05/21
53,76.7,19.560001,1007.6,5.0,4.13 16:50:38 12/05/21
64,77.1,19.470001,1007.59,5.0,4.13 16:55:59 12/05/21
33,76.0,19.48,1007.51,5.0,4.12 17:01:17 12/05/21
61,76.0,19.325,1007.38,5.0,4.13 17:06:31 12/05/21
53,76.8,19.369999,1007.36,5.0,4.12 17:11:46 12/05/21
56,77.7,19.439999,1007.27,5.0,4.13 17:16:58 12/05/21
58,79.7,19.619999,1007.29,5.0,4.13 17:22:14 12/05/21
57,80.3,19.82,1007.3,5.0,4.12 17:27:30 12/05/21
29,76.9,19.865,1007.3,5.0,4.12 17:32:51 12/05/21
24,75.2,19.615,1007.25,5.0,4.12 17:38:13 12/05/21
20,72.6,19.26,1007.22,5.0,4.12 17:43:30 12/05/21
18,73.9,18.87,1007.2,5.0,4.12 17:48:48 12/05/21
20,74.1,18.56,1007.18,5.0,4.12 17:54:01 12/05/21
20,75.1,18.4,1007.16,5.0,4.12 17:59:17 12/05/21
23,74.8,18.215,1007.19,5.0,4.12 18:04:34 12/05/21
21,75.0,18.04,1007.24,5.0,4.12 18:09:58 12/05/21
21,75.3,17.92,1007.27,5.0,4.12 18:15:14 12/05/21
27,75.2,17.75,1007.35,5.0,4.12 18:20:29 12/05/21
40,75.3,17.619999,1007.5,4.75,4.12 18:25:47 12/05/21
31,76.1,17.445,1007.66,4.79,4.12 18:31:00 12/05/21
31,77.4,17.265,1007.84,5.0,4.12 18:36:15 12/05/21
31,80.1,16.815,1007.92,5.0,4.12 18:41:32 12/05/21
27,78.9,16.27,1007.98,5.0,4.12 18:46:51 12/05/21
30,79.0,15.745,1007.78,5.0,4.12 18:52:05 12/05/21
32,80.7,15.434999,1007.81,5.0,4.12 18:57:18 12/05/21
36,81.3,15.280001,1007.71,5.0,4.12 19:02:33 12/05/21
38,81.2,15.155001,1007.67,5.0,4.12 19:07:47 12/05/21
40,82.8,15.049999,1007.6,5.0,4.12 19:13:02 12/05/21
40,82.8,14.97,1007.62,5.0,4.12 19:18:16 12/05/21
42,83.4,14.9,1007.72,5.0,4.12 19:23:30 12/05/21
44,83.9,14.88,1007.76,5.0,4.12 19:28:48 12/05/21
44,84.3,14.87,1007.7,5.0,4.12 19:34:09 12/05/21
43,83.6,14.79,1007.68,5.0,4.11 19:39:23 12/05/21
46,84.3,14.71,1007.66,5.0,4.11 19:44:35 12/05/21
46,85.1,14.68,1007.65,5.0,4.11 19:49:49 12/05/21
47,84.8,14.605,1007.63,5.0,4.11 19:55:03 12/05/21
50,86.1,14.6,1007.73,5.0,4.11 20:00:19 12/05/21
49,87.8,14.594999,1007.78,5.0,4.11 20:05:35 12/05/21
41,86.1,14.594999,1007.72,5.0,4.11 20:10:54 12/05/21
40,86.2,14.51,1007.71,5.0,4.12 20:16:08 12/05/21
41,86.9,14.415,1007.67,5.0,4.11 20:21:22 12/05/21
37,86.4,14.31,1007.67,5.0,4.12 20:26:36 12/05/21
35,86.2,14.190001,1007.74,5.0,4.11 20:31:50 12/05/21
33,85.6,14.0,1007.77,5.0,4.11 20:37:04 12/05/21
29,85.6,13.8,1007.83,5.0,4.11 20:42:16 12/05/21
32,85.9,13.61,1007.83,4.82,4.11 20:47:35 12/05/21
28,85.8,13.424999,1007.86,4.57,4.11 20:52:45 12/05/21
31,86.1,13.24,1007.92,4.3,4.11 20:58:03 12/05/21
27,85.9,13.1,1007.92,4.23,4.11 21:03:22 12/05/21
27,85.9,12.915,1007.91,4.03,4.11 21:08:39 12/05/21
25,87.0,12.79,1007.92,3.69,4.11 21:14:07 12/05/21
19,86.2,12.605,1007.92,3.32,4.11 21:19:20 12/05/21
15,86.2,12.49,1007.88,2.77,4.11 21:24:32 12/05/21
14,86.8,12.325001,1007.83,2.21,4.11 21:29:47 12/05/21
12,86.8,12.215,1007.87,1.67,4.11 21:35:01 12/05/21
10,87.4,12.105,1007.84,1.1,4.11 21:40:15 12/05/21
7,87.2,11.99,1007.88,0.63,4.11 21:45:29 12/05/21
5,87.0,11.885,1007.9,0.32,4.11 21:50:40 12/05/21
6,87.4,11.795,1007.88,0.14,4.11 21:55:56 12/05/21
4,87.9,11.719999,1007.94,0.06,4.11 22:01:16 12/05/21
4,88.1,11.71,1007.93,0.02,4.11 22:06:44 12/05/21
4,89.4,11.765,1007.91,0.0,4.11 22:12:02 12/05/21
4,89.0,11.705,1007.81,0.0,4.11 22:17:14 12/05/21
4,89.6,11.71,1007.85,0.0,4.11 22:22:33 12/05/21
4,90.0,11.719999,1007.83,0.0,4.11 22:27:53 12/05/21
4,90.3,11.785,1007.87,0.0,4.11 22:33:09 12/05/21
4,90.0,11.785,1007.8,0.0,4.11 22:38:27 12/05/21
3,90.7,11.74,1007.89,0.0,4.11 22:43:40 12/05/21
4,90.0,11.71,1007.86,0.0,4.11 22:48:55 12/05/21
4,89.7,11.625,1007.93,0.0,4.1 22:54:08 12/05/21
4,90.5,11.6,1007.87,0.0,4.1 22:59:22 12/05/21
4,90.3,11.530001,1007.9,0.0,4.11 23:04:39 12/05/21
4,90.9,11.51,1007.86,0.0,4.1 23:10:02 12/05/21
4,90.5,11.495,1007.76,0.0,4.11 23:15:20 12/05/21
3,90.7,11.42,1007.7,0.0,4.1 23:20:31 12/05/21
4,90.5,11.315001,1007.64,0.0,4.1 23:25:47 12/05/21
3,90.3,11.219999,1007.58,0.0,4.1 23:31:00 12/05/21
4,90.3,11.12,1007.49,0.0,4.1 23:36:14 12/05/21
3,90.5,11.014999,1007.51,0.0,4.1 23:41:30 12/05/21
3,90.5,10.92,1007.46,0.0,4.1 23:46:49 12/05/21
3,90.4,10.815001,1007.43,0.0,4.1 23:52:03 12/05/21
3,90.4,10.715,1007.34,0.0,4.1 23:57:16 12/05/21
