3,93.4,12.955,998.07,0.0,4.1 00:03:35 17/05/21
3,93.6,12.889999,998.06,0.0,4.1 00:08:49 17/05/21
2,93.5,12.875,998.11,0.0,4.1 00:14:07 17/05/21
3,93.7,12.81,998.1,0.0,4.1 00:19:25 17/05/21
3,93.5,12.79,998.07,0.0,4.1 00:24:44 17/05/21
3,93.5,12.785,998.09,0.0,4.1 00:30:01 17/05/21
3,93.9,12.76,998.05,0.0,4.1 00:35:15 17/05/21
3,94.3,12.705,998.06,0.0,4.1 00:40:29 17/05/21
3,94.3,12.7,998.07,0.0,4.1 00:45:42 17/05/21
3,94.4,12.68,998.05,0.0,4.1 00:50:57 17/05/21
3,94.6,12.67,998.05,0.0,4.1 00:56:14 17/05/21
3,94.9,12.67,998.07,0.0,4.1 01:01:31 17/05/21
3,95.1,12.6,998.02,0.0,4.1 01:06:46 17/05/21
4,94.9,12.59,998.04,0.0,4.1 01:11:59 17/05/21
4,95.3,12.585,998.08,0.0,4.1 01:17:13 17/05/21
4,95.1,12.559999,998.03,0.0,4.1 01:22:27 17/05/21
4,95.0,12.5,998.08,0.0,4.1 01:27:41 17/05/21
4,95.5,12.49,998.05,0.0,4.1 01:32:54 17/05/21
4,95.6,12.475,998.03,0.0,4.1 01:38:08 17/05/21
4,95.7,12.46,998.1,0.0,4.1 01:43:22 17/05/21
3,95.9,12.4,998.05,0.0,4.1 01:48:33 17/05/21
3,95.9,12.389999,998.0,0.0,4.1 01:53:49 17/05/21
3,95.7,12.32,997.97,0.0,4.1 01:59:03 17/05/21
2,96.7,12.305,998.08,0.0,4.09 02:04:16 17/05/21
2,96.3,12.285,998.09,0.0,4.1 02:09:30 17/05/21
2,95.7,12.265,998.04,0.0,4.1 02:14:47 17/05/21
2,96.6,12.215,998.0,0.0,4.1 02:20:14 17/05/21
1,96.2,12.2,997.97,0.0,4.1 02:25:36 17/05/21
1,96.1,12.18,997.89,0.0,4.1 02:30:54 17/05/21
1,96.5,12.11,998.01,0.0,4.1 02:36:12 17/05/21
1,96.3,12.085,997.95,0.0,4.09 02:41:24 17/05/21
1,96.5,12.014999,997.95,0.0,4.09 02:46:43 17/05/21
1,96.3,12.0,997.91,0.0,4.09 02:52:05 17/05/21
1,96.3,11.975,997.86,0.0,4.09 02:57:15 17/05/21
1,96.5,11.96,997.86,0.0,4.09 03:02:29 17/05/21
1,96.6,11.9,997.86,0.0,4.09 03:07:46 17/05/21
1,96.6,11.889999,997.83,0.0,4.09 03:13:05 17/05/21
1,96.4,11.875,997.83,0.0,4.09 03:18:18 17/05/21
1,96.9,11.87,997.86,0.0,4.09 03:23:32 17/05/21
1,97.4,11.815001,997.81,0.0,4.1 03:28:46 17/05/21
1,96.8,11.8,997.84,0.0,4.09 03:33:59 17/05/21
1,97.5,11.79,997.77,0.0,4.09 03:39:13 17/05/21
1,97.3,11.775,997.76,0.0,4.09 03:44:26 17/05/21
2,97.6,11.715,997.78,0.0,4.09 03:49:40 17/05/21
1,98.1,11.71,997.78,0.0,4.09 03:54:54 17/05/21
2,98.2,11.71,997.78,0.0,4.09 04:00:08 17/05/21
1,98.5,11.765,997.72,0.0,4.09 04:05:25 17/05/21
1,99.3,11.775,997.67,0.0,4.09 04:10:43 17/05/21
1,99.3,11.785,997.74,0.0,4.09 04:15:55 17/05/21
1,98.4,11.785,997.8,0.0,4.09 04:21:10 17/05/21
2,99.5,11.79,997.71,0.0,4.09 04:26:24 17/05/21
2,99.9,11.8,997.76,0.0,4.09 04:31:37 17/05/21
2,99.9,11.8,997.78,0.0,4.09 04:36:51 17/05/21
3,99.8,11.855,997.78,0.0,4.09 04:42:08 17/05/21
2,99.9,11.815001,997.74,0.0,4.09 04:47:26 17/05/21
2,99.9,11.87,997.72,0.0,4.09 04:52:41 17/05/21
2,99.9,11.87,997.77,0.02,4.09 04:57:57 17/05/21
2,99.9,11.88,997.72,0.04,4.09 05:03:16 17/05/21
2,99.9,11.88,997.65,0.1,4.09 05:08:29 17/05/21
2,99.9,11.885,997.77,0.23,4.09 05:13:43 17/05/21
2,99.9,11.875,997.75,0.56,4.09 05:18:57 17/05/21
2,99.9,11.82,997.76,1.01,4.09 05:24:11 17/05/21
0,99.9,11.815001,997.81,1.59,4.09 05:29:24 17/05/21
1,99.9,11.860001,997.84,2.29,4.09 05:34:35 17/05/21
1,99.9,11.805,997.91,2.59,4.09 05:39:51 17/05/21
1,99.9,11.805,997.9,2.85,4.09 05:45:03 17/05/21
2,99.9,11.8,997.87,3.29,4.09 05:50:18 17/05/21
4,99.9,11.8,997.81,3.98,4.09 05:55:40 17/05/21
5,99.9,11.81,997.84,4.18,4.09 06:00:54 17/05/21
5,99.9,11.805,997.9,4.17,4.09 06:06:07 17/05/21
6,99.9,11.81,998.0,4.16,4.09 06:11:21 17/05/21
5,99.9,11.8,998.0,4.2,4.09 06:16:35 17/05/21
15,99.9,11.81,998.04,4.28,4.09 06:21:48 17/05/21
19,99.9,11.805,998.02,4.33,4.09 06:27:02 17/05/21
21,99.9,11.805,998.12,4.78,4.09 06:32:15 17/05/21
28,99.9,11.81,998.1,5.0,4.09 06:37:29 17/05/21
25,99.9,11.805,998.07,4.15,4.08 06:42:46 17/05/21
23,99.9,11.865,998.04,5.0,4.09 06:48:03 17/05/21
22,99.9,11.825001,998.13,4.26,4.09 06:53:18 17/05/21
22,99.9,11.889999,998.16,5.0,4.09 06:58:30 17/05/21
19,99.9,11.889999,998.17,5.0,4.09 07:03:46 17/05/21
11,99.9,11.835,998.2,4.25,4.09 07:09:00 17/05/21
12,99.9,11.83,998.31,4.7,4.09 07:14:13 17/05/21
10,99.9,11.82,998.23,5.0,4.09 07:19:26 17/05/21
25,99.9,11.87,998.19,5.0,4.09 07:24:40 17/05/21
22,99.9,11.875,998.19,5.0,4.09 07:29:54 17/05/21
18,99.9,11.905,998.25,4.61,4.1 07:35:05 17/05/21
22,99.9,11.915,998.29,5.0,4.09 07:40:21 17/05/21
22,99.9,11.99,998.25,5.0,4.1 07:45:34 17/05/21
23,99.9,12.0,998.28,4.17,4.1 07:50:49 17/05/21
23,99.9,12.075,998.29,5.0,4.1 07:56:05 17/05/21
21,99.9,12.1,998.3,5.0,4.1 08:01:22 17/05/21
28,99.9,12.125,998.34,5.0,4.1 08:06:36 17/05/21
56,99.9,12.190001,998.31,4.22,4.1 08:11:52 17/05/21
80,99.9,12.280001,998.43,5.0,4.1 08:17:05 17/05/21
55,99.9,12.305,998.51,4.16,4.1 08:22:27 17/05/21
59,99.9,12.315001,998.44,4.22,4.1 08:27:41 17/05/21
52,99.9,12.305,998.51,5.0,4.1 08:32:54 17/05/21
61,99.9,12.24,998.51,4.17,4.1 08:38:08 17/05/21
55,99.9,12.23,998.5,4.79,4.1 08:43:20 17/05/21
57,99.9,12.205,998.55,4.22,4.1 08:48:34 17/05/21
85,99.9,12.219999,998.49,4.2,4.11 08:53:48 17/05/21
69,99.9,12.29,998.6,5.0,4.11 08:59:01 17/05/21
79,99.9,12.31,998.59,4.16,4.11 09:04:17 17/05/21
89,99.9,12.405,998.61,4.38,4.12 09:09:28 17/05/21
79,99.9,12.58,998.65,4.87,4.12 09:14:43 17/05/21
45,99.9,12.635,998.58,4.45,4.11 09:19:55 17/05/21
40,99.9,12.719999,998.64,5.0,4.11 09:25:11 17/05/21
40,99.9,12.719999,998.64,5.0,4.11 09:30:27 17/05/21
40,99.9,12.7,998.59,5.0,4.11 09:35:38 17/05/21
52,99.9,12.684999,998.63,5.0,4.11 09:40:55 17/05/21
40,99.9,12.625,998.63,5.0,4.11 09:46:14 17/05/21
42,99.9,12.615,998.66,4.16,4.12 09:51:32 17/05/21
55,99.9,12.61,998.71,4.17,4.12 09:56:51 17/05/21
52,99.9,12.684999,998.73,4.23,4.13 10:02:02 17/05/21
60,99.9,12.77,998.71,5.0,4.14 10:07:16 17/05/21
72,99.9,12.895,998.7,4.22,4.15 10:12:31 17/05/21
53,99.9,13.15,998.8,4.22,4.13 10:17:45 17/05/21
42,99.9,13.12,998.74,4.72,4.12 10:22:59 17/05/21
58,99.9,13.04,998.8,4.22,4.13 10:28:11 17/05/21
71,99.9,13.025,998.87,4.34,4.13 10:33:26 17/05/21
91,99.9,13.01,998.88,4.17,4.14 10:38:40 17/05/21
76,99.9,13.01,998.9,4.79,4.14 10:43:53 17/05/21
70,99.9,13.030001,998.91,4.24,4.12 10:49:06 17/05/21
65,99.9,13.030001,998.9,4.17,4.14 10:54:22 17/05/21
62,99.9,13.01,998.84,4.39,4.13 10:59:33 17/05/21
55,99.9,12.924999,998.86,4.46,4.14 11:04:48 17/05/21
61,99.9,12.84,998.88,5.0,4.14 11:10:03 17/05/21
60,99.9,12.82,998.91,4.23,4.14 11:15:16 17/05/21
64,99.9,12.8,999.02,4.17,4.14 11:20:30 17/05/21
64,99.9,12.74,999.05,4.42,4.14 11:25:44 17/05/21
58,99.9,12.745,999.09,5.0,4.13 11:31:01 17/05/21
56,99.9,12.79,999.1,4.63,4.14 11:36:15 17/05/21
61,99.9,12.73,999.08,5.0,4.14 11:41:32 17/05/21
64,99.9,12.715,999.1,4.8,4.14 11:46:47 17/05/21
85,99.9,12.79,999.19,4.25,4.16 11:52:02 17/05/21
89,99.9,12.835,999.23,4.22,4.15 11:57:19 17/05/21
62,99.9,12.975,999.19,5.0,4.15 12:02:37 17/05/21
77,99.9,13.01,999.29,4.23,4.16 12:07:56 17/05/21
55,99.9,13.09,999.3,4.42,4.14 12:13:13 17/05/21
65,99.9,13.04,999.24,5.0,4.16 12:18:27 17/05/21
58,99.9,13.105,999.34,5.0,4.15 12:23:41 17/05/21
67,99.9,13.04,999.43,5.0,4.16 12:28:54 17/05/21
53,99.9,13.025,999.61,4.53,4.15 12:34:08 17/05/21
44,99.9,13.02,999.72,5.0,4.15 12:39:23 17/05/21
63,99.9,13.01,999.75,5.0,4.16 12:44:36 17/05/21
83,99.9,13.025,999.79,4.29,4.17 12:49:53 17/05/21
90,99.9,13.205,999.9,5.0,4.19 12:55:10 17/05/21
86,99.9,13.485001,1000.01,5.0,4.16 13:00:26 17/05/21
104,99.9,13.59,999.95,5.0,4.15 13:05:40 17/05/21
110,99.9,13.844999,1000.1,5.0,4.16 13:10:51 17/05/21
81,99.9,14.405001,1000.12,5.0,4.15 13:16:07 17/05/21
50,99.9,14.58,1000.15,5.0,4.15 13:21:21 17/05/21
64,99.9,14.41,1000.47,5.0,4.15 13:26:36 17/05/21
92,99.9,14.145,1000.42,5.0,4.15 13:31:54 17/05/21
94,99.9,14.11,1000.61,5.0,4.15 13:37:12 17/05/21
84,99.9,14.094999,1000.76,5.0,4.15 13:42:25 17/05/21
104,99.9,14.014999,1000.76,5.0,4.15 13:47:39 17/05/21
120,99.9,14.1,1000.95,5.0,4.15 13:52:53 17/05/21
71,99.9,14.38,1001.04,5.0,4.15 13:58:07 17/05/21
70,99.9,14.41,1001.18,5.0,4.15 14:03:19 17/05/21
65,99.9,14.5,1001.16,5.0,4.15 14:08:39 17/05/21
45,99.9,14.434999,1001.24,5.0,4.15 14:13:56 17/05/21
66,99.9,14.295,1001.43,5.0,4.15 14:19:13 17/05/21
67,99.9,14.315001,1001.37,5.0,4.15 14:24:26 17/05/21
55,99.9,14.47,1001.56,5.0,4.15 14:29:40 17/05/21
46,99.9,14.395,1001.57,5.0,4.15 14:34:53 17/05/21
37,99.9,14.41,1001.67,5.0,4.15 14:40:07 17/05/21
40,99.9,14.47,1001.76,5.0,4.15 14:45:21 17/05/21
24,99.9,14.475,1001.81,5.0,4.15 14:50:34 17/05/21
19,99.9,14.4,1001.96,5.0,4.15 14:55:49 17/05/21
36,99.9,14.295,1002.09,5.0,4.15 15:01:02 17/05/21
48,99.9,14.11,1002.2,5.0,4.14 15:06:17 17/05/21
56,99.9,14.025,1002.3,5.0,4.15 15:11:31 17/05/21
56,99.9,14.09,1002.33,5.0,4.15 15:16:46 17/05/21
49,99.9,14.184999,1002.39,5.0,4.14 15:22:04 17/05/21
34,99.9,14.265,1002.4,5.0,4.14 15:27:21 17/05/21
48,99.9,14.29,1002.64,5.0,4.15 15:32:34 17/05/21
49,99.9,14.32,1002.63,5.0,4.14 15:37:48 17/05/21
43,99.9,14.375,1002.73,5.0,4.15 15:43:03 17/05/21
32,99.9,14.305,1002.77,5.0,4.15 15:48:17 17/05/21
49,99.9,14.205,1002.9,5.0,4.14 15:53:31 17/05/21
32,99.9,14.285,1002.95,5.0,4.14 15:58:50 17/05/21
71,99.9,14.495,1002.97,5.0,4.14 16:04:08 17/05/21
73,99.9,15.05,1003.05,5.0,4.14 16:09:22 17/05/21
63,99.1,15.389999,1003.15,5.0,4.14 16:14:36 17/05/21
55,99.9,15.685,1003.07,5.0,4.14 16:19:48 17/05/21
81,97.5,15.875,1003.17,5.0,4.14 16:25:09 17/05/21
42,98.1,15.92,1003.24,5.0,4.14 16:30:27 17/05/21
24,96.8,15.765,1003.39,5.0,4.14 16:35:42 17/05/21
60,97.8,15.655,1003.56,5.0,4.14 16:40:55 17/05/21
70,97.7,15.72,1003.75,5.0,4.14 16:46:09 17/05/21
34,95.9,15.715,1003.82,5.0,4.14 16:51:23 17/05/21
82,97.3,15.57,1003.92,5.0,4.14 16:56:41 17/05/21
34,97.8,15.63,1003.99,5.0,4.14 17:02:00 17/05/21
47,97.4,15.55,1004.08,5.0,4.14 17:07:13 17/05/21
56,96.5,15.53,1004.13,5.0,4.14 17:12:28 17/05/21
50,96.6,15.455,1004.21,5.0,4.14 17:17:43 17/05/21
60,97.0,15.545,1004.3,5.0,4.14 17:22:57 17/05/21
53,97.5,15.635,1004.45,5.0,4.14 17:28:11 17/05/21
49,95.8,15.645,1004.44,5.0,4.14 17:33:25 17/05/21
46,96.0,15.655,1004.51,5.0,4.14 17:38:37 17/05/21
48,96.3,15.7300005,1004.6,5.0,4.14 17:43:53 17/05/21
32,95.3,15.64,1004.63,5.0,4.14 17:49:11 17/05/21
35,95.8,15.559999,1004.68,5.0,4.14 17:54:28 17/05/21
49,95.2,15.445,1004.81,5.0,4.14 17:59:44 17/05/21
27,95.6,15.275,1004.94,5.0,4.14 18:04:58 17/05/21
27,94.7,15.075,1004.91,5.0,4.14 18:10:14 17/05/21
28,95.2,14.9,1005.07,5.0,4.14 18:15:27 17/05/21
35,95.8,14.85,1005.05,5.0,4.13 18:20:41 17/05/21
32,95.0,14.705,1005.07,5.0,4.13 18:25:55 17/05/21
25,96.0,14.780001,1005.1,5.0,4.14 18:31:09 17/05/21
48,95.0,14.684999,1005.22,5.0,4.13 18:36:21 17/05/21
25,95.9,14.67,1005.24,5.0,4.13 18:41:37 17/05/21
24,94.7,14.59,1005.29,5.0,4.13 18:46:51 17/05/21
57,95.1,14.505,1005.34,5.0,4.13 18:52:05 17/05/21
53,95.0,14.485001,1005.5,5.0,4.13 18:57:22 17/05/21
51,93.7,14.360001,1005.48,5.0,4.13 19:02:41 17/05/21
47,94.7,14.315001,1005.48,5.0,4.13 19:08:04 17/05/21
48,94.6,14.360001,1005.51,5.0,4.13 19:13:20 17/05/21
32,94.0,14.265,1005.51,5.0,4.13 19:18:36 17/05/21
21,95.1,14.265,1005.56,5.0,4.13 19:23:55 17/05/21
20,94.5,14.195,1005.65,5.0,4.13 19:29:09 17/05/21
31,94.6,14.2,1005.64,5.0,4.13 19:34:21 17/05/21
20,94.9,14.184999,1005.76,5.0,4.13 19:39:36 17/05/21
37,94.5,14.175,1005.76,5.0,4.13 19:44:50 17/05/21
22,93.9,14.094999,1005.81,5.0,4.13 19:50:04 17/05/21
23,93.7,14.01,1005.9,5.0,4.13 19:55:31 17/05/21
21,94.4,14.014999,1005.99,5.0,4.13 20:01:01 17/05/21
22,94.5,14.005,1005.99,5.0,4.13 20:06:23 17/05/21
17,94.7,13.98,1006.1,5.0,4.13 20:11:43 17/05/21
23,94.1,13.87,1006.05,5.0,4.13 20:17:09 17/05/21
16,94.6,13.8,1006.07,5.0,4.13 20:22:25 17/05/21
18,94.3,13.7,1006.19,5.0,4.13 20:27:45 17/05/21
12,94.6,13.61,1006.2,5.0,4.13 20:33:02 17/05/21
12,94.8,13.514999,1006.27,5.0,4.13 20:38:21 17/05/21
11,94.8,13.475,1006.23,5.0,4.12 20:43:48 17/05/21
11,94.6,13.385,1006.31,5.0,4.13 20:49:10 17/05/21
5,92.9,13.72,1006.46,4.79,4.12 21:08:50 17/05/21
4,93.2,13.355,1006.55,4.39,4.12 21:14:04 17/05/21
4,93.9,13.025,1006.62,4.22,4.12 21:19:16 17/05/21
2,94.1,12.775,1006.59,4.05,4.12 21:24:39 17/05/21
1,94.2,12.639999,1006.58,3.53,4.12 21:29:53 17/05/21
0,94.4,12.465,1006.61,2.92,4.12 21:35:10 17/05/21
0,94.5,12.355,1006.62,2.3,4.12 21:40:29 17/05/21
0,94.6,12.190001,1006.65,1.65,4.12 21:45:46 17/05/21
0,94.6,12.08,1006.65,1.09,4.12 21:51:17 17/05/21
0,94.7,11.985001,1006.67,0.63,4.11 21:56:43 17/05/21
0,94.7,11.875,1006.66,0.3,4.12 22:01:57 17/05/21
0,94.8,11.77,1006.76,0.13,4.12 22:07:12 17/05/21
0,94.9,11.605,1006.85,0.05,4.12 22:12:28 17/05/21
0,94.9,11.5,1006.9,0.02,4.11 22:17:49 17/05/21
0,95.3,11.395,1006.94,0.0,4.11 22:23:09 17/05/21
0,95.9,11.32,1006.96,0.0,4.12 22:28:25 17/05/21
0,95.9,11.295,1006.92,0.0,4.11 22:33:40 17/05/21
0,96.1,11.3,1006.96,0.0,4.11 22:38:58 17/05/21
0,96.4,11.355,1006.92,0.0,4.11 22:44:15 17/05/21
0,96.8,11.389999,1006.99,0.0,4.11 22:49:37 17/05/21
0,97.8,11.465,1007.05,0.0,4.11 22:54:59 17/05/21
0,97.0,11.48,1007.08,0.0,4.11 23:00:18 17/05/21
0,97.3,11.5,1007.16,0.0,4.11 23:05:31 17/05/21
0,97.7,11.555,1007.2,0.0,4.11 23:10:49 17/05/21
0,98.1,11.58,1007.26,0.0,4.11 23:16:07 17/05/21
0,97.9,11.594999,1007.25,0.0,4.11 23:21:19 17/05/21
0,98.6,11.67,1007.31,0.0,4.11 23:26:35 17/05/21
0,99.3,11.705,1007.31,0.0,4.11 23:31:51 17/05/21
0,99.5,11.795,1007.37,0.0,4.11 23:37:10 17/05/21
0,99.2,11.860001,1007.36,0.0,4.11 23:42:27 17/05/21
0,99.2,11.885,1007.47,0.0,4.11 23:47:49 17/05/21
0,99.3,11.945,1007.45,0.0,4.11 23:53:08 17/05/21
0,99.1,11.945,1007.44,0.0,4.11 23:58:21 17/05/21
