0,99.9,11.955,1007.48,0.0,4.11 00:03:35 18/05/21
0,99.9,11.97,1007.43,0.0,4.11 00:08:48 18/05/21
0,99.6,11.97,1007.5,0.0,4.11 00:14:03 18/05/21
0,99.6,11.975,1007.53,0.0,4.11 00:19:19 18/05/21
0,99.8,11.98,1007.6,0.0,4.11 00:24:41 18/05/21
2,99.8,11.99,1007.7,0.0,4.11 00:30:04 18/05/21
1,99.9,12.059999,1007.74,0.0,4.11 00:35:30 18/05/21
2,99.9,12.049999,1007.71,0.0,4.11 00:40:50 18/05/21
2,99.9,11.98,1007.73,0.0,4.11 00:46:06 18/05/21
2,99.9,11.9,1007.73,0.0,4.11 00:51:20 18/05/21
2,99.9,11.87,1007.75,0.0,4.11 00:56:42 18/05/21
1,99.9,11.865,1007.84,0.0,4.11 01:01:56 18/05/21
1,99.9,11.795,1007.84,0.0,4.11 01:07:09 18/05/21
1,99.9,11.775,1007.88,0.0,4.11 01:12:23 18/05/21
1,99.9,11.715,1007.9,0.0,4.11 01:17:37 18/05/21
0,99.9,11.7,1007.83,0.0,4.11 01:22:51 18/05/21
0,99.9,11.690001,1007.88,0.0,4.11 01:28:04 18/05/21
0,99.9,11.675,1007.83,0.0,4.11 01:33:18 18/05/21
0,99.9,11.615,1007.73,0.0,4.11 01:38:29 18/05/21
0,99.9,11.59,1007.71,0.0,4.11 01:43:44 18/05/21
0,99.9,11.565,1007.8,0.0,4.11 01:48:56 18/05/21
0,99.9,11.5,1007.77,0.0,4.11 01:54:11 18/05/21
0,99.9,11.495,1007.84,0.0,4.11 01:59:25 18/05/21
0,99.9,11.49,1007.8,0.0,4.1 02:04:46 18/05/21
0,99.9,11.549999,1007.82,0.0,4.1 02:10:04 18/05/21
0,99.9,11.495,1007.78,0.0,4.11 02:15:21 18/05/21
0,99.9,11.495,1007.77,0.0,4.1 02:20:34 18/05/21
0,99.9,11.49,1007.79,0.0,4.1 02:25:50 18/05/21
0,99.9,11.495,1007.84,0.0,4.1 02:31:03 18/05/21
0,99.9,11.5,1007.84,0.0,4.1 02:36:15 18/05/21
0,99.9,11.49,1007.8,0.0,4.1 02:41:30 18/05/21
0,99.9,11.495,1007.84,0.0,4.1 02:46:44 18/05/21
0,99.9,11.5,1007.85,0.0,4.1 02:51:57 18/05/21
0,99.9,11.495,1007.88,0.0,4.1 02:57:19 18/05/21
0,99.9,11.505,1007.85,0.0,4.1 03:02:34 18/05/21
0,99.9,11.5,1007.91,0.0,4.1 03:07:50 18/05/21
0,99.9,11.495,1007.92,0.0,4.1 03:13:17 18/05/21
0,99.9,11.48,1007.93,0.0,4.1 03:18:39 18/05/21
0,99.9,11.475,1007.92,0.0,4.1 03:23:57 18/05/21
0,99.9,11.41,1007.97,0.0,4.1 03:29:13 18/05/21
0,99.9,11.37,1007.99,0.0,4.1 03:34:28 18/05/21
0,99.9,11.37,1008.04,0.0,4.1 03:39:42 18/05/21
0,99.9,11.360001,1008.04,0.0,4.1 03:44:59 18/05/21
0,99.9,11.305,1008.01,0.0,4.1 03:50:19 18/05/21
0,99.9,11.3,1008.01,0.0,4.1 03:55:31 18/05/21
0,99.9,11.29,1008.0,0.0,4.1 04:00:43 18/05/21
0,99.9,11.295,1008.02,0.0,4.1 04:05:59 18/05/21
0,99.9,11.29,1008.05,0.0,4.1 04:11:12 18/05/21
0,99.9,11.219999,1008.08,0.0,4.1 04:16:26 18/05/21
0,99.9,11.215,1008.14,0.0,4.1 04:21:39 18/05/21
0,99.9,11.195,1008.2,0.0,4.1 04:26:51 18/05/21
1,99.9,11.139999,1008.16,0.0,4.1 04:32:09 18/05/21
0,99.9,11.17,1008.11,0.0,4.1 04:37:29 18/05/21
0,99.9,11.155001,1008.09,0.0,4.1 04:42:42 18/05/21
0,99.9,11.11,1008.17,0.0,4.1 04:47:54 18/05/21
1,99.9,11.105,1008.24,0.01,4.1 04:53:12 18/05/21
1,99.9,11.1,1008.2,0.04,4.1 04:58:29 18/05/21
1,99.9,11.094999,1008.26,0.09,4.1 05:03:47 18/05/21
1,99.9,11.094999,1008.34,0.12,4.1 05:09:06 18/05/21
1,99.9,11.09,1008.36,0.28,4.1 05:14:20 18/05/21
2,99.9,11.09,1008.34,0.84,4.1 05:19:33 18/05/21
3,99.9,11.094999,1008.42,1.15,4.1 05:24:54 18/05/21
2,99.9,11.155001,1008.48,1.75,4.1 05:30:07 18/05/21
4,99.9,11.115,1008.43,2.22,4.1 05:35:22 18/05/21
5,99.9,11.165,1008.52,2.62,4.1 05:40:34 18/05/21
7,99.9,11.115,1008.52,3.24,4.1 05:45:52 18/05/21
11,99.9,11.184999,1008.54,4.19,4.1 05:51:12 18/05/21
14,99.9,11.184999,1008.55,4.16,4.09 05:56:38 18/05/21
18,99.9,11.2,1008.57,4.5,4.1 06:01:53 18/05/21
25,99.9,11.245001,1008.6,5.0,4.1 06:07:08 18/05/21
31,99.9,11.2,1008.64,4.69,4.1 06:12:22 18/05/21
30,99.9,11.190001,1008.64,5.0,4.1 06:17:35 18/05/21
23,99.9,11.205,1008.7,4.79,4.1 06:23:01 18/05/21
22,99.9,11.285,1008.77,4.66,4.1 06:28:24 18/05/21
28,99.9,11.285,1008.82,4.55,4.09 06:33:41 18/05/21
28,99.9,11.295,1008.88,4.53,4.1 06:38:55 18/05/21
40,99.9,11.3,1008.94,5.0,4.09 06:44:12 18/05/21
39,99.9,11.31,1008.98,4.39,4.1 06:49:29 18/05/21
40,99.9,11.31,1009.02,5.0,4.1 06:54:48 18/05/21
39,99.9,11.32,1009.0,4.42,4.1 07:00:06 18/05/21
42,99.9,11.37,1009.1,5.0,4.1 07:05:19 18/05/21
46,99.9,11.375,1009.09,4.17,4.1 07:10:37 18/05/21
55,99.9,11.395,1009.16,5.0,4.1 07:15:56 18/05/21
52,99.9,11.415,1009.14,5.0,4.1 07:21:10 18/05/21
55,99.9,11.415,1009.23,4.79,4.1 07:26:23 18/05/21
71,99.9,11.495,1009.24,5.0,4.1 07:31:36 18/05/21
68,99.9,11.5,1009.26,5.0,4.09 07:36:47 18/05/21
58,99.9,11.52,1009.31,5.0,4.11 07:42:01 18/05/21
65,99.9,11.585,1009.28,5.0,4.11 07:47:16 18/05/21
77,99.9,11.62,1009.34,4.31,4.11 07:52:28 18/05/21
49,99.9,11.71,1009.35,5.0,4.11 07:57:43 18/05/21
51,99.9,11.795,1009.47,4.48,4.11 08:02:57 18/05/21
44,99.9,11.905,1009.49,5.0,4.12 08:08:14 18/05/21
50,99.9,12.08,1009.53,4.17,4.12 08:13:37 18/05/21
43,99.9,12.295,1009.63,4.28,4.12 08:18:55 18/05/21
36,99.9,12.47,1009.68,4.64,4.12 08:24:08 18/05/21
40,99.9,12.445,1009.74,5.0,4.12 08:29:22 18/05/21
54,99.9,12.555,1009.82,5.0,4.13 08:34:39 18/05/21
46,99.9,12.674999,1009.81,5.0,4.14 08:39:49 18/05/21
36,99.9,12.83,1009.82,4.42,4.13 08:45:03 18/05/21
47,99.9,12.825001,1009.97,4.26,4.14 08:50:22 18/05/21
51,99.9,12.855,1010.02,4.19,4.15 08:55:38 18/05/21
45,99.9,12.93,1010.06,4.22,4.15 09:00:52 18/05/21
56,99.9,13.02,1010.16,4.25,4.15 09:06:07 18/05/21
66,99.9,13.005,1010.21,5.0,4.15 09:11:24 18/05/21
37,99.9,12.945,1010.26,4.24,4.14 09:16:41 18/05/21
54,99.9,12.92,1010.3,4.19,4.15 09:21:56 18/05/21
38,99.9,12.924999,1010.35,4.8,4.15 09:27:10 18/05/21
40,99.9,12.905,1010.4,4.25,4.15 09:32:23 18/05/21
42,99.9,12.81,1010.48,5.0,4.15 09:37:42 18/05/21
43,99.9,12.74,1010.5,4.38,4.16 09:43:01 18/05/21
44,99.9,12.735001,1010.52,4.22,4.16 09:48:14 18/05/21
37,99.9,12.81,1010.53,4.25,4.16 09:53:28 18/05/21
38,99.9,12.88,1010.52,5.0,4.16 09:58:43 18/05/21
44,99.9,12.905,1010.54,5.0,4.16 10:04:00 18/05/21
33,99.9,12.92,1010.54,4.34,4.16 10:09:15 18/05/21
38,99.9,12.915,1010.54,4.57,4.17 10:14:29 18/05/21
49,99.9,12.905,1010.51,4.26,4.17 10:19:48 18/05/21
59,99.9,13.01,1010.58,4.29,4.19 10:25:00 18/05/21
50,99.9,13.105,1010.62,5.0,4.15 10:30:16 18/05/21
44,99.9,13.26,1010.52,5.0,4.15 10:35:35 18/05/21
50,99.9,13.38,1010.49,5.0,4.15 10:40:46 18/05/21
67,99.9,13.63,1010.43,5.0,4.15 10:46:02 18/05/21
34,99.9,13.855,1010.44,5.0,4.16 10:51:15 18/05/21
62,99.9,14.049999,1010.52,5.0,4.15 10:56:30 18/05/21
36,99.9,14.245001,1010.46,5.0,4.15 11:01:44 18/05/21
42,99.9,14.255,1010.49,5.0,4.16 11:06:58 18/05/21
45,99.9,14.35,1010.52,5.0,4.15 11:12:15 18/05/21
37,99.9,14.365,1010.47,5.0,4.15 11:17:26 18/05/21
50,99.9,14.280001,1010.49,5.0,4.15 11:22:38 18/05/21
52,99.9,14.265,1010.51,5.0,4.15 11:27:54 18/05/21
62,99.9,14.504999,1010.4,5.0,4.15 11:33:16 18/05/21
52,99.9,14.700001,1010.32,5.0,4.15 11:38:30 18/05/21
34,99.9,14.815001,1010.42,5.0,4.15 11:43:42 18/05/21
33,99.9,14.780001,1010.41,5.0,4.15 11:48:58 18/05/21
66,99.9,14.92,1010.41,5.0,4.15 11:54:20 18/05/21
54,99.9,15.200001,1010.44,5.0,4.15 11:59:35 18/05/21
55,99.9,15.405001,1010.5,5.0,4.15 12:04:49 18/05/21
55,99.1,15.445,1010.5,5.0,4.14 12:10:04 18/05/21
51,99.9,15.535,1010.45,5.0,4.15 12:15:16 18/05/21
51,97.7,15.695001,1010.44,5.0,4.15 12:20:31 18/05/21
54,99.1,15.809999,1010.42,5.0,4.15 12:25:45 18/05/21
61,97.3,15.985,1010.34,5.0,4.14 12:31:10 18/05/21
57,96.9,16.175,1010.32,5.0,4.14 12:36:22 18/05/21
24,96.4,16.365,1010.44,5.0,4.14 12:41:40 18/05/21
58,95.4,16.31,1010.24,5.0,4.14 12:47:01 18/05/21
57,94.7,16.385,1010.2,5.0,4.14 12:52:14 18/05/21
60,94.7,16.494999,1010.17,5.0,4.14 12:57:36 18/05/21
55,94.1,16.75,1010.17,5.0,4.14 13:02:51 18/05/21
56,94.1,16.869999,1010.12,5.0,4.14 13:08:04 18/05/21
36,95.3,17.16,1010.08,5.0,4.14 13:13:19 18/05/21
57,93.5,17.18,1010.18,5.0,4.14 13:18:34 18/05/21
56,94.4,17.2,1010.17,5.0,4.14 13:23:48 18/05/21
53,91.3,17.355,1010.14,5.0,4.14 13:29:10 18/05/21
49,92.9,17.305,1010.22,5.0,4.14 13:34:25 18/05/21
51,92.1,17.375,1010.12,5.0,4.14 13:39:40 18/05/21
55,93.5,17.54,1010.13,5.0,4.14 13:44:54 18/05/21
53,93.0,17.73,1010.3,5.0,4.14 13:50:09 18/05/21
29,90.0,17.835,1010.26,5.0,4.14 13:55:25 18/05/21
55,88.6,17.545,1010.25,5.0,4.14 14:00:46 18/05/21
34,86.6,17.425,1010.21,5.0,4.14 14:06:03 18/05/21
55,85.6,17.235,1010.21,5.0,4.14 14:11:16 18/05/21
52,90.5,17.52,1010.17,5.0,4.14 14:16:29 18/05/21
53,86.4,17.75,1010.19,5.0,4.14 14:21:44 18/05/21
29,83.9,17.775002,1010.13,5.0,4.14 14:26:58 18/05/21
33,79.0,17.505001,1010.16,5.0,4.14 14:32:11 18/05/21
48,77.5,17.305,1010.21,5.0,4.14 14:37:25 18/05/21
53,84.7,17.21,1010.31,5.0,4.14 14:42:42 18/05/21
52,84.0,17.29,1010.27,5.0,4.14 14:47:56 18/05/21
27,85.4,17.465,1010.33,5.0,4.14 14:53:10 18/05/21
49,80.1,17.560001,1010.4,5.0,4.14 14:58:23 18/05/21
50,81.5,17.4,1010.38,5.0,4.14 15:03:43 18/05/21
44,86.9,17.545,1010.36,5.0,4.14 15:09:00 18/05/21
48,79.0,17.935,1010.51,5.0,4.14 15:14:20 18/05/21
23,75.9,17.974998,1010.37,5.0,4.14 15:19:40 18/05/21
28,79.1,17.795,1010.46,5.0,4.14 15:24:54 18/05/21
49,79.1,17.615,1010.45,5.0,4.14 15:30:12 18/05/21
48,81.2,17.82,1010.34,5.0,4.13 15:35:35 18/05/21
44,77.6,18.04,1010.36,5.0,4.13 15:40:55 18/05/21
45,77.2,18.314999,1010.4,5.0,4.13 15:46:13 18/05/21
26,78.6,18.34,1010.5,5.0,4.14 15:51:32 18/05/21
43,76.2,18.245,1010.47,5.0,4.13 15:56:47 18/05/21
42,80.5,18.48,1010.47,5.0,4.13 16:02:01 18/05/21
41,76.7,18.71,1010.53,5.0,4.13 16:07:16 18/05/21
40,76.2,18.75,1010.48,5.0,4.14 16:12:31 18/05/21
39,72.0,18.654999,1010.4,5.0,4.13 16:17:43 18/05/21
41,69.6,18.57,1010.5,5.0,4.13 16:23:00 18/05/21
41,72.4,18.54,1010.47,5.0,4.13 16:28:14 18/05/21
41,73.2,18.635,1010.44,5.0,4.13 16:33:29 18/05/21
42,73.5,18.8,1010.41,5.0,4.13 16:38:47 18/05/21
40,70.8,18.849998,1010.35,5.0,4.13 16:44:05 18/05/21
23,73.5,18.935,1010.42,5.0,4.13 16:49:21 18/05/21
42,69.1,18.7,1010.43,5.0,4.13 16:54:40 18/05/21
38,73.9,18.68,1010.49,5.0,4.13 16:59:59 18/05/21
38,72.3,18.740002,1010.51,5.0,4.13 17:05:14 18/05/21
37,69.8,18.695,1010.56,5.0,4.13 17:10:28 18/05/21
38,70.3,18.595001,1010.55,5.0,4.13 17:15:44 18/05/21
40,74.3,18.675,1010.59,5.0,4.13 17:20:58 18/05/21
38,73.2,18.605,1010.59,5.0,4.13 17:26:21 18/05/21
38,76.4,18.76,1010.61,5.0,4.13 17:31:35 18/05/21
35,78.3,19.005001,1010.64,5.0,4.13 17:36:50 18/05/21
29,72.4,18.974998,1010.71,5.0,4.13 17:42:05 18/05/21
30,72.9,18.825,1010.72,5.0,4.13 17:47:19 18/05/21
37,71.4,18.61,1010.76,5.0,4.13 17:52:35 18/05/21
17,72.3,18.415,1010.82,5.0,4.13 17:57:49 18/05/21
19,71.5,18.064999,1010.85,5.0,4.13 18:03:03 18/05/21
18,72.2,17.855,1010.94,5.0,4.13 18:08:17 18/05/21
18,73.7,17.645,1010.93,5.0,4.13 18:13:32 18/05/21
18,71.8,17.525,1010.93,5.0,4.13 18:18:47 18/05/21
34,73.3,17.37,1010.99,5.0,4.13 18:24:01 18/05/21
17,71.9,17.35,1011.0,5.0,4.13 18:29:16 18/05/21
35,74.0,17.33,1011.12,5.0,4.13 18:34:30 18/05/21
33,73.8,17.325,1011.04,5.0,4.13 18:39:44 18/05/21
32,75.9,17.335,1011.03,5.0,4.13 18:44:57 18/05/21
30,74.9,17.425,1011.03,5.0,4.13 18:50:13 18/05/21
32,72.4,17.439999,1011.01,5.0,4.13 18:55:38 18/05/21
32,74.1,17.5,1011.02,5.0,4.12 19:00:54 18/05/21
29,74.3,17.439999,1011.06,5.0,4.13 19:06:14 18/05/21
29,73.3,17.295,1011.06,5.0,4.12 19:11:28 18/05/21
25,73.4,17.27,1011.04,5.0,4.12 19:16:41 18/05/21
14,75.1,17.235,1011.09,5.0,4.12 19:21:57 18/05/21
13,74.4,17.15,1011.12,5.0,4.12 19:27:11 18/05/21
16,74.4,17.125,1011.2,5.0,4.12 19:32:27 18/05/21
17,73.8,17.055,1011.16,5.0,4.12 19:37:44 18/05/21
16,74.2,17.04,1011.23,5.0,4.12 19:43:03 18/05/21
17,74.2,16.945,1011.27,5.0,4.12 19:48:21 18/05/21
11,74.1,16.87,1011.4,5.0,4.12 19:53:40 18/05/21
10,72.6,16.77,1011.33,5.0,4.12 19:58:58 18/05/21
11,74.0,16.654999,1011.36,5.0,4.12 20:04:17 18/05/21
15,73.8,16.49,1011.48,5.0,4.12 20:09:35 18/05/21
12,73.9,16.42,1011.49,5.0,4.12 20:14:54 18/05/21
14,73.7,16.27,1011.6,5.0,4.12 20:20:16 18/05/21
11,73.8,16.15,1011.58,5.0,4.12 20:25:35 18/05/21
7,74.0,15.99,1011.67,5.0,4.12 20:30:52 18/05/21
7,73.9,15.860001,1011.72,5.0,4.12 20:36:07 18/05/21
7,74.4,15.68,1011.71,5.0,4.12 20:41:26 18/05/21
6,74.2,15.545,1011.7,4.99,4.12 20:46:45 18/05/21
6,74.5,15.379999,1011.87,5.0,4.12 20:51:59 18/05/21
5,74.5,15.26,1011.91,5.0,4.12 20:57:14 18/05/21
4,74.5,15.09,1011.93,4.67,4.12 21:02:28 18/05/21
4,74.9,14.97,1011.92,4.35,4.12 21:07:42 18/05/21
3,74.8,14.85,1011.9,4.23,4.12 21:12:56 18/05/21
2,74.8,14.67,1011.86,3.98,4.12 21:18:10 18/05/21
1,75.1,14.485001,1011.92,3.57,4.12 21:23:24 18/05/21
0,75.4,14.37,1012.06,3.11,4.12 21:28:38 18/05/21
0,75.6,14.195,1012.12,2.65,4.12 21:33:52 18/05/21
0,75.9,14.085,1012.17,2.19,4.12 21:39:04 18/05/21
0,76.2,13.97,1012.2,1.72,4.12 21:44:20 18/05/21
0,76.5,13.865,1012.36,1.13,4.11 21:49:37 18/05/21
0,77.0,13.780001,1012.46,0.6,4.11 21:54:55 18/05/21
0,77.7,13.75,1012.48,0.26,4.11 22:00:08 18/05/21
0,78.0,13.684999,1012.7,0.05,4.12 22:05:24 18/05/21
0,79.9,13.755,1012.75,0.01,4.11 22:10:36 18/05/21
0,81.8,13.780001,1012.95,0.0,4.11 22:16:00 18/05/21
0,83.4,13.895,1013.07,0.0,4.11 22:21:15 18/05/21
0,82.8,13.99,1013.18,0.0,4.11 22:26:28 18/05/21
0,83.0,13.924999,1013.23,0.0,4.11 22:31:42 18/05/21
0,83.0,13.905,1013.37,0.0,4.11 22:36:56 18/05/21
0,84.5,13.82,1013.41,0.0,4.11 22:42:08 18/05/21
0,85.3,13.719999,1013.5,0.0,4.11 22:47:23 18/05/21
0,85.8,13.57,1013.51,0.0,4.11 22:52:37 18/05/21
0,87.0,13.46,1013.59,0.0,4.11 22:57:51 18/05/21
4,89.2,13.285,1013.68,0.0,4.11 23:03:03 18/05/21
2,87.1,13.15,1013.65,0.0,4.11 23:08:19 18/05/21
3,85.7,13.094999,1013.62,0.0,4.11 23:13:33 18/05/21
2,84.9,12.92,1013.56,0.0,4.11 23:18:55 18/05/21
2,84.5,12.889999,1013.55,0.0,4.11 23:24:09 18/05/21
3,84.5,12.8,1013.51,0.0,4.11 23:29:23 18/05/21
3,86.5,12.765,1013.51,0.0,4.11 23:34:40 18/05/21
3,88.2,12.639999,1013.5,0.0,4.11 23:39:59 18/05/21
3,87.3,12.59,1013.51,0.0,4.1 23:45:11 18/05/21
3,86.8,12.49,1013.47,0.0,4.11 23:50:26 18/05/21
3,86.9,12.395,1013.46,0.0,4.11 23:55:44 18/05/21
