31,99.9,11.23,1009.24,3.86,3.66 07:23:51 26/05/21
39,99.9,10.985001,1009.14,4.36,3.67 07:29:09 26/05/21
35,99.9,10.71,1009.12,3.74,3.67 07:34:22 26/05/21
33,99.9,10.655001,1009.23,3.86,3.67 07:39:34 26/05/21
32,99.9,10.66,1009.27,3.79,3.68 07:44:47 26/05/21
40,99.9,10.66,1009.27,3.78,3.68 07:50:07 26/05/21
41,99.9,10.735001,1009.24,3.83,3.68 07:55:23 26/05/21
33,99.9,10.835,1009.23,5.0,3.68 08:00:38 26/05/21
36,99.9,10.865,1009.32,3.97,3.69 08:05:52 26/05/21
45,99.9,10.945,1009.25,4.45,3.69 08:11:10 26/05/21
38,99.9,11.115,1009.26,3.85,3.69 08:16:28 26/05/21
38,99.9,11.15,1009.2,3.78,3.69 08:21:41 26/05/21
40,99.9,11.165,1009.15,3.84,3.69 08:26:55 26/05/21
38,99.9,11.16,1009.23,4.01,3.69 08:32:08 26/05/21
42,99.9,11.165,1009.27,3.81,3.7 08:37:25 26/05/21
47,99.9,11.27,1009.28,3.79,3.71 08:42:41 26/05/21
51,99.9,11.37,1009.2,3.79,3.7 08:47:57 26/05/21
39,99.9,11.48,1009.17,3.77,3.69 08:53:10 26/05/21
31,99.9,11.505,1009.15,4.39,3.67 08:58:22 26/05/21
35,99.9,11.495,1009.27,5.0,3.7 09:03:36 26/05/21
39,99.9,11.465,1009.22,5.0,3.69 09:08:52 26/05/21
26,99.9,11.395,1009.25,3.79,3.69 09:14:05 26/05/21
45,99.9,11.31,1009.27,5.0,3.7 09:19:17 26/05/21
62,99.9,11.395,1009.22,3.79,3.71 09:24:30 26/05/21
52,99.9,11.575,1009.22,5.0,3.71 09:29:45 26/05/21
42,99.9,11.835,1009.13,3.8,3.71 09:34:57 26/05/21
46,99.9,11.955,1009.13,5.0,3.72 09:40:12 26/05/21
38,99.9,12.059999,1009.15,4.34,3.72 09:45:25 26/05/21
37,99.9,12.165,1009.17,3.76,3.71 09:50:39 26/05/21
52,99.9,12.18,1009.07,3.92,3.73 09:55:51 26/05/21
64,99.9,12.18,1009.05,3.82,3.73 10:01:07 26/05/21
43,99.9,12.245001,1009.0,3.86,3.72 10:06:21 26/05/21
60,99.9,12.27,1009.03,3.88,3.78 10:11:34 26/05/21
54,99.9,12.5,1009.04,3.85,3.76 10:16:51 26/05/21
55,99.9,12.66,1008.96,3.87,3.77 10:22:12 26/05/21
27,99.9,12.905001,1009.02,5.0,3.73 10:27:25 26/05/21
33,99.9,12.87,1009.05,3.92,3.74 10:32:47 26/05/21
37,99.9,12.855,1008.98,3.82,3.74 10:38:01 26/05/21
36,99.9,12.85,1008.95,3.89,3.75 10:43:14 26/05/21
61,99.9,12.945,1008.91,3.97,3.82 10:48:37 26/05/21
45,99.9,13.225,1008.9,4.22,3.75 10:53:51 26/05/21
55,99.9,13.33,1008.84,4.0,3.76 10:59:16 26/05/21
18,99.9,13.35,1008.84,3.96,3.74 11:04:35 26/05/21
18,99.9,13.184999,1008.9,4.81,3.73 11:09:48 26/05/21
41,99.9,13.075,1008.8,5.0,3.74 11:15:02 26/05/21
68,99.9,13.055,1008.84,3.93,3.81 11:20:14 26/05/21
73,99.9,13.32,1008.77,3.96,3.83 11:25:30 26/05/21
48,99.9,13.685,1008.71,5.0,3.78 11:30:44 26/05/21
53,99.9,13.895,1008.81,4.04,3.78 11:36:02 26/05/21
35,99.9,14.025,1008.81,3.88,3.76 11:41:20 26/05/21
47,99.9,14.045,1008.83,4.03,3.78 11:46:41 26/05/21
45,99.9,14.055,1008.78,3.95,3.77 11:51:58 26/05/21
40,99.9,14.03,1008.78,3.96,3.77 11:57:10 26/05/21
49,99.9,14.105,1008.79,3.99,3.78 12:02:25 26/05/21
77,98.4,14.065,1008.83,4.0,3.85 12:07:37 26/05/21
80,98.8,14.13,1008.77,4.04,3.87 12:12:52 26/05/21
81,99.9,14.41,1008.81,4.08,3.89 12:18:06 26/05/21
78,99.4,14.775,1008.91,4.05,3.88 12:23:24 26/05/21
74,99.5,14.985,1008.8,4.04,3.88 12:28:43 26/05/21
75,98.1,15.195,1008.8,4.05,3.89 12:34:02 26/05/21
74,98.9,15.465,1008.87,4.08,3.91 12:39:19 26/05/21
48,96.4,15.67,1008.85,3.93,3.84 12:44:34 26/05/21
38,97.8,15.7,1008.83,4.23,3.82 12:49:48 26/05/21
57,96.4,15.53,1008.89,3.94,3.85 12:55:03 26/05/21
74,96.7,15.514999,1008.9,4.1,3.92 13:00:14 26/05/21
58,97.7,15.785,1008.87,3.99,3.88 13:05:32 26/05/21
59,96.5,15.895,1008.73,3.98,3.89 13:10:44 26/05/21
79,96.9,15.995,1008.81,4.14,3.95 13:15:59 26/05/21
53,95.9,16.015,1008.77,5.0,3.86 13:21:14 26/05/21
31,94.5,15.84,1008.74,3.95,3.84 13:26:27 26/05/21
45,94.3,15.72,1008.78,5.0,3.84 13:31:40 26/05/21
15,91.9,15.370001,1009.03,5.0,3.82 13:36:56 26/05/21
40,93.3,14.65,1009.57,5.0,3.82 13:42:08 26/05/21
69,93.3,13.98,1009.35,3.92,3.84 13:47:24 26/05/21
84,94.1,13.575001,1009.22,4.47,3.84 13:52:37 26/05/21
85,95.5,13.485001,1009.24,3.92,3.85 13:57:59 26/05/21
100,96.1,13.47,1009.26,3.99,3.88 14:03:14 26/05/21
142,98.0,13.625,1009.2,4.19,3.97 14:08:36 26/05/21
100,99.6,14.014999,1009.31,3.97,3.88 14:13:53 26/05/21
96,98.1,14.15,1009.22,4.07,3.88 14:19:05 26/05/21
106,97.9,14.1,1009.27,4.04,3.88 14:24:21 26/05/21
146,99.4,14.245001,1009.17,4.32,4.04 14:29:33 26/05/21
62,99.7,14.725,1009.25,4.06,3.92 14:34:47 26/05/21
53,98.2,15.025,1009.25,4.02,3.91 14:39:59 26/05/21
59,97.6,15.04,1009.22,4.01,3.92 14:45:14 26/05/21
51,97.2,15.059999,1009.19,3.99,3.92 14:50:28 26/05/21
44,97.8,15.13,1009.17,4.01,3.92 14:55:42 26/05/21
41,95.6,15.04,1009.23,4.05,3.91 15:01:02 26/05/21
40,94.9,14.815001,1009.33,4.93,3.91 15:06:24 26/05/21
74,94.9,14.785,1009.32,4.18,4.01 15:11:40 26/05/21
36,94.2,14.925,1009.24,5.0,3.92 15:16:55 26/05/21
51,93.3,14.785,1009.5,4.04,3.95 15:22:12 26/05/21
44,92.2,14.684999,1009.6,4.0,3.93 15:27:23 26/05/21
36,93.4,14.6,1009.7,5.0,3.93 15:32:36 26/05/21
42,92.4,14.415,1009.71,5.0,3.92 15:37:50 26/05/21
47,92.7,14.23,1009.74,5.0,3.94 15:43:05 26/05/21
54,94.2,14.295,1009.75,4.04,3.96 15:48:20 26/05/21
74,94.1,14.46,1009.81,4.18,4.02 15:53:33 26/05/21
55,94.6,14.815001,1009.87,4.21,3.94 15:58:48 26/05/21
40,92.9,14.67,1009.89,4.02,3.94 16:04:01 26/05/21
45,92.0,14.48,1009.89,4.16,3.95 16:09:17 26/05/21
82,93.1,14.335,1010.02,4.26,4.06 16:14:29 26/05/21
42,94.2,14.6,1009.99,4.12,3.96 16:19:47 26/05/21
38,93.0,14.745001,1010.05,4.02,3.95 16:25:04 26/05/21
50,93.6,14.68,1010.05,5.0,3.96 16:30:20 26/05/21
73,93.5,14.76,1010.0,4.17,4.03 16:35:36 26/05/21
44,93.9,14.940001,1010.05,4.41,3.96 16:40:52 26/05/21
56,92.9,14.875,1010.02,4.09,3.99 16:46:09 26/05/21
55,94.1,14.88,1009.97,4.1,3.99 16:51:25 26/05/21
45,93.7,15.07,1010.07,4.12,3.97 16:56:39 26/05/21
47,93.6,15.005,1010.11,4.13,3.94 17:01:54 26/05/21
36,93.5,15.07,1010.08,4.11,3.98 17:07:05 26/05/21
73,93.4,15.07,1009.98,4.2,4.05 17:12:21 26/05/21
15,94.0,15.15,1010.19,4.01,3.96 17:17:34 26/05/21
36,93.2,15.014999,1010.1,4.03,3.98 17:22:48 26/05/21
65,93.5,14.975,1010.07,4.16,4.04 17:28:05 26/05/21
28,94.1,15.22,1010.09,5.0,3.98 17:33:17 26/05/21
31,92.0,15.165,1010.13,5.0,3.98 17:38:34 26/05/21
66,91.9,15.059999,1010.04,4.17,4.05 17:43:46 26/05/21
27,92.5,15.165,1010.06,4.15,3.99 17:49:08 26/05/21
65,91.7,15.325,1010.07,4.17,4.05 17:54:22 26/05/21
32,92.0,15.365,1010.17,4.14,4.0 17:59:35 26/05/21
31,91.4,15.379999,1010.21,5.0,4.0 18:04:49 26/05/21
61,91.0,15.29,1010.25,4.16,4.06 18:10:03 26/05/21
62,90.2,15.18,1010.23,4.16,4.06 18:15:20 26/05/21
34,89.9,15.1,1010.27,4.09,4.01 18:20:34 26/05/21
62,90.8,15.075,1010.4,4.15,4.06 18:25:49 26/05/21
22,90.4,15.059999,1010.37,5.0,4.01 18:30:59 26/05/21
57,89.0,14.92,1010.34,4.22,4.06 18:36:14 26/05/21
56,86.8,14.885,1010.29,4.14,4.06 18:41:28 26/05/21
61,85.7,14.8,1010.36,4.23,4.05 18:46:47 26/05/21
55,85.8,14.79,1010.4,4.15,4.05 18:52:07 26/05/21
41,87.9,14.8,1010.38,5.0,4.03 18:57:21 26/05/21
45,87.3,14.785,1010.46,4.13,4.03 19:02:35 26/05/21
22,86.3,14.7,1010.38,5.0,4.01 19:07:48 26/05/21
24,85.5,14.575,1010.5,5.0,4.02 19:13:06 26/05/21
34,85.1,14.475,1010.44,4.13,4.05 19:18:23 26/05/21
26,85.9,14.33,1010.55,4.08,4.02 19:23:39 26/05/21
20,86.2,14.305,1010.58,4.41,4.02 19:28:51 26/05/21
28,86.5,14.219999,1010.58,4.08,4.02 19:34:09 26/05/21
22,87.0,14.2,1010.65,4.57,4.02 19:39:20 26/05/21
22,87.2,14.175,1010.63,5.0,4.02 19:44:34 26/05/21
23,87.8,14.18,1010.68,5.0,4.02 19:49:49 26/05/21
15,88.3,14.12,1010.71,4.08,4.02 19:55:03 26/05/21
13,88.2,14.175,1010.79,4.08,4.02 20:00:15 26/05/21
14,87.8,14.094999,1010.82,5.0,4.01 20:05:29 26/05/21
14,87.7,14.02,1010.85,5.0,4.01 20:10:42 26/05/21
15,88.3,14.005,1010.9,4.08,4.02 20:15:58 26/05/21
16,89.5,14.049999,1010.92,4.08,4.02 20:21:16 26/05/21
14,88.9,14.005,1011.04,4.1,4.02 20:26:39 26/05/21
15,89.1,13.99,1011.02,5.0,4.02 20:31:58 26/05/21
14,89.7,13.985001,1010.97,4.08,4.02 20:37:10 26/05/21
11,89.3,13.895,1011.05,5.0,4.01 20:42:28 26/05/21
7,89.8,13.885,1011.07,4.65,4.01 20:47:37 26/05/21
4,90.0,13.81,1011.19,4.33,4.01 20:52:51 26/05/21
3,90.2,13.775,1011.18,4.45,4.01 20:58:06 26/05/21
9,90.3,13.705,1011.27,4.33,4.01 21:03:21 26/05/21
6,90.3,13.684999,1011.23,4.09,4.01 21:08:33 26/05/21
3,90.3,13.67,1011.25,3.89,4.01 21:13:56 26/05/21
2,90.5,13.665,1011.3,3.53,4.01 21:19:09 26/05/21
1,90.8,13.639999,1011.31,2.97,4.01 21:24:30 26/05/21
0,90.3,13.575,1011.43,2.52,4.01 21:29:51 26/05/21
0,90.8,13.525,1011.52,2.21,4.01 21:35:11 26/05/21
0,90.9,13.555,1011.54,1.93,4.01 21:40:26 26/05/21
0,90.8,13.49,1011.53,1.9,4.01 21:45:54 26/05/21
0,91.0,13.485001,1011.62,1.63,4.01 21:51:09 26/05/21
0,90.9,13.405,1011.71,1.25,4.01 21:56:20 26/05/21
0,91.3,13.38,1011.74,0.76,4.01 22:01:34 26/05/21
0,91.3,13.3,1011.73,0.34,4.01 22:06:49 26/05/21
0,91.6,13.295,1011.82,0.16,4.01 22:12:03 26/05/21
0,91.7,13.285,1011.82,0.07,4.01 22:17:20 26/05/21
0,91.8,13.215,1011.81,0.03,4.01 22:22:31 26/05/21
0,92.0,13.21,1011.9,0.01,4.01 22:27:43 26/05/21
0,92.0,13.195,1011.94,0.0,4.01 22:32:58 26/05/21
0,92.2,13.195,1011.96,0.0,4.01 22:38:16 26/05/21
0,92.2,13.2,1012.01,0.0,4.01 22:43:35 26/05/21
0,92.3,13.190001,1012.11,0.0,4.01 22:48:47 26/05/21
0,92.3,13.18,1012.12,0.0,4.01 22:54:02 26/05/21
0,92.6,13.17,1012.15,0.0,4.01 22:59:16 26/05/21
0,92.5,13.115,1012.15,0.0,4.01 23:04:30 26/05/21
0,92.5,13.105,1012.21,0.0,4.01 23:09:48 26/05/21
0,92.9,13.105,1012.28,0.0,4.01 23:15:06 26/05/21
0,92.7,13.09,1012.3,0.0,4.01 23:20:20 26/05/21
0,92.7,13.085,1012.34,0.0,4.0 23:25:34 26/05/21
0,92.8,13.08,1012.4,0.0,4.01 23:30:46 26/05/21
0,92.8,13.065,1012.45,0.0,4.01 23:36:01 26/05/21
0,92.8,13.059999,1012.49,0.0,4.01 23:41:13 26/05/21
0,92.9,13.055,1012.47,0.0,4.01 23:46:30 26/05/21
0,93.3,12.99,1012.46,0.0,4.01 23:51:44 26/05/21
0,93.1,12.99,1012.52,0.0,4.01 23:56:56 26/05/21
