168,85.7,16.415,1022.07,0.0,4.04 00:01:56 01/06/19
167,86.2,16.34,1022.02,0.0,4.04 00:07:11 01/06/19
167,89.3,16.27,1022.04,0.0,4.04 00:12:25 01/06/19
166,86.7,16.305,1022.02,0.0,4.04 00:17:40 01/06/19
166,87.3,16.16,1022.03,0.0,4.03 00:22:55 01/06/19
166,87.7,16.06,1021.96,0.0,4.04 00:28:08 01/06/19
165,89.0,15.940001,1021.96,0.0,4.03 00:33:23 01/06/19
167,87.0,15.815001,1021.93,0.0,4.04 00:38:35 01/06/19
164,87.5,15.655,1021.87,0.0,4.03 00:43:55 01/06/19
165,87.5,15.54,1021.86,0.0,4.03 00:49:14 01/06/19
165,88.0,15.424999,1021.88,0.0,4.03 00:54:27 01/06/19
165,88.4,15.25,1021.85,0.0,4.03 00:59:42 01/06/19
165,88.2,15.145,1021.85,0.0,4.03 01:04:55 01/06/19
165,89.8,15.049999,1021.86,0.0,4.03 01:10:11 01/06/19
164,89.0,14.955,1021.82,0.0,4.03 01:15:24 01/06/19
164,89.0,14.84,1021.72,0.0,4.03 01:20:38 01/06/19
165,90.0,14.809999,1021.72,0.0,4.03 01:25:52 01/06/19
163,90.0,14.725,1021.66,0.0,4.03 01:31:07 01/06/19
163,89.7,14.639999,1021.67,0.0,4.03 01:36:22 01/06/19
163,90.1,14.559999,1021.62,0.0,4.02 01:41:37 01/06/19
163,90.0,14.53,1021.56,0.0,4.02 01:46:51 01/06/19
162,90.3,14.445,1021.51,0.0,4.02 01:52:06 01/06/19
163,90.4,14.425,1021.54,0.0,4.02 01:57:17 01/06/19
164,90.6,14.35,1021.54,0.0,4.02 02:02:31 01/06/19
162,90.5,14.325,1021.48,0.0,4.02 02:07:47 01/06/19
162,90.5,14.245001,1021.46,0.0,4.02 02:13:02 01/06/19
161,90.3,14.22,1021.46,0.0,4.02 02:18:16 01/06/19
162,91.1,14.15,1021.36,0.0,4.02 02:23:30 01/06/19
162,91.0,14.075,1021.37,0.0,4.02 02:28:44 01/06/19
163,90.6,14.049999,1021.33,0.0,4.02 02:33:56 01/06/19
162,91.2,14.035,1021.36,0.0,4.01 02:39:13 01/06/19
162,90.9,14.025,1021.37,0.0,4.01 02:44:26 01/06/19
162,90.8,14.02,1021.4,0.0,4.01 02:49:40 01/06/19
163,90.9,14.025,1021.3,0.0,4.01 02:54:52 01/06/19
163,92.4,14.035,1021.31,0.0,4.01 03:00:08 01/06/19
162,91.5,14.1,1021.32,0.0,4.01 03:05:22 01/06/19
163,91.0,14.055,1021.27,0.0,4.01 03:10:36 01/06/19
163,91.9,14.049999,1021.21,0.0,4.01 03:15:49 01/06/19
162,92.5,14.049999,1021.21,0.0,4.01 03:21:08 01/06/19
163,92.9,14.045,1021.16,0.0,4.01 03:26:26 01/06/19
163,91.9,14.04,1021.17,0.0,4.01 03:31:41 01/06/19
164,91.7,14.03,1021.16,0.0,4.01 03:36:57 01/06/19
162,92.1,14.03,1021.13,0.0,4.0 03:42:14 01/06/19
164,91.7,14.02,1021.13,0.0,4.01 03:47:32 01/06/19
165,92.7,14.004999,1021.12,0.0,4.01 03:52:46 01/06/19
167,92.6,13.955,1021.13,0.0,4.01 03:58:00 01/06/19
169,93.2,13.940001,1021.11,0.0,4.01 04:03:14 01/06/19
171,92.4,13.92,1021.15,0.0,4.0 04:08:29 01/06/19
173,93.2,13.860001,1021.18,0.0,4.0 04:13:46 01/06/19
178,92.9,13.895,1021.27,0.0,4.0 04:19:05 01/06/19
184,92.2,13.825,1021.19,0.0,4.0 04:24:19 01/06/19
190,92.0,13.75,1021.16,0.01,4.0 04:29:33 01/06/19
198,92.6,13.73,1021.13,0.03,4.0 04:34:46 01/06/19
209,92.3,13.72,1021.11,0.07,4.0 04:40:00 01/06/19
221,92.1,13.71,1021.15,0.13,4.0 04:45:15 01/06/19
237,93.8,13.71,1021.16,0.26,4.0 04:50:29 01/06/19
257,92.8,13.655001,1021.16,0.49,4.0 04:55:46 01/06/19
282,93.0,13.639999,1021.13,0.89,4.0 05:00:58 01/06/19
314,92.9,13.62,1021.16,1.52,4.0 05:06:12 01/06/19
354,93.1,13.549999,1021.12,2.43,4.0 05:11:26 01/06/19
417,93.0,13.525,1021.12,3.95,4.0 05:16:39 01/06/19
458,94.0,13.51,1021.25,4.12,4.0 05:21:53 01/06/19
474,94.0,13.51,1021.26,4.08,4.0 05:27:14 01/06/19
499,94.7,13.47,1021.23,4.09,4.0 05:32:35 01/06/19
531,94.7,13.51,1021.22,4.26,4.0 05:37:53 01/06/19
557,94.7,13.445,1021.26,4.7,4.0 05:43:05 01/06/19
585,95.5,13.425,1021.27,4.07,3.99 05:48:21 01/06/19
606,94.3,13.344999,1021.29,4.17,3.99 05:53:36 01/06/19
624,93.5,13.325,1021.22,5.0,3.99 05:58:49 01/06/19
642,93.2,13.315001,1021.24,4.27,4.0 06:04:07 01/06/19
662,94.2,13.305,1021.25,4.18,4.0 06:09:25 01/06/19
681,94.3,13.299999,1021.24,4.79,4.0 06:14:38 01/06/19
702,94.1,13.309999,1021.35,4.72,4.0 06:19:54 01/06/19
712,93.6,13.315001,1021.23,4.47,4.01 06:25:08 01/06/19
720,93.6,13.344999,1021.33,5.0,4.0 06:30:26 01/06/19
720,92.6,13.42,1021.31,4.08,4.01 06:35:48 01/06/19
726,93.5,13.504999,1021.3,4.1,4.02 06:41:05 01/06/19
732,93.7,13.535,1021.26,4.86,4.02 06:46:19 01/06/19
735,93.6,13.610001,1021.23,5.0,4.02 06:51:35 01/06/19
770,95.5,13.715,1021.22,4.77,4.02 06:56:48 01/06/19
780,94.6,13.805,1021.26,5.0,4.02 07:02:00 01/06/19
795,94.3,13.83,1021.17,4.08,4.03 07:07:16 01/06/19
809,95.6,13.985,1021.12,5.0,4.04 07:12:30 01/06/19
818,95.1,14.094999,1021.18,4.19,4.04 07:17:43 01/06/19
822,97.5,14.285,1021.15,4.33,4.05 07:22:57 01/06/19
825,97.2,14.485,1021.26,4.15,4.05 07:28:16 01/06/19
829,95.5,14.675,1021.28,5.0,4.07 07:33:35 01/06/19
830,95.0,14.87,1021.4,4.2,4.08 07:38:49 01/06/19
838,94.1,15.065001,1021.3,4.2,4.09 07:44:04 01/06/19
842,95.8,15.345,1021.32,5.0,4.11 07:49:18 01/06/19
846,95.1,15.745001,1021.3,4.17,4.12 07:54:31 01/06/19
845,95.4,16.32,1021.38,5.0,4.16 07:59:51 01/06/19
850,93.8,16.805,1021.43,5.0,4.13 08:05:10 01/06/19
856,94.1,17.265,1021.37,5.0,4.11 08:10:24 01/06/19
862,94.4,17.880001,1021.43,4.77,4.12 08:15:46 01/06/19
857,93.1,18.494999,1021.47,5.0,4.13 08:21:00 01/06/19
861,92.7,18.82,1021.51,5.0,4.11 08:26:17 01/06/19
857,92.0,18.99,1021.51,4.21,4.13 08:31:31 01/06/19
858,91.8,19.185001,1021.49,5.0,4.14 08:36:46 01/06/19
867,91.5,19.345,1021.44,5.0,4.12 08:42:00 01/06/19
870,91.5,19.305,1021.42,5.0,4.11 08:47:14 01/06/19
864,91.5,19.275002,1021.48,5.0,4.11 08:52:29 01/06/19
873,91.1,19.25,1021.42,4.24,4.15 08:57:45 01/06/19
872,91.5,19.205,1021.41,5.0,4.14 09:02:59 01/06/19
877,91.9,19.27,1021.38,5.0,4.12 09:08:20 01/06/19
898,86.3,23.445,1021.18,5.0,4.13 11:11:05 01/06/19
899,89.1,23.425,1021.11,5.0,4.13 11:16:22 01/06/19
900,87.5,23.31,1021.05,5.0,4.12 11:21:37 01/06/19
891,88.7,23.17,1021.02,5.0,4.11 11:26:59 01/06/19
900,89.2,23.25,1021.02,5.0,4.11 11:32:22 01/06/19
905,87.4,23.34,1021.03,5.0,4.1 11:37:37 01/06/19
904,90.2,23.51,1020.98,5.0,4.22 11:42:58 01/06/19
904,89.2,23.814999,1020.97,5.0,4.15 11:48:12 01/06/19
907,89.0,24.015,1020.89,5.0,4.14 11:53:30 01/06/19
862,83.9,24.145,1020.89,5.0,4.13 11:58:43 01/06/19
865,86.9,24.130001,1020.97,5.0,4.12 12:13:25 01/06/19
910,83.2,25.77,1020.9,5.0,4.12 12:19:08 01/06/19
911,84.0,25.619999,1020.9,5.0,4.13 12:24:22 01/06/19
889,83.0,25.375,1020.92,5.0,4.13 12:29:37 01/06/19
912,84.6,25.31,1020.97,5.0,4.12 12:34:58 01/06/19
910,86.5,25.415,1020.88,5.0,4.12 12:40:16 01/06/19
887,83.6,25.595001,1020.8,5.0,4.11 12:45:38 01/06/19
911,84.8,25.84,1020.74,5.0,4.22 12:56:32 01/06/19
909,82.0,25.96,1020.6,5.0,4.15 13:07:10 01/06/19
910,84.3,26.185,1020.53,5.0,4.13 13:17:52 01/06/19
910,83.9,26.12,1020.29,5.0,4.12 13:28:34 01/06/19
911,83.6,26.505001,1020.28,5.0,4.12 13:39:13 01/06/19
902,83.0,26.635,1020.29,5.0,4.11 13:49:55 01/06/19
911,79.6,26.535,1020.17,5.0,4.11 14:00:35 01/06/19
861,80.8,26.880001,1019.98,4.26,4.16 14:11:16 01/06/19
910,83.7,26.939999,1019.82,5.0,4.14 14:21:55 01/06/19
895,78.3,27.32,1019.71,5.0,4.13 14:32:37 01/06/19
908,80.2,27.6,1019.6,5.0,4.12 14:43:18 01/06/19
876,78.9,27.46,1019.48,5.0,4.11 14:54:08 01/06/19
903,74.2,27.11,1019.37,5.0,4.11 15:04:50 01/06/19
905,79.7,27.49,1019.21,5.0,4.21 15:15:31 01/06/19
878,79.0,28.095001,1019.17,5.0,4.15 15:26:10 01/06/19
904,72.6,28.189999,1019.09,5.0,4.13 15:36:52 01/06/19
904,78.3,28.314999,1018.97,5.0,4.12 15:47:42 01/06/19
904,77.4,28.505001,1018.85,5.0,4.11 15:58:31 01/06/19
899,67.5,28.779999,1018.63,5.0,4.11 16:09:14 01/06/19
901,72.4,28.705,1018.69,5.0,4.21 16:19:55 01/06/19
856,68.8,28.755,1018.62,5.0,4.15 16:30:38 01/06/19
897,72.7,28.470001,1018.54,5.0,4.13 16:41:28 01/06/19
886,71.1,28.724998,1018.34,5.0,4.13 16:52:08 01/06/19
892,70.3,28.415,1018.33,5.0,4.12 17:02:48 01/06/19
887,66.6,28.275,1018.23,5.0,4.11 17:13:31 01/06/19
885,71.1,28.445,1018.09,5.0,4.22 17:24:17 01/06/19
885,66.0,28.665,1017.99,5.0,4.15 17:35:05 01/06/19
879,69.2,28.665,1017.89,5.0,4.14 17:45:43 01/06/19
876,69.9,28.545,1017.76,5.0,4.12 17:56:30 01/06/19
877,67.6,28.395,1017.59,5.0,4.12 18:07:16 01/06/19
823,64.5,28.225,1017.48,5.0,4.11 18:17:57 01/06/19
855,66.3,27.994999,1017.49,5.0,4.11 18:28:38 01/06/19
868,67.2,27.630001,1017.42,4.31,4.18 18:39:20 01/06/19
864,66.1,27.54,1017.33,5.0,4.15 18:49:59 01/06/19
857,64.9,27.34,1017.32,5.0,4.13 19:00:42 01/06/19
847,65.2,27.335,1017.22,5.0,4.13 19:11:21 01/06/19
793,66.2,27.225,1017.18,5.0,4.12 19:22:02 01/06/19
768,65.7,27.14,1017.16,5.0,4.11 19:32:50 01/06/19
755,67.1,26.865,1017.02,4.32,4.11 19:43:35 01/06/19
745,65.8,26.654999,1016.92,4.71,4.15 19:54:22 01/06/19
742,65.6,26.474998,1016.88,5.0,4.19 20:05:04 01/06/19
739,66.5,26.275002,1016.81,5.0,4.17 20:15:45 01/06/19
738,67.1,26.075,1016.76,5.0,4.15 20:26:24 01/06/19
736,68.1,25.935,1016.77,5.0,4.14 20:37:07 01/06/19
727,68.9,25.735,1016.62,5.0,4.13 20:47:46 01/06/19
720,69.2,25.470001,1016.62,5.0,4.13 20:58:27 01/06/19
692,70.0,25.2,1016.53,5.0,4.12 21:09:09 01/06/19
654,70.6,24.965,1016.45,4.25,4.11 21:19:48 01/06/19
594,71.1,24.67,1016.5,4.39,4.11 21:30:28 01/06/19
534,71.2,24.315,1016.54,4.22,4.1 21:41:09 01/06/19
443,72.3,23.99,1016.59,3.14,4.1 21:51:48 01/06/19
366,73.1,23.625,1016.56,1.89,4.09 22:02:26 01/06/19
296,73.7,23.305,1016.63,0.76,4.09 22:13:07 01/06/19
250,74.5,23.01,1016.62,0.24,4.09 22:23:47 01/06/19
218,75.5,22.71,1016.6,0.05,4.08 22:34:26 01/06/19
198,75.5,22.425,1016.6,0.0,4.08 22:45:05 01/06/19
186,76.8,22.130001,1016.58,0.0,4.08 22:55:43 01/06/19
179,77.9,21.91,1016.61,0.0,4.07 23:06:23 01/06/19
174,78.6,21.654999,1016.52,0.0,4.07 23:17:03 01/06/19
172,79.1,21.425,1016.44,0.0,4.07 23:27:40 01/06/19
168,79.7,21.225,1016.4,0.0,4.06 23:38:22 01/06/19
166,80.5,21.04,1016.33,0.0,4.06 23:49:00 01/06/19
166,80.9,20.845001,1016.33,0.0,4.06 23:59:39 01/06/19
