851,83.6,21.795,1013.37,5.0,4.11 18:28:38 06/06/19
869,70.1,21.095001,1011.93,3.6,3.43 18:35:58 06/06/19
791,75.0,20.78,1011.97,5.0,3.58 18:41:13 06/06/19
769,75.6,20.365,1011.91,5.0,3.6 18:46:28 06/06/19
797,77.6,19.470001,1012.14,3.79,3.7 19:02:22 06/06/19
805,78.9,19.27,1012.15,3.84,3.75 19:18:14 06/06/19
778,78.7,19.185001,1012.18,3.96,3.74 19:34:07 06/06/19
748,80.2,18.47,1012.45,4.24,3.73 19:50:00 06/06/19
722,81.0,17.765,1012.52,4.9,3.73 20:05:54 06/06/19
680,83.2,17.4,1012.57,5.0,3.73 20:21:45 06/06/19
644,83.4,17.19,1012.68,5.0,3.73 20:37:37 06/06/19
644,84.8,17.1,1012.68,4.54,3.73 20:53:27 06/06/19
634,86.6,16.994999,1012.61,4.88,3.73 21:09:20 06/06/19
600,86.0,16.825,1012.54,4.74,3.73 21:25:12 06/06/19
548,87.8,16.64,1012.64,4.37,3.72 21:41:10 06/06/19
459,87.5,16.34,1012.65,3.73,3.72 21:57:05 06/06/19
311,88.7,16.015,1012.8,1.29,3.71 22:18:17 06/06/19
227,90.0,15.53,1012.77,0.12,3.71 22:39:33 06/06/19
195,89.4,15.22,1012.88,0.0,3.7 23:00:48 06/06/19
180,90.1,15.02,1013.18,0.0,3.7 23:22:01 06/06/19
175,90.9,14.635,1013.03,0.0,3.7 23:43:14 06/06/19
