184,91.2,15.83,1006.21,0.0,4.07 00:02:40 08/06/19
186,91.1,15.805,1006.43,0.0,4.06 00:14:17 08/06/19
184,91.1,15.715,1006.26,0.0,4.06 00:25:53 08/06/19
185,91.0,15.635,1006.35,0.0,4.06 00:37:30 08/06/19
184,91.0,15.63,1006.44,0.0,4.06 00:49:06 08/06/19
185,90.9,15.615,1006.44,0.0,4.06 01:00:41 08/06/19
173,90.8,15.445,1006.49,0.0,4.06 01:12:20 08/06/19
184,90.7,15.41,1006.66,0.0,4.05 01:23:57 08/06/19
187,90.6,15.41,1006.76,0.0,4.05 01:35:32 08/06/19
187,90.4,15.395,1006.87,0.0,4.05 01:47:08 08/06/19
185,90.2,15.42,1007.07,0.0,4.05 01:58:49 08/06/19
186,89.7,15.41,1006.95,0.0,4.05 02:10:28 08/06/19
186,89.4,15.335,1006.98,0.0,4.05 02:22:07 08/06/19
186,88.4,15.309999,1007.04,0.0,4.05 02:33:42 08/06/19
184,87.7,15.215,1007.02,0.0,4.04 02:45:19 08/06/19
183,87.4,15.185,1007.29,0.0,4.04 02:56:55 08/06/19
183,87.4,15.110001,1007.32,0.0,4.04 03:08:32 08/06/19
183,86.7,15.025,1007.38,0.0,4.04 03:20:06 08/06/19
179,86.6,14.995,1007.57,0.0,4.04 03:31:45 08/06/19
178,86.7,14.91,1007.41,0.0,4.04 03:43:20 08/06/19
179,86.9,14.82,1007.4,0.0,4.04 03:54:57 08/06/19
182,86.7,14.725,1007.42,0.0,4.03 04:06:33 08/06/19
186,87.3,14.71,1007.74,0.0,4.03 04:18:10 08/06/19
192,87.1,14.625,1007.9,0.01,4.03 04:29:48 08/06/19
202,87.6,14.605,1007.82,0.04,4.03 04:41:21 08/06/19
217,87.5,14.585,1007.94,0.11,4.03 04:52:58 08/06/19
270,87.5,14.585,1008.14,0.68,4.03 05:04:34 08/06/19
306,87.3,14.5,1008.27,1.28,4.03 05:16:10 08/06/19
372,87.6,14.434999,1008.55,2.38,4.03 05:27:46 08/06/19
399,88.2,14.405001,1008.62,2.83,4.03 05:39:23 08/06/19
482,88.2,14.315001,1008.97,3.93,4.03 05:50:59 08/06/19
532,88.1,14.275,1009.17,4.19,4.02 06:02:34 08/06/19
522,88.3,14.225,1009.41,4.12,4.03 06:14:10 08/06/19
595,88.3,14.200001,1009.5,4.12,4.03 06:25:46 08/06/19
653,88.4,14.16,1009.72,5.0,4.03 06:37:22 08/06/19
595,88.7,14.195,1009.9,4.93,4.03 06:48:58 08/06/19
656,89.0,14.190001,1010.13,4.1,4.03 07:00:34 08/06/19
658,89.9,14.13,1010.43,4.58,4.03 07:12:10 08/06/19
712,90.0,14.110001,1010.56,4.09,4.04 07:23:46 08/06/19
742,90.2,14.12,1010.75,4.19,4.05 07:35:20 08/06/19
710,90.7,14.045,1010.9,4.15,4.05 07:46:56 08/06/19
735,90.9,14.03,1011.12,4.99,4.05 07:58:34 08/06/19
695,91.0,14.004999,1011.29,5.0,4.05 08:10:10 08/06/19
758,91.0,13.934999,1011.44,5.0,4.07 08:21:44 08/06/19
789,91.1,14.01,1011.65,4.28,4.13 08:33:23 08/06/19
815,90.5,14.200001,1011.87,5.0,4.14 08:44:57 08/06/19
810,90.8,14.33,1012.07,4.4,4.13 08:56:35 08/06/19
854,91.0,14.525,1012.26,5.0,4.13 09:08:10 08/06/19
855,90.0,14.715,1012.35,5.0,4.11 09:19:46 08/06/19
837,90.2,14.969999,1012.53,4.7,4.15 09:31:23 08/06/19
851,90.2,15.175,1012.53,5.0,4.13 09:42:59 08/06/19
825,88.5,15.360001,1012.77,5.0,4.12 09:54:35 08/06/19
814,88.8,15.389999,1012.95,4.29,4.14 10:06:12 08/06/19
805,87.8,15.275,1013.04,5.0,4.13 10:17:49 08/06/19
786,88.0,15.21,1013.34,5.0,4.12 10:29:24 08/06/19
803,88.1,15.27,1013.45,5.0,4.11 10:41:01 08/06/19
786,88.2,15.225,1013.59,5.0,4.12 10:52:36 08/06/19
820,88.7,15.29,1013.86,5.0,4.16 11:04:13 08/06/19
802,88.8,15.385,1013.92,5.0,4.13 11:15:50 08/06/19
826,88.3,15.514999,1014.14,5.0,4.12 11:27:26 08/06/19
807,87.8,15.67,1014.2,5.0,4.12 11:39:03 08/06/19
784,87.2,15.6,1014.41,5.0,4.11 11:50:39 08/06/19
806,87.0,15.595,1014.47,5.0,4.11 12:02:17 08/06/19
802,86.8,15.61,1014.74,4.35,4.12 12:13:52 08/06/19
801,87.1,15.690001,1014.74,5.0,4.13 12:25:29 08/06/19
847,86.6,16.02,1015.01,5.0,4.12 12:37:03 08/06/19
859,86.1,16.355,1015.06,5.0,4.11 12:48:42 08/06/19
855,86.4,16.75,1015.36,4.26,4.17 13:00:17 08/06/19
879,87.6,17.205,1015.38,5.0,4.14 13:11:56 08/06/19
