177,76.3,17.895,1016.13,0.0,3.96 00:07:33 10/06/19
179,77.4,17.41,1016.05,0.0,3.98 00:12:45 10/06/19
181,80.3,16.685001,1016.05,0.0,3.98 00:23:23 10/06/19
180,82.8,16.42,1015.98,0.0,3.98 00:34:01 10/06/19
180,82.0,16.37,1015.93,0.0,3.98 00:44:39 10/06/19
178,82.7,16.289999,1015.84,0.0,3.98 00:55:17 10/06/19
179,82.0,16.21,1015.69,0.0,3.98 01:05:52 10/06/19
178,83.2,16.119999,1015.51,0.0,3.98 01:16:29 10/06/19
178,84.4,16.085,1015.43,0.0,3.98 01:27:07 10/06/19
178,83.5,16.01,1015.32,0.0,3.98 01:37:46 10/06/19
178,86.1,16.0,1015.13,0.0,3.98 01:48:23 10/06/19
179,84.7,16.005001,1014.83,0.0,3.98 01:59:03 10/06/19
179,85.6,16.01,1014.75,0.0,3.98 02:09:47 10/06/19
178,85.7,16.01,1014.69,0.0,3.98 02:20:24 10/06/19
177,85.5,15.934999,1014.59,0.0,3.98 02:31:00 10/06/19
177,86.0,15.91,1014.5,0.0,3.98 02:41:37 10/06/19
174,86.7,15.825001,1014.37,0.0,3.98 02:52:15 10/06/19
169,85.8,15.725,1014.3,0.0,3.98 03:02:50 10/06/19
166,85.7,15.53,1014.24,0.0,3.98 03:13:29 10/06/19
167,85.7,15.315001,1014.15,0.0,3.98 03:24:04 10/06/19
166,85.3,15.045,1013.95,0.0,3.98 03:34:44 10/06/19
168,86.9,14.83,1013.78,0.0,3.98 03:45:21 10/06/19
171,87.9,14.610001,1013.55,0.0,3.98 03:55:55 10/06/19
176,89.5,14.425,1013.53,0.0,3.98 04:06:33 10/06/19
186,87.5,14.23,1013.39,0.0,3.98 04:17:10 10/06/19
202,89.4,14.049999,1013.52,0.02,3.98 04:27:45 10/06/19
223,89.8,13.92,1013.37,0.11,3.98 04:38:24 10/06/19
253,89.4,13.82,1013.33,0.37,3.98 04:49:01 10/06/19
292,90.9,13.825,1013.32,0.97,3.98 04:59:34 10/06/19
352,90.7,13.85,1013.16,1.99,3.98 05:10:13 10/06/19
426,91.8,13.969999,1012.97,3.14,3.98 05:20:49 10/06/19
485,92.1,13.945,1012.92,3.99,3.98 05:31:24 10/06/19
536,90.5,14.085,1012.88,4.17,3.98 05:42:01 10/06/19
590,91.1,14.1,1012.9,4.26,3.98 05:52:40 10/06/19
626,91.3,14.115,1012.96,5.0,3.98 06:03:16 10/06/19
650,90.7,14.1,1012.86,4.65,3.99 06:13:50 10/06/19
687,91.1,14.02,1012.73,4.77,3.99 06:24:32 10/06/19
709,91.2,13.995,1012.61,5.0,3.99 06:35:06 10/06/19
741,90.9,13.934999,1012.58,5.0,4.0 06:45:42 10/06/19
774,91.9,14.025,1012.68,5.0,3.99 06:56:17 10/06/19
755,91.9,14.125,1012.46,4.54,4.01 07:06:58 10/06/19
756,91.9,14.299999,1012.54,4.16,4.01 07:17:30 10/06/19
799,92.0,14.42,1012.59,5.0,4.01 07:28:10 10/06/19
822,92.0,14.6,1012.63,4.08,4.02 07:38:48 10/06/19
834,90.9,14.924999,1012.51,4.15,4.02 07:49:22 10/06/19
833,90.8,15.6,1012.38,4.29,4.03 07:59:59 10/06/19
845,91.5,16.845001,1012.37,4.1,4.05 08:10:36 10/06/19
864,90.8,17.95,1012.33,4.18,4.09 08:21:13 10/06/19
869,89.9,18.619999,1012.22,5.0,4.14 08:31:52 10/06/19
872,88.9,18.68,1012.12,4.28,4.2 08:42:29 10/06/19
870,89.3,18.65,1012.0,5.0,4.14 08:53:09 10/06/19
859,89.6,18.515,1011.94,5.0,4.14 09:03:47 10/06/19
879,89.4,18.59,1011.93,5.0,4.13 09:14:23 10/06/19
883,90.6,18.745,1011.79,4.28,4.17 09:25:01 10/06/19
874,90.0,18.93,1011.69,5.0,4.13 09:35:39 10/06/19
887,90.2,19.1,1011.53,5.0,4.11 09:46:18 10/06/19
887,90.1,19.34,1011.48,4.32,4.19 09:56:56 10/06/19
886,90.1,19.619999,1011.31,5.0,4.14 10:07:35 10/06/19
844,89.6,19.779999,1011.29,5.0,4.12 10:18:14 10/06/19
883,90.1,19.96,1011.27,5.0,4.11 10:28:51 10/06/19
905,90.0,20.259998,1011.23,5.0,4.21 10:39:30 10/06/19
883,90.8,20.715,1011.24,5.0,4.13 10:50:32 10/06/19
884,89.5,21.19,1011.1,5.0,4.12 11:01:11 10/06/19
899,89.6,21.555,1010.81,5.0,4.11 11:11:52 10/06/19
878,89.2,21.939999,1010.78,5.0,4.11 11:22:29 10/06/19
901,88.3,22.150002,1010.74,5.0,4.22 11:33:13 10/06/19
903,87.9,22.455,1010.66,5.0,4.14 11:44:01 10/06/19
881,88.6,22.82,1010.54,5.0,4.13 11:54:45 10/06/19
906,88.0,23.060001,1010.52,5.0,4.12 12:05:23 10/06/19
905,87.6,23.244999,1010.4,5.0,4.12 12:16:02 10/06/19
877,80.8,23.724998,1010.38,5.0,4.21 12:22:02 10/06/19
869,83.8,23.81,1010.31,5.0,4.16 12:27:18 10/06/19
887,84.0,23.635,1010.31,5.0,4.14 12:32:33 10/06/19
911,84.9,23.650002,1010.27,5.0,4.14 12:35:49 10/06/19
879,84.6,23.74,1010.18,5.0,4.13 12:41:10 10/06/19
901,84.2,23.755,1010.11,5.0,4.13 12:46:29 10/06/19
876,83.4,23.945,1009.78,5.0,4.12 12:57:08 10/06/19
874,84.8,23.965,1009.68,5.0,4.12 13:07:46 10/06/19
917,83.8,23.875,1009.57,5.0,4.11 13:18:29 10/06/19
897,86.1,24.25,1009.5,5.0,4.21 13:29:11 10/06/19
908,83.4,24.9,1009.25,5.0,4.15 13:39:55 10/06/19
876,81.6,25.395,1009.19,5.0,4.13 13:50:35 10/06/19
900,78.3,25.43,1009.19,5.0,4.13 14:01:19 10/06/19
874,80.0,25.279999,1008.98,5.0,4.12 14:11:55 10/06/19
878,77.0,25.08,1008.8,5.0,4.12 14:22:36 10/06/19
863,80.2,24.805,1008.92,5.0,4.11 14:33:17 10/06/19
829,72.6,24.349998,1009.02,4.22,4.14 14:43:55 10/06/19
831,76.4,24.02,1008.86,5.0,4.14 14:54:36 10/06/19
864,78.0,23.994999,1008.66,5.0,4.13 15:05:15 10/06/19
853,78.8,23.994999,1008.69,5.0,4.12 15:15:57 10/06/19
859,80.2,23.96,1008.51,5.0,4.12 15:26:36 10/06/19
832,80.0,24.04,1008.26,5.0,4.11 15:37:17 10/06/19
770,77.9,23.84,1008.49,4.31,4.12 15:47:56 10/06/19
901,80.1,23.54,1008.48,5.0,4.15 15:58:36 10/06/19
901,81.5,24.175,1008.42,5.0,4.14 16:09:19 10/06/19
898,81.3,24.685001,1008.42,5.0,4.13 16:20:04 10/06/19
898,80.5,25.0,1008.44,5.0,4.13 16:30:42 10/06/19
888,79.5,25.275,1008.37,5.0,4.12 16:41:25 10/06/19
884,74.9,25.39,1008.17,5.0,4.11 16:52:04 10/06/19
869,77.8,25.385,1008.18,5.0,4.11 17:02:45 10/06/19
862,73.8,25.2,1007.94,4.27,4.17 17:13:25 10/06/19
839,77.0,25.119999,1007.93,5.0,4.15 17:24:05 10/06/19
842,76.3,24.845,1007.8,5.0,4.14 17:34:46 10/06/19
833,76.3,24.58,1007.85,5.0,4.13 17:45:25 10/06/19
832,77.5,24.365,1008.0,5.0,4.12 17:56:09 10/06/19
831,77.6,24.150002,1007.98,5.0,4.12 18:06:55 10/06/19
796,78.4,23.965,1007.84,5.0,4.11 18:17:33 10/06/19
758,78.7,23.755001,1007.69,4.96,4.12 18:28:11 10/06/19
713,79.0,23.46,1007.58,5.0,4.12 18:38:53 10/06/19
633,78.6,23.29,1007.6,4.63,4.12 18:44:08 10/06/19
643,78.3,23.08,1007.82,4.9,4.12 18:49:24 10/06/19
638,78.8,22.785,1007.98,4.66,4.11 18:54:39 10/06/19
592,80.9,22.555,1008.16,4.18,4.11 18:59:55 10/06/19
534,83.7,22.15,1008.3,3.92,4.11 19:05:08 10/06/19
572,83.8,21.915,1008.57,4.2,4.1 19:10:25 10/06/19
544,85.8,21.54,1009.11,4.12,4.1 19:15:39 10/06/19
587,86.8,20.95,1009.54,4.25,4.1 19:20:54 10/06/19
610,87.4,20.599998,1009.34,4.49,4.1 19:26:10 10/06/19
612,85.4,20.26,1009.38,4.55,4.1 19:31:25 10/06/19
648,84.7,19.945,1009.35,5.0,4.09 19:36:40 10/06/19
656,86.2,19.59,1009.33,5.0,4.09 19:41:57 10/06/19
674,89.0,19.34,1009.56,4.26,4.1 19:47:11 10/06/19
682,86.5,19.075,1009.61,5.0,4.1 19:52:26 10/06/19
637,89.0,18.96,1009.9,4.85,4.09 19:57:41 10/06/19
618,89.6,18.915,1010.07,4.54,4.09 20:02:57 10/06/19
