197,90.8,17.205,1009.78,0.0,4.05 00:03:53 12/06/19
196,90.8,17.18,1009.82,0.0,4.05 00:09:06 12/06/19
194,91.2,17.130001,1009.94,0.0,4.06 00:14:22 12/06/19
193,91.5,17.11,1009.75,0.0,4.06 00:19:35 12/06/19
193,91.5,17.1,1009.63,0.0,4.05 00:24:49 12/06/19
193,91.8,17.095001,1009.66,0.0,4.05 00:30:04 12/06/19
192,92.1,17.035,1009.64,0.0,4.05 00:35:20 12/06/19
192,91.8,17.025,1009.62,0.0,4.05 00:40:35 12/06/19
193,91.8,17.005001,1009.65,0.0,4.05 00:45:49 12/06/19
193,92.4,16.98,1009.61,0.0,4.05 00:51:02 12/06/19
191,92.3,16.915,1009.6,0.0,4.05 00:56:18 12/06/19
191,92.6,16.9,1009.53,0.0,4.04 01:01:31 12/06/19
191,91.7,16.83,1009.46,0.0,4.05 01:06:44 12/06/19
188,92.4,16.815,1009.47,0.0,4.04 01:12:00 12/06/19
190,92.7,16.735,1009.45,0.0,4.04 01:17:18 12/06/19
190,92.3,16.725,1009.45,0.0,4.04 01:22:38 12/06/19
190,92.7,16.705,1009.46,0.0,4.04 01:27:52 12/06/19
190,92.4,16.635,1009.52,0.0,4.04 01:33:09 12/06/19
189,92.2,16.630001,1009.62,0.0,4.04 01:38:23 12/06/19
188,93.1,16.619999,1009.53,0.0,4.04 01:43:43 12/06/19
188,92.7,16.605,1009.58,0.0,4.04 01:49:03 12/06/19
190,92.9,16.6,1009.53,0.0,4.04 01:54:21 12/06/19
190,92.6,16.585,1009.63,0.0,4.03 01:59:37 12/06/19
190,93.1,16.525,1009.63,0.0,4.04 02:04:49 12/06/19
190,93.3,16.51,1009.64,0.0,4.03 02:10:04 12/06/19
188,93.8,16.505001,1009.67,0.0,4.03 02:15:19 12/06/19
187,94.0,16.494999,1009.68,0.0,4.04 02:20:34 12/06/19
187,93.9,16.43,1009.67,0.0,4.03 02:25:48 12/06/19
187,94.1,16.42,1009.58,0.0,4.03 02:31:03 12/06/19
186,94.2,16.405,1009.58,0.0,4.03 02:36:17 12/06/19
186,94.3,16.345,1009.54,0.0,4.03 02:41:31 12/06/19
186,93.9,16.325,1009.46,0.0,4.03 02:46:46 12/06/19
186,94.2,16.305,1009.47,0.0,4.03 02:51:59 12/06/19
185,93.8,16.244999,1009.38,0.0,4.03 02:57:15 12/06/19
182,94.3,16.220001,1009.28,0.0,4.03 03:02:38 12/06/19
184,93.6,16.21,1009.22,0.0,4.03 03:07:50 12/06/19
185,94.4,16.195,1009.14,0.0,4.03 03:13:04 12/06/19
184,94.1,16.115,1008.99,0.0,4.03 03:18:20 12/06/19
184,94.4,16.045,1009.04,0.0,4.03 03:23:33 12/06/19
185,94.9,16.085,1009.08,0.0,4.03 03:28:47 12/06/19
184,94.3,16.015,1009.03,0.0,4.03 03:34:03 12/06/19
185,94.4,15.955,1009.02,0.0,4.03 03:39:16 12/06/19
183,94.5,15.985,1009.02,0.0,4.02 03:44:32 12/06/19
184,94.6,15.92,1009.04,0.0,4.02 03:49:47 12/06/19
183,94.5,15.9,1009.05,0.0,4.02 03:55:01 12/06/19
183,95.7,15.834999,1008.99,0.0,4.02 04:00:15 12/06/19
184,95.1,15.82,1008.92,0.0,4.02 04:05:29 12/06/19
185,95.1,15.809999,1008.86,0.0,4.02 04:10:42 12/06/19
186,95.3,15.805,1008.82,0.0,4.02 04:15:58 12/06/19
187,94.4,15.74,1008.67,0.0,4.02 04:21:13 12/06/19
191,95.0,15.715,1008.64,0.0,4.02 04:26:27 12/06/19
198,94.9,15.655,1008.56,0.01,4.02 04:31:41 12/06/19
207,96.0,15.635,1008.49,0.03,4.02 04:36:55 12/06/19
215,95.1,15.6,1008.25,0.06,4.02 04:42:10 12/06/19
230,94.8,15.535,1008.05,0.14,4.02 04:47:25 12/06/19
242,96.0,15.525,1007.92,0.22,4.02 04:52:36 12/06/19
256,95.4,15.445,1008.04,0.37,4.02 04:57:53 12/06/19
277,95.8,15.43,1008.14,0.65,4.01 05:03:07 12/06/19
294,95.9,15.424999,1008.25,0.91,4.02 05:08:22 12/06/19
332,94.7,15.4,1008.31,1.57,4.02 05:13:35 12/06/19
348,95.6,15.395,1008.3,1.85,4.02 05:18:49 12/06/19
395,96.7,15.325,1008.17,2.63,4.02 05:24:04 12/06/19
390,96.1,15.325,1008.14,2.77,4.01 05:29:19 12/06/19
426,96.0,15.325,1008.07,3.09,4.01 05:34:39 12/06/19
425,95.5,15.315001,1007.96,3.09,4.01 05:39:56 12/06/19
412,95.5,15.305,1008.0,3.04,4.02 05:45:07 12/06/19
487,95.7,15.305,1007.95,4.12,4.01 05:50:23 12/06/19
527,95.2,15.245001,1008.02,4.17,4.01 05:55:36 12/06/19
560,96.5,15.25,1007.95,4.22,4.01 06:00:50 12/06/19
570,96.2,15.299999,1007.91,4.55,4.01 06:06:04 12/06/19
605,96.6,15.255,1007.74,4.27,4.01 06:11:19 12/06/19
675,96.5,15.315001,1007.7,5.0,4.01 06:16:38 12/06/19
674,96.6,15.32,1007.61,4.73,4.02 06:21:57 12/06/19
631,97.2,15.33,1007.48,4.72,4.02 06:27:11 12/06/19
609,96.0,15.33,1007.39,5.0,4.02 06:32:24 12/06/19
619,97.3,15.33,1007.21,4.44,4.01 06:37:41 12/06/19
609,96.9,15.335,1007.09,4.11,4.01 06:42:54 12/06/19
619,95.9,15.38,1007.06,4.99,4.01 06:48:12 12/06/19
629,96.8,15.385,1006.98,4.09,4.02 06:53:31 12/06/19
596,97.3,15.344999,1006.97,4.17,4.01 06:58:46 12/06/19
573,97.1,15.34,1006.99,4.38,4.01 07:04:00 12/06/19
579,96.8,15.385,1007.02,4.48,4.01 07:09:15 12/06/19
592,96.7,15.335,1006.93,4.67,4.01 07:14:26 12/06/19
607,96.3,15.325,1006.99,4.1,4.01 07:19:42 12/06/19
647,97.0,15.32,1006.92,4.96,4.01 07:24:57 12/06/19
667,96.8,15.325,1006.91,4.18,4.02 07:30:11 12/06/19
683,96.5,15.33,1006.91,5.0,4.01 07:35:25 12/06/19
655,96.5,15.38,1006.94,4.23,4.01 07:40:39 12/06/19
567,96.9,15.389999,1007.04,4.38,4.01 07:45:54 12/06/19
574,97.0,15.38,1007.09,4.18,4.01 07:51:07 12/06/19
602,96.1,15.325,1007.16,4.76,4.01 07:56:22 12/06/19
631,96.8,15.315001,1007.02,4.12,4.01 08:01:35 12/06/19
638,96.2,15.295,1007.07,4.16,4.01 08:06:50 12/06/19
690,96.1,15.295,1006.94,5.0,4.01 08:12:05 12/06/19
721,96.2,15.245001,1007.04,5.0,4.02 08:17:20 12/06/19
707,95.8,15.309999,1007.04,5.0,4.02 08:22:33 12/06/19
660,96.2,15.309999,1007.04,5.0,4.02 08:27:47 12/06/19
635,96.7,15.315001,1007.05,5.0,4.01 08:33:02 12/06/19
678,96.6,15.315001,1006.99,5.0,4.02 08:38:14 12/06/19
677,96.2,15.315001,1007.01,5.0,4.02 08:43:28 12/06/19
623,96.6,15.32,1007.09,4.8,4.02 08:48:47 12/06/19
696,96.3,15.32,1007.04,4.42,4.02 08:53:58 12/06/19
775,97.1,15.325,1006.98,5.0,4.04 08:59:11 12/06/19
744,98.2,15.395,1006.87,4.31,4.03 09:04:28 12/06/19
821,97.9,15.42,1006.4,4.2,4.08 09:09:43 12/06/19
774,97.8,15.514999,1006.67,4.26,4.08 09:14:56 12/06/19
744,98.1,15.605,1006.91,4.14,4.07 09:20:11 12/06/19
683,98.3,15.62,1006.84,5.0,4.05 09:25:22 12/06/19
729,97.6,15.62,1006.81,4.11,4.06 09:30:42 12/06/19
735,97.0,15.62,1006.83,5.0,4.06 09:35:59 12/06/19
711,96.7,15.61,1006.9,5.0,4.05 09:41:17 12/06/19
716,97.3,15.62,1007.06,5.0,4.06 09:46:37 12/06/19
725,96.8,15.62,1007.07,5.0,4.06 09:51:51 12/06/19
729,98.3,15.63,1006.97,4.16,4.06 09:57:07 12/06/19
711,97.2,15.615,1006.86,4.98,4.06 10:02:20 12/06/19
705,96.5,15.61,1006.81,4.13,4.06 10:07:34 12/06/19
698,97.1,15.61,1007.11,5.0,4.05 10:12:52 12/06/19
662,97.6,15.6,1007.15,5.0,4.05 10:18:05 12/06/19
735,97.2,15.59,1007.19,5.0,4.06 10:23:19 12/06/19
755,96.7,15.59,1007.22,4.18,4.07 10:28:33 12/06/19
702,96.9,15.6,1007.59,5.0,4.06 10:34:02 12/06/19
723,96.9,15.615,1007.52,4.24,4.07 10:39:16 12/06/19
770,97.3,15.61,1007.34,4.15,4.08 10:44:32 12/06/19
787,98.8,15.62,1007.14,4.21,4.1 10:49:47 12/06/19
812,97.9,15.63,1007.23,5.0,4.16 10:55:02 12/06/19
792,97.9,15.715,1006.96,5.0,4.15 11:00:14 12/06/19
773,98.0,15.735001,1007.11,5.0,4.12 11:05:28 12/06/19
802,97.5,15.74,1007.3,5.0,4.11 11:10:44 12/06/19
804,98.5,15.805,1007.12,4.17,4.12 11:15:58 12/06/19
802,97.7,15.825001,1006.87,5.0,4.13 11:21:21 12/06/19
824,98.6,15.905001,1006.7,5.0,4.12 11:26:34 12/06/19
811,98.6,15.974999,1006.61,5.0,4.11 11:31:50 12/06/19
885,99.9,16.015,1006.87,5.0,4.1 11:37:05 12/06/19
862,98.8,16.18,1007.09,4.27,4.17 11:42:17 12/06/19
846,98.9,16.385,1007.21,5.0,4.14 11:47:37 12/06/19
833,98.4,16.564999,1007.19,5.0,4.13 11:52:56 12/06/19
