166,77.4,27.015,1019.05,0.0,4.06 00:04:30 26/06/19
166,77.7,26.835,1019.14,0.0,4.06 00:09:45 26/06/19
165,77.2,26.775002,1019.17,0.0,4.06 00:15:01 26/06/19
164,77.2,26.605,1019.14,0.0,4.06 00:20:18 26/06/19
163,78.7,26.439999,1019.14,0.0,4.06 00:25:35 26/06/19
162,79.3,26.32,1019.17,0.0,4.06 00:30:51 26/06/19
161,79.1,26.215,1019.23,0.0,4.06 00:36:07 26/06/19
161,77.9,26.045,1019.15,0.0,4.06 00:41:23 26/06/19
160,80.1,25.935,1019.22,0.0,4.05 00:46:40 26/06/19
160,79.5,25.83,1019.21,0.0,4.05 00:51:54 26/06/19
158,80.0,25.715,1019.23,0.0,4.05 00:57:17 26/06/19
158,81.2,25.61,1019.25,0.0,4.05 01:02:36 26/06/19
158,81.2,25.46,1019.31,0.0,4.05 01:07:52 26/06/19
158,80.6,25.345001,1019.31,0.0,4.05 01:13:06 26/06/19
157,81.8,25.235,1019.26,0.0,4.05 01:18:24 26/06/19
157,81.3,25.119999,1019.23,0.0,4.05 01:23:38 26/06/19
155,81.7,24.955,1019.22,0.0,4.04 01:28:57 26/06/19
156,82.6,24.85,1019.3,0.0,4.05 01:34:10 26/06/19
156,81.9,24.73,1019.32,0.0,4.04 01:39:26 26/06/19
155,82.5,24.619999,1019.38,0.0,4.04 01:44:43 26/06/19
155,82.7,24.52,1019.52,0.0,4.04 01:49:59 26/06/19
153,83.4,24.37,1019.54,0.0,4.04 01:55:19 26/06/19
154,82.8,24.315,1019.6,0.0,4.04 02:00:39 26/06/19
154,83.9,24.165,1019.67,0.0,4.04 02:05:56 26/06/19
154,82.9,24.119999,1019.69,0.0,4.04 02:11:10 26/06/19
153,85.2,23.965,1019.77,0.0,4.04 02:16:27 26/06/19
153,85.3,23.87,1019.79,0.0,4.04 02:21:42 26/06/19
153,84.9,23.825,1019.81,0.0,4.04 02:26:56 26/06/19
151,86.1,23.665,1019.9,0.0,4.04 02:32:16 26/06/19
152,85.9,23.625,1019.92,0.0,4.04 02:37:29 26/06/19
152,86.9,23.52,1019.89,0.0,4.03 02:42:45 26/06/19
151,85.4,23.365002,1019.81,0.0,4.03 02:48:01 26/06/19
151,87.3,23.315,1019.81,0.0,4.03 02:53:16 26/06/19
151,87.4,23.215,1019.88,0.0,4.04 02:58:30 26/06/19
151,87.7,23.11,1019.94,0.0,4.03 03:03:47 26/06/19
150,87.7,22.965,1019.92,0.0,4.03 03:09:04 26/06/19
151,87.2,22.92,1019.99,0.0,4.03 03:14:18 26/06/19
150,88.5,22.82,1020.08,0.0,4.03 03:19:34 26/06/19
150,88.6,22.67,1020.1,0.0,4.03 03:24:51 26/06/19
152,89.7,22.58,1020.16,0.0,4.03 03:30:04 26/06/19
151,88.6,22.525,1020.16,0.0,4.03 03:35:25 26/06/19
153,88.9,22.425,1020.13,0.0,4.03 03:40:44 26/06/19
153,89.9,22.32,1020.17,0.0,4.03 03:46:01 26/06/19
155,90.4,22.175,1020.2,0.0,4.03 03:51:15 26/06/19
156,89.9,22.130001,1020.29,0.0,4.03 03:56:31 26/06/19
158,90.8,22.035,1020.38,0.0,4.03 04:01:46 26/06/19
161,90.2,21.939999,1020.39,0.0,4.02 04:07:01 26/06/19
165,90.7,21.84,1020.36,0.0,4.03 04:12:15 26/06/19
169,91.4,21.75,1020.46,0.0,4.02 04:17:32 26/06/19
176,91.0,21.66,1020.57,0.01,4.02 04:22:47 26/06/19
185,90.8,21.619999,1020.48,0.03,4.02 04:28:01 26/06/19
195,90.5,21.529999,1020.61,0.07,4.02 04:33:18 26/06/19
209,90.7,21.445,1020.67,0.14,4.02 04:38:34 26/06/19
227,89.5,21.42,1020.73,0.28,4.02 04:43:52 26/06/19
252,90.4,21.4,1020.76,0.56,4.02 04:49:16 26/06/19
282,91.9,21.32,1020.92,1.04,4.02 04:54:36 26/06/19
318,92.0,21.235,1020.97,1.64,4.02 04:59:52 26/06/19
356,91.7,21.15,1021.06,2.27,4.02 05:05:05 26/06/19
396,91.7,21.06,1021.19,2.89,4.02 05:10:22 26/06/19
414,91.5,21.01,1021.24,3.15,4.02 05:15:36 26/06/19
438,92.5,20.935,1021.23,3.46,4.02 05:20:56 26/06/19
459,91.7,20.93,1021.24,3.74,4.02 05:26:16 26/06/19
474,91.8,20.93,1021.29,3.96,4.02 05:31:34 26/06/19
516,92.5,20.935,1021.28,4.15,4.02 05:36:47 26/06/19
533,91.7,20.935,1021.3,4.2,4.02 05:42:02 26/06/19
548,92.0,20.939999,1021.42,4.22,4.02 05:47:17 26/06/19
564,94.1,20.880001,1021.5,4.58,4.02 05:52:31 26/06/19
583,93.5,20.92,1021.59,4.75,4.02 05:57:47 26/06/19
598,92.7,20.845001,1021.65,4.97,4.01 06:03:06 26/06/19
602,92.4,20.84,1021.74,4.48,4.02 06:08:26 26/06/19
618,92.4,20.775002,1021.81,5.0,4.02 06:13:40 26/06/19
627,92.5,20.76,1021.87,5.0,4.02 06:18:57 26/06/19
647,92.5,20.75,1021.96,5.0,4.02 06:24:13 26/06/19
654,94.4,20.74,1022.03,4.62,4.02 06:29:27 26/06/19
670,92.8,20.720001,1022.01,5.0,4.02 06:34:42 26/06/19
678,92.4,20.720001,1022.02,5.0,4.02 06:40:01 26/06/19
695,95.2,20.720001,1022.09,5.0,4.02 06:45:21 26/06/19
692,93.2,20.715,1022.09,4.1,4.02 06:50:39 26/06/19
708,92.6,20.720001,1022.09,5.0,4.02 06:55:52 26/06/19
721,92.4,20.725,1022.1,4.97,4.03 07:01:09 26/06/19
721,92.5,20.78,1022.05,4.09,4.03 07:06:21 26/06/19
736,92.5,20.744999,1022.15,4.14,4.04 07:11:38 26/06/19
743,93.0,20.815,1022.23,4.1,4.04 07:16:55 26/06/19
748,92.8,20.825,1022.26,5.0,4.05 07:22:07 26/06/19
765,93.0,20.84,1022.3,4.16,4.05 07:27:26 26/06/19
759,95.2,20.91,1022.33,4.38,4.06 07:32:46 26/06/19
757,94.0,20.915,1022.32,4.59,4.06 07:38:00 26/06/19
761,93.9,20.939999,1022.52,4.88,4.07 07:43:17 26/06/19
782,94.2,21.005001,1022.57,5.0,4.08 07:48:32 26/06/19
782,93.0,21.01,1022.67,4.76,4.09 07:53:48 26/06/19
782,93.9,21.02,1022.66,4.16,4.09 07:59:02 26/06/19
784,94.0,21.02,1022.69,4.2,4.11 08:04:17 26/06/19
786,93.2,21.045,1022.71,4.26,4.13 08:09:31 26/06/19
795,93.6,21.025,1022.66,4.26,4.15 08:14:48 26/06/19
800,94.4,20.965,1022.63,5.0,4.16 08:20:04 26/06/19
796,94.3,20.96,1022.77,5.0,4.12 08:25:22 26/06/19
802,93.7,20.93,1022.79,5.0,4.11 08:30:43 26/06/19
800,93.7,20.925,1022.91,5.0,4.13 08:35:57 26/06/19
811,94.0,20.925,1022.89,5.0,4.15 08:41:12 26/06/19
811,93.4,20.925,1022.89,5.0,4.13 08:46:28 26/06/19
823,94.0,20.994999,1022.92,5.0,4.12 08:51:43 26/06/19
815,93.6,21.035,1023.05,5.0,4.11 08:56:58 26/06/19
819,93.7,21.105,1023.09,4.58,4.14 09:02:13 26/06/19
819,93.9,21.125,1023.16,5.0,4.16 09:07:28 26/06/19
822,93.5,21.220001,1023.17,5.0,4.14 09:12:47 26/06/19
826,93.9,21.285,1023.22,5.0,4.13 09:18:07 26/06/19
828,93.6,21.3,1023.21,5.0,4.12 09:23:23 26/06/19
834,94.0,21.325,1023.34,5.0,4.12 09:28:38 26/06/19
832,95.9,21.345001,1023.37,5.0,4.11 09:33:53 26/06/19
834,95.4,21.41,1023.4,5.0,4.11 09:39:08 26/06/19
834,94.3,21.5,1023.5,4.24,4.15 09:44:24 26/06/19
837,94.4,21.595001,1023.5,5.0,4.15 09:49:39 26/06/19
845,94.5,21.645,1023.53,5.0,4.14 09:54:54 26/06/19
847,94.5,21.720001,1023.63,5.0,4.13 10:00:13 26/06/19
849,95.7,21.810001,1023.65,5.0,4.13 10:05:33 26/06/19
851,94.9,21.895,1023.65,5.0,4.12 10:10:49 26/06/19
851,95.1,21.985,1023.71,5.0,4.11 10:16:04 26/06/19
851,95.0,22.085,1023.74,5.0,4.11 10:21:20 26/06/19
850,95.1,22.19,1023.62,5.0,4.11 10:26:36 26/06/19
847,94.7,22.3,1023.69,4.35,4.16 10:31:50 26/06/19
851,94.9,22.4,1023.78,5.0,4.15 10:37:06 26/06/19
853,95.1,22.435,1023.72,5.0,4.14 10:42:21 26/06/19
858,94.7,22.51,1023.75,5.0,4.13 10:47:37 26/06/19
859,95.5,22.58,1023.75,5.0,4.13 10:52:53 26/06/19
864,95.0,22.675,1023.75,5.0,4.12 10:58:11 26/06/19
862,94.9,22.71,1023.88,5.0,4.12 11:03:35 26/06/19
868,94.8,22.795,1023.9,5.0,4.12 11:08:54 26/06/19
869,94.5,22.875,1023.86,5.0,4.11 11:14:11 26/06/19
866,94.6,22.915,1023.82,5.0,4.11 11:19:27 26/06/19
863,94.8,22.985,1023.94,4.26,4.17 11:24:42 26/06/19
860,95.3,23.1,1024.0,5.0,4.15 11:29:58 26/06/19
856,94.4,23.18,1023.98,5.0,4.14 11:35:13 26/06/19
863,94.4,23.175,1024.04,5.0,4.13 11:40:29 26/06/19
861,94.1,23.135,1024.06,5.0,4.06 11:45:45 26/06/19
878,94.8,23.19,1024.2,5.0,4.12 11:51:01 26/06/19
865,95.2,23.29,1024.21,5.0,4.12 11:56:16 26/06/19
865,94.6,23.365,1024.2,5.0,4.11 12:01:31 26/06/19
870,94.6,23.38,1024.19,5.0,4.11 12:06:47 26/06/19
874,94.8,23.470001,1024.12,5.0,4.11 12:12:02 26/06/19
867,94.9,23.555,1024.27,4.32,4.19 12:17:19 26/06/19
874,95.3,23.76,1024.35,5.0,4.15 12:22:34 26/06/19
882,94.3,23.82,1024.35,5.0,4.14 12:27:49 26/06/19
887,95.0,24.04,1024.28,5.0,4.13 12:33:05 26/06/19
881,94.6,24.1,1024.22,5.0,4.13 12:38:21 26/06/19
899,94.3,24.195,1024.23,5.0,4.13 12:43:36 26/06/19
883,94.2,24.369999,1024.29,5.0,4.12 12:48:52 26/06/19
902,94.2,24.560001,1024.27,5.0,4.12 12:54:08 26/06/19
890,94.0,24.805,1024.22,5.0,4.11 12:59:24 26/06/19
905,94.3,24.945,1024.15,5.0,4.11 13:04:40 26/06/19
899,94.4,25.2,1024.13,5.0,4.11 13:09:56 26/06/19
905,93.9,25.43,1024.05,5.0,4.21 13:15:12 26/06/19
889,93.7,25.73,1024.17,5.0,4.16 13:20:28 26/06/19
906,93.7,25.925,1024.15,5.0,4.14 13:25:44 26/06/19
907,93.6,26.135,1024.04,5.0,4.14 13:30:58 26/06/19
906,93.6,26.455,1023.98,5.0,4.13 13:36:16 26/06/19
905,93.4,26.68,1024.04,5.0,4.13 13:41:32 26/06/19
905,93.4,26.965,1024.14,5.0,4.13 13:46:48 26/06/19
907,93.4,27.165,1024.02,5.0,4.12 13:52:04 26/06/19
883,92.8,27.31,1024.02,5.0,4.12 13:57:21 26/06/19
905,93.0,27.475,1024.1,5.0,4.11 14:02:38 26/06/19
901,92.8,27.585,1024.19,5.0,4.21 14:07:53 26/06/19
898,92.5,27.759998,1024.02,5.0,4.16 14:13:10 26/06/19
903,92.2,27.89,1024.1,5.0,4.15 14:18:26 26/06/19
906,92.4,28.05,1024.09,5.0,4.14 14:23:45 26/06/19
905,92.5,28.25,1024.16,5.0,4.13 14:28:59 26/06/19
902,92.0,28.375,1024.25,5.0,4.13 14:34:15 26/06/19
898,91.6,28.470001,1024.22,5.0,4.13 14:39:32 26/06/19
904,91.8,28.565,1024.25,5.0,4.12 14:44:48 26/06/19
903,91.8,28.68,1024.12,5.0,4.12 14:50:06 26/06/19
904,92.0,28.93,1024.15,5.0,4.11 14:55:25 26/06/19
902,91.5,29.045,1024.05,5.0,4.21 15:00:51 26/06/19
903,91.2,29.165,1024.01,5.0,4.16 15:06:12 26/06/19
904,91.0,29.19,1023.85,5.0,4.15 15:11:32 26/06/19
903,91.4,29.335,1023.94,5.0,4.14 15:16:54 26/06/19
902,91.1,29.46,1023.93,5.0,4.14 15:22:11 26/06/19
901,90.5,29.565,1023.84,5.0,4.13 15:27:27 26/06/19
902,90.5,29.665,1023.78,5.0,4.13 15:32:44 26/06/19
901,89.4,29.695,1023.88,5.0,4.12 15:38:01 26/06/19
901,90.4,29.759998,1023.73,5.0,4.12 15:43:17 26/06/19
900,90.2,29.84,1023.76,5.0,4.12 15:48:34 26/06/19
901,90.1,29.865,1023.74,5.0,4.12 15:53:51 26/06/19
899,87.7,29.775,1023.66,5.0,4.21 15:59:08 26/06/19
899,89.5,29.875,1023.69,5.0,4.16 16:04:24 26/06/19
899,88.8,29.955,1023.63,5.0,4.15 16:09:41 26/06/19
898,89.6,30.035,1023.53,5.0,4.14 16:14:58 26/06/19
898,89.3,30.060001,1023.45,5.0,4.14 16:20:15 26/06/19
896,88.8,30.150002,1023.37,5.0,4.13 16:25:33 26/06/19
896,87.7,30.165,1023.32,5.0,4.13 16:30:48 26/06/19
895,88.6,30.23,1023.32,5.0,4.13 16:36:05 26/06/19
894,86.4,30.255,1023.26,5.0,4.12 16:41:23 26/06/19
894,88.1,30.259998,1023.22,5.0,4.12 16:46:39 26/06/19
892,86.7,30.259998,1023.15,5.0,4.12 16:51:54 26/06/19
891,87.9,30.259998,1023.19,5.0,4.11 16:57:11 26/06/19
891,86.1,30.259998,1023.18,5.0,4.22 17:02:29 26/06/19
891,87.1,30.3,1023.16,5.0,4.16 17:07:46 26/06/19
889,84.3,30.220001,1023.11,5.0,4.15 17:13:03 26/06/19
889,85.4,30.2,1023.15,5.0,4.14 17:18:21 26/06/19
889,85.5,30.185001,1023.09,5.0,4.14 17:23:37 26/06/19
887,84.2,30.18,1023.08,5.0,4.13 17:28:54 26/06/19
885,83.4,30.11,1023.03,5.0,4.13 17:34:10 26/06/19
886,85.5,30.09,1023.04,5.0,4.12 17:39:27 26/06/19
883,84.8,30.09,1023.0,5.0,4.12 17:44:45 26/06/19
883,83.8,30.01,1022.93,5.0,4.12 17:49:59 26/06/19
881,83.4,29.92,1022.91,5.0,4.12 17:55:18 26/06/19
880,82.5,29.814999,1022.88,5.0,4.11 18:00:35 26/06/19
879,82.8,29.64,1022.89,4.36,4.21 18:05:51 26/06/19
878,81.6,29.555,1022.85,5.0,4.16 18:11:08 26/06/19
876,82.3,29.46,1022.91,5.0,4.15 18:16:23 26/06/19
872,82.9,29.34,1022.92,5.0,4.14 18:21:41 26/06/19
872,82.8,29.23,1022.96,5.0,4.14 18:26:58 26/06/19
871,82.0,29.125,1022.98,5.0,4.13 18:32:14 26/06/19
869,83.1,28.96,1022.97,5.0,4.13 18:37:31 26/06/19
866,83.2,28.849998,1022.92,5.0,4.13 18:42:48 26/06/19
865,83.1,28.695,1023.0,5.0,4.12 18:48:04 26/06/19
863,83.1,28.49,1023.0,5.0,4.12 18:53:21 26/06/19
861,83.7,28.365,1023.09,5.0,4.11 18:58:38 26/06/19
859,83.6,28.185001,1023.05,5.0,4.11 19:03:52 26/06/19
856,84.0,28.01,1023.08,5.0,4.11 19:09:10 26/06/19
853,83.9,27.84,1022.99,4.29,4.16 19:14:27 26/06/19
850,84.3,27.78,1023.0,5.0,4.16 19:19:43 26/06/19
803,84.6,27.675,1023.09,5.0,4.15 19:25:00 26/06/19
784,84.7,27.51,1023.08,5.0,4.14 19:30:16 26/06/19
779,84.5,27.39,1023.0,5.0,4.14 19:35:35 26/06/19
785,83.9,27.25,1022.99,5.0,4.13 19:40:52 26/06/19
779,84.3,27.11,1023.12,5.0,4.13 19:46:13 26/06/19
768,83.9,26.92,1023.17,5.0,4.12 19:51:28 26/06/19
767,84.2,26.76,1023.18,5.0,4.12 19:56:46 26/06/19
767,84.3,26.695,1023.17,5.0,4.12 20:02:01 26/06/19
770,84.2,26.595001,1023.14,5.0,4.12 20:07:22 26/06/19
758,84.4,26.51,1023.16,4.26,4.14 20:12:48 26/06/19
753,84.2,26.415,1023.15,5.0,4.16 20:18:06 26/06/19
751,84.6,26.310001,1023.28,4.33,4.17 20:23:22 26/06/19
748,84.5,26.195,1023.3,4.46,4.19 20:28:38 26/06/19
743,84.9,26.045,1023.31,5.0,4.17 20:33:57 26/06/19
739,84.6,25.93,1023.35,5.0,4.16 20:39:13 26/06/19
733,84.7,25.89,1023.37,5.0,4.16 20:44:28 26/06/19
728,85.0,25.74,1023.45,5.0,4.15 20:49:42 26/06/19
723,85.3,25.625,1023.56,5.0,4.14 20:55:00 26/06/19
716,85.3,25.515,1023.64,5.0,4.14 21:00:14 26/06/19
709,85.6,25.41,1023.61,5.0,4.13 21:05:37 26/06/19
699,86.0,25.315,1023.66,5.0,4.13 21:11:01 26/06/19
688,86.3,25.21,1023.79,5.0,4.13 21:16:21 26/06/19
676,85.7,25.09,1023.74,5.0,4.12 21:21:36 26/06/19
663,85.8,24.92,1023.84,5.0,4.12 21:26:58 26/06/19
647,85.9,24.795,1023.86,5.0,4.11 21:32:16 26/06/19
629,85.7,24.615,1023.97,4.4,4.11 21:37:34 26/06/19
609,85.3,24.494999,1024.06,4.2,4.11 21:42:50 26/06/19
586,85.3,24.315,1024.11,4.39,4.11 21:48:06 26/06/19
561,85.3,24.14,1024.14,4.17,4.1 21:53:24 26/06/19
533,85.4,24.075,1024.15,4.23,4.1 21:58:47 26/06/19
502,86.1,23.904999,1024.27,3.88,4.1 22:04:00 26/06/19
467,86.5,23.74,1024.24,3.39,4.1 22:09:19 26/06/19
428,86.8,23.635,1024.32,2.75,4.09 22:14:32 26/06/19
387,86.6,23.535,1024.45,2.1,4.09 22:19:47 26/06/19
350,87.3,23.42,1024.51,1.51,4.09 22:25:03 26/06/19
321,87.0,23.33,1024.62,1.02,4.09 22:30:19 26/06/19
295,86.7,23.25,1024.64,0.61,4.09 22:35:34 26/06/19
273,87.7,23.205,1024.65,0.33,4.08 22:40:51 26/06/19
256,87.6,23.06,1024.75,0.17,4.08 22:46:07 26/06/19
243,86.9,23.015,1024.77,0.09,4.08 22:51:19 26/06/19
233,88.4,22.904999,1024.83,0.05,4.08 22:56:35 26/06/19
223,87.5,22.8,1024.83,0.02,4.08 23:01:52 26/06/19
216,88.6,22.71,1024.87,0.01,4.07 23:07:08 26/06/19
208,88.1,22.619999,1025.0,0.0,4.07 23:12:27 26/06/19
205,89.2,22.52,1024.94,0.0,4.07 23:17:47 26/06/19
201,88.4,22.435,1025.03,0.0,4.07 23:23:01 26/06/19
196,89.5,22.34,1025.05,0.0,4.07 23:28:19 26/06/19
193,90.3,22.244999,1025.03,0.0,4.07 23:33:34 26/06/19
191,89.7,22.14,1025.09,0.0,4.07 23:38:47 26/06/19
189,90.2,22.05,1025.15,0.0,4.06 23:44:04 26/06/19
187,90.0,21.939999,1025.1,0.0,4.06 23:49:18 26/06/19
186,90.0,21.855,1025.07,0.0,4.06 23:54:34 26/06/19
184,90.6,21.76,1025.15,0.0,4.06 23:59:49 26/06/19
