0,96.1,18.4,2.91,2.92,0.17,0.15,1 00:00:27 10/09/20
0,96.2,18.3,2.91,2.92,0.25,0.23,0 00:05:58 10/09/20
0,96.5,18.3,2.91,2.92,0.16,0.15,1 00:11:24 10/09/20
0,96.9,18.3,2.91,2.92,0.25,0.24,0 00:16:55 10/09/20
0,97.0,18.2,2.91,2.92,0.18,0.17,1 00:22:23 10/09/20
0,96.9,18.2,2.91,2.92,0.25,0.24,0 00:27:53 10/09/20
0,96.9,18.1,2.91,2.92,0.19,0.17,1 00:33:21 10/09/20
0,96.9,18.1,2.91,2.92,0.25,0.23,0 00:38:49 10/09/20
0,96.9,18.0,2.91,2.92,0.19,0.17,1 00:44:19 10/09/20
0,97.0,17.9,2.91,2.92,0.25,0.24,0 00:49:47 10/09/20
0,96.9,17.9,2.91,2.92,0.18,0.17,1 00:55:15 10/09/20
0,96.9,17.8,2.91,2.92,0.25,0.24,0 01:00:44 10/09/20
0,96.9,17.7,2.91,2.92,0.18,0.17,1 01:06:12 10/09/20
0,96.7,17.6,2.91,2.92,0.22,0.21,0 01:11:46 10/09/20
0,96.7,17.6,2.91,2.92,0.2,0.19,0 01:17:22 10/09/20
0,96.6,17.5,2.91,2.92,0.19,0.17,1 01:22:57 10/09/20
0,96.7,17.4,2.91,2.92,0.26,0.24,0 01:28:26 10/09/20
0,96.6,17.3,2.91,2.92,0.18,0.17,1 01:33:53 10/09/20
0,96.7,17.3,2.91,2.92,0.26,0.24,0 01:39:22 10/09/20
0,96.7,17.2,2.91,2.92,0.18,0.17,1 01:44:50 10/09/20
0,96.7,17.2,2.91,2.92,0.26,0.24,0 01:50:19 10/09/20
0,96.7,17.1,2.91,2.92,0.19,0.17,1 01:55:47 10/09/20
0,96.7,17.0,2.91,2.92,0.26,0.24,0 02:01:16 10/09/20
0,96.8,17.0,2.91,2.92,0.18,0.17,1 02:06:44 10/09/20
0,96.8,16.9,2.91,2.92,0.26,0.24,0 02:12:13 10/09/20
0,96.7,16.9,2.91,2.92,0.19,0.17,1 02:17:41 10/09/20
0,96.7,16.8,2.91,2.92,0.26,0.24,0 02:23:10 10/09/20
0,96.7,16.7,2.91,2.92,0.19,0.17,1 02:28:39 10/09/20
0,96.7,16.7,2.91,2.92,0.26,0.24,0 02:34:07 10/09/20
0,96.7,16.6,2.91,2.92,0.19,0.17,1 02:39:35 10/09/20
0,96.7,16.6,2.91,2.92,0.15,0.14,1 02:45:07 10/09/20
0,96.7,16.5,2.91,2.92,0.26,0.24,0 02:50:41 10/09/20
0,96.7,16.5,2.91,2.92,0.19,0.17,1 02:56:09 10/09/20
0,96.6,16.4,2.91,2.92,0.26,0.24,0 03:01:38 10/09/20
0,96.8,16.3,2.91,2.92,0.19,0.17,1 03:07:16 10/09/20
0,97.1,16.3,2.91,2.92,0.14,0.13,0 03:07:26 10/09/20
0,96.8,16.3,2.91,2.92,0.2,0.19,0 03:12:56 10/09/20
0,97.0,16.3,2.91,2.92,0.19,0.18,1 03:18:30 10/09/20
0,97.0,16.2,2.91,2.91,0.25,0.23,0 03:23:58 10/09/20
0,97.3,16.1,2.91,2.91,0.19,0.18,1 03:29:27 10/09/20
0,97.3,16.1,2.91,2.91,0.25,0.23,0 03:34:55 10/09/20
0,97.2,16.0,2.91,2.92,0.19,0.18,1 03:40:24 10/09/20
0,97.2,15.9,2.91,2.91,0.26,0.24,0 03:45:53 10/09/20
0,97.2,15.9,2.91,2.92,0.19,0.17,1 03:51:21 10/09/20
0,97.2,15.8,2.91,2.91,0.26,0.24,0 03:56:49 10/09/20
0,96.9,15.7,2.91,2.91,0.19,0.17,1 04:02:17 10/09/20
0,97.1,15.7,2.91,2.91,0.26,0.24,0 04:07:46 10/09/20
0,96.9,15.7,2.91,2.91,0.19,0.18,1 04:13:15 10/09/20
0,97.1,15.7,2.91,2.91,0.25,0.23,0 04:18:42 10/09/20
0,97.1,15.6,2.91,2.91,0.19,0.18,1 04:24:11 10/09/20
0,97.1,15.6,2.91,2.91,0.26,0.24,0 04:29:40 10/09/20
0,97.1,15.5,2.91,2.91,0.19,0.17,1 04:35:08 10/09/20
0,97.3,15.5,2.91,2.91,0.26,0.24,0 04:40:36 10/09/20
0,97.5,15.5,2.91,2.91,0.19,0.17,1 04:46:04 10/09/20
0,97.7,15.5,2.91,2.91,0.26,0.25,0 04:51:34 10/09/20
0,98.0,15.4,2.91,2.91,0.19,0.18,1 04:57:01 10/09/20
0,98.0,15.3,2.91,2.91,0.25,0.23,0 05:02:29 10/09/20
0,98.1,15.3,2.91,2.91,0.19,0.18,1 05:08:03 10/09/20
0,98.1,15.2,2.91,2.91,0.26,0.24,0 05:13:35 10/09/20
0,98.0,15.2,2.91,2.91,0.19,0.17,1 05:19:03 10/09/20
0,98.1,15.1,2.91,2.91,0.25,0.24,0 05:24:32 10/09/20
0,98.2,15.0,2.91,2.91,0.19,0.18,1 05:30:00 10/09/20
0,98.2,14.9,2.91,2.91,0.26,0.24,0 05:35:29 10/09/20
0,98.5,14.8,2.91,2.91,0.19,0.17,1 05:40:56 10/09/20
0,98.7,14.7,2.91,2.91,0.26,0.24,0 05:46:25 10/09/20
0,99.0,14.6,2.91,2.91,0.19,0.18,1 05:51:54 10/09/20
0,99.4,14.5,2.91,2.91,0.25,0.23,0 05:57:21 10/09/20
0,99.6,14.3,2.91,2.91,0.19,0.17,1 06:02:49 10/09/20
0,99.9,14.1,2.91,2.91,0.26,0.24,0 06:08:18 10/09/20
0,99.9,14.0,2.91,2.91,0.19,0.18,1 06:13:46 10/09/20
0,99.8,13.8,2.91,2.91,0.26,0.24,0 06:19:15 10/09/20
0,99.6,13.6,2.9,2.91,0.19,0.17,1 06:24:42 10/09/20
0,99.7,13.4,2.91,2.91,0.26,0.24,0 06:30:10 10/09/20
0,99.6,13.2,2.91,2.91,0.19,0.17,1 06:35:39 10/09/20
0,99.7,13.1,2.91,2.91,0.26,0.24,0 06:41:07 10/09/20
0,99.7,12.9,2.9,2.91,0.19,0.18,1 06:46:35 10/09/20
0,99.6,12.8,2.9,2.91,0.26,0.24,0 06:52:03 10/09/20
0,99.9,12.6,2.91,2.91,0.19,0.18,1 06:57:31 10/09/20
0,99.6,12.5,2.9,2.91,0.26,0.24,0 07:03:00 10/09/20
0,99.6,12.4,2.9,2.91,0.19,0.18,1 07:08:28 10/09/20
0,99.7,12.3,2.9,2.91,0.25,0.24,0 07:13:55 10/09/20
0,99.5,12.1,2.9,2.91,0.19,0.17,1 07:19:23 10/09/20
0,99.6,12.0,2.9,2.91,0.26,0.24,0 07:24:54 10/09/20
0,99.4,11.9,2.9,2.91,0.19,0.18,1 07:30:20 10/09/20
0,99.2,11.8,2.9,2.91,0.26,0.24,0 07:35:47 10/09/20
0,99.2,11.7,2.9,2.91,0.19,0.17,1 07:41:15 10/09/20
0,99.0,11.7,2.9,2.9,0.26,0.24,0 07:46:43 10/09/20
0,98.9,11.6,2.9,2.91,0.19,0.17,1 07:52:11 10/09/20
0,99.1,11.6,2.9,2.9,0.26,0.24,0 07:57:39 10/09/20
0,99.3,11.6,2.9,2.91,0.19,0.17,1 08:03:07 10/09/20
0,99.4,11.6,2.9,2.9,0.26,0.24,0 08:08:35 10/09/20
0,99.2,11.6,2.9,2.9,0.19,0.17,1 08:14:03 10/09/20
0,99.4,11.7,2.9,2.9,0.26,0.24,0 08:19:31 10/09/20
0,99.4,11.7,2.9,2.9,0.16,0.15,1 08:24:57 10/09/20
0,99.6,11.8,2.9,2.9,0.26,0.25,0 08:30:28 10/09/20
0,99.7,11.9,2.9,2.9,0.19,0.17,1 08:35:55 10/09/20
0,99.9,12.1,2.9,2.9,0.26,0.24,0 08:41:23 10/09/20
0,99.9,12.3,2.9,2.9,0.19,0.17,1 08:46:51 10/09/20
0,99.9,12.5,2.9,2.9,0.26,0.24,0 08:52:19 10/09/20
0,99.9,12.7,2.9,2.9,0.19,0.17,1 08:57:47 10/09/20
0,99.9,13.0,2.9,2.9,0.26,0.24,0 09:03:15 10/09/20
0,99.9,13.3,2.9,2.9,0.19,0.17,1 09:08:44 10/09/20
0,99.9,13.5,2.9,2.9,0.26,0.25,0 09:14:12 10/09/20
0,99.9,13.8,2.9,2.9,0.2,0.18,1 09:19:40 10/09/20
0,99.9,14.0,2.9,2.9,0.26,0.25,0 09:25:20 10/09/20
0,99.9,14.0,2.9,2.9,0.11,0.1,1 09:25:30 10/09/20
0,99.9,14.4,2.9,2.9,0.26,0.25,0 09:31:04 10/09/20
0,99.9,14.6,2.9,2.9,0.19,0.17,1 09:36:31 10/09/20
0,99.9,14.8,2.9,2.9,0.16,0.15,1 09:42:03 10/09/20
0,99.9,15.1,2.9,2.9,0.27,0.25,0 09:47:37 10/09/20
0,99.9,15.4,2.9,2.9,0.2,0.18,1 09:53:06 10/09/20
0,99.9,15.8,2.9,2.9,0.26,0.24,0 09:58:33 10/09/20
0,99.9,16.3,2.9,2.9,0.2,0.18,1 10:04:02 10/09/20
0,99.9,16.7,2.9,2.9,0.22,0.21,0 10:09:28 10/09/20
0,99.9,16.9,2.9,2.9,0.2,0.18,1 10:14:59 10/09/20
0,99.9,17.0,2.9,2.9,0.26,0.24,0 10:20:27 10/09/20
0,99.9,17.2,2.9,2.9,0.2,0.18,1 10:25:56 10/09/20
0,99.9,17.3,2.9,2.9,0.27,0.25,0 10:31:25 10/09/20
0,99.9,17.5,2.9,2.9,0.2,0.18,1 10:36:53 10/09/20
0,99.9,17.7,2.9,2.9,0.26,0.24,0 10:42:21 10/09/20
0,99.9,18.0,2.9,2.9,0.2,0.18,1 10:47:50 10/09/20
0,99.9,18.4,2.9,2.9,0.26,0.24,0 10:53:18 10/09/20
0,99.9,18.9,2.9,2.9,0.19,0.18,1 10:58:47 10/09/20
0,99.9,19.5,2.9,2.9,0.27,0.25,0 11:04:16 10/09/20
0,99.9,20.4,2.9,2.9,0.2,0.18,1 11:09:45 10/09/20
0,99.9,21.9,2.9,2.9,0.28,0.25,0 11:15:15 10/09/20
0,99.9,23.4,2.9,2.9,0.18,0.16,1 11:20:41 10/09/20
0,99.9,24.5,2.9,2.9,0.27,0.25,0 11:26:21 10/09/20
0,99.9,25.1,2.9,2.9,0.18,0.17,1 11:31:49 10/09/20
0,99.9,25.3,2.9,2.9,0.27,0.25,0 11:37:20 10/09/20
0,99.3,25.7,2.9,2.9,0.19,0.18,1 11:42:49 10/09/20
0,97.6,26.2,2.9,2.9,0.27,0.25,0 11:48:19 10/09/20
0,98.7,27.0,2.9,2.9,0.2,0.18,1 11:53:49 10/09/20
0,99.5,28.0,2.9,2.9,0.26,0.25,0 11:59:18 10/09/20
0,98.8,29.1,2.9,2.9,0.2,0.18,1 12:04:48 10/09/20
0,98.3,30.1,2.9,2.9,0.27,0.25,0 12:10:18 10/09/20
0,97.3,31.0,2.9,2.9,0.2,0.19,1 12:15:50 10/09/20
0,96.1,31.7,2.9,2.9,0.27,0.25,0 12:21:19 10/09/20
0,94.2,32.5,2.9,2.9,0.2,0.18,1 12:26:49 10/09/20
0,93.7,33.0,2.9,2.9,0.16,0.15,1 12:32:24 10/09/20
0,93.2,33.5,2.9,2.9,0.27,0.25,0 12:37:59 10/09/20
0,90.9,33.9,2.9,2.9,0.2,0.18,1 12:43:30 10/09/20
0,90.8,34.3,2.9,2.9,0.16,0.15,1 12:49:04 10/09/20
0,89.3,34.6,2.89,2.9,0.27,0.25,0 12:54:40 10/09/20
0,83.2,34.9,2.9,2.9,0.2,0.18,1 13:00:11 10/09/20
0,84.8,35.2,2.9,2.9,0.27,0.25,0 13:05:42 10/09/20
0,79.1,35.6,2.9,2.9,0.2,0.18,1 13:11:13 10/09/20
0,78.1,35.9,2.9,2.9,0.27,0.25,0 13:16:54 10/09/20
0,78.7,35.9,2.9,2.91,0.12,0.11,1 13:17:04 10/09/20
0,79.1,36.3,2.9,2.9,0.27,0.25,0 13:22:33 10/09/20
0,72.9,36.5,2.9,2.9,0.2,0.18,1 13:28:04 10/09/20
0,76.7,36.9,2.9,2.9,0.27,0.25,0 13:33:35 10/09/20
0,72.5,37.1,2.9,2.91,0.2,0.18,1 13:39:06 10/09/20
0,69.5,37.2,2.9,2.9,0.27,0.25,0 13:44:37 10/09/20
0,63.7,37.3,2.9,2.91,0.19,0.18,1 13:50:08 10/09/20
0,64.2,37.3,2.9,2.91,0.28,0.26,0 13:55:41 10/09/20
0,59.2,37.3,2.9,2.91,0.2,0.18,1 14:01:11 10/09/20
0,59.5,37.4,2.9,2.91,0.27,0.25,0 14:06:42 10/09/20
0,58.6,37.5,2.9,2.91,0.2,0.18,1 14:12:14 10/09/20
0,57.6,37.7,2.9,2.91,0.26,0.25,0 14:17:44 10/09/20
0,55.2,37.8,2.9,2.91,0.21,0.2,0 14:23:19 10/09/20
0,55.6,37.8,2.9,2.91,0.2,0.18,1 14:28:56 10/09/20
0,53.2,37.7,2.9,2.91,0.27,0.25,0 14:34:28 10/09/20
0,52.4,37.6,2.9,2.92,0.19,0.18,1 14:39:58 10/09/20
0,51.2,37.3,2.9,2.91,0.25,0.23,0 14:45:28 10/09/20
0,49.1,37.0,2.9,2.92,0.2,0.19,1 14:51:02 10/09/20
0,46.8,36.3,2.9,2.92,0.27,0.25,0 14:56:32 10/09/20
0,50.8,35.1,2.9,2.92,0.2,0.18,1 15:02:13 10/09/20
0,54.4,34.8,2.9,2.92,0.25,0.24,0 15:07:42 10/09/20
0,53.1,35.1,2.9,2.92,0.19,0.18,1 15:13:13 10/09/20
0,51.2,35.1,2.88,2.94,0.26,0.25,0 15:18:45 10/09/20
0,52.0,34.5,2.9,2.92,0.19,0.18,1 15:24:15 10/09/20
0,53.7,33.7,2.9,2.92,0.26,0.24,0 15:29:45 10/09/20
0,51.4,33.1,2.9,2.92,0.19,0.18,1 15:35:17 10/09/20
0,57.1,33.3,2.91,2.92,0.16,0.14,1 15:40:50 10/09/20
0,58.9,34.4,2.91,2.92,0.26,0.24,0 15:46:26 10/09/20
0,54.9,34.6,2.91,2.92,0.19,0.18,1 15:51:57 10/09/20
0,53.6,34.1,2.91,2.92,0.27,0.25,0 15:57:29 10/09/20
0,54.8,33.4,2.91,2.92,0.19,0.17,1 16:02:58 10/09/20
0,56.0,33.0,2.91,2.92,0.26,0.25,0 16:08:29 10/09/20
0,55.4,32.9,2.91,2.92,0.19,0.17,1 16:13:59 10/09/20
0,57.2,33.2,2.91,2.92,0.26,0.25,0 16:19:31 10/09/20
0,55.9,33.1,2.91,2.93,0.21,0.19,0 16:25:04 10/09/20
0,56.2,33.5,2.91,2.93,0.19,0.17,1 16:30:40 10/09/20
0,56.0,34.6,2.91,2.93,0.26,0.25,0 16:36:11 10/09/20
0,54.1,35.6,2.91,2.93,0.19,0.18,1 16:41:42 10/09/20
0,53.3,36.0,2.91,2.93,0.26,0.24,0 16:47:13 10/09/20
0,53.3,36.5,2.91,2.93,0.19,0.18,1 16:52:44 10/09/20
0,52.0,36.7,2.91,2.93,0.26,0.24,0 16:58:24 10/09/20
0,52.2,37.0,2.91,2.93,0.18,0.17,1 17:03:55 10/09/20
0,51.3,36.9,2.91,2.93,0.25,0.24,0 17:09:26 10/09/20
0,50.8,36.8,2.91,2.93,0.21,0.19,0 17:15:01 10/09/20
0,50.3,36.6,2.91,2.93,0.19,0.18,1 17:20:38 10/09/20
0,48.8,36.4,2.91,2.93,0.26,0.24,0 17:26:09 10/09/20
0,50.0,36.0,2.91,2.93,0.19,0.18,1 17:31:40 10/09/20
0,49.1,35.6,2.91,2.93,0.26,0.24,0 17:37:12 10/09/20
0,48.9,35.3,2.91,2.93,0.19,0.18,1 17:42:43 10/09/20
0,48.7,34.8,2.91,2.93,0.26,0.24,0 17:48:13 10/09/20
0,48.2,34.4,2.91,2.93,0.19,0.17,1 17:53:44 10/09/20
0,47.1,34.0,2.91,2.93,0.15,0.14,1 17:59:18 10/09/20
0,47.9,33.4,2.91,2.93,0.25,0.23,0 18:04:54 10/09/20
0,47.4,32.8,2.91,2.93,0.19,0.17,1 18:10:25 10/09/20
0,47.2,32.0,2.91,2.93,0.25,0.23,0 18:15:55 10/09/20
0,48.2,31.2,2.91,2.93,0.19,0.17,1 18:21:26 10/09/20
0,48.6,30.5,2.91,2.93,0.15,0.14,1 18:27:00 10/09/20
0,49.0,29.7,2.91,2.93,0.25,0.23,0 18:32:35 10/09/20
0,56.1,28.9,2.91,2.93,0.18,0.17,1 18:38:05 10/09/20
0,57.6,28.3,2.91,2.93,0.25,0.23,0 18:43:35 10/09/20
0,58.9,27.8,2.91,2.93,0.18,0.17,1 18:49:05 10/09/20
0,60.2,27.2,2.91,2.93,0.25,0.24,0 18:54:39 10/09/20
0,60.7,26.6,2.91,2.93,0.19,0.17,1 19:00:14 10/09/20
0,61.4,25.9,2.91,2.93,0.25,0.23,0 19:05:43 10/09/20
0,62.3,25.2,2.91,2.94,0.19,0.17,1 19:11:13 10/09/20
0,62.4,24.5,2.91,2.93,0.25,0.23,0 19:16:42 10/09/20
0,63.6,24.0,2.91,2.93,0.19,0.17,1 19:22:12 10/09/20
0,65.2,23.4,2.91,2.93,0.25,0.23,0 19:27:42 10/09/20
0,65.7,22.9,2.91,2.93,0.18,0.17,1 19:33:10 10/09/20
0,66.9,22.4,2.92,2.93,0.24,0.23,0 19:38:39 10/09/20
0,67.7,21.9,2.91,2.93,0.18,0.17,1 19:44:09 10/09/20
0,68.7,21.5,2.91,2.93,0.25,0.24,0 19:49:39 10/09/20
0,69.0,21.0,2.92,2.93,0.19,0.17,1 19:55:08 10/09/20
0,69.6,20.5,2.92,2.93,0.25,0.24,0 20:00:37 10/09/20
0,69.9,20.1,2.92,2.93,0.18,0.17,1 20:06:04 10/09/20
0,70.4,19.6,2.92,2.93,0.24,0.22,0 20:11:33 10/09/20
0,70.9,19.2,2.92,2.94,0.18,0.16,1 20:17:02 10/09/20
0,70.6,18.8,2.92,2.93,0.25,0.23,0 20:22:31 10/09/20
0,70.7,18.4,2.92,2.93,0.19,0.17,1 20:28:00 10/09/20
0,70.9,18.1,2.92,2.93,0.24,0.22,0 20:33:28 10/09/20
0,71.6,17.7,2.92,2.93,0.19,0.17,1 20:38:58 10/09/20
0,71.2,17.4,2.92,2.93,0.15,0.14,1 20:44:29 10/09/20
0,71.3,17.1,2.92,2.93,0.25,0.23,0 20:50:04 10/09/20
0,71.1,16.8,2.92,2.93,0.19,0.17,1 20:55:33 10/09/20
0,70.7,16.6,2.92,2.93,0.24,0.22,0 21:01:00 10/09/20
0,70.9,16.3,2.92,2.93,0.18,0.17,1 21:06:35 10/09/20
0,70.5,16.1,2.89,2.92,0.24,0.23,0 21:12:07 10/09/20
0,69.4,15.8,2.92,2.93,0.19,0.17,1 21:17:36 10/09/20
0,69.4,15.6,2.92,2.93,0.25,0.23,0 21:23:04 10/09/20
0,69.8,15.4,2.92,2.93,0.18,0.16,1 21:28:31 10/09/20
0,70.6,15.2,2.92,2.93,0.25,0.23,0 21:34:00 10/09/20
0,70.0,15.0,2.92,2.93,0.18,0.17,1 21:39:29 10/09/20
0,68.9,14.9,2.92,2.93,0.24,0.22,0 21:44:56 10/09/20
0,70.4,14.7,2.92,2.93,0.18,0.17,1 21:50:25 10/09/20
0,69.3,14.5,2.92,2.93,0.25,0.23,0 21:55:54 10/09/20
0,68.5,14.4,2.92,2.93,0.18,0.16,1 22:01:21 10/09/20
0,68.9,14.3,2.92,2.93,0.25,0.23,0 22:06:50 10/09/20
0,67.8,14.1,2.92,2.93,0.18,0.17,1 22:12:19 10/09/20
0,67.9,14.0,2.92,2.92,0.24,0.22,0 22:17:46 10/09/20
0,68.5,13.9,2.92,2.93,0.19,0.17,1 22:23:16 10/09/20
0,69.9,13.8,2.92,2.92,0.25,0.23,0 22:28:43 10/09/20
0,68.7,13.6,2.92,2.93,0.18,0.17,1 22:34:12 10/09/20
0,68.8,13.5,2.92,2.92,0.24,0.22,0 22:39:39 10/09/20
0,69.8,13.4,2.92,2.92,0.18,0.16,1 22:45:08 10/09/20
0,69.0,13.3,2.92,2.92,0.26,0.23,0 22:50:36 10/09/20
0,69.9,13.2,2.91,2.92,0.16,0.15,1 22:56:02 10/09/20
0,70.3,13.0,2.91,2.92,0.25,0.23,0 23:01:33 10/09/20
0,70.4,12.9,2.91,2.92,0.18,0.16,1 23:07:00 10/09/20
0,69.1,12.8,2.91,2.92,0.24,0.22,0 23:12:28 10/09/20
0,69.9,12.7,2.92,2.92,0.19,0.17,1 23:18:07 10/09/20
0,70.0,12.6,2.91,2.92,0.25,0.22,0 23:23:34 10/09/20
0,69.7,12.5,2.91,2.92,0.19,0.17,0 23:29:06 10/09/20
0,70.3,12.4,2.91,2.92,0.19,0.17,1 23:34:39 10/09/20
0,68.8,12.3,2.91,2.92,0.25,0.23,0 23:40:07 10/09/20
0,69.6,12.2,2.91,2.92,0.18,0.17,1 23:45:36 10/09/20
0,68.7,12.1,2.91,2.92,0.25,0.23,0 23:51:04 10/09/20
0,69.1,12.0,2.91,2.92,0.19,0.17,1 23:56:32 10/09/20
