0,99.9,12.3,2.89,2.89,0.21,0.19,1 00:04:14 28/09/20
0,99.9,12.2,2.89,2.89,0.28,0.25,0 00:09:43 28/09/20
0,99.9,12.2,2.89,2.89,0.21,0.19,1 00:15:11 28/09/20
0,99.9,12.2,2.89,2.89,0.28,0.25,0 00:20:39 28/09/20
0,99.9,12.2,2.89,2.89,0.21,0.19,1 00:26:07 28/09/20
0,99.9,12.2,2.89,2.89,0.28,0.25,0 00:31:35 28/09/20
0,99.9,12.1,2.89,2.89,0.2,0.19,1 00:37:03 28/09/20
0,99.9,12.1,2.89,2.89,0.28,0.25,0 00:42:31 28/09/20
0,99.9,12.2,2.89,2.89,0.21,0.19,1 00:47:59 28/09/20
0,99.9,12.1,2.89,2.89,0.28,0.25,0 00:53:27 28/09/20
0,99.9,12.1,2.89,2.89,0.21,0.19,1 00:58:55 28/09/20
0,99.9,12.1,2.89,2.89,0.28,0.25,0 01:04:23 28/09/20
0,99.9,12.2,2.89,2.89,0.21,0.19,1 01:09:51 28/09/20
0,99.9,12.1,2.89,2.89,0.28,0.25,0 01:15:19 28/09/20
0,99.9,12.1,2.89,2.89,0.21,0.19,1 01:20:47 28/09/20
0,99.9,12.2,2.89,2.89,0.28,0.25,0 01:26:15 28/09/20
0,99.9,12.1,2.89,2.89,0.21,0.19,1 01:31:43 28/09/20
0,99.9,12.1,2.89,2.89,0.28,0.25,0 01:37:10 28/09/20
0,99.9,12.2,2.89,2.89,0.19,0.18,1 01:42:37 28/09/20
0,99.9,12.1,2.89,2.89,0.27,0.24,0 01:48:05 28/09/20
0,99.9,12.1,2.89,2.89,0.21,0.19,1 01:53:34 28/09/20
0,99.9,12.1,2.89,2.89,0.29,0.25,0 01:59:02 28/09/20
0,99.9,12.2,2.89,2.89,0.21,0.19,1 02:04:30 28/09/20
0,99.9,12.1,2.89,2.88,0.29,0.25,0 02:09:58 28/09/20
0,99.9,12.2,2.89,2.89,0.21,0.19,1 02:15:26 28/09/20
0,99.9,12.1,2.89,2.88,0.28,0.25,0 02:20:54 28/09/20
0,99.9,12.2,2.89,2.89,0.21,0.19,1 02:26:23 28/09/20
0,99.9,12.2,2.89,2.88,0.29,0.25,0 02:31:50 28/09/20
0,99.9,12.2,2.89,2.89,0.21,0.19,1 02:37:18 28/09/20
0,99.9,12.2,2.89,2.88,0.29,0.25,0 02:42:46 28/09/20
0,99.9,12.2,2.89,2.89,0.21,0.19,1 02:48:14 28/09/20
0,99.9,12.2,2.89,2.88,0.29,0.25,0 02:53:42 28/09/20
0,99.9,12.2,2.89,2.89,0.21,0.19,1 02:59:10 28/09/20
0,99.9,12.2,2.89,2.88,0.29,0.25,0 03:04:38 28/09/20
0,99.9,12.2,2.89,2.89,0.21,0.19,1 03:10:06 28/09/20
0,99.9,12.2,2.89,2.88,0.29,0.26,0 03:15:35 28/09/20
0,99.9,12.2,2.88,2.89,0.19,0.17,1 03:21:01 28/09/20
0,99.9,12.2,2.89,2.88,0.3,0.26,0 03:26:31 28/09/20
0,99.9,12.2,2.89,2.88,0.21,0.19,1 03:31:59 28/09/20
0,99.9,12.2,2.89,2.88,0.29,0.26,0 03:37:27 28/09/20
0,99.9,12.2,2.88,2.88,0.21,0.19,1 03:42:55 28/09/20
0,99.9,12.2,2.88,2.88,0.29,0.26,0 03:48:23 28/09/20
0,99.9,12.2,2.88,2.88,0.21,0.19,1 03:53:51 28/09/20
0,99.9,12.2,2.88,2.88,0.29,0.26,0 03:59:19 28/09/20
0,99.9,12.2,2.88,2.88,0.21,0.19,1 04:04:47 28/09/20
0,99.9,12.2,2.88,2.88,0.29,0.26,0 04:10:15 28/09/20
0,99.9,12.2,2.88,2.88,0.21,0.19,1 04:15:43 28/09/20
0,99.9,12.2,2.88,2.88,0.29,0.26,0 04:21:11 28/09/20
0,99.9,12.2,2.88,2.88,0.21,0.19,1 04:26:39 28/09/20
0,99.9,12.2,2.88,2.88,0.3,0.26,0 04:32:07 28/09/20
0,99.9,12.3,2.88,2.88,0.21,0.19,1 04:37:34 28/09/20
0,99.9,12.3,2.88,2.88,0.29,0.26,0 04:43:02 28/09/20
0,99.9,12.3,2.88,2.88,0.21,0.19,1 04:48:30 28/09/20
0,99.9,12.3,2.88,2.88,0.29,0.26,0 04:53:58 28/09/20
0,99.9,12.2,2.88,2.88,0.21,0.2,1 04:59:27 28/09/20
0,99.9,12.3,2.88,2.88,0.29,0.26,0 05:04:55 28/09/20
0,99.9,12.3,2.88,2.88,0.21,0.2,1 05:10:23 28/09/20
0,99.9,12.3,2.88,2.88,0.3,0.26,0 05:15:51 28/09/20
0,99.9,12.3,2.88,2.88,0.21,0.2,1 05:21:19 28/09/20
0,99.9,12.3,2.88,2.88,0.3,0.26,0 05:26:47 28/09/20
0,99.9,12.3,2.88,2.88,0.21,0.2,1 05:32:15 28/09/20
0,99.9,12.3,2.88,2.88,0.3,0.26,0 05:37:43 28/09/20
0,99.9,12.3,2.88,2.88,0.21,0.2,1 05:43:11 28/09/20
0,99.9,12.3,2.88,2.88,0.26,0.23,0 05:48:37 28/09/20
0,99.9,12.3,2.88,2.88,0.21,0.2,1 05:54:07 28/09/20
0,99.9,12.3,2.88,2.88,0.17,0.16,1 05:59:39 28/09/20
0,99.9,12.3,2.88,2.88,0.3,0.26,0 06:05:11 28/09/20
0,99.9,12.3,2.88,2.88,0.21,0.2,1 06:10:40 28/09/20
0,99.9,12.3,2.88,2.88,0.3,0.26,0 06:16:08 28/09/20
0,99.9,12.3,2.88,2.88,0.21,0.2,1 06:21:36 28/09/20
0,99.9,12.3,2.88,2.88,0.3,0.26,0 06:27:04 28/09/20
0,99.9,12.3,2.88,2.88,0.19,0.17,1 06:32:30 28/09/20
0,99.9,12.3,2.88,2.88,0.3,0.26,0 06:37:59 28/09/20
0,99.9,12.3,2.88,2.88,0.21,0.2,1 06:43:27 28/09/20
0,99.9,12.3,2.88,2.88,0.3,0.26,0 06:48:55 28/09/20
0,99.9,12.4,2.88,2.88,0.21,0.2,1 06:54:23 28/09/20
0,99.9,12.4,2.88,2.88,0.3,0.26,0 06:59:51 28/09/20
0,99.9,12.4,2.88,2.88,0.21,0.2,1 07:05:19 28/09/20
0,99.9,12.4,2.88,2.88,0.3,0.26,0 07:10:48 28/09/20
0,99.9,12.4,2.88,2.88,0.21,0.2,1 07:16:16 28/09/20
0,99.9,12.4,2.88,2.88,0.3,0.26,0 07:21:46 28/09/20
0,99.9,12.4,2.88,2.88,0.21,0.2,1 07:27:12 28/09/20
0,99.9,12.4,2.88,2.88,0.3,0.26,0 07:32:40 28/09/20
3,99.9,12.4,2.88,2.88,0.21,0.19,1 07:38:07 28/09/20
0,99.9,12.3,2.88,2.88,0.29,0.26,0 07:43:35 28/09/20
0,99.9,12.3,2.88,2.88,0.21,0.19,1 07:49:03 28/09/20
0,99.9,12.3,2.88,2.88,0.27,0.24,0 07:54:30 28/09/20
0,99.9,12.3,2.88,2.88,0.22,0.2,1 08:00:00 28/09/20
0,99.9,12.3,2.88,2.88,0.25,0.22,0 08:05:25 28/09/20
0,99.9,12.2,2.88,2.88,0.22,0.2,1 08:10:56 28/09/20
0,99.9,12.3,2.88,2.88,0.29,0.26,0 08:16:23 28/09/20
0,99.9,12.2,2.88,2.88,0.18,0.17,1 08:21:50 28/09/20
0,99.9,12.2,2.88,2.88,0.3,0.26,0 08:27:20 28/09/20
0,99.9,12.2,2.88,2.88,0.21,0.19,1 08:32:47 28/09/20
0,99.9,12.2,2.88,2.88,0.29,0.26,0 08:38:15 28/09/20
0,99.9,12.2,2.88,2.88,0.21,0.19,1 08:43:43 28/09/20
0,99.9,12.3,2.88,2.88,0.14,0.13,1 08:49:16 28/09/20
0,99.9,12.3,2.88,2.88,0.3,0.26,0 08:54:49 28/09/20
0,99.9,12.3,2.88,2.88,0.22,0.2,1 09:00:17 28/09/20
0,99.9,12.3,2.88,2.88,0.3,0.26,0 09:05:45 28/09/20
0,99.9,12.3,2.88,2.88,0.22,0.2,1 09:11:13 28/09/20
0,99.9,12.4,2.88,2.88,0.3,0.26,0 09:16:41 28/09/20
0,99.9,12.4,2.88,2.88,0.21,0.2,1 09:22:09 28/09/20
0,99.9,12.4,2.88,2.88,0.3,0.26,0 09:27:37 28/09/20
0,99.9,12.4,2.88,2.88,0.22,0.2,1 09:33:05 28/09/20
0,99.9,12.5,2.88,2.88,0.3,0.26,0 09:38:33 28/09/20
0,99.9,12.5,2.88,2.88,0.19,0.17,1 09:43:59 28/09/20
0,99.9,12.6,2.88,2.88,0.3,0.26,0 09:49:29 28/09/20
0,99.9,12.6,2.88,2.88,0.22,0.2,1 09:54:57 28/09/20
0,99.9,12.6,2.88,2.88,0.3,0.27,0 10:00:25 28/09/20
0,99.9,12.7,2.88,2.88,0.22,0.2,1 10:05:53 28/09/20
0,99.9,12.7,2.88,2.88,0.3,0.26,0 10:11:21 28/09/20
0,99.9,12.8,2.88,2.88,0.21,0.2,1 10:16:49 28/09/20
0,99.9,12.9,2.88,2.88,0.3,0.26,0 10:22:17 28/09/20
0,99.9,12.9,2.88,2.88,0.21,0.2,1 10:27:45 28/09/20
0,99.9,13.0,2.88,2.88,0.29,0.26,0 10:33:12 28/09/20
0,99.9,13.0,2.88,2.88,0.21,0.19,1 10:38:40 28/09/20
0,99.9,13.1,2.88,2.88,0.29,0.26,0 10:44:08 28/09/20
0,99.9,13.1,2.88,2.88,0.22,0.2,1 10:49:37 28/09/20
0,99.9,13.3,2.88,2.88,0.28,0.24,0 10:55:04 28/09/20
0,99.9,13.3,2.88,2.88,0.2,0.18,1 11:00:32 28/09/20
0,99.9,13.4,2.88,2.88,0.17,0.16,1 11:06:05 28/09/20
0,99.9,13.5,2.88,2.88,0.26,0.23,0 11:11:36 28/09/20
0,99.9,13.5,2.88,2.88,0.19,0.18,1 11:17:04 28/09/20
0,99.9,13.6,2.88,2.88,0.3,0.27,0 11:22:34 28/09/20
0,99.9,13.6,2.88,2.88,0.22,0.2,1 11:28:02 28/09/20
0,99.9,13.6,2.88,2.88,0.3,0.26,0 11:33:31 28/09/20
0,99.9,13.6,2.88,2.88,0.21,0.2,1 11:38:58 28/09/20
0,99.9,13.6,2.88,2.88,0.3,0.26,0 11:44:26 28/09/20
0,99.9,13.7,2.88,2.88,0.21,0.19,1 11:49:54 28/09/20
0,99.9,13.8,2.88,2.88,0.29,0.26,0 11:55:23 28/09/20
0,99.9,13.9,2.88,2.88,0.22,0.2,1 12:00:51 28/09/20
0,99.9,13.9,2.88,2.88,0.27,0.23,0 12:06:17 28/09/20
0,99.9,14.0,2.88,2.88,0.19,0.18,1 12:11:45 28/09/20
0,99.9,14.0,2.88,2.88,0.25,0.22,0 12:17:13 28/09/20
0,99.9,13.9,2.88,2.88,0.21,0.2,1 12:22:43 28/09/20
0,99.9,13.9,2.88,2.88,0.29,0.26,0 12:28:11 28/09/20
0,99.9,13.9,2.88,2.88,0.22,0.2,1 12:33:41 28/09/20
0,99.9,13.9,2.88,2.88,0.3,0.26,0 12:39:08 28/09/20
0,99.9,13.9,2.88,2.88,0.22,0.2,1 12:44:36 28/09/20
0,99.9,13.8,2.88,2.88,0.3,0.26,0 12:50:05 28/09/20
0,99.9,13.8,2.88,2.88,0.21,0.19,1 12:55:32 28/09/20
0,99.9,13.7,2.88,2.88,0.29,0.26,0 13:01:00 28/09/20
0,99.9,13.7,2.88,2.88,0.21,0.2,1 13:06:30 28/09/20
0,99.9,13.7,2.88,2.88,0.29,0.26,0 13:11:57 28/09/20
0,99.9,13.7,2.88,2.88,0.22,0.2,1 13:17:25 28/09/20
0,99.9,13.7,2.88,2.88,0.3,0.27,0 13:22:53 28/09/20
0,99.9,13.7,2.88,2.88,0.22,0.2,1 13:28:21 28/09/20
0,99.9,13.7,2.88,2.88,0.3,0.26,0 13:33:50 28/09/20
0,99.9,13.7,2.88,2.88,0.21,0.2,1 13:39:17 28/09/20
0,99.9,13.6,2.88,2.88,0.29,0.26,0 13:44:45 28/09/20
0,99.9,13.6,2.88,2.88,0.21,0.2,1 13:50:13 28/09/20
0,99.9,13.5,2.88,2.88,0.29,0.26,0 13:55:41 28/09/20
0,99.9,13.5,2.88,2.88,0.21,0.19,1 14:01:10 28/09/20
0,99.9,13.5,2.88,2.88,0.3,0.27,0 14:06:38 28/09/20
0,99.9,13.5,2.88,2.88,0.22,0.2,1 14:12:06 28/09/20
0,99.9,13.5,2.88,2.88,0.3,0.27,0 14:17:34 28/09/20
0,99.9,13.6,2.88,2.88,0.22,0.2,1 14:23:02 28/09/20
0,99.9,13.6,2.88,2.88,0.28,0.25,0 14:28:39 28/09/20
0,99.9,13.7,2.88,2.88,0.22,0.2,1 14:34:08 28/09/20
0,99.9,13.8,2.88,2.88,0.29,0.26,0 14:39:35 28/09/20
0,99.9,13.7,2.88,2.88,0.21,0.19,1 14:45:03 28/09/20
0,99.9,13.7,2.88,2.88,0.29,0.26,0 14:50:32 28/09/20
0,99.9,13.7,2.88,2.88,0.2,0.18,1 14:55:59 28/09/20
0,99.9,13.7,2.88,2.88,0.28,0.25,0 15:01:27 28/09/20
0,99.9,13.6,2.88,2.88,0.22,0.2,1 15:06:56 28/09/20
0,99.9,13.6,2.88,2.88,0.26,0.24,0 15:12:23 28/09/20
0,99.9,13.6,2.88,2.88,0.22,0.2,1 15:17:53 28/09/20
0,99.9,13.5,2.88,2.88,0.29,0.26,0 15:23:20 28/09/20
0,99.9,13.5,2.88,2.88,0.21,0.19,1 15:28:48 28/09/20
0,99.9,13.5,2.88,2.88,0.29,0.26,0 15:34:16 28/09/20
0,99.9,13.4,2.88,2.88,0.21,0.2,1 15:39:45 28/09/20
0,99.9,13.4,2.88,2.88,0.18,0.16,1 15:45:16 28/09/20
0,99.9,13.4,2.88,2.88,0.29,0.26,0 15:50:50 28/09/20
0,99.9,13.3,2.88,2.88,0.22,0.2,1 15:56:19 28/09/20
0,99.9,13.3,2.88,2.88,0.3,0.27,0 16:01:46 28/09/20
0,99.9,13.3,2.88,2.88,0.22,0.2,1 16:07:14 28/09/20
0,99.9,13.3,2.88,2.88,0.3,0.27,0 16:12:42 28/09/20
0,99.9,13.3,2.88,2.88,0.19,0.17,1 16:18:08 28/09/20
0,99.9,13.2,2.88,2.88,0.3,0.27,0 16:23:38 28/09/20
0,99.9,13.3,2.88,2.88,0.22,0.2,1 16:29:07 28/09/20
0,99.9,13.3,2.88,2.88,0.3,0.27,0 16:34:35 28/09/20
0,99.9,13.3,2.88,2.88,0.21,0.19,1 16:40:02 28/09/20
0,99.9,13.3,2.88,2.88,0.25,0.22,0 16:45:28 28/09/20
0,99.9,13.2,2.88,2.88,0.21,0.19,1 16:50:58 28/09/20
0,99.9,13.2,2.88,2.88,0.29,0.26,0 16:56:27 28/09/20
0,99.9,13.2,2.88,2.88,0.21,0.19,1 17:01:54 28/09/20
0,99.9,13.1,2.88,2.88,0.29,0.26,0 17:07:23 28/09/20
0,99.9,13.1,2.88,2.88,0.21,0.19,1 17:12:51 28/09/20
0,99.9,13.1,2.88,2.88,0.3,0.27,0 17:18:19 28/09/20
0,99.9,13.0,2.88,2.88,0.22,0.2,1 17:23:47 28/09/20
0,99.9,13.0,2.88,2.88,0.3,0.27,0 17:29:15 28/09/20
0,99.9,13.0,2.88,2.88,0.22,0.2,1 17:34:43 28/09/20
0,99.9,13.0,2.88,2.88,0.3,0.27,0 17:40:11 28/09/20
0,99.9,13.0,2.88,2.88,0.22,0.2,1 17:45:39 28/09/20
0,99.9,13.0,2.88,2.88,0.3,0.27,0 17:51:08 28/09/20
0,99.9,12.9,2.88,2.88,0.22,0.2,1 17:56:36 28/09/20
0,99.9,12.9,2.88,2.88,0.3,0.27,0 18:02:04 28/09/20
0,99.9,12.9,2.88,2.88,0.22,0.2,1 18:07:32 28/09/20
0,99.9,12.9,2.88,2.88,0.29,0.26,0 18:12:59 28/09/20
0,99.9,12.9,2.88,2.88,0.21,0.19,1 18:18:27 28/09/20
0,99.9,12.8,2.88,2.88,0.29,0.26,0 18:23:55 28/09/20
0,99.9,12.8,2.88,2.88,0.24,0.21,0 18:29:27 28/09/20
0,99.9,12.8,2.88,2.88,0.21,0.2,1 18:35:00 28/09/20
0,99.9,12.7,2.88,2.88,0.29,0.26,0 18:40:28 28/09/20
0,99.9,12.7,2.88,2.88,0.21,0.2,1 18:45:56 28/09/20
0,99.9,12.6,2.88,2.88,0.29,0.26,0 18:51:24 28/09/20
0,99.9,12.6,2.88,2.88,0.21,0.2,1 18:56:52 28/09/20
0,99.9,12.6,2.88,2.88,0.29,0.26,0 19:02:20 28/09/20
0,99.9,12.5,2.88,2.88,0.21,0.2,1 19:07:48 28/09/20
0,99.9,12.5,2.88,2.88,0.29,0.26,0 19:13:16 28/09/20
0,99.9,12.4,2.88,2.88,0.21,0.2,1 19:18:44 28/09/20
0,99.9,12.4,2.88,2.88,0.29,0.26,0 19:24:12 28/09/20
0,99.9,12.4,2.88,2.88,0.21,0.2,1 19:29:40 28/09/20
0,99.9,12.3,2.88,2.88,0.25,0.22,0 19:35:06 28/09/20
0,99.9,12.3,2.88,2.88,0.22,0.2,1 19:40:36 28/09/20
0,99.9,12.3,2.88,2.88,0.29,0.26,0 19:46:04 28/09/20
0,99.9,12.3,2.88,2.88,0.22,0.2,1 19:51:32 28/09/20
0,99.9,12.3,2.88,2.88,0.29,0.26,0 19:57:00 28/09/20
0,99.9,12.2,2.88,2.88,0.2,0.18,1 20:02:27 28/09/20
0,99.9,12.2,2.88,2.88,0.3,0.27,0 20:07:57 28/09/20
0,99.9,12.2,2.88,2.88,0.22,0.2,1 20:13:25 28/09/20
0,99.9,12.2,2.88,2.88,0.3,0.27,0 20:18:53 28/09/20
0,99.9,12.2,2.86,2.89,0.2,0.18,1 20:24:19 28/09/20
0,99.9,12.2,2.88,2.88,0.3,0.27,0 20:29:49 28/09/20
0,99.9,12.2,2.88,2.88,0.14,0.13,0 20:35:19 28/09/20
0,99.9,12.2,2.88,2.88,0.22,0.21,1 20:40:44 28/09/20
0,99.9,12.1,2.88,2.88,0.31,0.28,0 20:46:13 28/09/20
0,99.9,12.2,2.88,2.88,0.24,0.21,0 20:51:44 28/09/20
0,99.9,12.2,2.88,2.88,0.22,0.2,1 20:57:17 28/09/20
0,99.9,12.2,2.88,2.88,0.31,0.27,0 21:02:46 28/09/20
0,99.9,12.2,2.88,2.88,0.19,0.18,1 21:08:11 28/09/20
0,99.9,12.2,2.88,2.88,0.3,0.27,0 21:13:41 28/09/20
0,99.9,12.2,2.88,2.88,0.23,0.21,1 21:19:10 28/09/20
0,99.9,12.2,2.88,2.88,0.27,0.25,0 21:24:36 28/09/20
0,99.9,12.2,2.88,2.88,0.23,0.21,1 21:30:06 28/09/20
0,99.9,12.2,2.88,2.88,0.31,0.27,0 21:35:34 28/09/20
0,99.9,12.2,2.88,2.88,0.22,0.2,1 21:41:01 28/09/20
0,99.9,12.2,2.88,2.88,0.29,0.26,0 21:46:29 28/09/20
0,99.9,12.2,2.88,2.88,0.2,0.19,1 21:51:56 28/09/20
0,99.9,12.2,2.88,2.88,0.29,0.26,0 21:57:24 28/09/20
0,99.9,12.3,2.88,2.88,0.22,0.21,1 22:02:53 28/09/20
0,99.9,12.3,2.88,2.88,0.29,0.26,0 22:08:20 28/09/20
0,99.9,12.3,2.88,2.88,0.22,0.2,1 22:13:48 28/09/20
0,99.9,12.3,2.88,2.88,0.29,0.26,0 22:19:16 28/09/20
0,99.9,12.3,2.88,2.88,0.22,0.2,1 22:24:44 28/09/20
0,99.9,12.3,2.88,2.88,0.29,0.26,0 22:30:12 28/09/20
0,99.9,12.3,2.88,2.88,0.22,0.2,1 22:35:40 28/09/20
0,99.9,12.3,2.88,2.88,0.29,0.26,0 22:41:08 28/09/20
0,99.9,12.3,2.88,2.88,0.22,0.2,1 22:46:36 28/09/20
0,99.9,12.3,2.88,2.88,0.25,0.22,0 22:52:05 28/09/20
0,99.9,12.4,2.88,2.88,0.24,0.21,0 22:57:36 28/09/20
0,99.9,12.4,2.88,2.88,0.22,0.21,1 23:03:10 28/09/20
0,99.9,12.4,2.88,2.88,0.25,0.22,0 23:08:35 28/09/20
0,99.9,12.4,2.88,2.88,0.22,0.2,1 23:14:05 28/09/20
0,99.9,12.4,2.88,2.87,0.25,0.22,0 23:19:32 28/09/20
0,99.9,12.4,2.88,2.87,0.24,0.21,0 23:25:05 28/09/20
0,99.9,12.4,2.88,2.88,0.22,0.21,1 23:30:39 28/09/20
0,99.9,12.4,2.88,2.87,0.26,0.24,0 23:36:05 28/09/20
0,99.9,12.4,2.88,2.88,0.22,0.2,1 23:41:35 28/09/20
0,99.9,12.4,2.88,2.87,0.3,0.27,0 23:47:03 28/09/20
0,99.9,12.4,2.88,2.88,0.22,0.2,1 23:52:31 28/09/20
0,99.9,12.5,2.88,2.87,0.3,0.27,0 23:57:59 28/09/20
