0,99.9,12.5,2.88,2.88,0.22,0.2,1 00:03:27 29/09/20
0,99.9,12.5,2.88,2.87,0.3,0.27,0 00:08:55 29/09/20
0,99.9,12.5,2.88,2.87,0.22,0.2,1 00:14:23 29/09/20
0,99.9,12.5,2.88,2.87,0.3,0.27,0 00:19:53 29/09/20
0,99.9,12.6,2.87,2.87,0.19,0.18,1 00:25:17 29/09/20
0,99.9,12.6,2.88,2.87,0.3,0.27,0 00:30:47 29/09/20
0,99.9,12.6,2.88,2.88,0.22,0.21,1 00:36:15 29/09/20
0,99.9,12.6,2.87,2.87,0.3,0.27,0 00:41:43 29/09/20
0,99.9,12.6,2.88,2.88,0.22,0.2,1 00:47:11 29/09/20
0,99.9,12.6,2.88,2.87,0.3,0.27,0 00:52:39 29/09/20
0,99.9,12.7,2.87,2.88,0.22,0.21,1 00:58:07 29/09/20
0,99.9,12.7,2.88,2.87,0.3,0.27,0 01:03:35 29/09/20
0,99.9,12.7,2.88,2.88,0.22,0.21,1 01:09:03 29/09/20
0,99.9,12.8,2.88,2.87,0.29,0.26,0 01:14:30 29/09/20
0,99.9,12.8,2.87,2.87,0.22,0.2,1 01:19:58 29/09/20
0,99.9,12.9,2.87,2.87,0.29,0.26,0 01:25:26 29/09/20
0,99.9,13.0,2.88,2.87,0.22,0.2,1 01:30:54 29/09/20
0,99.9,13.2,2.88,2.87,0.29,0.26,0 01:36:22 29/09/20
0,99.9,13.3,2.87,2.87,0.22,0.2,1 01:41:50 29/09/20
0,99.9,13.4,2.88,2.87,0.29,0.26,0 01:47:18 29/09/20
0,99.9,13.5,2.87,2.87,0.22,0.2,1 01:52:47 29/09/20
0,99.9,13.7,2.88,2.87,0.31,0.27,0 01:58:16 29/09/20
0,99.9,13.8,2.88,2.88,0.23,0.2,0 02:03:48 29/09/20
0,99.9,13.9,2.87,2.88,0.23,0.21,1 02:09:20 29/09/20
0,99.9,13.9,2.88,2.87,0.3,0.27,0 02:14:48 29/09/20
0,99.9,13.9,2.88,2.88,0.23,0.21,1 02:20:17 29/09/20
0,99.9,14.0,2.88,2.87,0.29,0.26,0 02:25:44 29/09/20
0,99.9,14.0,2.88,2.87,0.22,0.2,1 02:31:12 29/09/20
0,99.9,14.1,2.87,2.87,0.29,0.26,0 02:36:40 29/09/20
0,99.9,14.1,2.88,2.87,0.23,0.21,1 02:42:10 29/09/20
0,99.9,14.1,2.88,2.87,0.3,0.27,0 02:47:37 29/09/20
0,99.9,14.1,2.87,2.88,0.23,0.21,1 02:53:05 29/09/20
0,99.9,14.2,2.88,2.87,0.3,0.27,0 02:58:34 29/09/20
0,99.9,14.1,2.88,2.87,0.23,0.21,1 03:04:02 29/09/20
0,99.9,14.2,2.88,2.87,0.29,0.26,0 03:09:29 29/09/20
0,99.9,14.1,2.88,2.88,0.22,0.2,1 03:14:58 29/09/20
0,99.9,14.2,2.87,2.87,0.31,0.27,0 03:20:27 29/09/20
0,99.9,14.1,2.88,2.87,0.23,0.21,1 03:25:54 29/09/20
0,99.9,14.1,2.87,2.87,0.3,0.27,0 03:31:22 29/09/20
0,99.9,14.1,2.87,2.87,0.23,0.21,1 03:36:51 29/09/20
0,99.9,14.1,2.87,2.87,0.29,0.26,0 03:42:18 29/09/20
0,99.9,14.1,2.87,2.87,0.21,0.19,1 03:47:45 29/09/20
0,99.9,14.0,2.87,2.87,0.31,0.27,0 03:53:16 29/09/20
0,99.9,14.1,2.86,2.94,0.23,0.21,1 03:58:43 29/09/20
0,99.9,14.1,2.87,2.87,0.3,0.27,0 04:04:11 29/09/20
0,99.9,14.0,2.87,2.88,0.23,0.21,1 04:09:40 29/09/20
0,99.9,14.0,2.87,2.87,0.29,0.26,0 04:15:07 29/09/20
0,99.9,14.0,2.87,2.87,0.22,0.21,1 04:20:35 29/09/20
0,99.9,14.0,2.87,2.87,0.31,0.27,0 04:26:05 29/09/20
0,99.9,14.0,2.88,2.87,0.23,0.21,1 04:31:32 29/09/20
0,99.9,13.9,2.87,2.87,0.3,0.27,0 04:37:00 29/09/20
0,99.9,13.9,2.87,2.87,0.2,0.19,1 04:42:27 29/09/20
0,99.9,13.9,2.87,2.87,0.3,0.27,0 04:47:57 29/09/20
0,99.9,13.8,2.88,2.87,0.24,0.21,0 04:53:31 29/09/20
0,99.9,13.8,2.87,2.88,0.22,0.2,1 04:59:01 29/09/20
0,99.9,13.8,2.87,2.87,0.31,0.27,0 05:04:33 29/09/20
0,99.9,13.8,2.87,2.88,0.22,0.2,1 05:10:07 29/09/20
0,99.9,13.7,2.87,2.87,0.28,0.24,0 05:15:34 29/09/20
0,99.9,13.7,2.87,2.87,0.23,0.21,1 05:21:03 29/09/20
0,99.9,13.7,2.87,2.87,0.3,0.27,0 05:26:31 29/09/20
0,99.9,13.7,2.88,2.87,0.23,0.21,1 05:31:59 29/09/20
0,99.9,13.7,2.87,2.88,0.3,0.27,0 05:37:27 29/09/20
0,99.9,13.7,2.87,2.88,0.23,0.21,1 05:42:56 29/09/20
0,99.9,13.6,2.87,2.87,0.29,0.26,0 05:48:23 29/09/20
0,99.9,13.6,2.87,2.88,0.22,0.2,1 05:53:51 29/09/20
0,99.9,13.6,2.87,2.87,0.29,0.26,0 05:59:19 29/09/20
0,99.9,13.6,2.87,2.88,0.22,0.2,1 06:04:47 29/09/20
0,99.9,13.6,2.87,2.88,0.29,0.26,0 06:10:16 29/09/20
0,99.9,13.6,2.87,2.87,0.22,0.2,1 06:15:44 29/09/20
0,99.9,13.6,2.87,2.87,0.18,0.17,1 06:21:16 29/09/20
0,99.9,13.6,2.87,2.88,0.18,0.17,1 06:26:52 29/09/20
0,99.9,13.6,2.87,2.87,0.31,0.27,0 06:32:27 29/09/20
0,99.9,13.6,2.87,2.87,0.24,0.22,1 06:37:55 29/09/20
0,99.9,13.6,2.87,2.87,0.3,0.27,0 06:43:22 29/09/20
0,99.9,13.6,2.87,2.88,0.23,0.21,1 06:48:50 29/09/20
0,99.9,13.6,2.87,2.88,0.3,0.27,0 06:54:19 29/09/20
0,99.9,13.6,2.87,2.88,0.23,0.21,1 06:59:47 29/09/20
0,99.9,13.6,2.87,2.87,0.25,0.22,0 07:05:13 29/09/20
0,99.9,13.6,2.88,2.87,0.22,0.21,1 07:10:42 29/09/20
0,99.9,13.6,2.87,2.87,0.29,0.26,0 07:16:10 29/09/20
0,99.9,13.6,2.87,2.88,0.22,0.2,1 07:21:38 29/09/20
0,99.9,13.5,2.88,2.88,0.31,0.27,0 07:27:08 29/09/20
0,99.9,13.5,2.87,2.87,0.22,0.21,1 07:32:35 29/09/20
0,99.9,13.5,2.87,2.87,0.3,0.26,0 07:38:03 29/09/20
0,99.9,13.5,2.87,2.88,0.22,0.21,1 07:43:31 29/09/20
0,99.9,13.5,2.87,2.88,0.3,0.26,0 07:48:59 29/09/20
0,99.9,13.4,2.87,2.87,0.22,0.21,1 07:54:28 29/09/20
0,99.9,13.4,2.87,2.87,0.29,0.26,0 07:59:55 29/09/20
0,99.9,13.4,2.87,2.88,0.22,0.2,1 08:05:23 29/09/20
0,99.9,13.4,2.87,2.87,0.29,0.26,0 08:10:51 29/09/20
0,99.9,13.4,2.87,2.88,0.22,0.2,1 08:16:19 29/09/20
0,99.9,13.4,2.87,2.87,0.29,0.26,0 08:21:47 29/09/20
0,99.9,13.4,2.88,2.88,0.22,0.2,1 08:27:15 29/09/20
0,99.9,13.5,2.87,2.87,0.29,0.26,0 08:32:44 29/09/20
0,99.9,13.5,2.86,2.88,0.21,0.2,1 08:38:12 29/09/20
0,99.9,13.6,2.87,2.88,0.18,0.17,1 08:43:43 29/09/20
0,99.9,13.6,2.88,2.88,0.18,0.17,1 08:49:20 29/09/20
0,99.9,13.7,2.88,2.87,0.28,0.25,0 08:54:53 29/09/20
0,99.9,13.6,2.88,2.88,0.2,0.18,1 09:00:20 29/09/20
0,99.9,13.6,2.87,2.87,0.28,0.25,0 09:05:58 29/09/20
0,99.9,13.6,2.87,2.87,0.19,0.18,1 09:11:25 29/09/20
0,99.9,13.6,2.87,2.87,0.3,0.27,0 09:16:55 29/09/20
0,99.9,13.6,2.87,2.87,0.22,0.2,1 09:22:23 29/09/20
0,99.9,13.6,2.87,2.88,0.3,0.27,0 09:27:52 29/09/20
0,99.9,13.6,2.87,2.87,0.19,0.18,1 09:33:18 29/09/20
0,99.9,13.6,2.87,2.87,0.25,0.22,0 09:38:45 29/09/20
0,99.9,13.7,2.87,2.87,0.22,0.2,1 09:44:15 29/09/20
0,99.9,13.9,2.87,2.87,0.29,0.26,0 09:49:43 29/09/20
0,99.9,14.0,2.87,2.87,0.22,0.2,1 09:55:12 29/09/20
0,99.9,14.2,2.87,2.87,0.31,0.27,0 10:00:41 29/09/20
0,99.9,14.4,2.87,2.87,0.22,0.2,1 10:06:08 29/09/20
0,99.9,14.6,2.87,2.87,0.3,0.27,0 10:11:36 29/09/20
3,99.9,14.7,2.87,2.87,0.19,0.17,1 10:17:02 29/09/20
0,99.9,14.9,2.87,2.87,0.29,0.26,0 10:22:33 29/09/20
0,99.9,15.0,2.87,2.88,0.22,0.21,1 10:28:02 29/09/20
0,99.9,15.1,2.87,2.87,0.3,0.27,0 10:33:29 29/09/20
0,99.9,15.2,2.87,2.87,0.22,0.2,1 10:38:58 29/09/20
0,99.9,15.4,2.87,2.87,0.29,0.26,0 10:44:25 29/09/20
0,99.9,15.6,2.87,2.87,0.2,0.19,1 10:49:54 29/09/20
0,99.9,15.8,2.87,2.87,0.3,0.27,0 10:55:22 29/09/20
0,99.9,16.6,2.87,2.87,0.21,0.2,1 11:00:50 29/09/20
0,99.9,18.6,2.87,2.87,0.3,0.28,0 11:06:19 29/09/20
0,99.9,20.7,2.87,2.88,0.23,0.24,1 11:11:56 29/09/20
0,99.9,22.8,2.87,2.87,0.3,0.3,0 11:17:25 29/09/20
1,99.9,24.6,2.87,2.87,0.25,0.3,1 11:22:54 29/09/20
0,99.9,26.2,2.87,2.87,0.31,0.31,0 11:28:24 29/09/20
0,99.9,27.5,2.87,2.88,0.23,0.24,1 11:33:53 29/09/20
0,99.9,28.7,2.87,2.87,0.27,0.25,0 11:39:21 29/09/20
0,99.9,29.8,2.87,2.88,0.22,0.21,1 11:44:53 29/09/20
0,99.9,30.9,2.87,2.88,0.31,0.27,0 11:50:23 29/09/20
0,99.9,31.8,2.87,2.88,0.18,0.17,1 11:55:51 29/09/20
0,99.9,32.7,2.87,2.88,0.28,0.25,0 12:01:23 29/09/20
0,99.9,33.5,2.87,2.88,0.19,0.18,1 12:06:53 29/09/20
0,99.9,34.2,2.87,2.88,0.31,0.27,0 12:12:25 29/09/20
0,99.9,34.9,2.87,2.88,0.21,0.2,1 12:17:55 29/09/20
0,99.9,35.4,2.87,2.88,0.3,0.27,0 12:23:26 29/09/20
0,99.9,35.9,2.88,2.88,0.21,0.2,1 12:28:57 29/09/20
0,99.9,36.2,2.87,2.88,0.31,0.27,0 12:34:29 29/09/20
0,99.9,36.5,2.87,2.88,0.21,0.2,1 12:39:59 29/09/20
0,99.9,36.7,2.87,2.88,0.3,0.27,0 12:45:30 29/09/20
0,99.9,36.9,2.88,2.88,0.23,0.21,0 12:51:06 29/09/20
0,99.9,37.2,2.88,2.88,0.2,0.19,1 12:56:50 29/09/20
0,99.9,37.3,2.88,2.88,0.3,0.27,0 13:02:22 29/09/20
0,99.9,37.5,2.88,2.88,0.22,0.2,1 13:07:54 29/09/20
0,99.9,37.5,2.88,2.88,0.3,0.26,0 13:13:25 29/09/20
0,99.9,37.5,2.88,2.88,0.2,0.19,1 13:18:55 29/09/20
0,99.9,37.5,2.88,2.89,0.3,0.27,0 13:24:27 29/09/20
0,99.9,37.5,2.88,2.89,0.22,0.2,1 13:29:59 29/09/20
0,99.9,37.5,2.88,2.89,0.3,0.26,0 13:35:29 29/09/20
0,99.9,37.4,2.88,2.89,0.22,0.21,1 13:41:02 29/09/20
0,99.9,37.1,2.88,2.89,0.3,0.27,0 13:46:32 29/09/20
0,99.9,36.7,2.88,2.89,0.22,0.2,1 13:52:03 29/09/20
0,99.9,36.3,2.88,2.89,0.26,0.24,0 13:57:32 29/09/20
0,99.1,36.1,2.88,2.89,0.22,0.2,1 14:03:05 29/09/20
0,97.8,35.9,2.88,2.89,0.3,0.27,0 14:08:36 29/09/20
0,97.6,35.2,2.88,2.89,0.21,0.2,1 14:14:07 29/09/20
0,96.2,34.0,2.88,2.9,0.27,0.25,0 14:19:37 29/09/20
0,96.3,32.6,2.88,2.9,0.21,0.2,1 14:25:09 29/09/20
0,97.5,31.5,2.88,2.9,0.27,0.25,0 14:30:38 29/09/20
0,98.4,30.5,2.88,2.9,0.21,0.2,1 14:36:09 29/09/20
0,99.8,29.6,2.88,2.9,0.26,0.23,0 14:41:37 29/09/20
0,99.9,29.0,2.89,2.9,0.21,0.2,1 14:47:10 29/09/20
0,99.9,28.5,2.89,2.9,0.17,0.16,1 14:52:42 29/09/20
0,99.9,28.2,2.88,2.9,0.29,0.26,0 14:58:17 29/09/20
0,99.9,27.9,2.89,2.9,0.21,0.19,1 15:03:47 29/09/20
0,99.9,27.7,2.89,2.9,0.29,0.26,0 15:09:17 29/09/20
0,99.9,27.8,2.89,2.9,0.21,0.2,1 15:14:47 29/09/20
0,99.9,28.0,2.89,2.9,0.28,0.26,0 15:20:16 29/09/20
0,99.9,28.1,2.89,2.9,0.2,0.19,1 15:25:46 29/09/20
0,99.9,28.2,2.89,2.91,0.29,0.26,0 15:31:17 29/09/20
0,99.9,28.2,2.89,2.91,0.21,0.19,1 15:36:47 29/09/20
0,99.9,28.2,2.89,2.91,0.25,0.23,0 15:42:14 29/09/20
0,99.9,28.3,2.89,2.91,0.2,0.19,1 15:47:46 29/09/20
0,99.9,28.1,2.89,2.91,0.28,0.25,0 15:53:15 29/09/20
0,99.9,27.8,2.89,2.91,0.18,0.17,1 15:58:44 29/09/20
0,99.9,27.5,2.89,2.91,0.28,0.26,0 16:04:15 29/09/20
0,99.9,27.7,2.89,2.91,0.23,0.21,0 16:09:48 29/09/20
0,99.9,28.4,2.89,2.91,0.2,0.19,1 16:15:23 29/09/20
0,99.9,28.8,2.89,2.91,0.25,0.23,0 16:20:52 29/09/20
0,99.9,28.8,2.89,2.91,0.2,0.19,1 16:26:24 29/09/20
0,99.9,28.8,2.89,2.91,0.28,0.26,0 16:31:53 29/09/20
0,99.9,28.7,2.89,2.91,0.2,0.19,1 16:37:23 29/09/20
0,99.9,28.5,2.89,2.91,0.28,0.26,0 16:42:53 29/09/20
0,99.9,28.1,2.89,2.91,0.21,0.2,1 16:48:24 29/09/20
0,99.9,27.4,2.89,2.91,0.16,0.16,1 16:53:56 29/09/20
0,99.9,26.7,2.89,2.91,0.24,0.23,0 16:59:29 29/09/20
0,99.9,26.2,2.89,2.91,0.2,0.19,1 17:05:00 29/09/20
0,99.9,25.8,2.9,2.91,0.28,0.26,0 17:10:30 29/09/20
0,99.9,25.4,2.9,2.91,0.2,0.19,1 17:15:59 29/09/20
0,99.9,25.2,2.9,2.91,0.28,0.26,0 17:21:29 29/09/20
0,99.9,25.0,2.9,2.91,0.2,0.19,1 17:26:58 29/09/20
0,99.9,24.8,2.9,2.91,0.28,0.26,0 17:32:28 29/09/20
0,99.9,24.7,2.9,2.91,0.2,0.19,1 17:37:58 29/09/20
0,99.9,24.5,2.9,2.91,0.27,0.25,0 17:43:26 29/09/20
0,99.9,24.2,2.9,2.92,0.2,0.19,1 17:48:56 29/09/20
0,99.9,23.9,2.9,2.91,0.27,0.25,0 17:54:25 29/09/20
0,99.9,23.6,2.9,2.92,0.2,0.18,1 17:59:54 29/09/20
0,99.9,23.2,2.9,2.91,0.27,0.25,0 18:05:23 29/09/20
0,99.9,22.9,2.9,2.92,0.2,0.18,1 18:10:53 29/09/20
0,99.9,22.6,2.9,2.91,0.28,0.26,0 18:16:23 29/09/20
0,99.9,22.3,2.9,2.92,0.2,0.19,1 18:21:51 29/09/20
0,99.9,22.1,2.9,2.92,0.27,0.25,0 18:27:20 29/09/20
0,99.9,21.9,2.9,2.92,0.2,0.19,1 18:32:49 29/09/20
0,99.9,21.6,2.9,2.92,0.27,0.25,0 18:38:18 29/09/20
0,99.9,21.3,2.9,2.92,0.2,0.19,1 18:43:47 29/09/20
0,99.9,21.1,2.9,2.92,0.16,0.16,1 18:49:19 29/09/20
0,99.9,20.8,2.9,2.92,0.25,0.23,0 18:54:52 29/09/20
0,99.9,20.6,2.9,2.92,0.17,0.16,1 19:00:20 29/09/20
0,99.9,20.5,2.9,2.92,0.22,0.21,0 19:05:49 29/09/20
0,99.9,20.3,2.9,2.92,0.2,0.19,1 19:11:20 29/09/20
0,99.9,20.1,2.9,2.92,0.27,0.25,0 19:16:49 29/09/20
0,99.9,20.0,2.9,2.92,0.21,0.19,0 19:22:21 29/09/20
0,99.9,19.9,2.9,2.92,0.19,0.18,1 19:27:55 29/09/20
0,99.9,19.7,2.9,2.92,0.27,0.25,0 19:33:25 29/09/20
0,99.9,19.6,2.9,2.92,0.2,0.19,1 19:38:53 29/09/20
0,99.9,19.5,2.9,2.92,0.26,0.24,0 19:44:22 29/09/20
0,99.9,19.3,2.9,2.92,0.19,0.18,1 19:49:50 29/09/20
0,99.9,19.2,2.9,2.92,0.27,0.25,0 19:55:20 29/09/20
0,99.9,19.1,2.9,2.92,0.2,0.19,1 20:00:48 29/09/20
0,99.9,19.0,2.9,2.92,0.26,0.24,0 20:06:16 29/09/20
0,99.9,18.9,2.9,2.92,0.2,0.19,1 20:11:46 29/09/20
0,99.9,18.9,2.9,2.92,0.27,0.25,0 20:17:14 29/09/20
0,99.9,18.8,2.9,2.92,0.19,0.18,1 20:22:42 29/09/20
0,99.9,18.7,2.9,2.91,0.27,0.25,0 20:28:12 29/09/20
0,99.9,18.6,2.9,2.92,0.2,0.19,1 20:33:40 29/09/20
0,99.9,18.5,2.9,2.91,0.26,0.24,0 20:39:08 29/09/20
0,99.9,18.5,2.9,2.92,0.2,0.18,1 20:44:38 29/09/20
3,99.9,18.4,2.9,2.91,0.26,0.24,0 20:50:06 29/09/20
0,99.9,18.3,2.9,2.92,0.19,0.18,1 20:55:34 29/09/20
0,99.9,18.3,2.9,2.91,0.27,0.24,0 21:01:03 29/09/20
0,99.9,18.2,2.9,2.92,0.19,0.18,1 21:06:31 29/09/20
0,99.9,18.1,2.9,2.91,0.27,0.24,0 21:12:01 29/09/20
0,99.9,18.1,2.9,2.91,0.18,0.17,1 21:17:28 29/09/20
0,99.9,18.0,2.9,2.91,0.26,0.24,0 21:22:57 29/09/20
0,99.9,17.9,2.9,2.91,0.2,0.18,1 21:28:26 29/09/20
0,99.9,17.8,2.9,2.91,0.26,0.24,0 21:33:54 29/09/20
0,99.9,17.7,2.9,2.91,0.2,0.18,1 21:39:23 29/09/20
0,99.9,17.6,2.9,2.91,0.26,0.23,0 21:44:51 29/09/20
0,99.9,17.6,2.9,2.91,0.2,0.18,1 21:50:20 29/09/20
0,99.9,17.5,2.9,2.91,0.26,0.23,0 21:55:48 29/09/20
0,99.9,17.4,2.9,2.91,0.2,0.18,1 22:01:18 29/09/20
0,99.9,17.4,2.9,2.91,0.26,0.23,0 22:06:46 29/09/20
0,99.9,17.4,2.9,2.91,0.2,0.18,1 22:12:15 29/09/20
0,99.9,17.3,2.9,2.91,0.27,0.25,0 22:17:44 29/09/20
0,99.9,17.3,2.9,2.91,0.2,0.18,1 22:23:12 29/09/20
0,99.9,17.3,2.9,2.91,0.26,0.24,0 22:28:40 29/09/20
0,99.9,17.2,2.9,2.91,0.2,0.18,1 22:34:09 29/09/20
0,99.9,17.2,2.9,2.91,0.27,0.25,0 22:39:38 29/09/20
0,99.9,17.2,2.9,2.91,0.2,0.18,1 22:45:06 29/09/20
0,99.9,17.1,2.9,2.91,0.26,0.24,0 22:50:34 29/09/20
0,99.9,17.1,2.9,2.91,0.2,0.18,1 22:56:02 29/09/20
0,99.9,17.0,2.9,2.91,0.26,0.24,0 23:01:30 29/09/20
0,99.9,17.0,2.9,2.91,0.2,0.18,1 23:06:59 29/09/20
0,99.9,16.9,2.9,2.91,0.26,0.24,0 23:12:27 29/09/20
0,99.9,16.9,2.9,2.91,0.2,0.18,1 23:17:56 29/09/20
0,99.9,16.8,2.9,2.91,0.26,0.24,0 23:23:24 29/09/20
0,99.9,16.7,2.9,2.91,0.2,0.18,1 23:28:53 29/09/20
0,99.9,16.6,2.9,2.91,0.26,0.24,0 23:34:21 29/09/20
0,99.9,16.5,2.9,2.91,0.2,0.18,1 23:39:50 29/09/20
0,99.9,16.4,2.9,2.91,0.27,0.24,0 23:45:19 29/09/20
0,99.9,16.3,2.9,2.91,0.19,0.18,1 23:50:47 29/09/20
0,99.9,16.1,2.9,2.91,0.27,0.24,0 23:56:15 29/09/20
