0,99.9,16.0,2.9,2.91,0.19,0.18,1 00:01:43 30/09/20
0,99.9,15.9,2.9,2.91,0.28,0.25,0 00:07:13 30/09/20
0,99.9,15.8,2.9,2.91,0.2,0.18,1 00:12:40 30/09/20
0,99.9,15.7,2.9,2.91,0.26,0.24,0 00:18:08 30/09/20
0,99.9,15.5,2.9,2.91,0.22,0.19,0 00:23:40 30/09/20
0,99.9,15.4,2.9,2.91,0.2,0.18,1 00:29:14 30/09/20
0,99.9,15.3,2.9,2.91,0.27,0.24,0 00:34:43 30/09/20
0,99.9,15.2,2.9,2.91,0.19,0.18,1 00:40:10 30/09/20
0,99.9,15.1,2.9,2.91,0.27,0.24,0 00:45:39 30/09/20
0,99.9,15.0,2.9,2.91,0.2,0.18,1 00:51:07 30/09/20
0,99.9,15.0,2.9,2.91,0.26,0.24,0 00:56:35 30/09/20
0,99.9,14.9,2.9,2.91,0.19,0.18,1 01:02:03 30/09/20
0,99.9,14.9,2.9,2.91,0.27,0.24,0 01:07:32 30/09/20
0,99.9,15.0,2.9,2.91,0.2,0.18,1 01:13:00 30/09/20
0,99.9,15.0,2.9,2.91,0.26,0.24,0 01:18:28 30/09/20
0,99.9,15.0,2.9,2.91,0.19,0.18,1 01:23:56 30/09/20
0,99.9,15.1,2.9,2.91,0.16,0.15,1 01:29:29 30/09/20
0,99.9,15.1,2.9,2.9,0.27,0.25,0 01:35:02 30/09/20
0,99.9,15.2,2.9,2.9,0.2,0.18,1 01:40:30 30/09/20
0,99.9,15.2,2.9,2.9,0.27,0.24,0 01:45:58 30/09/20
0,99.9,15.2,2.9,2.9,0.2,0.19,1 01:51:27 30/09/20
0,99.9,15.3,2.9,2.9,0.27,0.24,0 01:56:55 30/09/20
0,99.9,15.2,2.9,2.9,0.2,0.18,1 02:02:23 30/09/20
0,99.9,15.2,2.9,2.9,0.27,0.24,0 02:07:52 30/09/20
0,99.9,15.2,2.9,2.9,0.2,0.19,1 02:13:20 30/09/20
0,99.9,15.2,2.9,2.9,0.27,0.25,0 02:18:49 30/09/20
0,99.9,15.2,2.9,2.9,0.2,0.18,1 02:24:16 30/09/20
0,99.9,15.2,2.9,2.9,0.27,0.25,0 02:29:45 30/09/20
0,99.9,15.2,2.9,2.9,0.2,0.19,1 02:35:13 30/09/20
0,99.9,15.2,2.9,2.9,0.27,0.24,0 02:40:41 30/09/20
0,99.9,15.2,2.9,2.9,0.2,0.18,1 02:46:09 30/09/20
0,99.9,15.2,2.9,2.9,0.16,0.15,1 02:51:42 30/09/20
0,99.9,15.2,2.9,2.9,0.28,0.25,0 02:57:15 30/09/20
0,99.9,15.1,2.9,2.9,0.2,0.18,1 03:02:43 30/09/20
0,99.9,15.0,2.9,2.9,0.27,0.24,0 03:08:11 30/09/20
0,99.9,14.9,2.9,2.9,0.2,0.19,1 03:13:40 30/09/20
0,99.9,14.8,2.9,2.9,0.28,0.25,0 03:19:08 30/09/20
0,99.9,14.8,2.9,2.9,0.2,0.18,1 03:24:36 30/09/20
0,99.9,14.7,2.9,2.9,0.25,0.23,0 03:30:03 30/09/20
3,99.9,14.6,2.9,2.9,0.2,0.19,1 03:35:33 30/09/20
0,99.9,14.6,2.9,2.9,0.28,0.25,0 03:41:01 30/09/20
0,99.9,14.4,2.9,2.9,0.2,0.19,1 03:46:30 30/09/20
0,99.9,14.4,2.9,2.9,0.23,0.21,0 03:51:55 30/09/20
0,99.9,14.3,2.9,2.9,0.2,0.18,1 03:57:25 30/09/20
0,99.9,14.3,2.9,2.9,0.28,0.25,0 04:02:54 30/09/20
0,99.9,14.3,2.9,2.9,0.2,0.19,1 04:08:22 30/09/20
0,99.9,14.3,2.9,2.9,0.28,0.25,0 04:13:50 30/09/20
0,99.9,14.3,2.9,2.9,0.2,0.18,1 04:19:18 30/09/20
0,99.9,14.3,2.9,2.9,0.27,0.24,0 04:24:46 30/09/20
0,99.9,14.3,2.89,2.9,0.2,0.18,1 04:30:15 30/09/20
0,99.9,14.4,2.9,2.9,0.28,0.25,0 04:35:43 30/09/20
0,99.9,14.4,2.9,2.9,0.21,0.19,0 04:41:15 30/09/20
0,99.9,14.4,2.9,2.9,0.21,0.19,1 04:46:48 30/09/20
0,99.9,14.5,2.9,2.9,0.28,0.25,0 04:52:17 30/09/20
0,99.9,14.5,2.89,2.9,0.2,0.19,1 04:57:44 30/09/20
0,99.9,14.5,2.9,2.9,0.28,0.25,0 05:03:13 30/09/20
0,99.9,14.5,2.89,2.9,0.2,0.19,1 05:08:41 30/09/20
0,99.9,14.6,2.9,2.9,0.28,0.25,0 05:14:10 30/09/20
0,99.9,14.6,2.9,2.9,0.2,0.18,1 05:19:37 30/09/20
0,99.9,14.6,2.9,2.9,0.17,0.15,1 05:25:09 30/09/20
0,99.9,14.6,2.89,2.9,0.28,0.25,0 05:30:43 30/09/20
0,99.9,14.5,2.89,2.9,0.2,0.19,1 05:36:11 30/09/20
0,99.9,14.5,2.9,2.9,0.28,0.25,0 05:41:40 30/09/20
0,99.9,14.4,2.89,2.9,0.2,0.18,1 05:47:07 30/09/20
0,99.9,14.3,2.89,2.9,0.27,0.24,0 05:52:36 30/09/20
0,99.9,14.3,2.89,2.9,0.21,0.19,1 05:58:04 30/09/20
0,99.9,14.3,2.89,2.89,0.28,0.25,0 06:03:32 30/09/20
0,99.9,14.3,2.89,2.9,0.2,0.18,1 06:09:00 30/09/20
0,99.9,14.3,2.89,2.89,0.27,0.24,0 06:14:28 30/09/20
0,99.9,14.3,2.89,2.9,0.2,0.18,1 06:19:57 30/09/20
0,99.9,14.3,2.89,2.89,0.25,0.22,0 06:25:23 30/09/20
0,99.9,14.3,2.89,2.89,0.21,0.19,1 06:30:53 30/09/20
0,99.9,14.2,2.89,2.89,0.28,0.25,0 06:36:22 30/09/20
0,99.9,14.1,2.89,2.89,0.2,0.18,1 06:41:49 30/09/20
0,99.9,14.1,2.89,2.89,0.27,0.24,0 06:47:17 30/09/20
0,99.9,14.0,2.89,2.89,0.19,0.17,1 06:52:45 30/09/20
0,99.9,13.9,2.89,2.89,0.28,0.25,0 06:58:14 30/09/20
0,99.9,13.8,2.89,2.89,0.2,0.19,1 07:03:42 30/09/20
0,99.9,13.7,2.89,2.89,0.25,0.22,0 07:09:08 30/09/20
0,99.9,13.6,2.89,2.89,0.21,0.19,1 07:14:39 30/09/20
0,99.9,13.5,2.89,2.89,0.28,0.25,0 07:20:07 30/09/20
0,99.9,13.4,2.89,2.89,0.2,0.18,1 07:25:34 30/09/20
0,99.9,13.3,2.89,2.89,0.28,0.24,0 07:31:02 30/09/20
0,99.9,13.2,2.89,2.89,0.2,0.18,1 07:36:30 30/09/20
0,99.9,13.2,2.89,2.89,0.29,0.25,0 07:42:00 30/09/20
0,99.9,13.1,2.89,2.89,0.21,0.19,1 07:47:28 30/09/20
0,99.9,13.1,2.89,2.89,0.28,0.25,0 07:52:55 30/09/20
0,99.9,13.1,2.89,2.89,0.2,0.19,1 07:58:23 30/09/20
0,99.9,13.1,2.89,2.89,0.25,0.22,0 08:03:49 30/09/20
0,99.9,13.1,2.89,2.89,0.18,0.16,1 08:09:17 30/09/20
0,99.9,13.1,2.89,2.89,0.28,0.25,0 08:14:47 30/09/20
0,99.9,13.1,2.89,2.89,0.18,0.16,1 08:20:13 30/09/20
0,99.9,13.1,2.89,2.89,0.28,0.25,0 08:25:44 30/09/20
0,99.9,13.1,2.89,2.89,0.2,0.19,1 08:31:12 30/09/20
0,99.9,13.3,2.89,2.89,0.28,0.25,0 08:36:39 30/09/20
0,99.9,13.4,2.89,2.89,0.2,0.18,1 08:42:07 30/09/20
0,99.9,13.7,2.89,2.89,0.28,0.24,0 08:47:35 30/09/20
0,99.9,13.9,2.89,2.89,0.2,0.18,1 08:53:03 30/09/20
0,99.9,14.1,2.89,2.89,0.17,0.15,1 08:58:35 30/09/20
0,99.9,14.4,2.89,2.89,0.28,0.25,0 09:04:09 30/09/20
0,99.9,14.6,2.89,2.89,0.21,0.19,1 09:09:37 30/09/20
0,99.9,14.8,2.89,2.89,0.28,0.25,0 09:15:06 30/09/20
0,99.9,15.0,2.89,2.89,0.2,0.18,1 09:20:33 30/09/20
0,99.9,15.2,2.89,2.89,0.28,0.24,0 09:26:02 30/09/20
0,99.9,15.4,2.89,2.89,0.21,0.19,1 09:31:30 30/09/20
0,99.9,15.7,2.89,2.89,0.28,0.24,0 09:36:58 30/09/20
0,99.9,15.9,2.89,2.89,0.2,0.19,1 09:42:27 30/09/20
0,99.9,16.2,2.89,2.89,0.28,0.25,0 09:47:55 30/09/20
0,99.9,16.4,2.89,2.89,0.21,0.19,1 09:53:24 30/09/20
0,99.9,16.6,2.89,2.89,0.28,0.25,0 09:58:52 30/09/20
0,99.9,16.8,2.89,2.89,0.21,0.19,1 10:04:21 30/09/20
0,99.9,16.9,2.89,2.89,0.28,0.24,0 10:09:48 30/09/20
0,99.9,17.1,2.89,2.89,0.21,0.19,1 10:15:17 30/09/20
0,99.9,17.4,2.89,2.89,0.28,0.24,0 10:20:45 30/09/20
0,99.9,17.6,2.89,2.89,0.21,0.19,1 10:26:14 30/09/20
0,99.9,17.8,2.89,2.89,0.28,0.25,0 10:31:42 30/09/20
0,99.9,17.9,2.89,2.89,0.18,0.17,1 10:37:09 30/09/20
0,99.9,17.9,2.89,2.89,0.28,0.25,0 10:42:39 30/09/20
0,99.9,18.0,2.89,2.89,0.2,0.19,1 10:48:08 30/09/20
0,99.9,18.2,2.89,2.89,0.28,0.25,0 10:53:37 30/09/20
0,99.9,18.5,2.89,2.89,0.21,0.19,1 10:59:06 30/09/20
0,99.9,18.9,2.89,2.89,0.29,0.25,0 11:04:34 30/09/20
0,99.9,19.2,2.89,2.89,0.19,0.17,1 11:10:01 30/09/20
0,99.9,19.5,2.89,2.89,0.16,0.15,1 11:15:36 30/09/20
0,99.9,20.0,2.89,2.89,0.29,0.25,0 11:21:09 30/09/20
0,99.9,20.3,2.89,2.89,0.2,0.18,1 11:26:37 30/09/20
0,99.9,20.8,2.89,2.89,0.28,0.25,0 11:32:06 30/09/20
0,99.9,21.3,2.89,2.89,0.21,0.19,1 11:37:36 30/09/20
0,99.9,21.7,2.89,2.89,0.29,0.25,0 11:43:05 30/09/20
0,99.9,22.0,2.89,2.89,0.21,0.19,1 11:48:34 30/09/20
0,99.9,22.3,2.89,2.89,0.29,0.25,0 11:54:03 30/09/20
0,99.9,22.5,2.89,2.89,0.21,0.19,1 11:59:32 30/09/20
0,99.9,22.7,2.89,2.89,0.28,0.25,0 12:05:00 30/09/20
0,99.9,23.0,2.89,2.89,0.2,0.19,1 12:10:29 30/09/20
0,99.9,23.6,2.89,2.89,0.28,0.25,0 12:15:59 30/09/20
0,99.9,24.1,2.89,2.89,0.21,0.19,1 12:21:28 30/09/20
0,99.9,24.7,2.89,2.89,0.29,0.25,0 12:26:58 30/09/20
0,99.9,25.1,2.89,2.89,0.2,0.19,1 12:32:26 30/09/20
0,99.9,25.4,2.89,2.89,0.29,0.25,0 12:37:56 30/09/20
0,99.9,25.6,2.89,2.89,0.2,0.19,1 12:43:25 30/09/20
0,99.9,25.6,2.89,2.89,0.29,0.25,0 12:48:55 30/09/20
0,99.9,25.5,2.89,2.89,0.21,0.19,1 12:54:25 30/09/20
0,99.9,25.5,2.89,2.89,0.28,0.25,0 12:59:54 30/09/20
0,99.9,25.8,2.89,2.89,0.21,0.19,1 13:05:24 30/09/20
0,99.9,26.2,2.89,2.89,0.29,0.26,0 13:10:54 30/09/20
0,99.9,26.6,2.89,2.89,0.18,0.17,1 13:16:21 30/09/20
0,99.9,26.7,2.89,2.89,0.29,0.25,0 13:21:52 30/09/20
0,99.9,26.6,2.89,2.89,0.2,0.19,1 13:27:21 30/09/20
0,99.9,26.5,2.89,2.89,0.29,0.25,0 13:32:51 30/09/20
0,99.9,26.6,2.89,2.89,0.2,0.19,1 13:38:21 30/09/20
0,99.9,26.7,2.89,2.89,0.29,0.25,0 13:43:51 30/09/20
0,99.9,26.8,2.89,2.9,0.21,0.19,1 13:49:20 30/09/20
0,99.9,26.9,2.89,2.89,0.29,0.25,0 13:54:50 30/09/20
0,99.9,26.9,2.89,2.9,0.21,0.19,1 14:00:19 30/09/20
0,99.9,26.9,2.89,2.9,0.17,0.16,1 14:05:52 30/09/20
0,99.9,27.0,2.89,2.9,0.28,0.25,0 14:11:27 30/09/20
0,99.9,26.9,2.89,2.9,0.21,0.19,1 14:16:57 30/09/20
0,99.9,26.8,2.89,2.9,0.28,0.25,0 14:22:26 30/09/20
0,99.9,26.7,2.89,2.9,0.21,0.19,1 14:27:57 30/09/20
0,99.9,26.8,2.89,2.9,0.29,0.25,0 14:33:26 30/09/20
0,99.9,26.9,2.89,2.9,0.2,0.18,1 14:38:55 30/09/20
0,99.9,26.9,2.89,2.9,0.29,0.25,0 14:44:25 30/09/20
0,99.9,26.9,2.89,2.9,0.2,0.18,1 14:49:55 30/09/20
0,99.9,27.0,2.89,2.9,0.29,0.25,0 14:55:25 30/09/20
0,99.9,27.2,2.89,2.9,0.21,0.19,1 15:00:54 30/09/20
0,99.9,27.4,2.89,2.9,0.28,0.25,0 15:06:24 30/09/20
0,99.9,27.5,2.89,2.9,0.17,0.16,1 15:11:51 30/09/20
0,99.9,27.5,2.89,2.9,0.29,0.25,0 15:17:23 30/09/20
0,99.9,27.4,2.89,2.91,0.21,0.19,1 15:22:54 30/09/20
0,99.9,27.3,2.89,2.9,0.28,0.25,0 15:28:22 30/09/20
0,99.9,27.0,2.89,2.9,0.2,0.19,1 15:33:53 30/09/20
0,99.9,26.8,2.89,2.91,0.16,0.15,1 15:39:26 30/09/20
0,99.9,26.7,2.89,2.9,0.28,0.25,0 15:45:00 30/09/20
0,99.9,26.5,2.89,2.91,0.2,0.19,1 15:50:30 30/09/20
0,99.9,26.3,2.89,2.9,0.28,0.24,0 15:55:59 30/09/20
0,99.9,26.1,2.89,2.91,0.2,0.19,1 16:01:29 30/09/20
0,99.9,25.9,2.89,2.91,0.28,0.24,0 16:06:58 30/09/20
0,99.9,25.7,2.89,2.91,0.18,0.17,1 16:12:26 30/09/20
0,99.9,25.4,2.89,2.91,0.28,0.25,0 16:17:57 30/09/20
0,99.9,25.0,2.9,2.91,0.21,0.19,1 16:23:28 30/09/20
0,99.9,24.7,2.9,2.91,0.28,0.25,0 16:28:57 30/09/20
0,99.9,24.4,2.9,2.91,0.2,0.18,1 16:34:25 30/09/20
0,99.9,24.0,2.9,2.91,0.16,0.15,1 16:39:58 30/09/20
0,99.9,23.6,2.9,2.91,0.28,0.25,0 16:45:33 30/09/20
0,99.9,23.2,2.9,2.91,0.2,0.19,1 16:51:02 30/09/20
0,99.9,23.0,2.9,2.91,0.28,0.25,0 16:56:32 30/09/20
0,99.9,22.8,2.9,2.91,0.2,0.18,1 17:02:00 30/09/20
0,99.9,22.7,2.9,2.91,0.27,0.24,0 17:07:29 30/09/20
0,99.9,22.6,2.9,2.91,0.2,0.18,1 17:12:58 30/09/20
0,99.9,22.5,2.9,2.91,0.27,0.24,0 17:18:27 30/09/20
0,99.9,22.3,2.9,2.91,0.2,0.18,1 17:23:56 30/09/20
0,99.9,22.1,2.9,2.91,0.27,0.24,0 17:29:26 30/09/20
0,99.9,21.9,2.9,2.91,0.2,0.18,1 17:34:54 30/09/20
0,99.9,21.5,2.9,2.91,0.27,0.24,0 17:40:23 30/09/20
0,99.9,21.1,2.9,2.91,0.2,0.18,1 17:45:52 30/09/20
0,99.9,20.7,2.9,2.91,0.27,0.24,0 17:51:21 30/09/20
0,99.9,20.3,2.9,2.91,0.18,0.16,1 17:56:49 30/09/20
0,99.9,19.9,2.9,2.91,0.24,0.22,0 18:02:17 30/09/20
0,99.9,19.6,2.9,2.91,0.19,0.18,1 18:07:48 30/09/20
0,99.9,19.4,2.9,2.91,0.27,0.24,0 18:13:16 30/09/20
0,99.9,19.2,2.9,2.91,0.2,0.18,1 18:18:45 30/09/20
0,99.9,19.0,2.9,2.91,0.27,0.24,0 18:24:14 30/09/20
0,99.9,18.9,2.9,2.91,0.17,0.15,1 18:29:40 30/09/20
0,99.9,18.8,2.9,2.91,0.27,0.24,0 18:35:11 30/09/20
0,99.9,18.7,2.9,2.91,0.19,0.18,1 18:40:39 30/09/20
0,99.9,18.6,2.9,2.91,0.27,0.24,0 18:46:09 30/09/20
0,99.9,18.5,2.9,2.91,0.2,0.18,1 18:51:37 30/09/20
0,99.9,18.4,2.9,2.91,0.27,0.24,0 18:57:06 30/09/20
0,99.9,18.3,2.9,2.91,0.2,0.18,1 19:02:34 30/09/20
0,99.9,18.2,2.9,2.91,0.26,0.23,0 19:08:02 30/09/20
0,99.9,18.1,2.9,2.91,0.2,0.18,1 19:13:31 30/09/20
0,99.9,18.0,2.9,2.91,0.27,0.23,0 19:18:59 30/09/20
0,99.9,17.9,2.9,2.91,0.2,0.18,1 19:24:28 30/09/20
0,99.9,17.8,2.9,2.91,0.26,0.23,0 19:29:56 30/09/20
0,99.9,17.7,2.9,2.91,0.2,0.18,1 19:35:25 30/09/20
0,99.9,17.6,2.9,2.91,0.26,0.23,0 19:40:53 30/09/20
0,99.9,17.5,2.91,2.92,0.2,0.18,1 19:46:22 30/09/20
0,99.9,17.4,2.9,2.91,0.26,0.23,0 19:51:50 30/09/20
0,99.9,17.3,2.9,2.91,0.2,0.18,1 19:57:19 30/09/20
0,99.9,17.3,2.9,2.91,0.26,0.23,0 20:02:47 30/09/20
0,99.9,17.2,2.9,2.91,0.2,0.18,1 20:08:16 30/09/20
0,99.9,17.1,2.9,2.91,0.26,0.23,0 20:13:44 30/09/20
0,99.9,17.0,2.9,2.91,0.2,0.18,1 20:19:13 30/09/20
0,99.9,16.9,2.9,2.91,0.27,0.24,0 20:24:42 30/09/20
0,99.9,16.9,2.9,2.91,0.19,0.18,1 20:30:10 30/09/20
0,99.9,16.8,2.89,2.89,0.28,0.24,0 20:35:38 30/09/20
0,99.9,16.7,2.9,2.91,0.18,0.17,1 20:41:05 30/09/20
0,99.9,16.7,2.9,2.91,0.24,0.21,0 20:46:33 30/09/20
0,99.9,16.7,2.9,2.91,0.2,0.18,1 20:52:04 30/09/20
0,99.9,16.6,2.9,2.91,0.26,0.23,0 20:57:32 30/09/20
0,99.9,16.6,2.9,2.91,0.2,0.18,1 21:03:00 30/09/20
0,99.9,16.6,2.9,2.91,0.26,0.23,0 21:08:28 30/09/20
0,99.9,16.6,2.9,2.91,0.2,0.18,1 21:13:57 30/09/20
0,99.9,16.5,2.9,2.91,0.24,0.21,0 21:19:24 30/09/20
0,99.9,16.5,2.9,2.91,0.19,0.18,1 21:24:53 30/09/20
0,99.9,16.5,2.9,2.91,0.27,0.24,0 21:30:22 30/09/20
0,99.9,16.5,2.9,2.91,0.2,0.18,1 21:35:51 30/09/20
0,99.9,16.5,2.9,2.91,0.25,0.22,0 21:41:17 30/09/20
0,99.9,16.4,2.9,2.91,0.2,0.18,1 21:46:47 30/09/20
0,99.9,16.4,2.9,2.91,0.26,0.23,0 21:52:15 30/09/20
0,99.9,16.4,2.9,2.91,0.19,0.18,1 21:57:44 30/09/20
0,99.9,16.4,2.9,2.91,0.27,0.24,0 22:03:12 30/09/20
0,99.9,16.4,2.9,2.91,0.19,0.18,1 22:08:40 30/09/20
0,99.9,16.4,2.9,2.91,0.27,0.24,0 22:14:09 30/09/20
0,99.9,16.3,2.9,2.91,0.2,0.18,1 22:19:38 30/09/20
0,99.9,16.3,2.9,2.91,0.26,0.23,0 22:25:05 30/09/20
0,99.9,16.2,2.9,2.91,0.2,0.18,1 22:30:34 30/09/20
0,99.9,16.2,2.9,2.91,0.24,0.21,0 22:36:01 30/09/20
0,99.9,16.1,2.9,2.91,0.18,0.17,1 22:41:29 30/09/20
0,99.9,16.1,2.9,2.91,0.24,0.21,0 22:46:57 30/09/20
0,99.9,16.1,2.9,2.91,0.2,0.18,1 22:52:27 30/09/20
0,99.9,16.0,2.9,2.91,0.27,0.24,0 22:57:56 30/09/20
0,99.9,16.0,2.9,2.91,0.13,0.12,0 23:03:25 30/09/20
0,99.9,15.9,2.9,2.91,0.2,0.18,1 23:08:52 30/09/20
0,99.9,15.9,2.9,2.91,0.22,0.2,0 23:14:18 30/09/20
0,99.9,15.9,2.9,2.91,0.19,0.18,1 23:19:49 30/09/20
0,99.9,15.9,2.9,2.9,0.27,0.23,0 23:25:17 30/09/20
0,99.9,15.8,2.9,2.91,0.2,0.18,1 23:30:46 30/09/20
0,99.9,15.8,2.9,2.91,0.25,0.21,0 23:36:12 30/09/20
0,99.9,15.8,2.9,2.91,0.2,0.18,1 23:41:42 30/09/20
0,99.9,15.8,2.9,2.9,0.27,0.23,0 23:47:11 30/09/20
0,99.9,15.8,2.9,2.91,0.19,0.18,1 23:52:38 30/09/20
0,99.9,15.8,2.9,2.91,0.16,0.15,1 23:58:10 30/09/20
