3,99.9,16.8,1010.29,0.0,4.01 00:05:00 02/08/21
3,99.9,16.785,1010.29,0.0,4.02 00:10:15 02/08/21
3,99.9,16.725,1010.24,0.0,4.02 00:15:29 02/08/21
2,99.9,16.715,1010.29,0.0,4.01 00:20:43 02/08/21
2,99.9,16.7,1010.32,0.0,4.01 00:26:01 02/08/21
3,99.9,16.695,1010.27,0.0,4.01 00:31:20 02/08/21
3,99.9,16.685001,1010.29,0.0,4.01 00:36:35 02/08/21
3,99.9,16.615,1010.3,0.0,4.01 00:41:50 02/08/21
2,99.9,16.599998,1010.41,0.0,4.02 00:47:03 02/08/21
2,99.9,16.525,1010.35,0.0,4.01 00:52:16 02/08/21
3,99.9,16.5,1010.49,0.0,4.01 00:57:32 02/08/21
3,99.9,16.425,1010.43,0.0,4.01 01:02:46 02/08/21
2,99.9,16.41,1010.43,0.0,4.01 01:08:00 02/08/21
2,99.9,16.39,1010.45,0.0,4.01 01:13:13 02/08/21
3,99.9,16.375,1010.45,0.0,4.01 01:18:30 02/08/21
2,99.9,16.385,1010.5,0.0,4.02 01:23:43 02/08/21
3,99.9,16.38,1010.48,0.0,4.01 01:28:58 02/08/21
2,99.9,16.39,1010.46,0.0,4.01 01:34:12 02/08/21
2,99.9,16.385,1010.46,0.0,4.01 01:39:26 02/08/21
2,99.9,16.38,1010.48,0.0,4.01 01:44:40 02/08/21
2,99.9,16.315,1010.47,0.0,4.01 01:49:55 02/08/21
2,99.9,16.3,1010.42,0.0,4.01 01:55:10 02/08/21
2,99.9,16.23,1010.35,0.0,4.01 02:00:23 02/08/21
2,99.9,16.2,1010.41,0.0,4.01 02:05:41 02/08/21
2,99.9,16.18,1010.4,0.0,4.01 02:11:00 02/08/21
2,99.9,16.105,1010.41,0.0,4.01 02:16:18 02/08/21
2,99.9,16.085,1010.37,0.0,4.01 02:21:41 02/08/21
2,99.9,16.08,1010.43,0.0,4.01 02:27:01 02/08/21
2,99.9,16.015,1010.46,0.0,4.01 02:32:14 02/08/21
2,99.9,16.015,1010.5,0.0,4.01 02:37:29 02/08/21
2,99.9,16.02,1010.5,0.0,4.01 02:42:43 02/08/21
1,99.9,16.015,1010.4,0.0,4.01 02:47:55 02/08/21
2,99.9,16.01,1010.41,0.0,4.01 02:53:11 02/08/21
2,99.9,16.01,1010.47,0.0,4.01 02:58:25 02/08/21
2,99.9,16.0,1010.48,0.0,4.01 03:03:40 02/08/21
3,99.9,15.995001,1010.51,0.0,4.01 03:08:54 02/08/21
2,99.9,16.0,1010.52,0.0,4.01 03:14:09 02/08/21
2,99.9,16.0,1010.45,0.0,4.01 03:19:22 02/08/21
2,99.9,15.995001,1010.48,0.0,4.01 03:24:37 02/08/21
2,99.9,15.985001,1010.41,0.0,4.01 03:29:56 02/08/21
2,99.9,15.99,1010.43,0.0,4.01 03:35:14 02/08/21
1,99.9,15.99,1010.45,0.0,4.01 03:40:26 02/08/21
1,99.9,15.98,1010.42,0.0,4.01 03:45:40 02/08/21
2,99.9,15.98,1010.53,0.0,4.01 03:50:57 02/08/21
3,99.9,15.975,1010.47,0.0,4.01 03:56:10 02/08/21
2,99.9,15.924999,1010.52,0.0,4.01 04:01:24 02/08/21
3,99.9,15.92,1010.52,0.0,4.01 04:06:39 02/08/21
2,99.9,15.91,1010.5,0.0,4.01 04:11:51 02/08/21
3,99.9,15.91,1010.49,0.0,4.01 04:17:07 02/08/21
2,99.9,15.9,1010.43,0.0,4.01 04:22:21 02/08/21
2,99.9,15.889999,1010.4,0.0,4.01 04:27:36 02/08/21
3,99.9,15.885,1010.37,0.0,4.01 04:32:50 02/08/21
3,99.9,15.885,1010.32,0.0,4.01 04:38:04 02/08/21
3,99.9,15.885,1010.25,0.0,4.01 04:43:19 02/08/21
3,99.9,15.875,1010.3,0.0,4.01 04:48:32 02/08/21
3,99.9,15.870001,1010.33,0.0,4.01 04:53:47 02/08/21
3,99.9,15.81,1010.27,0.0,4.01 04:59:01 02/08/21
3,99.9,15.8,1010.38,0.0,4.01 05:04:15 02/08/21
3,99.9,15.785,1010.42,0.0,4.01 05:09:30 02/08/21
3,99.9,15.78,1010.43,0.01,4.01 05:14:43 02/08/21
3,99.9,15.78,1010.53,0.02,4.01 05:19:57 02/08/21
2,99.9,15.775001,1010.5,0.05,4.01 05:25:11 02/08/21
3,99.9,15.725,1010.56,0.11,4.01 05:30:26 02/08/21
2,99.9,15.775001,1010.64,0.26,4.01 05:35:38 02/08/21
3,99.9,15.775001,1010.7,0.55,4.01 05:40:55 02/08/21
4,99.9,15.775001,1010.7,1.04,4.01 05:46:08 02/08/21
4,99.9,15.77,1010.69,1.18,4.01 05:51:22 02/08/21
3,99.9,15.775001,1010.8,1.5,4.01 05:56:37 02/08/21
4,99.9,15.78,1010.88,1.89,4.01 06:01:51 02/08/21
6,99.9,15.785,1010.91,2.4,4.01 06:07:09 02/08/21
6,99.9,15.785,1010.91,3.05,4.01 06:12:28 02/08/21
6,99.9,15.78,1010.98,3.21,4.01 06:17:42 02/08/21
7,99.9,15.775001,1011.03,2.98,4.01 06:22:57 02/08/21
5,99.9,15.78,1011.13,3.11,4.01 06:28:08 02/08/21
7,99.9,15.77,1011.15,3.24,4.01 06:33:24 02/08/21
8,99.9,15.775001,1011.23,3.73,4.01 06:38:39 02/08/21
13,99.9,15.715,1011.18,4.12,4.01 06:43:53 02/08/21
11,99.9,15.765,1011.26,4.09,4.01 06:49:06 02/08/21
12,99.9,15.71,1011.26,4.08,4.01 06:54:21 02/08/21
14,99.9,15.76,1011.17,4.64,4.01 06:59:35 02/08/21
22,99.9,15.71,1011.19,4.72,4.01 07:04:50 02/08/21
22,99.9,15.77,1011.21,4.12,4.01 07:10:04 02/08/21
23,99.9,15.775001,1011.21,5.0,4.01 07:15:18 02/08/21
17,99.9,15.795,1011.26,5.0,4.01 07:20:30 02/08/21
23,99.9,15.855,1011.27,4.9,4.01 07:25:46 02/08/21
17,99.9,15.870001,1011.3,4.59,4.01 07:31:00 02/08/21
19,99.9,15.815001,1011.37,4.07,4.01 07:36:13 02/08/21
19,99.9,15.815001,1011.37,4.4,4.01 07:41:29 02/08/21
24,99.9,15.795,1011.43,4.52,4.01 07:46:44 02/08/21
31,99.9,15.855,1011.52,4.33,4.01 07:51:57 02/08/21
28,99.9,15.805,1011.5,4.46,4.01 07:57:12 02/08/21
25,99.9,15.725,1011.49,4.68,4.01 08:02:26 02/08/21
28,99.9,15.71,1011.54,4.53,4.01 08:07:40 02/08/21
26,99.9,15.63,1011.53,4.17,4.01 08:12:56 02/08/21
21,99.9,15.605,1011.58,4.4,4.01 08:18:08 02/08/21
22,99.9,15.540001,1011.71,5.0,4.01 08:23:22 02/08/21
24,99.9,15.5,1011.68,4.08,4.01 08:28:37 02/08/21
27,99.9,15.475,1011.62,4.93,4.01 08:33:51 02/08/21
24,99.9,15.414999,1011.68,4.67,4.01 08:39:06 02/08/21
25,99.9,15.405001,1011.73,4.81,4.01 08:44:28 02/08/21
23,99.9,15.395,1011.77,5.0,4.01 08:49:41 02/08/21
34,99.9,15.33,1011.79,4.1,4.01 08:54:56 02/08/21
36,99.9,15.315001,1011.89,5.0,4.01 09:00:11 02/08/21
23,99.9,15.315001,1011.9,4.11,4.01 09:05:23 02/08/21
31,99.9,15.31,1011.94,5.0,4.01 09:10:39 02/08/21
30,99.9,15.295,1012.02,4.12,4.01 09:15:52 02/08/21
33,99.9,15.29,1011.92,5.0,4.01 09:21:06 02/08/21
33,99.9,15.305,1011.98,5.0,4.01 09:26:20 02/08/21
36,99.9,15.31,1011.92,4.94,4.01 09:31:34 02/08/21
36,99.9,15.389999,1011.97,4.22,4.01 09:36:47 02/08/21
38,99.9,15.41,1011.94,4.85,4.01 09:42:03 02/08/21
41,99.9,15.49,1011.97,4.1,4.01 09:47:17 02/08/21
54,99.9,15.565,1011.98,4.76,4.01 09:52:32 02/08/21
39,99.9,15.595,1012.01,4.22,4.01 09:57:45 02/08/21
40,99.9,15.665,1012.01,5.0,4.01 10:02:59 02/08/21
40,99.9,15.695,1011.98,4.96,4.01 10:08:13 02/08/21
40,99.9,15.77,1011.95,4.09,4.01 10:13:27 02/08/21
43,99.9,15.865,1012.01,5.0,4.01 10:18:42 02/08/21
39,99.9,15.960001,1011.97,5.0,4.01 10:23:56 02/08/21
37,99.9,15.99,1011.98,4.8,4.01 10:29:10 02/08/21
37,99.9,16.06,1011.96,5.0,4.01 10:34:26 02/08/21
28,99.9,16.09,1011.99,4.26,4.01 10:39:38 02/08/21
28,99.9,16.165,1012.03,4.28,4.01 10:44:53 02/08/21
22,99.9,16.18,1012.05,5.0,4.01 10:50:05 02/08/21
24,99.9,16.265,1012.19,5.0,4.01 10:55:21 02/08/21
22,99.9,16.29,1012.19,4.55,4.01 11:00:35 02/08/21
23,99.9,16.305,1012.19,5.0,4.01 11:05:54 02/08/21
24,99.9,16.39,1012.17,4.84,4.01 11:11:17 02/08/21
28,99.9,16.54,1012.22,5.0,4.01 11:16:35 02/08/21
21,99.9,16.59,1012.24,4.82,4.01 11:21:50 02/08/21
24,99.9,16.675,1012.27,5.0,4.01 11:27:05 02/08/21
19,99.9,16.76,1012.25,4.43,4.01 11:32:18 02/08/21
19,99.9,16.85,1012.3,5.0,4.01 11:37:33 02/08/21
33,99.9,16.875,1012.24,5.0,4.01 11:42:46 02/08/21
24,99.9,16.875,1012.13,4.54,4.01 11:48:01 02/08/21
21,99.9,16.939999,1012.16,4.36,4.01 11:53:16 02/08/21
20,99.9,16.880001,1012.17,5.0,4.01 11:58:31 02/08/21
30,99.9,16.895,1012.19,5.0,4.01 12:03:44 02/08/21
19,99.9,16.98,1012.24,4.32,4.01 12:08:59 02/08/21
27,99.9,17.075,1012.19,5.0,4.01 12:14:13 02/08/21
23,99.9,17.16,1012.21,4.86,4.01 12:19:31 02/08/21
21,99.9,17.255001,1012.25,5.0,4.01 12:24:51 02/08/21
23,99.9,17.345001,1012.21,4.15,4.01 12:30:10 02/08/21
22,99.9,17.400002,1012.23,4.32,4.01 12:35:28 02/08/21
23,99.9,17.529999,1012.27,5.0,4.01 12:40:43 02/08/21
37,99.9,17.58,1012.3,5.0,4.01 12:45:57 02/08/21
25,99.9,17.75,1012.33,5.0,4.01 12:51:11 02/08/21
24,99.9,17.92,1012.29,5.0,4.01 12:56:26 02/08/21
19,99.9,18.029999,1012.23,4.83,4.01 13:01:40 02/08/21
25,99.9,18.055,1012.24,4.73,4.01 13:06:55 02/08/21
22,99.9,18.08,1012.31,5.0,4.01 13:12:09 02/08/21
22,99.9,18.154999,1012.3,4.33,4.01 13:17:24 02/08/21
23,99.9,18.154999,1012.26,5.0,4.01 13:22:38 02/08/21
20,99.9,18.165,1012.3,5.0,4.01 13:27:53 02/08/21
19,99.9,18.154999,1012.36,5.0,4.01 13:33:07 02/08/21
22,99.9,18.099998,1012.34,4.22,4.01 13:38:20 02/08/21
20,99.9,18.175,1012.39,4.56,4.01 13:43:40 02/08/21
22,99.9,18.25,1012.34,4.59,4.01 13:49:03 02/08/21
22,99.9,18.325,1012.36,4.56,4.01 13:54:23 02/08/21
23,99.9,18.345001,1012.36,5.0,4.01 13:59:37 02/08/21
23,99.9,18.435,1012.39,4.22,4.01 14:04:52 02/08/21
34,99.9,18.47,1012.38,5.0,4.01 14:10:05 02/08/21
34,99.9,18.555,1012.41,5.0,4.01 14:15:22 02/08/21
24,99.9,18.720001,1012.34,5.0,4.01 14:20:34 02/08/21
34,99.9,18.855,1012.36,5.0,4.01 14:25:50 02/08/21
31,99.9,19.01,1012.39,4.72,4.01 14:31:06 02/08/21
34,99.9,19.154999,1012.44,4.99,4.01 14:36:20 02/08/21
26,99.9,19.59,1012.33,5.0,4.01 14:41:36 02/08/21
29,99.9,19.935,1012.33,5.0,4.01 14:46:49 02/08/21
39,99.9,19.99,1012.31,4.9,4.01 14:52:05 02/08/21
21,99.9,20.175,1012.23,5.0,4.01 14:57:27 02/08/21
29,99.9,20.23,1012.19,5.0,4.01 15:02:42 02/08/21
30,99.9,20.29,1012.17,5.0,4.01 15:07:57 02/08/21
29,99.9,20.415,1012.1,5.0,4.01 15:13:11 02/08/21
26,99.9,20.695,1012.11,4.08,4.01 15:18:28 02/08/21
15,99.9,20.77,1012.11,5.0,4.01 15:23:43 02/08/21
30,99.9,20.625,1012.02,4.08,4.01 15:28:57 02/08/21
16,99.9,20.7,1012.01,4.58,4.01 15:34:15 02/08/21
23,99.9,20.695,1011.94,4.44,4.01 15:39:27 02/08/21
12,99.9,20.525,1011.93,4.49,4.01 15:44:42 02/08/21
9,99.9,20.24,1011.91,5.0,4.01 15:49:55 02/08/21
13,99.9,20.064999,1011.99,5.0,4.01 15:55:12 02/08/21
17,99.9,19.96,1011.91,4.58,4.01 16:00:25 02/08/21
27,99.9,19.85,1011.94,4.43,4.01 16:05:41 02/08/21
19,99.9,19.68,1011.91,4.75,4.01 16:11:00 02/08/21
15,99.9,19.564999,1011.84,4.1,4.01 16:16:23 02/08/21
11,99.9,19.555,1011.87,5.0,4.01 16:21:47 02/08/21
8,99.9,19.545,1011.97,4.4,4.01 16:27:04 02/08/21
9,99.9,19.465,1011.92,4.67,4.01 16:32:23 02/08/21
9,99.9,19.365002,1011.89,5.0,4.01 16:37:35 02/08/21
15,99.9,19.279999,1011.91,4.94,4.0 16:42:48 02/08/21
18,99.9,19.275002,1011.91,4.8,4.01 16:48:06 02/08/21
35,99.9,19.43,1011.97,4.69,4.01 16:53:18 02/08/21
16,99.9,19.52,1011.95,4.47,4.01 16:58:38 02/08/21
16,99.9,19.48,1012.01,5.0,4.01 17:03:56 02/08/21
32,99.9,19.695,1011.87,4.9,4.01 17:09:12 02/08/21
9,99.9,19.915,1011.87,4.58,4.01 17:14:25 02/08/21
8,99.9,19.86,1011.92,5.0,4.0 17:19:43 02/08/21
6,99.9,19.705,1012.03,5.0,4.01 17:24:57 02/08/21
19,99.9,19.58,1011.96,4.79,4.01 17:30:12 02/08/21
22,99.9,19.64,1011.9,5.0,4.01 17:35:28 02/08/21
22,99.9,19.835,1011.89,4.72,4.01 17:40:39 02/08/21
23,99.9,20.085,1011.9,5.0,4.01 17:45:57 02/08/21
14,99.9,20.2,1011.84,4.12,4.01 17:51:13 02/08/21
28,99.9,20.310001,1011.83,5.0,4.01 17:56:26 02/08/21
20,99.9,20.395,1011.91,4.82,4.01 18:01:49 02/08/21
19,99.9,20.32,1011.93,5.0,4.01 18:07:04 02/08/21
10,99.9,20.23,1011.91,4.24,4.01 18:12:20 02/08/21
15,99.9,20.145,1011.9,5.0,4.0 18:17:37 02/08/21
8,99.9,20.035,1011.91,4.18,4.01 18:22:55 02/08/21
8,99.9,19.93,1011.87,4.07,4.0 18:28:12 02/08/21
23,99.9,19.845001,1011.83,5.0,4.01 18:33:27 02/08/21
10,99.9,19.895,1011.81,5.0,4.0 18:38:40 02/08/21
27,99.9,19.86,1011.74,5.0,4.01 18:43:56 02/08/21
23,99.6,19.625,1011.62,5.0,4.01 18:49:11 02/08/21
8,99.9,19.645,1011.61,4.38,4.0 18:54:25 02/08/21
6,99.9,19.630001,1011.63,4.92,4.01 18:59:41 02/08/21
12,99.9,19.56,1011.67,4.5,4.0 19:04:54 02/08/21
7,99.9,19.535,1011.68,5.0,4.0 19:10:10 02/08/21
13,99.9,19.445,1011.71,5.0,4.01 19:15:25 02/08/21
12,99.9,19.36,1011.78,5.0,4.0 19:20:40 02/08/21
9,99.9,19.279999,1011.72,4.46,4.0 19:25:55 02/08/21
7,99.9,19.265,1011.64,4.28,4.01 19:31:08 02/08/21
10,99.9,19.195,1011.76,4.57,4.0 19:36:27 02/08/21
7,99.9,19.16,1011.72,4.62,4.0 19:41:47 02/08/21
7,99.9,19.08,1011.72,4.7,4.0 19:47:06 02/08/21
9,99.9,18.98,1011.79,4.39,4.01 19:52:26 02/08/21
6,99.9,18.87,1011.8,5.0,4.0 19:57:38 02/08/21
5,99.9,18.765,1011.82,4.19,4.0 20:02:55 02/08/21
2,99.9,18.66,1011.87,4.75,4.0 20:08:12 02/08/21
6,99.9,18.575,1011.98,4.82,4.0 20:13:24 02/08/21
4,99.9,18.49,1012.0,4.79,4.0 20:18:41 02/08/21
4,99.9,18.39,1012.0,4.55,4.0 20:23:52 02/08/21
4,99.9,18.305,1012.06,4.59,4.0 20:29:08 02/08/21
5,99.9,18.265,1011.97,4.55,4.0 20:34:23 02/08/21
4,99.9,18.119999,1012.01,4.17,4.0 20:39:43 02/08/21
5,99.9,18.08,1012.05,4.4,4.0 20:45:00 02/08/21
4,99.9,17.98,1011.99,4.24,4.0 20:50:12 02/08/21
4,99.9,17.880001,1012.0,4.18,4.0 20:55:37 02/08/21
3,99.9,17.79,1011.9,4.12,4.0 21:00:52 02/08/21
4,99.9,17.67,1011.82,4.1,4.0 21:06:10 02/08/21
3,99.9,17.509998,1011.82,4.12,4.0 21:11:33 02/08/21
2,99.9,17.39,1011.89,4.09,4.0 21:16:56 02/08/21
1,99.9,17.23,1011.81,3.61,4.0 21:22:14 02/08/21
0,99.9,17.105,1011.91,3.18,4.0 21:27:30 02/08/21
0,99.9,17.115,1012.12,1.11,4.0 21:47:11 02/08/21
1,99.9,16.884998,1012.32,0.6,4.0 21:52:27 02/08/21
5,99.9,16.564999,1012.27,0.29,4.0 21:57:47 02/08/21
7,99.9,16.385,1012.29,0.15,4.0 22:03:02 02/08/21
10,99.9,16.205,1012.3,0.06,4.0 22:08:28 02/08/21
11,99.9,16.099998,1012.38,0.02,3.99 22:14:01 02/08/21
11,99.9,15.99,1012.35,0.0,4.0 22:19:18 02/08/21
13,99.9,15.815001,1012.34,0.0,4.0 22:24:46 02/08/21
11,99.9,15.71,1012.31,0.0,4.0 22:30:09 02/08/21
9,99.9,15.62,1012.3,0.0,4.0 22:35:25 02/08/21
10,99.9,15.52,1012.43,0.0,4.0 22:40:45 02/08/21
8,99.9,15.785,1012.42,0.0,3.99 23:00:30 02/08/21
7,99.9,15.5199995,1012.36,0.0,3.99 23:05:42 02/08/21
7,99.9,15.280001,1012.43,0.0,3.99 23:10:58 02/08/21
6,99.9,15.11,1012.38,0.0,3.99 23:16:11 02/08/21
7,99.9,15.0,1012.36,0.0,3.99 23:21:35 02/08/21
6,99.9,14.92,1012.39,0.0,3.99 23:26:50 02/08/21
5,99.9,14.825001,1012.27,0.0,3.99 23:32:04 02/08/21
5,99.9,14.8,1012.26,0.0,3.99 23:37:17 02/08/21
5,99.9,14.79,1012.35,0.0,3.99 23:42:29 02/08/21
5,99.9,14.785,1012.29,0.0,3.99 23:47:45 02/08/21
5,99.9,14.8,1012.35,0.0,3.99 23:52:59 02/08/21
5,99.9,14.79,1012.36,0.0,3.99 23:58:13 02/08/21
