4,99.9,14.775,1012.26,0.0,3.99 00:03:28 03/08/21
4,99.9,14.695,1012.24,0.0,3.99 00:08:41 03/08/21
4,99.9,14.625,1012.2,0.0,3.99 00:13:55 03/08/21
4,99.9,14.6,1012.13,0.0,3.99 00:19:09 03/08/21
4,99.9,14.525,1012.18,0.0,3.99 00:24:23 03/08/21
4,99.9,14.5,1012.23,0.0,3.99 00:29:41 03/08/21
4,99.9,14.48,1012.22,0.0,3.99 00:35:12 03/08/21
3,99.9,14.465,1012.31,0.0,3.99 00:40:30 03/08/21
3,99.9,14.385,1012.22,0.0,3.99 00:45:45 03/08/21
3,99.9,14.32,1012.17,0.0,3.99 00:50:59 03/08/21
3,99.9,14.305,1012.13,0.0,3.99 00:56:13 03/08/21
3,99.9,14.295,1012.08,0.0,3.99 01:01:27 03/08/21
3,99.9,14.295,1012.04,0.0,3.99 01:06:42 03/08/21
3,99.9,14.3,1012.03,0.0,3.99 01:11:56 03/08/21
3,99.9,14.305,1011.99,0.0,3.99 01:17:12 03/08/21
3,99.9,14.305,1011.97,0.0,3.99 01:22:32 03/08/21
3,99.9,14.315001,1011.87,0.0,3.99 01:27:50 03/08/21
3,99.9,14.37,1011.85,0.0,3.99 01:33:08 03/08/21
3,99.9,14.37,1011.81,0.0,3.99 01:38:25 03/08/21
3,99.9,14.38,1011.84,0.0,3.99 01:43:44 03/08/21
2,99.9,14.389999,1011.75,0.0,3.99 01:48:58 03/08/21
3,99.9,14.395,1011.7,0.0,3.99 01:54:12 03/08/21
2,99.9,14.405,1011.66,0.0,3.99 01:59:26 03/08/21
3,99.9,14.4,1011.6,0.0,3.99 02:04:40 03/08/21
3,99.9,14.46,1011.57,0.0,3.99 02:09:54 03/08/21
2,99.9,14.475,1011.5,0.0,3.99 02:15:12 03/08/21
2,99.9,14.485001,1011.49,0.0,3.99 02:20:30 03/08/21
2,99.9,14.49,1011.49,0.0,3.99 02:25:42 03/08/21
2,99.9,14.495,1011.47,0.0,3.99 02:31:00 03/08/21
3,99.9,14.5,1011.48,0.0,3.99 02:36:12 03/08/21
3,99.9,14.505,1011.44,0.0,3.99 02:41:44 03/08/21
3,99.9,15.525,1011.34,0.0,3.98 02:56:08 03/08/21
2,99.9,15.575,1011.37,0.0,3.97 03:30:14 03/08/21
2,99.9,15.3,1011.31,0.0,3.97 03:35:30 03/08/21
2,99.9,15.0,1011.33,0.0,3.97 03:40:44 03/08/21
2,99.9,14.835,1011.3,0.0,3.97 03:45:58 03/08/21
2,99.9,14.695,1011.23,0.0,3.97 03:51:11 03/08/21
3,99.9,14.675,1011.22,0.0,3.98 03:56:25 03/08/21
3,99.9,14.605,1011.21,0.0,3.98 04:01:39 03/08/21
3,99.9,14.594999,1011.3,0.0,3.98 04:06:53 03/08/21
3,99.9,14.585,1011.3,0.0,3.98 04:12:08 03/08/21
3,99.9,14.59,1011.32,0.0,3.97 04:17:22 03/08/21
3,99.9,14.594999,1011.39,0.0,3.98 04:22:37 03/08/21
3,99.9,14.59,1011.28,0.0,3.98 04:27:48 03/08/21
2,99.9,14.59,1011.22,0.0,3.98 04:33:02 03/08/21
2,99.9,14.585,1011.18,0.0,3.97 04:38:18 03/08/21
2,99.9,14.594999,1011.22,0.0,3.98 04:43:32 03/08/21
2,99.9,14.58,1011.16,0.0,3.98 04:48:46 03/08/21
2,99.9,14.58,1011.16,0.0,3.97 04:54:02 03/08/21
2,99.9,14.565,1011.12,0.0,3.97 04:59:17 03/08/21
1,99.9,14.555,1011.04,0.0,3.97 05:04:36 03/08/21
2,99.9,14.5,1011.08,0.0,3.97 05:09:50 03/08/21
1,99.9,14.495,1011.07,0.0,3.98 05:15:03 03/08/21
1,99.9,14.485001,1011.02,0.0,3.98 05:20:16 03/08/21
1,99.9,14.48,1010.97,0.02,3.97 05:25:31 03/08/21
1,99.9,14.475,1010.94,0.07,3.97 05:30:45 03/08/21
1,99.9,14.465,1010.87,0.16,3.97 05:35:59 03/08/21
1,99.9,14.405,1010.91,0.31,3.97 05:41:13 03/08/21
1,99.9,14.4,1010.87,0.53,3.98 05:46:27 03/08/21
1,99.9,14.395,1010.92,0.84,3.98 05:51:41 03/08/21
0,99.9,14.385,1010.88,1.19,3.98 05:56:53 03/08/21
1,99.9,14.37,1010.84,1.49,3.97 06:02:09 03/08/21
1,99.9,14.365,1010.83,1.75,3.97 06:07:23 03/08/21
2,99.9,14.360001,1010.87,1.95,3.97 06:12:42 03/08/21
1,99.9,14.360001,1010.94,2.22,3.97 06:17:59 03/08/21
2,99.9,14.3,1010.84,2.77,3.97 06:23:14 03/08/21
2,99.9,14.295,1010.83,3.32,3.97 06:28:27 03/08/21
3,99.9,14.29,1010.83,3.74,3.98 06:33:40 03/08/21
4,99.9,14.285,1010.79,3.98,3.97 06:38:55 03/08/21
5,99.9,14.285,1010.74,4.07,3.97 06:44:09 03/08/21
4,99.9,14.285,1010.78,4.06,3.97 06:49:23 03/08/21
6,99.9,14.295,1010.74,4.11,3.97 06:54:37 03/08/21
5,99.9,14.29,1010.77,4.07,3.97 06:59:51 03/08/21
6,99.9,14.29,1010.83,4.09,3.97 07:05:06 03/08/21
6,99.9,14.295,1010.88,4.16,3.97 07:10:18 03/08/21
7,99.9,14.29,1010.89,4.33,3.97 07:15:33 03/08/21
9,99.9,14.295,1010.94,4.69,3.97 07:20:47 03/08/21
8,99.9,14.3,1010.94,4.72,3.97 07:26:01 03/08/21
9,99.9,14.355,1010.87,4.26,3.98 07:31:19 03/08/21
10,99.9,14.365,1010.77,5.0,3.97 07:36:37 03/08/21
11,99.9,14.38,1010.67,4.26,3.98 07:41:51 03/08/21
20,99.9,14.440001,1010.68,5.0,3.97 07:47:05 03/08/21
12,99.9,14.46,1010.58,5.0,3.97 07:52:19 03/08/21
13,99.9,14.475,1010.55,5.0,3.98 07:57:33 03/08/21
13,99.9,14.5,1010.6,4.59,3.98 08:02:47 03/08/21
13,99.9,14.559999,1010.64,5.0,3.98 08:07:59 03/08/21
25,99.9,14.58,1010.71,4.4,3.98 08:13:15 03/08/21
27,99.9,14.59,1010.71,5.0,3.98 08:18:29 03/08/21
16,99.9,14.605,1010.77,5.0,3.98 08:23:44 03/08/21
18,99.9,14.615,1010.7,4.28,3.98 08:28:58 03/08/21
21,99.9,14.690001,1010.76,5.0,3.97 08:34:12 03/08/21
20,99.9,14.71,1010.68,4.02,3.98 08:39:26 03/08/21
22,99.9,14.780001,1010.68,4.8,3.98 08:44:40 03/08/21
26,99.9,14.85,1010.68,4.03,3.98 08:49:54 03/08/21
25,99.9,14.88,1010.68,5.0,3.98 08:55:07 03/08/21
27,99.9,14.965,1010.69,5.0,3.99 09:00:21 03/08/21
28,99.9,14.995,1010.62,4.06,3.99 09:05:37 03/08/21
31,99.9,15.135,1010.61,5.0,3.99 09:10:49 03/08/21
33,99.9,15.24,1010.62,5.0,3.99 09:16:03 03/08/21
35,99.9,16.135,1010.56,5.0,3.99 09:35:43 03/08/21
34,99.9,16.07,1010.61,4.88,4.0 09:40:56 03/08/21
34,99.9,15.985,1010.53,4.1,3.99 09:46:12 03/08/21
37,99.9,15.950001,1010.56,5.0,4.0 09:51:24 03/08/21
40,99.9,16.035,1010.62,4.07,4.0 09:56:40 03/08/21
32,99.9,16.135,1010.6,4.07,4.0 10:01:58 03/08/21
28,99.9,16.244999,1010.61,4.08,4.0 10:07:17 03/08/21
18,99.9,16.345,1010.67,4.1,4.0 10:12:32 03/08/21
41,99.9,16.435,1010.68,5.0,4.0 10:17:55 03/08/21
17,99.9,16.51,1010.66,4.07,4.0 10:23:09 03/08/21
17,99.9,16.525,1010.67,5.0,4.01 10:28:21 03/08/21
16,99.9,16.535,1010.7,5.0,4.0 10:33:37 03/08/21
15,99.9,16.555,1010.74,5.0,4.0 10:38:52 03/08/21
16,99.9,16.56,1010.76,4.11,4.0 10:44:06 03/08/21
13,99.9,16.575,1010.76,5.0,4.01 10:49:21 03/08/21
14,99.9,16.599998,1010.81,4.11,4.0 10:54:34 03/08/21
13,99.9,16.58,1010.77,5.0,4.0 10:59:49 03/08/21
12,99.9,16.575,1010.77,4.58,4.0 11:05:04 03/08/21
16,99.9,16.564999,1010.77,5.0,4.0 11:10:17 03/08/21
13,99.9,16.56,1010.73,5.0,4.01 11:15:35 03/08/21
14,99.9,16.57,1010.7,5.0,4.01 11:20:54 03/08/21
16,99.9,16.64,1010.79,5.0,4.01 11:26:17 03/08/21
12,99.9,16.725,1010.86,4.29,4.0 11:31:35 03/08/21
12,99.9,16.744999,1010.86,4.13,4.01 11:36:54 03/08/21
14,99.9,16.815,1010.83,5.0,4.01 11:42:09 03/08/21
15,99.9,16.835,1010.78,5.0,4.01 11:47:24 03/08/21
16,99.9,16.855,1010.8,5.0,4.02 11:52:37 03/08/21
16,99.9,16.875,1010.82,4.19,4.02 11:57:52 03/08/21
16,99.9,16.935,1010.79,4.16,4.02 12:03:07 03/08/21
17,99.9,16.965,1010.82,4.17,4.02 12:08:19 03/08/21
15,99.9,17.06,1010.82,5.0,4.02 12:13:35 03/08/21
18,99.9,17.15,1010.84,5.0,4.02 12:18:49 03/08/21
17,99.9,17.235,1010.89,4.08,4.02 12:24:03 03/08/21
17,99.9,17.325,1010.88,4.13,4.02 12:29:18 03/08/21
17,99.9,17.42,1010.87,4.36,4.03 12:34:31 03/08/21
18,99.9,17.445,1010.85,4.2,4.03 12:39:45 03/08/21
17,99.9,17.535,1010.78,4.48,4.03 12:45:01 03/08/21
17,99.9,17.57,1010.79,5.0,4.03 12:50:16 03/08/21
16,99.9,17.635,1010.78,4.21,4.03 12:55:31 03/08/21
18,99.9,17.66,1010.79,4.14,4.03 13:00:45 03/08/21
22,99.9,17.735,1010.68,4.12,4.04 13:05:58 03/08/21
26,99.9,17.755001,1010.64,4.15,4.04 13:11:13 03/08/21
23,99.9,17.915,1010.63,4.29,4.04 13:16:28 03/08/21
21,99.9,18.015,1010.56,4.31,4.05 13:21:41 03/08/21
22,99.9,18.055,1010.54,4.91,4.05 13:26:57 03/08/21
22,99.9,18.14,1010.53,4.17,4.05 13:32:11 03/08/21
23,99.9,18.235,1010.51,5.0,4.02 13:37:27 03/08/21
24,99.9,18.35,1010.43,4.87,4.02 13:42:44 03/08/21
21,99.9,18.5,1010.44,4.16,4.06 13:48:04 03/08/21
22,99.9,18.56,1010.35,4.69,4.07 13:53:18 03/08/21
23,99.9,18.705,1010.34,4.45,4.07 13:58:33 03/08/21
23,99.9,18.765,1010.28,4.21,4.08 14:03:53 03/08/21
26,99.9,18.98,1010.28,4.2,4.1 14:09:11 03/08/21
22,99.9,19.285,1010.24,4.39,4.03 14:14:24 03/08/21
25,99.9,19.575,1010.2,4.62,4.03 14:19:41 03/08/21
29,99.9,19.765,1010.2,5.0,4.03 14:24:55 03/08/21
19,99.9,19.735,1010.25,5.0,4.03 14:30:10 03/08/21
23,99.9,19.815,1010.22,4.2,4.1 14:35:24 03/08/21
24,99.9,19.92,1010.26,4.22,4.11 14:40:39 03/08/21
29,99.9,20.255001,1010.13,4.33,4.16 14:45:59 03/08/21
27,99.9,20.564999,1010.15,4.29,4.14 14:51:18 03/08/21
28,99.9,20.765,1010.11,4.35,4.17 14:56:33 03/08/21
30,99.9,20.974998,1010.1,5.0,4.04 15:01:46 03/08/21
19,99.9,21.255001,1010.07,5.0,4.05 15:07:02 03/08/21
16,99.9,21.335,1010.01,4.12,4.05 15:12:16 03/08/21
24,99.9,21.349998,1009.99,4.1,4.05 15:17:31 03/08/21
26,99.9,21.439999,1009.93,5.0,4.04 15:22:47 03/08/21
25,99.9,21.605,1009.94,4.12,4.04 15:28:03 03/08/21
23,99.9,21.805,1009.95,4.94,4.04 15:33:16 03/08/21
24,99.9,21.935,1009.88,4.28,4.14 15:38:33 03/08/21
24,99.9,22.005001,1009.86,4.39,4.04 15:43:48 03/08/21
23,99.9,22.095001,1009.85,4.43,4.05 15:49:02 03/08/21
23,99.9,22.18,1009.81,5.0,4.04 15:54:18 03/08/21
31,99.9,22.125,1009.75,4.68,4.04 15:59:33 03/08/21
23,99.9,22.05,1009.75,4.1,4.04 16:04:48 03/08/21
23,99.9,22.105,1009.8,4.45,4.04 16:10:04 03/08/21
31,99.9,22.19,1009.77,5.0,4.04 16:15:23 03/08/21
25,99.9,22.14,1009.7,5.0,4.04 16:20:43 03/08/21
23,99.9,22.075,1009.66,4.58,4.04 16:25:58 03/08/21
20,99.9,22.215,1009.71,4.1,4.04 16:31:14 03/08/21
22,99.9,22.240002,1009.66,5.0,4.04 16:36:28 03/08/21
23,99.9,22.325,1009.66,4.73,4.04 16:41:44 03/08/21
23,99.9,22.39,1009.65,5.0,4.04 16:47:03 03/08/21
21,99.9,22.43,1009.62,4.45,4.04 16:52:21 03/08/21
23,94.3,22.2,1009.51,5.0,4.04 16:57:38 03/08/21
22,99.9,22.1,1009.5,4.17,4.04 17:02:53 03/08/21
21,98.7,22.175,1009.52,4.71,4.04 17:08:07 03/08/21
15,99.9,22.32,1009.51,5.0,4.04 17:13:28 03/08/21
22,99.7,22.26,1009.45,4.97,4.05 17:18:48 03/08/21
23,98.6,22.215,1009.45,5.0,4.04 17:24:02 03/08/21
13,98.3,22.19,1009.46,5.0,4.04 17:29:17 03/08/21
23,99.6,22.17,1009.44,4.83,4.04 17:34:36 03/08/21
13,99.4,22.165,1009.45,5.0,4.06 17:39:56 03/08/21
27,98.4,22.01,1009.42,4.17,4.05 17:45:12 03/08/21
16,97.5,21.9,1009.43,5.0,4.04 17:50:27 03/08/21
16,97.7,21.720001,1009.46,4.44,4.05 17:55:42 03/08/21
17,99.8,21.785,1009.46,5.0,4.04 18:00:55 03/08/21
21,98.5,21.795,1009.42,4.73,4.04 18:06:17 03/08/21
12,98.2,21.795,1009.43,5.0,4.04 18:11:36 03/08/21
12,98.9,21.720001,1009.45,4.87,4.05 18:16:51 03/08/21
17,98.8,21.68,1009.38,4.98,4.04 18:22:06 03/08/21
14,98.7,21.605,1009.42,5.0,4.04 18:27:23 03/08/21
13,98.5,21.595001,1009.46,4.2,4.06 18:32:41 03/08/21
12,98.6,21.585,1009.44,5.0,4.06 18:38:00 03/08/21
12,98.7,21.564999,1009.39,5.0,4.04 18:43:13 03/08/21
10,98.6,21.51,1009.45,4.22,4.05 18:48:34 03/08/21
10,98.4,21.42,1009.39,4.32,4.04 18:53:53 03/08/21
21,98.6,21.39,1009.36,4.22,4.05 18:59:09 03/08/21
9,98.9,21.325,1009.37,5.0,4.05 19:04:25 03/08/21
30,98.8,21.295,1009.41,4.17,4.06 19:09:43 03/08/21
12,98.6,21.205,1009.41,4.16,4.07 19:15:02 03/08/21
14,99.2,21.06,1009.45,4.23,4.04 19:20:17 03/08/21
14,98.5,20.935,1009.45,5.0,4.05 19:25:32 03/08/21
7,98.5,20.765,1009.5,4.11,4.05 19:30:45 03/08/21
5,98.8,20.654999,1009.53,4.1,4.05 19:36:00 03/08/21
9,98.7,20.56,1009.52,5.0,4.06 19:41:18 03/08/21
19,99.0,20.529999,1009.58,4.17,4.06 19:46:33 03/08/21
7,99.0,20.474998,1009.64,4.18,4.05 19:51:55 03/08/21
6,99.0,20.455,1009.58,4.18,4.05 19:57:09 03/08/21
6,99.2,20.45,1009.68,4.38,4.05 20:02:25 03/08/21
6,99.4,20.39,1009.71,5.0,4.05 20:07:40 03/08/21
4,99.3,20.365002,1009.74,4.14,4.05 20:12:55 03/08/21
11,99.3,20.34,1009.72,5.0,4.05 20:18:16 03/08/21
9,99.2,20.25,1009.69,5.0,4.05 20:23:34 03/08/21
2,99.3,20.15,1009.7,4.12,4.04 20:28:48 03/08/21
3,99.1,19.985,1009.74,5.0,4.05 20:34:01 03/08/21
2,99.0,19.85,1009.79,4.55,4.05 20:39:19 03/08/21
5,98.9,19.599998,1009.85,4.12,4.04 20:44:33 03/08/21
3,98.8,19.46,1009.85,4.41,4.04 20:49:51 03/08/21
2,99.0,19.285,1009.88,4.82,4.04 20:55:11 03/08/21
3,98.9,19.099998,1009.95,4.23,4.04 21:00:29 03/08/21
2,99.0,18.96,1009.87,4.24,4.04 21:05:49 03/08/21
0,99.0,18.805,1009.94,4.15,4.04 21:11:04 03/08/21
0,99.1,18.695,1010.01,4.17,4.04 21:16:18 03/08/21
0,99.1,18.585,1010.05,3.71,4.04 21:21:33 03/08/21
0,99.3,18.48,1010.14,3.14,4.04 21:26:47 03/08/21
0,99.2,18.375,1010.11,2.44,4.04 21:32:03 03/08/21
0,99.3,18.215,1010.16,1.69,4.04 21:37:28 03/08/21
0,99.3,18.17,1010.21,1.03,4.04 21:42:46 03/08/21
0,99.5,18.07,1010.29,0.55,4.04 21:48:03 03/08/21
0,99.6,17.99,1010.3,0.26,4.04 21:53:17 03/08/21
0,99.6,17.905,1010.29,0.12,4.04 21:58:32 03/08/21
0,99.8,17.885,1010.35,0.05,4.04 22:03:50 03/08/21
0,99.7,17.805,1010.39,0.01,4.04 22:09:19 03/08/21
0,99.8,17.810001,1010.48,0.0,4.04 22:14:37 03/08/21
0,99.9,17.855,1010.5,0.0,4.04 22:20:08 03/08/21
0,99.9,17.810001,1010.55,0.0,4.04 22:25:31 03/08/21
0,99.9,17.855,1010.56,0.0,4.04 22:30:49 03/08/21
0,99.9,17.79,1010.57,0.0,4.04 22:36:16 03/08/21
0,99.9,17.785,1010.55,0.0,4.04 22:41:36 03/08/21
0,99.9,17.76,1010.57,0.0,4.04 22:46:49 03/08/21
0,99.9,17.68,1010.62,0.0,4.04 22:52:14 03/08/21
0,99.9,17.675,1010.66,0.0,4.04 22:57:45 03/08/21
0,99.9,17.595001,1010.71,0.0,4.04 23:02:58 03/08/21
0,99.9,17.57,1010.77,0.0,4.04 23:08:14 03/08/21
0,99.9,17.494999,1010.72,0.0,4.04 23:13:33 03/08/21
0,99.9,17.41,1010.76,0.0,4.04 23:18:50 03/08/21
0,99.9,17.385,1010.79,0.0,4.04 23:24:07 03/08/21
0,99.9,17.310001,1010.79,0.0,4.04 23:29:20 03/08/21
0,99.9,17.3,1010.86,0.0,4.04 23:34:35 03/08/21
0,99.9,17.285,1010.79,0.0,4.04 23:39:56 03/08/21
0,99.9,17.235,1010.84,0.0,4.04 23:45:10 03/08/21
0,99.9,17.220001,1010.87,0.0,4.04 23:50:31 03/08/21
0,99.9,17.215,1010.84,0.0,4.04 23:55:49 03/08/21
