0,98.2,19.07,1009.51,0.0,4.02 00:17:04 05/08/21
0,98.4,18.9,1009.51,0.0,4.02 00:37:04 05/08/21
0,99.0,18.630001,1009.44,0.0,4.02 00:42:18 05/08/21
0,99.8,18.295,1009.38,0.0,4.02 00:47:33 05/08/21
0,98.7,18.66,1009.27,0.0,4.02 01:21:43 05/08/21
0,99.5,18.32,1009.15,0.0,4.01 01:27:03 05/08/21
0,99.9,18.015,1009.19,0.0,4.02 01:32:17 05/08/21
0,99.9,17.795,1009.1,0.0,4.02 01:37:39 05/08/21
0,99.9,17.7,1009.07,0.0,4.02 01:42:57 05/08/21
0,99.9,17.599998,1009.01,0.0,4.02 01:48:11 05/08/21
0,99.9,17.575,1008.99,0.0,4.02 01:53:29 05/08/21
0,99.9,17.5,1008.95,0.0,4.02 01:58:49 05/08/21
0,99.9,17.47,1008.97,0.0,4.02 02:04:02 05/08/21
0,99.9,17.395,1008.92,0.0,4.02 02:09:18 05/08/21
0,99.9,17.385,1008.89,0.0,4.02 02:14:30 05/08/21
0,99.9,17.315,1008.77,0.0,4.01 02:19:58 05/08/21
0,99.9,17.315,1008.75,0.0,4.02 02:25:17 05/08/21
0,99.9,17.3,1008.79,0.0,4.02 02:30:36 05/08/21
0,99.9,17.29,1008.79,0.0,4.02 02:36:03 05/08/21
0,99.9,17.279999,1008.67,0.0,4.02 02:41:17 05/08/21
0,99.9,17.21,1008.62,0.0,4.01 02:46:41 05/08/21
0,99.9,17.205,1008.5,0.0,4.02 02:51:55 05/08/21
0,99.9,17.2,1008.56,0.0,4.02 02:57:10 05/08/21
0,99.9,17.185001,1008.47,0.0,4.02 03:02:28 05/08/21
0,99.9,17.175,1008.51,0.0,4.01 03:07:48 05/08/21
0,99.9,17.11,1008.51,0.0,4.02 03:13:02 05/08/21
0,99.9,17.095001,1008.52,0.0,4.02 03:18:16 05/08/21
0,99.9,17.075,1008.45,0.0,4.01 03:23:34 05/08/21
0,99.9,17.06,1008.45,0.0,4.01 03:28:54 05/08/21
3,99.9,16.98,1008.37,0.0,4.01 03:34:08 05/08/21
5,99.9,16.91,1008.36,0.0,4.01 03:39:22 05/08/21
7,99.9,16.825,1008.32,0.0,4.01 03:44:36 05/08/21
8,99.9,16.795,1008.3,0.0,4.02 03:49:50 05/08/21
10,99.9,16.705,1008.23,0.0,4.01 03:55:05 05/08/21
10,99.9,16.67,1008.26,0.0,4.01 04:00:23 05/08/21
10,99.9,16.58,1008.25,0.0,4.02 04:05:46 05/08/21
9,99.9,16.485,1008.17,0.0,4.01 04:11:08 05/08/21
8,99.9,16.39,1008.11,0.0,4.02 04:16:27 05/08/21
9,99.9,16.3,1008.15,0.0,4.01 04:21:42 05/08/21
8,99.9,16.220001,1008.15,0.0,4.01 04:26:56 05/08/21
8,99.9,16.18,1008.05,0.0,4.01 04:32:10 05/08/21
8,99.9,16.09,1007.91,0.0,4.01 04:37:25 05/08/21
8,99.9,16.07,1007.92,0.0,4.01 04:42:39 05/08/21
7,99.9,15.985001,1007.97,0.0,4.01 04:48:09 05/08/21
6,99.9,15.914999,1007.87,0.0,4.01 04:53:24 05/08/21
6,99.9,15.885,1007.91,0.0,4.01 04:58:42 05/08/21
6,99.9,15.820001,1007.87,0.0,4.01 05:04:01 05/08/21
6,99.9,15.795,1007.79,0.0,4.01 05:09:19 05/08/21
6,99.9,15.795,1007.76,0.0,4.01 05:14:38 05/08/21
6,99.9,15.775001,1007.66,0.01,4.01 05:19:52 05/08/21
6,99.9,15.715,1007.67,0.05,4.01 05:25:18 05/08/21
5,99.9,15.775001,1007.6,0.11,4.01 05:30:38 05/08/21
5,99.9,15.71,1007.57,0.27,4.01 05:35:53 05/08/21
5,99.9,15.71,1007.63,0.62,4.01 05:41:06 05/08/21
5,99.9,15.705,1007.56,1.16,4.01 05:46:20 05/08/21
5,99.9,15.705,1007.56,1.76,4.01 05:51:34 05/08/21
6,99.9,15.705,1007.53,2.34,4.01 05:56:49 05/08/21
6,99.9,15.69,1007.52,2.89,4.01 06:02:03 05/08/21
6,99.9,15.67,1007.49,3.33,4.01 06:07:15 05/08/21
8,99.9,15.599999,1007.49,3.66,4.01 06:12:36 05/08/21
8,99.9,15.59,1007.55,3.96,4.01 06:17:54 05/08/21
8,99.9,15.514999,1007.49,4.07,4.01 06:23:06 05/08/21
11,99.9,15.495001,1007.49,4.23,4.01 06:28:26 05/08/21
13,99.9,15.48,1007.51,4.42,4.01 06:33:48 05/08/21
12,99.9,15.469999,1007.58,4.55,4.01 06:39:05 05/08/21
14,99.9,15.41,1007.54,4.66,4.01 06:44:21 05/08/21
15,99.9,15.465,1007.53,4.5,4.01 06:49:36 05/08/21
15,99.9,15.475,1007.55,4.63,4.01 06:54:54 05/08/21
14,99.9,15.49,1007.56,4.68,4.01 07:00:10 05/08/21
15,99.9,15.49,1007.51,4.73,4.01 07:05:26 05/08/21
15,99.9,15.49,1007.49,4.85,4.01 07:10:39 05/08/21
18,99.9,15.495001,1007.51,4.86,4.01 07:16:03 05/08/21
22,99.9,15.575,1007.56,4.57,4.01 07:21:19 05/08/21
22,99.9,15.58,1007.48,4.91,4.01 07:26:31 05/08/21
22,99.9,15.665,1007.47,5.0,4.01 07:31:46 05/08/21
28,99.9,15.76,1007.4,5.0,4.01 07:37:00 05/08/21
40,99.9,15.865,1007.35,4.09,4.01 07:42:14 05/08/21
34,99.9,15.985001,1007.31,5.0,4.01 07:47:36 05/08/21
46,99.9,16.17,1007.34,4.72,4.01 07:52:53 05/08/21
35,99.9,16.34,1007.27,4.08,4.01 07:58:09 05/08/21
41,99.9,16.475,1007.32,4.1,4.01 08:03:38 05/08/21
21,99.9,16.675,1007.34,5.0,4.01 08:08:51 05/08/21
21,99.9,16.845001,1007.33,5.0,4.01 08:14:13 05/08/21
14,99.9,17.025,1007.24,5.0,4.01 08:19:36 05/08/21
16,99.9,17.21,1007.27,4.28,4.01 08:24:51 05/08/21
21,99.9,17.32,1007.3,4.72,4.01 08:30:03 05/08/21
13,99.9,17.5,1007.3,5.0,4.01 08:35:19 05/08/21
13,99.9,17.7,1007.29,4.88,4.01 08:40:35 05/08/21
19,99.9,17.904999,1007.34,4.12,4.02 08:45:48 05/08/21
14,99.9,18.130001,1007.28,5.0,4.01 08:51:03 05/08/21
28,99.9,18.25,1007.22,5.0,4.01 08:56:18 05/08/21
8,99.9,18.415,1007.21,5.0,4.01 09:01:33 05/08/21
15,99.9,19.135,1007.27,5.0,4.01 09:21:12 05/08/21
12,99.9,19.029999,1007.17,4.09,4.01 09:26:27 05/08/21
16,99.9,18.88,1007.19,5.0,4.02 09:31:42 05/08/21
17,99.9,18.8,1007.18,4.39,4.01 09:36:59 05/08/21
25,99.9,18.9,1007.15,4.23,4.02 09:42:13 05/08/21
18,99.9,19.07,1007.07,5.0,4.01 09:47:27 05/08/21
14,99.9,19.295,1007.07,4.56,4.01 09:52:41 05/08/21
16,99.9,19.560001,1007.08,5.0,4.01 09:57:57 05/08/21
26,99.9,19.755001,1007.09,5.0,4.01 10:03:11 05/08/21
18,99.9,19.805,1007.06,4.22,4.01 10:08:26 05/08/21
21,99.9,19.985,1007.19,5.0,4.01 10:13:42 05/08/21
15,99.9,20.235,1007.13,5.0,4.01 10:18:56 05/08/21
18,99.9,20.365,1007.11,4.34,4.01 10:24:11 05/08/21
27,99.9,20.505001,1007.11,5.0,4.01 10:29:26 05/08/21
21,99.9,20.59,1007.13,5.0,4.01 10:34:44 05/08/21
12,99.9,20.675,1007.11,5.0,4.01 10:40:05 05/08/21
11,99.9,20.68,1007.07,4.63,4.01 10:45:20 05/08/21
27,99.9,20.685001,1007.07,5.0,4.01 10:50:34 05/08/21
20,99.9,20.775002,1006.98,4.16,4.01 10:55:52 05/08/21
19,99.9,20.815,1006.93,4.32,4.01 11:01:04 05/08/21
19,99.9,20.88,1006.82,4.08,4.01 11:06:19 05/08/21
18,99.9,21.07,1006.78,4.73,4.01 11:11:34 05/08/21
15,99.9,21.19,1006.74,4.66,4.01 11:16:47 05/08/21
20,99.9,21.349998,1006.74,4.17,4.02 11:22:04 05/08/21
21,99.9,21.474998,1006.63,4.24,4.01 11:27:19 05/08/21
22,99.9,21.59,1006.6,4.32,4.01 11:32:35 05/08/21
18,99.9,21.775002,1006.54,5.0,4.01 11:37:47 05/08/21
31,99.9,21.869999,1006.5,5.0,4.02 11:43:02 05/08/21
13,99.9,21.965,1006.49,4.18,4.01 11:48:18 05/08/21
30,99.9,22.135,1006.41,5.0,4.01 11:53:35 05/08/21
22,99.9,22.32,1006.42,5.0,4.01 11:58:50 05/08/21
22,99.9,22.605,1006.34,5.0,4.01 12:04:03 05/08/21
24,99.9,22.895,1006.32,4.38,4.02 12:09:24 05/08/21
25,99.9,23.130001,1006.25,4.84,4.01 12:14:48 05/08/21
23,99.9,23.4,1006.23,5.0,4.02 12:20:06 05/08/21
22,99.9,23.445,1006.15,4.82,4.01 12:25:23 05/08/21
26,99.9,23.52,1006.07,4.08,4.01 12:30:43 05/08/21
25,99.9,23.720001,1006.11,4.84,4.02 12:36:03 05/08/21
24,99.9,23.975,1006.09,5.0,4.02 12:41:20 05/08/21
24,99.9,24.04,1006.06,4.8,4.01 12:46:34 05/08/21
27,99.9,24.015,1006.0,4.14,4.02 12:51:49 05/08/21
14,99.9,23.945,1005.96,5.0,4.02 12:57:09 05/08/21
15,97.2,23.685001,1005.79,4.3,4.01 13:02:29 05/08/21
16,98.9,23.425,1005.79,5.0,4.01 13:07:45 05/08/21
25,99.0,23.455,1005.67,4.38,4.02 13:13:00 05/08/21
16,99.6,23.625,1005.64,4.48,4.01 13:18:15 05/08/21
30,98.6,23.5,1005.6,5.0,4.01 13:23:30 05/08/21
23,99.8,23.555,1005.56,5.0,4.01 13:28:46 05/08/21
16,97.7,23.735,1005.47,4.08,4.01 13:34:02 05/08/21
24,99.3,23.77,1005.36,4.07,4.01 13:39:20 05/08/21
14,96.2,23.92,1005.27,5.0,4.02 13:44:43 05/08/21
20,99.0,23.869999,1005.27,4.57,4.01 13:49:56 05/08/21
16,99.5,23.96,1005.23,4.08,4.01 13:55:12 05/08/21
17,98.7,23.96,1005.25,5.0,4.01 14:00:27 05/08/21
17,99.0,24.025,1005.17,4.98,4.01 14:05:46 05/08/21
21,97.2,23.985,1005.12,5.0,4.01 14:11:07 05/08/21
16,98.2,23.970001,1005.11,4.16,4.01 14:16:22 05/08/21
13,98.1,23.89,1005.02,4.12,4.01 14:21:38 05/08/21
15,96.7,23.805,1004.99,4.93,4.01 14:26:54 05/08/21
26,97.3,23.695,1004.88,5.0,4.01 14:32:12 05/08/21
15,96.8,23.69,1004.92,4.78,4.01 14:37:33 05/08/21
14,96.6,23.61,1004.87,5.0,4.01 14:42:48 05/08/21
15,97.2,23.595001,1004.83,5.0,4.01 14:48:02 05/08/21
16,97.5,23.585,1004.79,4.14,4.01 14:53:17 05/08/21
21,96.4,23.529999,1004.73,5.0,4.01 14:58:34 05/08/21
18,95.9,23.59,1004.68,5.0,4.01 15:03:50 05/08/21
13,96.1,23.68,1004.68,4.18,4.01 15:09:06 05/08/21
13,96.8,23.685001,1004.67,4.64,4.01 15:14:24 05/08/21
12,96.1,23.765,1004.72,4.35,4.01 15:19:45 05/08/21
15,95.6,23.615,1004.62,5.0,4.01 15:25:01 05/08/21
18,94.9,23.54,1004.58,5.0,4.01 15:30:14 05/08/21
18,95.1,23.51,1004.47,4.52,4.01 15:35:31 05/08/21
16,95.0,23.42,1004.32,5.0,4.01 15:40:46 05/08/21
20,96.2,23.42,1004.3,4.99,4.01 15:46:02 05/08/21
26,92.1,23.57,1004.17,5.0,4.01 15:51:18 05/08/21
26,95.8,23.865,1004.13,5.0,4.01 15:56:36 05/08/21
23,96.7,24.235,1004.1,5.0,4.01 16:01:57 05/08/21
18,94.5,24.68,1004.06,5.0,4.01 16:07:16 05/08/21
32,92.2,24.68,1003.96,4.13,4.01 16:12:44 05/08/21
14,95.2,24.745,1003.89,5.0,4.01 16:18:04 05/08/21
16,95.3,24.82,1003.92,4.85,4.01 16:23:25 05/08/21
12,95.3,24.849998,1003.91,5.0,4.01 16:28:39 05/08/21
26,95.1,24.935,1003.77,4.83,4.01 16:33:57 05/08/21
23,95.5,25.125,1003.61,5.0,4.01 16:39:12 05/08/21
23,95.4,25.375,1003.59,4.61,4.01 16:44:31 05/08/21
30,95.1,25.57,1003.48,4.94,4.01 16:49:52 05/08/21
17,92.2,25.535,1003.46,5.0,4.01 16:55:08 05/08/21
22,92.7,25.349998,1003.42,5.0,4.01 17:00:23 05/08/21
12,93.2,25.255001,1003.37,4.42,4.01 17:05:39 05/08/21
21,92.8,25.154999,1003.23,5.0,4.01 17:10:55 05/08/21
7,92.1,25.060001,1003.21,4.11,4.01 17:16:10 05/08/21
16,92.6,24.810001,1003.09,5.0,4.01 17:21:30 05/08/21
12,91.6,24.605,1003.06,5.0,4.01 17:26:50 05/08/21
22,91.9,24.57,1003.02,5.0,4.01 17:32:08 05/08/21
9,92.3,24.575,1002.99,5.0,4.01 17:37:29 05/08/21
9,91.3,24.505001,1002.91,5.0,4.01 17:42:49 05/08/21
8,92.5,24.474998,1002.87,4.22,4.01 17:48:10 05/08/21
9,91.7,24.33,1002.85,4.96,4.01 17:53:25 05/08/21
18,92.1,24.220001,1002.88,4.91,4.01 17:58:41 05/08/21
7,92.4,24.195,1002.73,4.97,4.01 18:03:56 05/08/21
8,91.8,24.029999,1002.74,5.0,4.01 18:09:12 05/08/21
21,91.9,23.935,1002.73,5.0,4.01 18:14:31 05/08/21
7,92.3,23.99,1002.71,5.0,4.01 18:19:50 05/08/21
15,91.6,23.91,1002.72,4.33,4.01 18:25:07 05/08/21
9,92.1,23.83,1002.66,5.0,4.01 18:30:22 05/08/21
9,91.9,23.795,1002.54,4.09,4.01 18:35:38 05/08/21
16,92.2,23.79,1002.46,4.18,4.01 18:40:53 05/08/21
11,91.8,23.825,1002.4,4.09,4.01 18:46:07 05/08/21
9,92.5,23.89,1002.45,4.74,4.01 18:51:24 05/08/21
14,92.0,23.85,1002.34,4.98,4.01 18:56:38 05/08/21
16,91.9,23.835,1002.24,5.0,4.01 19:01:55 05/08/21
12,91.8,23.82,1002.21,4.31,4.01 19:07:11 05/08/21
7,91.8,23.735,1002.19,4.27,4.01 19:12:26 05/08/21
8,91.5,23.635,1002.19,5.0,4.01 19:17:45 05/08/21
17,91.3,23.51,1002.1,5.0,4.01 19:23:09 05/08/21
22,91.8,23.42,1002.1,5.0,4.01 19:28:29 05/08/21
17,91.9,23.415,1002.03,4.3,4.01 19:33:45 05/08/21
13,91.4,23.445,1001.98,4.53,4.01 19:39:00 05/08/21
9,91.8,23.515,1002.01,5.0,4.01 19:44:16 05/08/21
4,91.6,23.45,1001.92,4.52,4.01 19:49:31 05/08/21
4,91.3,23.43,1001.89,4.16,4.01 19:54:50 05/08/21
0,91.6,23.35,1001.92,4.14,4.01 20:00:11 05/08/21
0,91.4,23.25,1001.93,4.08,4.01 20:05:26 05/08/21
1,91.0,23.145,1001.84,4.53,4.01 20:10:41 05/08/21
3,91.4,23.055,1001.89,4.7,4.01 20:15:57 05/08/21
2,91.3,23.029999,1001.87,4.44,4.01 20:21:13 05/08/21
2,91.3,22.935,1001.75,4.35,4.01 20:26:27 05/08/21
2,91.3,22.835,1001.74,4.72,4.01 20:31:43 05/08/21
3,91.5,22.74,1001.7,4.7,4.01 20:36:58 05/08/21
2,91.6,22.715,1001.67,4.59,4.01 20:42:13 05/08/21
3,91.8,22.630001,1001.67,4.3,4.01 20:47:29 05/08/21
2,91.6,22.545,1001.6,4.11,4.01 20:52:44 05/08/21
2,91.7,22.45,1001.64,4.1,4.01 20:58:00 05/08/21
0,91.7,22.36,1001.69,3.96,4.01 21:03:14 05/08/21
0,91.8,22.26,1001.66,3.58,4.01 21:08:33 05/08/21
0,91.8,22.154999,1001.62,3.29,4.01 21:13:51 05/08/21
0,91.7,22.04,1001.72,2.96,4.01 21:19:09 05/08/21
0,91.7,21.865002,1001.7,2.52,4.01 21:24:24 05/08/21
0,91.8,21.74,1001.71,2.05,4.01 21:29:39 05/08/21
0,91.8,21.555,1001.65,1.46,4.0 21:34:58 05/08/21
0,91.9,21.39,1001.59,1.0,4.01 21:40:17 05/08/21
0,92.1,21.27,1001.58,0.53,4.01 21:45:32 05/08/21
0,92.3,21.175,1001.61,0.24,4.0 21:50:56 05/08/21
0,92.4,21.14,1001.65,0.11,4.0 21:56:11 05/08/21
0,92.5,21.05,1001.58,0.04,4.0 22:01:26 05/08/21
0,92.5,20.95,1001.58,0.01,4.0 22:06:54 05/08/21
0,93.2,20.875,1001.58,0.0,4.0 22:12:26 05/08/21
0,92.7,20.845001,1001.56,0.0,4.0 22:17:59 05/08/21
0,92.8,20.76,1001.55,0.0,4.0 22:23:21 05/08/21
0,92.8,20.675,1001.54,0.0,4.0 22:28:42 05/08/21
0,92.9,20.58,1001.47,0.0,4.0 22:34:05 05/08/21
0,93.2,20.564999,1001.38,0.0,4.0 22:39:21 05/08/21
0,93.3,20.49,1001.33,0.0,4.0 22:44:36 05/08/21
0,93.3,20.474998,1001.35,0.0,4.0 22:49:57 05/08/21
0,93.6,20.465,1001.43,0.0,4.0 22:55:26 05/08/21
0,94.1,20.49,1001.38,0.0,4.0 23:00:46 05/08/21
0,94.0,20.535,1001.28,0.0,4.0 23:06:00 05/08/21
0,94.0,20.545,1001.2,0.0,4.0 23:11:13 05/08/21
0,94.1,20.55,1001.15,0.0,4.0 23:16:32 05/08/21
0,94.1,20.54,1001.07,0.0,4.0 23:21:49 05/08/21
0,94.0,20.49,1001.02,0.0,4.0 23:27:08 05/08/21
0,94.3,20.474998,1001.03,0.0,4.0 23:32:23 05/08/21
0,94.3,20.465,1001.07,0.0,4.0 23:37:37 05/08/21
0,94.5,20.405,1000.99,0.0,4.0 23:42:52 05/08/21
0,94.4,20.395,1000.99,0.0,4.0 23:48:08 05/08/21
0,94.4,20.375,1000.86,0.0,4.0 23:53:23 05/08/21
0,94.5,20.375,1000.85,0.0,4.0 23:58:42 05/08/21
