0,99.9,16.77,1010.94,0.0,3.93 00:04:29 09/08/21
0,99.9,16.615,1010.99,0.0,3.93 00:09:43 09/08/21
0,99.9,16.564999,1011.04,0.0,3.93 00:14:57 09/08/21
0,99.9,16.475,1011.05,0.0,3.93 00:20:12 09/08/21
0,99.9,16.39,1011.11,0.0,3.93 00:25:27 09/08/21
0,99.9,16.365,1011.17,0.0,3.93 00:30:40 09/08/21
0,99.9,16.285,1011.22,0.0,3.93 00:35:58 09/08/21
0,99.9,16.205,1011.16,0.0,3.93 00:41:17 09/08/21
0,99.9,16.17,1011.22,0.0,3.93 00:46:35 09/08/21
0,99.9,16.095001,1011.35,0.0,3.93 00:51:53 09/08/21
0,99.9,16.015,1011.32,0.0,3.93 00:57:10 09/08/21
0,99.9,16.01,1011.38,0.0,3.93 01:02:21 09/08/21
0,99.9,15.995001,1011.41,0.0,3.93 01:07:41 09/08/21
0,99.9,15.985001,1011.47,0.0,3.93 01:13:00 09/08/21
0,99.9,15.92,1011.5,0.0,3.93 01:18:15 09/08/21
0,99.9,15.879999,1011.42,0.0,3.93 01:23:28 09/08/21
0,99.9,15.81,1011.46,0.0,3.93 01:28:42 09/08/21
0,99.9,15.77,1011.45,0.0,3.93 01:33:57 09/08/21
0,99.9,15.7,1011.39,0.0,3.93 01:39:11 09/08/21
0,99.9,15.685,1011.43,0.0,3.93 01:44:24 09/08/21
0,99.9,15.68,1011.44,0.0,3.93 01:49:39 09/08/21
0,99.9,15.68,1011.42,0.0,3.93 01:54:53 09/08/21
0,99.9,15.695,1011.46,0.0,3.93 02:00:08 09/08/21
0,99.9,15.7,1011.44,0.0,3.93 02:05:22 09/08/21
0,99.9,15.765,1011.54,0.0,3.93 02:10:36 09/08/21
0,99.9,15.77,1011.56,0.0,3.93 02:15:51 09/08/21
0,99.9,15.77,1011.55,0.0,3.92 02:21:04 09/08/21
0,99.9,15.715,1011.62,0.0,3.93 02:26:26 09/08/21
0,99.9,15.705,1011.52,0.0,3.92 02:31:42 09/08/21
0,99.9,15.675,1011.55,0.0,3.93 02:36:55 09/08/21
0,99.9,15.599999,1011.55,0.0,3.92 02:42:08 09/08/21
0,99.9,15.585,1011.57,0.0,3.92 02:47:35 09/08/21
0,99.9,15.585,1011.53,0.0,3.93 02:52:55 09/08/21
0,99.9,15.51,1011.48,0.0,3.92 02:58:09 09/08/21
0,99.9,15.495001,1011.48,0.0,3.92 03:03:24 09/08/21
0,99.9,15.48,1011.49,0.0,3.93 03:08:37 09/08/21
0,99.9,15.475,1011.46,0.0,3.92 03:13:51 09/08/21
0,99.9,15.41,1011.49,0.0,3.92 03:19:09 09/08/21
0,99.9,15.405001,1011.51,0.0,3.92 03:24:26 09/08/21
0,99.9,15.395,1011.47,0.0,3.92 03:29:42 09/08/21
0,99.9,15.4,1011.54,0.0,3.92 03:34:56 09/08/21
0,99.9,15.395,1011.5,0.0,3.92 03:40:14 09/08/21
0,99.9,15.445,1011.51,0.0,3.92 03:45:31 09/08/21
0,99.9,15.385,1011.53,0.0,3.92 03:50:47 09/08/21
0,99.9,15.375,1011.5,0.0,3.92 03:56:01 09/08/21
0,99.9,15.370001,1011.55,0.0,3.92 04:01:17 09/08/21
0,99.9,15.320001,1011.52,0.0,3.92 04:06:30 09/08/21
0,99.9,15.370001,1011.59,0.0,3.92 04:11:46 09/08/21
0,99.9,15.375,1011.56,0.0,3.92 04:16:59 09/08/21
0,99.9,15.385,1011.63,0.0,3.92 04:22:12 09/08/21
0,99.9,15.375,1011.48,0.0,3.92 04:27:24 09/08/21
0,99.9,15.375,1011.6,0.0,3.92 04:32:39 09/08/21
0,99.9,15.365,1011.6,0.0,3.92 04:37:53 09/08/21
0,99.9,15.320001,1011.66,0.0,3.92 04:43:10 09/08/21
0,99.9,15.370001,1011.64,0.0,3.92 04:48:31 09/08/21
0,99.9,15.370001,1011.64,0.0,3.92 04:53:44 09/08/21
0,99.9,15.365,1011.67,0.0,3.92 04:59:00 09/08/21
0,99.9,15.315001,1011.7,0.0,3.92 05:04:15 09/08/21
0,99.9,15.360001,1011.68,0.0,3.92 05:09:28 09/08/21
0,99.9,15.360001,1011.7,0.0,3.92 05:14:44 09/08/21
0,99.9,15.315001,1011.66,0.0,3.92 05:20:00 09/08/21
0,99.9,15.365,1011.68,0.0,3.92 05:25:21 09/08/21
0,99.9,15.375,1011.71,0.01,3.92 05:30:35 09/08/21
0,99.9,15.375,1011.77,0.03,3.92 05:35:45 09/08/21
0,99.9,15.370001,1011.67,0.08,3.92 05:41:02 09/08/21
0,99.9,15.360001,1011.73,0.18,3.92 05:46:20 09/08/21
0,99.9,15.370001,1011.65,0.42,3.92 05:51:38 09/08/21
0,99.9,15.360001,1011.64,0.75,3.92 05:56:52 09/08/21
0,99.9,15.360001,1011.76,1.1,3.92 06:02:07 09/08/21
0,99.9,15.31,1011.81,1.47,3.92 06:07:20 09/08/21
0,99.9,15.365,1011.86,1.88,3.92 06:12:32 09/08/21
0,99.9,15.370001,1011.85,2.39,3.92 06:17:48 09/08/21
0,99.9,15.365,1011.81,2.73,3.92 06:23:03 09/08/21
0,99.9,15.370001,1011.78,3.17,3.92 06:28:17 09/08/21
1,99.9,15.375,1011.75,3.53,3.92 06:33:35 09/08/21
1,99.9,15.385,1011.79,3.76,3.92 06:38:53 09/08/21
1,99.9,15.385,1011.81,4.04,3.92 06:44:08 09/08/21
2,99.9,15.385,1011.8,4.01,3.92 06:49:22 09/08/21
3,99.9,15.4,1011.81,4.1,3.92 06:54:34 09/08/21
3,99.9,15.4,1011.71,4.22,3.92 06:59:50 09/08/21
6,99.9,15.405001,1011.74,4.04,3.92 07:05:05 09/08/21
4,99.9,15.465,1011.74,4.58,3.92 07:10:18 09/08/21
7,99.9,15.485001,1011.62,4.59,3.92 07:15:32 09/08/21
6,99.9,15.485001,1011.72,4.39,3.92 07:20:50 09/08/21
8,99.9,15.559999,1011.73,4.61,3.92 07:26:09 09/08/21
10,99.9,15.554999,1011.85,4.73,3.92 07:31:23 09/08/21
7,99.9,15.57,1011.91,4.98,3.92 07:36:37 09/08/21
9,99.9,15.58,1011.83,5.0,3.92 07:41:55 09/08/21
11,99.9,15.599999,1011.89,4.59,3.93 07:47:14 09/08/21
9,99.9,15.67,1011.93,4.96,3.92 07:52:27 09/08/21
14,99.9,15.74,1011.93,5.0,3.92 07:57:46 09/08/21
9,99.9,15.765,1011.97,4.92,3.92 08:03:05 09/08/21
10,99.9,15.775001,1012.04,4.02,3.92 08:08:20 09/08/21
13,99.9,15.79,1012.08,4.24,3.92 08:13:32 09/08/21
14,99.9,15.865,1012.01,4.69,3.92 08:18:48 09/08/21
14,99.9,15.960001,1012.1,5.0,3.92 08:24:07 09/08/21
15,99.9,16.06,1012.05,5.0,3.92 08:29:29 09/08/21
16,99.9,16.175,1012.08,5.0,3.92 08:34:51 09/08/21
25,99.9,16.285,1012.19,4.43,3.92 08:40:09 09/08/21
15,99.9,16.36,1012.24,5.0,3.92 08:45:28 09/08/21
16,99.9,16.460001,1012.23,5.0,3.92 08:50:49 09/08/21
14,99.9,16.55,1012.25,4.14,3.92 08:56:02 09/08/21
15,99.9,16.57,1012.21,4.78,3.92 09:01:21 09/08/21
21,99.9,16.65,1012.26,4.81,3.92 09:06:37 09/08/21
21,99.9,17.74,1012.17,4.46,3.91 09:26:28 09/08/21
19,99.9,17.745,1012.19,4.51,3.92 09:31:43 09/08/21
18,99.9,17.71,1012.13,5.0,3.92 09:36:56 09/08/21
16,99.9,17.744999,1012.13,4.49,3.92 09:42:10 09/08/21
26,99.9,17.83,1012.15,5.0,3.92 09:47:30 09/08/21
14,99.9,17.855,1012.18,5.0,3.92 09:52:49 09/08/21
27,99.9,17.845001,1012.17,4.59,3.92 09:58:04 09/08/21
29,99.9,17.845001,1012.21,5.0,3.92 10:03:17 09/08/21
15,99.9,17.855,1012.27,4.32,3.92 10:08:31 09/08/21
14,99.9,17.865002,1012.22,3.99,3.92 10:13:47 09/08/21
14,99.9,17.935,1012.23,5.0,3.92 10:19:00 09/08/21
23,99.9,18.01,1012.25,5.0,3.92 10:24:16 09/08/21
13,99.9,17.98,1012.32,4.07,3.92 10:29:29 09/08/21
30,99.9,17.985,1012.34,3.99,3.91 10:34:47 09/08/21
18,99.9,18.055,1012.43,4.34,3.92 10:40:00 09/08/21
19,99.9,18.125,1012.38,5.0,3.92 10:45:14 09/08/21
14,99.9,18.15,1012.29,4.06,3.92 10:50:28 09/08/21
19,99.9,18.154999,1012.27,5.0,3.92 10:55:47 09/08/21
27,99.9,18.165,1012.36,4.87,3.92 11:01:08 09/08/21
18,99.9,18.16,1012.29,5.0,3.92 11:06:19 09/08/21
21,99.9,18.26,1012.38,4.89,3.92 11:11:34 09/08/21
21,99.9,18.345001,1012.37,4.76,3.92 11:16:50 09/08/21
24,99.9,18.515,1012.37,5.0,3.92 11:22:11 09/08/21
28,99.9,18.73,1012.31,4.1,3.92 11:27:27 09/08/21
26,99.9,19.1,1012.33,5.0,3.92 11:32:41 09/08/21
25,99.9,19.474998,1012.48,5.0,3.92 11:37:57 09/08/21
22,99.9,19.515,1012.38,4.38,3.92 11:43:12 09/08/21
20,99.9,19.585,1012.39,5.0,3.92 11:48:26 09/08/21
19,99.9,19.555,1012.51,4.75,3.92 11:53:40 09/08/21
20,99.9,19.6,1012.44,5.0,3.92 11:58:57 09/08/21
21,99.9,19.625,1012.58,5.0,3.92 12:04:13 09/08/21
19,99.9,19.71,1012.54,5.0,3.92 12:09:28 09/08/21
16,99.9,19.825,1012.62,5.0,3.92 12:14:39 09/08/21
18,99.9,19.904999,1012.62,4.77,3.92 12:20:04 09/08/21
24,99.3,19.65,1012.69,5.0,3.92 12:25:20 09/08/21
21,99.0,19.439999,1012.81,5.0,3.92 12:30:37 09/08/21
14,99.8,19.26,1012.77,5.0,3.92 12:35:58 09/08/21
33,99.8,19.175,1012.83,5.0,3.92 12:41:17 09/08/21
22,99.9,19.23,1012.72,5.0,3.91 12:46:36 09/08/21
23,99.9,19.42,1012.65,4.49,3.92 12:51:50 09/08/21
24,99.9,19.765,1012.68,5.0,3.92 12:57:04 09/08/21
43,99.9,20.085,1012.71,4.97,3.92 13:02:18 09/08/21
20,99.9,20.21,1012.72,4.52,3.92 13:07:42 09/08/21
15,99.5,20.215,1012.73,5.0,3.92 13:12:57 09/08/21
14,99.2,20.125,1012.77,4.01,3.91 13:18:12 09/08/21
13,98.8,20.02,1012.85,5.0,3.92 13:23:27 09/08/21
21,99.5,19.915,1012.8,4.53,3.92 13:28:43 09/08/21
13,99.8,19.815,1012.82,4.88,3.92 13:33:56 09/08/21
17,99.5,19.755001,1012.67,5.0,3.92 13:39:10 09/08/21
12,99.8,19.825,1012.63,5.0,3.91 13:44:26 09/08/21
24,99.9,19.99,1012.61,4.3,3.92 13:49:41 09/08/21
14,99.9,20.27,1012.46,4.45,3.92 13:54:54 09/08/21
14,99.9,20.575,1012.55,5.0,3.92 14:00:09 09/08/21
16,97.8,20.59,1012.57,4.37,3.92 14:05:31 09/08/21
26,99.4,20.619999,1012.59,5.0,3.92 14:10:49 09/08/21
24,99.9,20.78,1012.62,4.42,3.92 14:16:03 09/08/21
27,99.9,20.96,1012.6,4.46,3.92 14:21:19 09/08/21
16,99.2,21.154999,1012.57,5.0,3.92 14:26:33 09/08/21
16,97.5,21.29,1012.6,5.0,3.92 14:31:49 09/08/21
23,96.9,21.220001,1012.56,4.37,3.92 14:37:08 09/08/21
21,97.1,21.06,1012.53,5.0,3.92 14:42:29 09/08/21
22,97.0,21.115,1012.48,5.0,3.91 14:47:42 09/08/21
17,97.1,21.105,1012.44,4.34,3.92 14:52:57 09/08/21
19,97.6,21.115,1012.41,5.0,3.91 14:58:14 09/08/21
14,97.2,21.095001,1012.43,5.0,3.92 15:03:29 09/08/21
7,96.5,20.925,1012.48,5.0,3.92 15:08:44 09/08/21
8,96.9,20.76,1012.55,3.99,3.92 15:13:59 09/08/21
8,96.8,20.630001,1012.43,4.6,3.92 15:19:14 09/08/21
7,97.7,20.529999,1012.53,3.93,3.91 15:24:28 09/08/21
4,97.4,20.435,1012.53,4.77,3.92 15:29:43 09/08/21
3,97.4,20.279999,1012.38,4.03,3.91 15:34:56 09/08/21
3,97.4,20.17,1012.37,3.99,3.92 15:40:12 09/08/21
17,97.5,20.055,1012.52,4.04,3.91 15:45:27 09/08/21
15,99.5,19.900002,1013.96,4.01,3.91 15:50:42 09/08/21
22,98.3,19.08,1013.45,4.19,3.91 15:55:56 09/08/21
42,98.1,18.42,1013.57,5.0,3.91 16:01:12 09/08/21
44,98.1,18.045,1013.53,5.0,3.92 16:06:26 09/08/21
40,98.8,17.895,1013.38,5.0,3.91 16:11:41 09/08/21
41,99.3,17.805,1013.2,4.61,3.91 16:16:57 09/08/21
41,99.4,17.875,1013.26,4.96,3.92 16:22:10 09/08/21
74,99.9,18.04,1013.16,4.97,3.92 16:27:24 09/08/21
67,99.9,18.52,1013.07,4.03,3.92 16:32:39 09/08/21
45,99.9,19.005001,1013.02,5.0,3.91 16:37:53 09/08/21
32,99.9,19.39,1013.01,5.0,3.92 16:43:08 09/08/21
23,99.9,19.740002,1013.01,4.55,3.92 16:48:24 09/08/21
26,99.9,19.99,1013.05,5.0,3.91 16:53:38 09/08/21
24,99.9,20.215,1013.05,5.0,3.91 16:58:53 09/08/21
23,99.9,20.25,1012.96,5.0,3.92 17:04:08 09/08/21
17,99.9,20.27,1012.96,4.65,3.92 17:09:21 09/08/21
26,99.9,20.26,1012.87,5.0,3.91 17:14:37 09/08/21
23,99.9,20.404999,1012.78,4.73,3.92 17:19:52 09/08/21
17,99.9,20.515,1012.74,4.07,3.92 17:25:06 09/08/21
22,99.9,20.61,1012.71,4.07,3.92 17:30:21 09/08/21
25,99.9,20.715,1012.68,5.0,3.92 17:35:37 09/08/21
22,99.9,20.765,1012.73,5.0,3.91 17:40:50 09/08/21
28,99.9,20.84,1012.74,5.0,3.92 17:46:07 09/08/21
32,99.9,20.865002,1012.74,5.0,3.91 17:51:22 09/08/21
21,99.9,20.95,1012.75,4.04,3.92 17:56:37 09/08/21
30,99.9,20.95,1012.72,4.81,3.92 18:01:52 09/08/21
33,99.9,20.96,1012.73,5.0,3.91 18:07:07 09/08/21
22,99.9,20.994999,1012.8,5.0,3.92 18:12:22 09/08/21
20,99.9,20.885,1012.73,5.0,3.92 18:17:37 09/08/21
22,99.9,20.865002,1012.76,5.0,3.92 18:22:52 09/08/21
29,99.9,20.785,1012.82,4.85,3.91 18:28:07 09/08/21
15,99.9,20.75,1012.91,5.0,3.92 18:33:20 09/08/21
16,99.9,20.58,1012.89,4.9,3.91 18:38:37 09/08/21
17,99.9,20.415,1012.92,4.57,3.91 18:43:52 09/08/21
15,99.9,20.400002,1012.83,5.0,3.91 18:49:07 09/08/21
15,99.9,20.39,1012.85,5.0,3.91 18:54:25 09/08/21
11,99.9,20.380001,1012.78,4.2,3.91 18:59:44 09/08/21
13,99.9,20.37,1012.69,4.68,3.91 19:04:58 09/08/21
16,99.9,20.355,1012.72,4.95,3.92 19:10:15 09/08/21
8,99.9,20.295,1012.79,4.15,3.91 19:15:30 09/08/21
8,99.9,20.27,1012.74,4.49,3.91 19:20:48 09/08/21
5,99.9,20.185001,1012.77,5.0,3.91 19:26:07 09/08/21
5,99.9,20.09,1012.83,4.06,3.91 19:31:21 09/08/21
9,99.9,19.994999,1012.78,5.0,3.91 19:36:38 09/08/21
9,99.9,19.98,1012.84,5.0,3.91 19:41:53 09/08/21
