2,99.9,20.825,1012.34,0.0,4.01 00:03:26 22/08/21
3,99.9,20.785,1012.43,0.0,4.01 00:08:41 22/08/21
2,99.9,20.695,1012.49,0.0,4.01 00:14:01 22/08/21
2,99.9,20.599998,1012.59,0.0,4.01 00:19:23 22/08/21
2,99.9,20.509998,1012.51,0.0,4.01 00:24:44 22/08/21
3,99.9,20.43,1012.53,0.0,4.01 00:29:59 22/08/21
2,99.9,20.405,1012.43,0.0,4.01 00:35:11 22/08/21
3,99.9,20.385,1012.44,0.0,4.01 00:40:28 22/08/21
3,99.9,20.380001,1012.49,0.0,4.01 00:45:43 22/08/21
3,99.9,20.375,1012.39,0.0,3.92 00:50:58 22/08/21
3,99.9,20.315,1012.28,0.0,4.01 00:56:12 22/08/21
3,99.9,20.37,1012.24,0.0,4.01 01:01:27 22/08/21
3,99.9,20.36,1012.25,0.0,4.01 01:06:42 22/08/21
3,99.9,20.32,1012.28,0.0,4.01 01:11:58 22/08/21
3,99.9,20.32,1012.26,0.0,4.01 01:17:15 22/08/21
3,99.9,20.32,1012.34,0.0,4.01 01:22:35 22/08/21
3,99.9,20.315,1012.36,0.0,4.01 01:27:50 22/08/21
3,99.9,20.305,1012.39,0.0,4.01 01:33:05 22/08/21
3,99.9,20.285,1012.31,0.0,4.01 01:38:21 22/08/21
3,99.9,20.215,1012.29,0.0,4.01 01:43:35 22/08/21
3,99.9,20.21,1012.22,0.0,4.01 01:48:50 22/08/21
3,99.9,20.2,1012.19,0.0,4.01 01:54:05 22/08/21
3,99.9,20.2,1012.16,0.0,4.01 01:59:23 22/08/21
3,99.9,20.2,1012.13,0.0,4.01 02:04:44 22/08/21
3,99.9,20.195,1012.18,0.0,4.01 02:09:58 22/08/21
3,99.9,20.14,1012.15,0.0,4.01 02:15:13 22/08/21
3,99.9,20.055,1012.1,0.0,4.01 02:20:31 22/08/21
4,99.9,20.035,1012.08,0.0,4.01 02:25:52 22/08/21
4,99.9,19.994999,1012.12,0.0,4.01 02:31:06 22/08/21
4,99.9,19.915,1012.1,0.0,4.01 02:36:21 22/08/21
3,99.9,19.885,1012.1,0.0,4.01 02:41:35 22/08/21
4,99.9,19.86,1012.1,0.0,4.01 02:46:50 22/08/21
4,99.9,19.79,1012.1,0.0,4.01 02:52:06 22/08/21
4,99.9,19.715,1012.1,0.0,4.01 02:57:20 22/08/21
4,99.9,19.705,1012.07,0.0,4.01 03:02:35 22/08/21
4,99.9,19.665,1012.02,0.01,4.01 03:07:49 22/08/21
4,99.9,19.52,1012.11,0.01,4.01 03:13:04 22/08/21
4,99.9,19.44,1012.14,0.0,4.01 03:18:19 22/08/21
4,99.9,19.335,1012.08,0.0,4.01 03:23:34 22/08/21
4,99.9,19.295,1012.16,0.0,4.01 03:28:47 22/08/21
4,99.9,19.220001,1012.22,0.0,4.01 03:34:02 22/08/21
4,99.9,19.189999,1012.21,0.0,4.01 03:39:18 22/08/21
4,99.9,19.125,1012.25,0.0,4.01 03:44:32 22/08/21
4,99.9,19.099998,1012.2,0.0,4.01 03:49:47 22/08/21
4,99.9,19.029999,1012.16,0.0,4.01 03:55:02 22/08/21
3,99.9,19.009998,1012.17,0.0,4.0 04:00:16 22/08/21
4,99.9,18.994999,1012.2,0.0,4.0 04:05:31 22/08/21
3,99.9,18.92,1012.21,0.0,4.01 04:10:46 22/08/21
3,99.9,18.905,1012.24,0.0,4.01 04:16:00 22/08/21
3,99.9,18.815,1012.16,0.0,4.01 04:21:16 22/08/21
3,99.9,18.775002,1012.21,0.0,4.0 04:26:30 22/08/21
3,99.9,18.675,1012.24,0.0,4.01 04:31:44 22/08/21
3,99.9,18.59,1012.26,0.0,4.01 04:36:59 22/08/21
3,99.9,18.5,1012.29,0.0,4.01 04:42:17 22/08/21
3,99.9,18.425,1012.26,0.0,4.01 04:47:37 22/08/21
3,99.9,18.405,1012.29,0.0,4.0 04:52:51 22/08/21
3,99.9,18.405,1012.31,0.0,4.01 04:58:06 22/08/21
3,99.9,18.405,1012.26,0.0,4.0 05:03:20 22/08/21
3,99.9,18.41,1012.29,0.0,4.01 05:08:35 22/08/21
3,99.9,18.400002,1012.27,0.0,4.0 05:13:50 22/08/21
3,99.9,18.385,1012.25,0.0,4.01 05:19:03 22/08/21
3,99.9,18.375,1012.26,0.0,4.01 05:24:19 22/08/21
2,99.9,18.315,1012.2,0.0,4.01 05:29:31 22/08/21
3,99.9,18.295,1012.2,0.0,4.01 05:34:46 22/08/21
3,99.9,18.295,1012.19,0.0,4.0 05:40:02 22/08/21
3,99.9,18.29,1012.25,0.0,4.01 05:45:20 22/08/21
3,99.9,18.24,1012.23,0.0,4.0 05:50:40 22/08/21
3,99.9,18.279999,1012.26,0.01,4.0 05:55:53 22/08/21
3,99.9,18.279999,1012.31,0.03,4.0 06:01:10 22/08/21
3,99.9,18.29,1012.3,0.07,4.0 06:06:24 22/08/21
3,99.9,18.285,1012.26,0.25,4.0 06:11:37 22/08/21
3,99.9,18.279999,1012.31,0.46,4.0 06:16:57 22/08/21
4,99.9,18.285,1012.37,1.27,4.0 06:22:16 22/08/21
4,99.9,18.29,1012.29,2.0,4.0 06:27:30 22/08/21
5,99.9,18.244999,1012.3,2.9,4.0 06:32:45 22/08/21
6,99.9,18.279999,1012.35,3.47,4.0 06:37:59 22/08/21
7,99.9,18.27,1012.33,4.01,4.0 06:43:15 22/08/21
10,99.9,18.21,1012.3,4.12,4.0 06:48:32 22/08/21
11,99.9,18.2,1012.35,4.12,4.01 06:53:52 22/08/21
10,99.9,18.185001,1012.39,4.09,4.0 06:59:06 22/08/21
12,99.9,18.119999,1012.37,4.16,3.98 07:04:21 22/08/21
14,99.9,18.105,1012.41,4.07,4.0 07:09:35 22/08/21
14,99.9,18.099998,1012.37,4.08,4.0 07:14:52 22/08/21
16,99.9,18.099998,1012.34,4.13,4.0 07:20:04 22/08/21
19,99.9,18.16,1012.38,4.08,4.0 07:25:19 22/08/21
16,99.9,18.175,1012.37,4.07,4.0 07:30:33 22/08/21
16,99.9,18.189999,1012.36,4.1,4.0 07:35:46 22/08/21
19,99.9,18.195,1012.31,4.09,4.0 07:41:02 22/08/21
19,99.9,18.26,1012.32,4.09,4.0 07:46:17 22/08/21
21,99.9,18.275002,1012.38,4.13,4.0 07:51:30 22/08/21
24,99.9,18.29,1012.44,4.12,4.0 07:56:47 22/08/21
24,99.9,18.29,1012.36,4.06,4.0 08:02:04 22/08/21
30,99.9,18.305,1012.43,4.12,4.0 08:07:24 22/08/21
17,99.9,18.33,1012.43,4.12,4.0 08:12:38 22/08/21
15,99.9,18.405,1012.49,4.14,4.0 08:17:53 22/08/21
16,99.9,18.505,1012.51,4.07,4.0 08:23:07 22/08/21
15,99.9,18.59,1012.52,4.1,4.0 08:28:21 22/08/21
13,99.9,18.61,1012.64,4.14,4.0 08:33:40 22/08/21
13,99.9,18.625,1012.73,4.07,4.0 08:39:05 22/08/21
14,99.9,18.625,1012.74,4.1,4.0 08:44:28 22/08/21
12,99.9,18.625,1012.83,4.11,4.0 08:49:51 22/08/21
11,99.9,18.615,1012.93,4.07,4.0 08:55:09 22/08/21
9,99.9,18.545,1012.96,4.06,4.0 09:00:22 22/08/21
11,99.9,18.52,1012.92,4.13,4.0 09:05:37 22/08/21
10,99.9,18.52,1013.0,4.07,4.0 09:10:53 22/08/21
15,99.9,18.52,1012.98,4.14,4.0 09:16:08 22/08/21
14,99.9,18.59,1013.05,4.09,4.0 09:21:23 22/08/21
13,99.9,18.605,1013.04,4.1,4.0 09:26:37 22/08/21
12,99.9,18.625,1013.08,4.12,4.0 09:31:51 22/08/21
13,99.9,18.695,1013.07,4.07,4.0 09:37:07 22/08/21
11,99.9,18.71,1013.12,4.13,4.0 09:42:20 22/08/21
11,99.9,18.705,1013.09,4.08,4.0 09:47:36 22/08/21
13,99.9,18.79,1013.07,4.1,4.0 09:52:50 22/08/21
24,99.9,18.805,1013.05,4.59,4.0 09:58:03 22/08/21
19,99.9,18.994999,1013.1,4.61,4.0 10:03:20 22/08/21
16,99.9,19.18,1013.18,4.21,4.0 10:08:34 22/08/21
16,99.9,19.285,1013.18,4.68,4.0 10:13:47 22/08/21
14,99.9,19.310001,1013.19,4.58,4.0 10:19:01 22/08/21
13,99.9,19.23,1013.17,4.46,4.0 10:24:18 22/08/21
12,99.9,19.220001,1013.14,4.53,4.0 10:29:32 22/08/21
16,99.9,19.2,1013.08,4.55,4.0 10:34:47 22/08/21
13,99.9,19.21,1013.14,4.32,4.0 10:40:02 22/08/21
18,99.9,19.215,1013.1,4.82,4.0 10:45:17 22/08/21
21,99.9,19.395,1013.05,4.37,4.0 10:50:31 22/08/21
9,99.9,19.575,1013.04,4.42,4.0 10:55:46 22/08/21
12,99.9,19.654999,1013.05,4.57,4.0 11:01:01 22/08/21
9,99.9,19.435001,1013.09,4.44,4.0 11:06:16 22/08/21
12,99.9,19.41,1013.04,4.33,4.0 11:11:30 22/08/21
14,99.9,19.310001,1013.08,4.58,4.0 11:16:45 22/08/21
19,99.9,19.32,1013.02,4.77,4.0 11:22:00 22/08/21
18,99.9,19.46,1013.01,4.73,4.0 11:27:18 22/08/21
18,99.9,19.635,1013.08,4.75,4.0 11:32:38 22/08/21
17,99.9,19.755001,1013.11,4.55,4.0 11:37:53 22/08/21
11,99.9,19.8,1013.09,4.2,4.0 11:43:07 22/08/21
9,99.9,19.865002,1013.14,4.11,4.0 11:48:20 22/08/21
17,99.9,19.795,1013.19,4.39,4.0 11:53:38 22/08/21
16,99.9,19.785,1013.19,4.45,4.0 11:58:52 22/08/21
14,99.9,19.689999,1013.22,4.3,4.0 12:04:07 22/08/21
14,99.9,19.68,1013.31,4.45,4.0 12:09:21 22/08/21
19,99.9,19.744999,1013.29,4.6,4.0 12:14:36 22/08/21
14,99.9,19.85,1013.29,4.48,4.0 12:19:51 22/08/21
9,99.9,19.865002,1013.42,4.3,4.0 12:25:06 22/08/21
10,99.9,19.73,1013.43,4.44,4.0 12:30:24 22/08/21
9,99.9,19.630001,1013.46,4.32,4.0 12:35:44 22/08/21
9,99.9,19.45,1013.39,4.23,4.0 12:40:59 22/08/21
17,99.9,19.415,1013.44,4.14,4.0 12:46:13 22/08/21
27,99.9,19.33,1013.38,4.37,4.0 12:51:28 22/08/21
25,99.9,19.235,1013.31,4.37,4.0 12:56:43 22/08/21
25,99.9,19.275002,1013.16,4.6,4.0 13:02:01 22/08/21
25,99.9,19.375,1013.2,4.24,4.0 13:07:21 22/08/21
29,99.9,19.54,1013.21,4.8,4.0 13:12:36 22/08/21
24,99.9,19.84,1013.14,4.61,4.0 13:17:50 22/08/21
19,99.9,20.2,1013.28,4.11,4.0 13:23:06 22/08/21
17,99.9,20.435,1013.16,4.13,4.0 13:28:21 22/08/21
22,99.9,20.795,1013.1,4.11,4.0 13:33:35 22/08/21
14,99.9,21.005001,1013.06,4.1,4.0 13:38:50 22/08/21
17,99.9,21.05,1013.06,4.09,4.0 13:44:05 22/08/21
19,99.9,21.21,1013.04,4.06,4.0 13:49:18 22/08/21
21,99.9,21.465,1013.05,4.1,4.0 13:54:35 22/08/21
18,99.9,21.685001,1013.12,4.11,4.0 13:59:51 22/08/21
18,99.9,21.54,1013.01,4.09,4.0 14:05:05 22/08/21
13,99.9,21.48,1012.99,4.11,4.0 14:10:20 22/08/21
9,99.9,21.465,1013.0,4.06,4.0 14:15:35 22/08/21
14,99.9,21.365002,1013.08,4.08,4.0 14:20:50 22/08/21
13,99.9,21.255001,1013.1,4.13,4.0 14:26:05 22/08/21
18,99.9,21.165,1013.0,4.07,4.0 14:31:20 22/08/21
14,99.9,21.244999,1013.0,4.11,4.0 14:36:35 22/08/21
20,99.9,21.265,1012.99,4.07,4.0 14:41:50 22/08/21
15,99.9,21.435,1013.12,4.12,4.0 14:47:06 22/08/21
15,99.9,21.439999,1013.13,4.11,4.0 14:52:20 22/08/21
13,99.9,21.37,1013.18,4.05,4.0 14:57:36 22/08/21
17,99.9,21.27,1013.19,4.08,4.0 15:02:51 22/08/21
17,99.9,21.315,1013.19,4.09,4.0 15:08:06 22/08/21
15,99.9,21.58,1013.16,4.12,4.0 15:13:21 22/08/21
15,99.9,21.64,1013.28,4.09,4.0 15:18:36 22/08/21
12,99.9,21.630001,1013.38,4.08,4.0 15:23:51 22/08/21
19,99.9,21.545,1013.35,4.07,4.0 15:29:07 22/08/21
19,99.9,21.39,1013.48,4.12,4.0 15:34:22 22/08/21
14,99.9,21.275002,1013.28,4.05,4.0 15:39:34 22/08/21
9,99.9,21.244999,1013.39,4.13,4.0 15:44:51 22/08/21
8,99.9,21.095001,1013.46,4.06,4.0 15:50:06 22/08/21
7,99.9,20.98,1013.44,4.12,4.0 15:55:21 22/08/21
7,99.9,20.79,1013.58,4.11,4.0 16:00:36 22/08/21
26,99.9,20.68,1013.63,4.08,4.0 16:05:52 22/08/21
25,99.9,20.575,1013.7,4.06,4.0 16:11:07 22/08/21
20,99.9,20.564999,1013.72,4.13,4.0 16:16:22 22/08/21
21,99.9,20.505,1013.69,4.13,4.0 16:21:36 22/08/21
19,99.9,20.48,1013.62,4.11,4.0 16:26:51 22/08/21
14,99.9,20.58,1013.69,4.11,4.0 16:32:06 22/08/21
17,99.9,20.689999,1013.75,4.1,4.0 16:37:25 22/08/21
15,99.9,20.779999,1013.78,4.12,4.0 16:42:44 22/08/21
9,99.9,20.87,1013.82,4.06,4.0 16:47:59 22/08/21
17,99.9,20.880001,1013.86,4.11,4.0 16:53:14 22/08/21
16,99.9,21.04,1013.9,4.12,4.0 16:58:30 22/08/21
8,99.9,21.08,1013.91,4.06,4.0 17:03:45 22/08/21
9,99.9,21.075,1013.92,4.08,4.0 17:09:00 22/08/21
10,99.9,20.994999,1013.94,4.07,4.0 17:14:15 22/08/21
27,99.9,20.89,1013.93,4.09,4.0 17:19:28 22/08/21
30,99.9,20.8,1013.98,4.09,4.0 17:24:45 22/08/21
19,99.9,20.77,1013.95,4.07,4.0 17:29:59 22/08/21
15,99.9,20.77,1013.92,4.12,4.0 17:35:14 22/08/21
14,99.9,20.7,1014.0,4.05,4.0 17:40:29 22/08/21
7,99.9,20.615,1013.99,4.07,3.99 17:45:44 22/08/21
2,99.9,20.585,1013.99,4.07,4.0 17:50:59 22/08/21
17,99.9,20.5,1014.18,4.07,3.99 17:56:14 22/08/21
18,99.9,20.24,1014.26,4.12,3.99 18:01:32 22/08/21
26,99.9,20.130001,1014.2,4.12,4.0 18:06:52 22/08/21
26,99.9,20.035,1014.24,4.1,4.0 18:12:07 22/08/21
27,99.9,20.015,1014.26,4.07,4.0 18:17:22 22/08/21
30,99.9,20.005,1014.18,4.05,4.0 18:22:37 22/08/21
31,99.9,20.06,1014.17,4.1,3.99 18:27:51 22/08/21
31,99.9,20.02,1014.2,4.1,4.0 18:33:06 22/08/21
38,99.9,20.075,1014.24,4.13,3.99 18:38:22 22/08/21
36,99.9,20.16,1014.25,4.1,3.99 18:43:36 22/08/21
35,99.9,20.25,1014.25,4.07,3.99 18:48:51 22/08/21
25,99.9,20.375,1014.28,4.11,4.0 18:54:09 22/08/21
19,99.9,20.535,1014.31,4.06,3.99 18:59:28 22/08/21
10,99.9,20.564999,1014.36,4.1,4.0 19:04:44 22/08/21
16,99.9,20.515,1014.36,4.11,3.99 19:09:59 22/08/21
14,99.9,20.5,1014.4,4.13,3.99 19:15:14 22/08/21
12,99.9,20.42,1014.49,4.09,3.99 19:20:32 22/08/21
14,99.9,20.395,1014.59,4.08,3.99 19:25:53 22/08/21
12,99.9,20.310001,1014.6,4.08,3.99 19:31:07 22/08/21
12,99.9,20.220001,1014.57,4.06,3.99 19:36:22 22/08/21
6,99.9,20.185001,1014.62,4.11,3.99 19:41:40 22/08/21
6,99.9,20.095001,1014.64,4.09,4.0 19:47:00 22/08/21
5,99.9,19.98,1014.6,4.1,3.99 19:52:13 22/08/21
6,99.9,19.82,1014.69,4.11,3.99 19:57:33 22/08/21
4,99.9,19.725,1014.74,4.08,3.99 20:02:53 22/08/21
2,99.9,19.675,1014.8,3.84,3.99 20:08:06 22/08/21
0,99.9,19.585,1014.89,3.07,3.99 20:13:21 22/08/21
8,99.9,19.509998,1014.88,3.03,3.99 20:18:41 22/08/21
8,99.9,19.435001,1014.94,3.11,3.99 20:24:00 22/08/21
8,99.9,19.35,1015.03,3.13,3.99 20:29:15 22/08/21
10,99.9,19.25,1015.11,3.61,3.99 20:34:30 22/08/21
9,99.9,19.21,1015.21,3.24,3.99 20:39:45 22/08/21
8,99.9,19.105,1015.29,2.76,3.99 20:44:59 22/08/21
7,99.9,19.02,1015.37,2.47,3.99 20:50:15 22/08/21
6,99.9,18.93,1015.45,1.87,3.99 20:55:33 22/08/21
5,99.9,18.900002,1015.53,1.32,3.99 21:00:52 22/08/21
5,99.9,18.825,1015.57,1.11,3.99 21:06:06 22/08/21
4,99.9,18.8,1015.61,0.62,3.99 21:11:21 22/08/21
4,99.9,18.725,1015.61,0.3,3.99 21:16:36 22/08/21
4,99.9,18.695,1015.71,0.11,3.99 21:21:49 22/08/21
4,99.9,18.605,1015.75,0.04,3.99 21:27:06 22/08/21
4,99.9,18.59,1015.83,0.01,3.99 21:32:19 22/08/21
4,99.9,18.529999,1015.86,0.0,3.99 21:37:34 22/08/21
3,99.9,18.509998,1015.93,0.0,3.99 21:42:49 22/08/21
3,99.9,18.44,1016.03,0.0,3.99 21:48:02 22/08/21
3,99.9,18.405,1016.05,0.0,3.99 21:53:18 22/08/21
3,99.9,18.385,1016.08,0.0,3.99 21:58:32 22/08/21
2,99.9,18.315,1016.13,0.0,3.99 22:03:48 22/08/21
0,99.9,18.315,1016.15,0.0,3.99 22:09:06 22/08/21
0,99.9,18.315,1016.15,0.0,3.99 22:14:25 22/08/21
0,99.9,18.305,1016.18,0.0,3.99 22:19:39 22/08/21
0,99.9,18.305,1016.21,0.0,3.99 22:24:52 22/08/21
0,99.9,18.315,1016.2,0.0,3.99 22:30:08 22/08/21
0,99.9,18.310001,1016.21,0.0,3.99 22:35:23 22/08/21
0,99.9,18.305,1016.16,0.0,3.99 22:40:39 22/08/21
0,99.9,18.32,1016.18,0.0,3.99 22:45:53 22/08/21
1,99.9,18.32,1016.24,0.0,3.99 22:51:08 22/08/21
0,99.9,18.380001,1016.27,0.0,3.99 22:56:21 22/08/21
0,99.9,18.34,1016.23,0.0,3.99 23:01:36 22/08/21
2,99.9,18.335,1016.24,0.0,3.99 23:06:50 22/08/21
2,99.9,18.34,1016.22,0.0,3.99 23:12:05 22/08/21
1,99.9,18.375,1016.21,0.0,3.99 23:17:19 22/08/21
2,99.9,18.375,1016.19,0.0,3.99 23:22:34 22/08/21
0,99.9,18.385,1016.2,0.0,3.98 23:27:48 22/08/21
1,99.9,18.39,1016.22,0.0,3.99 23:33:04 22/08/21
1,99.9,18.395,1016.14,0.0,3.99 23:38:21 22/08/21
1,99.9,18.395,1016.15,0.0,3.99 23:43:41 22/08/21
0,99.9,18.405,1016.17,0.0,3.99 23:48:55 22/08/21
1,99.9,18.405,1016.17,0.0,3.99 23:54:10 22/08/21
1,99.9,18.42,1016.27,0.0,3.99 23:59:24 22/08/21
