1,99.9,18.43,1016.28,0.0,3.99 00:04:39 23/08/21
1,99.9,18.48,1016.28,0.0,3.99 00:09:53 23/08/21
1,99.9,18.485,1016.28,0.0,3.99 00:15:09 23/08/21
1,99.9,18.48,1016.26,0.0,3.99 00:20:26 23/08/21
1,99.9,18.49,1016.21,0.0,3.99 00:25:44 23/08/21
2,99.9,18.485,1016.27,0.0,3.99 00:31:00 23/08/21
2,99.9,18.485,1016.21,0.0,3.99 00:36:15 23/08/21
1,99.9,18.49,1016.24,0.0,3.99 00:41:29 23/08/21
2,99.9,18.494999,1016.23,0.0,3.99 00:46:45 23/08/21
1,99.9,18.494999,1016.2,0.0,3.99 00:52:02 23/08/21
1,99.9,18.505,1016.22,0.0,3.99 00:57:20 23/08/21
2,99.9,18.505,1016.28,0.0,3.98 01:02:36 23/08/21
2,99.9,18.5,1016.28,0.0,3.99 01:07:51 23/08/21
2,99.9,18.505,1016.33,0.0,3.99 01:13:05 23/08/21
3,99.9,18.45,1016.37,0.0,3.99 01:18:20 23/08/21
2,99.9,18.49,1016.28,0.0,3.99 01:23:34 23/08/21
3,99.9,18.43,1016.25,0.0,3.99 01:28:50 23/08/21
1,99.9,18.415,1016.25,0.0,3.98 01:34:04 23/08/21
3,99.9,18.425,1016.28,0.0,3.98 01:39:18 23/08/21
3,99.9,18.425,1016.37,0.0,3.99 01:44:31 23/08/21
3,99.9,18.39,1016.26,0.0,3.99 01:49:46 23/08/21
3,99.9,18.395,1016.29,0.0,3.99 01:55:02 23/08/21
3,99.9,18.385,1016.34,0.0,3.99 02:00:17 23/08/21
3,99.9,18.39,1016.38,0.0,3.99 02:05:30 23/08/21
4,99.9,18.385,1016.33,0.0,3.99 02:10:45 23/08/21
5,99.9,18.365002,1016.35,0.0,3.98 02:16:03 23/08/21
3,99.9,18.32,1016.39,0.0,3.98 02:21:19 23/08/21
4,99.9,18.315,1016.34,0.0,3.99 02:26:38 23/08/21
3,99.9,18.310001,1016.36,0.0,3.99 02:31:51 23/08/21
2,99.9,18.295,1016.41,0.0,3.99 02:37:05 23/08/21
2,99.9,18.29,1016.49,0.0,3.99 02:42:20 23/08/21
2,99.9,18.225,1016.53,0.0,3.99 02:47:40 23/08/21
2,99.9,18.220001,1016.49,0.0,3.98 02:52:58 23/08/21
2,99.9,18.215,1016.46,0.0,3.98 02:58:13 23/08/21
3,99.9,18.205,1016.42,0.0,3.99 03:03:29 23/08/21
3,99.9,18.195,1016.38,0.0,3.98 03:08:47 23/08/21
3,99.9,18.185001,1016.37,0.0,3.98 03:14:06 23/08/21
2,99.9,18.18,1016.33,0.0,3.98 03:19:20 23/08/21
1,99.9,18.17,1016.38,0.0,3.98 03:24:35 23/08/21
1,99.9,18.11,1016.36,0.0,3.98 03:29:49 23/08/21
0,99.9,18.11,1016.41,0.0,3.98 03:35:04 23/08/21
1,99.9,18.099998,1016.4,0.0,3.98 03:40:18 23/08/21
1,99.9,18.105,1016.51,0.0,3.98 03:45:33 23/08/21
1,99.9,18.09,1016.44,0.0,3.98 03:50:47 23/08/21
1,99.9,18.09,1016.48,0.0,3.99 03:56:00 23/08/21
1,99.9,18.095001,1016.51,0.0,3.99 04:01:14 23/08/21
1,99.9,18.095001,1016.51,0.01,3.98 04:06:31 23/08/21
1,99.9,18.099998,1016.51,0.0,3.98 04:11:45 23/08/21
2,99.9,18.095001,1016.5,0.0,3.98 04:17:00 23/08/21
1,99.9,18.09,1016.57,0.0,3.98 04:22:14 23/08/21
2,99.9,18.085,1016.58,0.0,3.98 04:27:29 23/08/21
1,99.9,18.085,1016.63,0.0,3.98 04:32:42 23/08/21
1,99.9,18.09,1016.63,0.0,3.98 04:37:58 23/08/21
1,99.9,18.05,1016.65,0.0,3.98 04:43:11 23/08/21
1,99.9,18.095001,1016.67,0.0,3.98 04:48:36 23/08/21
1,99.9,18.099998,1016.67,0.0,3.98 04:53:50 23/08/21
1,99.9,18.09,1016.57,0.0,3.98 04:59:05 23/08/21
0,99.9,18.08,1016.64,0.0,3.98 05:04:20 23/08/21
0,99.9,18.085,1016.67,0.0,3.98 05:09:34 23/08/21
0,99.9,18.08,1016.65,0.0,3.98 05:14:47 23/08/21
0,99.9,18.085,1016.73,0.0,3.98 05:20:03 23/08/21
1,99.9,18.08,1016.72,0.0,3.98 05:25:18 23/08/21
0,99.9,18.085,1016.67,0.0,3.98 05:30:32 23/08/21
1,99.9,18.09,1016.75,0.0,3.98 05:35:47 23/08/21
0,99.9,18.105,1016.88,0.0,3.98 05:41:00 23/08/21
1,99.9,18.16,1016.96,0.0,3.98 05:46:16 23/08/21
1,99.9,18.11,1017.03,0.0,3.98 05:51:29 23/08/21
1,99.9,18.11,1017.07,0.0,3.98 05:56:45 23/08/21
1,99.9,18.175,1017.15,0.01,3.98 06:01:58 23/08/21
1,99.9,18.175,1017.24,0.03,3.98 06:07:14 23/08/21
0,99.9,18.17,1017.32,0.09,3.98 06:12:31 23/08/21
0,99.9,18.175,1017.36,0.19,3.98 06:17:51 23/08/21
1,99.9,18.165,1017.48,0.38,3.98 06:23:03 23/08/21
1,99.9,18.11,1017.59,0.94,3.98 06:28:20 23/08/21
1,99.9,18.11,1017.72,1.31,3.98 06:33:35 23/08/21
2,99.9,18.105,1017.75,2.12,3.98 06:38:47 23/08/21
3,99.9,18.099998,1017.86,3.04,3.98 06:44:03 23/08/21
5,99.9,18.09,1017.96,3.82,3.98 06:49:19 23/08/21
6,99.9,18.095001,1017.99,4.11,3.98 06:54:32 23/08/21
5,99.9,18.085,1018.11,4.04,3.98 06:59:45 23/08/21
7,99.9,18.08,1018.18,4.1,3.98 07:05:01 23/08/21
8,99.9,18.085,1018.22,4.07,3.98 07:10:14 23/08/21
8,99.9,18.025,1018.31,4.12,3.98 07:15:30 23/08/21
14,99.9,18.08,1018.42,4.1,3.98 07:20:45 23/08/21
15,99.9,18.08,1018.49,4.09,3.98 07:25:59 23/08/21
18,99.9,18.08,1018.57,4.12,3.98 07:31:14 23/08/21
19,99.9,18.015,1018.57,4.11,3.98 07:36:28 23/08/21
19,99.9,18.005,1018.63,4.09,3.98 07:41:43 23/08/21
23,99.9,17.99,1018.68,4.09,3.98 07:47:00 23/08/21
24,99.9,17.994999,1018.83,4.08,3.98 07:52:20 23/08/21
23,99.9,18.009998,1018.86,4.09,3.98 07:57:33 23/08/21
27,99.9,18.009998,1018.88,4.1,3.98 08:02:48 23/08/21
27,99.9,18.009998,1018.97,4.11,3.98 08:08:04 23/08/21
27,99.9,18.07,1019.05,4.1,3.98 08:13:18 23/08/21
30,99.9,18.09,1019.08,4.11,3.98 08:18:33 23/08/21
36,99.9,18.17,1019.15,4.1,3.98 08:23:46 23/08/21
34,99.9,18.195,1019.18,4.05,3.98 08:29:00 23/08/21
35,99.9,18.285,1019.25,4.06,3.98 08:34:15 23/08/21
38,99.9,18.36,1019.3,4.07,3.98 08:39:30 23/08/21
32,99.9,18.385,1019.4,4.11,3.98 08:44:45 23/08/21
32,99.9,18.48,1019.36,4.11,3.98 08:50:01 23/08/21
30,99.9,18.56,1019.43,4.05,3.98 08:55:15 23/08/21
20,99.9,18.575,1019.43,4.09,3.98 09:00:29 23/08/21
19,99.9,18.57,1019.5,4.1,3.98 09:05:44 23/08/21
21,99.9,18.555,1019.61,4.12,3.98 09:10:57 23/08/21
19,99.9,18.49,1019.63,4.07,3.98 09:16:13 23/08/21
22,99.9,18.400002,1019.62,4.11,3.98 09:21:27 23/08/21
20,99.9,18.34,1019.71,4.07,3.98 09:26:43 23/08/21
24,99.9,18.305,1019.74,4.09,3.98 09:32:00 23/08/21
20,99.9,18.29,1019.79,4.06,3.98 09:37:20 23/08/21
22,99.9,18.225,1019.95,4.04,3.98 09:42:34 23/08/21
24,99.9,18.2,1019.99,4.04,3.98 09:47:47 23/08/21
26,99.9,18.18,1020.02,4.05,3.98 09:53:03 23/08/21
22,99.9,18.115,1020.09,4.11,3.98 09:58:18 23/08/21
22,99.9,18.105,1020.15,4.04,3.98 10:03:32 23/08/21
29,99.9,18.095001,1020.19,4.07,3.98 10:08:51 23/08/21
31,99.9,18.09,1020.3,4.05,3.98 10:14:10 23/08/21
32,99.9,18.105,1020.36,4.06,3.98 10:19:24 23/08/21
34,99.9,18.105,1020.38,4.05,3.98 10:24:39 23/08/21
32,99.9,18.18,1020.48,4.06,3.98 10:29:53 23/08/21
36,99.9,18.2,1020.52,4.08,3.98 10:35:08 23/08/21
40,99.9,18.21,1020.56,4.11,3.98 10:40:22 23/08/21
47,99.9,18.279999,1020.51,4.1,3.98 10:45:37 23/08/21
43,99.9,18.375,1020.58,4.06,3.98 10:50:52 23/08/21
50,99.9,18.55,1020.74,4.1,3.98 10:56:07 23/08/21
38,99.9,18.654999,1020.77,4.06,3.98 11:01:21 23/08/21
45,99.9,18.689999,1020.82,4.1,3.97 11:06:35 23/08/21
37,99.9,18.689999,1020.86,4.09,3.98 11:11:50 23/08/21
40,99.9,18.695,1020.86,4.05,3.98 11:17:04 23/08/21
33,99.9,18.68,1020.93,4.11,3.97 11:22:20 23/08/21
39,99.9,18.619999,1020.94,4.11,3.98 11:27:34 23/08/21
42,99.9,18.615,1021.0,4.04,3.98 11:32:47 23/08/21
47,99.9,18.675,1021.07,4.04,3.98 11:38:03 23/08/21
37,99.9,18.695,1021.08,4.1,3.98 11:43:17 23/08/21
35,99.9,18.779999,1021.12,4.05,3.98 11:48:33 23/08/21
22,99.9,18.785,1021.18,4.04,3.98 11:53:47 23/08/21
38,99.9,18.779999,1021.21,4.07,3.98 11:59:01 23/08/21
32,99.9,18.785,1021.13,4.05,3.98 12:04:17 23/08/21
27,99.9,18.875,1021.19,4.11,3.98 12:09:35 23/08/21
21,99.9,18.965,1021.2,4.06,3.98 12:14:55 23/08/21
16,99.9,19.055,1021.16,4.05,3.97 12:20:08 23/08/21
18,99.9,19.105,1021.25,4.11,3.98 12:25:27 23/08/21
15,99.9,19.189999,1021.25,4.03,3.98 12:30:46 23/08/21
14,99.9,19.18,1021.28,4.05,3.97 12:36:02 23/08/21
17,99.9,19.18,1021.32,4.1,3.97 12:41:14 23/08/21
21,99.9,19.189999,1021.33,4.08,3.98 12:46:30 23/08/21
21,99.9,19.36,1021.29,4.06,3.98 12:51:44 23/08/21
16,99.9,19.529999,1021.27,4.09,3.98 12:57:00 23/08/21
16,99.9,19.564999,1021.25,4.04,3.98 13:02:14 23/08/21
15,99.9,19.654999,1021.23,4.09,3.97 13:07:27 23/08/21
15,99.9,19.744999,1021.23,4.08,3.98 13:12:45 23/08/21
14,99.9,19.775002,1021.32,4.09,3.98 13:17:59 23/08/21
15,99.9,19.785,1021.32,4.08,3.98 13:23:16 23/08/21
15,99.9,19.795,1021.32,4.09,3.98 13:28:27 23/08/21
14,99.9,19.79,1021.31,4.04,3.98 13:33:41 23/08/21
12,99.9,19.785,1021.31,4.06,3.98 13:38:58 23/08/21
13,99.9,19.705,1021.4,4.09,3.98 13:44:13 23/08/21
13,99.9,19.68,1021.36,4.1,3.98 13:49:26 23/08/21
15,99.9,19.665,1021.35,4.03,3.97 13:54:42 23/08/21
8,99.9,19.68,1021.38,4.04,3.97 14:00:02 23/08/21
10,99.9,19.68,1021.48,4.09,3.97 14:05:18 23/08/21
14,99.9,19.615,1021.44,4.06,3.97 14:10:34 23/08/21
14,99.9,19.65,1021.5,4.07,3.97 14:15:48 23/08/21
11,99.9,19.685001,1021.5,4.07,3.97 14:21:05 23/08/21
14,99.9,19.755001,1021.5,4.04,3.98 14:26:17 23/08/21
15,99.9,19.765,1021.5,4.09,3.97 14:31:33 23/08/21
16,99.9,19.785,1021.55,4.1,3.97 14:36:49 23/08/21
16,99.9,19.865002,1021.56,4.04,3.97 14:42:08 23/08/21
19,99.9,19.955,1021.5,4.06,3.97 14:47:32 23/08/21
18,99.9,20.08,1021.46,4.11,3.98 14:52:50 23/08/21
19,99.9,20.24,1021.45,4.09,3.97 14:58:06 23/08/21
23,99.9,20.42,1021.48,4.11,3.97 15:03:25 23/08/21
21,99.9,20.71,1021.46,4.03,3.97 15:08:43 23/08/21
12,99.9,20.985,1021.45,4.07,3.97 15:13:58 23/08/21
22,99.9,21.035,1021.47,4.09,3.97 15:19:13 23/08/21
15,99.9,21.145,1021.5,4.06,3.97 15:24:26 23/08/21
19,99.9,21.23,1021.49,4.07,3.97 15:29:46 23/08/21
15,99.9,21.384998,1021.5,4.03,3.97 15:34:58 23/08/21
16,99.9,21.36,1021.48,4.11,3.97 15:40:13 23/08/21
10,99.9,21.41,1021.49,4.1,3.97 15:45:30 23/08/21
10,99.9,21.285,1021.57,4.04,3.97 15:50:47 23/08/21
11,99.9,21.17,1021.54,4.1,3.97 15:56:08 23/08/21
11,99.9,21.075,1021.57,4.06,3.97 16:01:21 23/08/21
14,99.9,20.985,1021.48,4.03,3.97 16:06:36 23/08/21
13,99.9,20.965,1021.55,4.04,3.98 16:11:53 23/08/21
14,99.9,21.015,1021.52,4.11,3.97 16:17:08 23/08/21
14,99.9,20.965,1021.53,4.1,3.97 16:22:25 23/08/21
9,99.9,20.905,1021.57,4.11,3.97 16:27:46 23/08/21
12,99.9,20.880001,1021.51,4.09,3.97 16:33:00 23/08/21
14,99.9,20.875,1021.48,4.07,3.97 16:38:15 23/08/21
18,99.9,20.955,1021.58,4.07,3.97 16:43:30 23/08/21
15,99.9,21.05,1021.54,4.09,3.97 16:48:46 23/08/21
15,99.9,21.130001,1021.61,4.08,3.97 16:54:00 23/08/21
14,99.9,21.145,1021.63,4.05,3.97 16:59:15 23/08/21
13,99.9,21.215,1021.66,4.1,3.97 17:04:33 23/08/21
12,99.9,21.185001,1021.64,4.07,3.97 17:09:45 23/08/21
11,99.9,21.235,1021.69,4.04,3.97 17:15:00 23/08/21
11,99.9,21.23,1021.67,4.06,3.97 17:20:15 23/08/21
10,99.9,21.17,1021.71,4.07,3.97 17:25:31 23/08/21
8,99.9,21.09,1021.72,4.08,3.97 17:30:45 23/08/21
9,99.9,20.994999,1021.78,4.09,3.97 17:36:00 23/08/21
7,99.9,20.96,1021.76,4.3,3.97 17:41:14 23/08/21
8,99.9,20.95,1021.82,4.14,3.97 17:46:30 23/08/21
10,99.9,20.875,1021.88,4.6,3.97 17:51:45 23/08/21
9,99.9,20.86,1021.91,4.19,3.97 17:57:05 23/08/21
9,99.9,20.85,1021.94,4.1,3.97 18:02:27 23/08/21
8,99.9,20.785,1021.95,4.21,3.97 18:07:48 23/08/21
8,99.9,20.845001,1021.87,4.14,3.97 18:13:03 23/08/21
8,99.9,20.845001,1021.9,4.04,3.97 18:18:17 23/08/21
6,99.9,20.845001,1021.87,4.09,3.97 18:23:32 23/08/21
7,99.9,20.84,1021.85,4.05,3.97 18:28:47 23/08/21
6,99.9,20.845001,1021.91,4.06,3.97 18:34:00 23/08/21
8,99.9,20.785,1021.88,4.07,3.97 18:39:17 23/08/21
8,99.9,20.785,1021.92,4.13,3.97 18:44:32 23/08/21
6,99.9,20.84,1021.9,5.0,3.97 18:49:46 23/08/21
8,99.9,20.85,1021.85,4.38,3.97 18:55:03 23/08/21
6,99.9,20.855,1021.86,5.0,3.97 19:00:23 23/08/21
5,99.9,20.87,1021.73,4.88,3.97 19:05:39 23/08/21
11,99.9,20.87,1021.69,4.73,3.97 19:10:56 23/08/21
5,99.9,20.880001,1021.77,4.83,3.97 19:16:09 23/08/21
13,99.9,20.875,1021.68,4.07,3.97 19:21:25 23/08/21
6,99.9,20.945,1021.76,4.82,3.97 19:26:40 23/08/21
5,99.9,20.895,1021.73,5.0,3.97 19:31:53 23/08/21
7,99.9,20.935,1021.75,5.0,3.97 19:37:10 23/08/21
8,99.9,20.87,1021.83,4.13,3.97 19:42:23 23/08/21
9,99.9,20.85,1021.81,4.05,3.97 19:47:40 23/08/21
3,99.9,20.785,1021.86,4.11,3.97 19:52:56 23/08/21
10,99.9,20.715,1021.88,5.0,3.97 19:58:09 23/08/21
2,99.9,20.685001,1021.95,5.0,3.97 20:03:24 23/08/21
4,99.9,20.605,1022.01,4.57,3.97 20:08:38 23/08/21
5,99.9,20.515,1022.08,4.69,3.97 20:13:54 23/08/21
0,99.9,20.49,1022.11,4.48,3.97 20:19:09 23/08/21
2,99.9,20.41,1022.12,4.36,3.97 20:24:25 23/08/21
1,99.9,20.310001,1022.16,4.11,3.97 20:29:37 23/08/21
0,99.9,20.215,1022.22,4.05,3.97 20:34:54 23/08/21
0,99.9,20.175,1022.25,4.03,3.97 20:40:09 23/08/21
0,99.9,20.075,1022.24,3.85,3.97 20:45:23 23/08/21
0,99.9,19.935001,1022.28,3.28,3.97 20:50:38 23/08/21
0,99.9,19.89,1022.36,2.28,3.97 20:55:54 23/08/21
0,99.9,19.805,1022.43,1.51,3.97 21:01:08 23/08/21
0,99.9,19.715,1022.46,0.87,3.97 21:06:23 23/08/21
0,99.9,19.615,1022.45,0.41,3.97 21:11:37 23/08/21
0,99.9,19.515,1022.5,0.21,3.97 21:16:50 23/08/21
0,99.9,19.35,1022.49,0.1,3.97 21:22:07 23/08/21
0,99.9,19.285,1022.57,0.04,3.97 21:27:24 23/08/21
0,99.9,19.130001,1022.69,0.01,3.96 21:32:34 23/08/21
0,99.9,19.025,1022.74,0.0,3.96 21:37:51 23/08/21
0,99.9,18.900002,1022.7,0.0,3.96 21:43:06 23/08/21
0,99.9,18.8,1022.79,0.0,3.97 21:48:18 23/08/21
0,99.9,18.685001,1022.83,0.0,3.97 21:53:33 23/08/21
2,99.9,18.535,1022.86,0.0,3.97 21:58:47 23/08/21
4,99.9,18.435001,1022.95,0.0,3.97 22:04:02 23/08/21
6,99.9,18.33,1022.94,0.0,3.96 22:09:18 23/08/21
7,99.9,18.29,1022.94,0.0,3.97 22:14:31 23/08/21
8,99.9,18.145,1022.94,0.0,3.96 22:19:47 23/08/21
9,99.9,18.045,1023.02,0.0,3.96 22:25:03 23/08/21
9,99.9,17.945,1022.98,0.0,3.96 22:30:17 23/08/21
10,99.9,17.855,1023.0,0.0,3.96 22:35:32 23/08/21
10,99.9,17.815,1023.06,0.0,3.96 22:40:45 23/08/21
10,99.9,17.705,1023.05,0.0,3.96 22:46:00 23/08/21
10,99.9,17.555,1023.1,0.0,3.96 22:51:14 23/08/21
10,99.9,17.455,1023.06,0.0,3.96 22:56:28 23/08/21
10,99.9,17.345001,1023.04,0.0,3.96 23:01:42 23/08/21
10,99.9,17.24,1023.12,0.0,3.96 23:07:04 23/08/21
9,99.9,17.15,1023.15,0.0,3.96 23:12:21 23/08/21
9,99.9,17.029999,1023.1,0.0,3.96 23:17:35 23/08/21
8,99.9,16.93,1023.15,0.0,3.96 23:22:49 23/08/21
8,99.9,16.83,1023.13,0.0,3.96 23:28:03 23/08/21
7,99.9,16.725,1023.15,0.0,3.96 23:33:18 23/08/21
7,99.9,16.625,1023.18,0.0,3.96 23:38:32 23/08/21
7,99.9,16.54,1023.16,0.0,3.96 23:43:47 23/08/21
7,99.9,16.5,1023.19,0.0,3.96 23:48:59 23/08/21
6,99.9,16.405,1023.16,0.0,3.96 23:54:16 23/08/21
7,99.9,16.325,1023.19,0.0,3.96 23:59:29 23/08/21
