0,99.9,17.32,1016.83,0.02,3.74 00:02:57 30/08/21
0,99.9,17.315,1016.87,0.02,3.74 00:08:11 30/08/21
0,99.9,17.305,1016.91,0.02,3.74 00:13:27 30/08/21
0,99.9,17.3,1016.91,0.02,3.74 00:18:43 30/08/21
0,99.9,17.3,1016.98,0.02,3.74 00:23:56 30/08/21
0,99.9,17.305,1017.04,0.02,3.74 00:29:09 30/08/21
0,99.9,17.305,1017.06,0.01,3.74 00:34:25 30/08/21
0,99.9,17.305,1017.07,0.01,3.74 00:39:39 30/08/21
0,99.9,17.35,1017.18,0.01,3.74 00:44:54 30/08/21
0,99.9,17.305,1017.19,0.01,3.74 00:50:08 30/08/21
0,99.9,17.305,1017.23,0.01,3.74 00:55:23 30/08/21
0,99.9,17.3,1017.17,0.01,3.74 01:00:41 30/08/21
0,99.9,17.305,1017.18,0.01,3.74 01:05:59 30/08/21
0,99.9,17.295,1017.26,0.01,3.74 01:11:14 30/08/21
0,99.9,17.295,1017.27,0.01,3.74 01:16:29 30/08/21
0,99.9,17.279999,1017.21,0.01,3.74 01:21:41 30/08/21
0,99.9,17.23,1017.26,0.01,3.74 01:26:57 30/08/21
0,99.9,17.215,1017.29,0.01,3.74 01:32:10 30/08/21
0,99.9,17.21,1017.34,0.01,3.74 01:37:24 30/08/21
0,99.9,17.205,1017.37,0.0,3.74 01:42:41 30/08/21
0,99.9,17.2,1017.43,0.01,3.74 01:47:54 30/08/21
0,99.9,17.185001,1017.4,0.01,3.74 01:53:09 30/08/21
0,99.9,17.175,1017.36,0.0,3.74 01:58:24 30/08/21
0,99.9,17.18,1017.35,0.0,3.74 02:03:38 30/08/21
0,99.9,17.119999,1017.39,0.01,3.74 02:08:52 30/08/21
0,99.9,17.17,1017.42,0.0,3.74 02:14:07 30/08/21
0,99.9,17.105,1017.39,0.0,3.74 02:19:21 30/08/21
0,99.9,17.11,1017.4,0.0,3.74 02:24:34 30/08/21
0,99.9,17.16,1017.37,0.0,3.74 02:29:51 30/08/21
0,99.9,17.105,1017.42,0.0,3.74 02:35:04 30/08/21
0,99.9,17.11,1017.48,0.0,3.74 02:40:19 30/08/21
0,99.9,17.095001,1017.46,0.0,3.74 02:45:31 30/08/21
0,99.9,17.095001,1017.4,0.0,3.74 02:50:47 30/08/21
0,99.9,17.08,1017.35,0.0,3.74 02:56:06 30/08/21
0,99.9,17.025,1017.37,0.0,3.74 03:01:27 30/08/21
0,99.9,17.06,1017.33,0.0,3.74 03:06:40 30/08/21
0,99.9,17.005,1017.38,0.0,3.74 03:11:54 30/08/21
0,99.9,17.0,1017.43,0.0,3.74 03:17:08 30/08/21
0,99.9,16.994999,1017.43,0.0,3.74 03:22:22 30/08/21
0,99.9,16.985,1017.43,0.0,3.73 03:27:36 30/08/21
0,99.9,16.99,1017.44,0.0,3.74 03:32:51 30/08/21
0,99.9,16.985,1017.46,0.01,3.74 03:38:05 30/08/21
0,99.9,16.98,1017.48,0.0,3.74 03:43:20 30/08/21
0,99.9,16.985,1017.38,0.0,3.74 03:48:34 30/08/21
0,99.9,16.985,1017.41,0.0,3.74 03:53:46 30/08/21
0,99.9,16.98,1017.43,0.0,3.74 03:59:02 30/08/21
0,99.9,16.99,1017.43,0.0,3.74 04:04:17 30/08/21
0,99.9,16.985,1017.44,0.0,3.74 04:09:30 30/08/21
0,99.9,16.98,1017.42,0.0,3.73 04:14:45 30/08/21
0,99.9,16.985,1017.45,0.0,3.74 04:19:58 30/08/21
0,99.9,16.97,1017.47,0.0,3.74 04:25:19 30/08/21
0,99.9,16.985,1017.45,0.0,3.73 04:30:37 30/08/21
0,99.9,16.98,1017.49,0.0,3.74 04:35:51 30/08/21
0,99.9,16.96,1017.44,0.0,3.73 04:41:09 30/08/21
0,99.9,16.895,1017.4,0.0,3.74 04:46:28 30/08/21
0,99.9,16.825,1017.41,0.0,3.74 04:51:43 30/08/21
0,99.9,16.795,1017.45,0.0,3.73 04:56:56 30/08/21
0,99.9,16.715,1017.42,0.0,3.74 05:02:11 30/08/21
0,99.9,16.695,1017.38,0.0,3.74 05:07:26 30/08/21
0,99.9,16.685001,1017.32,0.0,3.74 05:12:41 30/08/21
0,99.9,16.689999,1017.35,0.0,3.73 05:17:54 30/08/21
0,99.9,16.695,1017.37,0.0,3.74 05:23:12 30/08/21
0,99.9,16.7,1017.32,0.0,3.74 05:28:30 30/08/21
0,99.9,16.71,1017.33,0.0,3.73 05:33:46 30/08/21
0,99.9,16.715,1017.34,0.0,3.74 05:39:00 30/08/21
0,99.9,16.775002,1017.32,0.0,3.73 05:44:14 30/08/21
0,99.9,16.779999,1017.34,0.0,3.73 05:49:28 30/08/21
0,99.9,16.779999,1017.31,0.0,3.73 05:54:43 30/08/21
0,99.9,16.779999,1017.33,0.0,3.73 05:59:57 30/08/21
0,99.9,16.785,1017.32,0.0,3.73 06:05:11 30/08/21
0,99.9,16.779999,1017.31,0.02,3.73 06:10:26 30/08/21
0,99.9,16.779999,1017.32,0.05,3.73 06:15:39 30/08/21
0,99.9,16.779999,1017.35,0.15,3.73 06:20:54 30/08/21
0,99.9,16.725,1017.33,0.4,3.73 06:26:09 30/08/21
0,99.9,16.77,1017.35,1.08,3.73 06:31:21 30/08/21
0,99.9,16.705,1017.38,1.68,3.73 06:36:37 30/08/21
0,99.9,16.695,1017.45,2.2,3.73 06:41:51 30/08/21
0,99.9,16.619999,1017.44,2.3,3.73 06:47:06 30/08/21
0,99.9,16.599998,1017.48,2.34,3.73 06:52:20 30/08/21
0,99.9,16.575,1017.45,2.47,3.73 06:57:33 30/08/21
1,99.9,16.515,1017.46,2.74,3.73 07:02:49 30/08/21
1,99.9,16.515,1017.59,2.9,3.73 07:08:03 30/08/21
2,99.9,16.51,1017.57,2.99,3.73 07:13:25 30/08/21
2,99.9,16.515,1017.57,3.03,3.73 07:18:41 30/08/21
3,99.9,16.564999,1017.64,3.01,3.73 07:23:54 30/08/21
3,99.9,16.515,1017.61,3.16,3.73 07:29:09 30/08/21
5,99.9,16.57,1017.67,3.33,3.73 07:34:23 30/08/21
5,99.9,16.58,1017.72,3.3,3.73 07:39:38 30/08/21
6,99.9,16.585,1017.71,3.43,3.73 07:44:50 30/08/21
6,99.9,16.59,1017.73,3.48,3.73 07:50:04 30/08/21
7,99.9,16.61,1017.84,3.49,3.73 07:55:20 30/08/21
7,99.9,16.615,1017.88,3.32,3.73 08:00:34 30/08/21
7,99.9,16.685001,1017.95,3.21,3.73 08:05:48 30/08/21
7,99.9,16.689999,1017.9,3.11,3.73 08:11:01 30/08/21
8,99.9,16.765,1017.91,3.24,3.73 08:16:18 30/08/21
8,99.9,16.785,1017.91,3.14,3.73 08:21:31 30/08/21
7,99.9,16.87,1017.93,3.13,3.73 08:26:48 30/08/21
7,99.9,16.880001,1017.96,3.14,3.73 08:32:01 30/08/21
8,99.9,16.96,1017.98,3.17,3.73 08:37:13 30/08/21
9,99.9,16.97,1017.98,3.25,3.73 08:42:27 30/08/21
7,99.9,17.06,1018.0,3.14,3.73 08:47:44 30/08/21
7,99.9,17.07,1017.92,3.13,3.73 08:52:56 30/08/21
7,99.9,17.16,1018.01,3.04,3.73 08:58:12 30/08/21
7,99.9,17.185001,1017.97,3.1,3.73 09:03:25 30/08/21
7,99.9,17.195,1017.96,3.12,3.73 09:08:40 30/08/21
6,99.9,17.27,1017.97,3.0,3.73 09:13:55 30/08/21
8,99.9,17.275002,1018.01,3.13,3.73 09:19:09 30/08/21
6,99.9,17.29,1018.02,3.1,3.73 09:24:23 30/08/21
12,99.9,17.365002,1018.03,3.5,3.73 09:29:39 30/08/21
14,99.9,17.425,1017.95,3.73,3.73 09:34:53 30/08/21
14,99.9,17.545,1017.92,3.68,3.73 09:40:05 30/08/21
11,99.9,17.65,1017.86,3.41,3.73 09:45:19 30/08/21
12,99.9,17.825,1017.97,3.46,3.73 09:50:35 30/08/21
12,99.9,17.93,1018.03,3.53,3.73 09:55:51 30/08/21
11,99.9,18.04,1018.1,3.39,3.73 10:01:06 30/08/21
12,99.9,18.08,1018.14,3.59,3.73 10:06:18 30/08/21
12,99.9,18.244999,1018.23,3.55,3.73 10:11:33 30/08/21
10,99.9,18.415,1018.23,3.35,3.73 10:16:48 30/08/21
11,99.9,18.49,1018.25,3.47,3.73 10:22:01 30/08/21
10,99.9,18.630001,1018.32,3.21,3.73 10:27:21 30/08/21
10,99.9,18.715,1018.4,3.73,3.73 10:32:40 30/08/21
11,99.9,18.735,1018.37,3.32,3.73 10:37:54 30/08/21
12,99.9,18.765,1018.37,3.51,3.73 10:43:09 30/08/21
10,99.9,18.83,1018.35,3.55,3.73 10:48:22 30/08/21
9,99.9,18.865002,1018.36,3.49,3.73 10:53:39 30/08/21
9,99.9,18.885,1018.42,3.52,3.73 10:58:53 30/08/21
10,99.9,18.945,1018.39,3.55,3.73 11:04:09 30/08/21
10,99.9,18.955,1018.43,3.58,3.72 11:09:23 30/08/21
12,99.9,18.97,1018.46,3.64,3.73 11:14:36 30/08/21
11,99.9,19.035,1018.4,3.68,3.73 11:19:53 30/08/21
13,99.9,19.125,1018.4,3.72,3.73 11:25:09 30/08/21
11,99.9,19.23,1018.41,3.73,3.73 11:30:21 30/08/21
10,99.9,19.315,1018.42,3.54,3.73 11:35:34 30/08/21
11,99.9,19.335,1018.43,3.68,3.73 11:40:51 30/08/21
12,99.9,19.35,1018.34,3.73,3.73 11:46:06 30/08/21
11,99.9,19.425,1018.36,2.6,3.73 11:51:18 30/08/21
10,99.9,19.45,1018.34,3.69,3.73 11:56:33 30/08/21
10,99.9,19.515,1018.37,3.73,3.73 12:01:52 30/08/21
12,99.9,19.535,1018.42,3.86,3.73 12:07:04 30/08/21
12,99.9,19.605,1018.44,3.73,3.73 12:12:20 30/08/21
12,99.9,19.720001,1018.34,3.73,3.73 12:17:34 30/08/21
16,99.9,19.82,1018.23,3.73,3.73 12:22:48 30/08/21
11,99.9,19.935,1018.26,3.41,3.73 12:28:02 30/08/21
10,99.9,20.02,1018.31,3.48,3.73 12:33:18 30/08/21
10,99.9,20.035,1018.34,3.49,3.73 12:38:34 30/08/21
8,99.9,20.04,1018.23,3.35,3.73 12:43:48 30/08/21
12,99.9,20.029999,1018.21,3.65,3.72 12:49:02 30/08/21
11,99.9,20.125,1018.22,3.51,3.73 12:54:18 30/08/21
9,99.9,20.215,1018.25,3.32,3.73 12:59:30 30/08/21
7,99.9,20.220001,1018.22,3.25,3.73 13:04:46 30/08/21
9,99.9,20.154999,1018.24,3.22,3.73 13:10:02 30/08/21
10,99.9,20.14,1018.2,3.3,3.72 13:15:15 30/08/21
10,99.9,20.135,1018.16,3.36,3.73 13:20:31 30/08/21
13,99.9,20.14,1018.13,3.55,3.73 13:25:45 30/08/21
11,99.9,20.315,1018.15,3.36,3.72 13:31:01 30/08/21
12,99.9,20.485,1018.1,3.47,3.72 13:36:21 30/08/21
7,99.9,20.585,1018.07,3.32,3.72 13:41:39 30/08/21
8,99.9,20.6,1018.11,3.1,3.73 13:46:55 30/08/21
8,99.9,20.595001,1018.11,3.09,3.72 13:52:09 30/08/21
9,99.9,20.465,1018.13,3.19,3.73 13:57:24 30/08/21
7,99.9,20.380001,1018.2,3.06,3.72 14:02:40 30/08/21
7,99.9,20.345001,1018.14,3.05,3.72 14:08:06 30/08/21
7,99.9,20.335,1018.14,3.06,3.73 14:13:24 30/08/21
9,99.9,20.265,1018.13,3.14,3.73 14:18:39 30/08/21
11,99.9,20.315,1018.06,3.31,3.72 14:24:00 30/08/21
11,99.9,20.41,1018.13,3.31,3.72 14:29:18 30/08/21
10,99.9,20.45,1018.21,3.26,3.73 14:34:32 30/08/21
11,99.9,20.535,1018.15,3.14,3.72 14:39:47 30/08/21
8,99.9,20.6,1018.17,3.05,3.72 14:45:07 30/08/21
7,99.9,20.54,1018.15,2.97,3.72 14:50:28 30/08/21
8,99.9,20.465,1018.12,3.04,3.72 14:55:42 30/08/21
7,99.9,20.455,1018.17,2.94,3.72 15:00:57 30/08/21
11,99.9,20.455,1018.04,3.28,3.72 15:06:11 30/08/21
12,99.9,20.54,1017.99,3.24,3.72 15:11:32 30/08/21
10,99.9,20.705,1018.03,3.11,3.73 15:16:48 30/08/21
10,99.9,20.815,1018.04,3.13,3.72 15:22:03 30/08/21
10,99.9,20.845001,1018.02,3.01,3.72 15:27:20 30/08/21
10,99.9,20.925,1018.03,3.03,3.72 15:32:33 30/08/21
10,99.9,21.0,1017.9,3.08,3.72 15:37:51 30/08/21
11,99.9,21.02,1017.86,3.15,3.72 15:43:08 30/08/21
11,99.9,21.125,1017.92,3.28,3.72 15:48:27 30/08/21
12,99.9,21.145,1017.97,3.34,3.72 15:53:44 30/08/21
12,99.9,21.235,1017.96,3.19,3.72 15:58:59 30/08/21
12,99.9,21.384998,1018.0,3.19,3.72 16:04:18 30/08/21
12,99.9,21.415,1017.92,3.2,3.72 16:09:35 30/08/21
11,99.9,21.51,1017.89,3.04,3.72 16:14:58 30/08/21
10,99.9,21.585,1017.91,3.1,3.72 16:20:13 30/08/21
10,99.9,21.535,1017.82,3.13,3.72 16:25:29 30/08/21
11,99.9,21.6,1017.87,3.21,3.72 16:30:44 30/08/21
9,99.9,21.69,1017.88,3.11,3.72 16:35:59 30/08/21
10,99.9,21.720001,1017.84,3.18,3.72 16:41:15 30/08/21
11,99.9,21.815,1017.77,3.15,3.72 16:46:33 30/08/21
9,99.9,21.89,1017.8,2.97,3.72 16:51:46 30/08/21
9,99.9,21.83,1017.68,3.13,3.72 16:56:59 30/08/21
8,99.9,21.744999,1017.75,3.0,3.72 17:02:14 30/08/21
8,99.9,21.665,1017.73,2.9,3.72 17:07:34 30/08/21
10,99.9,21.564999,1017.72,3.11,3.72 17:12:47 30/08/21
9,99.9,21.619999,1017.71,2.95,3.72 17:18:02 30/08/21
8,99.9,21.55,1017.66,2.92,3.72 17:23:16 30/08/21
8,99.9,21.474998,1017.71,2.92,3.72 17:28:31 30/08/21
7,99.9,21.51,1017.7,2.93,3.72 17:33:44 30/08/21
7,99.9,21.45,1017.7,2.89,3.72 17:38:59 30/08/21
7,99.9,21.380001,1017.71,2.83,3.72 17:44:16 30/08/21
6,99.9,21.355,1017.82,2.79,3.72 17:49:30 30/08/21
6,99.9,21.265,1017.73,2.73,3.72 17:54:46 30/08/21
6,99.9,21.23,1017.71,2.73,3.72 18:00:01 30/08/21
6,99.9,21.14,1017.63,2.74,3.72 18:05:16 30/08/21
5,99.9,21.06,1017.7,2.72,3.72 18:10:31 30/08/21
7,99.9,21.035,1017.71,2.91,3.72 18:15:44 30/08/21
6,99.9,21.029999,1017.76,2.89,3.72 18:21:01 30/08/21
5,99.9,21.055,1017.77,2.73,3.72 18:26:14 30/08/21
6,99.9,21.06,1017.78,2.78,3.72 18:31:31 30/08/21
7,99.9,20.98,1017.77,2.8,3.72 18:36:46 30/08/21
6,99.9,20.96,1017.75,2.79,3.72 18:42:01 30/08/21
8,99.9,20.95,1017.73,2.95,3.72 18:47:18 30/08/21
9,99.9,20.939999,1017.74,3.08,3.72 18:52:31 30/08/21
9,99.9,20.95,1017.69,3.15,3.72 18:57:45 30/08/21
9,99.9,20.965,1017.66,3.12,3.72 19:03:02 30/08/21
8,99.9,21.029999,1017.73,3.04,3.72 19:08:15 30/08/21
8,99.9,21.045,1017.77,2.99,3.72 19:13:40 30/08/21
7,99.9,20.994999,1017.75,2.97,3.72 19:18:54 30/08/21
4,99.9,20.974998,1017.74,2.83,3.71 19:24:10 30/08/21
2,99.9,20.955,1017.79,2.63,3.71 19:29:27 30/08/21
2,99.9,20.880001,1017.76,2.39,3.71 19:34:40 30/08/21
1,99.9,20.795,1017.87,2.29,3.72 19:39:54 30/08/21
2,99.9,20.689999,1017.9,2.26,3.72 19:45:09 30/08/21
2,99.9,20.585,1018.03,2.35,3.71 19:50:22 30/08/21
2,99.9,20.474998,1018.03,2.3,3.72 19:55:39 30/08/21
2,99.9,20.310001,1018.12,2.24,3.72 20:00:55 30/08/21
1,99.9,20.185001,1018.17,2.18,3.72 20:06:09 30/08/21
1,99.9,20.075,1018.15,2.14,3.72 20:11:24 30/08/21
1,99.9,19.91,1018.23,2.06,3.72 20:16:39 30/08/21
1,99.9,19.79,1018.29,1.95,3.71 20:21:54 30/08/21
0,99.9,19.675,1018.32,1.83,3.72 20:27:09 30/08/21
0,99.9,19.564999,1018.44,1.69,3.71 20:32:23 30/08/21
0,99.9,19.400002,1018.44,1.53,3.72 20:37:37 30/08/21
0,99.9,19.35,1018.56,1.36,3.72 20:42:52 30/08/21
0,99.9,19.2,1018.55,0.91,3.72 20:48:05 30/08/21
0,99.9,19.095001,1018.62,0.45,3.71 20:53:22 30/08/21
0,99.9,18.985,1018.68,0.19,3.71 20:58:36 30/08/21
0,99.9,18.880001,1018.72,0.09,3.71 21:03:51 30/08/21
0,99.9,18.8,1018.85,0.07,3.71 21:09:05 30/08/21
0,99.9,18.7,1018.82,0.07,3.72 21:14:21 30/08/21
0,99.9,18.599998,1018.94,0.07,3.71 21:19:35 30/08/21
0,99.9,18.56,1018.95,0.07,3.71 21:24:51 30/08/21
0,99.9,18.42,1018.93,0.07,3.71 21:30:04 30/08/21
0,99.9,18.380001,1018.99,0.07,3.71 21:35:18 30/08/21
0,99.9,18.29,1019.05,0.07,3.71 21:40:33 30/08/21
0,99.9,18.2,1019.11,0.07,3.71 21:45:47 30/08/21
0,99.9,18.11,1019.13,0.07,3.71 21:51:02 30/08/21
0,99.9,18.07,1019.13,0.07,3.71 21:56:17 30/08/21
0,99.9,17.98,1019.14,0.07,3.71 22:01:31 30/08/21
0,99.9,17.900002,1019.18,0.07,3.71 22:06:45 30/08/21
0,99.9,17.880001,1019.22,0.07,3.71 22:12:00 30/08/21
0,99.9,17.865002,1019.31,0.07,3.71 22:17:14 30/08/21
0,99.9,17.795,1019.32,0.07,3.71 22:22:29 30/08/21
0,99.9,17.720001,1019.33,0.07,3.71 22:27:43 30/08/21
0,99.9,17.685001,1019.4,0.07,3.71 22:32:59 30/08/21
0,99.9,17.605,1019.38,0.07,3.71 22:38:13 30/08/21
0,99.9,17.59,1019.41,0.07,3.71 22:43:27 30/08/21
0,99.9,17.575,1019.4,0.07,3.71 22:48:42 30/08/21
0,99.9,17.515,1019.49,0.07,3.71 22:53:55 30/08/21
0,99.9,17.49,1019.49,0.07,3.71 22:59:10 30/08/21
0,99.9,17.42,1019.52,0.07,3.71 23:04:24 30/08/21
0,99.9,17.34,1019.53,0.07,3.71 23:09:39 30/08/21
0,99.9,17.315,1019.57,0.07,3.71 23:14:54 30/08/21
0,99.9,17.295,1019.71,0.07,3.71 23:20:06 30/08/21
0,99.9,17.23,1019.75,0.07,3.71 23:25:22 30/08/21
0,99.9,17.23,1019.81,0.09,3.71 23:30:36 30/08/21
0,99.9,17.279999,1019.84,0.07,3.71 23:35:51 30/08/21
0,99.9,17.235,1019.89,0.07,3.71 23:41:05 30/08/21
0,99.9,17.235,1019.89,0.07,3.71 23:46:19 30/08/21
0,99.9,17.23,1019.9,0.07,3.71 23:51:32 30/08/21
0,99.9,17.215,1019.9,0.07,3.71 23:56:47 30/08/21
