0,99.9,17.21,1019.9,0.07,3.71 00:02:01 31/08/21
0,99.9,17.14,1019.88,0.07,3.71 00:07:17 31/08/21
0,99.9,17.115,1019.89,0.07,3.71 00:12:31 31/08/21
0,99.9,17.09,1019.94,0.07,3.71 00:17:44 31/08/21
0,99.9,17.005,1019.87,0.07,3.71 00:23:00 31/08/21
0,99.9,16.925,1019.86,0.07,3.71 00:28:14 31/08/21
2,99.9,16.89,1019.93,0.07,3.71 00:33:32 31/08/21
7,99.9,16.805,1020.03,0.07,3.71 00:38:51 31/08/21
9,99.9,16.715,1020.03,0.07,3.71 00:44:10 31/08/21
10,99.9,16.685001,1020.06,0.07,3.71 00:49:29 31/08/21
10,99.9,16.619999,1020.02,0.07,3.71 00:54:44 31/08/21
11,99.9,16.599998,1020.04,0.07,3.71 01:00:00 31/08/21
11,99.9,16.59,1020.02,0.07,3.7 01:05:20 31/08/21
9,99.9,16.585,1020.07,0.07,3.71 01:10:33 31/08/21
11,99.9,16.52,1020.15,0.07,3.71 01:15:48 31/08/21
10,99.9,16.445,1020.1,0.07,3.71 01:21:05 31/08/21
10,99.9,16.414999,1020.1,0.07,3.7 01:26:17 31/08/21
9,99.9,16.395,1020.22,0.07,3.71 01:31:32 31/08/21
9,99.9,16.315,1020.17,0.07,3.71 01:36:45 31/08/21
9,99.9,16.285,1020.28,0.07,3.71 01:42:00 31/08/21
8,99.9,16.205,1020.29,0.07,3.71 01:47:12 31/08/21
7,99.9,16.125,1020.34,0.07,3.7 01:52:27 31/08/21
7,99.9,16.09,1020.35,0.07,3.7 01:57:42 31/08/21
7,99.9,16.025,1020.39,0.07,3.7 02:02:57 31/08/21
6,99.9,16.0,1020.45,0.06,3.7 02:08:10 31/08/21
6,99.9,15.99,1020.47,0.06,3.7 02:13:24 31/08/21
6,99.9,15.995001,1020.55,0.06,3.7 02:18:39 31/08/21
5,99.9,16.0,1020.56,0.06,3.7 02:23:54 31/08/21
5,99.9,16.085,1020.56,0.06,3.7 02:29:07 31/08/21
5,99.9,16.115,1020.57,0.06,3.7 02:34:21 31/08/21
5,99.9,16.189999,1020.62,0.06,3.7 02:39:36 31/08/21
5,99.9,16.265,1020.64,0.06,3.7 02:44:50 31/08/21
6,99.9,16.23,1020.66,0.06,3.71 02:50:04 31/08/21
5,99.9,16.3,1020.67,0.06,3.71 02:55:18 31/08/21
5,99.9,16.38,1020.67,0.06,3.7 03:00:32 31/08/21
5,99.9,16.4,1020.63,0.06,3.7 03:05:47 31/08/21
4,99.9,16.475,1020.65,0.06,3.7 03:11:01 31/08/21
3,99.9,16.5,1020.68,0.06,3.7 03:16:15 31/08/21
0,99.9,16.515,1020.74,0.06,3.71 03:21:28 31/08/21
0,99.9,16.58,1020.75,0.06,3.7 03:26:44 31/08/21
0,99.9,16.595001,1020.7,0.06,3.7 03:31:58 31/08/21
0,99.9,16.599998,1020.73,0.05,3.7 03:37:13 31/08/21
0,99.9,16.605,1020.72,0.06,3.7 03:42:27 31/08/21
0,99.9,16.619999,1020.8,0.06,3.7 03:47:42 31/08/21
0,99.9,16.619999,1020.8,0.06,3.7 03:52:55 31/08/21
0,99.9,16.630001,1020.84,0.06,3.7 03:58:13 31/08/21
0,99.9,16.635,1020.83,0.06,3.7 04:03:32 31/08/21
0,99.9,16.68,1020.82,0.05,3.7 04:08:48 31/08/21
0,99.9,16.68,1020.85,0.05,3.7 04:14:01 31/08/21
0,99.9,16.685001,1020.87,0.06,3.7 04:19:13 31/08/21
0,99.9,16.685001,1020.89,0.05,3.7 04:24:30 31/08/21
0,99.9,16.685001,1020.88,0.05,3.7 04:29:47 31/08/21
0,99.9,16.695,1020.97,0.05,3.7 04:35:08 31/08/21
0,99.9,16.695,1020.87,0.05,3.7 04:40:21 31/08/21
0,99.9,16.689999,1020.89,0.05,3.7 04:45:35 31/08/21
0,99.9,16.695,1020.93,0.05,3.7 04:50:50 31/08/21
0,99.9,16.695,1020.87,0.05,3.7 04:56:04 31/08/21
0,99.9,16.695,1020.97,0.05,3.7 05:01:17 31/08/21
0,99.9,16.689999,1020.97,0.05,3.7 05:06:30 31/08/21
0,99.9,16.685001,1021.0,0.05,3.7 05:11:52 31/08/21
0,99.9,16.689999,1021.01,0.05,3.7 05:17:09 31/08/21
0,99.9,16.68,1020.97,0.04,3.7 05:22:24 31/08/21
0,99.9,16.675,1021.02,0.05,3.7 05:27:41 31/08/21
0,99.9,16.68,1021.12,0.04,3.7 05:33:01 31/08/21
0,99.9,16.67,1021.13,0.04,3.7 05:38:16 31/08/21
0,99.9,16.619999,1021.21,0.04,3.7 05:43:29 31/08/21
0,99.9,16.615,1021.24,0.04,3.7 05:48:44 31/08/21
0,99.9,16.61,1021.29,0.04,3.7 05:53:58 31/08/21
0,99.9,16.605,1021.3,0.04,3.7 05:59:12 31/08/21
0,99.9,16.595001,1021.29,0.04,3.7 06:04:26 31/08/21
0,99.9,16.59,1021.29,0.05,3.7 06:09:41 31/08/21
0,99.9,16.585,1021.32,0.07,3.7 06:14:56 31/08/21
0,99.9,16.525,1021.37,0.12,3.7 06:20:09 31/08/21
0,99.9,16.515,1021.39,0.34,3.7 06:25:24 31/08/21
0,99.9,16.5,1021.38,0.76,3.7 06:30:36 31/08/21
0,99.9,16.48,1021.45,1.39,3.7 06:35:53 31/08/21
0,99.9,16.425,1021.51,1.59,3.7 06:41:06 31/08/21
0,99.9,16.41,1021.52,1.68,3.7 06:46:24 31/08/21
0,99.9,16.4,1021.61,1.77,3.7 06:51:41 31/08/21
0,99.9,16.38,1021.79,1.78,3.7 06:56:59 31/08/21
0,99.9,16.32,1021.84,1.79,3.7 07:02:12 31/08/21
0,99.9,16.310001,1021.83,1.92,3.7 07:07:27 31/08/21
0,99.9,16.3,1021.82,2.08,3.7 07:12:40 31/08/21
1,99.9,16.3,1021.85,2.1,3.7 07:17:54 31/08/21
1,99.9,16.295,1021.87,2.2,3.7 07:23:09 31/08/21
2,99.9,16.3,1021.89,2.27,3.7 07:28:28 31/08/21
2,99.9,16.3,1021.97,2.34,3.7 07:33:46 31/08/21
2,99.9,16.3,1022.03,2.37,3.69 07:39:00 31/08/21
3,99.9,16.3,1022.12,2.46,3.7 07:44:19 31/08/21
3,99.9,16.365,1022.17,2.42,3.7 07:49:37 31/08/21
3,99.9,16.375,1022.24,2.47,3.7 07:54:51 31/08/21
3,99.9,16.385,1022.3,2.51,3.69 08:00:10 31/08/21
3,99.9,16.405,1022.32,2.49,3.7 08:05:28 31/08/21
2,99.9,16.465,1022.41,2.36,3.69 08:10:43 31/08/21
2,99.9,16.48,1022.37,2.29,3.7 08:15:57 31/08/21
2,99.9,16.485,1022.45,2.28,3.69 08:21:12 31/08/21
3,99.9,16.48,1022.42,2.49,3.69 08:26:25 31/08/21
3,99.9,16.485,1022.42,2.6,3.69 08:31:40 31/08/21
6,99.9,16.495,1022.48,2.78,3.7 08:36:52 31/08/21
6,99.9,16.56,1022.46,2.73,3.69 08:42:15 31/08/21
5,99.9,16.59,1022.49,2.71,3.69 08:47:31 31/08/21
5,99.9,16.66,1022.53,2.68,3.69 08:52:43 31/08/21
6,99.9,16.675,1022.61,2.78,3.69 08:58:01 31/08/21
6,99.9,16.75,1022.64,2.8,3.7 09:03:18 31/08/21
6,99.9,16.77,1022.78,2.76,3.7 09:08:36 31/08/21
6,99.9,16.775002,1022.8,2.81,3.69 09:13:49 31/08/21
6,99.9,16.785,1022.84,2.76,3.69 09:19:07 31/08/21
5,99.9,16.8,1022.88,2.74,3.69 09:24:18 31/08/21
5,99.9,16.855,1022.82,2.72,3.69 09:29:34 31/08/21
6,99.9,16.87,1022.81,2.72,3.69 09:34:47 31/08/21
6,99.9,16.87,1022.8,2.75,3.69 09:40:02 31/08/21
6,99.9,16.875,1022.82,2.88,3.7 09:45:18 31/08/21
7,99.9,16.89,1022.91,2.9,3.69 09:50:34 31/08/21
6,99.9,16.974998,1022.98,2.76,3.69 09:55:52 31/08/21
6,99.9,16.974998,1022.98,2.77,3.69 10:01:08 31/08/21
6,99.9,17.045,1023.01,2.73,3.69 10:06:27 31/08/21
7,99.9,17.055,1023.02,2.82,3.69 10:11:47 31/08/21
6,99.9,17.075,1023.07,2.83,3.69 10:17:03 31/08/21
7,99.9,17.16,1023.08,2.87,3.69 10:22:27 31/08/21
7,99.9,17.195,1023.17,2.91,3.69 10:27:45 31/08/21
7,99.9,17.275002,1023.19,2.89,3.69 10:33:01 31/08/21
8,99.9,17.37,1023.23,2.96,3.69 10:38:14 31/08/21
8,99.9,17.46,1023.24,3.08,3.69 10:43:31 31/08/21
8,99.9,17.55,1023.22,3.09,3.69 10:48:44 31/08/21
9,99.9,17.64,1023.19,3.16,3.69 10:53:57 31/08/21
8,99.9,17.73,1023.16,3.09,3.69 10:59:12 31/08/21
8,99.9,17.779999,1023.27,3.04,3.69 11:04:28 31/08/21
8,99.9,17.93,1023.31,3.13,3.69 11:09:44 31/08/21
7,99.9,17.974998,1023.36,2.91,3.69 11:15:05 31/08/21
10,99.9,18.035,1023.37,3.08,3.69 11:20:28 31/08/21
8,99.9,18.130001,1023.39,3.01,3.69 11:25:40 31/08/21
9,99.9,18.165,1023.46,3.06,3.69 11:30:56 31/08/21
10,99.9,18.25,1023.4,3.1,3.69 11:36:10 31/08/21
10,99.9,18.395,1023.33,3.04,3.69 11:41:25 31/08/21
9,99.9,18.439999,1023.34,3.01,3.69 11:46:40 31/08/21
11,99.9,18.59,1023.34,2.95,3.69 11:51:55 31/08/21
9,99.9,18.64,1023.36,3.09,3.69 11:57:09 31/08/21
9,99.9,18.78,1023.32,3.03,3.69 12:02:23 31/08/21
8,99.9,18.884998,1023.33,2.99,3.69 12:07:38 31/08/21
8,99.9,18.925,1023.36,2.99,3.69 12:12:53 31/08/21
8,99.9,18.935,1023.35,2.92,3.69 12:18:05 31/08/21
8,99.9,18.95,1023.42,3.03,3.69 12:23:22 31/08/21
10,99.9,19.02,1023.5,3.13,3.69 12:28:36 31/08/21
10,99.9,19.1,1023.5,3.07,3.69 12:33:52 31/08/21
14,99.9,19.21,1023.5,3.49,3.69 12:39:04 31/08/21
8,99.9,19.315,1023.47,2.94,3.69 12:44:19 31/08/21
13,99.9,19.41,1023.52,3.3,3.69 12:49:36 31/08/21
13,99.9,19.52,1023.48,3.14,3.69 12:54:51 31/08/21
11,99.9,19.695,1023.45,2.94,3.69 13:00:05 31/08/21
6,99.9,19.895,1023.48,2.7,3.69 13:05:19 31/08/21
7,99.9,19.9,1023.44,2.76,3.69 13:10:35 31/08/21
14,99.9,19.915,1023.4,3.08,3.69 13:15:48 31/08/21
15,99.9,20.18,1023.41,2.88,3.69 13:21:06 31/08/21
16,99.9,20.55,1023.35,2.79,3.69 13:26:18 31/08/21
11,99.9,20.935,1023.33,2.76,3.69 13:31:32 31/08/21
15,99.9,21.17,1023.36,3.1,3.69 13:36:46 31/08/21
9,99.9,21.51,1023.43,2.58,3.69 13:42:03 31/08/21
9,99.9,21.645,1023.38,2.73,3.69 13:47:23 31/08/21
9,99.9,21.645,1023.41,2.85,3.69 13:52:40 31/08/21
14,99.9,21.650002,1023.41,2.96,3.69 13:57:57 31/08/21
12,99.9,21.75,1023.42,2.87,3.69 14:03:11 31/08/21
10,99.9,21.835,1023.33,3.32,3.69 14:08:28 31/08/21
8,99.9,21.775002,1023.38,2.96,3.69 14:13:42 31/08/21
8,99.9,21.625,1023.33,2.86,3.69 14:18:55 31/08/21
7,99.9,21.439999,1023.38,3.7,3.69 14:24:10 31/08/21
7,99.9,21.335,1023.4,3.7,3.69 14:29:27 31/08/21
15,99.9,21.375,1023.34,2.93,3.69 14:34:42 31/08/21
15,99.9,21.705,1023.35,2.81,3.69 14:39:56 31/08/21
8,99.9,21.93,1023.36,2.63,3.69 14:45:11 31/08/21
10,99.9,21.95,1023.27,3.62,3.69 14:50:31 31/08/21
13,99.9,21.965,1023.29,3.7,3.69 14:55:51 31/08/21
10,99.9,21.99,1023.3,3.7,3.69 15:01:06 31/08/21
13,99.9,21.98,1023.27,2.85,3.69 15:06:20 31/08/21
13,99.9,22.130001,1023.23,2.79,3.69 15:11:36 31/08/21
13,99.9,22.415,1023.2,2.79,3.69 15:16:52 31/08/21
14,99.9,22.68,1023.19,2.82,3.69 15:22:05 31/08/21
15,99.9,22.89,1023.01,3.82,3.69 15:27:22 31/08/21
7,99.9,22.925,1022.98,2.58,3.69 15:32:38 31/08/21
7,99.9,22.76,1023.04,2.5,3.69 15:37:56 31/08/21
10,99.9,22.515,1023.07,2.97,3.69 15:43:16 31/08/21
5,99.9,22.494999,1023.05,2.37,3.69 15:48:32 31/08/21
13,99.9,22.55,1023.0,2.9,3.69 15:53:48 31/08/21
13,99.9,22.720001,1022.9,2.84,3.69 15:59:02 31/08/21
13,99.9,22.9,1022.84,2.71,3.69 16:04:19 31/08/21
13,99.9,23.07,1022.77,2.68,3.69 16:09:33 31/08/21
8,99.9,23.205,1022.83,2.51,3.69 16:14:46 31/08/21
4,99.9,23.064999,1022.84,2.31,3.69 16:20:04 31/08/21
6,99.9,22.88,1022.75,2.61,3.69 16:25:19 31/08/21
8,99.9,22.95,1022.79,2.72,3.69 16:30:35 31/08/21
7,99.9,23.02,1022.85,2.67,3.69 16:35:49 31/08/21
4,99.9,23.064999,1022.86,2.4,3.69 16:41:03 31/08/21
5,99.9,23.064999,1022.88,2.52,3.69 16:46:18 31/08/21
5,99.9,23.125,1022.85,2.55,3.69 16:51:39 31/08/21
5,99.9,23.145,1022.85,2.63,3.69 16:57:00 31/08/21
6,99.9,23.16,1022.85,2.65,3.69 17:02:14 31/08/21
11,99.9,23.235,1022.86,3.0,3.69 17:07:32 31/08/21
11,99.9,23.245,1022.85,3.0,3.69 17:12:45 31/08/21
5,99.9,23.240002,1022.95,2.98,3.69 17:18:03 31/08/21
5,98.5,23.16,1022.93,2.75,3.69 17:23:16 31/08/21
4,99.9,23.08,1022.89,2.72,3.69 17:28:31 31/08/21
8,99.9,23.015,1022.84,2.88,3.68 17:33:47 31/08/21
10,99.9,22.92,1022.85,3.06,3.69 17:39:00 31/08/21
5,99.7,22.8,1022.78,2.73,3.68 17:44:16 31/08/21
4,99.9,22.77,1022.79,2.53,3.69 17:49:33 31/08/21
4,99.9,22.695,1022.76,2.43,3.68 17:54:48 31/08/21
4,99.9,22.695,1022.82,2.61,3.68 18:00:03 31/08/21
4,99.9,22.675,1022.81,2.52,3.69 18:05:16 31/08/21
5,99.9,22.605,1022.79,2.4,3.69 18:10:36 31/08/21
3,98.7,22.51,1022.74,2.4,3.69 18:15:50 31/08/21
4,99.5,22.42,1022.8,2.44,3.69 18:21:07 31/08/21
5,97.2,22.345001,1022.72,2.45,3.68 18:26:27 31/08/21
4,99.1,22.25,1022.69,2.45,3.68 18:31:43 31/08/21
4,99.0,22.215,1022.72,2.58,3.68 18:36:59 31/08/21
8,99.0,22.055,1022.75,2.56,3.69 18:42:11 31/08/21
8,97.8,21.93,1022.74,2.5,3.68 18:47:28 31/08/21
7,98.4,21.82,1022.71,2.5,3.68 18:52:42 31/08/21
7,98.7,21.665,1022.75,2.59,3.68 18:57:58 31/08/21
6,98.7,21.485,1022.75,2.55,3.68 19:03:13 31/08/21
6,98.6,21.365002,1022.83,2.64,3.69 19:08:30 31/08/21
5,98.7,21.26,1022.89,2.66,3.68 19:13:44 31/08/21
5,98.5,21.14,1022.89,2.62,3.68 19:18:59 31/08/21
5,99.0,21.035,1022.9,2.6,3.68 19:24:14 31/08/21
3,99.6,20.880001,1022.93,2.46,3.68 19:29:27 31/08/21
2,99.6,20.825,1022.98,2.42,3.68 19:34:42 31/08/21
2,99.4,20.67,1022.97,2.43,3.68 19:40:02 31/08/21
1,99.5,20.56,1022.99,2.4,3.68 19:45:27 31/08/21
1,99.4,20.455,1023.03,2.37,3.68 19:50:45 31/08/21
1,99.5,20.275002,1023.07,2.31,3.68 19:56:00 31/08/21
1,99.6,20.16,1023.1,2.27,3.68 20:01:14 31/08/21
0,99.7,19.99,1023.18,2.22,3.68 20:06:31 31/08/21
0,99.7,19.865002,1023.19,2.04,3.68 20:11:45 31/08/21
0,99.9,19.695,1023.25,1.92,3.68 20:17:04 31/08/21
0,99.9,19.635,1023.42,1.79,3.68 20:22:34 31/08/21
0,99.7,19.47,1023.4,1.68,3.68 20:27:53 31/08/21
0,99.8,19.3,1023.48,1.55,3.68 20:33:10 31/08/21
0,99.9,19.185001,1023.51,1.35,3.68 20:38:24 31/08/21
0,99.9,19.085,1023.57,1.04,3.68 20:41:55 31/08/21
0,99.9,18.96,1023.61,0.48,3.68 20:47:11 31/08/21
0,99.9,18.810001,1023.69,0.16,3.68 20:52:23 31/08/21
0,99.9,18.68,1023.71,0.09,3.68 20:57:39 31/08/21
0,99.9,18.57,1023.73,0.07,3.68 21:02:55 31/08/21
0,99.9,18.405,1023.78,0.07,3.68 21:08:09 31/08/21
0,99.9,18.310001,1023.91,0.07,3.68 21:13:23 31/08/21
0,99.9,18.21,1023.92,0.07,3.68 21:18:38 31/08/21
0,99.9,18.119999,1024.02,0.07,3.68 21:23:51 31/08/21
0,99.9,18.064999,1024.02,0.07,3.68 21:29:12 31/08/21
0,99.9,17.985,1024.01,0.07,3.68 21:34:31 31/08/21
0,99.9,17.900002,1024.03,0.07,3.68 21:39:47 31/08/21
0,99.9,17.815,1024.05,0.07,3.68 21:44:58 31/08/21
0,99.9,17.785,1024.17,0.07,3.68 21:50:13 31/08/21
0,99.9,17.695,1024.15,0.07,3.67 21:55:27 31/08/21
0,99.9,17.61,1024.26,0.07,3.68 22:00:41 31/08/21
0,99.9,17.52,1024.23,0.07,3.68 22:05:57 31/08/21
0,99.9,17.485,1024.24,0.07,3.67 22:11:09 31/08/21
0,99.9,17.380001,1024.31,0.07,3.67 22:16:26 31/08/21
0,99.9,17.244999,1024.32,0.07,3.67 22:21:45 31/08/21
0,99.9,17.220001,1024.35,0.07,3.67 22:27:04 31/08/21
0,99.9,17.119999,1024.39,0.06,3.67 22:32:22 31/08/21
0,99.9,17.035,1024.39,0.07,3.67 22:37:40 31/08/21
0,99.9,17.005,1024.5,0.06,3.67 22:42:55 31/08/21
0,99.9,16.97,1024.46,0.07,3.67 22:48:09 31/08/21
0,99.9,16.895,1024.54,0.06,3.68 22:53:27 31/08/21
0,99.9,16.825,1024.68,0.06,3.67 22:58:46 31/08/21
0,99.9,16.795,1024.68,0.06,3.67 23:04:09 31/08/21
0,99.9,16.785,1024.72,0.06,3.67 23:09:23 31/08/21
0,99.9,16.71,1024.68,0.06,3.67 23:14:39 31/08/21
0,99.9,16.619999,1024.68,0.06,3.67 23:19:59 31/08/21
0,99.9,16.59,1024.72,0.06,3.67 23:25:15 31/08/21
0,99.9,16.495,1024.72,0.06,3.67 23:30:30 31/08/21
0,99.9,16.405,1024.85,0.06,3.67 23:35:42 31/08/21
0,99.9,16.315,1024.92,0.06,3.67 23:40:59 31/08/21
0,99.9,16.279999,1024.98,0.06,3.67 23:46:13 31/08/21
0,99.9,16.195,1024.94,0.06,3.67 23:51:26 31/08/21
0,99.9,16.115,1024.95,0.06,3.67 23:56:41 31/08/21
