154,93.6,11.4,995.56,0.0,4.05 00:02:02 09/05/19
154,93.5,11.155001,995.55,0.0,4.05 00:12:37 09/05/19
152,93.7,11.03,995.56,0.0,4.04 00:23:15 09/05/19
151,93.6,10.87,995.62,0.0,4.04 00:33:50 09/05/19
151,93.8,10.72,995.52,0.0,4.04 00:44:27 09/05/19
149,93.7,10.525,995.51,0.0,4.04 00:55:00 09/05/19
151,93.9,10.355,995.51,0.0,4.04 01:05:37 09/05/19
160,93.7,10.305,995.37,0.0,4.03 01:16:17 09/05/19
150,93.9,10.22,995.34,0.0,4.03 01:26:57 09/05/19
151,94.4,10.125,995.43,0.0,4.03 01:37:32 09/05/19
148,94.9,10.045,995.36,0.0,4.03 01:48:06 09/05/19
145,94.8,10.045,995.21,0.0,4.03 01:58:41 09/05/19
148,94.9,10.004999,995.16,0.0,4.02 02:09:19 09/05/19
149,94.9,9.925,995.2,0.0,4.02 02:19:54 09/05/19
151,95.0,9.84,995.16,0.0,4.02 02:30:29 09/05/19
149,94.7,9.76,995.14,0.0,4.02 02:41:05 09/05/19
148,94.4,9.645,995.14,0.0,4.02 02:51:41 09/05/19
146,94.3,9.46,994.98,0.0,4.02 03:02:13 09/05/19
149,94.7,9.360001,994.96,0.0,4.02 03:12:52 09/05/19
151,94.5,9.33,995.01,0.0,4.02 03:23:26 09/05/19
150,94.7,9.25,994.95,0.0,4.02 03:34:00 09/05/19
148,94.9,9.21,994.94,0.0,4.01 03:44:36 09/05/19
150,94.7,9.049999,994.9,0.0,4.01 03:55:10 09/05/19
146,94.6,8.925,994.82,0.0,4.01 04:05:46 09/05/19
144,94.7,8.809999,994.78,0.0,4.01 04:16:22 09/05/19
149,94.8,8.71,994.8,0.0,4.01 04:26:57 09/05/19
154,94.9,8.62,994.64,0.0,4.01 04:37:32 09/05/19
159,94.6,8.53,994.56,0.0,4.0 04:48:11 09/05/19
166,94.8,8.46,994.66,0.0,4.0 04:58:50 09/05/19
182,94.8,8.434999,994.65,0.03,4.0 05:09:24 09/05/19
209,94.8,8.360001,994.67,0.17,4.0 05:19:59 09/05/19
270,95.1,8.34,994.55,0.8,4.0 05:30:35 09/05/19
355,95.2,8.335,994.4,2.32,4.0 05:41:10 09/05/19
454,95.1,8.315001,994.3,4.02,4.0 05:51:44 09/05/19
536,95.3,8.295,994.21,4.14,4.0 06:02:20 09/05/19
587,95.0,8.21,994.16,4.9,4.0 06:12:54 09/05/19
640,95.1,8.195,994.13,4.46,4.01 06:23:30 09/05/19
673,95.3,8.195,994.2,4.08,4.01 06:34:05 09/05/19
688,95.7,8.295,994.24,4.7,4.01 06:44:40 09/05/19
688,95.6,8.34,994.37,5.0,4.02 06:55:14 09/05/19
708,95.4,8.41,994.38,4.63,4.02 07:05:51 09/05/19
690,95.7,8.445,994.32,5.0,4.02 07:16:26 09/05/19
790,95.9,8.53,994.32,4.15,4.03 07:27:01 09/05/19
790,97.0,8.805,994.34,4.18,4.05 07:37:35 09/05/19
803,96.7,9.195,994.34,4.16,4.07 07:48:09 09/05/19
831,96.8,9.690001,994.32,4.24,4.11 07:58:47 09/05/19
840,97.7,10.475,994.36,4.26,4.18 08:09:22 09/05/19
848,97.0,11.255,994.37,4.28,4.12 08:19:56 09/05/19
824,96.2,12.085,994.44,4.24,4.14 08:30:31 09/05/19
851,94.9,12.23,994.46,5.0,4.11 08:41:09 09/05/19
857,95.4,12.37,994.62,4.25,4.15 08:51:44 09/05/19
848,95.1,12.58,994.61,5.0,4.11 09:02:22 09/05/19
843,95.3,12.735001,994.56,5.0,4.16 09:12:57 09/05/19
838,95.0,12.85,994.58,5.0,4.12 09:23:31 09/05/19
823,94.8,12.860001,994.63,4.21,4.15 09:34:10 09/05/19
847,94.6,12.96,994.64,5.0,4.12 09:44:45 09/05/19
838,94.7,13.059999,994.64,5.0,4.11 09:55:21 09/05/19
877,94.7,13.16,994.65,5.0,4.1 10:05:56 09/05/19
849,94.5,13.46,994.74,4.25,4.16 10:16:34 09/05/19
842,94.0,13.66,994.64,5.0,4.12 10:27:11 09/05/19
854,94.0,13.655001,994.74,5.0,4.11 10:37:47 09/05/19
873,93.8,13.755,994.72,4.31,4.19 10:48:23 09/05/19
906,95.4,14.325001,994.85,5.0,4.12 10:59:00 09/05/19
912,93.4,15.005,994.78,5.0,4.11 11:09:36 09/05/19
907,93.3,15.495,994.77,5.0,4.21 11:20:17 09/05/19
862,92.5,16.095001,994.91,5.0,4.13 11:30:59 09/05/19
855,92.6,16.1,994.98,5.0,4.12 11:41:36 09/05/19
845,91.8,15.82,995.05,5.0,4.11 11:52:14 09/05/19
849,91.8,15.555,995.11,4.26,4.16 12:02:51 09/05/19
840,92.4,15.525,995.3,5.0,4.13 12:13:28 09/05/19
829,92.5,15.424999,995.33,5.0,4.11 12:24:04 09/05/19
795,92.6,15.33,995.37,4.8,4.13 12:34:41 09/05/19
749,91.6,15.15,995.6,5.0,4.15 12:45:18 09/05/19
756,91.6,14.94,995.84,5.0,4.13 12:55:55 09/05/19
785,91.9,14.685,995.93,5.0,4.12 13:06:30 09/05/19
806,91.8,14.58,996.03,5.0,4.11 13:17:09 09/05/19
811,92.2,14.559999,996.16,4.22,4.13 13:27:45 09/05/19
794,92.3,14.55,996.32,5.0,4.12 13:38:22 09/05/19
822,92.2,14.495,996.48,5.0,4.11 13:48:58 09/05/19
826,92.4,14.57,996.57,4.24,4.14 13:59:35 09/05/19
862,92.7,14.690001,996.58,5.0,4.13 14:10:13 09/05/19
913,92.8,15.145,996.71,5.0,4.12 14:20:48 09/05/19
867,92.7,16.09,996.71,5.0,4.11 14:31:25 09/05/19
908,89.9,16.35,996.76,5.0,4.11 14:42:02 09/05/19
895,91.8,16.970001,996.77,5.0,4.21 14:52:40 09/05/19
871,88.0,17.665,996.84,5.0,4.12 15:03:22 09/05/19
901,85.7,17.71,996.98,5.0,4.12 15:14:03 09/05/19
903,88.5,17.99,997.01,5.0,4.11 15:24:39 09/05/19
876,82.2,18.295,997.03,4.35,4.2 15:35:18 09/05/19
863,80.2,17.79,997.13,5.0,4.13 15:45:55 09/05/19
908,83.9,17.880001,997.19,5.0,4.12 15:56:34 09/05/19
897,81.7,18.380001,997.14,5.0,4.11 16:07:12 09/05/19
898,84.5,18.575,997.13,5.0,4.11 16:17:50 09/05/19
827,80.3,18.785,997.34,4.24,4.14 16:28:29 09/05/19
899,81.6,18.59,997.28,5.0,4.13 16:39:07 09/05/19
898,78.0,18.39,997.42,5.0,4.12 16:49:44 09/05/19
847,78.5,18.415,997.41,5.0,4.15 17:00:30 09/05/19
827,78.5,18.154999,997.53,5.0,4.14 17:11:08 09/05/19
828,80.9,17.884998,997.62,5.0,4.12 17:21:46 09/05/19
768,80.9,17.675,997.64,5.0,4.12 17:32:24 09/05/19
670,81.8,17.395,997.85,5.0,4.11 17:42:59 09/05/19
812,84.9,17.11,998.39,4.73,4.1 18:08:05 09/05/19
834,88.2,16.525,998.52,5.0,4.13 18:18:44 09/05/19
826,89.5,16.38,998.63,5.0,4.12 18:29:20 09/05/19
827,90.6,16.315,998.8,5.0,4.11 18:39:57 09/05/19
799,90.8,16.06,998.97,4.17,4.13 18:50:35 09/05/19
744,90.8,15.69,999.21,5.0,4.13 19:01:12 09/05/19
774,90.9,15.295,999.24,5.0,4.12 19:11:49 09/05/19
805,91.6,14.99,999.45,5.0,4.11 19:22:24 09/05/19
765,91.5,14.865,999.56,5.0,4.11 19:33:03 09/05/19
736,91.7,14.684999,999.62,4.22,4.17 19:43:37 09/05/19
726,91.7,14.559999,999.73,5.0,4.16 19:54:16 09/05/19
740,91.9,14.450001,999.75,5.0,4.14 20:04:53 09/05/19
719,92.4,14.360001,999.92,5.0,4.13 20:15:28 09/05/19
662,92.4,14.26,1000.02,5.0,4.12 20:26:07 09/05/19
603,92.1,14.225,1000.22,5.0,4.11 20:36:43 09/05/19
649,92.1,14.215,1000.35,5.0,4.11 20:47:18 09/05/19
623,92.1,14.065,1000.51,5.0,4.1 20:57:56 09/05/19
538,92.0,14.014999,1000.57,4.26,4.1 21:08:30 09/05/19
478,91.9,13.83,1000.63,3.79,4.09 21:19:09 09/05/19
387,91.7,13.65,1000.73,2.46,4.09 21:29:45 09/05/19
291,91.9,13.525,1000.87,1.0,4.08 21:40:21 09/05/19
231,92.1,13.395,1000.99,0.21,4.08 21:50:58 09/05/19
195,92.9,13.26,1001.12,0.03,4.07 22:01:34 09/05/19
182,92.6,13.184999,1001.34,0.0,4.07 22:12:12 09/05/19
171,92.0,13.085,1001.39,0.0,4.07 22:22:45 09/05/19
164,92.0,12.955,1001.47,0.0,4.06 22:33:23 09/05/19
161,91.8,12.76,1001.7,0.0,4.06 22:43:58 09/05/19
159,91.6,12.54,1001.73,0.0,4.06 22:54:35 09/05/19
168,91.9,12.35,1001.87,0.0,4.06 23:05:12 09/05/19
173,92.1,12.325,1001.85,0.0,4.05 23:15:49 09/05/19
173,92.4,12.280001,1001.87,0.0,4.05 23:26:24 09/05/19
172,92.3,12.280001,1002.08,0.0,4.05 23:37:00 09/05/19
172,92.1,12.26,1002.2,0.0,4.04 23:47:34 09/05/19
175,92.2,12.25,1002.22,0.0,4.04 23:58:12 09/05/19
