171,92.1,12.245001,1002.34,0.0,4.04 00:08:48 10/05/19
177,92.1,12.225,1002.36,0.0,4.04 00:19:24 10/05/19
168,92.0,12.175,1002.36,0.0,4.04 00:29:58 10/05/19
168,92.1,12.16,1002.48,0.0,4.03 00:40:36 10/05/19
172,92.4,12.125,1002.53,0.0,4.03 00:51:12 10/05/19
170,92.3,12.13,1002.5,0.0,4.03 01:01:48 10/05/19
162,92.2,12.059999,1002.56,0.0,4.03 01:12:22 10/05/19
167,92.3,11.965,1002.52,0.0,4.03 01:23:00 10/05/19
175,92.5,11.945,1002.55,0.0,4.03 01:33:34 10/05/19
172,92.5,11.940001,1002.62,0.0,4.03 01:44:12 10/05/19
169,92.5,11.934999,1002.6,0.0,4.02 01:54:48 10/05/19
173,92.5,11.92,1002.63,0.0,4.03 02:05:23 10/05/19
173,93.2,11.855,1002.7,0.0,4.02 02:16:00 10/05/19
169,94.1,11.79,1002.84,0.0,4.02 02:26:35 10/05/19
172,94.8,11.735001,1002.97,0.0,4.02 02:37:11 10/05/19
173,94.9,11.65,1003.06,0.0,4.02 02:47:47 10/05/19
174,95.2,11.57,1003.18,0.0,4.02 02:58:27 10/05/19
163,95.6,11.54,1003.26,0.0,4.02 03:09:08 10/05/19
172,96.0,11.46,1003.35,0.0,4.01 03:19:43 10/05/19
167,96.4,11.4,1003.43,0.0,4.01 03:30:19 10/05/19
168,96.7,11.37,1003.57,0.0,4.01 03:40:54 10/05/19
169,96.0,11.34,1003.58,0.0,4.01 03:51:31 10/05/19
170,96.5,11.33,1003.72,0.0,4.01 04:02:06 10/05/19
171,96.2,11.315001,1003.94,0.0,4.01 04:12:42 10/05/19
166,97.1,11.255,1003.96,0.0,4.01 04:23:16 10/05/19
164,96.4,11.245001,1004.05,0.0,4.01 04:33:54 10/05/19
166,96.9,11.17,1004.13,0.0,4.01 04:44:31 10/05/19
165,97.5,11.175,1004.23,0.0,4.01 04:55:03 10/05/19
177,97.5,11.165,1004.45,0.0,4.0 05:05:42 10/05/19
189,97.7,11.16,1004.62,0.02,4.0 05:16:17 10/05/19
190,97.1,11.155001,1004.69,0.04,4.0 05:26:52 10/05/19
260,97.1,11.139999,1004.8,0.62,4.0 05:37:28 10/05/19
317,97.0,11.13,1004.88,1.51,4.0 05:48:04 10/05/19
386,97.6,11.125,1005.01,2.7,4.0 05:58:39 10/05/19
423,97.9,11.075,1005.12,3.14,4.0 06:09:15 10/05/19
473,97.6,11.059999,1005.22,3.73,4.0 06:19:54 10/05/19
496,97.6,11.105,1005.47,4.01,4.0 06:30:27 10/05/19
476,98.4,11.115,1005.54,4.01,4.0 06:41:02 10/05/19
613,97.2,11.1,1005.72,4.28,4.0 06:51:39 10/05/19
666,97.2,11.049999,1005.86,4.33,4.01 07:02:14 10/05/19
663,96.9,11.105,1005.97,4.68,4.0 07:12:48 10/05/19
641,97.5,11.12,1006.08,5.0,4.0 07:23:26 10/05/19
647,97.0,11.115,1006.23,5.0,4.0 07:34:02 10/05/19
675,97.1,11.12,1006.36,4.48,4.01 07:44:37 10/05/19
738,97.5,11.13,1006.45,4.1,4.03 07:55:12 10/05/19
687,97.5,11.15,1006.58,5.0,4.02 08:05:48 10/05/19
727,97.4,11.139999,1006.75,5.0,4.02 08:16:24 10/05/19
719,97.9,11.15,1007.06,4.65,4.04 08:26:58 10/05/19
731,97.9,11.145,1007.25,5.0,4.04 08:37:36 10/05/19
757,97.6,11.139999,1007.42,5.0,4.07 08:48:11 10/05/19
763,97.3,11.145,1007.55,5.0,4.1 08:58:45 10/05/19
777,97.4,11.215,1007.54,4.24,4.15 09:09:20 10/05/19
802,97.0,11.235001,1007.5,5.0,4.1 09:19:59 10/05/19
770,97.1,11.25,1007.7,4.2,4.1 09:30:34 10/05/19
752,97.5,11.295,1007.88,4.22,4.16 09:41:09 10/05/19
807,97.5,11.22,1007.92,5.0,4.12 09:51:45 10/05/19
825,97.6,11.255,1008.0,4.23,4.15 10:02:21 10/05/19
764,97.3,11.33,1008.29,5.0,4.12 10:12:56 10/05/19
773,97.2,11.25,1008.49,4.17,4.12 10:23:30 10/05/19
788,97.1,11.17,1008.56,5.0,4.13 10:34:07 10/05/19
795,97.1,11.21,1008.71,5.0,4.11 10:44:44 10/05/19
776,97.0,11.155001,1008.88,5.0,4.12 10:55:20 10/05/19
829,97.0,11.205,1008.82,5.0,4.12 11:05:53 10/05/19
858,97.2,11.32,1008.83,4.28,4.18 11:16:31 10/05/19
892,98.4,11.725,1008.98,5.0,4.12 11:27:05 10/05/19
843,97.9,12.22,1009.2,5.0,4.11 11:37:43 10/05/19
805,97.1,12.389999,1009.24,4.57,4.13 11:48:18 10/05/19
776,96.6,12.295,1009.35,5.0,4.11 11:58:57 10/05/19
836,96.8,12.03,1009.25,5.0,4.16 12:09:39 10/05/19
871,96.7,12.18,1009.38,5.0,4.12 12:20:15 10/05/19
817,96.8,12.389999,1009.52,5.0,4.11 12:30:49 10/05/19
837,97.0,12.34,1009.35,5.0,4.11 12:41:25 10/05/19
878,96.8,12.32,1009.25,4.36,4.21 12:52:01 10/05/19
909,97.8,12.735001,1009.18,5.0,4.12 13:02:41 10/05/19
857,98.4,13.55,1009.22,5.0,4.11 13:13:16 10/05/19
901,97.7,14.24,1009.04,5.0,4.22 13:23:53 10/05/19
903,96.2,14.87,1009.02,5.0,4.13 13:34:30 10/05/19
890,95.6,14.875,1008.92,5.0,4.11 13:45:05 10/05/19
875,96.1,15.065001,1008.91,4.36,4.21 13:55:43 10/05/19
832,94.9,15.155001,1008.88,5.0,4.13 14:06:20 10/05/19
882,95.4,15.13,1008.87,5.0,4.11 14:16:59 10/05/19
905,95.2,15.355,1008.9,5.0,4.11 14:27:31 10/05/19
906,93.4,15.925,1008.94,5.0,4.22 14:38:10 10/05/19
827,92.3,15.955,1009.09,5.0,4.12 14:48:51 10/05/19
773,89.1,14.885,1009.43,5.0,4.11 14:59:31 10/05/19
814,92.1,14.215,1009.4,5.0,4.11 15:10:08 10/05/19
865,93.8,14.085,1009.46,4.31,4.19 15:20:47 10/05/19
893,95.6,14.64,1009.59,5.0,4.12 15:31:26 10/05/19
898,94.5,15.424999,1009.62,5.0,4.12 15:42:07 10/05/19
859,94.3,15.92,1009.61,5.0,4.11 15:52:45 10/05/19
857,93.6,15.945,1009.69,4.33,4.17 16:03:21 10/05/19
897,92.3,15.785,1009.68,5.0,4.13 16:13:59 10/05/19
894,93.7,15.875,1009.72,5.0,4.11 16:24:40 10/05/19
889,92.7,16.33,1009.58,5.0,4.11 16:35:21 10/05/19
881,93.0,16.695,1009.47,5.0,4.22 16:45:57 10/05/19
887,91.1,16.66,1009.51,5.0,4.13 16:56:37 10/05/19
884,91.7,16.8,1009.53,5.0,4.12 17:07:13 10/05/19
865,90.5,16.755001,1009.53,5.0,4.11 17:17:49 10/05/19
874,91.6,16.665,1009.59,4.37,4.22 17:28:29 10/05/19
847,91.1,16.735,1009.5,5.0,4.13 17:39:03 10/05/19
831,90.8,16.560001,1009.44,5.0,4.12 17:49:44 10/05/19
873,89.0,16.305,1009.46,5.0,4.11 18:00:20 10/05/19
825,90.1,16.115,1009.42,4.25,4.14 18:10:58 10/05/19
812,90.8,15.91,1009.42,5.0,4.13 18:21:34 10/05/19
822,91.1,15.764999,1009.38,5.0,4.12 18:32:11 10/05/19
811,90.9,15.605,1009.11,5.0,4.11 18:42:53 10/05/19
805,90.8,15.485,1009.25,4.49,4.13 18:53:38 10/05/19
790,91.1,15.38,1009.2,5.0,4.13 19:04:17 10/05/19
744,91.0,15.200001,1009.14,5.0,4.12 19:14:54 10/05/19
678,91.3,15.07,1009.21,4.97,4.11 19:25:32 10/05/19
678,91.3,14.83,1009.4,5.0,4.12 19:36:08 10/05/19
649,91.2,14.615,1009.51,4.48,4.12 19:46:48 10/05/19
707,91.4,14.41,1009.4,4.78,4.14 19:57:23 10/05/19
712,91.5,14.21,1009.52,5.0,4.16 20:08:00 10/05/19
715,91.8,14.1,1009.3,4.24,4.18 20:18:37 10/05/19
714,91.8,13.93,1009.25,5.0,4.15 20:29:14 10/05/19
669,91.9,13.82,1009.21,5.0,4.14 20:39:48 10/05/19
623,91.8,13.615,1009.33,5.0,4.13 20:50:29 10/05/19
574,91.9,13.41,1009.46,4.76,4.12 21:01:11 10/05/19
498,92.0,13.200001,1009.56,3.97,4.11 21:11:48 10/05/19
415,92.2,13.014999,1009.62,2.74,4.1 21:22:23 10/05/19
335,92.3,12.92,1009.61,1.61,4.09 21:32:59 10/05/19
263,92.4,12.76,1009.78,0.5,4.09 21:43:36 10/05/19
220,92.6,12.700001,1009.89,0.13,4.08 21:54:12 10/05/19
190,92.5,12.549999,1009.93,0.02,4.08 22:04:49 10/05/19
177,92.7,12.445,1009.97,0.0,4.08 22:15:22 10/05/19
175,92.9,12.405001,1009.99,0.0,4.07 22:26:00 10/05/19
176,93.0,12.33,1010.09,0.0,4.06 22:36:40 10/05/19
174,93.2,12.305,1009.88,0.0,4.06 22:47:21 10/05/19
170,93.2,12.23,1009.79,0.0,4.06 22:57:55 10/05/19
168,93.1,12.13,1010.01,0.0,4.06 23:08:31 10/05/19
175,93.2,12.055,1009.81,0.0,4.05 23:19:10 10/05/19
170,93.4,12.04,1009.71,0.0,4.05 23:29:45 10/05/19
169,93.6,12.03,1009.55,0.0,4.05 23:40:19 10/05/19
173,93.6,12.014999,1009.56,0.0,4.05 23:50:58 10/05/19
