173,93.5,12.01,1009.23,0.0,4.04 00:01:34 11/05/19
182,92.4,12.85,1009.04,0.0,4.0 00:21:10 11/05/19
182,92.1,12.63,1009.04,0.0,4.01 00:26:24 11/05/19
174,93.3,12.18,1008.91,0.0,4.01 00:37:00 11/05/19
170,93.7,11.940001,1008.77,0.0,4.01 00:47:40 11/05/19
163,93.7,11.83,1009.0,0.0,4.02 00:58:18 11/05/19
166,93.7,11.67,1008.94,0.0,4.02 01:08:55 11/05/19
169,93.8,11.62,1008.78,0.0,4.01 01:19:33 11/05/19
167,94.0,11.549999,1008.85,0.0,4.01 01:30:08 11/05/19
167,94.3,11.535,1008.69,0.0,4.01 01:40:44 11/05/19
166,94.5,11.525,1008.86,0.0,4.01 01:51:19 11/05/19
166,94.3,11.450001,1008.77,0.0,4.01 02:01:54 11/05/19
159,94.4,11.425,1008.62,0.0,4.01 02:12:29 11/05/19
166,94.4,11.4,1008.48,0.0,4.01 02:23:06 11/05/19
159,94.7,11.335,1008.36,0.0,4.01 02:33:43 11/05/19
167,94.7,11.325,1008.3,0.0,4.01 02:44:20 11/05/19
157,94.9,11.309999,1008.33,0.0,4.01 02:54:53 11/05/19
166,95.0,11.245001,1008.25,0.0,4.0 03:05:30 11/05/19
166,95.0,11.23,1008.29,0.0,4.0 03:16:06 11/05/19
164,94.9,11.215,1008.21,0.0,4.0 03:26:40 11/05/19
166,95.3,11.139999,1008.28,0.0,4.0 03:37:16 11/05/19
165,95.0,11.139999,1008.24,0.0,4.0 03:47:53 11/05/19
166,95.4,11.125,1008.19,0.0,4.0 03:58:32 11/05/19
160,95.3,11.105,1008.08,0.0,4.0 04:09:12 11/05/19
153,95.0,11.03,1008.11,0.0,4.0 04:19:50 11/05/19
155,95.3,10.945,1008.11,0.0,4.0 04:30:25 11/05/19
152,95.6,10.91,1007.99,0.0,4.0 04:40:59 11/05/19
156,95.5,10.825,1008.04,0.0,4.0 04:51:34 11/05/19
164,95.8,10.74,1008.03,0.01,4.0 05:02:10 11/05/19
177,96.0,10.72,1008.06,0.04,3.99 05:12:47 11/05/19
219,95.9,10.725,1008.1,0.23,3.99 05:23:23 11/05/19
272,95.6,10.725,1008.06,1.09,3.99 05:33:58 11/05/19
375,96.8,10.665,1008.14,2.51,3.99 05:44:34 11/05/19
446,96.0,10.645,1008.27,3.69,3.99 05:55:08 11/05/19
491,96.0,10.615,1008.45,4.06,3.99 06:05:44 11/05/19
560,95.8,10.610001,1008.62,4.1,3.99 06:16:22 11/05/19
582,95.9,10.610001,1008.59,4.74,3.99 06:26:56 11/05/19
610,96.3,10.565,1008.65,5.0,3.99 06:37:32 11/05/19
662,97.3,10.63,1008.66,4.62,4.0 06:48:06 11/05/19
678,97.1,10.645,1008.7,4.83,4.0 06:58:41 11/05/19
695,96.4,10.66,1008.8,4.46,4.01 07:09:19 11/05/19
723,96.4,10.74,1008.9,4.25,4.02 07:19:53 11/05/19
745,96.5,10.825,1008.92,5.0,4.04 07:30:31 11/05/19
765,96.4,10.925,1009.15,4.66,4.06 07:41:03 11/05/19
764,96.8,11.049999,1009.31,5.0,4.07 07:51:50 11/05/19
750,97.1,11.215,1009.41,5.0,4.09 08:02:23 11/05/19
798,97.7,11.24,1009.57,4.23,4.17 08:13:01 11/05/19
804,96.8,11.34,1009.68,4.21,4.12 08:23:37 11/05/19
795,97.4,11.514999,1009.77,5.0,4.1 08:34:12 11/05/19
803,97.6,11.62,1009.92,5.0,4.11 08:44:48 11/05/19
825,96.8,11.71,1010.12,4.31,4.14 08:55:25 11/05/19
836,96.8,11.835,1010.23,5.0,4.11 09:06:05 11/05/19
808,96.8,12.094999,1010.35,4.23,4.13 09:16:46 11/05/19
825,96.9,12.205,1010.34,5.0,4.11 09:27:22 11/05/19
868,96.9,12.309999,1010.38,4.27,4.18 09:37:55 11/05/19
875,96.8,12.62,1010.49,5.0,4.12 09:48:31 11/05/19
867,97.5,13.075,1010.53,4.31,4.2 09:59:14 11/05/19
875,96.5,13.49,1010.69,5.0,4.12 10:09:54 11/05/19
861,96.2,13.77,1010.97,5.0,4.11 10:20:30 11/05/19
854,96.2,13.885,1011.06,4.27,4.17 10:31:07 11/05/19
867,95.4,14.004999,1011.16,5.0,4.12 10:41:43 11/05/19
899,96.4,14.26,1011.24,5.0,4.11 10:52:20 11/05/19
832,95.1,14.74,1011.36,4.22,4.15 11:02:57 11/05/19
899,94.6,14.72,1011.53,5.0,4.13 11:13:33 11/05/19
896,94.2,14.96,1011.65,5.0,4.11 11:24:11 11/05/19
851,93.8,15.355,1011.71,4.27,4.17 11:34:47 11/05/19
901,93.9,15.565,1011.95,5.0,4.13 11:45:24 11/05/19
842,92.8,16.025,1012.01,5.0,4.12 11:56:01 11/05/19
843,90.7,15.875,1012.16,4.39,4.15 12:06:43 11/05/19
901,92.5,15.76,1012.44,5.0,4.13 12:17:24 11/05/19
824,91.0,16.205,1012.6,5.0,4.12 12:27:59 11/05/19
910,92.0,16.485,1012.72,5.0,4.11 12:38:37 11/05/19
911,88.8,16.965,1012.81,5.0,4.21 12:49:15 11/05/19
851,89.3,17.135,1012.96,5.0,4.13 12:59:53 11/05/19
909,89.4,17.41,1013.12,5.0,4.12 13:10:30 11/05/19
880,87.1,17.685001,1013.27,5.0,4.11 13:21:08 11/05/19
863,85.8,17.81,1013.31,4.29,4.18 13:31:45 11/05/19
911,88.5,18.095001,1013.45,5.0,4.13 13:42:21 11/05/19
912,85.4,18.029999,1013.58,5.0,4.12 13:53:00 11/05/19
847,82.5,18.115,1013.81,5.0,4.11 14:03:39 11/05/19
909,84.2,17.835,1013.97,5.0,4.22 14:14:17 11/05/19
842,82.7,18.3,1014.09,5.0,4.13 14:24:54 11/05/19
909,85.4,18.365,1014.28,5.0,4.12 14:35:33 11/05/19
835,74.7,18.51,1014.5,5.0,4.11 14:46:09 11/05/19
854,83.7,18.314999,1014.67,5.0,4.11 14:56:46 11/05/19
826,78.1,17.98,1014.83,4.26,4.13 15:07:26 11/05/19
906,81.0,17.630001,1015.06,5.0,4.13 15:18:12 11/05/19
909,84.9,18.150002,1015.33,5.0,4.12 15:28:50 11/05/19
889,81.1,18.58,1015.5,5.0,4.11 15:39:29 11/05/19
902,77.3,18.619999,1015.63,5.0,4.21 15:50:07 11/05/19
904,78.6,18.779999,1015.71,5.0,4.13 16:00:45 11/05/19
899,75.4,18.735,1015.97,5.0,4.12 16:11:23 11/05/19
901,72.9,18.455,1016.23,5.0,4.11 16:22:01 11/05/19
895,76.2,18.765,1016.43,5.0,4.1 16:32:37 11/05/19
845,70.7,18.805,1016.54,4.32,4.15 16:43:15 11/05/19
891,75.5,18.205,1016.83,5.0,4.13 16:53:54 11/05/19
891,70.9,18.275002,1016.96,5.0,4.12 17:04:30 11/05/19
887,71.2,18.04,1017.18,5.0,4.11 17:15:07 11/05/19
883,67.2,17.965,1017.43,5.0,4.11 17:25:45 11/05/19
879,71.0,17.865,1017.67,5.0,4.23 17:36:23 11/05/19
876,66.4,17.75,1017.87,5.0,4.13 17:47:02 11/05/19
767,65.6,17.51,1017.99,5.0,4.12 17:57:40 11/05/19
868,69.9,17.285,1018.16,5.0,4.11 18:08:16 11/05/19
782,68.5,17.025,1018.4,4.28,4.12 18:19:00 11/05/19
765,67.1,16.61,1018.53,5.0,4.12 18:29:40 11/05/19
853,69.5,16.27,1018.67,5.0,4.11 18:40:17 11/05/19
846,71.8,16.195,1018.71,5.0,4.1 18:50:57 11/05/19
766,71.9,16.09,1019.0,5.0,4.11 19:01:31 11/05/19
829,71.3,15.879999,1019.16,5.0,4.13 19:12:09 11/05/19
823,71.6,15.635,1019.42,5.0,4.11 19:22:51 11/05/19
805,71.1,15.42,1019.75,5.0,4.1 19:33:34 11/05/19
741,71.6,15.16,1019.93,4.16,4.11 19:44:11 11/05/19
732,72.5,14.950001,1020.16,5.0,4.17 19:54:46 11/05/19
719,72.2,14.72,1020.35,5.0,4.15 20:05:22 11/05/19
702,73.0,14.450001,1020.48,5.0,4.13 20:16:02 11/05/19
677,72.2,14.135,1020.69,5.0,4.13 20:26:36 11/05/19
668,72.7,13.815001,1020.96,5.0,4.12 20:37:13 11/05/19
649,73.6,13.52,1021.23,4.53,4.11 20:47:50 11/05/19
614,74.3,13.24,1021.42,4.93,4.11 20:58:25 11/05/19
559,73.5,12.96,1021.53,4.33,4.1 21:09:02 11/05/19
494,74.8,12.73,1021.88,4.19,4.09 21:19:40 11/05/19
402,75.3,12.52,1022.08,3.03,4.09 21:30:14 11/05/19
312,74.9,12.33,1022.41,1.53,4.08 21:40:56 11/05/19
245,74.4,12.059999,1022.57,0.47,4.08 21:51:35 11/05/19
202,75.4,11.91,1022.79,0.09,4.07 22:02:11 11/05/19
182,75.6,11.72,1023.0,0.02,4.07 22:12:47 11/05/19
174,75.9,11.535,1023.3,0.0,4.06 22:23:25 11/05/19
169,76.5,11.42,1023.41,0.0,4.06 22:33:58 11/05/19
160,75.7,11.235001,1023.72,0.0,4.05 22:44:39 11/05/19
158,75.9,11.025,1023.95,0.0,4.05 22:55:19 11/05/19
159,76.0,10.815001,1024.0,0.0,4.05 23:05:57 11/05/19
160,76.2,10.545,1024.18,0.0,4.05 23:16:30 11/05/19
158,77.5,10.315001,1024.35,0.0,4.04 23:27:07 11/05/19
159,77.1,10.115,1024.67,0.0,4.04 23:37:41 11/05/19
159,78.1,9.860001,1024.93,0.0,4.04 23:48:16 11/05/19
158,79.6,9.665,1025.12,0.0,4.04 23:58:52 11/05/19