174,99.1,13.17,1010.5,0.0,4.04 00:01:16 21/05/19
172,99.3,13.059999,1010.42,0.0,4.04 00:11:55 21/05/19
170,99.1,12.965,1010.51,0.0,4.04 00:22:29 21/05/19
171,99.2,12.895,1010.46,0.0,4.03 00:33:06 21/05/19
173,99.1,12.87,1010.49,0.0,4.03 00:43:43 21/05/19
171,99.1,12.85,1010.55,0.0,4.03 00:54:18 21/05/19
172,99.1,12.82,1010.73,0.0,4.03 01:04:55 21/05/19
171,99.9,12.75,1010.64,0.0,4.03 01:15:32 21/05/19
167,99.8,12.66,1010.44,0.0,4.03 01:26:06 21/05/19
167,99.7,12.65,1010.5,0.0,4.02 01:36:42 21/05/19
170,99.9,12.58,1010.59,0.0,4.02 01:47:21 21/05/19
169,99.9,12.57,1010.61,0.0,4.02 01:57:57 21/05/19
166,99.7,12.555,1010.67,0.0,4.02 02:08:30 21/05/19
168,99.9,12.545,1010.75,0.0,4.02 02:19:08 21/05/19
165,99.8,12.535,1010.77,0.0,4.02 02:29:44 21/05/19
168,99.9,12.450001,1010.89,0.0,4.02 02:40:19 21/05/19
168,99.9,12.365,1010.91,0.0,4.02 02:50:55 21/05/19
168,99.9,12.27,1010.83,0.0,4.01 03:01:33 21/05/19
168,99.9,12.255,1010.8,0.0,4.01 03:12:07 21/05/19
173,99.9,12.24,1010.81,0.0,4.01 03:22:50 21/05/19
169,99.9,12.18,1010.9,0.0,4.01 03:33:29 21/05/19
169,99.9,12.17,1010.83,0.0,4.01 03:44:07 21/05/19
167,99.9,12.16,1010.89,0.0,4.01 03:54:40 21/05/19
176,99.9,12.135,1010.98,0.0,4.01 04:05:23 21/05/19
173,99.9,12.125,1010.91,0.0,4.01 04:16:02 21/05/19
168,99.9,12.055,1010.99,0.0,4.01 04:26:36 21/05/19
173,99.9,11.97,1010.91,0.0,4.0 04:37:24 21/05/19
187,99.9,11.965,1010.86,0.0,4.0 04:48:03 21/05/19
192,99.9,11.955,1010.87,0.02,4.0 04:58:45 21/05/19
210,99.9,11.96,1010.8,0.11,4.0 05:09:18 21/05/19
244,99.9,11.950001,1010.83,0.45,4.0 05:19:53 21/05/19
288,99.9,11.940001,1010.94,1.2,4.0 05:30:30 21/05/19
352,99.9,11.885,1010.92,2.07,4.0 05:41:08 21/05/19
402,99.9,11.934999,1011.19,2.81,4.0 05:51:52 21/05/19
455,99.9,11.945,1011.32,3.85,4.0 06:02:28 21/05/19
526,99.9,11.885,1011.42,4.24,4.0 06:13:03 21/05/19
574,99.9,11.875,1011.39,5.0,4.0 06:23:38 21/05/19
595,99.9,11.805,1011.51,4.45,4.0 06:34:15 21/05/19
632,99.9,11.865,1011.59,5.0,4.0 06:44:52 21/05/19
654,99.9,11.865,1011.75,4.39,4.0 06:55:27 21/05/19
665,99.9,11.855,1011.76,5.0,4.01 07:06:01 21/05/19
710,99.9,11.84,1011.83,5.0,4.01 07:16:42 21/05/19
705,99.9,11.85,1011.93,5.0,4.01 07:27:15 21/05/19
724,99.9,11.860001,1011.94,5.0,4.02 07:37:50 21/05/19
707,99.9,11.934999,1011.96,4.08,4.03 07:48:25 21/05/19
736,99.9,11.865,1012.05,5.0,4.05 07:59:03 21/05/19
744,99.9,11.875,1012.18,5.0,4.06 08:09:39 21/05/19
752,99.9,11.88,1012.22,4.14,4.07 08:20:16 21/05/19
725,99.9,11.940001,1012.39,4.25,4.08 08:30:54 21/05/19
720,99.9,11.875,1012.54,5.0,4.08 08:41:35 21/05/19
716,99.9,11.925,1012.55,4.37,4.09 08:52:12 21/05/19
741,99.9,11.844999,1012.61,4.45,4.12 09:02:46 21/05/19
754,99.9,11.780001,1012.76,5.0,4.16 09:13:21 21/05/19
776,99.9,11.84,1012.73,5.0,4.12 09:23:57 21/05/19
790,99.9,11.855,1012.76,4.36,4.12 09:34:35 21/05/19
814,99.9,11.96,1012.72,5.0,4.11 09:45:12 21/05/19
809,99.9,12.155001,1012.76,5.0,4.14 09:55:50 21/05/19
809,99.9,12.355,1013.03,5.0,4.11 10:06:31 21/05/19
813,99.9,12.52,1012.93,4.23,4.14 10:17:11 21/05/19
821,99.9,12.639999,1013.03,5.0,4.11 10:27:50 21/05/19
808,99.9,12.72,1013.17,5.0,4.14 10:38:29 21/05/19
809,99.9,12.765,1013.23,5.0,4.13 10:49:02 21/05/19
817,99.9,12.844999,1013.23,5.0,4.11 10:59:40 21/05/19
824,99.9,12.955,1013.3,4.45,4.15 11:10:17 21/05/19
822,99.9,13.04,1013.35,5.0,4.13 11:20:52 21/05/19
814,99.9,13.13,1013.42,5.0,4.11 11:31:29 21/05/19
833,99.9,13.225,1013.5,4.28,4.16 11:42:05 21/05/19
858,99.8,13.415,1013.55,5.0,4.13 11:52:40 21/05/19
845,99.5,13.690001,1013.65,5.0,4.11 12:03:18 21/05/19
839,99.4,13.9,1013.73,4.29,4.17 12:13:53 21/05/19
865,99.5,14.205,1013.78,5.0,4.13 12:24:29 21/05/19
888,99.5,14.735001,1013.63,5.0,4.12 12:35:06 21/05/19
887,98.8,15.525,1013.67,5.0,4.21 12:45:55 21/05/19
894,98.0,16.045,1013.61,5.0,4.13 12:56:29 21/05/19
890,96.5,16.38,1013.65,5.0,4.12 13:07:08 21/05/19
884,96.2,16.645,1013.77,5.0,4.11 13:17:46 21/05/19
894,95.6,16.925,1013.78,5.0,4.21 13:28:24 21/05/19
876,95.9,17.135,1013.8,5.0,4.13 13:39:00 21/05/19
899,93.5,17.23,1013.89,5.0,4.12 13:49:35 21/05/19
890,95.1,17.625,1013.99,5.0,4.11 14:00:13 21/05/19
873,94.6,17.630001,1014.01,4.33,4.2 14:10:51 21/05/19
869,93.9,17.485,1014.04,5.0,4.13 14:21:31 21/05/19
867,95.4,17.535,1014.04,5.0,4.12 14:32:09 21/05/19
864,92.1,17.205,1014.06,5.0,4.11 14:42:43 21/05/19
867,93.0,17.055,1014.14,5.0,4.11 14:53:21 21/05/19
875,92.3,17.064999,1014.14,4.35,4.2 15:03:59 21/05/19
873,92.2,17.075,1014.22,5.0,4.13 15:14:39 21/05/19
889,92.1,17.245,1014.36,5.0,4.12 15:25:16 21/05/19
889,93.1,17.615,1014.37,5.0,4.11 15:35:53 21/05/19
879,90.3,17.91,1014.47,4.39,4.21 15:46:30 21/05/19
872,88.9,17.765,1014.49,5.0,4.13 15:57:07 21/05/19
884,92.5,17.675,1014.58,5.0,4.12 16:07:46 21/05/19
881,91.9,17.86,1014.55,5.0,4.11 16:18:23 21/05/19
873,92.4,17.869999,1014.63,4.27,4.21 16:29:00 21/05/19
883,91.7,17.95,1014.68,5.0,4.13 16:39:39 21/05/19
882,90.2,18.085,1014.76,5.0,4.12 16:50:17 21/05/19
868,91.0,18.17,1014.79,5.0,4.11 17:00:53 21/05/19
858,91.6,18.240002,1014.89,5.0,4.11 17:11:30 21/05/19
852,91.3,18.09,1014.97,4.26,4.16 17:22:09 21/05/19
848,86.3,17.865,1015.05,5.0,4.13 17:32:46 21/05/19
846,89.8,17.675,1015.12,5.0,4.12 17:43:24 21/05/19
865,91.2,17.675,1015.15,5.0,4.11 17:54:02 21/05/19
859,89.2,17.43,1015.29,5.0,4.1 18:04:41 21/05/19
856,90.6,17.494999,1015.34,4.28,4.17 18:15:18 21/05/19
853,90.1,17.59,1015.38,5.0,4.13 18:25:54 21/05/19
843,87.6,17.345001,1015.44,5.0,4.12 18:36:33 21/05/19
851,90.4,17.225,1015.47,5.0,4.11 18:47:12 21/05/19
842,90.3,17.01,1015.35,4.26,4.16 18:57:49 21/05/19
829,90.2,16.92,1015.47,5.0,4.13 19:08:26 21/05/19
810,90.1,16.825,1015.6,5.0,4.12 19:19:02 21/05/19
799,89.2,16.615,1015.56,5.0,4.11 19:29:39 21/05/19
783,90.5,16.44,1015.73,5.0,4.13 19:40:17 21/05/19
767,90.8,16.26,1015.81,5.0,4.13 19:50:55 21/05/19
743,90.3,16.02,1015.87,5.0,4.12 20:01:33 21/05/19
725,90.9,15.74,1015.94,5.0,4.11 20:12:11 21/05/19
708,91.4,15.450001,1016.02,4.93,4.15 20:22:46 21/05/19
691,91.2,15.135,1016.16,5.0,4.15 20:33:25 21/05/19
672,91.4,14.74,1016.26,5.0,4.16 20:44:00 21/05/19
650,91.9,14.545,1016.31,5.0,4.16 20:54:35 21/05/19
603,92.2,14.285,1016.49,4.85,4.14 21:05:14 21/05/19
568,92.5,14.13,1016.62,4.78,4.14 21:15:49 21/05/19
498,92.6,13.98,1016.73,4.23,4.12 21:26:28 21/05/19
443,93.0,13.940001,1016.81,3.95,4.11 21:37:05 21/05/19
357,93.2,13.87,1016.94,2.61,4.1 21:47:41 21/05/19
283,93.1,13.895,1017.02,1.1,4.1 21:58:16 21/05/19
234,93.5,13.695,1017.02,0.35,4.09 22:08:55 21/05/19
200,93.0,13.72,1017.14,0.09,4.08 22:19:29 21/05/19
186,93.0,13.62,1017.19,0.02,4.08 22:30:07 21/05/19
175,93.2,13.54,1017.19,0.0,4.08 22:40:42 21/05/19
169,93.3,13.450001,1017.21,0.0,4.07 22:51:19 21/05/19
169,93.3,13.33,1017.24,0.0,4.07 23:01:53 21/05/19
168,93.6,13.225,1017.29,0.0,4.07 23:12:31 21/05/19
168,93.7,13.065,1017.27,0.0,4.06 23:23:08 21/05/19
168,93.7,12.955,1017.36,0.0,4.06 23:33:42 21/05/19
168,93.5,12.92,1017.45,0.0,4.06 23:44:19 21/05/19
168,94.1,12.785,1017.5,0.0,4.05 23:54:58 21/05/19
