167,92.8,11.545,1015.48,0.0,3.97 00:04:00 29/05/19
168,92.8,11.415,1015.56,0.0,3.97 00:09:11 29/05/19
167,93.1,11.255,1015.56,0.0,3.97 00:14:26 29/05/19
166,93.1,11.155001,1015.68,0.0,3.97 00:19:40 29/05/19
165,93.1,11.055,1015.69,0.0,3.97 00:24:54 29/05/19
165,93.0,10.950001,1015.77,0.0,3.97 00:30:08 29/05/19
164,93.0,10.84,1015.75,0.0,3.97 00:35:21 29/05/19
166,93.0,10.72,1015.77,0.0,3.97 00:40:33 29/05/19
165,92.9,10.62,1015.96,0.0,3.97 00:45:47 29/05/19
163,93.2,10.52,1016.05,0.0,3.97 00:51:07 29/05/19
163,93.2,10.42,1016.11,0.0,3.97 00:56:29 29/05/19
166,93.1,10.33,1016.12,0.0,3.97 01:01:44 29/05/19
165,93.2,10.235001,1016.13,0.0,3.97 01:06:58 29/05/19
164,93.3,10.13,1016.23,0.0,3.97 01:12:13 29/05/19
163,93.7,10.035,1016.26,0.0,3.97 01:17:27 29/05/19
163,93.4,9.950001,1016.27,0.0,3.97 01:22:40 29/05/19
162,93.6,9.865,1016.39,0.0,3.97 01:27:54 29/05/19
162,93.6,9.83,1016.38,0.0,3.97 01:33:07 29/05/19
161,93.5,9.74,1016.4,0.0,3.97 01:38:23 29/05/19
162,93.5,9.66,1016.41,0.0,3.97 01:43:34 29/05/19
162,93.7,9.559999,1016.43,0.0,3.97 01:48:48 29/05/19
162,93.6,9.514999,1016.54,0.0,3.97 01:54:00 29/05/19
162,93.7,9.42,1016.63,0.0,3.96 01:59:15 29/05/19
162,93.7,9.34,1016.73,0.0,3.97 02:04:27 29/05/19
162,93.9,9.26,1016.78,0.0,3.97 02:09:40 29/05/19
162,93.6,9.215,1016.75,0.0,3.97 02:14:55 29/05/19
161,93.9,9.13,1016.71,0.0,3.97 02:20:13 29/05/19
161,93.7,9.04,1016.76,0.0,3.96 02:25:30 29/05/19
160,93.6,8.96,1016.81,0.0,3.97 02:30:44 29/05/19
162,93.8,8.93,1016.98,0.0,3.97 02:35:55 29/05/19
162,93.9,8.835,1016.98,0.0,3.97 02:41:09 29/05/19
161,93.8,8.76,1017.1,0.0,3.96 02:46:24 29/05/19
163,93.7,8.715,1017.16,0.0,3.97 02:51:37 29/05/19
163,93.8,8.635,1017.21,0.0,3.96 02:56:51 29/05/19
163,93.7,8.555,1017.22,0.0,3.96 03:02:03 29/05/19
162,94.0,8.52,1017.25,0.0,3.96 03:07:17 29/05/19
162,93.9,8.445,1017.28,0.0,3.96 03:12:29 29/05/19
160,94.2,8.365,1017.34,0.0,3.97 03:17:45 29/05/19
160,93.9,8.32,1017.37,0.0,3.96 03:22:57 29/05/19
161,93.9,8.25,1017.41,0.0,3.96 03:28:09 29/05/19
159,94.0,8.15,1017.47,0.0,3.96 03:33:28 29/05/19
160,94.0,8.115,1017.43,0.0,3.96 03:38:46 29/05/19
161,94.0,8.03,1017.57,0.0,3.96 03:44:00 29/05/19
162,93.9,7.945,1017.56,0.0,3.96 03:49:12 29/05/19
164,94.2,7.85,1017.58,0.0,3.96 03:54:24 29/05/19
164,94.0,7.815,1017.61,0.0,3.96 03:59:39 29/05/19
165,94.1,7.7349997,1017.71,0.0,3.96 04:04:52 29/05/19
169,94.1,7.65,1017.72,0.0,3.96 04:10:05 29/05/19
172,93.9,7.625,1017.7,0.0,3.96 04:15:18 29/05/19
177,94.0,7.54,1017.77,0.0,3.96 04:20:30 29/05/19
181,94.1,7.51,1017.8,0.0,3.96 04:25:45 29/05/19
188,94.2,7.4300003,1017.79,0.01,3.96 04:30:58 29/05/19
197,94.2,7.355,1017.89,0.03,3.96 04:36:11 29/05/19
208,94.1,7.3199997,1017.87,0.07,3.96 04:41:26 29/05/19
222,94.2,7.255,1017.9,0.16,3.96 04:46:42 29/05/19
239,94.3,7.24,1017.99,0.31,3.96 04:51:59 29/05/19
261,94.1,7.215,1018.07,0.6,3.96 04:57:13 29/05/19
290,94.4,7.1400003,1018.07,1.13,3.96 05:02:26 29/05/19
324,94.4,7.0699997,1018.09,1.8,3.96 05:07:39 29/05/19
364,94.4,7.035,1018.1,2.53,3.96 05:12:52 29/05/19
410,94.4,7.0150003,1018.12,3.31,3.96 05:18:09 29/05/19
449,94.3,6.945,1018.19,3.94,3.96 05:23:27 29/05/19
486,94.3,6.925,1018.2,4.08,3.96 05:28:41 29/05/19
521,94.5,6.905,1018.31,4.19,3.96 05:33:53 29/05/19
552,94.3,6.835,1018.32,4.31,3.96 05:39:05 29/05/19
580,94.4,6.8199997,1018.4,4.78,3.96 05:44:19 29/05/19
602,94.3,6.8149996,1018.41,5.0,3.96 05:49:32 29/05/19
622,94.7,6.805,1018.46,5.0,3.96 05:54:46 29/05/19
641,94.5,6.745,1018.49,4.8,3.96 05:59:59 29/05/19
654,94.6,6.745,1018.52,4.16,3.97 06:05:12 29/05/19
665,94.7,6.8,1018.58,5.0,3.97 06:10:26 29/05/19
677,94.7,6.755,1018.66,4.39,3.97 06:15:36 29/05/19
687,94.8,6.805,1018.63,5.0,3.97 06:20:51 29/05/19
694,94.7,6.8149996,1018.75,5.0,3.97 06:26:04 29/05/19
700,94.6,6.835,1018.78,5.0,3.97 06:31:18 29/05/19
709,94.7,6.895,1018.78,4.07,3.97 06:36:31 29/05/19
716,95.3,6.9300003,1018.91,4.52,3.98 06:41:44 29/05/19
723,95.5,7.02,1019.0,4.1,3.98 06:46:57 29/05/19
724,95.1,7.105,1019.02,5.0,3.98 06:52:10 29/05/19
744,95.6,7.1400003,1019.1,5.0,3.98 06:57:23 29/05/19
796,95.5,7.23,1019.12,4.16,3.99 07:02:36 29/05/19
803,95.2,7.325,1019.17,4.15,3.97 07:07:53 29/05/19
811,95.0,7.5,1019.29,4.67,3.99 07:13:11 29/05/19
817,95.4,7.625,1019.31,4.07,4.0 07:18:25 29/05/19
823,98.2,7.825,1019.38,4.1,4.0 07:23:38 29/05/19
827,97.4,8.08,1019.43,5.0,4.0 07:28:52 29/05/19
831,96.5,8.295,1019.51,4.07,4.01 07:34:02 29/05/19
835,97.4,8.559999,1019.55,4.07,4.01 07:39:19 29/05/19
838,97.1,8.77,1019.57,5.0,4.01 07:44:31 29/05/19
840,98.9,9.120001,1019.62,4.38,4.02 07:49:44 29/05/19
846,96.7,9.594999,1019.54,4.08,4.02 07:54:58 29/05/19
849,97.5,10.280001,1019.61,5.0,4.03 08:00:11 29/05/19
852,96.5,10.955,1019.68,5.0,4.04 08:05:25 29/05/19
855,96.1,11.665,1019.76,4.15,4.05 08:10:38 29/05/19
857,95.4,12.25,1019.7,5.0,4.06 08:15:52 29/05/19
860,95.5,12.9,1019.79,4.63,4.08 08:21:07 29/05/19
862,95.2,13.549999,1019.84,4.22,4.11 08:26:21 29/05/19
864,94.1,13.795,1019.86,5.0,4.14 08:31:35 29/05/19
866,93.5,13.815001,1019.9,4.4,4.2 08:36:49 29/05/19
868,93.7,13.985,1019.94,4.53,4.22 08:42:02 29/05/19
871,93.2,14.01,1020.0,4.29,4.15 08:47:16 29/05/19
871,92.9,13.865,1019.97,5.0,4.12 08:52:30 29/05/19
874,93.0,13.675,1019.96,4.3,4.16 08:57:47 29/05/19
877,92.9,13.615,1019.94,5.0,4.13 09:02:58 29/05/19
878,92.9,13.585,1020.03,4.27,4.18 09:08:18 29/05/19
879,93.0,13.594999,1020.05,5.0,4.12 09:13:34 29/05/19
881,93.2,13.59,1020.11,4.27,4.17 09:18:49 29/05/19
882,92.9,13.665,1020.1,5.0,4.13 09:24:01 29/05/19
883,93.4,13.735001,1020.19,5.0,4.11 09:29:17 29/05/19
792,60.4,21.005001,1018.93,4.17,4.1 19:16:10 29/05/19
803,64.3,20.53,1018.94,5.0,4.18 19:21:22 29/05/19
810,67.2,20.135,1018.86,5.0,4.13 19:26:37 29/05/19
812,67.1,19.945,1018.88,5.0,4.12 19:31:52 29/05/19
798,66.5,19.849998,1018.81,5.0,4.11 19:37:11 29/05/19
791,68.9,19.84,1018.82,5.0,4.11 19:42:31 29/05/19
772,67.8,19.77,1018.84,5.0,4.11 19:47:46 29/05/19
768,68.1,19.745,1018.81,4.22,4.1 19:53:01 29/05/19
763,69.4,19.67,1018.92,4.23,4.16 19:58:16 29/05/19
758,69.3,19.575,1018.9,5.0,4.16 20:03:34 29/05/19
737,70.0,19.545,1018.94,5.0,4.15 20:08:45 29/05/19
720,70.1,19.384998,1018.91,5.0,4.13 20:14:01 29/05/19
710,70.0,19.265,1018.99,5.0,4.12 20:19:24 29/05/19
698,70.0,19.17,1019.11,5.0,4.12 20:24:37 29/05/19
683,69.5,19.05,1019.08,5.0,4.12 20:29:52 29/05/19
673,69.1,18.93,1019.11,5.0,4.11 20:35:08 29/05/19
662,69.6,18.755001,1019.07,4.62,4.11 20:40:22 29/05/19
658,69.8,18.58,1019.1,4.22,4.11 20:45:36 29/05/19
665,70.1,18.455,1019.07,5.0,4.11 20:50:51 29/05/19
651,70.7,18.295,1019.09,4.98,4.11 20:56:07 29/05/19
636,70.8,18.205,1019.13,4.8,4.11 21:01:21 29/05/19
602,71.3,18.17,1019.16,4.26,4.1 21:06:38 29/05/19
563,71.6,18.085,1019.23,4.27,4.1 21:11:53 29/05/19
526,71.8,18.060001,1019.2,4.22,4.09 21:17:06 29/05/19
525,72.1,18.045,1019.24,4.16,4.09 21:22:24 29/05/19
505,72.2,17.98,1019.31,4.12,4.09 21:27:34 29/05/19
493,72.4,17.955,1019.3,3.94,4.08 21:32:49 29/05/19
468,72.7,17.88,1019.29,3.44,4.08 21:38:04 29/05/19
439,73.0,17.869999,1019.27,2.91,4.08 21:43:21 29/05/19
407,73.2,17.84,1019.24,2.4,4.07 21:48:35 29/05/19
359,73.6,17.775002,1019.46,1.65,4.07 21:53:49 29/05/19
323,73.5,17.765,1019.52,1.11,4.07 21:59:03 29/05/19
299,73.4,17.695,1019.62,0.72,4.07 22:04:18 29/05/19
277,73.8,17.675,1019.66,0.42,4.07 22:09:37 29/05/19
254,73.6,17.66,1019.69,0.2,4.07 22:14:55 29/05/19
235,73.6,17.585,1019.74,0.09,4.06 22:20:10 29/05/19
223,73.4,17.560001,1019.9,0.04,4.06 22:25:24 29/05/19
214,73.6,17.48,1019.97,0.01,4.06 22:30:41 29/05/19
209,73.7,17.465,1019.85,0.0,4.06 22:35:53 29/05/19
203,73.4,17.4,1019.87,0.0,4.06 22:41:10 29/05/19
201,73.4,17.369999,1019.91,0.0,4.06 22:46:23 29/05/19
199,73.5,17.305,1019.9,0.0,4.06 22:51:37 29/05/19
196,73.7,17.27,1019.84,0.0,4.05 22:56:53 29/05/19
193,73.5,17.2,1019.81,0.0,4.05 23:02:10 29/05/19
193,73.6,17.17,1019.8,0.0,4.05 23:07:21 29/05/19
188,73.8,17.105,1019.8,0.0,4.05 23:12:42 29/05/19
189,73.9,17.08,1019.87,0.0,4.05 23:18:01 29/05/19
190,73.8,17.01,1019.93,0.0,4.04 23:23:17 29/05/19
191,74.0,16.994999,1019.86,0.0,4.05 23:28:28 29/05/19
191,74.3,16.92,1019.84,0.0,4.04 23:33:43 29/05/19
189,74.3,16.955,1019.89,0.0,4.04 23:39:01 29/05/19
189,74.3,16.95,1019.88,0.0,4.04 23:44:11 29/05/19
190,74.5,16.88,1019.96,0.0,4.04 23:49:25 29/05/19
189,74.6,16.869999,1019.92,0.0,4.04 23:54:43 29/05/19
190,74.7,16.810001,1019.9,0.0,4.04 23:59:54 29/05/19
