0,85.9,14.555,1017.09,0.0,3.96 00:04:54 02/09/20
0,86.1,14.535,1017.11,0.0,3.96 00:10:13 02/09/20
0,86.5,14.455,1017.16,0.0,3.96 00:15:28 02/09/20
0,85.9,14.360001,1017.19,0.0,3.96 00:20:41 02/09/20
0,86.5,14.265,1017.18,0.0,3.96 00:25:56 02/09/20
0,86.8,14.235001,1017.2,0.0,3.95 00:31:10 02/09/20
0,87.3,14.155001,1017.18,0.0,3.95 00:36:27 02/09/20
0,87.8,14.135,1017.21,0.0,3.95 00:41:46 02/09/20
0,88.0,14.049999,1017.22,0.0,3.95 00:46:58 02/09/20
0,87.8,13.955,1017.16,0.0,3.91 00:52:12 02/09/20
0,87.4,13.865,1017.16,0.0,3.95 00:57:28 02/09/20
0,88.4,13.775,1017.16,0.0,3.95 01:02:42 02/09/20
0,88.1,13.735001,1017.12,0.0,3.95 01:07:54 02/09/20
0,88.4,13.645,1017.13,0.0,3.95 01:13:10 02/09/20
2,88.7,13.555,1017.14,0.0,3.95 01:18:24 02/09/20
3,89.1,13.475,1017.22,0.0,3.95 01:23:36 02/09/20
4,89.7,13.450001,1017.21,0.0,3.94 01:28:53 02/09/20
4,89.0,13.360001,1017.15,0.0,3.94 01:34:07 02/09/20
5,90.1,13.355,1017.18,0.0,3.94 01:39:21 02/09/20
6,89.9,13.34,1017.18,0.0,3.94 01:44:32 02/09/20
6,90.3,13.25,1017.22,0.0,3.94 01:49:48 02/09/20
7,89.0,13.245001,1017.14,0.0,3.94 01:55:00 02/09/20
7,89.4,13.18,1017.18,0.0,3.94 02:00:16 02/09/20
7,89.7,13.22,1017.1,0.0,3.93 02:05:33 02/09/20
4,90.0,13.16,1017.13,0.0,3.93 02:10:53 02/09/20
2,90.2,13.155001,1017.08,0.0,3.94 02:16:04 02/09/20
1,90.4,13.145,1017.08,0.0,3.93 02:21:20 02/09/20
1,90.5,13.085,1017.08,0.0,3.93 02:26:34 02/09/20
2,90.6,13.065,1017.05,0.0,3.93 02:31:46 02/09/20
5,90.6,13.049999,1017.08,0.0,3.92 02:37:05 02/09/20
7,91.2,13.049999,1017.04,0.0,3.93 02:42:25 02/09/20
8,91.0,13.035,1017.0,0.0,3.92 02:47:38 02/09/20
8,91.3,12.965,1017.02,0.0,3.93 02:52:52 02/09/20
8,91.6,12.950001,1017.03,0.0,3.92 02:58:06 02/09/20
8,91.5,12.87,1016.96,0.0,3.88 03:03:24 02/09/20
12,91.4,12.85,1016.92,0.0,3.92 03:08:42 02/09/20
12,91.6,12.775,1016.9,0.0,3.92 03:13:54 02/09/20
12,91.6,12.74,1016.85,0.0,3.92 03:19:10 02/09/20
11,91.8,12.655001,1016.79,0.0,3.92 03:24:24 02/09/20
9,92.0,12.625,1016.77,0.01,3.92 03:29:37 02/09/20
9,91.8,12.545,1016.81,0.01,3.92 03:34:52 02/09/20
8,92.0,12.46,1016.78,0.01,3.92 03:40:03 02/09/20
8,91.9,12.375,1016.78,0.0,3.92 03:45:17 02/09/20
8,92.0,12.35,1016.79,0.01,3.92 03:50:33 02/09/20
7,92.0,12.280001,1016.82,0.0,3.92 03:55:46 02/09/20
7,92.0,12.26,1016.89,0.0,3.91 04:01:01 02/09/20
6,92.2,12.235001,1016.8,0.0,3.91 04:06:12 02/09/20
6,92.5,12.155001,1016.75,0.0,3.91 04:11:30 02/09/20
6,92.6,12.085,1016.76,0.0,3.91 04:16:40 02/09/20
4,92.6,12.065,1016.68,0.0,3.91 04:21:55 02/09/20
6,92.2,12.059999,1016.69,0.0,3.91 04:27:09 02/09/20
5,92.1,12.055,1016.67,0.0,3.91 04:32:21 02/09/20
5,92.7,12.0,1016.63,0.0,3.91 04:37:35 02/09/20
5,92.9,11.985001,1016.62,0.0,3.91 04:42:49 02/09/20
5,92.4,11.97,1016.57,0.0,3.9 04:48:13 02/09/20
5,92.5,11.97,1016.5,0.0,3.9 04:53:30 02/09/20
4,93.2,12.02,1016.5,0.0,3.91 04:58:47 02/09/20
4,93.1,11.97,1016.49,0.0,3.9 05:04:03 02/09/20
4,93.3,11.97,1016.48,0.0,3.9 05:09:16 02/09/20
5,92.7,11.965,1016.47,0.0,3.85 05:14:33 02/09/20
4,91.7,11.96,1016.52,0.0,3.9 05:19:50 02/09/20
4,92.0,12.02,1016.57,0.0,3.9 05:25:14 02/09/20
4,93.1,12.035,1016.58,0.0,3.9 05:30:26 02/09/20
4,93.2,12.04,1016.6,0.0,3.9 05:35:40 02/09/20
4,94.0,12.049999,1016.57,0.0,3.9 05:40:54 02/09/20
4,94.8,12.049999,1016.55,0.0,3.9 05:46:08 02/09/20
5,94.3,12.055,1016.62,0.0,3.9 05:51:23 02/09/20
5,93.1,12.055,1016.6,0.0,3.9 05:56:41 02/09/20
4,94.0,12.04,1016.57,0.0,3.9 06:01:57 02/09/20
5,94.6,12.035,1016.58,0.0,3.9 06:07:13 02/09/20
5,93.5,11.97,1016.59,0.01,3.9 06:12:25 02/09/20
5,94.2,12.01,1016.67,0.05,3.9 06:17:39 02/09/20
6,94.4,11.955,1016.59,0.14,3.9 06:22:52 02/09/20
7,94.4,11.955,1016.6,0.36,3.89 06:28:15 02/09/20
9,94.7,11.955,1016.63,0.84,3.9 06:33:30 02/09/20
13,94.5,11.955,1016.61,1.54,3.89 06:38:43 02/09/20
19,94.9,11.945,1016.6,2.26,3.89 06:43:55 02/09/20
28,95.3,11.940001,1016.64,2.99,3.89 06:49:12 02/09/20
39,95.0,11.934999,1016.57,3.65,3.89 06:54:25 02/09/20
49,95.1,11.934999,1016.58,3.97,3.89 06:59:38 02/09/20
59,95.4,11.87,1016.61,4.14,3.89 07:04:52 02/09/20
67,95.4,11.85,1016.64,4.05,3.89 07:10:06 02/09/20
78,95.1,11.775,1016.75,4.85,3.89 07:15:21 02/09/20
87,95.1,11.74,1016.74,4.36,3.9 07:20:33 02/09/20
92,95.3,11.66,1016.77,5.0,3.68 07:25:57 02/09/20
101,95.2,11.639999,1016.77,4.67,3.9 07:31:09 02/09/20
108,94.6,11.549999,1016.76,5.0,3.9 07:36:22 02/09/20
119,95.3,11.475,1016.84,4.08,3.9 07:41:36 02/09/20
130,95.3,11.465,1016.84,4.2,3.91 07:46:48 02/09/20
146,94.5,11.46,1016.92,5.0,3.91 07:52:05 02/09/20
153,94.3,11.475,1016.96,4.04,3.92 07:57:16 02/09/20
164,93.9,11.549999,1017.05,4.64,3.93 08:02:31 02/09/20
173,93.3,11.65,1017.08,4.02,3.93 08:07:46 02/09/20
182,94.1,11.765,1017.11,5.0,3.95 08:12:57 02/09/20
172,94.9,11.925,1017.2,4.04,3.96 08:18:11 02/09/20
174,94.5,12.059999,1017.16,4.02,3.95 08:23:28 02/09/20
178,96.6,12.26,1017.16,4.16,3.97 08:28:41 02/09/20
179,96.7,12.504999,1017.2,4.19,3.98 08:33:54 02/09/20
178,95.1,12.639999,1017.23,5.0,3.98 08:39:08 02/09/20
182,94.7,12.815001,1017.2,4.04,3.97 08:44:21 02/09/20
208,96.8,12.945,1017.27,4.23,4.01 08:49:35 02/09/20
212,94.9,13.12,1017.27,4.13,4.04 08:54:49 02/09/20
227,94.8,13.305,1017.26,4.18,4.06 09:00:04 02/09/20
226,94.9,13.504999,1017.36,4.15,4.08 09:05:18 02/09/20
216,95.0,13.71,1017.33,4.37,4.1 09:10:30 02/09/20
225,95.6,13.915,1017.36,4.24,4.09 09:15:46 02/09/20
217,94.9,14.12,1017.38,5.0,4.12 09:21:00 02/09/20
209,95.4,14.305,1017.39,5.0,4.14 09:26:14 02/09/20
242,95.9,14.51,1017.38,4.38,4.15 09:31:31 02/09/20
237,98.7,14.815001,1017.45,4.3,4.17 09:36:50 02/09/20
232,97.4,15.1,1017.38,4.23,4.15 09:42:02 02/09/20
236,95.5,15.32,1017.35,4.34,4.17 09:47:18 02/09/20
237,95.5,15.514999,1017.28,4.3,4.17 09:52:31 02/09/20
241,95.7,15.805,1017.34,4.27,4.15 09:57:48 02/09/20
243,95.5,16.08,1017.33,4.3,4.18 10:02:59 02/09/20
247,96.5,16.37,1017.38,5.0,4.18 10:08:15 02/09/20
249,96.0,16.59,1017.45,4.36,4.19 10:13:28 02/09/20
248,95.3,16.785,1017.44,5.0,4.19 10:18:43 02/09/20
252,94.6,16.970001,1017.41,4.31,4.2 10:23:58 02/09/20
255,95.2,17.165,1017.49,4.45,4.21 10:29:14 02/09/20
254,95.1,17.365,1017.56,4.6,4.21 10:34:29 02/09/20
257,94.7,17.54,1017.56,4.75,4.21 10:39:43 02/09/20
259,95.6,17.665,1017.58,4.85,4.21 10:44:57 02/09/20
259,94.8,17.825,1017.59,5.0,4.21 10:50:11 02/09/20
257,94.0,17.939999,1017.68,5.0,4.21 10:55:24 02/09/20
261,94.2,18.045,1017.65,5.0,4.21 11:00:40 02/09/20
260,94.2,18.154999,1017.67,5.0,4.21 11:05:53 02/09/20
264,94.0,18.325,1017.69,5.0,4.21 11:11:10 02/09/20
264,93.8,18.43,1017.64,5.0,4.21 11:16:24 02/09/20
263,93.3,18.55,1017.69,5.0,4.21 11:21:37 02/09/20
265,91.7,18.715,1017.69,5.0,4.21 11:26:54 02/09/20
269,92.7,18.765,1017.62,5.0,4.21 11:32:09 02/09/20
267,92.8,18.915,1017.72,5.0,4.21 11:37:22 02/09/20
271,92.7,19.09,1017.63,5.0,4.21 11:42:38 02/09/20
271,91.3,19.220001,1017.65,5.0,4.21 11:47:54 02/09/20
273,92.2,19.395,1017.63,5.0,4.21 11:53:08 02/09/20
275,91.8,19.58,1017.58,5.0,4.21 11:58:26 02/09/20
263,91.4,19.775,1017.5,5.0,4.21 12:03:45 02/09/20
265,90.5,19.925,1017.57,5.0,4.21 12:09:01 02/09/20
230,90.9,20.08,1017.54,4.32,4.21 12:14:16 02/09/20
244,91.1,20.18,1017.49,5.0,4.21 12:19:29 02/09/20
246,88.8,20.225,1017.45,5.0,4.21 12:24:44 02/09/20
284,88.9,20.31,1017.45,5.0,4.21 12:30:01 02/09/20
265,90.7,20.41,1017.34,5.0,4.21 12:35:16 02/09/20
281,90.6,20.650002,1017.37,5.0,4.21 12:40:31 02/09/20
289,90.8,20.875,1017.3,5.0,4.21 12:45:46 02/09/20
249,90.1,21.150002,1017.3,5.0,4.21 12:51:01 02/09/20
219,90.1,21.369999,1017.25,4.33,4.21 12:56:17 02/09/20
228,85.5,21.395,1017.18,5.0,4.21 13:01:31 02/09/20
216,87.9,21.380001,1017.21,4.36,4.21 13:06:46 02/09/20
235,89.3,21.4,1017.16,5.0,4.21 13:12:06 02/09/20
216,88.6,21.51,1017.15,4.32,4.21 13:17:24 02/09/20
199,85.9,21.45,1017.1,4.32,4.19 13:22:40 02/09/20
288,86.5,21.345,1017.1,5.0,4.2 13:27:56 02/09/20
275,84.9,21.41,1017.09,5.0,4.21 13:33:11 02/09/20
201,86.7,21.425,1017.09,4.63,4.18 13:38:27 02/09/20
199,85.2,21.275002,1016.98,4.28,4.18 13:43:41 02/09/20
178,80.4,21.240002,1017.01,4.25,4.17 13:48:56 02/09/20
178,85.1,21.075,1017.02,4.32,4.17 13:54:11 02/09/20
178,84.8,20.970001,1017.04,5.0,4.17 13:59:27 02/09/20
185,84.4,20.915,1017.05,4.77,4.17 14:04:40 02/09/20
201,82.1,20.765,1017.01,4.32,4.19 14:09:57 02/09/20
209,82.3,20.695,1016.91,4.41,4.19 14:15:10 02/09/20
217,80.2,20.745,1016.96,4.65,4.2 14:20:28 02/09/20
306,86.8,20.92,1016.9,5.0,4.21 14:25:41 02/09/20
304,82.5,21.36,1016.89,5.0,4.21 14:30:55 02/09/20
302,86.9,21.855,1016.8,5.0,4.21 14:36:12 02/09/20
195,84.6,22.175,1016.85,4.72,4.19 14:41:27 02/09/20
199,83.7,22.29,1016.7,4.31,4.2 14:46:43 02/09/20
189,79.0,22.39,1016.68,4.46,4.19 14:51:58 02/09/20
175,79.1,22.245,1016.62,4.31,4.17 14:57:13 02/09/20
161,78.3,21.99,1016.57,4.26,4.17 15:02:29 02/09/20
244,80.6,21.86,1016.6,5.0,4.21 15:07:45 02/09/20
189,77.3,21.77,1016.56,4.28,4.19 15:12:59 02/09/20
284,82.0,21.75,1016.55,5.0,4.21 15:18:14 02/09/20
284,81.1,22.005001,1016.51,5.0,4.2 15:23:30 02/09/20
286,75.2,22.130001,1016.36,5.0,4.21 15:28:44 02/09/20
289,81.3,22.395,1016.4,5.0,4.21 15:34:00 02/09/20
272,76.9,22.825,1016.35,5.0,4.21 15:39:16 02/09/20
194,78.2,23.04,1016.34,4.39,4.19 15:44:31 02/09/20
261,77.7,23.005001,1016.32,5.0,4.21 15:49:47 02/09/20
186,74.6,22.925,1016.27,4.35,4.14 15:55:03 02/09/20
181,75.2,22.73,1016.31,5.0,4.18 16:00:18 02/09/20
200,74.9,22.555,1016.33,4.29,4.19 16:05:33 02/09/20
178,68.4,22.46,1016.29,5.0,4.17 16:10:46 02/09/20
177,72.2,22.28,1016.26,5.0,4.17 16:16:03 02/09/20
171,70.8,22.1,1016.19,4.4,4.17 16:21:19 02/09/20
157,73.8,22.0,1016.19,4.22,4.15 16:26:32 02/09/20
151,75.3,21.955,1016.25,4.57,4.15 16:31:49 02/09/20
143,73.3,21.935,1016.26,4.3,4.15 16:37:05 02/09/20
133,71.9,21.865,1016.33,5.0,4.15 16:42:19 02/09/20
123,73.5,21.785,1016.34,4.22,4.15 16:47:35 02/09/20
122,74.3,21.755001,1016.35,5.0,4.16 16:52:50 02/09/20
128,74.2,21.67,1016.35,4.22,4.14 16:58:06 02/09/20
137,73.8,21.650002,1016.3,4.31,4.15 17:03:20 02/09/20
147,72.9,21.58,1016.32,5.0,4.14 17:08:34 02/09/20
165,74.1,21.57,1016.31,5.0,4.18 17:13:50 02/09/20
215,76.9,21.67,1016.28,5.0,4.21 17:19:07 02/09/20
206,75.8,21.939999,1016.25,5.0,4.21 17:24:22 02/09/20
258,73.3,22.29,1016.2,5.0,4.21 17:29:37 02/09/20
262,72.1,22.45,1016.28,5.0,4.21 17:34:57 02/09/20
232,71.7,22.7,1016.29,5.0,4.21 17:40:17 02/09/20
210,66.6,22.73,1016.36,5.0,4.21 17:45:32 02/09/20
218,69.0,22.755001,1016.39,5.0,4.21 17:50:47 02/09/20
217,71.2,22.82,1016.36,4.39,4.21 17:56:01 02/09/20
198,71.5,22.84,1016.34,4.31,4.17 18:01:19 02/09/20
195,72.2,22.84,1016.41,4.3,4.2 18:06:34 02/09/20
190,68.6,22.835,1016.41,4.29,4.19 18:11:49 02/09/20
208,69.1,22.695,1016.39,4.65,4.19 18:17:03 02/09/20
172,67.7,22.61,1016.39,4.29,4.18 18:22:20 02/09/20
192,71.1,22.575,1016.45,4.29,4.18 18:27:35 02/09/20
186,70.1,22.564999,1016.49,4.26,4.17 18:32:52 02/09/20
181,67.1,22.41,1016.56,5.0,4.18 18:38:04 02/09/20
179,64.8,22.235,1016.59,4.38,4.19 18:43:25 02/09/20
204,69.0,22.175,1016.61,5.0,4.21 18:48:43 02/09/20
188,68.6,22.01,1016.66,5.0,4.21 18:54:00 02/09/20
181,68.3,21.925,1016.67,5.0,4.21 18:59:16 02/09/20
170,69.7,21.89,1016.61,5.0,4.21 19:04:30 02/09/20
154,66.9,21.654999,1016.61,5.0,4.2 19:09:46 02/09/20
156,69.1,21.595001,1016.7,4.38,4.2 19:15:03 02/09/20
143,67.7,21.43,1016.63,4.25,4.15 19:20:17 02/09/20
123,67.4,21.3,1016.57,4.22,4.14 19:25:31 02/09/20
107,66.7,21.130001,1016.64,4.34,4.13 19:30:47 02/09/20
93,67.1,21.01,1016.66,5.0,4.15 19:36:02 02/09/20
88,67.0,20.89,1016.68,5.0,4.14 19:41:17 02/09/20
76,66.9,20.71,1016.79,4.62,4.14 19:46:33 02/09/20
66,67.2,20.535,1016.81,4.83,4.12 19:51:51 02/09/20
64,67.2,20.395,1016.81,5.0,4.1 19:57:15 02/09/20
63,67.3,20.19,1016.93,4.91,4.1 20:02:35 02/09/20
56,67.6,20.0,1017.03,4.38,4.09 20:07:48 02/09/20
46,68.1,19.805,1017.05,4.27,4.08 20:13:09 02/09/20
33,68.4,19.61,1016.99,3.86,4.07 20:18:26 02/09/20
25,69.0,19.41,1017.07,3.31,4.07 20:23:42 02/09/20
19,69.4,19.215,1017.12,2.79,4.06 20:28:58 02/09/20
13,69.9,19.02,1017.16,2.19,4.05 20:34:13 02/09/20
6,70.5,18.89,1017.29,1.37,4.05 20:39:28 02/09/20
3,70.9,18.645,1017.24,0.75,4.04 20:44:42 02/09/20
0,71.4,18.445,1017.3,0.38,4.04 20:49:56 02/09/20
0,72.2,18.32,1017.41,0.13,4.03 20:55:12 02/09/20
0,72.4,18.135,1017.52,0.04,4.03 21:00:26 02/09/20
0,73.0,18.005001,1017.61,0.01,4.02 21:05:42 02/09/20
0,73.5,17.83,1017.64,0.0,4.02 21:10:54 02/09/20
0,74.2,17.71,1017.63,0.0,4.02 21:16:10 02/09/20
0,74.4,17.535,1017.63,0.0,4.01 21:21:25 02/09/20
0,74.9,17.415,1017.73,0.0,3.97 21:26:45 02/09/20
0,75.2,17.255001,1017.74,0.0,3.96 21:32:02 02/09/20
0,75.5,17.125,1017.71,0.0,4.01 21:37:22 02/09/20
0,75.1,17.015,1017.75,0.0,4.01 21:42:39 02/09/20
0,76.5,16.85,1017.8,0.0,4.0 21:47:54 02/09/20
0,76.8,16.735,1017.82,0.0,4.0 21:53:09 02/09/20
0,76.7,16.64,1017.73,0.0,4.0 21:58:23 02/09/20
0,77.5,16.475,1017.72,0.0,4.0 22:03:41 02/09/20
0,77.8,16.425,1017.7,0.0,3.99 22:08:56 02/09/20
0,77.4,16.275002,1017.67,0.0,3.99 22:14:15 02/09/20
0,78.3,16.17,1017.77,0.0,3.99 22:19:29 02/09/20
0,79.1,16.07,1017.84,0.0,3.99 22:24:44 02/09/20
0,78.8,15.975,1017.89,0.0,3.99 22:29:58 02/09/20
0,79.4,15.870001,1017.9,0.0,3.98 22:35:16 02/09/20
0,79.6,15.775001,1017.85,0.0,3.98 22:40:36 02/09/20
0,80.1,15.67,1017.81,0.0,3.98 22:45:54 02/09/20
0,80.5,15.58,1017.81,0.0,3.98 22:51:13 02/09/20
0,80.9,15.525,1017.81,0.0,3.98 22:56:25 02/09/20
0,80.5,15.365,1017.7,0.0,3.98 23:01:40 02/09/20
0,80.1,15.25,1017.66,0.0,3.97 23:06:55 02/09/20
0,81.7,15.16,1017.65,0.0,3.97 23:12:10 02/09/20
0,82.0,15.075,1017.68,0.0,3.97 23:17:24 02/09/20
0,81.7,15.045,1017.68,0.0,3.97 23:22:36 02/09/20
0,81.1,14.965,1017.67,0.0,3.97 23:27:51 02/09/20
0,83.2,14.940001,1017.6,0.0,3.96 23:33:06 02/09/20
0,82.6,14.855,1017.63,0.0,3.96 23:38:21 02/09/20
2,83.3,14.775,1017.61,0.0,3.91 23:43:38 02/09/20
2,83.5,14.745001,1017.51,0.0,3.96 23:48:55 02/09/20
3,83.7,14.665,1017.5,0.0,3.96 23:54:10 02/09/20
5,84.2,14.58,1017.56,0.0,3.96 23:59:26 02/09/20
