0,96.3,21.135,1017.4,0.0,3.96 00:00:53 04/09/20
0,96.4,21.135,1017.57,0.0,3.96 00:06:09 04/09/20
0,97.4,21.125,1017.58,0.0,3.96 00:11:24 04/09/20
0,97.3,21.08,1017.54,0.0,3.96 00:16:37 04/09/20
0,98.3,21.125,1017.51,0.0,3.96 00:21:54 04/09/20
0,98.6,21.125,1017.48,0.0,3.96 00:27:10 04/09/20
0,99.4,21.075,1017.52,0.0,3.96 00:32:22 04/09/20
0,99.6,21.130001,1017.5,0.0,3.95 00:37:39 04/09/20
0,99.1,21.085,1017.54,0.0,3.95 00:42:54 04/09/20
0,98.9,21.130001,1017.52,0.0,3.95 00:48:09 04/09/20
0,99.7,21.08,1017.56,0.0,3.95 00:53:25 04/09/20
0,99.6,21.075,1017.68,0.0,3.95 00:58:44 04/09/20
0,98.4,21.064999,1017.62,0.0,3.95 01:04:04 04/09/20
0,99.4,21.064999,1017.71,0.0,3.95 01:09:19 04/09/20
0,99.4,21.045,1017.71,0.0,3.95 01:14:34 04/09/20
0,99.1,20.99,1017.77,0.0,3.9 01:19:49 04/09/20
0,99.9,20.99,1017.76,0.0,3.95 01:25:03 04/09/20
0,99.9,20.98,1017.76,0.0,3.95 01:30:20 04/09/20
0,99.9,20.974998,1017.8,0.0,3.95 01:35:36 04/09/20
0,99.9,20.994999,1017.75,0.0,3.94 01:40:49 04/09/20
0,99.8,20.98,1017.82,0.0,3.94 01:46:05 04/09/20
0,99.8,20.974998,1017.74,0.0,3.94 01:51:21 04/09/20
0,99.9,20.974998,1017.72,0.0,3.94 01:56:35 04/09/20
0,99.5,20.97,1017.76,0.0,3.94 02:01:50 04/09/20
0,99.5,20.955,1017.78,0.0,3.94 02:07:05 04/09/20
0,99.9,20.955,1017.82,0.0,3.94 02:12:19 04/09/20
0,99.9,20.900002,1017.76,0.0,3.94 02:17:35 04/09/20
0,99.3,20.875,1017.68,0.0,3.94 02:22:50 04/09/20
0,99.9,20.87,1017.7,0.0,3.94 02:28:05 04/09/20
0,99.9,20.8,1017.71,0.0,3.93 02:33:20 04/09/20
0,99.9,20.77,1017.73,0.0,3.94 02:38:39 04/09/20
0,99.9,20.705,1017.83,0.0,3.94 02:43:59 04/09/20
0,99.9,20.685001,1017.83,0.0,3.93 02:49:14 04/09/20
2,99.9,20.68,1017.94,0.0,3.93 02:54:29 04/09/20
7,99.9,20.654999,1017.94,0.0,3.93 02:59:42 04/09/20
6,99.9,20.58,1017.92,0.0,3.93 03:04:59 04/09/20
5,99.9,20.555,1017.97,0.0,3.93 03:10:14 04/09/20
0,99.9,20.485,1017.93,0.0,3.92 03:15:30 04/09/20
2,99.9,20.46,1017.89,0.0,3.93 03:20:44 04/09/20
0,99.9,20.39,1017.86,0.0,3.93 03:26:00 04/09/20
0,99.9,20.37,1017.84,0.0,3.9 03:31:15 04/09/20
0,99.9,20.315,1017.94,0.0,3.92 03:36:30 04/09/20
0,99.9,20.305,1017.82,0.0,3.92 03:41:45 04/09/20
0,99.9,20.345001,1017.82,0.0,3.92 03:47:00 04/09/20
0,99.9,20.29,1017.7,0.0,3.92 03:52:15 04/09/20
0,99.9,20.295,1017.74,0.0,3.92 03:57:30 04/09/20
0,99.9,20.285,1017.7,0.0,3.92 04:02:44 04/09/20
0,99.9,20.279999,1017.76,0.0,3.92 04:07:59 04/09/20
0,99.9,20.27,1017.79,0.0,3.92 04:13:14 04/09/20
0,99.9,20.25,1017.79,0.0,3.92 04:18:29 04/09/20
0,99.9,20.244999,1017.82,0.0,3.92 04:23:44 04/09/20
0,99.9,20.2,1017.8,0.0,3.92 04:28:59 04/09/20
0,99.9,20.189999,1017.77,0.0,3.92 04:34:14 04/09/20
0,99.9,20.244999,1017.74,0.0,3.92 04:39:29 04/09/20
0,99.9,20.195,1017.75,0.0,3.92 04:44:42 04/09/20
7,99.9,20.185001,1017.81,0.0,3.92 04:49:59 04/09/20
7,99.9,20.195,1017.77,0.0,3.91 04:55:14 04/09/20
2,99.9,20.185001,1017.77,0.0,3.91 05:00:27 04/09/20
6,99.9,20.17,1017.7,0.0,3.91 05:05:44 04/09/20
9,99.9,20.16,1017.79,0.0,3.91 05:11:00 04/09/20
7,99.9,20.14,1017.82,0.0,3.91 05:16:15 04/09/20
10,99.9,20.08,1017.88,0.0,3.91 05:21:32 04/09/20
9,99.9,20.055,1017.9,0.0,3.91 05:26:52 04/09/20
7,99.9,19.98,1017.93,0.0,3.91 05:32:07 04/09/20
6,99.9,19.965,1017.98,0.0,3.91 05:37:22 04/09/20
5,99.9,19.895,1017.95,0.0,3.91 05:42:37 04/09/20
5,99.9,19.92,1017.95,0.0,3.91 05:47:56 04/09/20
5,99.9,19.86,1017.97,0.0,3.91 05:53:16 04/09/20
8,99.9,19.79,1018.0,0.0,3.91 05:58:31 04/09/20
5,99.9,19.77,1018.03,0.0,3.91 06:03:46 04/09/20
5,99.9,19.755001,1017.99,0.0,3.91 06:09:00 04/09/20
6,99.9,19.74,1017.95,0.0,3.91 06:14:15 04/09/20
5,99.9,19.67,1018.06,0.01,3.91 06:19:30 04/09/20
6,99.9,19.665,1017.99,0.05,3.91 06:24:43 04/09/20
7,99.9,19.595001,1018.01,0.11,3.9 06:30:01 04/09/20
8,99.9,19.64,1018.04,0.29,3.9 06:35:15 04/09/20
14,99.9,19.630001,1017.98,0.92,3.9 06:40:30 04/09/20
17,99.9,19.575,1018.03,1.34,3.9 06:45:49 04/09/20
26,99.9,19.630001,1018.0,2.28,3.91 06:51:09 04/09/20
36,99.9,19.57,1018.06,2.94,3.9 06:56:24 04/09/20
41,99.9,19.57,1018.09,3.22,3.9 07:01:38 04/09/20
47,99.9,19.564999,1018.17,3.66,3.91 07:06:53 04/09/20
54,99.9,19.555,1018.2,3.9,3.9 07:12:08 04/09/20
61,99.9,19.564999,1018.22,4.0,3.9 07:17:23 04/09/20
61,99.9,19.545,1018.27,3.99,3.91 07:22:36 04/09/20
79,99.9,19.5,1018.28,4.51,3.9 07:27:50 04/09/20
83,99.9,19.545,1018.38,4.29,3.9 07:33:08 04/09/20
61,99.9,19.545,1018.52,3.96,3.9 07:38:22 04/09/20
69,99.9,19.485,1018.56,4.19,3.9 07:43:37 04/09/20
71,99.9,19.48,1018.53,4.19,3.88 07:48:52 04/09/20
73,99.9,19.47,1018.59,4.17,3.9 07:54:07 04/09/20
78,99.9,19.46,1018.71,4.38,3.9 07:59:21 04/09/20
86,99.9,19.39,1018.77,4.48,3.9 08:04:36 04/09/20
137,99.9,19.37,1018.82,5.0,3.91 08:09:52 04/09/20
128,99.9,19.285,1018.91,4.91,3.91 08:15:06 04/09/20
157,99.9,19.265,1018.89,4.13,3.92 08:20:21 04/09/20
132,99.9,19.255001,1019.0,5.0,3.91 08:25:39 04/09/20
127,99.9,19.205,1018.99,4.95,3.9 08:30:59 04/09/20
126,99.9,19.18,1019.01,4.63,3.91 08:36:14 04/09/20
166,99.9,19.099998,1019.0,4.21,3.91 08:41:28 04/09/20
156,99.9,19.095001,1019.05,5.0,3.92 08:46:43 04/09/20
190,99.9,19.099998,1019.11,4.21,3.95 08:51:58 04/09/20
181,99.9,19.099998,1019.09,4.89,3.94 08:57:13 04/09/20
197,99.9,19.16,1019.21,4.01,3.95 09:02:28 04/09/20
198,99.9,19.175,1019.17,4.2,3.96 09:07:43 04/09/20
185,99.9,19.26,1019.33,4.12,3.96 09:12:57 04/09/20
196,99.9,19.220001,1019.41,4.06,3.96 09:18:12 04/09/20
191,99.9,19.215,1019.46,5.0,3.96 09:23:28 04/09/20
184,99.9,19.215,1019.46,4.15,3.96 09:28:42 04/09/20
174,99.9,19.205,1019.47,5.0,3.96 09:33:56 04/09/20
186,99.9,19.2,1019.54,4.17,3.97 09:39:11 04/09/20
175,99.9,19.18,1019.48,5.0,3.97 09:44:26 04/09/20
186,99.9,19.17,1019.44,5.0,3.97 09:49:42 04/09/20
191,99.9,19.17,1019.5,4.06,3.93 09:54:57 04/09/20
211,99.9,19.18,1019.63,4.14,3.98 10:00:14 04/09/20
186,99.9,19.185001,1019.63,5.0,3.98 10:05:34 04/09/20
196,99.9,19.17,1019.7,4.11,3.99 10:10:49 04/09/20
203,99.9,19.17,1019.75,5.0,3.99 10:16:07 04/09/20
188,99.9,19.18,1019.8,4.95,3.99 10:21:27 04/09/20
221,99.9,19.189999,1019.8,5.0,4.02 10:26:42 04/09/20
224,99.9,19.265,1019.9,4.21,4.03 10:31:57 04/09/20
225,99.9,19.29,1019.89,5.0,4.01 10:37:11 04/09/20
225,99.9,19.315,1020.03,4.3,4.05 10:42:26 04/09/20
254,99.9,19.385,1020.0,5.0,4.11 10:47:39 04/09/20
254,99.9,19.474998,1020.09,4.29,4.14 10:52:56 04/09/20
225,99.9,19.57,1020.01,4.27,4.13 10:58:11 04/09/20
211,99.9,19.59,1020.04,4.27,4.13 11:03:26 04/09/20
214,99.9,19.505,1020.02,4.24,4.16 11:08:39 04/09/20
240,99.9,19.405,1020.0,4.27,4.17 11:13:55 04/09/20
212,99.9,19.325,1019.95,4.36,4.17 11:19:11 04/09/20
200,99.9,19.29,1020.0,4.26,4.15 11:24:29 04/09/20
206,99.9,19.21,1020.04,4.48,4.17 11:29:46 04/09/20
207,99.9,19.195,1020.05,4.28,4.17 11:35:04 04/09/20
195,99.9,19.189999,1020.12,4.2,4.15 11:40:18 04/09/20
201,99.9,19.195,1020.08,4.37,4.16 11:45:32 04/09/20
192,99.9,19.195,1020.12,4.21,4.15 11:50:47 04/09/20
252,99.9,19.265,1020.05,4.35,4.2 11:56:00 04/09/20
220,99.9,19.32,1020.12,4.27,4.18 12:01:18 04/09/20
243,99.9,19.46,1020.07,4.28,4.2 12:06:32 04/09/20
233,99.9,19.5,1020.09,4.31,4.19 12:11:47 04/09/20
241,99.9,19.58,1019.97,4.31,4.2 12:17:03 04/09/20
280,99.9,19.685001,1019.85,5.0,4.21 12:22:16 04/09/20
270,99.9,19.855,1019.87,5.0,4.21 12:27:30 04/09/20
260,99.9,19.98,1019.8,5.0,4.21 12:32:46 04/09/20
252,99.9,20.07,1019.85,4.4,4.2 12:38:01 04/09/20
224,99.9,20.16,1019.86,5.0,4.18 12:43:17 04/09/20
224,99.9,20.165,1019.9,4.87,4.18 12:48:32 04/09/20
210,99.9,20.175,1019.94,5.0,4.17 12:53:47 04/09/20
233,99.9,20.165,1019.95,4.3,4.19 12:59:00 04/09/20
258,99.9,20.189999,1019.93,5.0,4.21 13:04:14 04/09/20
277,99.9,20.335,1019.83,5.0,4.21 13:09:36 04/09/20
230,99.9,20.474998,1019.77,4.47,4.2 13:14:54 04/09/20
233,99.9,20.55,1019.71,4.31,4.2 13:20:10 04/09/20
241,99.9,20.645,1019.82,4.37,4.21 13:25:25 04/09/20
265,99.9,20.67,1019.72,5.0,4.21 13:30:40 04/09/20
260,99.9,20.845001,1019.68,5.0,4.21 13:35:54 04/09/20
237,99.9,21.02,1019.76,4.89,4.21 13:41:10 04/09/20
243,99.9,21.06,1019.64,5.0,4.21 13:46:25 04/09/20
244,99.9,21.08,1019.53,5.0,4.21 13:51:40 04/09/20
267,99.9,21.14,1019.56,5.0,4.21 13:56:56 04/09/20
284,99.6,21.16,1019.57,5.0,4.22 14:02:11 04/09/20
237,99.9,21.185001,1019.53,5.0,4.21 14:07:25 04/09/20
257,98.8,21.26,1019.47,4.31,4.2 14:12:41 04/09/20
267,98.6,21.335,1019.49,5.0,4.21 14:17:56 04/09/20
269,99.8,21.525,1019.46,5.0,4.21 14:23:09 04/09/20
236,99.9,21.795,1019.33,4.66,4.21 14:28:26 04/09/20
329,99.7,21.970001,1019.23,5.0,4.21 14:33:42 04/09/20
265,99.7,22.27,1019.19,4.53,4.21 14:38:56 04/09/20
235,94.9,22.38,1019.11,5.0,4.18 14:44:12 04/09/20
276,96.0,22.265,1019.13,5.0,4.21 14:49:28 04/09/20
325,95.1,22.32,1019.09,5.0,4.21 14:54:42 04/09/20
273,96.9,22.48,1019.13,5.0,4.21 14:59:58 04/09/20
197,95.5,22.575,1019.28,5.0,4.18 15:05:14 04/09/20
228,93.9,22.425,1019.27,4.73,4.21 15:10:28 04/09/20
278,95.4,22.275002,1019.27,5.0,4.22 15:15:43 04/09/20
247,95.0,22.26,1019.26,5.0,4.22 15:20:59 04/09/20
256,94.5,22.244999,1019.16,5.0,4.21 15:26:14 04/09/20
222,95.8,22.310001,1019.19,4.45,4.21 15:31:31 04/09/20
250,95.4,22.375,1019.17,5.0,4.21 15:36:45 04/09/20
238,95.8,22.41,1019.08,5.0,4.21 15:42:00 04/09/20
219,96.4,22.43,1019.12,4.97,4.21 15:47:19 04/09/20
187,95.5,22.4,1019.01,4.29,4.17 15:52:38 04/09/20
210,96.2,22.310001,1019.04,4.3,4.2 15:57:55 04/09/20
218,96.6,22.305,1018.99,5.0,4.21 16:03:11 04/09/20
235,96.3,22.32,1018.96,5.0,4.21 16:08:25 04/09/20
221,96.1,22.41,1018.95,4.26,4.17 16:13:41 04/09/20
227,95.2,22.43,1018.79,5.0,4.21 16:18:57 04/09/20
204,94.7,22.425,1018.74,4.43,4.19 16:24:11 04/09/20
190,95.9,22.42,1018.66,4.3,4.17 16:29:27 04/09/20
189,94.9,22.335,1018.75,4.34,4.17 16:34:43 04/09/20
214,95.4,22.235,1018.8,5.0,4.18 16:39:57 04/09/20
224,95.9,22.220001,1018.71,5.0,4.21 16:45:13 04/09/20
213,95.9,22.32,1018.63,4.31,4.2 16:50:28 04/09/20
214,96.7,22.485,1018.63,5.0,4.2 16:55:41 04/09/20
185,95.0,22.61,1018.65,4.27,4.18 17:01:02 04/09/20
198,94.6,22.619999,1018.53,4.28,4.18 17:06:23 04/09/20
168,95.4,22.625,1018.57,4.33,4.16 17:11:38 04/09/20
169,95.2,22.605,1018.57,4.95,4.16 17:16:53 04/09/20
171,93.7,22.52,1018.56,5.0,4.17 17:22:08 04/09/20
203,94.9,22.43,1018.56,4.38,4.19 17:27:24 04/09/20
245,93.3,22.335,1018.53,5.0,4.21 17:32:39 04/09/20
156,91.5,22.17,1018.49,4.65,4.15 17:37:55 04/09/20
256,92.2,22.035,1018.52,5.0,4.22 17:43:10 04/09/20
238,93.4,22.025,1018.43,5.0,4.22 17:48:24 04/09/20
192,93.9,22.04,1018.56,4.28,4.19 17:53:40 04/09/20
168,93.1,22.05,1018.48,4.37,4.18 17:58:59 04/09/20
159,90.3,22.1,1018.42,4.23,4.18 18:04:19 04/09/20
125,92.2,22.11,1018.34,5.0,4.14 18:09:33 04/09/20
121,92.4,22.015,1018.45,4.28,4.14 18:14:54 04/09/20
131,90.4,21.71,1018.39,5.0,4.1 18:20:22 04/09/20
138,90.9,21.575,1018.28,5.0,4.14 18:25:39 04/09/20
125,91.8,21.54,1018.28,4.28,4.14 18:30:53 04/09/20
132,91.3,21.515,1018.18,4.72,4.13 18:36:08 04/09/20
121,92.4,21.435,1018.17,5.0,4.15 18:41:23 04/09/20
128,91.9,21.415,1018.16,5.0,4.15 18:46:38 04/09/20
113,92.0,21.35,1018.29,4.19,4.14 18:51:54 04/09/20
103,92.4,21.315,1017.99,5.0,4.14 18:57:09 04/09/20
99,92.1,21.24,1018.05,4.23,4.15 19:02:22 04/09/20
101,92.0,21.215,1018.02,4.79,4.14 19:07:39 04/09/20
95,91.5,21.135,1018.0,4.36,4.14 19:12:53 04/09/20
89,91.8,21.055,1018.08,4.83,4.14 19:18:09 04/09/20
92,91.6,20.955,1017.99,5.0,4.13 19:23:24 04/09/20
90,92.4,20.92,1017.9,4.63,4.13 19:28:39 04/09/20
83,91.9,20.845001,1017.85,5.0,4.12 19:33:54 04/09/20
77,91.6,20.83,1017.93,4.27,4.12 19:39:10 04/09/20
78,91.7,20.805,1017.93,4.17,4.11 19:44:28 04/09/20
78,91.6,20.725,1017.88,5.0,4.1 19:49:49 04/09/20
70,91.6,20.654999,1017.94,4.24,4.1 19:55:07 04/09/20
59,92.0,20.615,1018.01,4.75,4.09 20:00:27 04/09/20
45,91.8,20.515,1018.06,4.16,4.08 20:05:42 04/09/20
32,91.6,20.41,1018.03,3.77,4.07 20:10:57 04/09/20
25,91.8,20.24,1018.06,3.28,4.06 20:16:12 04/09/20
19,91.5,20.135,1018.09,2.84,4.06 20:21:25 04/09/20
13,91.6,20.029999,1018.09,2.24,4.05 20:26:43 04/09/20
7,91.7,19.93,1018.07,1.6,4.05 20:31:57 04/09/20
3,91.9,19.835,1018.2,0.97,4.04 20:37:13 04/09/20
1,91.8,19.735,1018.24,0.52,4.04 20:42:27 04/09/20
0,91.7,19.630001,1018.28,0.21,4.03 20:47:41 04/09/20
0,91.6,19.529999,1018.25,0.07,4.03 20:52:56 04/09/20
0,91.7,19.435,1018.28,0.02,4.03 20:58:11 04/09/20
0,91.7,19.33,1018.17,0.0,4.03 21:03:26 04/09/20
0,91.7,19.23,1018.23,0.0,4.02 21:08:39 04/09/20
0,91.8,19.14,1018.23,0.0,4.02 21:13:59 04/09/20
0,92.0,19.11,1018.24,0.0,4.02 21:19:19 04/09/20
0,92.0,19.035,1018.28,0.0,4.01 21:24:34 04/09/20
0,92.2,18.965,1018.32,0.0,4.01 21:29:49 04/09/20
0,92.3,18.95,1018.3,0.0,4.01 21:35:01 04/09/20
0,92.4,18.935,1018.38,0.0,4.01 21:40:19 04/09/20
0,92.5,18.87,1018.36,0.0,4.0 21:45:33 04/09/20
0,92.6,18.865002,1018.38,0.0,4.0 21:50:47 04/09/20
0,92.7,18.855,1018.42,0.0,4.0 21:56:02 04/09/20
0,92.7,18.845001,1018.35,0.0,4.0 22:01:18 04/09/20
0,92.8,18.835,1018.29,0.0,4.0 22:06:32 04/09/20
0,92.9,18.775002,1018.22,0.0,3.99 22:11:50 04/09/20
0,93.0,18.765,1018.21,0.0,3.99 22:17:10 04/09/20
0,93.2,18.755001,1018.18,0.0,3.99 22:22:28 04/09/20
0,93.2,18.744999,1018.14,0.0,3.99 22:27:48 04/09/20
0,93.1,18.725,1018.0,0.0,3.99 22:33:01 04/09/20
0,93.1,18.65,1017.92,0.0,3.98 22:38:17 04/09/20
0,93.1,18.619999,1017.9,0.0,3.98 22:43:33 04/09/20
0,93.3,18.545,1017.82,0.0,3.98 22:48:47 04/09/20
0,93.2,18.455,1017.75,0.0,3.98 22:54:01 04/09/20
0,93.4,18.439999,1017.73,0.0,3.98 22:59:15 04/09/20
0,93.5,18.380001,1017.66,0.0,3.98 23:04:31 04/09/20
0,93.6,18.365002,1017.58,0.0,3.98 23:09:45 04/09/20
0,93.6,18.35,1017.48,0.0,3.97 23:15:01 04/09/20
0,93.8,18.285,1017.43,0.0,3.98 23:20:13 04/09/20
0,93.7,18.265,1017.47,0.0,3.97 23:25:28 04/09/20
0,93.8,18.18,1017.26,0.0,3.97 23:30:45 04/09/20
0,93.7,18.165,1017.35,0.0,3.97 23:35:59 04/09/20
0,93.7,18.099998,1017.32,0.0,3.97 23:41:13 04/09/20
0,94.0,18.085,1017.33,0.0,3.96 23:46:29 04/09/20
0,94.1,18.06,1017.24,0.0,3.96 23:51:46 04/09/20
0,94.2,18.064999,1017.25,0.0,3.96 23:57:06 04/09/20
