0,98.2,19.37,1023.3,0.0,3.96 00:04:29 09/09/20
0,98.1,19.355,1023.18,0.0,3.96 00:09:46 09/09/20
0,98.2,19.355,1023.13,0.0,3.96 00:15:00 09/09/20
0,98.4,19.34,1023.01,0.0,3.96 00:20:15 09/09/20
0,98.2,19.279999,1023.01,0.0,3.96 00:25:30 09/09/20
0,98.3,19.33,1023.02,0.0,3.96 00:30:46 09/09/20
0,98.1,19.275002,1023.04,0.0,3.96 00:35:58 09/09/20
0,98.3,19.27,1022.95,0.0,3.96 00:41:15 09/09/20
0,98.2,19.26,1022.92,0.0,3.96 00:46:29 09/09/20
0,98.6,19.255001,1022.86,0.0,3.96 00:51:44 09/09/20
0,98.3,19.25,1022.9,0.0,3.96 00:56:58 09/09/20
0,98.1,19.24,1022.81,0.0,3.96 01:02:14 09/09/20
0,98.1,19.235,1022.86,0.0,3.95 01:07:29 09/09/20
0,98.2,19.175,1022.79,0.0,3.95 01:12:44 09/09/20
0,98.3,19.17,1022.69,0.0,3.95 01:17:58 09/09/20
0,98.3,19.16,1022.65,0.0,3.91 01:23:18 09/09/20
0,98.2,19.15,1022.66,0.0,3.9 01:28:35 09/09/20
0,98.5,19.14,1022.64,0.0,3.95 01:33:51 09/09/20
0,98.4,19.135,1022.64,0.0,3.95 01:39:06 09/09/20
0,98.7,19.135,1022.64,0.0,3.95 01:44:22 09/09/20
0,98.6,19.08,1022.66,0.0,3.95 01:49:36 09/09/20
0,98.3,19.07,1022.62,0.0,3.95 01:54:57 09/09/20
0,98.4,19.07,1022.63,0.0,3.95 02:00:20 09/09/20
0,98.4,19.125,1022.56,0.0,3.95 02:05:35 09/09/20
0,98.7,19.06,1022.47,0.0,3.94 02:10:50 09/09/20
0,99.0,19.055,1022.48,0.0,3.94 02:16:06 09/09/20
0,99.0,19.05,1022.34,0.0,3.95 02:21:19 09/09/20
0,98.8,19.04,1022.21,0.0,3.94 02:26:37 09/09/20
0,98.9,19.029999,1022.17,0.0,3.94 02:31:51 09/09/20
0,99.6,19.029999,1022.13,0.0,3.94 02:37:09 09/09/20
0,99.2,19.025,1022.01,0.0,3.94 02:42:29 09/09/20
0,99.1,19.025,1021.97,0.0,3.94 02:47:52 09/09/20
0,99.3,19.025,1021.9,0.0,3.94 02:53:07 09/09/20
0,99.4,18.97,1021.78,0.0,3.94 02:58:22 09/09/20
0,99.6,18.965,1021.79,0.0,3.93 03:03:36 09/09/20
0,99.4,18.96,1021.74,0.0,3.93 03:08:51 09/09/20
0,99.7,18.96,1021.71,0.0,3.93 03:14:04 09/09/20
0,99.9,18.955,1021.66,0.0,3.93 03:19:21 09/09/20
0,99.9,18.955,1021.6,0.0,3.93 03:24:35 09/09/20
0,99.9,18.95,1021.53,0.0,3.93 03:29:50 09/09/20
0,99.9,18.96,1021.52,0.0,3.93 03:35:04 09/09/20
0,99.9,18.955,1021.46,0.0,3.88 03:40:20 09/09/20
0,99.9,18.95,1021.4,0.0,3.93 03:45:38 09/09/20
0,99.9,18.945,1021.32,0.0,3.93 03:50:58 09/09/20
0,99.9,18.939999,1021.25,0.0,3.93 03:56:13 09/09/20
0,99.9,18.93,1021.15,0.0,3.93 04:01:31 09/09/20
0,99.9,18.875,1021.13,0.0,3.93 04:06:51 09/09/20
0,99.9,18.86,1021.06,0.0,3.93 04:12:05 09/09/20
0,99.9,18.855,1021.06,0.0,3.92 04:17:21 09/09/20
0,99.9,18.785,1021.02,0.0,3.92 04:22:33 09/09/20
0,99.9,18.765,1021.0,0.0,3.92 04:27:49 09/09/20
0,99.9,18.75,1021.01,0.0,3.92 04:33:04 09/09/20
0,99.9,18.675,1020.95,0.0,3.92 04:38:19 09/09/20
0,99.9,18.66,1020.88,0.0,3.92 04:43:32 09/09/20
0,99.9,18.65,1020.83,0.0,3.92 04:48:48 09/09/20
0,99.9,18.585,1020.76,0.0,3.92 04:54:04 09/09/20
0,99.9,18.59,1020.81,0.0,3.92 04:59:18 09/09/20
0,99.9,18.57,1020.7,0.0,3.92 05:04:32 09/09/20
0,99.9,18.564999,1020.64,0.0,3.92 05:09:48 09/09/20
0,99.9,18.555,1020.57,0.0,3.92 05:15:02 09/09/20
0,99.9,18.555,1020.57,0.0,3.92 05:20:16 09/09/20
0,99.9,18.545,1020.5,0.0,3.92 05:25:31 09/09/20
0,99.9,18.545,1020.49,0.0,3.91 05:30:46 09/09/20
0,99.9,18.535,1020.39,0.0,3.91 05:36:01 09/09/20
0,99.9,18.474998,1020.43,0.0,3.91 05:41:20 09/09/20
0,99.9,18.52,1020.35,0.0,3.86 05:46:38 09/09/20
0,99.9,18.46,1020.38,0.0,3.91 05:51:58 09/09/20
0,99.9,18.46,1020.33,0.0,3.92 05:57:16 09/09/20
0,99.9,18.445,1020.29,0.0,3.91 06:02:31 09/09/20
0,99.9,18.43,1020.21,0.0,3.91 06:07:49 09/09/20
0,99.9,18.435,1020.25,0.0,3.91 06:13:09 09/09/20
0,99.9,18.37,1020.16,0.01,3.91 06:18:22 09/09/20
0,99.9,18.365002,1020.15,0.03,3.91 06:23:39 09/09/20
0,99.9,18.415,1020.12,0.09,3.91 06:28:53 09/09/20
0,99.9,18.35,1020.1,0.23,3.91 06:34:07 09/09/20
3,99.9,18.335,1020.1,0.63,3.91 06:39:21 09/09/20
7,99.9,18.335,1020.08,1.31,3.91 06:44:35 09/09/20
13,99.9,18.265,1020.17,2.04,3.91 06:49:51 09/09/20
19,99.9,18.244999,1020.18,2.66,3.91 06:55:06 09/09/20
27,99.9,18.17,1020.22,3.27,3.9 07:00:24 09/09/20
36,99.9,18.09,1020.26,3.87,3.91 07:05:44 09/09/20
43,99.9,18.055,1020.23,4.04,3.9 07:10:58 09/09/20
50,99.9,17.974998,1020.17,4.32,3.91 07:16:14 09/09/20
60,99.9,17.96,1020.23,4.59,3.9 07:21:31 09/09/20
65,99.9,17.95,1020.19,4.53,3.9 07:26:51 09/09/20
76,99.9,17.939999,1020.24,4.85,3.91 07:32:05 09/09/20
76,99.9,17.945,1020.28,5.0,3.91 07:37:20 09/09/20
75,99.9,17.945,1020.24,5.0,3.91 07:42:34 09/09/20
83,99.9,17.96,1020.25,4.16,3.91 07:47:50 09/09/20
104,99.9,17.974998,1020.24,5.0,3.91 07:53:04 09/09/20
103,99.9,17.994999,1020.22,5.0,3.91 07:58:16 09/09/20
107,99.9,18.064999,1020.25,4.66,3.92 08:03:33 09/09/20
100,99.9,18.154999,1020.33,4.13,3.92 08:08:46 09/09/20
95,99.9,18.175,1020.34,5.0,3.91 08:14:03 09/09/20
95,99.9,18.25,1020.34,5.0,3.92 08:19:17 09/09/20
133,99.9,18.27,1020.34,4.52,3.93 08:24:31 09/09/20
122,99.9,18.35,1020.27,4.12,3.93 08:29:47 09/09/20
129,99.9,18.380001,1020.27,5.0,3.94 08:35:01 09/09/20
123,99.9,18.49,1020.35,4.02,3.94 08:40:15 09/09/20
104,99.9,18.58,1020.45,5.0,3.93 08:45:29 09/09/20
92,99.9,18.65,1020.53,4.07,3.92 08:50:43 09/09/20
132,99.9,18.67,1020.49,4.0,3.94 08:55:59 09/09/20
141,99.9,18.75,1020.5,4.1,3.94 09:01:13 09/09/20
139,99.9,18.785,1020.42,4.02,3.95 09:06:29 09/09/20
141,99.9,18.875,1020.42,4.1,3.94 09:11:43 09/09/20
130,99.9,18.945,1020.39,5.0,3.95 09:16:58 09/09/20
153,99.9,18.98,1020.37,5.0,3.97 09:22:12 09/09/20
155,99.9,19.05,1020.35,4.02,3.96 09:27:28 09/09/20
155,99.9,19.15,1020.32,4.08,3.97 09:32:46 09/09/20
149,99.9,19.175,1020.42,4.03,3.96 09:38:06 09/09/20
149,99.9,19.285,1020.55,4.09,3.98 09:43:23 09/09/20
154,99.9,19.35,1020.39,5.0,3.98 09:48:36 09/09/20
162,99.9,19.375,1020.42,4.6,3.99 09:53:54 09/09/20
159,99.9,19.474998,1020.51,4.63,3.96 09:59:20 09/09/20
154,99.9,19.494999,1020.45,4.18,3.94 10:04:49 09/09/20
152,99.9,19.58,1020.48,5.0,3.99 10:10:00 09/09/20
160,99.9,19.58,1020.46,4.48,3.99 10:15:14 09/09/20
172,99.9,19.630001,1020.41,4.08,4.02 10:20:30 09/09/20
190,99.9,19.675,1020.35,4.24,4.04 10:25:46 09/09/20
198,99.9,19.779999,1020.37,4.16,4.07 10:31:00 09/09/20
199,99.9,19.87,1020.43,4.18,4.08 10:36:15 09/09/20
184,99.9,20.045,1020.38,4.86,4.06 10:41:28 09/09/20
182,99.9,20.15,1020.39,4.14,4.07 10:46:48 09/09/20
173,99.9,20.255001,1020.34,5.0,4.06 10:52:09 09/09/20
172,99.9,20.345001,1020.37,4.92,4.07 10:57:24 09/09/20
188,99.9,20.375,1020.37,4.18,4.1 11:02:39 09/09/20
196,99.9,20.455,1020.35,4.22,4.14 11:07:52 09/09/20
192,99.9,20.545,1020.27,5.0,4.15 11:13:07 09/09/20
170,99.9,20.635,1020.36,4.22,4.14 11:18:24 09/09/20
174,99.9,20.654999,1020.24,5.0,4.13 11:23:39 09/09/20
156,99.9,20.665,1020.31,4.36,4.15 11:28:56 09/09/20
159,99.9,20.675,1020.35,5.0,4.15 11:34:09 09/09/20
163,99.9,20.67,1020.41,4.49,4.15 11:39:26 09/09/20
150,99.9,20.675,1020.39,5.0,4.15 11:44:53 09/09/20
180,99.9,20.67,1020.49,4.92,4.15 11:50:08 09/09/20
163,99.9,20.654999,1020.56,5.0,4.14 11:55:25 09/09/20
148,99.9,20.595001,1020.52,4.25,4.14 12:00:38 09/09/20
149,99.9,20.564999,1020.49,5.0,4.15 12:05:59 09/09/20
154,99.9,20.55,1020.44,5.0,4.14 12:11:19 09/09/20
220,99.9,20.55,1020.35,4.86,4.2 12:16:34 09/09/20
224,99.9,20.64,1020.28,4.26,4.17 12:21:55 09/09/20
265,99.9,20.835,1020.12,5.0,4.2 12:27:10 09/09/20
281,99.9,20.955,1020.19,5.0,4.21 12:32:27 09/09/20
203,99.9,21.125,1020.14,4.73,4.21 12:37:41 09/09/20
284,99.9,21.23,1020.06,5.0,4.21 12:42:57 09/09/20
289,99.9,21.43,1020.08,5.0,4.21 12:48:13 09/09/20
283,99.5,21.715,1019.99,5.0,4.21 12:53:28 09/09/20
276,99.9,22.07,1019.95,5.0,4.21 12:58:44 09/09/20
274,98.9,22.355,1019.85,5.0,4.21 13:04:04 09/09/20
272,96.8,22.635,1019.78,5.0,4.21 13:09:20 09/09/20
269,96.6,22.855,1019.69,5.0,4.21 13:14:37 09/09/20
270,94.5,22.955,1019.7,5.0,4.21 13:19:51 09/09/20
271,97.3,23.145,1019.65,5.0,4.21 13:25:08 09/09/20
271,92.7,23.349998,1019.62,5.0,4.21 13:30:24 09/09/20
273,96.3,23.625,1019.53,5.0,4.21 13:35:39 09/09/20
272,92.4,23.9,1019.5,5.0,4.21 13:40:55 09/09/20
272,93.7,24.02,1019.46,5.0,4.21 13:46:10 09/09/20
273,93.3,24.105,1019.5,5.0,4.21 13:51:26 09/09/20
272,90.4,24.150002,1019.39,5.0,4.21 13:56:50 09/09/20
272,92.7,24.4,1019.43,5.0,4.21 14:02:07 09/09/20
272,92.0,24.665,1019.43,5.0,4.21 14:07:21 09/09/20
274,91.5,24.845001,1019.34,5.0,4.21 14:12:41 09/09/20
271,88.6,24.880001,1019.21,5.0,4.21 14:18:01 09/09/20
172,92.1,24.915,1019.24,4.81,4.19 14:23:19 09/09/20
179,88.4,24.92,1019.25,4.36,4.2 14:28:33 09/09/20
236,90.4,24.985,1019.17,5.0,4.21 14:33:49 09/09/20
235,90.1,25.005001,1019.21,5.0,4.21 14:39:04 09/09/20
161,89.6,25.029999,1019.17,4.27,4.17 14:44:20 09/09/20
278,91.7,25.029999,1019.17,5.0,4.22 14:49:36 09/09/20
200,90.6,25.195,1019.14,5.0,4.21 14:54:52 09/09/20
205,87.7,25.220001,1019.05,5.0,4.21 15:00:08 09/09/20
182,87.3,25.135,1019.12,5.0,4.17 15:05:23 09/09/20
190,91.5,25.035,1019.09,4.29,4.18 15:10:38 09/09/20
173,90.3,24.875,1019.1,4.57,4.16 15:15:53 09/09/20
173,90.2,24.75,1019.08,4.26,4.15 15:21:10 09/09/20
157,90.0,24.635,1019.09,4.24,4.15 15:26:26 09/09/20
151,91.3,24.48,1019.1,5.0,4.15 15:31:42 09/09/20
150,90.0,24.38,1019.04,4.3,4.15 15:36:58 09/09/20
156,90.6,24.29,1019.04,4.99,4.15 15:42:13 09/09/20
160,90.7,24.26,1019.04,4.29,4.15 15:47:29 09/09/20
196,91.6,24.240002,1018.94,4.31,4.19 15:52:43 09/09/20
187,92.0,24.27,1018.93,4.29,4.18 15:58:01 09/09/20
178,91.7,24.295,1018.91,4.49,4.17 16:03:16 09/09/20
200,91.9,24.355,1018.87,4.33,4.2 16:08:29 09/09/20
201,91.1,24.38,1018.81,4.52,4.21 16:13:47 09/09/20
214,90.4,24.404999,1018.73,5.0,4.21 16:19:04 09/09/20
208,91.8,24.505001,1018.72,4.32,4.2 16:24:18 09/09/20
189,91.9,24.645,1018.65,4.28,4.18 16:29:34 09/09/20
208,91.1,24.68,1018.56,5.0,4.21 16:34:50 09/09/20
200,90.1,24.69,1018.56,4.36,4.2 16:40:05 09/09/20
166,88.9,24.685001,1018.57,4.27,4.16 16:45:20 09/09/20
185,89.8,24.67,1018.63,4.25,4.17 16:50:37 09/09/20
155,90.2,24.67,1018.64,4.26,4.15 16:55:52 09/09/20
168,90.8,24.66,1018.63,4.41,4.15 17:01:06 09/09/20
172,90.8,24.66,1018.62,5.0,4.13 17:06:24 09/09/20
184,91.0,24.665,1018.62,4.29,4.17 17:11:40 09/09/20
169,90.7,24.675,1018.63,4.31,4.16 17:16:53 09/09/20
163,90.7,24.67,1018.65,4.3,4.15 17:22:11 09/09/20
177,91.0,24.665,1018.59,4.43,4.17 17:27:26 09/09/20
163,89.9,24.619999,1018.51,5.0,4.16 17:32:40 09/09/20
156,90.3,24.619999,1018.6,4.27,4.15 17:37:57 09/09/20
130,88.0,24.525,1018.61,4.31,4.15 17:43:17 09/09/20
102,88.0,24.415,1018.59,5.0,4.13 17:48:36 09/09/20
108,90.0,24.33,1018.64,4.23,4.14 17:53:53 09/09/20
115,89.6,24.235,1018.66,5.0,4.14 17:59:08 09/09/20
134,90.7,24.195,1018.66,5.0,4.16 18:04:23 09/09/20
143,90.3,24.130001,1018.65,4.69,4.15 18:09:40 09/09/20
136,90.8,24.115,1018.57,4.19,4.14 18:14:56 09/09/20
124,90.7,24.17,1018.62,4.61,4.09 18:20:17 09/09/20
111,90.4,24.105,1018.57,5.0,4.1 18:25:36 09/09/20
103,90.2,24.01,1018.54,4.68,4.14 18:30:51 09/09/20
104,90.3,23.9,1018.63,5.0,4.14 18:36:07 09/09/20
91,90.6,23.73,1018.65,4.25,4.14 18:41:22 09/09/20
99,90.7,23.64,1018.71,5.0,4.13 18:46:38 09/09/20
102,90.9,23.545,1018.75,4.62,4.14 18:51:53 09/09/20
101,91.1,23.51,1018.66,5.0,4.13 18:57:09 09/09/20
107,91.2,23.435,1018.62,5.0,4.14 19:02:31 09/09/20
98,91.4,23.42,1018.7,5.0,4.14 19:07:48 09/09/20
71,91.8,23.255001,1018.82,5.0,4.13 19:13:02 09/09/20
82,91.6,23.16,1018.92,5.0,4.12 19:18:19 09/09/20
82,91.6,23.035,1018.9,5.0,4.11 19:23:39 09/09/20
75,91.7,22.87,1018.96,5.0,4.1 19:28:57 09/09/20
77,91.5,22.755001,1019.01,4.58,4.1 19:34:14 09/09/20
73,92.0,22.65,1019.01,4.56,4.09 19:39:30 09/09/20
49,92.0,22.52,1019.09,4.18,4.08 19:44:45 09/09/20
40,92.0,22.36,1019.22,3.97,4.08 19:49:58 09/09/20
40,92.5,22.225,1019.28,3.98,4.07 19:55:15 09/09/20
31,92.4,22.064999,1019.4,3.49,4.07 20:00:29 09/09/20
24,92.5,21.965,1019.49,3.26,4.06 20:05:46 09/09/20
20,92.5,21.855,1019.66,2.95,4.04 20:11:01 09/09/20
16,92.8,21.74,1019.62,2.63,4.06 20:16:16 09/09/20
10,93.5,21.619999,1019.68,1.68,4.05 20:21:35 09/09/20
11,92.9,21.455,1019.67,0.84,4.04 20:26:55 09/09/20
8,92.8,21.35,1019.73,0.51,4.04 20:32:09 09/09/20
3,93.5,21.255001,1019.8,0.16,4.0 20:37:37 09/09/20
6,93.5,21.235,1019.78,0.06,3.98 20:43:06 09/09/20
4,93.4,21.145,1019.73,0.03,4.03 20:48:22 09/09/20
0,93.7,21.06,1019.96,0.01,4.03 20:53:40 09/09/20
0,94.2,20.965,1019.88,0.0,4.03 20:58:58 09/09/20
0,94.8,20.865002,1019.94,0.0,4.03 21:04:15 09/09/20
0,94.6,20.779999,1019.93,0.0,4.02 21:09:34 09/09/20
0,94.3,20.76,1020.09,0.0,4.02 21:14:54 09/09/20
0,94.8,20.74,1020.19,0.0,4.02 21:20:10 09/09/20
0,94.2,20.665,1020.19,0.0,4.02 21:25:23 09/09/20
0,94.4,20.65,1020.2,0.0,4.01 21:30:40 09/09/20
0,94.7,20.630001,1020.23,0.0,4.01 21:35:55 09/09/20
0,94.8,20.564999,1020.39,0.0,4.01 21:41:10 09/09/20
0,96.1,20.555,1020.49,0.0,4.01 21:46:25 09/09/20
0,95.3,20.545,1020.52,0.0,4.01 21:51:40 09/09/20
0,95.6,20.525,1020.48,0.0,4.01 21:56:55 09/09/20
0,95.3,20.45,1020.48,0.0,4.01 22:02:08 09/09/20
0,95.2,20.439999,1020.61,0.0,4.0 22:07:23 09/09/20
0,95.6,20.375,1020.65,0.0,4.0 22:12:40 09/09/20
0,95.6,20.36,1020.69,0.0,4.0 22:17:53 09/09/20
0,95.8,20.355,1020.66,0.0,4.0 22:23:08 09/09/20
0,97.6,20.3,1020.78,0.0,4.0 22:28:24 09/09/20
0,96.9,20.285,1020.82,0.0,4.0 22:33:39 09/09/20
0,98.0,20.265,1021.0,0.0,3.99 22:38:54 09/09/20
0,96.9,20.115,1020.96,0.0,3.99 22:44:09 09/09/20
0,96.9,20.06,1020.93,0.0,3.99 22:49:24 09/09/20
0,96.7,19.965,1021.0,0.0,3.95 22:54:46 09/09/20
0,96.7,19.880001,1021.04,0.0,3.99 23:00:00 09/09/20
0,96.0,19.845001,1020.87,0.0,3.99 23:05:18 09/09/20
0,96.3,19.77,1020.91,0.0,3.99 23:10:33 09/09/20
0,96.3,19.74,1021.01,0.0,3.98 23:15:46 09/09/20
0,96.1,19.67,1021.14,0.0,3.98 23:21:02 09/09/20
0,96.2,19.654999,1021.11,0.0,3.98 23:26:16 09/09/20
0,96.5,19.645,1021.06,0.0,3.98 23:31:32 09/09/20
0,96.1,19.575,1021.07,0.0,3.98 23:36:46 09/09/20
0,96.8,19.575,1021.1,0.0,3.98 23:42:01 09/09/20
0,96.7,19.564999,1021.09,0.0,3.98 23:47:17 09/09/20
0,97.1,19.56,1021.17,0.0,3.98 23:52:31 09/09/20
0,97.3,19.55,1021.28,0.0,3.97 23:57:44 09/09/20
