0,97.7,19.43,1021.38,0.0,3.97 00:03:04 10/09/20
0,97.9,19.415,1021.45,0.0,3.97 00:08:24 10/09/20
0,97.3,19.3,1021.46,0.0,3.97 00:13:37 10/09/20
0,96.7,19.205,1021.44,0.0,3.96 00:18:57 10/09/20
0,96.3,19.105,1021.44,0.0,3.96 00:24:17 10/09/20
0,96.2,19.0,1021.41,0.0,3.96 00:29:32 10/09/20
0,96.3,18.895,1021.54,0.0,3.96 00:34:46 10/09/20
0,96.2,18.810001,1021.48,0.0,3.96 00:40:01 10/09/20
0,96.2,18.76,1021.47,0.0,3.96 00:45:16 10/09/20
0,95.6,18.59,1021.54,0.0,3.96 00:50:32 10/09/20
0,95.4,18.485,1021.66,0.0,3.96 00:55:45 10/09/20
0,95.3,18.315,1021.6,0.0,3.96 01:01:01 10/09/20
0,95.1,18.255001,1021.76,0.0,3.91 01:06:23 10/09/20
0,95.2,18.185001,1021.73,0.0,3.96 01:11:36 10/09/20
0,95.3,18.15,1021.79,0.0,3.96 01:16:51 10/09/20
0,95.2,18.075,1021.81,0.0,3.96 01:22:08 10/09/20
0,95.3,18.055,1021.78,0.0,3.96 01:27:20 10/09/20
0,95.3,17.985,1021.85,0.0,3.96 01:32:40 10/09/20
0,95.2,17.97,1021.78,0.0,3.95 01:37:58 10/09/20
0,95.2,17.945,1021.77,0.0,3.95 01:43:13 10/09/20
0,95.2,17.875,1021.76,0.0,3.95 01:48:28 10/09/20
0,95.1,17.805,1021.78,0.0,3.95 01:53:41 10/09/20
0,95.1,17.779999,1021.73,0.0,3.95 01:58:58 10/09/20
0,94.5,17.685001,1021.68,0.0,3.95 02:04:11 10/09/20
0,94.5,17.585,1021.68,0.0,3.95 02:09:25 10/09/20
0,94.4,17.494999,1021.62,0.0,3.95 02:14:41 10/09/20
0,94.5,17.465,1021.63,0.0,3.94 02:19:56 10/09/20
0,94.3,17.375,1021.58,0.0,3.95 02:25:10 10/09/20
0,94.3,17.295,1021.57,0.0,3.94 02:30:23 10/09/20
0,94.2,17.26,1021.63,0.0,3.94 02:35:39 10/09/20
0,94.1,17.175,1021.56,0.0,3.95 02:40:52 10/09/20
0,94.1,17.15,1021.44,0.0,3.94 02:46:08 10/09/20
0,94.1,17.075,1021.27,0.0,3.94 02:51:23 10/09/20
0,94.1,17.055,1021.45,0.0,3.94 02:56:37 10/09/20
0,94.0,16.99,1021.46,0.0,3.94 03:01:52 10/09/20
0,94.1,17.02,1021.43,0.0,3.88 03:07:06 10/09/20
0,94.1,16.96,1021.46,0.0,3.94 03:12:21 10/09/20
0,94.1,16.95,1021.36,0.0,3.93 03:17:35 10/09/20
0,93.9,16.87,1021.4,0.0,3.93 03:22:53 10/09/20
0,93.8,16.85,1021.41,0.0,3.93 03:28:12 10/09/20
0,93.7,16.765,1021.43,0.0,3.93 03:33:28 10/09/20
0,93.8,16.689999,1021.52,0.0,3.93 03:38:41 10/09/20
0,93.9,16.675,1021.54,0.0,3.93 03:43:56 10/09/20
0,93.9,16.66,1021.54,0.0,3.93 03:49:10 10/09/20
0,94.0,16.654999,1021.52,0.0,3.93 03:54:23 10/09/20
0,94.0,16.65,1021.57,0.0,3.93 03:59:40 10/09/20
0,94.1,16.64,1021.44,0.0,3.93 04:04:54 10/09/20
0,94.0,16.585,1021.54,0.0,3.93 04:10:08 10/09/20
0,94.0,16.575,1021.5,0.0,3.93 04:15:22 10/09/20
0,94.1,16.57,1021.49,0.0,3.93 04:20:35 10/09/20
0,94.1,16.56,1021.54,0.0,3.93 04:25:52 10/09/20
0,94.1,16.56,1021.53,0.0,3.92 04:31:06 10/09/20
0,94.2,16.54,1021.64,0.0,3.92 04:36:20 10/09/20
0,94.1,16.475,1021.62,0.0,3.92 04:41:34 10/09/20
0,94.1,16.460001,1021.65,0.0,3.92 04:46:47 10/09/20
0,94.1,16.39,1021.61,0.0,3.92 04:52:04 10/09/20
0,94.1,16.36,1021.6,0.0,3.92 04:57:17 10/09/20
0,94.1,16.279999,1021.65,0.0,3.87 05:02:39 10/09/20
0,94.0,16.26,1021.57,0.0,3.92 05:07:53 10/09/20
0,94.0,16.16,1021.5,0.0,3.92 05:13:10 10/09/20
0,94.1,16.130001,1021.57,0.0,3.92 05:18:23 10/09/20
0,94.3,16.055,1021.6,0.0,3.92 05:23:41 10/09/20
0,94.3,16.029999,1021.53,0.0,3.91 05:29:04 10/09/20
0,94.3,15.945,1021.53,0.0,3.92 05:34:21 10/09/20
0,94.2,15.85,1021.48,0.0,3.91 05:39:39 10/09/20
0,94.2,15.745,1021.53,0.0,3.91 05:44:52 10/09/20
0,94.2,15.63,1021.56,0.0,3.91 05:50:07 10/09/20
0,94.2,15.460001,1021.58,0.0,3.91 05:55:20 10/09/20
0,94.1,15.295,1021.61,0.0,3.91 06:00:34 10/09/20
0,94.3,15.165,1021.6,0.0,3.91 06:05:49 10/09/20
4,94.3,15.035,1021.64,0.0,3.91 06:11:03 10/09/20
5,94.4,14.865,1021.68,0.0,3.91 06:16:18 10/09/20
7,94.6,14.755,1021.62,0.02,3.91 06:21:31 10/09/20
11,94.7,14.645,1021.57,0.05,3.91 06:26:45 10/09/20
13,94.7,14.535,1021.62,0.15,3.91 06:31:59 10/09/20
14,94.7,14.38,1021.6,0.41,3.91 06:37:14 10/09/20
18,95.0,14.265,1021.67,0.9,3.9 06:42:28 10/09/20
21,95.1,14.165,1021.65,1.62,3.9 06:47:45 10/09/20
26,95.0,14.065,1021.67,2.5,3.9 06:53:02 10/09/20
34,95.1,13.955,1021.62,3.23,3.91 06:58:17 10/09/20
45,95.1,13.844999,1021.63,3.79,3.9 07:03:33 10/09/20
54,95.2,13.745001,1021.69,3.97,3.9 07:08:55 10/09/20
65,95.3,13.65,1021.71,4.38,3.9 07:14:12 10/09/20
79,95.4,13.555,1021.62,4.51,3.9 07:19:33 10/09/20
87,95.4,13.47,1021.67,5.0,3.91 07:24:44 10/09/20
99,95.6,13.375,1021.7,5.0,3.91 07:29:59 10/09/20
105,95.8,13.280001,1021.75,4.28,3.91 07:35:13 10/09/20
114,95.8,13.255,1021.78,4.07,3.91 07:40:27 10/09/20
117,95.8,13.184999,1021.71,5.0,3.91 07:45:39 10/09/20
129,96.1,13.165,1021.76,4.07,3.91 07:50:55 10/09/20
130,96.1,13.15,1021.71,5.0,3.92 07:56:07 10/09/20
132,96.4,13.09,1021.79,4.0,3.92 08:01:22 10/09/20
136,96.6,13.15,1021.79,5.0,3.92 08:06:36 10/09/20
143,96.9,13.17,1021.8,4.78,3.92 08:11:53 10/09/20
172,97.5,13.2,1021.82,4.95,3.94 08:17:04 10/09/20
193,97.3,13.29,1021.87,4.09,4.0 08:22:18 10/09/20
197,97.5,13.455,1021.99,4.11,4.03 08:27:32 10/09/20
179,97.6,13.565,1021.94,4.2,4.05 08:32:46 10/09/20
185,97.8,13.76,1021.91,4.16,4.07 08:38:00 10/09/20
194,98.6,13.975,1022.02,5.0,4.1 08:43:14 10/09/20
204,99.9,14.24,1022.07,4.23,4.13 08:48:28 10/09/20
207,99.8,14.504999,1022.19,4.26,4.17 08:53:42 10/09/20
210,99.9,14.815001,1022.12,4.43,4.2 08:58:54 10/09/20
213,99.9,15.165,1022.21,5.0,4.21 09:04:10 10/09/20
214,99.7,15.57,1022.15,5.0,4.21 09:09:24 10/09/20
217,99.8,16.045,1022.16,5.0,4.21 09:14:37 10/09/20
221,98.7,16.38,1022.11,5.0,4.21 09:19:53 10/09/20
222,98.3,16.74,1022.05,4.3,4.19 09:25:10 10/09/20
226,97.7,17.055,1022.12,5.0,4.21 09:30:31 10/09/20
230,96.6,17.275,1022.06,5.0,4.21 09:35:45 10/09/20
231,96.8,17.599998,1022.06,5.0,4.2 09:40:58 10/09/20
236,96.5,17.77,1022.1,5.0,4.21 09:46:15 10/09/20
236,96.3,18.015,1022.06,5.0,4.21 09:51:29 10/09/20
239,95.1,18.085,1022.03,5.0,4.21 09:56:44 10/09/20
240,94.4,18.23,1022.01,5.0,4.21 10:01:59 10/09/20
241,94.2,18.335,1021.9,5.0,4.21 10:07:11 10/09/20
244,94.0,18.369999,1021.93,5.0,4.21 10:12:28 10/09/20
246,92.6,18.44,1021.92,5.0,4.21 10:17:44 10/09/20
247,93.6,18.585,1021.91,5.0,4.21 10:22:55 10/09/20
250,90.7,18.529999,1021.83,5.0,4.21 10:28:12 10/09/20
252,92.0,18.55,1021.87,5.0,4.21 10:33:26 10/09/20
253,90.3,18.67,1021.84,5.0,4.21 10:38:41 10/09/20
256,91.3,18.755001,1021.76,5.0,4.21 10:43:56 10/09/20
257,91.4,18.855,1021.88,5.0,4.21 10:49:11 10/09/20
258,87.9,18.935,1021.87,5.0,4.21 10:54:26 10/09/20
260,90.1,19.029999,1021.79,5.0,4.21 10:59:40 10/09/20
259,85.9,19.045,1021.67,5.0,4.21 11:04:55 10/09/20
262,88.0,19.119999,1021.68,5.0,4.21 11:10:10 10/09/20
263,87.2,19.145,1021.71,5.0,4.21 11:15:25 10/09/20
264,86.2,19.28,1021.68,5.0,4.2 11:20:51 10/09/20
264,85.2,19.439999,1021.61,5.0,4.2 11:26:11 10/09/20
267,88.2,19.42,1021.58,5.0,4.21 11:31:27 10/09/20
268,90.3,19.560001,1021.58,5.0,4.21 11:36:40 10/09/20
271,88.3,19.73,1021.53,5.0,4.21 11:41:56 10/09/20
267,77.8,19.835,1021.48,5.0,4.21 11:47:11 10/09/20
225,80.5,19.865,1021.53,5.0,4.16 11:52:26 10/09/20
268,77.9,19.869999,1021.43,5.0,4.21 11:57:41 10/09/20
269,81.8,19.98,1021.37,5.0,4.21 12:02:59 10/09/20
270,79.1,20.16,1021.4,5.0,4.2 12:08:20 10/09/20
272,83.5,20.275002,1021.34,5.0,4.21 12:13:35 10/09/20
271,85.1,20.455,1021.27,4.43,4.2 12:18:50 10/09/20
267,83.6,20.560001,1021.31,5.0,4.21 12:24:05 10/09/20
275,82.5,20.635,1021.26,5.0,4.21 12:29:20 10/09/20
277,82.4,20.654999,1021.28,5.0,4.21 12:34:34 10/09/20
275,79.4,20.76,1021.15,5.0,4.21 12:39:47 10/09/20
279,80.8,20.78,1021.16,5.0,4.21 12:45:04 10/09/20
279,81.4,20.93,1021.11,5.0,4.21 12:50:18 10/09/20
281,81.8,21.19,1021.11,5.0,4.21 12:55:34 10/09/20
282,79.7,21.39,1020.93,5.0,4.21 13:00:53 10/09/20
279,77.5,21.66,1020.93,5.0,4.21 13:06:11 10/09/20
281,82.6,21.89,1020.79,5.0,4.21 13:11:28 10/09/20
281,79.1,22.175,1020.72,5.0,4.21 13:16:44 10/09/20
281,77.4,22.395,1020.67,5.0,4.21 13:22:00 10/09/20
281,77.3,22.58,1020.63,5.0,4.21 13:27:14 10/09/20
280,76.9,22.779999,1020.65,5.0,4.21 13:32:29 10/09/20
281,72.1,22.89,1020.48,5.0,4.21 13:37:45 10/09/20
280,69.1,23.060001,1020.45,5.0,4.21 13:43:00 10/09/20
281,67.0,23.105,1020.4,5.0,4.21 13:48:21 10/09/20
281,70.6,23.18,1020.36,5.0,4.21 13:53:41 10/09/20
278,72.6,23.415,1020.28,5.0,4.21 13:58:55 10/09/20
279,70.1,23.555,1020.25,5.0,4.21 14:04:12 10/09/20
280,68.6,23.735,1020.32,5.0,4.21 14:09:28 10/09/20
279,70.5,23.855,1020.26,5.0,4.21 14:14:42 10/09/20
279,66.0,23.955,1020.17,5.0,4.21 14:19:58 10/09/20
278,70.7,24.145,1020.17,5.0,4.22 14:25:13 10/09/20
278,72.0,24.325,1020.13,5.0,4.21 14:30:30 10/09/20
275,63.9,24.380001,1020.12,5.0,4.21 14:35:43 10/09/20
277,65.6,24.45,1020.02,5.0,4.21 14:41:00 10/09/20
275,69.7,24.54,1019.91,5.0,4.22 14:46:17 10/09/20
275,65.0,24.565,1019.77,5.0,4.21 14:51:32 10/09/20
275,67.2,24.55,1019.73,5.0,4.21 14:56:47 10/09/20
275,68.3,24.560001,1019.66,5.0,4.21 15:02:02 10/09/20
275,63.6,24.66,1019.62,5.0,4.21 15:07:19 10/09/20
273,64.1,24.675,1019.62,5.0,4.21 15:12:35 10/09/20
270,60.2,24.6,1019.5,5.0,4.22 15:17:48 10/09/20
273,65.7,24.595001,1019.43,5.0,4.21 15:23:06 10/09/20
270,64.4,24.675,1019.5,5.0,4.21 15:28:20 10/09/20
270,65.3,24.685001,1019.43,5.0,4.21 15:33:37 10/09/20
271,63.5,24.695,1019.32,5.0,4.21 15:38:54 10/09/20
269,65.4,24.775,1019.31,5.0,4.21 15:44:09 10/09/20
271,62.8,24.865,1019.21,5.0,4.21 15:49:28 10/09/20
267,61.2,24.865,1019.23,5.0,4.21 15:54:47 10/09/20
266,57.1,24.740002,1019.18,5.0,4.21 16:00:06 10/09/20
196,61.2,24.650002,1019.19,5.0,4.21 16:05:20 10/09/20
229,60.5,24.685001,1019.05,4.32,4.15 16:10:37 10/09/20
227,58.9,24.585,1018.98,4.37,4.19 16:15:50 10/09/20
186,61.2,24.425,1018.94,4.46,4.21 16:21:07 10/09/20
151,56.8,24.305,1018.82,4.29,4.17 16:26:24 10/09/20
139,56.3,24.154999,1018.72,4.23,4.17 16:31:39 10/09/20
140,53.9,23.974998,1018.78,5.0,4.17 16:36:54 10/09/20
183,54.9,23.869999,1018.67,5.0,4.19 16:42:10 10/09/20
192,57.3,23.725,1018.66,4.29,4.2 16:47:29 10/09/20
169,53.9,23.595001,1018.53,4.27,4.17 16:52:54 10/09/20
230,57.8,23.58,1018.43,4.21,4.11 16:58:14 10/09/20
128,61.4,23.654999,1018.39,4.28,4.16 17:03:29 10/09/20
162,56.1,23.64,1018.27,4.85,4.15 17:08:49 10/09/20
173,59.2,23.725,1018.3,4.35,4.15 17:14:08 10/09/20
185,61.1,23.68,1018.31,4.23,4.15 17:19:28 10/09/20
152,59.0,23.740002,1018.19,5.0,4.15 17:24:49 10/09/20
178,60.3,23.675,1018.08,4.37,4.16 17:30:04 10/09/20
232,57.4,23.64,1018.06,5.0,4.15 17:35:24 10/09/20
230,56.6,23.635,1018.01,4.22,4.16 17:40:42 10/09/20
130,55.5,23.48,1017.97,5.0,4.14 17:45:59 10/09/20
144,56.2,23.474998,1017.91,4.25,4.13 17:51:15 10/09/20
142,56.3,23.46,1017.84,4.19,4.14 17:56:30 10/09/20
154,57.2,23.39,1017.84,5.0,4.15 18:01:46 10/09/20
141,56.0,23.295,1017.85,5.0,4.15 18:07:05 10/09/20
128,55.2,23.185001,1017.77,4.56,4.14 18:12:26 10/09/20
177,56.0,23.005001,1017.75,5.0,4.15 18:17:41 10/09/20
175,57.6,22.875,1017.67,5.0,4.15 18:22:56 10/09/20
156,56.0,22.77,1017.56,4.43,4.14 18:28:12 10/09/20
180,56.9,22.665,1017.54,4.34,4.15 18:33:27 10/09/20
138,55.8,22.564999,1017.53,4.43,4.15 18:38:43 10/09/20
156,56.2,22.455,1017.48,4.71,4.14 18:43:59 10/09/20
181,56.8,22.27,1017.41,4.24,4.15 18:49:15 10/09/20
174,56.4,22.075,1017.45,4.22,4.14 18:54:29 10/09/20
167,57.2,21.89,1017.44,4.36,4.13 18:59:44 10/09/20
162,57.5,21.705,1017.51,5.0,4.13 19:05:01 10/09/20
156,57.6,21.57,1017.46,4.27,4.13 19:10:14 10/09/20
149,57.6,21.39,1017.48,5.0,4.14 19:15:30 10/09/20
106,57.9,21.21,1017.49,4.98,4.15 19:20:45 10/09/20
92,57.8,21.09,1017.45,5.0,4.13 19:26:00 10/09/20
88,58.1,20.9,1017.32,4.95,4.12 19:31:19 10/09/20
83,58.0,20.775002,1017.35,4.2,4.11 19:36:47 10/09/20
76,58.1,20.59,1017.25,4.27,4.11 19:42:02 10/09/20
66,58.3,20.4,1017.31,4.58,4.1 19:47:17 10/09/20
55,58.2,20.205,1017.3,4.21,4.09 19:52:31 10/09/20
45,58.3,20.005001,1017.28,4.2,4.08 19:57:47 10/09/20
34,58.7,19.74,1017.27,3.68,4.07 20:03:02 10/09/20
24,58.9,19.54,1017.26,3.09,4.07 20:08:15 10/09/20
17,59.1,19.34,1017.29,2.49,4.06 20:13:33 10/09/20
10,59.5,19.135,1017.32,1.69,4.06 20:18:47 10/09/20
5,59.9,18.98,1017.34,0.98,4.05 20:24:02 10/09/20
2,60.4,18.795,1017.29,0.45,4.05 20:29:15 10/09/20
0,60.7,18.595001,1017.37,0.18,4.05 20:34:31 10/09/20
0,60.9,18.35,1017.31,0.06,4.04 20:39:44 10/09/20
0,61.3,18.154999,1017.3,0.02,4.04 20:45:02 10/09/20
0,61.9,18.025,1017.36,0.0,4.03 20:50:19 10/09/20
0,62.5,17.845001,1017.34,0.0,4.03 20:55:43 10/09/20
0,62.8,17.715,1017.36,0.0,3.99 21:01:10 10/09/20
0,63.6,17.56,1017.43,0.0,4.0 21:06:25 10/09/20
0,63.8,17.43,1017.38,0.0,4.02 21:11:39 10/09/20
0,64.5,17.26,1017.38,0.0,4.02 21:16:52 10/09/20
0,64.9,17.145,1017.42,0.0,4.02 21:22:08 10/09/20
0,65.5,17.035,1017.45,0.0,4.01 21:27:24 10/09/20
0,65.9,16.93,1017.42,0.0,4.01 21:32:37 10/09/20
0,65.7,16.77,1017.35,0.0,4.01 21:37:52 10/09/20
0,66.7,16.665,1017.4,0.0,4.01 21:43:06 10/09/20
0,66.7,16.555,1017.33,0.0,4.01 21:48:21 10/09/20
0,67.3,16.44,1017.39,0.0,4.01 21:53:35 10/09/20
0,67.6,16.279999,1017.42,0.0,4.0 21:58:49 10/09/20
0,67.7,16.220001,1017.41,0.0,4.0 22:04:04 10/09/20
0,68.2,16.135,1017.38,0.0,4.0 22:09:18 10/09/20
0,68.9,16.029999,1017.46,0.0,4.0 22:14:36 10/09/20
0,69.2,15.879999,1017.34,0.0,4.0 22:19:55 10/09/20
0,69.6,15.78,1017.36,0.0,3.99 22:25:10 10/09/20
0,69.7,15.675,1017.36,0.0,3.99 22:30:29 10/09/20
0,70.3,15.575,1017.33,0.0,3.99 22:35:47 10/09/20
0,70.1,15.465,1017.18,0.0,3.99 22:41:01 10/09/20
0,71.4,15.370001,1017.18,0.0,3.99 22:46:15 10/09/20
0,70.8,15.255,1017.14,0.0,3.98 22:51:33 10/09/20
0,71.4,15.15,1017.15,0.0,3.99 22:56:52 10/09/20
0,71.6,15.055,1017.12,0.0,3.98 23:02:07 10/09/20
0,72.3,14.950001,1017.08,0.0,3.98 23:07:21 10/09/20
0,72.4,14.85,1017.16,0.0,3.97 23:12:38 10/09/20
0,71.9,14.75,1017.15,0.0,3.93 23:17:57 10/09/20
0,73.1,14.65,1017.22,0.0,3.98 23:23:10 10/09/20
0,72.5,14.495,1017.21,0.0,3.97 23:28:26 10/09/20
0,72.3,14.455,1017.12,0.0,3.98 23:33:38 10/09/20
0,74.1,14.305,1017.1,0.0,3.97 23:38:55 10/09/20
0,74.4,14.265,1017.1,0.0,3.97 23:44:09 10/09/20
0,74.0,14.17,1017.11,0.0,3.97 23:49:22 10/09/20
0,73.8,14.085,1017.03,0.0,3.97 23:54:34 10/09/20
0,74.2,14.045,1016.99,0.0,3.97 23:59:50 10/09/20
