0,75.9,13.905,1016.97,0.0,3.96 00:05:02 11/09/20
0,75.3,13.855,1016.93,0.0,3.96 00:10:18 11/09/20
0,75.7,13.77,1016.98,0.0,3.96 00:15:35 11/09/20
0,76.1,13.690001,1017.09,0.0,3.96 00:20:49 11/09/20
0,75.3,13.66,1017.05,0.0,3.96 00:26:00 11/09/20
0,76.9,13.565,1017.0,0.0,3.96 00:31:12 11/09/20
0,76.2,13.475,1016.82,0.0,3.96 00:36:32 11/09/20
0,77.2,13.389999,1016.8,0.0,3.96 00:41:51 11/09/20
0,77.4,13.280001,1016.84,0.0,3.96 00:47:05 11/09/20
0,77.2,13.190001,1016.87,0.0,3.96 00:52:18 11/09/20
0,77.9,13.15,1016.81,0.0,3.96 00:57:33 11/09/20
0,77.6,13.065,1016.75,0.0,3.96 01:02:45 11/09/20
2,78.1,12.965,1016.76,0.0,3.96 01:07:59 11/09/20
3,77.7,12.875,1016.71,0.0,3.95 01:13:14 11/09/20
4,78.8,12.795,1016.71,0.0,3.96 01:18:27 11/09/20
5,78.6,12.695,1016.72,0.0,3.95 01:23:42 11/09/20
7,79.4,12.655001,1016.69,0.0,3.95 01:28:56 11/09/20
8,78.3,12.565,1016.51,0.0,3.95 01:34:13 11/09/20
9,81.2,12.485001,1016.46,0.0,3.95 01:39:32 11/09/20
10,80.4,12.455,1016.47,0.0,3.95 01:44:46 11/09/20
9,79.7,12.385,1016.43,0.0,3.95 01:50:03 11/09/20
9,81.2,12.360001,1016.45,0.0,3.95 01:55:22 11/09/20
7,81.4,12.29,1016.48,0.0,3.95 02:00:34 11/09/20
6,80.4,12.265,1016.49,0.0,3.95 02:05:48 11/09/20
6,80.9,12.175,1016.49,0.0,3.95 02:11:03 11/09/20
5,81.2,12.139999,1016.48,0.0,3.94 02:16:18 11/09/20
5,81.2,12.049999,1016.54,0.0,3.94 02:21:31 11/09/20
5,81.8,11.96,1016.42,0.0,3.94 02:26:48 11/09/20
5,81.6,11.87,1016.37,0.0,3.94 02:32:07 11/09/20
4,82.0,11.77,1016.32,0.0,3.94 02:37:29 11/09/20
4,81.4,11.690001,1016.33,0.0,3.94 02:42:43 11/09/20
4,81.5,11.585,1016.19,0.0,3.94 02:47:57 11/09/20
4,82.3,11.49,1016.21,0.0,3.93 02:53:10 11/09/20
4,83.4,11.445,1016.17,0.0,3.93 02:58:24 11/09/20
4,82.3,11.360001,1016.18,0.0,3.93 03:03:41 11/09/20
3,82.1,11.335,1016.17,0.0,3.93 03:09:00 11/09/20
3,83.1,11.255,1016.06,0.0,3.93 03:14:12 11/09/20
3,83.3,11.17,1016.05,0.0,3.93 03:19:28 11/09/20
3,82.4,11.094999,1016.03,0.0,3.87 03:24:50 11/09/20
3,84.2,11.075,1016.08,0.0,3.93 03:30:03 11/09/20
3,84.1,11.045,1016.09,0.0,3.93 03:35:15 11/09/20
3,84.0,10.97,1016.07,0.0,3.92 03:40:31 11/09/20
3,84.3,10.940001,1015.96,0.0,3.93 03:45:44 11/09/20
3,84.2,10.87,1015.98,0.0,3.92 03:50:57 11/09/20
2,84.5,10.775,1016.04,0.0,3.92 03:56:15 11/09/20
3,82.4,10.74,1016.08,0.0,3.92 04:01:33 11/09/20
3,83.2,10.655001,1016.05,0.0,3.92 04:06:47 11/09/20
3,81.3,10.62,1016.04,0.0,3.92 04:12:01 11/09/20
2,85.3,10.559999,1016.02,0.0,3.92 04:17:13 11/09/20
2,85.1,10.475,1016.02,0.0,3.92 04:22:25 11/09/20
3,87.0,10.389999,1015.96,0.0,3.92 04:27:41 11/09/20
2,85.3,10.365,1015.92,0.0,3.91 04:32:54 11/09/20
3,86.7,10.295,1015.89,0.0,3.91 04:38:08 11/09/20
2,87.0,10.26,1015.78,0.0,3.91 04:43:21 11/09/20
2,85.4,10.175,1015.81,0.0,3.91 04:48:35 11/09/20
2,86.4,10.15,1015.74,0.0,3.91 04:53:48 11/09/20
2,85.8,10.065,1015.71,0.0,3.91 04:59:02 11/09/20
2,85.9,10.045,1015.81,0.0,3.91 05:04:13 11/09/20
2,85.8,9.950001,1015.78,0.0,3.91 05:09:29 11/09/20
2,86.8,9.87,1015.72,0.0,3.91 05:14:42 11/09/20
2,87.1,9.785,1015.69,0.0,3.9 05:19:56 11/09/20
2,85.7,9.755,1015.65,0.0,3.9 05:25:10 11/09/20
2,86.4,9.74,1015.69,0.0,3.84 05:30:26 11/09/20
2,87.6,9.66,1015.67,0.0,3.91 05:35:44 11/09/20
2,88.5,9.635,1015.61,0.0,3.9 05:40:58 11/09/20
2,87.7,9.57,1015.58,0.0,3.9 05:46:14 11/09/20
2,87.6,9.549999,1015.54,0.0,3.9 05:51:25 11/09/20
2,88.0,9.485001,1015.49,0.0,3.9 05:56:38 11/09/20
2,88.1,9.465,1015.52,0.0,3.9 06:01:55 11/09/20
2,88.1,9.440001,1015.47,0.0,3.9 06:07:17 11/09/20
2,88.2,9.425,1015.46,0.0,3.89 06:12:39 11/09/20
2,88.4,9.355,1015.43,0.0,3.9 06:17:57 11/09/20
2,88.1,9.335,1015.45,0.02,3.9 06:23:11 11/09/20
3,88.4,9.26,1015.42,0.06,3.9 06:28:25 11/09/20
3,89.2,9.184999,1015.37,0.16,3.9 06:33:36 11/09/20
4,89.7,9.16,1015.36,0.37,3.9 06:38:51 11/09/20
5,88.5,9.139999,1015.3,0.79,3.9 06:44:04 11/09/20
9,88.4,9.07,1015.26,1.52,3.89 06:49:28 11/09/20
13,88.9,9.125,1015.22,2.61,3.89 06:54:39 11/09/20
19,88.7,9.059999,1015.26,3.44,3.89 06:59:53 11/09/20
23,90.0,9.049999,1015.22,3.62,3.89 07:05:06 11/09/20
33,89.8,8.98,1015.12,3.99,3.9 07:10:20 11/09/20
44,89.8,8.975,1015.17,4.12,3.9 07:15:31 11/09/20
54,89.5,8.97,1015.15,4.03,3.9 07:20:45 11/09/20
65,90.2,8.975,1015.18,5.0,3.89 07:25:59 11/09/20
80,90.4,8.98,1015.16,5.0,3.9 07:31:13 11/09/20
86,90.7,9.035,1015.24,3.98,3.85 07:36:26 11/09/20
95,91.0,9.055,1015.3,4.02,3.91 07:41:40 11/09/20
108,91.5,9.075,1015.38,5.0,3.91 07:47:06 11/09/20
115,90.7,9.165,1015.35,5.0,3.9 07:52:23 11/09/20
120,90.8,9.25,1015.4,4.94,3.91 07:57:40 11/09/20
124,90.6,9.344999,1015.44,3.99,3.92 08:02:59 11/09/20
123,90.8,9.46,1015.46,5.0,3.92 08:08:10 11/09/20
122,90.4,9.58,1015.56,5.0,3.91 08:13:25 11/09/20
129,87.8,9.75,1015.6,5.0,3.92 08:18:41 11/09/20
136,88.7,9.934999,1015.56,4.07,3.93 08:23:51 11/09/20
141,89.2,10.13,1015.74,4.19,3.93 08:29:07 11/09/20
147,87.7,10.335,1015.77,4.79,3.93 08:34:19 11/09/20
151,87.0,10.545,1015.74,5.0,3.95 08:39:31 11/09/20
165,87.5,10.74,1015.69,5.0,3.96 08:44:46 11/09/20
173,88.9,10.945,1015.64,4.33,3.98 08:50:01 11/09/20
188,87.6,11.145,1015.64,4.11,4.02 08:55:12 11/09/20
187,87.4,11.344999,1015.61,4.19,4.03 09:00:26 11/09/20
189,88.0,11.610001,1015.63,4.21,4.04 09:05:41 11/09/20
207,87.5,11.815001,1015.63,4.2,4.11 09:10:54 11/09/20
186,87.8,12.04,1015.79,4.33,4.06 09:16:08 11/09/20
183,86.8,12.295,1015.78,5.0,4.05 09:21:22 11/09/20
183,89.2,12.425,1015.76,4.19,4.1 09:26:36 11/09/20
182,86.0,12.605,1015.88,5.0,4.08 09:31:49 11/09/20
178,86.4,12.74,1015.88,4.38,4.12 09:37:03 11/09/20
181,90.3,12.92,1015.87,4.41,4.14 09:42:15 11/09/20
182,90.5,13.08,1015.88,4.26,4.17 09:47:35 11/09/20
184,87.2,13.28,1015.93,4.22,4.14 09:52:57 11/09/20
191,90.2,13.485,1015.92,4.76,4.16 09:58:17 11/09/20
189,88.3,13.675,1015.9,4.29,4.14 10:03:30 11/09/20
188,88.5,13.88,1015.86,4.27,4.16 10:08:45 11/09/20
189,90.7,14.1,1015.89,4.29,4.15 10:13:57 11/09/20
204,90.7,14.35,1015.91,4.37,4.21 10:19:19 11/09/20
196,88.0,14.555,1015.93,4.27,4.17 10:24:35 11/09/20
201,88.9,14.78,1015.98,5.0,4.19 10:29:53 11/09/20
198,87.6,15.045,1015.86,4.32,4.19 10:35:11 11/09/20
192,87.2,15.25,1015.94,4.32,4.18 10:40:26 11/09/20
204,85.8,15.445,1015.94,4.92,4.21 10:45:40 11/09/20
202,89.2,15.635,1015.9,4.51,4.21 10:50:55 11/09/20
214,88.2,15.844999,1015.92,5.0,4.21 10:56:15 11/09/20
206,88.3,16.119999,1015.94,5.0,4.21 11:01:31 11/09/20
211,89.6,16.33,1015.93,5.0,4.21 11:06:45 11/09/20
202,87.6,16.52,1015.89,5.0,4.21 11:12:01 11/09/20
187,87.2,16.720001,1015.92,4.3,4.18 11:17:14 11/09/20
190,87.5,16.845,1016.01,4.33,4.2 11:22:27 11/09/20
235,89.0,16.95,1015.96,5.0,4.22 11:27:43 11/09/20
235,88.0,17.119999,1015.91,5.0,4.22 11:32:58 11/09/20
230,88.0,17.36,1015.94,5.0,4.21 11:38:12 11/09/20
231,88.4,17.695,1016.0,5.0,4.21 11:43:27 11/09/20
221,87.1,17.970001,1015.97,4.28,4.18 11:48:41 11/09/20
197,87.8,18.150002,1015.87,4.83,4.21 11:53:58 11/09/20
232,87.7,18.4,1015.83,5.0,4.21 11:59:09 11/09/20
234,86.6,18.595001,1015.74,5.0,4.21 12:04:28 11/09/20
220,86.9,18.875,1015.79,5.0,4.21 12:09:39 11/09/20
225,86.1,19.085,1015.78,5.0,4.21 12:15:02 11/09/20
229,85.4,19.285,1015.71,5.0,4.21 12:20:17 11/09/20
237,85.2,19.42,1015.62,5.0,4.21 12:25:33 11/09/20
237,85.1,19.595001,1015.56,5.0,4.21 12:30:49 11/09/20
238,85.0,19.849998,1015.57,5.0,4.21 12:36:03 11/09/20
242,84.9,19.99,1015.56,5.0,4.21 12:41:22 11/09/20
241,84.5,20.185001,1015.51,5.0,4.21 12:46:41 11/09/20
245,84.6,20.32,1015.41,5.0,4.21 12:51:58 11/09/20
245,84.6,20.665,1015.41,5.0,4.21 12:57:11 11/09/20
245,85.0,20.95,1015.39,5.0,4.21 13:02:26 11/09/20
244,83.9,21.32,1015.36,5.0,4.21 13:07:41 11/09/20
244,82.1,21.560001,1015.26,5.0,4.21 13:12:58 11/09/20
243,80.7,21.82,1015.32,5.0,4.21 13:18:12 11/09/20
243,81.2,21.95,1015.32,5.0,4.21 13:23:28 11/09/20
241,75.9,22.14,1015.2,5.0,4.21 13:28:41 11/09/20
243,78.3,22.18,1015.11,5.0,4.21 13:33:57 11/09/20
244,79.3,22.34,1015.05,5.0,4.2 13:39:13 11/09/20
241,78.2,22.529999,1015.08,5.0,4.22 13:44:26 11/09/20
243,79.2,22.72,1015.07,5.0,4.21 13:49:43 11/09/20
247,77.8,22.92,1015.05,5.0,4.21 13:55:05 11/09/20
243,78.3,23.115002,1014.96,5.0,4.21 14:00:23 11/09/20
240,76.3,23.22,1014.89,5.0,4.21 14:05:37 11/09/20
242,71.6,23.42,1014.83,5.0,4.21 14:10:59 11/09/20
242,74.7,23.529999,1014.79,5.0,4.21 14:16:19 11/09/20
244,74.7,23.635,1014.77,5.0,4.21 14:21:34 11/09/20
245,74.1,23.795,1014.72,5.0,4.21 14:26:50 11/09/20
244,70.5,23.785,1014.67,5.0,4.21 14:32:03 11/09/20
246,73.8,23.915,1014.68,5.0,4.21 14:37:21 11/09/20
246,73.6,24.015,1014.69,5.0,4.21 14:42:34 11/09/20
249,72.1,24.155,1014.59,5.0,4.21 14:47:51 11/09/20
248,72.5,24.335,1014.61,5.0,4.21 14:53:08 11/09/20
247,73.0,24.485,1014.66,5.0,4.22 14:58:23 11/09/20
245,67.9,24.59,1014.57,5.0,4.21 15:03:38 11/09/20
243,69.7,24.555,1014.45,5.0,4.21 15:08:54 11/09/20
238,68.0,24.645,1014.49,5.0,4.21 15:14:10 11/09/20
235,63.8,24.585,1014.49,5.0,4.21 15:19:25 11/09/20
234,66.7,24.555,1014.39,5.0,4.22 15:24:41 11/09/20
234,69.1,24.62,1014.42,5.0,4.22 15:29:57 11/09/20
234,71.5,24.715,1014.38,5.0,4.21 15:35:13 11/09/20
230,69.9,24.82,1014.39,5.0,4.21 15:40:27 11/09/20
232,65.6,24.865,1014.32,5.0,4.21 15:45:48 11/09/20
234,67.3,24.865,1014.29,5.0,4.21 15:51:12 11/09/20
232,68.7,24.880001,1014.37,5.0,4.2 15:56:33 11/09/20
227,64.4,24.955,1014.33,5.0,4.2 16:01:49 11/09/20
204,62.6,24.865,1014.31,5.0,4.21 16:07:04 11/09/20
205,63.9,24.7,1014.24,4.56,4.21 16:12:20 11/09/20
197,66.1,24.67,1014.24,4.34,4.21 16:17:34 11/09/20
183,65.6,24.595001,1014.18,4.34,4.2 16:22:55 11/09/20
182,67.0,24.575,1014.07,4.31,4.19 16:28:14 11/09/20
178,67.9,24.515,1014.06,5.0,4.21 16:33:35 11/09/20
175,67.7,24.58,1013.94,5.0,4.19 16:38:54 11/09/20
179,68.0,24.585,1013.88,4.31,4.15 16:44:13 11/09/20
176,68.0,24.585,1013.89,5.0,4.19 16:49:27 11/09/20
178,67.9,24.529999,1013.89,4.31,4.19 16:54:44 11/09/20
184,67.8,24.58,1013.85,4.35,4.17 16:59:59 11/09/20
171,66.6,24.529999,1013.89,4.33,4.17 17:05:14 11/09/20
173,67.9,24.52,1013.88,4.31,4.18 17:10:30 11/09/20
168,67.0,24.51,1013.86,5.0,4.19 17:15:46 11/09/20
173,67.9,24.52,1013.83,4.28,4.19 17:21:02 11/09/20
186,68.2,24.535,1013.85,5.0,4.19 17:26:17 11/09/20
174,67.7,24.529999,1013.85,4.29,4.19 17:31:33 11/09/20
184,68.4,24.55,1013.86,5.0,4.18 17:36:49 11/09/20
185,67.0,24.525,1013.86,5.0,4.09 17:42:04 11/09/20
160,67.1,24.455,1013.8,4.22,4.16 17:47:21 11/09/20
153,64.2,24.375,1013.8,4.29,4.15 17:52:36 11/09/20
149,67.2,24.28,1013.77,5.0,4.15 17:57:51 11/09/20
143,67.0,24.16,1013.74,4.34,4.14 18:03:08 11/09/20
138,66.2,24.035,1013.66,4.27,4.12 18:08:21 11/09/20
135,65.5,23.865,1013.64,4.21,4.14 18:13:38 11/09/20
135,65.3,23.76,1013.68,5.0,4.14 18:18:54 11/09/20
147,66.5,23.654999,1013.67,4.21,4.14 18:24:13 11/09/20
144,67.4,23.64,1013.7,5.0,4.15 18:29:37 11/09/20
158,67.6,23.57,1013.76,4.28,4.15 18:34:59 11/09/20
145,67.3,23.545,1013.75,4.41,4.15 18:40:13 11/09/20
144,67.3,23.465,1013.74,4.22,4.15 18:45:29 11/09/20
140,67.1,23.38,1013.68,4.26,4.15 18:50:44 11/09/20
129,67.3,23.295,1013.68,4.26,4.13 18:55:58 11/09/20
127,66.4,23.205,1013.65,4.27,4.14 19:01:15 11/09/20
113,66.9,23.1,1013.61,4.52,4.14 19:06:31 11/09/20
109,66.5,23.0,1013.64,5.0,4.16 19:11:46 11/09/20
100,66.4,22.875,1013.55,5.0,4.14 19:17:03 11/09/20
92,66.4,22.71,1013.55,5.0,4.14 19:22:18 11/09/20
84,66.6,22.58,1013.64,4.9,4.13 19:27:32 11/09/20
73,66.9,22.395,1013.6,5.0,4.12 19:32:48 11/09/20
66,67.0,22.195,1013.6,4.61,4.12 19:38:04 11/09/20
59,67.4,22.01,1013.64,4.19,4.1 19:43:18 11/09/20
50,67.8,21.805,1013.61,4.34,4.05 19:48:34 11/09/20
42,68.1,21.585,1013.51,4.16,4.09 19:53:49 11/09/20
34,68.5,21.384998,1013.57,3.88,4.09 19:59:02 11/09/20
25,69.0,21.119999,1013.53,3.28,4.08 20:04:19 11/09/20
19,69.3,20.855,1013.5,2.98,4.07 20:09:35 11/09/20
12,69.6,20.695,1013.58,1.95,4.07 20:14:49 11/09/20
6,70.1,20.43,1013.64,1.24,4.06 20:20:05 11/09/20
3,70.6,20.225,1013.71,0.68,4.06 20:25:21 11/09/20
0,71.3,20.015,1013.76,0.3,4.05 20:30:35 11/09/20
0,71.6,19.82,1013.8,0.1,4.05 20:35:48 11/09/20
0,72.4,19.625,1013.81,0.03,4.05 20:41:03 11/09/20
0,73.2,19.439999,1013.77,0.0,4.04 20:46:21 11/09/20
0,72.9,19.26,1013.8,0.0,4.04 20:51:33 11/09/20
0,73.7,19.08,1013.82,0.0,4.03 20:56:47 11/09/20
0,74.6,18.939999,1013.82,0.0,4.03 21:02:02 11/09/20
0,74.7,18.765,1013.92,0.0,4.03 21:07:20 11/09/20
0,75.9,18.64,1013.99,0.0,4.03 21:12:33 11/09/20
0,75.5,18.47,1014.03,0.0,4.02 21:17:48 11/09/20
0,76.4,18.35,1014.07,0.0,4.02 21:23:03 11/09/20
0,76.1,18.175,1014.06,0.0,4.02 21:28:17 11/09/20
0,76.9,18.045,1014.16,0.0,4.01 21:33:32 11/09/20
0,77.3,17.935,1014.17,0.0,4.01 21:38:50 11/09/20
0,77.1,17.77,1014.14,0.0,4.01 21:44:12 11/09/20
0,78.2,17.654999,1014.21,0.0,4.01 21:49:25 11/09/20
0,78.0,17.49,1014.25,0.0,3.96 21:54:39 11/09/20
0,78.4,17.37,1014.25,0.0,4.01 21:59:52 11/09/20
0,77.7,17.27,1014.33,0.0,4.0 22:05:08 11/09/20
0,79.6,17.15,1014.33,0.0,4.01 22:10:22 11/09/20
0,79.3,17.045,1014.42,0.0,4.0 22:15:37 11/09/20
0,79.4,16.87,1014.36,0.0,4.0 22:20:51 11/09/20
2,79.7,16.76,1014.39,0.0,4.0 22:26:06 11/09/20
3,80.3,16.66,1014.45,0.0,3.99 22:31:20 11/09/20
4,80.2,16.555,1014.41,0.0,3.99 22:36:35 11/09/20
4,80.8,16.44,1014.37,0.0,3.99 22:41:57 11/09/20
5,81.4,16.345,1014.43,0.0,3.99 22:47:13 11/09/20
6,80.9,16.189999,1014.45,0.0,3.99 22:52:26 11/09/20
7,81.8,16.085,1014.55,0.0,3.99 22:57:41 11/09/20
6,81.3,15.995001,1014.52,0.0,3.99 23:02:53 11/09/20
7,82.4,15.889999,1014.55,0.0,3.98 23:08:08 11/09/20
9,83.1,15.78,1014.48,0.0,3.98 23:13:24 11/09/20
8,83.0,15.68,1014.48,0.0,3.98 23:18:39 11/09/20
7,83.3,15.585,1014.57,0.0,3.98 23:23:52 11/09/20
7,83.0,15.48,1014.51,0.0,3.98 23:29:10 11/09/20
7,83.2,15.379999,1014.53,0.0,3.98 23:34:29 11/09/20
5,82.7,15.275,1014.56,0.0,3.97 23:39:47 11/09/20
6,83.6,15.175,1014.53,0.0,3.97 23:45:06 11/09/20
6,83.6,15.075,1014.53,0.0,3.97 23:50:20 11/09/20
5,84.6,14.97,1014.51,0.0,3.97 23:55:35 11/09/20
