5,84.4,14.87,1014.46,0.0,3.92 00:00:49 12/09/20
5,85.6,14.775,1014.47,0.0,3.97 00:06:04 12/09/20
5,85.2,14.684999,1014.46,0.0,3.96 00:11:17 12/09/20
4,84.6,14.58,1014.41,0.0,3.96 00:16:31 12/09/20
4,85.0,14.475,1014.36,0.0,3.96 00:21:45 12/09/20
4,85.9,14.389999,1014.43,0.0,3.96 00:27:03 12/09/20
3,85.7,14.29,1014.39,0.0,3.96 00:32:22 12/09/20
3,86.1,14.245001,1014.39,0.0,3.96 00:37:36 12/09/20
3,86.0,14.1,1014.42,0.0,3.96 00:42:50 12/09/20
3,85.9,13.995,1014.34,0.0,3.96 00:48:04 12/09/20
3,86.2,13.889999,1014.32,0.0,3.96 00:53:18 12/09/20
3,86.2,13.795,1014.33,0.0,3.96 00:58:32 12/09/20
3,86.5,13.705,1014.37,0.0,3.96 01:03:46 12/09/20
3,87.0,13.67,1014.4,0.0,3.96 01:09:00 12/09/20
3,87.3,13.575,1014.5,0.0,3.96 01:14:15 12/09/20
3,87.4,13.485001,1014.49,0.0,3.96 01:19:28 12/09/20
3,87.2,13.395,1014.51,0.0,3.95 01:24:42 12/09/20
3,88.2,13.355,1014.59,0.0,3.95 01:29:56 12/09/20
2,87.3,13.265,1014.55,0.0,3.95 01:35:10 12/09/20
3,88.5,13.18,1014.5,0.0,3.95 01:40:24 12/09/20
3,88.6,13.094999,1014.52,0.0,3.95 01:45:39 12/09/20
3,88.3,13.059999,1014.55,0.0,3.95 01:50:53 12/09/20
3,88.0,12.97,1014.47,0.0,3.95 01:56:06 12/09/20
3,88.7,12.9,1014.45,0.0,3.9 02:01:26 12/09/20
2,88.9,12.885,1014.45,0.0,3.89 02:06:42 12/09/20
3,87.8,12.844999,1014.45,0.0,3.94 02:11:57 12/09/20
2,88.8,12.780001,1014.5,0.0,3.94 02:17:10 12/09/20
3,85.5,12.76,1014.57,0.0,3.94 02:22:24 12/09/20
3,85.7,12.76,1014.6,0.0,3.94 02:27:38 12/09/20
2,85.8,12.825,1014.69,0.0,3.94 02:32:52 12/09/20
2,85.3,12.83,1014.69,0.0,3.94 02:38:04 12/09/20
3,86.3,12.825,1014.61,0.0,3.94 02:43:19 12/09/20
3,89.3,12.775,1014.64,0.0,3.94 02:48:34 12/09/20
3,87.8,12.765,1014.65,0.0,3.93 02:53:47 12/09/20
3,89.2,12.765,1014.7,0.0,3.94 02:59:01 12/09/20
2,88.0,12.76,1014.75,0.0,3.93 03:04:15 12/09/20
3,87.0,12.755,1014.75,0.0,3.93 03:09:29 12/09/20
2,90.0,12.745001,1014.74,0.0,3.93 03:14:41 12/09/20
2,87.9,12.72,1014.79,0.0,3.93 03:19:56 12/09/20
2,89.4,12.66,1014.83,0.0,3.93 03:25:11 12/09/20
2,90.7,12.639999,1014.97,0.0,3.93 03:30:24 12/09/20
3,90.5,12.565,1014.96,0.0,3.93 03:35:38 12/09/20
3,90.9,12.53,1015.02,0.0,3.92 03:40:55 12/09/20
3,91.0,12.445,1015.03,0.0,3.92 03:46:14 12/09/20
2,90.2,12.355,1015.05,0.0,3.92 03:51:28 12/09/20
2,90.8,12.26,1015.11,0.0,3.92 03:56:41 12/09/20
2,90.8,12.165,1015.13,0.0,3.92 04:01:53 12/09/20
2,90.8,12.065,1015.13,0.0,3.86 04:07:19 12/09/20
2,90.7,11.985001,1015.13,0.0,3.92 04:12:31 12/09/20
3,91.1,11.889999,1015.16,0.0,3.92 04:17:46 12/09/20
2,90.9,11.85,1015.13,0.0,3.92 04:22:57 12/09/20
3,91.1,11.76,1015.08,0.0,3.92 04:28:13 12/09/20
2,91.2,11.67,1015.12,0.0,3.92 04:33:26 12/09/20
3,91.4,11.59,1015.17,0.0,3.91 04:38:40 12/09/20
3,91.2,11.549999,1015.11,0.0,3.91 04:43:57 12/09/20
3,91.5,11.475,1015.12,0.0,3.91 04:49:16 12/09/20
2,91.2,11.389999,1015.11,0.0,3.91 04:54:29 12/09/20
2,91.5,11.35,1015.1,0.0,3.91 04:59:41 12/09/20
3,91.6,11.27,1015.17,0.0,3.91 05:04:57 12/09/20
2,92.2,11.25,1015.15,0.0,3.91 05:10:10 12/09/20
3,92.1,11.235001,1015.2,0.0,3.91 05:15:25 12/09/20
2,91.7,11.165,1015.17,0.0,3.91 05:20:38 12/09/20
2,92.0,11.15,1015.14,0.0,3.91 05:25:51 12/09/20
2,91.7,11.13,1015.16,0.0,3.9 05:31:06 12/09/20
3,92.0,11.15,1015.18,0.0,3.91 05:36:19 12/09/20
3,93.2,11.175,1015.1,0.0,3.9 05:41:32 12/09/20
3,92.9,11.25,1015.16,0.0,3.9 05:46:46 12/09/20
2,93.3,11.34,1015.17,0.0,3.9 05:51:59 12/09/20
2,92.3,11.360001,1015.07,0.0,3.9 05:57:13 12/09/20
2,92.2,11.375,1015.14,0.0,3.91 06:02:25 12/09/20
3,92.4,11.450001,1015.21,0.0,3.9 06:07:44 12/09/20
3,91.5,11.54,1015.22,0.0,3.9 06:13:03 12/09/20
3,92.6,11.565,1015.19,0.0,3.9 06:18:16 12/09/20
2,91.5,11.63,1015.21,0.0,3.9 06:23:28 12/09/20
3,94.1,11.72,1015.26,0.02,3.9 06:28:44 12/09/20
4,93.8,11.76,1015.29,0.07,3.9 06:33:58 12/09/20
5,92.8,11.825,1015.24,0.2,3.9 06:39:11 12/09/20
6,92.9,11.835,1015.31,0.48,3.9 06:44:23 12/09/20
9,94.1,11.85,1015.46,1.02,3.9 06:49:39 12/09/20
13,95.2,11.865,1015.54,1.75,3.9 06:54:52 12/09/20
18,94.1,11.925,1015.46,2.48,3.9 07:00:06 12/09/20
26,93.0,11.875,1015.6,3.17,3.9 07:05:20 12/09/20
36,92.9,11.860001,1015.6,3.83,3.9 07:10:37 12/09/20
45,92.8,11.844999,1015.7,4.05,3.9 07:15:56 12/09/20
55,93.2,11.85,1015.74,4.07,3.9 07:21:13 12/09/20
66,94.1,11.855,1015.76,4.0,3.9 07:26:32 12/09/20
74,93.4,11.87,1015.78,4.56,3.9 07:31:46 12/09/20
85,92.6,11.93,1015.85,5.0,3.9 07:36:59 12/09/20
96,94.5,12.02,1015.93,4.94,3.91 07:42:11 12/09/20
102,94.5,12.065,1016.06,4.66,3.91 07:47:27 12/09/20
107,94.3,12.15,1016.07,5.0,3.91 07:52:40 12/09/20
113,97.8,12.255,1016.22,4.55,3.92 07:57:54 12/09/20
119,95.3,12.275,1016.18,4.25,3.91 08:03:13 12/09/20
123,95.5,12.355,1016.22,4.36,3.86 08:08:30 12/09/20
131,94.6,12.445,1016.38,5.0,3.93 08:13:45 12/09/20
139,95.1,12.545,1016.38,4.0,3.94 08:18:58 12/09/20
148,96.2,12.639999,1016.42,4.88,3.96 08:24:12 12/09/20
163,97.7,12.82,1016.51,4.08,3.99 08:29:29 12/09/20
170,96.5,12.93,1016.59,4.59,4.01 08:34:48 12/09/20
177,97.6,13.115,1016.73,4.1,4.04 08:40:02 12/09/20
183,97.4,13.245001,1016.76,4.19,4.05 08:45:16 12/09/20
190,96.4,13.42,1016.84,4.18,4.07 08:50:30 12/09/20
194,95.2,13.545,1017.04,4.2,4.11 08:55:43 12/09/20
188,95.8,13.73,1017.1,4.36,4.14 09:01:01 12/09/20
192,99.3,14.004999,1017.12,4.29,4.19 09:06:21 12/09/20
198,98.8,14.4,1017.15,5.0,4.21 09:11:34 12/09/20
194,99.2,14.785,1017.13,5.0,4.21 09:16:52 12/09/20
192,96.7,15.205,1017.24,5.0,4.21 09:22:12 12/09/20
200,96.5,15.525,1017.45,5.0,4.21 09:27:25 12/09/20
199,96.1,15.795,1017.42,5.0,4.21 09:32:43 12/09/20
212,95.7,16.0,1017.46,5.0,4.21 09:38:01 12/09/20
213,95.5,16.189999,1017.53,5.0,4.21 09:43:17 12/09/20
209,95.2,16.315,1017.63,5.0,4.21 09:48:32 12/09/20
204,95.1,16.445,1017.65,5.0,4.21 09:53:44 12/09/20
205,94.2,16.53,1017.77,5.0,4.21 09:59:01 12/09/20
211,94.5,16.615,1017.74,5.0,4.21 10:04:18 12/09/20
214,94.5,16.695,1017.67,5.0,4.21 10:09:46 12/09/20
222,94.3,16.810001,1017.74,5.0,4.21 10:15:04 12/09/20
225,94.3,16.98,1017.78,5.0,4.21 10:20:27 12/09/20
227,94.1,17.08,1017.71,5.0,4.2 10:25:53 12/09/20
228,93.8,17.195,1017.7,5.0,4.2 10:31:10 12/09/20
229,93.0,17.279999,1017.81,5.0,4.21 10:36:25 12/09/20
232,93.2,17.305,1017.88,5.0,4.21 10:41:37 12/09/20
237,93.0,17.39,1017.91,5.0,4.21 10:46:53 12/09/20
239,92.9,17.485,1017.87,5.0,4.21 10:52:09 12/09/20
240,92.6,17.654999,1017.9,5.0,4.21 10:57:29 12/09/20
243,92.7,17.815,1017.89,5.0,4.22 11:02:46 12/09/20
244,91.3,17.925,1017.92,5.0,4.21 11:08:00 12/09/20
245,91.5,18.015,1017.89,5.0,4.21 11:13:15 12/09/20
247,91.1,18.045,1017.95,5.0,4.21 11:18:33 12/09/20
248,90.6,18.19,1018.03,5.0,4.21 11:23:53 12/09/20
245,91.2,18.305,1018.04,5.0,4.21 11:29:08 12/09/20
246,90.5,18.470001,1018.11,5.0,4.21 11:34:25 12/09/20
245,89.0,18.66,1018.14,5.0,4.21 11:39:37 12/09/20
241,89.3,18.78,1018.11,5.0,4.21 11:44:56 12/09/20
189,88.3,18.945,1018.14,5.0,4.21 11:50:13 12/09/20
228,89.5,19.055,1018.13,5.0,4.21 11:55:30 12/09/20
260,90.2,19.240002,1018.27,5.0,4.21 12:00:44 12/09/20
231,87.3,19.445,1018.32,5.0,4.21 12:05:59 12/09/20
241,88.3,19.619999,1018.32,5.0,4.21 12:11:14 12/09/20
180,84.8,19.645,1018.26,4.31,4.21 12:16:29 12/09/20
181,83.4,19.645,1018.19,4.42,4.21 12:21:45 12/09/20
176,85.0,19.58,1018.28,4.33,4.2 12:26:59 12/09/20
257,84.0,19.555,1018.42,5.0,4.21 12:32:18 12/09/20
260,84.2,19.585,1018.36,5.0,4.21 12:37:45 12/09/20
255,82.9,19.745,1018.32,5.0,4.21 12:43:01 12/09/20
264,84.0,19.925,1018.37,5.0,4.21 12:48:16 12/09/20
257,82.1,20.105,1018.33,5.0,4.21 12:53:30 12/09/20
261,85.4,20.305,1018.38,5.0,4.21 12:58:49 12/09/20
263,84.6,20.615,1018.45,5.0,4.21 13:04:10 12/09/20
260,83.6,20.965,1018.52,5.0,4.21 13:09:24 12/09/20
261,80.9,21.105,1018.51,5.0,4.22 13:14:39 12/09/20
263,77.8,21.23,1018.47,5.0,4.22 13:19:54 12/09/20
262,80.6,21.4,1018.68,5.0,4.21 13:25:13 12/09/20
262,79.8,21.6,1018.66,5.0,4.22 13:30:31 12/09/20
263,77.8,21.695,1018.68,5.0,4.22 13:35:49 12/09/20
199,74.6,21.715,1018.67,5.0,4.22 13:41:02 12/09/20
267,75.4,21.619999,1018.71,5.0,4.22 13:46:17 12/09/20
275,75.4,21.55,1018.76,5.0,4.22 13:51:35 12/09/20
203,74.6,21.650002,1018.62,5.0,4.21 13:56:49 12/09/20
194,77.1,21.720001,1018.75,5.0,4.21 14:02:05 12/09/20
188,74.6,21.619999,1018.72,5.0,4.21 14:07:18 12/09/20
207,75.9,21.465,1018.69,5.0,4.22 14:12:35 12/09/20
183,74.4,21.435,1018.81,5.0,4.21 14:17:50 12/09/20
179,75.9,21.349998,1018.86,4.95,4.21 14:23:05 12/09/20
174,77.7,21.275002,1018.89,4.6,4.21 14:28:20 12/09/20
271,78.0,21.19,1018.94,5.0,4.21 14:33:41 12/09/20
231,75.9,21.42,1018.85,5.0,4.2 14:39:11 12/09/20
267,78.4,21.69,1018.74,5.0,4.21 14:44:41 12/09/20
262,75.0,21.99,1018.6,5.0,4.22 14:49:56 12/09/20
265,74.5,22.29,1018.45,5.0,4.22 14:55:11 12/09/20
265,76.4,22.58,1018.55,5.0,4.21 15:00:30 12/09/20
261,70.7,22.77,1018.62,5.0,4.21 15:05:52 12/09/20
262,72.6,22.814999,1018.53,5.0,4.21 15:11:06 12/09/20
262,74.2,22.975,1018.66,5.0,4.21 15:16:25 12/09/20
261,68.8,23.1,1018.64,5.0,4.21 15:21:50 12/09/20
261,70.3,23.115,1018.68,5.0,4.21 15:27:09 12/09/20
242,72.5,23.11,1018.78,5.0,4.21 15:32:24 12/09/20
177,71.0,23.04,1018.71,4.28,4.19 15:37:40 12/09/20
257,69.5,22.95,1018.61,5.0,4.21 15:42:55 12/09/20
259,68.6,22.865,1018.64,5.0,4.22 15:48:11 12/09/20
261,69.0,22.945,1018.66,5.0,4.21 15:53:26 12/09/20
247,69.0,22.939999,1018.7,5.0,4.21 15:58:40 12/09/20
233,71.4,22.925,1018.64,5.0,4.21 16:03:58 12/09/20
163,71.4,22.86,1018.61,5.0,4.19 16:09:12 12/09/20
164,69.7,22.869999,1018.64,5.0,4.22 16:14:27 12/09/20
192,69.4,22.939999,1018.68,4.28,4.18 16:19:43 12/09/20
179,70.6,23.01,1018.63,4.72,4.16 16:24:59 12/09/20
165,71.3,23.045,1018.6,5.0,4.19 16:30:14 12/09/20
156,69.6,23.064999,1018.71,4.27,4.18 16:35:30 12/09/20
170,68.3,23.055,1018.81,5.0,4.14 16:40:45 12/09/20
186,71.5,23.055,1018.92,4.27,4.18 16:46:04 12/09/20
221,66.9,23.119999,1018.9,4.33,4.17 16:51:34 12/09/20
200,71.4,23.135,1018.85,4.25,4.17 16:56:47 12/09/20
162,69.7,23.145,1018.82,5.0,4.16 17:02:03 12/09/20
155,71.3,23.205,1018.92,4.25,4.16 17:07:24 12/09/20
150,69.0,23.14,1018.91,4.28,4.15 17:12:45 12/09/20
153,69.0,23.055,1018.95,5.0,4.16 17:18:10 12/09/20
157,70.2,23.07,1019.02,5.0,4.14 17:23:27 12/09/20
152,70.1,23.064999,1019.04,4.33,4.16 17:28:47 12/09/20
170,69.8,22.99,1019.0,5.0,4.14 17:34:02 12/09/20
183,69.0,22.965,1019.0,4.29,4.15 17:39:19 12/09/20
151,70.8,22.96,1019.12,4.55,4.14 17:44:33 12/09/20
143,69.7,22.965,1019.08,5.0,4.14 17:49:47 12/09/20
142,71.6,22.884998,1018.99,4.26,4.15 17:55:02 12/09/20
156,71.5,22.88,1019.01,4.75,4.15 18:00:20 12/09/20
145,68.7,22.869999,1018.96,4.23,4.15 18:05:36 12/09/20
150,69.2,22.78,1019.02,4.24,4.15 18:10:51 12/09/20
141,69.6,22.68,1019.05,4.21,4.15 18:16:09 12/09/20
147,69.2,22.575,1019.01,4.22,4.13 18:21:30 12/09/20
149,69.4,22.42,1019.22,4.22,4.14 18:26:45 12/09/20
146,69.7,22.335,1019.15,4.61,4.15 18:32:04 12/09/20
146,69.1,22.295,1019.13,5.0,4.15 18:37:24 12/09/20
145,70.4,22.265,1019.15,5.0,4.15 18:42:40 12/09/20
147,70.0,22.18,1019.18,4.21,4.14 18:47:56 12/09/20
150,70.0,22.095001,1019.09,4.31,4.15 18:53:11 12/09/20
142,69.7,22.005001,1019.14,5.0,4.13 18:58:29 12/09/20
133,70.4,21.91,1019.16,4.77,4.12 19:03:50 12/09/20
119,70.0,21.82,1019.28,4.81,4.09 19:09:18 12/09/20
116,69.6,21.78,1019.47,4.15,4.09 19:14:38 12/09/20
103,70.5,21.67,1019.5,4.33,4.14 19:19:52 12/09/20
96,69.6,21.515,1019.58,5.0,4.13 19:25:07 12/09/20
88,69.7,21.42,1019.67,5.0,4.13 19:30:21 12/09/20
79,69.7,21.305,1019.57,5.0,4.12 19:35:38 12/09/20
67,69.7,21.135,1019.57,4.6,4.11 19:40:53 12/09/20
55,69.9,21.005001,1019.62,4.46,4.1 19:46:07 12/09/20
44,70.0,20.815,1019.59,4.16,4.09 19:51:23 12/09/20
32,70.2,20.615,1019.63,3.54,4.08 19:56:46 12/09/20
24,70.4,20.425,1019.76,2.94,4.08 20:02:02 12/09/20
17,70.8,20.225,1019.79,2.4,4.07 20:07:17 12/09/20
11,71.4,20.029999,1019.84,1.81,4.06 20:12:32 12/09/20
5,71.7,19.84,1019.85,1.17,4.06 20:17:47 12/09/20
2,72.4,19.69,1019.98,0.57,4.06 20:23:02 12/09/20
0,72.6,19.445,1020.05,0.23,4.05 20:28:18 12/09/20
0,73.3,19.310001,1020.1,0.08,4.04 20:33:30 12/09/20
0,73.8,19.125,1020.11,0.03,4.04 20:38:46 12/09/20
0,74.0,18.955,1020.19,0.04,4.04 20:44:01 12/09/20
0,74.3,18.835,1020.32,0.05,4.04 20:49:16 12/09/20
0,74.8,18.654999,1020.34,0.01,4.03 20:54:31 12/09/20
0,75.9,18.54,1020.37,0.01,4.03 20:59:45 12/09/20
0,75.7,18.365002,1020.47,0.12,4.02 21:05:00 12/09/20
0,77.5,18.255001,1020.54,0.13,4.02 21:10:18 12/09/20
0,76.4,18.135,1020.55,0.09,4.02 21:15:43 12/09/20
0,76.6,18.029999,1020.7,0.08,3.97 21:21:12 12/09/20
0,77.0,17.93,1020.72,0.08,4.01 21:26:24 12/09/20
0,77.0,17.77,1020.76,0.08,4.01 21:31:37 12/09/20
0,77.3,17.665,1020.73,0.08,4.01 21:36:52 12/09/20
0,78.4,17.56,1020.83,0.07,4.01 21:42:08 12/09/20
0,78.2,17.465,1020.92,0.08,4.01 21:47:23 12/09/20
0,79.1,17.37,1021.02,0.06,4.01 21:52:38 12/09/20
0,78.6,17.34,1021.04,0.08,4.0 21:57:55 12/09/20
0,79.4,17.255001,1021.14,0.08,4.0 22:03:18 12/09/20
0,80.4,17.154999,1021.21,0.18,4.0 22:08:38 12/09/20
0,80.3,17.055,1021.2,0.14,4.0 22:13:52 12/09/20
0,80.3,16.95,1021.3,0.0,3.99 22:19:07 12/09/20
2,79.8,16.86,1021.3,0.0,3.99 22:24:22 12/09/20
0,80.2,16.76,1021.31,0.0,3.99 22:29:39 12/09/20
0,81.1,16.67,1021.27,0.0,3.99 22:34:59 12/09/20
0,81.2,16.57,1021.26,0.0,3.99 22:40:13 12/09/20
0,82.0,16.475,1021.22,0.0,3.99 22:45:27 12/09/20
0,82.1,16.38,1021.29,0.0,3.98 22:50:42 12/09/20
0,83.1,16.295,1021.28,0.0,3.98 22:55:56 12/09/20
0,82.7,16.26,1021.23,0.0,3.98 23:01:11 12/09/20
0,83.5,16.16,1021.31,0.0,3.98 23:06:25 12/09/20
0,83.2,16.075,1021.31,0.0,3.98 23:11:39 12/09/20
1,83.5,16.035,1021.32,0.0,3.97 23:16:57 12/09/20
2,83.9,15.940001,1021.29,0.0,3.97 23:22:16 12/09/20
3,83.5,15.84,1021.32,0.0,3.97 23:27:31 12/09/20
2,84.1,15.75,1021.3,0.0,3.93 23:32:51 12/09/20
3,84.9,15.665,1021.39,0.0,3.92 23:38:08 12/09/20
4,85.4,15.565,1021.42,0.0,3.96 23:43:22 12/09/20
5,84.5,15.460001,1021.41,0.0,3.97 23:48:36 12/09/20
5,85.5,15.43,1021.48,0.0,3.97 23:53:50 12/09/20
6,85.5,15.285,1021.61,0.0,3.96 23:59:05 12/09/20
