0,67.6,21.645,1018.05,0.0,3.97 00:03:56 15/09/20
0,68.2,21.55,1018.12,0.0,3.97 00:09:12 15/09/20
0,69.1,21.45,1018.09,0.0,3.97 00:14:26 15/09/20
0,69.4,21.35,1018.08,0.0,3.97 00:19:42 15/09/20
0,69.7,21.26,1018.07,0.0,3.96 00:24:57 15/09/20
0,70.8,21.16,1018.02,0.0,3.96 00:30:12 15/09/20
0,70.0,21.125,1018.03,0.0,3.97 00:35:28 15/09/20
0,71.0,20.965,1018.03,0.0,3.96 00:40:42 15/09/20
0,72.0,20.86,1018.05,0.0,3.96 00:45:57 15/09/20
0,71.4,20.77,1018.04,0.0,3.96 00:51:12 15/09/20
0,71.7,20.725,1018.06,0.0,3.96 00:56:28 15/09/20
0,71.9,20.575,1018.06,0.0,3.96 01:01:46 15/09/20
0,72.5,20.535,1018.01,0.0,3.96 01:07:06 15/09/20
0,73.0,20.445,1017.99,0.0,3.96 01:12:21 15/09/20
0,73.2,20.35,1017.93,0.0,3.96 01:17:36 15/09/20
0,72.6,20.255001,1017.93,0.0,3.96 01:22:51 15/09/20
0,73.8,20.16,1017.93,0.0,3.96 01:28:06 15/09/20
0,73.8,20.075,1017.96,0.0,3.95 01:33:21 15/09/20
0,73.9,19.98,1017.92,0.0,3.91 01:38:36 15/09/20
0,74.4,19.93,1017.91,0.0,3.95 01:43:51 15/09/20
0,75.1,19.85,1017.93,0.0,3.95 01:49:07 15/09/20
0,74.0,19.77,1017.93,0.0,3.96 01:54:22 15/09/20
0,75.4,19.735,1017.96,0.0,3.95 01:59:36 15/09/20
0,74.9,19.645,1017.85,0.0,3.95 02:04:51 15/09/20
0,77.9,19.615,1017.91,0.0,3.95 02:10:06 15/09/20
0,76.0,19.535,1017.92,0.0,3.95 02:15:21 15/09/20
0,76.7,19.465,1017.95,0.0,3.95 02:20:36 15/09/20
0,77.0,19.385,1017.93,0.0,3.95 02:25:50 15/09/20
0,75.9,19.355,1017.87,0.0,3.95 02:31:05 15/09/20
0,77.4,19.279999,1017.86,0.0,3.94 02:36:21 15/09/20
0,75.9,19.244999,1017.84,0.0,3.94 02:41:35 15/09/20
0,77.3,19.165,1017.8,0.0,3.94 02:46:50 15/09/20
0,77.6,19.085,1017.8,0.0,3.94 02:52:08 15/09/20
0,79.9,19.055,1017.77,0.0,3.94 02:57:28 15/09/20
0,79.5,18.965,1017.67,0.0,3.94 03:02:43 15/09/20
0,78.4,18.935,1017.61,0.0,3.94 03:07:57 15/09/20
0,78.2,18.87,1017.64,0.0,3.94 03:13:12 15/09/20
0,77.7,18.85,1017.64,0.0,3.93 03:18:28 15/09/20
0,78.6,18.779999,1017.56,0.0,3.93 03:23:42 15/09/20
0,77.9,18.765,1017.55,0.0,3.93 03:29:00 15/09/20
0,78.8,18.75,1017.5,0.0,3.93 03:34:18 15/09/20
0,79.6,18.675,1017.56,0.0,3.93 03:39:38 15/09/20
0,79.2,18.65,1017.55,0.0,3.93 03:44:58 15/09/20
0,79.8,18.57,1017.57,0.0,3.93 03:50:12 15/09/20
0,80.8,18.535,1017.51,0.0,3.87 03:55:29 15/09/20
0,79.9,18.45,1017.55,0.0,3.93 04:00:43 15/09/20
0,80.3,18.365002,1017.48,0.0,3.92 04:05:57 15/09/20
0,79.2,18.335,1017.55,0.0,3.93 04:11:11 15/09/20
0,79.9,18.26,1017.46,0.0,3.92 04:16:27 15/09/20
0,81.2,18.235,1017.41,0.0,3.92 04:21:41 15/09/20
0,81.2,18.16,1017.32,0.0,3.93 04:26:55 15/09/20
0,81.7,18.075,1017.33,0.0,3.92 04:32:11 15/09/20
0,82.0,18.04,1017.27,0.0,3.92 04:37:25 15/09/20
0,81.7,17.97,1017.27,0.0,3.92 04:42:39 15/09/20
0,80.9,17.95,1017.33,0.0,3.92 04:47:55 15/09/20
0,81.6,17.87,1017.33,0.0,3.92 04:53:09 15/09/20
0,84.1,17.785,1017.23,0.0,3.92 04:58:23 15/09/20
0,84.7,17.75,1017.19,0.0,3.92 05:03:38 15/09/20
0,82.7,17.67,1017.22,0.0,3.91 05:08:53 15/09/20
0,82.8,17.645,1017.21,0.0,3.91 05:14:08 15/09/20
0,82.9,17.619999,1017.25,0.0,3.91 05:19:22 15/09/20
0,83.4,17.55,1017.27,0.0,3.91 05:24:36 15/09/20
0,82.9,17.474998,1017.19,0.0,3.91 05:29:51 15/09/20
0,82.5,17.445,1017.21,0.0,3.91 05:35:04 15/09/20
0,83.4,17.36,1017.16,0.0,3.91 05:40:20 15/09/20
0,83.5,17.335,1017.18,0.0,3.91 05:45:34 15/09/20
0,83.2,17.26,1017.18,0.0,3.86 05:50:47 15/09/20
0,83.1,17.175,1017.16,0.0,3.91 05:56:02 15/09/20
0,85.0,17.145,1017.13,0.0,3.91 06:01:23 15/09/20
0,84.8,17.064999,1017.15,0.0,3.91 06:06:40 15/09/20
0,84.1,17.035,1017.1,0.0,3.91 06:11:56 15/09/20
0,85.0,16.965,1017.12,0.0,3.91 06:17:09 15/09/20
0,85.8,16.875,1017.13,0.0,3.91 06:22:25 15/09/20
0,86.5,16.85,1017.13,0.01,3.91 06:27:39 15/09/20
0,85.8,16.835,1017.08,0.03,3.91 06:32:53 15/09/20
0,85.3,16.765,1017.05,0.07,3.91 06:38:08 15/09/20
0,84.1,16.75,1017.05,0.19,3.91 06:43:22 15/09/20
1,87.3,16.675,1017.05,0.45,3.91 06:48:37 15/09/20
4,86.4,16.66,1017.09,0.96,3.91 06:53:51 15/09/20
9,85.1,16.635,1017.09,1.77,3.9 06:59:09 15/09/20
17,85.1,16.56,1017.04,2.61,3.91 07:04:29 15/09/20
25,84.9,16.49,1017.01,3.17,3.9 07:09:41 15/09/20
34,87.9,16.460001,1016.99,3.8,3.91 07:14:57 15/09/20
50,86.3,16.45,1017.08,4.07,3.91 07:20:12 15/09/20
63,88.5,16.39,1017.08,4.21,3.91 07:25:26 15/09/20
79,89.0,16.44,1017.1,4.13,3.91 07:30:44 15/09/20
87,89.6,16.455,1017.09,4.92,3.91 07:36:03 15/09/20
98,88.2,16.460001,1017.14,4.31,3.91 07:41:16 15/09/20
105,87.6,16.47,1017.08,4.39,3.91 07:46:32 15/09/20
112,87.5,16.475,1017.13,5.0,3.91 07:51:47 15/09/20
120,87.6,16.54,1017.13,3.98,3.92 07:57:02 15/09/20
127,86.7,16.555,1017.25,5.0,3.86 08:02:16 15/09/20
133,87.4,16.64,1017.17,5.0,3.92 08:07:30 15/09/20
139,86.9,16.665,1017.15,5.0,3.93 08:12:44 15/09/20
142,87.1,16.75,1017.15,5.0,3.94 08:17:59 15/09/20
181,85.9,16.845001,1017.12,5.0,3.95 08:23:13 15/09/20
183,83.2,16.97,1017.11,4.96,3.97 08:28:26 15/09/20
203,84.8,17.244999,1017.08,4.23,4.02 08:33:42 15/09/20
208,84.7,17.535,1017.06,4.14,4.04 08:38:57 15/09/20
214,85.4,17.92,1017.08,4.22,4.06 08:44:09 15/09/20
217,86.7,18.310001,1017.08,4.17,4.08 08:49:26 15/09/20
222,85.6,18.76,1017.07,4.22,4.11 08:54:41 15/09/20
226,85.6,19.165,1017.09,4.37,4.15 08:59:55 15/09/20
230,84.4,19.564999,1017.07,4.31,4.19 09:05:19 15/09/20
238,84.3,20.14,1017.17,5.0,4.21 09:10:32 15/09/20
242,84.8,20.75,1017.09,5.0,4.21 09:15:49 15/09/20
244,85.2,21.435,1017.16,5.0,4.21 09:21:04 15/09/20
247,82.4,21.970001,1017.23,5.0,4.21 09:26:19 15/09/20
248,81.5,22.48,1017.32,5.0,4.21 09:31:34 15/09/20
252,81.0,22.904999,1017.28,5.0,4.21 09:36:54 15/09/20
258,80.8,23.315,1017.35,5.0,4.21 09:42:15 15/09/20
259,79.3,23.630001,1017.29,5.0,4.21 09:47:32 15/09/20
263,79.4,23.904999,1017.32,5.0,4.21 09:52:45 15/09/20
265,78.2,24.105,1017.32,5.0,4.21 09:58:02 15/09/20
268,78.8,24.32,1017.4,5.0,4.2 10:03:17 15/09/20
269,78.2,24.525,1017.43,5.0,4.21 10:08:36 15/09/20
272,77.9,24.765,1017.45,5.0,4.2 10:13:58 15/09/20
276,77.3,24.92,1017.49,5.0,4.21 10:19:13 15/09/20
277,77.8,25.105,1017.47,5.0,4.21 10:24:33 15/09/20
279,77.5,25.349998,1017.44,5.0,4.21 10:29:53 15/09/20
281,77.2,25.474998,1017.44,5.0,4.21 10:35:10 15/09/20
284,76.7,25.665,1017.4,5.0,4.21 10:40:26 15/09/20
287,75.6,25.86,1017.43,5.0,4.21 10:45:41 15/09/20
290,74.2,26.035,1017.43,5.0,4.21 10:50:58 15/09/20
292,74.4,26.2,1017.4,5.0,4.21 10:56:14 15/09/20
294,74.1,26.39,1017.43,5.0,4.21 11:01:28 15/09/20
295,74.2,26.475,1017.41,5.0,4.21 11:06:46 15/09/20
297,72.0,26.565,1017.4,5.0,4.21 11:12:01 15/09/20
297,72.3,26.67,1017.39,5.0,4.21 11:17:17 15/09/20
297,71.5,26.86,1017.4,5.0,4.21 11:22:33 15/09/20
302,70.6,27.11,1017.39,5.0,4.21 11:27:53 15/09/20
305,71.7,27.32,1017.39,5.0,4.21 11:33:14 15/09/20
304,70.8,27.615002,1017.37,5.0,4.21 11:38:34 15/09/20
304,69.8,27.89,1017.32,5.0,4.21 11:43:55 15/09/20
203,69.7,28.015,1017.24,4.3,4.2 11:49:12 15/09/20
202,69.9,28.2,1017.22,5.0,4.19 11:54:27 15/09/20
233,70.2,28.295,1017.2,5.0,4.21 11:59:44 15/09/20
310,68.7,28.41,1017.22,5.0,4.22 12:04:59 15/09/20
199,67.6,28.529999,1017.12,4.55,4.17 12:10:17 15/09/20
193,69.2,28.64,1017.1,4.26,4.18 12:15:32 15/09/20
211,68.6,28.805,1017.02,5.0,4.21 12:20:50 15/09/20
215,68.5,28.91,1016.97,5.0,4.21 12:26:07 15/09/20
317,69.0,29.015,1016.97,5.0,4.21 12:31:23 15/09/20
317,66.9,29.12,1016.89,5.0,4.21 12:36:40 15/09/20
321,68.9,29.23,1016.82,5.0,4.21 12:41:56 15/09/20
319,67.3,29.404999,1016.75,5.0,4.21 12:47:11 15/09/20
318,67.6,29.605,1016.71,5.0,4.21 12:52:29 15/09/20
319,64.9,29.86,1016.71,5.0,4.21 12:57:47 15/09/20
321,66.1,30.07,1016.62,5.0,4.21 13:03:03 15/09/20
320,67.2,30.375,1016.63,5.0,4.21 13:08:19 15/09/20
317,65.6,30.675,1016.55,5.0,4.21 13:13:36 15/09/20
318,66.6,30.985,1016.55,5.0,4.22 13:18:54 15/09/20
322,65.1,31.325,1016.55,5.0,4.21 13:24:11 15/09/20
320,64.4,31.63,1016.51,5.0,4.21 13:29:27 15/09/20
319,62.7,31.865,1016.47,5.0,4.21 13:34:45 15/09/20
321,63.2,32.075,1016.39,5.0,4.21 13:40:02 15/09/20
319,61.1,32.35,1016.35,5.0,4.21 13:45:18 15/09/20
324,62.4,32.545,1016.27,5.0,4.21 13:50:35 15/09/20
325,60.8,32.805,1016.24,5.0,4.21 13:55:56 15/09/20
326,60.9,33.025,1016.2,5.0,4.22 14:01:19 15/09/20
326,59.4,33.235,1016.13,5.0,4.21 14:06:36 15/09/20
325,61.0,33.489998,1016.09,5.0,4.21 14:11:53 15/09/20
323,55.8,33.605,1016.02,5.0,4.2 14:17:14 15/09/20
324,58.6,33.71,1015.95,5.0,4.21 14:22:37 15/09/20
321,58.2,33.9,1015.93,5.0,4.21 14:27:55 15/09/20
324,56.5,34.04,1015.93,5.0,4.21 14:33:15 15/09/20
323,53.0,33.995,1015.83,5.0,4.21 14:38:38 15/09/20
324,55.1,34.114998,1015.87,5.0,4.2 14:43:55 15/09/20
322,55.0,34.295,1015.74,5.0,4.21 14:49:21 15/09/20
330,53.7,34.43,1015.73,5.0,4.21 14:54:44 15/09/20
326,54.9,34.61,1015.66,5.0,4.21 15:00:03 15/09/20
285,50.6,34.535,1015.58,5.0,4.21 15:05:21 15/09/20
271,52.8,34.28,1015.63,5.0,4.21 15:10:40 15/09/20
259,52.1,33.91,1015.59,5.0,4.21 15:15:58 15/09/20
288,52.8,33.765,1015.64,5.0,4.2 15:21:15 15/09/20
331,53.6,33.745003,1015.63,5.0,4.21 15:26:31 15/09/20
319,53.5,33.879997,1015.62,5.0,4.21 15:31:48 15/09/20
335,50.7,34.07,1015.58,5.0,4.21 15:37:08 15/09/20
327,51.0,34.255,1015.5,5.0,4.21 15:42:25 15/09/20
320,50.0,34.44,1015.45,5.0,4.21 15:47:43 15/09/20
311,49.2,34.53,1015.38,5.0,4.21 15:53:01 15/09/20
262,49.5,34.555,1015.34,5.0,4.21 15:58:18 15/09/20
277,49.9,34.550003,1015.29,5.0,4.21 16:03:36 15/09/20
212,48.3,34.485,1015.24,4.29,4.19 16:08:53 15/09/20
238,45.8,34.48,1015.12,4.31,4.21 16:14:11 15/09/20
208,44.4,34.385002,1015.17,4.34,4.18 16:19:32 15/09/20
205,47.1,34.275,1015.11,4.37,4.17 16:24:55 15/09/20
206,47.8,34.14,1015.08,4.29,4.12 16:30:12 15/09/20
270,47.5,34.125,1015.05,4.28,4.19 16:35:30 15/09/20
205,46.3,34.1,1015.03,4.23,4.17 16:40:48 15/09/20
245,48.4,34.105,1015.02,4.29,4.17 16:46:05 15/09/20
250,49.7,34.120003,1014.97,4.31,4.17 16:51:22 15/09/20
195,49.1,34.215,1014.95,4.48,4.17 16:56:40 15/09/20
196,47.0,34.300003,1014.87,5.0,4.16 17:01:58 15/09/20
232,47.8,34.235,1014.84,4.28,4.17 17:07:16 15/09/20
210,46.9,34.22,1014.82,4.24,4.17 17:12:36 15/09/20
206,47.6,34.22,1014.79,4.33,4.17 17:17:57 15/09/20
196,47.9,34.22,1014.77,4.29,4.17 17:23:16 15/09/20
232,48.0,34.23,1014.69,5.0,4.16 17:28:34 15/09/20
196,47.9,34.235,1014.76,4.89,4.14 17:33:50 15/09/20
201,49.0,34.239998,1014.78,5.0,4.14 17:39:09 15/09/20
189,48.4,34.25,1014.68,4.22,4.14 17:44:26 15/09/20
180,45.9,34.254997,1014.64,4.95,4.15 17:49:43 15/09/20
184,44.7,34.155,1014.62,4.6,4.16 17:55:05 15/09/20
192,46.2,34.05,1014.62,4.28,4.16 18:00:28 15/09/20
189,47.0,33.965,1014.59,4.37,4.16 18:05:45 15/09/20
178,44.9,33.89,1014.54,4.53,4.15 18:11:03 15/09/20
185,46.2,33.855003,1014.52,4.63,4.15 18:16:18 15/09/20
207,45.6,33.71,1014.52,5.0,4.15 18:21:38 15/09/20
193,46.0,33.635,1014.53,5.0,4.15 18:26:53 15/09/20
192,46.0,33.6,1014.51,4.48,4.15 18:32:13 15/09/20
217,45.7,33.525,1014.53,5.0,4.14 18:37:31 15/09/20
216,44.0,33.43,1014.49,4.23,4.15 18:42:48 15/09/20
190,44.2,33.324997,1014.51,4.27,4.15 18:48:05 15/09/20
190,44.2,33.155,1014.47,5.0,4.16 18:53:22 15/09/20
171,43.8,33.025,1014.51,5.0,4.14 18:58:40 15/09/20
163,42.7,32.86,1014.53,4.54,4.14 19:04:02 15/09/20
168,42.2,32.72,1014.53,4.84,4.14 19:09:23 15/09/20
135,42.3,32.52,1014.47,4.58,4.15 19:14:39 15/09/20
122,42.8,32.309998,1014.52,4.27,4.14 19:19:57 15/09/20
111,43.1,32.1,1014.52,4.22,4.13 19:25:14 15/09/20
95,43.4,31.824999,1014.5,4.63,4.12 19:30:35 15/09/20
81,43.9,31.54,1014.56,4.64,4.11 19:35:57 15/09/20
69,44.4,31.245,1014.55,4.28,4.1 19:41:14 15/09/20
57,45.0,31.01,1014.53,4.22,4.1 19:46:31 15/09/20
45,45.5,30.665,1014.55,3.92,4.09 19:51:48 15/09/20
33,46.0,30.42,1014.58,3.41,4.08 19:57:06 15/09/20
22,47.0,30.135,1014.6,2.64,4.07 20:02:22 15/09/20
12,47.8,29.86,1014.63,1.75,4.06 20:07:42 15/09/20
5,48.3,29.585,1014.69,0.99,4.06 20:13:04 15/09/20
2,48.9,29.365,1014.72,0.48,4.06 20:18:21 15/09/20
0,48.7,29.145,1014.75,0.21,4.05 20:23:37 15/09/20
0,49.6,28.869999,1014.75,0.08,4.05 20:28:54 15/09/20
0,50.2,28.66,1014.84,0.02,4.05 20:34:08 15/09/20
0,50.7,28.395,1014.89,0.0,4.04 20:39:27 15/09/20
0,51.7,28.2,1014.94,0.0,4.04 20:44:42 15/09/20
0,51.8,28.0,1014.93,0.0,4.04 20:49:59 15/09/20
0,52.0,27.810001,1015.0,0.0,4.04 20:55:16 15/09/20
0,52.4,27.61,1015.03,0.0,4.03 21:00:36 15/09/20
0,52.3,27.43,1015.05,0.0,4.03 21:05:58 15/09/20
0,53.2,27.235,1015.06,0.0,4.03 21:11:13 15/09/20
0,53.6,27.115,1015.08,0.0,4.02 21:16:33 15/09/20
0,53.5,26.935,1015.15,0.0,4.02 21:21:54 15/09/20
0,53.9,26.805,1015.2,0.0,4.02 21:27:11 15/09/20
0,54.6,26.619999,1015.18,0.0,4.02 21:32:27 15/09/20
0,55.3,26.494999,1015.21,0.0,4.02 21:37:41 15/09/20
0,55.5,26.325,1015.32,0.0,4.02 21:42:59 15/09/20
0,55.5,26.17,1015.37,0.0,4.01 21:48:15 15/09/20
0,56.5,26.064999,1015.36,0.0,4.01 21:53:30 15/09/20
0,56.7,25.96,1015.45,0.0,4.01 21:58:48 15/09/20
0,57.4,25.865002,1015.64,0.0,4.01 22:04:04 15/09/20
0,58.0,25.765,1015.62,0.0,4.01 22:09:20 15/09/20
0,57.6,25.64,1015.6,0.0,4.0 22:14:35 15/09/20
0,56.8,25.48,1015.59,0.0,4.0 22:19:51 15/09/20
0,57.6,25.37,1015.53,0.0,4.0 22:25:07 15/09/20
0,58.2,25.279999,1015.48,0.0,4.0 22:30:23 15/09/20
0,58.4,25.18,1015.51,0.0,4.0 22:35:39 15/09/20
0,58.5,25.125,1015.51,0.0,3.99 22:40:55 15/09/20
0,58.8,24.965,1015.5,0.0,3.99 22:46:10 15/09/20
0,58.7,24.865002,1015.49,0.0,3.99 22:51:26 15/09/20
0,59.9,24.755001,1015.5,0.0,3.99 22:56:41 15/09/20
0,58.9,24.645,1015.53,0.0,3.99 23:01:58 15/09/20
0,59.6,24.49,1015.53,0.0,3.99 23:07:14 15/09/20
0,60.6,24.435,1015.61,0.0,3.99 23:12:30 15/09/20
0,60.4,24.279999,1015.61,0.0,3.99 23:17:46 15/09/20
0,58.7,24.23,1015.66,0.0,3.98 23:23:01 15/09/20
0,61.0,24.06,1015.64,0.0,3.98 23:28:15 15/09/20
0,61.4,23.96,1015.75,0.0,3.98 23:33:33 15/09/20
0,62.0,23.85,1015.77,0.0,3.98 23:38:48 15/09/20
0,62.3,23.689999,1015.88,0.0,3.98 23:44:03 15/09/20
0,60.6,23.58,1015.92,0.0,3.98 23:49:19 15/09/20
0,61.2,23.51,1015.9,0.0,3.97 23:54:42 15/09/20
0,62.3,23.37,1016.0,0.0,3.97 23:59:59 15/09/20
