146,99.9,13.335,1001.54,5.0,3.85 08:16:01 24/09/20
150,99.9,13.21,1001.57,3.92,3.86 08:16:15 24/09/20
166,99.9,13.205,1001.48,5.0,3.85 08:21:31 24/09/20
185,99.9,13.145,1001.5,3.93,3.81 08:26:45 24/09/20
178,99.9,13.15,1001.57,5.0,3.85 08:32:01 24/09/20
177,99.9,13.17,1001.67,3.91,3.84 08:37:11 24/09/20
202,99.9,13.184999,1001.75,4.01,3.85 08:42:26 24/09/20
195,99.9,13.27,1001.86,5.0,3.85 08:47:40 24/09/20
212,99.9,13.295,1001.95,4.8,3.89 08:52:55 24/09/20
253,99.9,13.4,1001.97,4.08,3.97 08:58:08 24/09/20
203,99.9,13.565,1001.93,5.0,3.95 09:03:26 24/09/20
234,99.9,13.74,1001.95,4.12,4.0 09:08:45 24/09/20
237,99.9,13.92,1001.92,4.12,4.02 09:13:59 24/09/20
208,99.9,14.24,1002.02,4.08,3.99 09:19:13 24/09/20
256,99.9,14.514999,1002.01,4.18,4.08 09:24:27 24/09/20
253,99.5,14.92,1001.92,4.2,4.1 09:29:41 24/09/20
268,98.8,15.27,1002.01,4.25,4.13 09:34:54 24/09/20
257,96.9,15.445,1001.92,4.24,4.13 09:40:07 24/09/20
275,97.8,15.605,1001.98,4.33,4.18 09:45:23 24/09/20
270,96.5,15.795,1001.9,4.34,4.19 09:50:38 24/09/20
275,96.4,16.135,1001.98,5.0,4.19 09:55:51 24/09/20
234,95.9,16.305,1001.79,4.36,4.15 10:01:06 24/09/20
293,94.9,16.515,1001.92,5.0,4.2 10:06:21 24/09/20
296,94.8,16.685,1001.94,5.0,4.2 10:11:35 24/09/20
290,94.4,16.665,1001.83,5.0,4.2 10:16:50 24/09/20
297,94.4,16.67,1001.89,5.0,4.2 10:22:04 24/09/20
237,94.5,16.7,1001.86,4.29,4.19 10:27:16 24/09/20
291,93.4,16.595,1001.83,5.0,4.21 10:32:31 24/09/20
243,93.3,16.415,1001.88,4.24,4.16 10:37:45 24/09/20
302,93.6,16.23,1001.83,5.0,4.21 10:43:01 24/09/20
298,93.4,16.215,1001.82,5.0,4.21 10:48:15 24/09/20
222,93.9,16.265,1001.93,4.38,4.16 10:53:30 24/09/20
297,93.3,16.175,1001.79,5.0,4.21 10:58:44 24/09/20
306,93.8,16.235,1001.73,5.0,4.21 11:03:58 24/09/20
240,93.5,16.235,1001.73,4.28,4.18 11:09:14 24/09/20
215,93.1,16.244999,1001.69,4.26,4.15 11:14:27 24/09/20
312,93.4,16.38,1001.58,5.0,4.21 11:19:47 24/09/20
227,92.9,16.4,1001.58,4.31,4.19 11:25:04 24/09/20
235,93.2,16.485,1001.54,4.32,4.2 11:30:19 24/09/20
286,93.0,16.575,1001.45,4.8,4.21 11:35:33 24/09/20
205,92.5,16.585,1001.42,5.0,4.12 11:40:47 24/09/20
200,92.4,16.645,1001.38,4.27,4.17 11:46:00 24/09/20
197,92.1,16.744999,1001.36,5.0,4.13 11:51:21 24/09/20
186,91.2,16.74,1001.15,4.6,4.16 11:56:39 24/09/20
187,90.1,16.665,1001.28,4.21,4.13 12:01:57 24/09/20
221,90.8,16.66,1001.13,4.54,4.16 12:07:16 24/09/20
203,90.1,16.575,1001.11,5.0,4.17 12:12:31 24/09/20
230,90.5,16.66,1001.08,5.0,4.17 12:17:45 24/09/20
254,90.4,16.810001,1001.0,4.3,4.17 12:23:00 24/09/20
289,87.7,16.9,1000.9,4.31,4.2 12:28:16 24/09/20
334,87.3,16.92,1000.93,5.0,4.21 12:33:29 24/09/20
285,87.1,17.015,1000.76,5.0,4.21 12:38:43 24/09/20
264,87.8,17.035,1000.79,4.28,4.17 12:43:56 24/09/20
264,86.6,17.11,1000.98,4.28,4.17 12:49:10 24/09/20
257,84.5,17.055,1000.79,4.29,4.19 12:54:29 24/09/20
238,83.6,17.105,1000.66,4.23,4.17 12:59:41 24/09/20
223,83.4,17.130001,1000.56,4.25,4.16 13:04:53 24/09/20
262,86.5,17.445,1000.64,4.44,4.19 13:10:13 24/09/20
348,85.3,17.675,1000.56,5.0,4.21 13:15:37 24/09/20
339,83.4,17.95,1000.5,5.0,4.21 13:20:56 24/09/20
311,80.7,18.060001,1000.57,5.0,4.13 13:26:08 24/09/20
304,78.7,17.925,1000.59,5.0,4.21 13:31:27 24/09/20
317,79.2,17.89,1000.34,5.0,4.21 13:36:38 24/09/20
343,81.1,18.07,1000.33,5.0,4.21 13:41:55 24/09/20
344,79.6,18.445,1000.29,5.0,4.21 13:47:08 24/09/20
343,78.4,18.650002,1000.26,5.0,4.13 13:52:22 24/09/20
339,77.8,18.775002,1000.12,5.0,4.21 13:57:39 24/09/20
339,80.7,18.895,1000.05,5.0,4.13 14:02:51 24/09/20
341,76.1,19.215,1000.1,5.0,4.14 14:08:07 24/09/20
247,74.5,19.19,1000.01,5.0,4.14 14:13:20 24/09/20
321,76.3,19.245,1000.06,5.0,4.21 14:18:37 24/09/20
321,77.0,19.115,999.85,5.0,4.22 14:23:50 24/09/20
351,77.2,19.175,999.94,5.0,4.2 14:29:06 24/09/20
340,75.1,19.275002,999.91,5.0,4.21 14:34:19 24/09/20
243,75.1,19.38,999.84,5.0,4.17 14:39:35 24/09/20
260,76.3,19.455,999.84,5.0,4.18 14:44:51 24/09/20
342,74.8,19.384998,999.67,5.0,4.21 14:50:06 24/09/20
336,75.7,19.630001,999.62,5.0,4.21 14:55:20 24/09/20
259,74.2,19.75,999.54,4.38,4.19 15:00:35 24/09/20
295,73.3,19.6,999.5,5.0,4.21 15:05:48 24/09/20
292,73.1,19.5,999.56,5.0,4.21 15:11:10 24/09/20
263,72.2,19.33,999.54,5.0,4.13 15:16:27 24/09/20
270,73.7,19.225,999.52,4.31,4.2 15:21:44 24/09/20
277,72.4,19.130001,999.43,5.0,4.13 15:26:58 24/09/20
283,73.3,19.035,999.38,5.0,4.13 15:32:13 24/09/20
275,72.9,19.085,999.3,4.35,4.21 15:37:27 24/09/20
260,72.0,19.015,999.25,5.0,4.13 15:42:42 24/09/20
252,72.1,18.98,999.06,5.0,4.13 15:47:57 24/09/20
262,72.4,18.9,999.02,4.6,4.18 15:53:13 24/09/20
262,71.1,18.84,999.08,5.0,4.13 15:58:26 24/09/20
255,71.6,18.875,999.03,5.0,4.13 16:03:42 24/09/20
253,71.7,18.83,998.94,5.0,4.13 16:08:56 24/09/20
231,70.8,18.810001,998.87,5.0,4.12 16:14:10 24/09/20
230,69.7,18.635,998.74,4.24,4.16 16:19:25 24/09/20
261,71.4,18.615,998.68,5.0,4.18 16:24:43 24/09/20
260,70.5,18.69,998.48,4.28,4.19 16:30:04 24/09/20
249,71.8,18.73,998.44,4.3,4.12 16:35:18 24/09/20
249,71.8,18.875,998.4,4.33,4.17 16:40:32 24/09/20
224,72.2,18.904999,998.38,4.35,4.15 16:45:47 24/09/20
199,71.5,18.91,998.23,5.0,4.14 16:51:03 24/09/20
210,70.0,18.88,998.12,4.4,4.15 16:56:17 24/09/20
193,71.0,18.82,998.07,4.92,4.14 17:01:32 24/09/20
205,72.2,18.815,998.04,5.0,4.15 17:06:46 24/09/20
210,70.9,18.744999,998.09,4.25,4.13 17:12:01 24/09/20
197,72.4,18.744999,998.08,5.0,4.15 17:17:16 24/09/20
183,72.6,18.73,998.11,4.22,4.14 17:22:30 24/09/20
153,71.7,18.725,998.07,5.0,4.14 17:27:45 24/09/20
162,71.5,18.695,998.05,5.0,4.14 17:33:00 24/09/20
145,71.8,18.56,998.06,5.0,4.14 17:38:14 24/09/20
211,72.8,18.52,998.01,5.0,4.13 17:43:28 24/09/20
198,73.5,18.439999,997.88,5.0,4.13 17:48:44 24/09/20
193,74.3,18.43,997.77,4.37,4.15 17:53:56 24/09/20
211,74.8,18.415,997.49,4.78,4.15 17:59:13 24/09/20
183,74.9,18.404999,997.4,4.32,4.14 18:04:28 24/09/20
140,75.5,18.39,997.28,4.42,4.14 18:09:42 24/09/20
127,75.4,18.315,997.22,4.64,4.13 18:14:57 24/09/20
143,75.3,18.23,997.07,4.54,4.13 18:20:12 24/09/20
141,75.2,18.205,996.97,4.35,4.13 18:25:25 24/09/20
182,75.7,18.130001,996.88,4.92,4.13 18:30:44 24/09/20
143,75.4,18.125,996.78,5.0,4.09 18:36:04 24/09/20
151,75.9,18.115,996.62,4.36,4.15 18:41:18 24/09/20
129,75.8,18.105,996.59,5.0,4.14 18:46:33 24/09/20
108,76.0,18.095001,996.55,5.0,4.13 18:51:48 24/09/20
101,76.2,18.029999,996.49,4.72,4.12 18:57:01 24/09/20
90,76.5,18.005001,996.54,4.53,4.11 19:02:17 24/09/20
63,76.5,17.935,996.54,4.19,4.1 19:07:29 24/09/20
56,77.0,17.845001,996.47,4.18,4.09 19:12:50 24/09/20
53,78.4,17.75,996.46,4.05,4.08 19:18:09 24/09/20
42,78.2,17.695,996.48,3.58,4.08 19:23:23 24/09/20
33,78.3,17.545,996.5,2.97,4.07 19:28:45 24/09/20
21,78.7,17.494999,996.46,2.14,4.07 19:34:02 24/09/20
22,79.3,17.4,996.39,1.71,4.06 19:39:16 24/09/20
22,79.8,17.310001,996.37,1.29,4.06 19:44:31 24/09/20
17,81.3,17.225,996.25,0.73,4.06 19:49:44 24/09/20
11,82.1,17.135,996.07,0.34,4.05 19:54:59 24/09/20
2,84.9,17.06,995.92,0.15,4.05 20:00:13 24/09/20
0,83.9,17.04,995.82,0.03,4.05 20:05:26 24/09/20
0,83.7,17.0,995.83,0.0,4.04 20:10:42 24/09/20
8,83.8,16.93,995.8,0.0,4.04 20:15:56 24/09/20
10,85.4,16.845001,995.71,0.0,4.04 20:21:10 24/09/20
9,86.2,16.82,995.62,0.0,4.03 20:26:24 24/09/20
7,86.5,16.795,995.63,0.0,4.03 20:31:40 24/09/20
6,87.3,16.735,995.65,0.0,4.03 20:36:54 24/09/20
5,89.8,16.66,995.72,0.0,3.99 20:42:09 24/09/20
6,89.7,16.64,995.61,0.0,4.03 20:47:21 24/09/20
6,87.0,16.55,995.4,0.0,4.02 20:52:37 24/09/20
6,86.7,16.5,995.34,0.0,4.02 20:57:56 24/09/20
7,90.4,16.37,995.14,0.0,4.02 21:03:14 24/09/20
8,88.4,16.35,995.12,0.0,4.02 21:08:29 24/09/20
9,90.4,16.33,995.2,0.0,4.02 21:13:44 24/09/20
10,90.5,16.315,995.16,0.0,4.02 21:18:58 24/09/20
11,91.1,16.255001,995.17,0.0,4.01 21:24:10 24/09/20
10,90.5,16.24,995.09,0.0,4.01 21:29:27 24/09/20
10,91.1,16.165,994.93,0.0,4.01 21:34:40 24/09/20
10,91.0,16.15,994.89,0.0,4.01 21:39:55 24/09/20
11,92.5,16.075,994.84,0.0,4.01 21:45:13 24/09/20
11,91.3,16.064999,994.83,0.0,4.0 21:50:40 24/09/20
13,91.3,16.06,994.8,0.0,4.0 21:55:55 24/09/20
14,91.1,16.035,994.7,0.0,4.0 22:01:07 24/09/20
15,91.8,15.960001,994.42,0.0,4.0 22:06:22 24/09/20
15,92.0,15.934999,994.28,0.0,4.0 22:11:37 24/09/20
16,92.5,15.855,993.83,0.0,4.0 22:16:51 24/09/20
15,92.5,15.85,994.1,0.0,3.99 22:22:05 24/09/20
16,92.7,15.834999,994.21,0.0,3.99 22:27:19 24/09/20
16,93.2,15.775001,994.11,0.0,3.99 22:32:34 24/09/20
15,93.9,15.77,993.99,0.0,3.99 22:37:48 24/09/20
14,93.7,15.76,994.09,0.0,3.99 22:43:03 24/09/20
12,94.0,15.76,993.93,0.0,3.99 22:48:18 24/09/20
6,93.7,15.75,993.78,0.0,3.98 22:53:31 24/09/20
1,94.7,15.695,993.86,0.0,3.99 22:58:45 24/09/20
0,94.3,15.68,993.87,0.0,3.99 23:03:58 24/09/20
0,93.6,15.67,993.8,0.0,3.98 23:09:14 24/09/20
0,94.2,15.67,993.84,0.0,3.98 23:14:29 24/09/20
0,94.4,15.655,993.86,0.0,3.98 23:19:41 24/09/20
0,94.7,15.595,993.96,0.0,3.98 23:24:56 24/09/20
9,95.2,15.595,993.82,0.0,3.98 23:30:11 24/09/20
4,94.4,15.595,993.98,0.0,3.98 23:35:24 24/09/20
0,94.4,15.59,994.16,0.0,3.98 23:40:39 24/09/20
0,94.6,15.585,994.16,0.0,3.98 23:45:53 24/09/20
3,95.3,15.575,994.15,0.0,3.97 23:51:12 24/09/20
12,95.5,15.565,994.1,0.0,3.97 23:56:29 24/09/20
