16,99.9,11.4,993.24,0.0,3.96 00:00:05 26/09/20
16,99.9,11.325001,993.2,0.0,3.96 00:05:23 26/09/20
17,99.9,11.31,993.08,0.0,3.96 00:10:36 26/09/20
15,99.9,11.24,992.91,0.0,3.96 00:15:50 26/09/20
15,99.9,11.219999,992.84,0.0,3.96 00:21:04 26/09/20
13,99.9,11.21,992.87,0.0,3.96 00:26:18 26/09/20
13,99.9,11.184999,992.83,0.0,3.96 00:31:35 26/09/20
11,99.9,11.205,992.68,0.0,3.96 00:36:51 26/09/20
11,99.9,11.139999,992.58,0.0,3.96 00:42:06 26/09/20
11,99.9,11.115,992.45,0.0,3.96 00:47:20 26/09/20
11,99.9,11.12,992.44,0.0,3.96 00:52:33 26/09/20
10,99.9,11.105,992.33,0.0,3.96 00:57:47 26/09/20
10,99.9,11.115,992.3,0.0,3.96 01:03:00 26/09/20
11,99.9,11.105,992.3,0.0,3.96 01:08:14 26/09/20
11,99.9,11.045,992.17,0.0,3.96 01:13:28 26/09/20
10,99.9,11.04,992.01,0.0,3.96 01:18:42 26/09/20
9,99.9,11.04,991.95,0.0,3.95 01:23:54 26/09/20
9,99.9,11.05,991.94,0.0,3.95 01:29:09 26/09/20
10,99.9,11.035,991.74,0.0,3.95 01:34:22 26/09/20
9,99.9,11.030001,991.41,0.0,3.95 01:39:35 26/09/20
10,99.9,11.085,991.43,0.0,3.95 01:44:49 26/09/20
9,99.9,11.094999,991.51,0.0,3.95 01:50:01 26/09/20
9,99.9,11.1,991.45,0.0,3.95 01:55:14 26/09/20
9,99.9,11.115,991.4,0.0,3.95 02:00:29 26/09/20
9,99.9,11.115,991.29,0.0,3.95 02:05:41 26/09/20
9,99.9,11.115,991.25,0.0,3.95 02:10:55 26/09/20
9,99.9,11.135,991.33,0.0,3.95 02:16:15 26/09/20
9,99.9,11.215,991.5,0.0,3.95 02:21:33 26/09/20
9,99.9,11.285,991.38,0.0,3.95 02:26:45 26/09/20
8,99.9,11.31,991.44,0.0,3.95 02:31:57 26/09/20
8,99.9,11.345,991.43,0.0,3.95 02:37:11 26/09/20
8,99.9,11.43,991.48,0.0,3.94 02:42:24 26/09/20
9,99.9,11.505,991.53,0.0,3.94 02:47:43 26/09/20
9,99.9,11.585,991.5,0.0,3.94 02:52:53 26/09/20
10,99.9,11.61,991.53,0.0,3.94 02:58:08 26/09/20
10,99.9,11.690001,991.6,0.0,3.94 03:03:21 26/09/20
10,99.9,11.705,991.73,0.0,3.94 03:08:34 26/09/20
10,99.9,11.77,991.83,0.0,3.94 03:13:46 26/09/20
10,99.9,11.780001,991.98,0.0,3.94 03:19:00 26/09/20
10,99.9,11.855,992.17,0.0,3.94 03:24:14 26/09/20
11,99.9,11.88,992.15,0.0,3.94 03:29:29 26/09/20
11,99.9,11.96,992.34,0.0,3.93 03:34:42 26/09/20
11,99.9,12.035,992.46,0.0,3.93 03:39:56 26/09/20
10,99.9,11.99,992.54,0.0,3.89 03:45:08 26/09/20
11,99.9,11.985001,992.59,0.0,3.93 03:50:24 26/09/20
12,99.9,11.985001,992.71,0.0,3.93 03:55:37 26/09/20
12,99.9,11.99,992.78,0.0,3.93 04:00:55 26/09/20
11,99.9,12.01,992.77,0.0,3.93 04:06:11 26/09/20
12,99.9,12.01,992.9,0.0,3.93 04:11:26 26/09/20
12,99.9,12.065,992.95,0.0,3.93 04:16:41 26/09/20
13,99.9,12.07,992.96,0.0,3.93 04:21:54 26/09/20
11,99.9,12.07,993.07,0.0,3.93 04:27:06 26/09/20
11,99.9,12.07,993.24,0.0,3.93 04:32:20 26/09/20
12,99.9,12.059999,993.29,0.0,3.92 04:37:35 26/09/20
11,99.9,12.065,993.35,0.0,3.93 04:42:47 26/09/20
12,99.9,11.99,993.47,0.0,3.92 04:48:03 26/09/20
12,99.9,11.98,993.57,0.0,3.92 04:53:16 26/09/20
12,99.9,11.96,993.58,0.0,3.92 04:58:29 26/09/20
11,99.9,11.895,993.57,0.0,3.93 05:03:41 26/09/20
13,99.9,11.87,993.65,0.0,3.92 05:09:00 26/09/20
13,99.9,11.87,993.77,0.0,3.92 05:14:19 26/09/20
13,99.9,11.87,993.85,0.0,3.92 05:19:32 26/09/20
13,99.9,11.860001,993.87,0.0,3.92 05:24:47 26/09/20
13,99.9,11.860001,993.9,0.0,3.92 05:30:00 26/09/20
14,99.9,11.87,993.95,0.0,3.92 05:35:13 26/09/20
14,99.9,11.87,993.95,0.0,3.91 05:40:27 26/09/20
14,99.9,11.865,993.99,0.0,3.91 05:45:44 26/09/20
14,99.9,11.87,994.02,0.0,3.92 05:51:03 26/09/20
12,99.9,11.875,994.04,0.0,3.92 05:56:16 26/09/20
12,99.9,11.875,994.04,0.0,3.92 06:01:30 26/09/20
13,99.9,11.88,994.2,0.0,3.91 06:06:48 26/09/20
13,99.9,11.875,994.22,0.0,3.91 06:12:15 26/09/20
12,99.9,11.875,994.2,0.0,3.91 06:17:28 26/09/20
12,99.9,11.875,994.35,0.0,3.91 06:22:42 26/09/20
13,99.9,11.87,994.43,0.0,3.91 06:27:55 26/09/20
12,99.9,11.865,994.52,0.0,3.91 06:33:07 26/09/20
14,99.9,11.85,994.47,0.0,3.91 06:38:22 26/09/20
13,99.9,11.795,994.63,0.0,3.91 06:43:37 26/09/20
14,99.9,11.785,994.67,0.0,3.91 06:48:52 26/09/20
13,99.9,11.780001,994.79,0.01,3.91 06:54:03 26/09/20
14,99.9,11.77,994.95,0.04,3.91 06:59:17 26/09/20
14,99.9,11.765,995.08,0.1,3.91 07:04:30 26/09/20
16,99.9,11.76,995.13,0.25,3.91 07:09:44 26/09/20
19,99.9,11.695,995.24,0.58,3.91 07:14:58 26/09/20
23,99.9,11.695,995.3,1.17,3.91 07:20:11 26/09/20
29,99.9,11.690001,995.34,1.74,3.91 07:25:26 26/09/20
36,99.9,11.695,995.39,2.08,3.91 07:30:42 26/09/20
47,99.9,11.695,995.42,3.1,3.91 07:36:05 26/09/20
63,99.9,11.684999,995.51,4.03,3.91 07:41:23 26/09/20
77,99.9,11.675,995.56,4.22,3.91 07:46:36 26/09/20
72,99.9,11.62,995.63,4.08,3.91 07:51:49 26/09/20
79,99.9,11.605,995.64,4.09,3.91 07:57:04 26/09/20
92,99.9,11.594999,995.63,4.37,3.9 08:02:17 26/09/20
91,99.9,11.594999,995.77,4.26,3.86 08:07:31 26/09/20
100,99.9,11.57,995.88,4.6,3.91 08:12:44 26/09/20
107,99.9,11.525,995.87,4.88,3.91 08:17:59 26/09/20
105,99.9,11.565,995.88,4.8,3.91 08:23:16 26/09/20
106,99.9,11.514999,996.02,4.44,3.91 08:28:39 26/09/20
95,99.9,11.52,996.09,4.54,3.9 08:33:56 26/09/20
108,99.9,11.51,996.05,4.3,3.91 08:39:09 26/09/20
155,99.9,11.514999,996.03,5.0,3.91 08:44:24 26/09/20
181,99.9,11.514999,996.08,4.76,3.93 08:49:36 26/09/20
168,99.9,11.52,996.01,4.02,3.93 08:54:50 26/09/20
166,99.9,11.59,996.11,4.02,3.94 09:00:02 26/09/20
208,99.9,11.605,996.32,4.13,4.03 09:05:17 26/09/20
214,99.9,11.684999,996.46,4.15,4.05 09:10:31 26/09/20
162,99.9,11.780001,996.51,4.41,3.97 09:15:49 26/09/20
168,99.9,11.8,996.67,5.0,3.98 09:21:05 26/09/20
187,99.9,11.8,996.7,4.1,3.99 09:26:20 26/09/20
156,99.9,11.805,996.77,4.87,3.98 09:31:35 26/09/20
156,99.9,11.815001,996.81,4.09,3.97 09:36:50 26/09/20
181,99.9,11.87,996.94,4.11,4.02 09:42:01 26/09/20
171,99.9,11.895,997.03,5.0,4.01 09:47:15 26/09/20
194,99.9,11.98,997.03,4.33,4.05 09:52:33 26/09/20
259,99.9,12.085,997.05,5.0,4.2 09:57:51 26/09/20
260,99.9,12.48,997.08,5.0,4.2 10:03:04 26/09/20
260,99.9,13.025,997.08,5.0,4.2 10:08:18 26/09/20
261,99.9,13.54,997.16,5.0,4.21 10:13:31 26/09/20
264,99.9,13.975,997.2,5.0,4.2 10:18:47 26/09/20
266,99.9,14.325001,997.24,5.0,4.13 10:24:01 26/09/20
267,99.9,14.525,997.16,5.0,4.21 10:29:12 26/09/20
274,99.9,14.675,997.23,5.0,4.2 10:34:26 26/09/20
279,99.9,14.785,997.32,5.0,4.21 10:39:41 26/09/20
230,99.9,14.73,997.27,4.27,4.18 10:44:57 26/09/20
287,99.9,14.605,997.22,5.0,4.2 10:50:14 26/09/20
293,99.9,14.43,997.32,5.0,4.21 10:55:35 26/09/20
297,99.9,14.33,997.25,5.0,4.21 11:00:47 26/09/20
286,99.9,14.285,997.27,5.0,4.21 11:06:01 26/09/20
179,99.9,14.2,997.29,5.0,4.14 11:11:15 26/09/20
294,99.9,14.190001,997.39,5.0,4.21 11:16:27 26/09/20
273,99.9,14.21,997.47,5.0,4.21 11:21:44 26/09/20
222,99.9,14.305,997.58,5.0,4.19 11:26:57 26/09/20
212,99.9,14.455,997.58,4.68,4.17 11:32:09 26/09/20
248,99.9,14.63,997.57,4.29,4.19 11:37:25 26/09/20
230,99.9,14.75,997.57,4.32,4.21 11:42:43 26/09/20
229,99.3,14.755,997.43,5.0,4.19 11:48:02 26/09/20
235,99.9,14.76,997.41,4.49,4.18 11:53:16 26/09/20
200,99.6,14.835,997.44,5.0,4.13 11:58:30 26/09/20
202,99.6,14.785,997.49,4.28,4.18 12:03:45 26/09/20
207,99.4,14.765,997.46,4.28,4.19 12:08:59 26/09/20
213,99.6,14.76,997.48,4.36,4.19 12:14:13 26/09/20
231,99.9,14.915,997.67,5.0,4.15 12:19:26 26/09/20
217,99.1,15.03,997.68,4.77,4.17 12:24:40 26/09/20
211,98.5,15.03,997.65,4.92,4.15 12:29:54 26/09/20
208,99.6,15.025,997.71,4.25,4.15 12:35:07 26/09/20
224,99.6,15.02,997.74,4.23,4.17 12:40:23 26/09/20
219,99.9,14.97,997.74,4.96,4.18 12:45:37 26/09/20
217,99.8,15.045,997.75,4.25,4.17 12:50:51 26/09/20
316,99.2,14.985001,997.67,5.0,4.21 12:56:05 26/09/20
311,99.4,15.065,997.63,5.0,4.21 13:01:17 26/09/20
275,99.1,15.23,997.67,5.0,4.12 13:06:33 26/09/20
316,98.7,15.344999,997.75,5.0,4.21 13:11:48 26/09/20
331,98.8,15.535,997.76,5.0,4.13 13:17:01 26/09/20
315,99.5,15.860001,997.76,5.0,4.21 13:22:15 26/09/20
294,97.5,15.93,997.83,5.0,4.21 13:27:30 26/09/20
262,98.2,16.01,997.94,5.0,4.21 13:32:48 26/09/20
232,98.0,16.01,997.99,5.0,4.13 13:38:07 26/09/20
242,98.9,15.950001,998.02,5.0,4.13 13:43:21 26/09/20
313,98.3,16.045,998.04,5.0,4.13 13:48:34 26/09/20
327,98.2,16.21,998.13,5.0,4.13 13:53:49 26/09/20
330,98.6,16.415,998.19,5.0,4.21 13:59:04 26/09/20
316,96.3,16.535,998.07,5.0,4.21 14:04:18 26/09/20
325,96.7,16.705,998.13,5.0,4.2 14:09:33 26/09/20
279,96.6,16.8,998.21,5.0,4.21 14:14:46 26/09/20
259,96.1,16.815,998.2,5.0,4.21 14:20:02 26/09/20
260,96.9,16.835,998.24,4.64,4.21 14:25:15 26/09/20
324,95.6,16.845001,998.16,5.0,4.21 14:30:29 26/09/20
301,95.5,16.845001,998.2,5.0,4.12 14:35:44 26/09/20
267,95.4,16.904999,998.22,5.0,4.21 14:40:57 26/09/20
246,94.3,16.77,998.27,4.3,4.19 14:46:16 26/09/20
249,94.5,16.715,998.24,5.0,4.12 14:51:28 26/09/20
323,94.3,16.619999,998.24,5.0,4.13 14:56:41 26/09/20
242,94.3,16.635,998.23,4.3,4.19 15:01:56 26/09/20
220,94.7,16.564999,998.22,5.0,4.13 15:07:09 26/09/20
207,94.2,16.525,998.17,4.27,4.16 15:12:23 26/09/20
204,94.5,16.44,998.24,5.0,4.16 15:17:37 26/09/20
118,95.1,16.36,998.19,5.0,4.13 15:22:54 26/09/20
148,95.2,16.33,998.17,5.0,4.13 15:28:07 26/09/20
175,94.8,16.17,998.21,5.0,4.16 15:33:24 26/09/20
197,94.8,16.125,998.21,5.0,4.13 15:38:36 26/09/20
228,95.5,16.045,998.18,5.0,4.13 15:43:51 26/09/20
243,95.8,16.1,998.18,5.0,4.14 15:49:02 26/09/20
241,96.1,16.205,998.1,4.28,4.19 15:54:18 26/09/20
229,96.0,16.32,998.1,4.23,4.17 15:59:33 26/09/20
291,96.2,16.43,998.13,5.0,4.21 16:04:49 26/09/20
249,96.1,16.635,998.08,4.32,4.19 16:10:00 26/09/20
254,96.3,16.79,998.07,5.0,4.12 16:15:16 26/09/20
238,95.9,16.88,998.07,4.33,4.19 16:20:30 26/09/20
217,95.2,16.835,998.1,4.77,4.17 16:25:45 26/09/20
215,95.2,16.845001,998.15,5.0,4.12 16:30:59 26/09/20
214,94.8,16.75,998.23,4.26,4.17 16:36:13 26/09/20
210,95.3,16.665,998.21,5.0,4.17 16:41:29 26/09/20
201,95.8,16.645,998.29,5.0,4.13 16:46:43 26/09/20
179,96.1,16.56,998.35,4.67,4.15 16:51:56 26/09/20
159,95.9,16.47,998.41,5.0,4.07 16:57:14 26/09/20
173,95.9,16.355,998.38,4.19,4.14 17:02:33 26/09/20
216,96.3,16.27,998.33,5.0,4.13 17:07:48 26/09/20
189,96.7,16.27,998.44,4.83,4.16 17:13:03 26/09/20
171,96.5,16.255001,998.35,5.0,4.13 17:18:16 26/09/20
163,96.6,16.244999,998.46,4.35,4.14 17:23:34 26/09/20
170,96.6,16.235,998.44,5.0,4.14 17:28:53 26/09/20
169,96.2,16.15,998.48,5.0,4.16 17:34:12 26/09/20
175,96.2,16.125,998.52,5.0,4.13 17:39:30 26/09/20
180,96.3,16.045,998.52,4.22,4.14 17:44:49 26/09/20
179,96.3,16.029999,998.53,5.0,4.14 17:50:06 26/09/20
183,96.2,16.02,998.54,5.0,4.15 17:55:27 26/09/20
180,95.5,15.965,998.5,5.0,4.15 18:00:44 26/09/20
191,94.8,15.955,998.55,4.25,4.15 18:06:03 26/09/20
179,95.3,15.969999,998.62,5.0,4.14 18:11:21 26/09/20
177,95.2,15.945,998.61,4.21,4.14 18:16:36 26/09/20
175,95.7,15.885,998.69,5.0,4.14 18:21:54 26/09/20
158,95.4,15.885,998.73,5.0,4.14 18:27:12 26/09/20
146,94.8,15.860001,998.76,5.0,4.13 18:32:31 26/09/20
130,94.3,15.695,998.71,5.0,4.15 18:37:49 26/09/20
120,94.9,15.595,998.85,5.0,4.15 18:43:04 26/09/20
110,94.5,15.475,998.84,4.31,4.15 18:48:18 26/09/20
103,94.4,15.360001,998.89,4.91,4.14 18:53:30 26/09/20
87,93.6,15.17,998.87,4.85,4.13 18:58:45 26/09/20
69,94.5,15.059999,998.88,4.29,4.12 19:04:00 26/09/20
61,94.9,14.97,998.93,4.44,4.1 19:09:18 26/09/20
52,94.6,14.87,998.97,4.16,4.1 19:14:35 26/09/20
37,94.5,14.755,999.04,3.8,4.09 19:19:51 26/09/20
25,94.6,14.65,999.0,2.88,4.09 19:25:03 26/09/20
19,94.9,14.565,999.04,2.42,4.08 19:30:19 26/09/20
13,94.8,14.48,999.02,1.91,4.07 19:35:33 26/09/20
7,94.8,14.445,999.1,1.33,4.07 19:40:48 26/09/20
3,95.0,14.355,999.16,0.75,4.06 19:46:02 26/09/20
1,95.0,14.33,999.14,0.32,4.06 19:51:14 26/09/20
0,95.0,14.245001,999.12,0.13,4.05 19:56:29 26/09/20
0,95.2,14.165,999.15,0.04,4.05 20:01:43 26/09/20
0,95.3,14.145,999.2,0.01,4.04 20:06:57 26/09/20
0,95.8,14.075,999.05,0.0,4.0 20:12:21 26/09/20
0,95.3,14.059999,999.07,0.0,4.04 20:17:32 26/09/20
0,96.0,14.04,999.05,0.0,4.04 20:22:47 26/09/20
0,95.6,13.96,999.03,0.0,4.03 20:28:01 26/09/20
0,95.7,13.940001,999.04,0.0,4.03 20:33:15 26/09/20
0,96.6,13.92,999.01,0.0,4.03 20:38:28 26/09/20
0,96.5,13.855,999.06,0.0,4.03 20:43:43 26/09/20
0,96.5,13.844999,999.14,0.0,4.03 20:48:55 26/09/20
0,96.7,13.825,999.23,0.0,4.02 20:54:09 26/09/20
0,96.9,13.77,999.19,0.0,4.02 20:59:25 26/09/20
4,96.5,13.76,999.25,0.0,4.02 21:04:39 26/09/20
11,97.2,13.755,999.22,0.0,4.02 21:09:53 26/09/20
11,96.7,13.74,999.21,0.0,4.01 21:15:07 26/09/20
12,97.7,13.690001,999.17,0.0,4.01 21:20:20 26/09/20
12,97.0,13.72,999.18,0.0,4.01 21:25:38 26/09/20
12,98.1,13.67,999.14,0.0,4.01 21:30:57 26/09/20
12,97.6,13.645,999.13,0.0,4.01 21:36:10 26/09/20
11,97.5,13.63,999.1,0.0,4.01 21:41:24 26/09/20
12,97.8,13.555,999.07,0.0,4.0 21:46:36 26/09/20
11,98.2,13.545,999.11,0.0,4.0 21:51:52 26/09/20
11,98.9,13.535,999.12,0.0,4.0 21:57:05 26/09/20
11,98.3,13.465,998.99,0.0,4.0 22:02:21 26/09/20
11,99.9,13.465,998.95,0.0,4.0 22:07:32 26/09/20
11,98.7,13.455,998.86,0.0,3.99 22:12:49 26/09/20
11,99.4,13.450001,998.8,0.0,3.99 22:18:01 26/09/20
11,99.3,13.455,998.88,0.0,4.0 22:23:13 26/09/20
11,99.9,13.450001,998.86,0.0,3.99 22:28:30 26/09/20
11,99.9,13.46,998.71,0.0,3.99 22:33:44 26/09/20
11,99.9,13.465,998.58,0.0,3.99 22:38:57 26/09/20
10,99.9,13.47,998.64,0.0,3.99 22:44:11 26/09/20
10,99.9,13.475,998.58,0.0,3.98 22:49:29 26/09/20
11,99.9,13.475,998.41,0.0,3.99 22:54:47 26/09/20
11,99.9,13.495,998.43,0.0,3.98 23:00:01 26/09/20
10,99.9,13.54,998.33,0.0,3.98 23:05:13 26/09/20
10,99.9,13.495,998.26,0.0,3.98 23:10:28 26/09/20
10,99.9,13.549999,998.25,0.0,3.98 23:15:42 26/09/20
10,99.9,13.559999,998.17,0.0,3.98 23:20:56 26/09/20
10,99.9,13.58,998.2,0.0,3.98 23:26:10 26/09/20
10,99.9,13.645,998.14,0.0,3.98 23:31:25 26/09/20
10,99.9,13.66,998.18,0.0,3.97 23:36:38 26/09/20
10,99.9,13.67,998.04,0.0,3.97 23:41:52 26/09/20
9,99.9,13.675,998.03,0.0,3.98 23:47:04 26/09/20
9,99.9,13.68,998.04,0.0,3.97 23:52:24 26/09/20
10,99.9,13.675,998.03,0.0,3.97 23:57:43 26/09/20
