886,99.9,15.815001,1007.58,0.0,4.02 00:01:42 01/10/19
868,99.9,15.809999,1007.39,0.0,4.02 00:06:56 01/10/19
888,99.9,15.789999,1007.3,0.0,4.02 00:12:10 01/10/19
888,99.9,15.789999,1007.25,0.0,4.02 00:17:25 01/10/19
889,99.9,15.7300005,1007.18,0.0,4.02 00:22:40 01/10/19
889,99.9,15.72,1007.21,0.0,4.02 00:27:53 01/10/19
889,99.9,15.71,1007.15,0.0,4.02 00:33:08 01/10/19
898,99.9,15.705,1006.92,0.0,4.02 00:38:38 01/10/19
891,99.9,15.76,1006.66,0.0,4.02 00:43:53 01/10/19
888,99.9,15.695001,1006.72,0.0,4.02 00:49:08 01/10/19
892,99.9,15.685,1006.7,0.0,4.02 00:54:22 01/10/19
897,99.9,15.68,1006.53,0.0,4.01 00:59:41 01/10/19
892,99.9,15.635,1006.46,0.0,4.02 01:05:00 01/10/19
890,99.9,15.615,1006.26,0.0,4.01 01:10:12 01/10/19
890,99.9,15.545,1006.12,0.0,4.02 01:15:28 01/10/19
898,99.9,15.5199995,1005.96,0.0,4.01 01:20:42 01/10/19
895,99.9,15.460001,1005.78,0.0,4.01 01:25:56 01/10/19
896,99.9,15.49,1005.56,0.0,4.01 01:31:10 01/10/19
895,99.9,15.42,1005.51,0.0,4.01 01:36:23 01/10/19
892,99.9,15.405001,1005.43,0.0,4.01 01:41:39 01/10/19
895,99.9,15.335,1005.31,0.0,4.01 01:46:51 01/10/19
896,99.9,15.32,1005.21,0.0,4.01 01:52:07 01/10/19
895,99.9,15.305,1005.1,0.0,4.01 01:57:21 01/10/19
896,99.9,15.295,1005.04,0.0,4.01 02:02:36 01/10/19
902,99.9,15.23,1004.86,0.0,4.01 02:07:51 01/10/19
902,99.9,15.215,1004.83,0.0,4.01 02:13:04 01/10/19
895,99.9,15.15,1004.71,0.0,4.01 02:18:19 01/10/19
896,99.9,15.190001,1004.57,0.0,4.01 02:23:31 01/10/19
901,99.9,15.13,1004.45,0.0,4.01 02:28:47 01/10/19
901,99.9,15.12,1004.36,0.0,4.0 02:34:01 01/10/19
902,99.9,15.12,1004.29,0.0,4.01 02:39:15 01/10/19
906,99.9,15.110001,1004.1,0.0,4.0 02:44:34 01/10/19
895,99.9,15.115,1003.92,0.0,4.0 02:49:52 01/10/19
896,99.9,15.12,1003.93,0.0,4.0 02:55:06 01/10/19
896,99.9,15.110001,1003.66,0.0,4.0 03:00:21 01/10/19
897,99.9,15.110001,1003.58,0.0,4.0 03:05:35 01/10/19
896,99.9,15.065,1003.46,0.0,4.0 03:10:50 01/10/19
900,99.9,15.12,1003.41,0.0,4.0 03:16:03 01/10/19
896,99.9,15.13,1003.39,0.0,4.0 03:21:18 01/10/19
898,99.9,15.190001,1003.14,0.0,4.0 03:26:32 01/10/19
896,99.9,15.145,1003.11,0.0,4.0 03:31:44 01/10/19
901,99.9,15.21,1003.09,0.0,4.0 03:37:00 01/10/19
897,99.9,15.23,1003.0,0.0,4.0 03:42:13 01/10/19
902,99.9,15.299999,1002.75,0.0,4.0 03:47:32 01/10/19
898,99.9,15.325,1002.78,0.0,4.0 03:52:51 01/10/19
905,99.9,15.395,1002.78,0.0,4.0 03:58:09 01/10/19
898,99.9,15.415001,1002.68,0.0,4.0 04:03:27 01/10/19
897,99.9,15.440001,1002.6,0.0,4.0 04:08:42 01/10/19
906,99.9,15.5199995,1002.6,0.0,4.0 04:13:57 01/10/19
897,99.9,15.53,1002.5,0.0,4.0 04:19:10 01/10/19
894,99.9,15.595,1002.38,0.0,4.0 04:24:25 01/10/19
903,99.9,15.625,1002.37,0.0,4.0 04:29:40 01/10/19
902,99.9,15.645,1002.36,0.0,3.99 04:34:54 01/10/19
897,99.9,15.715,1002.39,0.0,3.99 04:40:08 01/10/19
897,99.9,15.72,1002.28,0.0,3.99 04:45:22 01/10/19
896,99.9,15.7300005,1002.16,0.0,3.99 04:50:37 01/10/19
901,99.9,15.745,1002.06,0.0,3.99 04:55:51 01/10/19
897,99.9,15.799999,1002.06,0.0,3.99 05:01:05 01/10/19
901,99.9,15.799999,1001.91,0.0,3.99 05:06:20 01/10/19
904,99.9,15.809999,1001.89,0.0,3.99 05:11:35 01/10/19
900,99.9,15.834999,1001.77,0.0,3.99 05:16:48 01/10/19
903,99.9,15.91,1001.66,0.0,3.99 05:22:03 01/10/19
873,99.9,15.91,1001.57,0.0,3.99 05:27:16 01/10/19
896,99.9,15.93,1001.48,0.0,3.99 05:32:31 01/10/19
905,99.9,15.985,1001.42,0.0,3.99 05:37:49 01/10/19
894,99.9,16.01,1001.29,0.0,3.99 05:43:07 01/10/19
895,99.9,16.01,1001.29,0.0,3.99 05:48:21 01/10/19
903,99.9,16.01,1001.2,0.0,3.99 05:53:38 01/10/19
898,99.9,16.02,1001.11,0.0,3.99 05:58:51 01/10/19
895,99.9,16.035,1001.01,0.0,3.99 06:04:06 01/10/19
895,99.9,16.04,1000.97,0.0,3.99 06:09:21 01/10/19
897,99.9,16.1,1000.77,0.0,3.99 06:14:34 01/10/19
894,99.9,16.1,1000.77,0.0,3.99 06:19:49 01/10/19
882,99.9,16.115,1000.73,0.0,3.99 06:25:01 01/10/19
884,99.9,16.119999,1000.69,0.0,3.99 06:30:17 01/10/19
889,99.9,16.125,1000.54,0.0,3.98 06:35:36 01/10/19
887,99.9,16.215,1000.4,0.0,3.98 06:40:55 01/10/19
888,99.9,16.285,1000.31,0.0,3.99 06:46:10 01/10/19
884,99.9,16.255001,1000.34,0.0,3.99 06:51:23 01/10/19
885,99.9,16.325,1000.18,0.01,3.98 06:56:38 01/10/19
886,99.9,16.33,1000.24,0.06,3.98 07:01:56 01/10/19
888,99.9,16.395,1000.22,0.12,3.98 07:07:18 01/10/19
880,99.9,16.415,1000.19,0.24,3.98 07:12:29 01/10/19
892,99.9,16.425,1000.07,0.46,3.98 07:17:44 01/10/19
892,99.9,16.485,999.94,1.16,3.98 07:22:58 01/10/19
894,99.9,16.5,999.99,1.62,3.98 07:28:13 01/10/19
898,99.9,16.529999,1000.01,2.34,3.98 07:33:28 01/10/19
903,99.9,16.529999,999.83,3.95,3.98 07:38:45 01/10/19
902,99.9,16.59,999.84,4.07,3.98 07:44:04 01/10/19
904,99.9,16.55,999.83,4.31,3.98 07:49:19 01/10/19
905,99.9,16.619999,999.74,4.31,3.98 07:54:33 01/10/19
906,99.9,16.630001,999.49,4.79,3.98 07:59:46 01/10/19
909,99.9,16.635,999.47,4.89,3.98 08:05:03 01/10/19
908,99.9,16.645,999.33,4.85,3.98 08:10:17 01/10/19
904,99.9,16.71,999.24,4.1,3.98 08:15:31 01/10/19
901,99.9,16.725,999.89,2.67,3.98 08:20:45 01/10/19
901,99.9,16.74,1000.04,2.79,3.98 08:26:00 01/10/19
907,99.9,16.725,1000.16,3.55,3.98 08:31:14 01/10/19
900,99.9,16.66,1001.04,3.48,3.98 08:36:27 01/10/19
902,99.9,16.38,1001.04,4.07,3.98 08:41:44 01/10/19
904,99.9,16.189999,1001.05,4.13,3.98 08:46:57 01/10/19
907,99.9,15.995001,1001.06,5.0,3.98 08:52:12 01/10/19
911,99.9,15.865,1001.02,4.95,3.98 08:57:26 01/10/19
909,99.9,15.77,1000.89,5.0,3.98 09:02:40 01/10/19
913,99.9,15.74,1000.97,4.08,3.98 09:07:55 01/10/19
918,99.9,15.7300005,1000.93,4.07,3.99 09:13:10 01/10/19
920,99.9,15.72,1000.75,5.0,4.0 09:18:23 01/10/19
914,99.9,15.715,1000.63,4.07,4.0 09:23:41 01/10/19
916,99.9,15.745,1000.87,4.07,4.0 09:29:00 01/10/19
914,99.9,15.745,1000.82,5.0,3.99 09:34:15 01/10/19
916,99.9,15.809999,1000.25,5.0,3.99 09:39:29 01/10/19
917,99.9,15.809999,1000.47,5.0,4.0 09:44:47 01/10/19
912,99.9,15.82,1000.31,4.08,4.0 09:50:07 01/10/19
919,99.9,15.83,1000.35,4.08,4.01 09:55:20 01/10/19
923,99.9,15.895,1000.43,5.0,4.02 10:00:35 01/10/19
923,99.9,15.91,1000.54,4.08,4.02 10:05:49 01/10/19
919,99.9,15.995,1000.96,5.0,4.02 10:11:03 01/10/19
918,99.9,16.02,1001.16,4.66,4.02 10:16:21 01/10/19
921,99.9,16.119999,1001.14,4.25,4.02 10:21:40 01/10/19
923,99.9,16.215,1001.02,4.09,4.03 10:26:55 01/10/19
924,99.9,16.3,1000.82,4.19,4.04 10:32:09 01/10/19
924,99.9,16.33,1000.48,4.12,4.04 10:37:27 01/10/19
922,99.9,16.42,1000.53,5.0,4.05 10:42:45 01/10/19
921,99.9,16.43,1000.21,5.0,4.05 10:48:01 01/10/19
918,99.9,16.44,1000.32,4.58,4.04 10:53:19 01/10/19
915,99.9,16.435,1000.17,5.0,4.03 10:58:38 01/10/19
918,99.9,16.38,1000.24,4.09,4.04 11:03:53 01/10/19
917,99.9,16.355,1000.01,5.0,4.04 11:09:07 01/10/19
920,99.9,16.34,1000.02,4.21,4.06 11:14:21 01/10/19
925,99.9,16.275002,999.99,4.15,4.08 11:19:36 01/10/19
929,99.9,16.315,1000.27,4.16,4.11 11:24:51 01/10/19
929,99.9,16.325,1000.12,4.25,4.16 11:30:04 01/10/19
930,99.9,16.37,1000.2,4.33,4.22 11:35:19 01/10/19
929,99.9,16.460001,1000.24,4.43,4.17 11:40:33 01/10/19
926,99.9,16.564999,999.85,5.0,4.13 11:45:47 01/10/19
926,99.9,16.65,999.87,4.28,4.14 11:51:02 01/10/19
924,99.9,16.66,1000.38,4.24,4.15 11:56:16 01/10/19
918,99.9,16.65,1000.28,4.23,4.16 12:01:31 01/10/19
918,99.9,16.58,1000.18,4.23,4.16 12:06:45 01/10/19
917,99.9,16.55,1000.26,5.0,4.17 12:12:00 01/10/19
922,99.9,16.455,1000.3,5.0,4.14 12:17:15 01/10/19
925,99.9,16.42,1000.19,5.0,4.13 12:22:28 01/10/19
929,99.9,16.345,1000.1,4.25,4.16 12:27:41 01/10/19
930,99.9,16.335,1000.44,5.0,4.14 12:32:57 01/10/19
925,99.9,16.29,1000.52,5.0,4.13 12:38:11 01/10/19
923,99.9,16.325,1000.27,4.71,4.13 12:43:26 01/10/19
921,99.9,16.26,1000.27,5.0,4.14 12:48:40 01/10/19
919,99.9,16.23,1000.17,5.0,4.14 12:53:55 01/10/19
919,99.9,16.16,1000.27,4.56,4.14 12:59:10 01/10/19
919,99.9,16.130001,1000.15,5.0,4.14 13:04:23 01/10/19
923,99.9,16.055,1000.06,5.0,4.16 13:09:36 01/10/19
933,99.9,16.04,1000.17,5.0,4.14 13:14:53 01/10/19
932,99.9,16.06,1000.13,5.0,4.13 13:20:06 01/10/19
934,99.9,16.130001,1000.19,5.0,4.12 13:25:21 01/10/19
932,99.9,16.16,1000.1,4.25,4.17 13:30:36 01/10/19
936,99.9,16.33,1000.02,5.0,4.14 13:35:49 01/10/19
937,99.9,16.43,999.91,5.0,4.13 13:41:02 01/10/19
936,99.9,16.529999,999.83,5.0,4.12 13:46:18 01/10/19
936,99.9,16.56,999.89,4.29,4.16 13:51:36 01/10/19
934,99.9,16.630001,999.89,5.0,4.14 13:56:55 01/10/19
939,99.9,16.645,999.75,5.0,4.13 14:02:10 01/10/19
938,99.9,16.725,999.66,5.0,4.13 14:07:22 01/10/19
935,99.9,16.815,999.66,4.23,4.16 14:12:39 01/10/19
933,99.9,16.89,999.69,5.0,4.14 14:17:53 01/10/19
935,99.9,16.915,999.67,5.0,4.14 14:23:06 01/10/19
942,99.9,16.98,999.59,5.0,4.13 14:28:23 01/10/19
938,99.9,17.085,999.54,4.34,4.18 14:33:37 01/10/19
938,99.9,17.205,999.5,5.0,4.14 14:38:52 01/10/19
928,99.9,17.315,999.46,5.0,4.14 14:44:06 01/10/19
933,99.9,17.395,999.35,5.0,4.13 14:49:21 01/10/19
937,99.9,17.425,999.37,4.26,4.17 14:54:38 01/10/19
939,99.9,17.494999,999.23,5.0,4.14 14:59:58 01/10/19
940,99.9,17.52,999.13,5.0,4.13 15:05:12 01/10/19
936,99.9,17.615,999.15,5.0,4.13 15:10:27 01/10/19
943,99.9,17.705,999.07,5.0,4.22 15:15:41 01/10/19
941,99.9,17.88,999.09,5.0,4.14 15:20:56 01/10/19
933,99.9,17.970001,999.2,5.0,4.14 15:26:11 01/10/19
924,99.9,17.994999,999.11,5.0,4.13 15:31:25 01/10/19
927,99.9,18.015,999.16,4.28,4.17 15:36:40 01/10/19
936,99.9,18.08,999.11,5.0,4.15 15:41:54 01/10/19
936,99.9,18.085,999.1,5.0,4.14 15:47:10 01/10/19
937,99.9,18.09,999.01,5.0,4.13 15:52:24 01/10/19
938,99.9,18.1,999.05,4.33,4.17 15:57:42 01/10/19
935,99.9,18.185001,999.04,5.0,4.14 16:03:01 01/10/19
933,99.9,18.205,998.99,5.0,4.14 16:08:17 01/10/19
933,99.9,18.205,998.94,5.0,4.13 16:13:31 01/10/19
931,99.9,18.195,998.9,5.0,4.15 16:18:45 01/10/19
931,99.9,18.195,998.88,5.0,4.14 16:24:01 01/10/19
931,99.9,18.185001,998.87,5.0,4.13 16:29:15 01/10/19
930,99.9,18.130001,998.86,4.26,4.16 16:34:29 01/10/19
932,99.9,18.175,998.75,5.0,4.14 16:39:45 01/10/19
939,99.9,18.185001,998.71,5.0,4.13 16:44:59 01/10/19
926,99.9,18.2,998.71,4.22,4.16 16:50:13 01/10/19
929,99.9,18.205,998.66,5.0,4.14 16:55:28 01/10/19
926,99.9,18.21,998.65,5.0,4.13 17:00:46 01/10/19
930,99.9,18.285,998.51,5.0,4.12 17:06:06 01/10/19
927,99.9,18.305,998.55,4.66,4.15 17:11:19 01/10/19
922,99.9,18.33,998.6,5.0,4.14 17:16:34 01/10/19
930,99.9,18.384998,998.48,5.0,4.13 17:21:50 01/10/19
923,99.9,18.39,998.39,4.28,4.16 17:27:04 01/10/19
924,99.9,18.41,998.22,5.0,4.14 17:32:20 01/10/19
925,99.9,18.465,998.2,5.0,4.13 17:37:34 01/10/19
925,99.9,18.485,998.3,5.0,4.12 17:42:49 01/10/19
922,99.9,18.494999,998.26,4.24,4.15 17:48:03 01/10/19
923,99.9,18.59,998.23,5.0,4.14 17:53:18 01/10/19
922,99.9,18.675,998.26,5.0,4.13 17:58:33 01/10/19
916,99.9,18.69,998.21,4.24,4.14 18:03:47 01/10/19
918,99.9,18.68,998.22,5.0,4.17 18:09:03 01/10/19
920,99.9,18.665,998.09,4.4,4.18 18:14:17 01/10/19
920,99.9,18.535,998.08,5.0,4.16 18:19:32 01/10/19
899,99.9,18.494999,998.08,5.0,4.15 18:24:46 01/10/19
908,99.9,18.4,998.09,5.0,4.15 18:30:01 01/10/19
929,99.9,18.310001,998.06,5.0,4.14 18:35:19 01/10/19
921,99.9,18.23,998.04,5.0,4.13 18:40:39 01/10/19
907,99.9,18.2,997.99,5.0,4.13 18:45:53 01/10/19
897,99.9,18.125,998.0,4.57,4.13 18:51:07 01/10/19
900,99.9,18.08,998.03,4.29,4.12 18:56:23 01/10/19
908,99.9,18.0,998.08,4.32,4.12 19:01:37 01/10/19
917,99.9,17.925,998.04,4.12,4.11 19:06:52 01/10/19
918,99.9,17.9,998.2,4.18,4.11 19:12:10 01/10/19
909,99.9,17.815,998.2,4.03,4.1 19:17:33 01/10/19
904,99.9,17.720001,998.14,3.66,4.1 19:22:53 01/10/19
896,99.9,17.635,998.18,2.74,4.1 19:28:07 01/10/19
894,99.9,17.54,998.16,1.72,4.1 19:33:22 01/10/19
877,99.9,17.45,998.2,0.83,4.09 19:38:36 01/10/19
889,99.9,17.404999,998.3,0.36,4.09 19:43:51 01/10/19
871,99.9,17.255001,998.29,0.16,4.09 19:49:05 01/10/19
901,99.9,17.145,998.25,0.06,4.09 19:54:20 01/10/19
890,99.9,17.045,998.19,0.01,4.08 19:59:34 01/10/19
881,99.9,16.945,998.13,0.0,4.08 20:04:49 01/10/19
866,99.9,16.895,998.12,0.0,4.08 20:10:01 01/10/19
887,99.9,16.755001,998.05,0.0,4.08 20:15:18 01/10/19
874,99.9,16.73,998.08,0.0,4.07 20:20:32 01/10/19
884,99.9,16.65,998.05,0.0,4.07 20:25:47 01/10/19
881,99.9,16.695,998.01,0.0,4.07 20:31:02 01/10/19
874,99.9,16.64,998.02,0.0,4.07 20:36:15 01/10/19
865,99.9,16.64,998.02,0.0,4.07 20:41:32 01/10/19
869,99.9,16.645,998.07,0.0,4.06 20:46:44 01/10/19
876,99.9,16.65,998.07,0.0,4.06 20:51:59 01/10/19
857,99.9,16.64,998.11,0.0,4.06 20:57:12 01/10/19
866,99.9,16.635,998.14,0.0,4.06 21:02:27 01/10/19
882,99.9,16.630001,998.1,0.0,4.06 21:07:42 01/10/19
876,99.9,16.635,998.17,0.0,4.06 21:12:56 01/10/19
882,99.9,16.645,998.21,0.0,4.06 21:18:11 01/10/19
887,99.9,16.645,998.13,0.0,4.06 21:23:26 01/10/19
867,99.9,16.654999,998.17,0.0,4.05 21:28:39 01/10/19
869,99.9,16.65,998.18,0.0,4.05 21:33:52 01/10/19
885,99.9,16.65,998.2,0.0,4.05 21:39:08 01/10/19
897,99.9,16.66,998.31,0.0,4.05 21:44:23 01/10/19
886,99.9,16.71,998.28,0.0,4.05 21:49:37 01/10/19
891,99.9,16.725,998.34,0.0,4.05 21:54:55 01/10/19
880,99.9,16.79,998.32,0.0,4.05 22:00:15 01/10/19
874,99.9,16.8,998.26,0.0,4.05 22:05:29 01/10/19
884,99.9,16.815,998.22,0.0,4.05 22:10:43 01/10/19
901,99.9,16.810001,998.2,0.0,4.04 22:15:58 01/10/19
887,99.9,16.82,998.29,0.0,4.04 22:21:10 01/10/19
899,99.9,16.805,998.29,0.0,4.04 22:26:27 01/10/19
893,99.9,16.805,998.36,0.0,4.04 22:31:42 01/10/19
891,99.9,16.755001,998.44,0.0,4.04 22:36:55 01/10/19
899,99.9,16.735,998.53,0.0,4.04 22:42:10 01/10/19
899,99.9,16.725,998.54,0.0,4.04 22:47:24 01/10/19
893,99.9,16.7,998.55,0.0,4.04 22:52:39 01/10/19
878,99.9,16.64,998.56,0.0,4.04 22:57:53 01/10/19
888,99.9,16.619999,998.53,0.0,4.04 23:03:08 01/10/19
896,99.9,16.545,998.54,0.0,4.03 23:08:23 01/10/19
897,99.9,16.529999,998.62,0.0,4.04 23:13:35 01/10/19
900,99.9,16.505001,998.65,0.0,4.03 23:18:51 01/10/19
900,99.9,16.44,998.69,0.0,4.03 23:24:05 01/10/19
899,99.9,16.42,998.79,0.0,4.03 23:29:23 01/10/19
895,99.9,16.405,998.8,0.0,4.03 23:34:42 01/10/19
885,99.9,16.34,998.84,0.0,4.03 23:39:57 01/10/19
889,99.9,16.33,998.89,0.0,4.03 23:45:11 01/10/19
879,99.9,16.325,998.92,0.0,4.03 23:50:25 01/10/19
893,99.9,16.315,998.9,0.0,4.03 23:55:40 01/10/19
