887,99.9,16.31,998.94,0.0,4.03 00:00:54 02/10/19
885,99.9,16.25,999.03,0.0,4.03 00:06:09 02/10/19
881,99.9,16.24,999.07,0.0,4.03 00:11:22 02/10/19
881,99.9,16.220001,999.05,0.0,4.03 00:16:35 02/10/19
886,99.9,16.145,999.07,0.0,4.03 00:21:52 02/10/19
856,99.9,16.130001,999.17,0.0,4.02 00:27:07 02/10/19
890,99.9,16.11,999.14,0.0,4.02 00:32:20 02/10/19
870,99.9,16.095001,999.13,0.0,4.02 00:37:39 02/10/19
881,99.9,16.035,999.09,0.0,4.02 00:42:58 02/10/19
860,99.9,16.035,999.16,0.0,4.02 00:48:16 02/10/19
871,99.9,16.025,999.26,0.0,4.02 00:53:33 02/10/19
879,99.9,16.035,999.34,0.0,4.02 00:58:49 02/10/19
862,99.9,16.025,999.37,0.0,4.02 01:04:03 02/10/19
856,99.9,16.025,999.45,0.0,4.02 01:09:17 02/10/19
872,99.9,16.025,999.51,0.0,4.02 01:14:32 02/10/19
877,99.9,16.025,999.54,0.0,4.02 01:19:46 02/10/19
877,99.9,16.02,999.55,0.0,4.02 01:25:02 02/10/19
844,99.9,16.02,999.61,0.0,4.02 01:30:15 02/10/19
855,99.9,16.025,999.83,0.0,4.01 01:35:29 02/10/19
880,99.9,16.029999,1000.01,0.0,4.01 01:40:44 02/10/19
873,99.9,16.02,1000.19,0.0,4.01 01:45:58 02/10/19
861,99.9,15.844999,1000.34,0.0,4.01 01:51:12 02/10/19
844,99.9,15.665,1000.37,0.0,4.01 01:56:25 02/10/19
831,99.9,15.434999,1000.84,0.0,4.0 02:16:05 02/10/19
841,99.9,15.07,1001.05,0.0,4.0 02:21:19 02/10/19
828,99.9,14.67,1001.2,0.0,4.0 02:26:33 02/10/19
845,99.9,14.405,1001.4,0.0,4.0 02:31:48 02/10/19
854,99.9,14.175,1001.56,0.0,4.0 02:37:02 02/10/19
847,99.9,14.045,1001.63,0.0,4.0 02:42:21 02/10/19
831,99.9,13.875,1001.81,0.0,4.0 02:47:41 02/10/19
829,99.9,13.765,1001.92,0.0,4.0 02:52:55 02/10/19
797,99.9,13.67,1002.08,0.0,4.0 02:58:11 02/10/19
821,99.9,13.559999,1002.06,0.0,3.99 03:03:23 02/10/19
806,99.9,13.455,1002.14,0.0,4.0 03:08:35 02/10/19
836,99.9,13.275,1002.14,0.0,4.0 03:13:48 02/10/19
846,99.9,13.165,1002.14,0.0,4.0 03:19:04 02/10/19
818,99.9,13.049999,1002.18,0.0,3.99 03:24:18 02/10/19
798,99.9,12.950001,1002.34,0.0,3.99 03:29:32 02/10/19
854,99.9,12.8,1002.53,0.0,3.99 03:34:46 02/10/19
840,99.9,12.76,1002.62,0.0,3.99 03:39:59 02/10/19
849,99.9,12.74,1002.87,0.0,3.99 03:45:13 02/10/19
817,99.9,12.655001,1002.96,0.0,3.99 03:50:28 02/10/19
840,99.9,12.63,1003.05,0.0,3.99 03:55:41 02/10/19
847,99.9,12.545,1003.19,0.0,3.99 04:00:53 02/10/19
862,99.9,12.465,1003.28,0.0,3.99 04:06:09 02/10/19
828,99.9,12.389999,1003.46,0.0,3.99 04:11:22 02/10/19
835,99.9,12.365,1003.53,0.0,3.99 04:16:34 02/10/19
814,99.9,12.344999,1003.57,0.0,3.99 04:21:49 02/10/19
853,99.9,12.27,1003.72,0.0,3.98 04:27:04 02/10/19
848,99.9,12.26,1003.78,0.0,3.99 04:32:18 02/10/19
806,99.9,12.24,1003.9,0.0,3.99 04:37:31 02/10/19
833,99.9,12.18,1004.02,0.0,3.99 04:42:45 02/10/19
855,99.9,12.165,1004.04,0.0,3.99 04:47:58 02/10/19
844,99.9,12.16,1004.22,0.0,3.99 04:53:13 02/10/19
825,99.9,12.16,1004.33,0.0,3.98 04:58:27 02/10/19
852,99.9,12.15,1004.36,0.0,3.98 05:03:40 02/10/19
799,99.9,12.15,1004.44,0.0,3.98 05:08:55 02/10/19
856,99.9,12.15,1004.47,0.0,3.98 05:14:12 02/10/19
823,99.9,12.16,1004.44,0.0,3.98 05:19:30 02/10/19
835,99.9,12.16,1004.57,0.0,3.98 05:24:44 02/10/19
792,99.9,12.155001,1004.68,0.0,3.98 05:29:58 02/10/19
834,99.9,12.145,1004.74,0.0,3.98 05:35:10 02/10/19
852,99.9,12.13,1004.81,0.0,3.98 05:40:25 02/10/19
852,99.9,12.125,1005.02,0.0,3.98 05:45:37 02/10/19
840,99.9,12.059999,1005.07,0.0,3.98 05:50:53 02/10/19
868,99.9,12.115,1005.16,0.0,3.98 05:56:10 02/10/19
829,99.9,12.105,1005.31,0.0,3.98 06:01:27 02/10/19
863,99.9,12.035,1005.37,0.0,3.98 06:06:43 02/10/19
839,99.9,12.025,1005.49,0.0,3.98 06:11:54 02/10/19
854,99.9,12.01,1005.56,0.0,3.98 06:17:09 02/10/19
853,99.9,11.940001,1005.63,0.0,3.98 06:22:22 02/10/19
852,99.9,11.93,1005.63,0.0,3.98 06:27:37 02/10/19
841,99.9,11.915,1005.65,0.0,3.98 06:32:49 02/10/19
852,99.9,11.780001,1005.85,0.0,3.98 06:38:05 02/10/19
809,99.9,11.745001,1006.0,0.0,3.97 06:43:23 02/10/19
852,99.9,11.65,1006.11,0.0,3.98 06:48:41 02/10/19
844,99.9,11.549999,1006.29,0.0,3.97 06:53:58 02/10/19
851,99.9,11.445,1006.39,0.01,3.97 06:59:17 02/10/19
852,99.9,11.34,1006.4,0.06,3.97 07:04:30 02/10/19
847,99.9,11.25,1006.55,0.16,3.98 07:09:45 02/10/19
860,99.9,11.235001,1006.56,0.37,3.97 07:14:58 02/10/19
862,99.9,11.22,1006.62,0.74,3.97 07:20:11 02/10/19
861,99.9,11.215,1006.76,1.46,3.97 07:25:26 02/10/19
882,99.9,11.215,1006.86,2.14,3.97 07:30:39 02/10/19
882,99.9,11.215,1007.0,3.32,3.97 07:35:52 02/10/19
874,99.9,11.225,1007.01,4.04,3.97 07:41:04 02/10/19
872,99.9,11.235001,1007.06,4.09,3.97 07:46:20 02/10/19
872,99.9,11.255,1007.16,4.26,3.97 07:51:31 02/10/19
862,99.9,11.315001,1007.26,4.06,3.97 07:56:47 02/10/19
893,99.9,11.34,1007.37,5.0,3.97 08:02:00 02/10/19
890,99.9,11.335,1007.42,5.0,3.97 08:07:13 02/10/19
900,99.9,11.335,1007.59,5.0,3.98 08:12:28 02/10/19
898,99.9,11.33,1007.61,5.0,3.99 08:17:40 02/10/19
896,99.9,11.335,1007.77,4.28,3.99 08:22:54 02/10/19
893,99.9,11.34,1007.86,5.0,3.99 08:28:07 02/10/19
895,99.9,11.33,1007.98,5.0,3.99 08:33:22 02/10/19
903,99.9,11.325,1008.04,4.2,4.0 08:38:36 02/10/19
914,99.9,11.335,1008.06,4.11,4.01 08:43:50 02/10/19
921,99.9,11.42,1008.05,5.0,4.03 08:49:03 02/10/19
920,99.9,11.53,1008.11,5.0,4.04 08:54:17 02/10/19
910,99.9,11.635,1008.25,4.64,4.03 08:59:31 02/10/19
912,99.9,11.73,1008.53,5.0,4.03 09:04:43 02/10/19
912,99.9,11.765,1008.58,5.0,4.03 09:09:59 02/10/19
918,99.9,11.825,1008.55,4.08,4.03 09:15:15 02/10/19
925,99.9,11.844999,1008.76,4.2,4.07 09:20:32 02/10/19
932,99.9,12.05,1008.78,4.3,4.05 09:25:48 02/10/19
928,99.9,12.395,1008.94,4.25,4.12 09:31:01 02/10/19
925,99.9,12.67,1009.06,5.0,4.11 09:36:15 02/10/19
920,99.9,12.725,1009.2,5.0,4.12 09:41:29 02/10/19
922,99.9,12.690001,1009.27,4.31,4.14 09:46:43 02/10/19
919,99.9,12.764999,1009.35,4.33,4.15 09:51:57 02/10/19
923,99.9,12.885,1009.6,5.0,4.15 09:57:11 02/10/19
938,99.9,13.01,1009.61,4.3,4.21 10:02:28 02/10/19
927,99.9,13.28,1009.63,5.0,4.19 10:07:48 02/10/19
934,99.9,13.504999,1009.68,5.0,4.12 10:13:02 02/10/19
933,99.9,13.71,1009.81,4.3,4.21 10:18:16 02/10/19
906,99.9,13.885,1009.78,5.0,4.13 10:23:27 02/10/19
934,99.9,13.87,1009.85,4.32,4.21 10:28:43 02/10/19
926,99.9,14.07,1010.01,5.0,4.13 10:33:57 02/10/19
921,99.9,14.25,1010.02,4.62,4.16 10:39:11 02/10/19
941,99.9,14.335,1010.16,5.0,4.13 10:44:29 02/10/19
937,99.9,14.424999,1010.19,5.0,4.21 10:49:48 02/10/19
868,99.9,14.545,1010.3,5.0,4.13 10:55:02 02/10/19
937,99.9,14.469999,1010.33,4.37,4.19 11:00:16 02/10/19
926,99.9,14.45,1010.48,5.0,4.14 11:05:30 02/10/19
912,99.9,14.21,1010.93,4.48,4.13 11:10:45 02/10/19
920,99.9,13.68,1010.91,5.0,4.15 11:15:57 02/10/19
928,99.9,13.275,1010.85,5.0,4.13 11:21:13 02/10/19
930,99.9,13.045,1010.91,4.3,4.17 11:26:30 02/10/19
935,99.9,12.905001,1010.95,5.0,4.14 11:31:50 02/10/19
935,99.9,12.889999,1010.98,5.0,4.13 11:37:03 02/10/19
930,99.9,12.9,1011.07,4.26,4.17 11:42:17 02/10/19
930,99.9,12.985,1011.14,5.0,4.14 11:47:31 02/10/19
929,99.9,13.09,1011.22,4.26,4.17 11:52:44 02/10/19
926,99.9,13.13,1011.2,5.0,4.14 11:57:59 02/10/19
925,99.9,13.21,1011.15,5.0,4.13 12:03:13 02/10/19
926,99.9,13.205,1011.14,5.0,4.14 12:08:26 02/10/19
923,99.9,13.205,1011.23,5.0,4.13 12:13:40 02/10/19
923,99.9,13.205,1011.34,5.0,4.12 12:18:54 02/10/19
916,99.9,13.205,1011.36,4.26,4.15 12:24:08 02/10/19
931,99.9,13.23,1011.52,5.0,4.13 12:29:21 02/10/19
935,99.9,13.315001,1011.53,4.3,4.19 12:34:36 02/10/19
929,99.9,13.415,1011.62,5.0,4.14 12:39:50 02/10/19
947,99.9,13.434999,1011.64,5.0,4.13 12:45:04 02/10/19
940,99.9,13.504999,1011.6,5.0,4.12 12:50:18 02/10/19
937,99.9,13.6,1011.58,4.3,4.2 12:55:32 02/10/19
934,99.9,13.690001,1011.66,5.0,4.14 13:00:44 02/10/19
937,99.9,13.685,1011.73,5.0,4.13 13:06:01 02/10/19
913,99.9,13.725,1011.8,4.27,4.16 13:11:18 02/10/19
928,99.9,13.805,1011.96,5.0,4.13 13:16:36 02/10/19
923,99.9,13.645,1011.99,5.0,4.14 13:21:50 02/10/19
921,99.9,13.53,1012.16,4.78,4.16 13:27:04 02/10/19
931,99.9,13.280001,1012.0,5.0,4.14 13:32:22 02/10/19
932,99.9,13.155001,1012.18,5.0,4.13 13:37:41 02/10/19
928,99.9,13.110001,1012.27,5.0,4.13 13:42:55 02/10/19
942,99.9,13.04,1012.19,5.0,4.22 13:48:09 02/10/19
950,99.9,13.21,1012.19,5.0,4.14 13:53:22 02/10/19
936,99.9,13.48,1012.22,5.0,4.13 13:58:35 02/10/19
943,99.9,13.764999,1012.12,5.0,4.12 14:03:50 02/10/19
946,99.9,14.120001,1012.0,5.0,4.22 14:09:04 02/10/19
945,99.9,14.360001,1012.09,5.0,4.14 14:14:17 02/10/19
933,99.9,14.465,1012.16,5.0,4.16 14:19:36 02/10/19
926,99.9,14.389999,1012.49,5.0,4.13 14:24:55 02/10/19
923,99.9,14.15,1012.94,5.0,4.13 14:30:09 02/10/19
925,99.9,13.844999,1012.67,4.17,4.14 14:35:23 02/10/19
930,99.9,13.54,1012.63,5.0,4.14 14:40:37 02/10/19
929,99.9,13.315001,1012.59,5.0,4.13 14:45:51 02/10/19
945,99.9,13.215,1012.57,5.0,4.13 14:51:03 02/10/19
944,99.9,13.37,1012.64,5.0,4.22 14:56:19 02/10/19
934,99.9,13.51,1012.77,5.0,4.14 15:01:34 02/10/19
941,99.9,13.58,1012.82,5.0,4.13 15:06:46 02/10/19
945,99.9,13.68,1012.95,5.0,4.12 15:12:02 02/10/19
934,99.9,13.809999,1012.94,4.27,4.17 15:17:15 02/10/19
934,99.9,13.885,1012.8,5.0,4.14 15:22:28 02/10/19
935,99.9,13.835,1012.78,5.0,4.13 15:27:44 02/10/19
932,99.9,13.795,1012.87,5.0,4.12 15:32:58 02/10/19
931,99.9,13.715,1012.94,4.84,4.15 15:38:11 02/10/19
929,99.9,13.690001,1013.02,5.0,4.13 15:43:25 02/10/19
946,99.9,13.690001,1013.03,5.0,4.13 15:48:39 02/10/19
932,99.9,13.799999,1013.0,4.43,4.17 15:53:53 02/10/19
925,99.9,13.969999,1013.02,5.0,4.14 15:59:05 02/10/19
930,99.9,13.915,1013.03,5.0,4.13 16:04:21 02/10/19
930,99.9,13.9,1013.06,4.45,4.16 16:09:35 02/10/19
929,99.9,13.9,1013.12,5.0,4.13 16:14:49 02/10/19
931,99.9,13.91,1013.19,5.0,4.12 16:20:03 02/10/19
932,99.9,13.905001,1013.3,4.29,4.17 16:25:17 02/10/19
930,99.9,13.85,1013.38,5.0,4.14 16:30:31 02/10/19
923,99.9,13.65,1013.5,5.0,4.13 16:35:45 02/10/19
916,99.9,13.21,1013.86,4.43,4.13 16:40:58 02/10/19
922,99.9,12.97,1014.01,5.0,4.16 16:46:13 02/10/19
928,99.9,12.684999,1014.01,5.0,4.15 16:51:27 02/10/19
933,99.9,12.475,1013.95,5.0,4.14 16:56:42 02/10/19
936,99.9,12.425,1013.95,5.0,4.13 17:01:59 02/10/19
929,99.9,12.425,1014.01,4.26,4.17 17:07:17 02/10/19
926,99.9,12.455,1014.17,5.0,4.14 17:12:30 02/10/19
927,99.9,12.545,1014.21,5.0,4.13 17:17:45 02/10/19
913,99.9,12.63,1014.22,5.0,4.13 17:22:59 02/10/19
926,99.9,12.65,1014.26,5.0,4.16 17:28:16 02/10/19
911,99.9,12.745001,1014.26,5.0,4.13 17:33:35 02/10/19
926,99.9,12.755,1014.36,4.63,4.14 17:38:49 02/10/19
911,99.9,12.755,1014.33,5.0,4.14 17:44:03 02/10/19
927,99.9,12.74,1014.41,5.0,4.13 17:49:17 02/10/19
916,99.9,12.705,1014.58,5.0,4.13 17:54:29 02/10/19
915,99.9,12.63,1014.6,4.43,4.13 17:59:44 02/10/19
922,99.9,12.555,1014.69,4.28,4.14 18:04:59 02/10/19
923,99.9,12.47,1014.76,4.21,4.15 18:10:13 02/10/19
925,99.9,12.365,1014.79,5.0,4.15 18:15:26 02/10/19
935,99.9,12.245001,1014.78,5.0,4.14 18:20:43 02/10/19
929,99.9,12.235001,1014.8,5.0,4.13 18:26:02 02/10/19
932,99.9,12.215,1014.92,4.22,4.16 18:31:20 02/10/19
921,99.9,12.13,1015.04,5.0,4.13 18:36:38 02/10/19
925,99.9,12.03,1015.09,5.0,4.12 18:41:52 02/10/19
919,99.9,11.934999,1015.15,5.0,4.12 18:47:06 02/10/19
915,99.9,11.835,1015.29,4.7,4.14 18:52:19 02/10/19
920,99.9,11.745001,1015.24,5.0,4.14 18:57:34 02/10/19
910,99.9,11.705,1015.26,4.56,4.13 19:02:47 02/10/19
908,99.9,11.559999,1015.29,4.56,4.13 19:08:00 02/10/19
899,99.9,11.440001,1015.39,4.29,4.12 19:13:12 02/10/19
903,99.9,11.325,1015.33,4.22,4.11 19:18:30 02/10/19
900,99.9,11.215,1015.39,4.18,4.11 19:23:41 02/10/19
897,99.9,11.1,1015.46,3.42,4.1 19:28:55 02/10/19
901,99.9,10.940001,1015.45,1.72,4.1 19:34:07 02/10/19
902,99.9,10.825,1015.48,0.81,4.1 19:39:22 02/10/19
902,99.9,10.71,1015.58,0.35,4.09 19:44:36 02/10/19
894,99.9,10.610001,1015.77,0.13,4.09 19:49:49 02/10/19
882,99.9,10.440001,1015.8,0.03,4.09 19:55:02 02/10/19
896,99.9,10.35,1015.8,0.0,4.08 20:00:25 02/10/19
879,99.9,10.325,1015.92,0.0,4.08 20:05:39 02/10/19
867,99.9,10.315001,1015.91,0.0,4.08 20:10:52 02/10/19
780,99.9,10.32,1015.95,0.0,4.07 20:16:06 02/10/19
887,99.9,10.325,1015.98,0.0,4.07 20:21:19 02/10/19
815,99.9,10.32,1015.96,0.0,4.07 20:26:33 02/10/19
812,99.9,10.32,1016.07,0.0,4.07 20:31:46 02/10/19
813,99.9,10.245001,1016.03,0.0,4.07 20:36:58 02/10/19
794,99.9,10.22,1016.15,0.0,4.06 20:42:13 02/10/19
900,99.9,10.16,1016.22,0.0,4.06 20:47:27 02/10/19
897,99.9,10.21,1016.38,0.0,4.06 20:52:40 02/10/19
903,99.9,10.21,1016.43,0.0,4.06 20:57:54 02/10/19
891,99.9,10.22,1016.48,0.0,4.06 21:03:06 02/10/19
904,99.9,10.235001,1016.49,0.0,4.05 21:08:21 02/10/19
910,99.9,10.299999,1016.57,0.0,4.05 21:13:33 02/10/19
880,99.9,10.315001,1016.69,0.0,4.05 21:18:48 02/10/19
906,99.9,10.325,1016.8,0.0,4.05 21:24:05 02/10/19
924,99.9,10.395,1017.02,0.0,4.05 21:29:24 02/10/19
921,99.9,10.405001,1017.08,0.0,4.05 21:34:42 02/10/19
928,99.9,10.48,1017.09,0.0,4.05 21:39:59 02/10/19
932,99.9,10.49,1017.11,0.0,4.04 21:45:13 02/10/19
906,99.9,10.5,1017.12,0.0,4.04 21:50:26 02/10/19
907,99.9,10.5,1017.11,0.0,4.04 21:55:40 02/10/19
893,99.9,10.504999,1017.08,0.0,4.04 22:00:53 02/10/19
902,99.9,10.51,1017.18,0.0,4.04 22:06:07 02/10/19
876,99.9,10.5,1017.16,0.0,4.04 22:11:20 02/10/19
922,99.9,10.43,1017.19,0.0,4.04 22:16:34 02/10/19
896,99.9,10.4,1017.26,0.0,4.04 22:21:47 02/10/19
904,99.9,10.32,1017.36,0.0,4.04 22:27:02 02/10/19
902,99.9,10.24,1017.4,0.0,4.04 22:32:15 02/10/19
895,99.9,10.225,1017.46,0.0,4.03 22:37:29 02/10/19
874,99.9,10.21,1017.51,0.0,4.03 22:42:41 02/10/19
883,99.9,10.205,1017.56,0.0,4.03 22:47:56 02/10/19
907,99.9,10.205,1017.68,0.0,4.03 22:53:09 02/10/19
886,99.9,10.205,1017.76,0.0,4.03 22:58:20 02/10/19
874,99.9,10.195,1017.82,0.0,4.03 23:03:36 02/10/19
894,99.9,10.195,1017.76,0.0,3.99 23:08:47 02/10/19
895,99.9,10.13,1017.73,0.0,4.03 23:14:03 02/10/19
891,99.9,10.125,1017.75,0.0,4.03 23:19:14 02/10/19
904,99.9,10.115,1017.94,0.0,4.03 23:24:30 02/10/19
902,99.9,10.105,1017.95,0.0,4.02 23:29:43 02/10/19
895,99.9,10.035,1017.97,0.0,4.03 23:34:55 02/10/19
894,99.9,10.004999,1018.03,0.0,4.02 23:40:10 02/10/19
924,99.9,9.995,1018.13,0.0,4.02 23:45:28 02/10/19
916,99.9,9.934999,1018.1,0.0,4.02 23:50:46 02/10/19
906,99.9,9.92,1018.19,0.0,4.02 23:55:59 02/10/19
