902,99.9,13.285,1011.97,0.0,4.02 00:01:50 08/10/19
906,99.9,13.29,1012.07,0.0,4.02 00:07:04 08/10/19
904,99.9,13.295,1011.98,0.0,4.02 00:12:17 08/10/19
898,99.9,13.285,1011.86,0.0,4.02 00:17:31 08/10/19
856,99.9,13.285,1011.69,0.0,4.02 00:22:43 08/10/19
897,99.9,13.285,1011.56,0.0,4.02 00:27:57 08/10/19
897,99.9,13.28,1011.53,0.0,4.02 00:33:12 08/10/19
909,99.9,13.275,1011.55,0.0,4.02 00:38:26 08/10/19
904,99.9,13.275,1011.55,0.0,4.02 00:43:40 08/10/19
904,99.9,13.28,1011.45,0.0,4.02 00:48:54 08/10/19
890,99.9,13.23,1011.4,0.0,4.02 00:54:09 08/10/19
897,99.9,13.28,1011.22,0.0,4.01 00:59:22 08/10/19
882,99.9,13.285,1011.16,0.0,4.01 01:04:37 08/10/19
909,99.9,13.285,1011.03,0.0,4.01 01:09:51 08/10/19
911,99.9,13.295,1010.94,0.0,4.01 01:15:09 08/10/19
881,99.9,13.29,1010.9,0.0,4.01 01:20:25 08/10/19
881,99.9,13.295,1010.83,0.0,4.01 01:25:40 08/10/19
892,99.9,13.24,1010.73,0.0,4.01 01:30:54 08/10/19
899,99.9,13.285,1010.56,0.0,4.01 01:36:09 08/10/19
879,99.9,13.285,1010.49,0.0,4.01 01:41:21 08/10/19
893,99.9,13.235001,1010.51,0.0,4.01 01:46:36 08/10/19
898,99.9,13.29,1010.7,0.0,4.01 01:51:50 08/10/19
891,99.9,13.25,1010.68,0.0,4.01 01:57:04 08/10/19
900,99.9,13.29,1010.49,0.0,4.01 02:02:18 08/10/19
875,99.9,13.24,1010.51,0.0,4.01 02:07:35 08/10/19
871,99.9,13.23,1010.44,0.0,4.0 02:12:55 08/10/19
881,99.9,13.225,1010.39,0.0,4.01 02:18:08 08/10/19
875,99.9,13.215,1010.35,0.0,4.0 02:23:22 08/10/19
900,99.9,13.200001,1010.26,0.0,4.0 02:28:36 08/10/19
886,99.9,13.139999,1010.14,0.0,4.01 02:33:50 08/10/19
889,99.9,13.139999,1009.98,0.0,4.0 02:39:03 08/10/19
885,99.9,13.12,1009.88,0.0,4.0 02:44:18 08/10/19
892,99.9,13.110001,1009.93,0.0,4.0 02:49:31 08/10/19
891,99.9,13.049999,1009.79,0.0,4.0 02:54:45 08/10/19
905,99.9,13.03,1009.67,0.0,4.0 03:00:01 08/10/19
892,99.9,13.014999,1009.67,0.0,4.0 03:05:14 08/10/19
904,99.9,13.014999,1009.65,0.0,4.0 03:10:27 08/10/19
905,99.9,12.96,1009.57,0.0,4.0 03:15:41 08/10/19
891,99.9,12.945,1009.43,0.0,4.0 03:20:55 08/10/19
903,99.9,12.945,1009.44,0.0,4.0 03:26:12 08/10/19
904,99.9,12.934999,1009.39,0.0,4.0 03:31:31 08/10/19
880,99.9,12.93,1009.38,0.0,4.0 03:36:45 08/10/19
868,99.9,12.925,1009.37,0.0,4.0 03:41:59 08/10/19
883,99.9,12.925,1009.31,0.0,4.0 03:47:11 08/10/19
881,99.9,12.865,1009.23,0.0,4.0 03:52:26 08/10/19
898,99.9,12.915,1009.22,0.0,4.0 03:57:40 08/10/19
879,99.9,12.85,1009.0,0.0,4.0 04:02:54 08/10/19
888,99.9,12.905001,1008.98,0.0,3.99 04:08:09 08/10/19
880,99.9,12.855,1008.96,0.0,3.99 04:13:22 08/10/19
864,99.9,12.855,1008.83,0.0,3.99 04:18:36 08/10/19
884,99.9,12.91,1008.87,0.0,3.99 04:23:49 08/10/19
891,99.9,12.855,1008.81,0.0,3.99 04:29:03 08/10/19
895,99.9,12.9,1008.8,0.0,3.99 04:34:15 08/10/19
893,99.9,12.855,1008.81,0.0,3.99 04:39:29 08/10/19
902,99.9,12.855,1008.67,0.0,3.99 04:44:46 08/10/19
900,99.9,12.91,1008.63,0.0,3.99 04:49:59 08/10/19
908,99.9,12.915,1008.44,0.0,3.99 04:55:13 08/10/19
897,99.9,12.92,1008.37,0.0,3.99 05:00:25 08/10/19
891,99.9,12.92,1008.3,0.0,3.99 05:05:40 08/10/19
885,99.9,12.92,1008.32,0.0,3.99 05:10:54 08/10/19
857,99.9,12.93,1008.17,0.0,3.99 05:16:06 08/10/19
898,99.9,12.93,1008.17,0.0,3.99 05:21:23 08/10/19
883,99.9,12.934999,1008.01,0.0,3.99 05:26:36 08/10/19
887,99.9,12.940001,1007.91,0.0,3.99 05:31:48 08/10/19
874,99.9,12.934999,1007.97,0.0,3.99 05:37:04 08/10/19
875,99.9,12.940001,1007.9,0.0,3.99 05:42:18 08/10/19
840,99.9,12.945,1007.79,0.0,3.99 05:47:31 08/10/19
870,99.9,12.950001,1007.88,0.0,3.99 05:52:45 08/10/19
879,99.9,13.004999,1007.84,0.0,3.99 05:57:59 08/10/19
894,99.9,13.01,1007.75,0.0,3.98 06:03:18 08/10/19
886,99.9,13.01,1007.67,0.0,3.98 06:08:35 08/10/19
882,99.9,13.02,1007.67,0.0,3.98 06:13:49 08/10/19
884,99.9,13.02,1007.53,0.0,3.98 06:19:03 08/10/19
830,99.9,13.03,1007.51,0.0,3.98 06:24:21 08/10/19
842,99.9,13.04,1007.59,0.0,3.98 06:29:40 08/10/19
881,99.9,13.045,1007.51,0.0,3.98 06:34:52 08/10/19
854,99.9,13.045,1007.45,0.0,3.98 06:40:07 08/10/19
892,99.9,13.049999,1007.43,0.0,3.98 06:45:21 08/10/19
885,99.9,13.049999,1007.33,0.0,3.98 06:50:38 08/10/19
877,99.9,13.110001,1007.3,0.0,3.98 06:55:49 08/10/19
885,99.9,13.115,1007.27,0.0,3.98 07:01:07 08/10/19
873,99.9,13.125,1007.26,0.0,3.98 07:06:25 08/10/19
895,99.9,13.12,1007.19,0.02,3.98 07:11:40 08/10/19
870,99.9,13.115,1007.24,0.05,3.98 07:16:54 08/10/19
869,99.9,13.12,1007.34,0.12,3.98 07:22:05 08/10/19
855,99.9,13.125,1007.36,0.31,3.98 07:27:21 08/10/19
844,99.9,13.13,1007.35,1.08,3.98 07:32:35 08/10/19
878,99.9,13.135,1007.32,1.77,3.98 07:37:48 08/10/19
884,99.9,13.139999,1007.3,2.33,3.98 07:43:02 08/10/19
892,99.9,13.135,1007.23,2.96,3.98 07:48:15 08/10/19
893,99.9,13.135,1007.31,3.47,3.98 07:53:30 08/10/19
875,99.9,13.200001,1007.33,3.8,3.98 07:58:48 08/10/19
884,99.9,13.205,1007.33,4.08,3.98 08:04:10 08/10/19
894,99.9,13.215,1007.33,4.07,3.97 08:09:34 08/10/19
886,99.9,13.23,1007.3,4.58,3.98 08:14:51 08/10/19
897,99.9,13.235001,1007.35,4.23,3.98 08:20:05 08/10/19
919,99.9,13.235001,1007.36,4.75,3.98 08:25:23 08/10/19
900,99.9,13.299999,1007.47,4.77,3.98 08:30:42 08/10/19
902,99.9,13.309999,1007.35,4.47,3.98 08:35:56 08/10/19
917,99.9,13.309999,1007.33,5.0,3.98 08:41:08 08/10/19
911,99.9,13.325,1007.19,5.0,3.99 08:46:22 08/10/19
911,99.9,13.344999,1007.15,4.53,3.99 08:51:35 08/10/19
904,99.9,13.355,1007.1,4.07,4.0 08:56:51 08/10/19
894,99.9,13.42,1007.02,5.0,4.0 09:02:05 08/10/19
913,99.9,13.450001,1007.06,5.0,4.0 09:07:20 08/10/19
906,99.9,13.52,1007.2,4.1,4.0 09:12:36 08/10/19
917,99.9,13.535,1007.21,4.11,3.99 09:17:48 08/10/19
916,99.9,13.54,1007.19,4.07,4.0 09:23:02 08/10/19
901,99.9,13.594999,1007.2,4.08,4.0 09:28:15 08/10/19
912,99.9,13.610001,1007.28,4.66,4.0 09:33:29 08/10/19
914,99.9,13.62,1007.27,4.28,4.0 09:38:43 08/10/19
911,99.9,13.639999,1007.05,5.0,4.0 09:43:57 08/10/19
917,99.9,13.695,1007.08,4.07,4.0 09:49:11 08/10/19
916,99.9,13.71,1007.18,4.08,4.01 09:54:23 08/10/19
923,99.9,13.72,1007.15,5.0,4.02 09:59:39 08/10/19
925,99.9,13.75,1007.26,5.0,4.02 10:04:53 08/10/19
922,99.9,13.82,1007.32,4.2,4.02 10:10:07 08/10/19
924,99.9,13.889999,1007.36,4.39,4.02 10:15:21 08/10/19
926,99.9,13.915,1007.36,5.0,4.02 10:20:35 08/10/19
926,99.9,13.934999,1007.24,5.0,4.03 10:25:49 08/10/19
927,99.9,14.004999,1007.13,5.0,4.01 10:31:07 08/10/19
915,99.9,14.035,1007.25,5.0,4.03 10:36:25 08/10/19
927,99.9,14.09,1007.26,4.5,4.03 10:41:39 08/10/19
926,99.9,14.110001,1007.39,5.0,4.04 10:46:53 08/10/19
929,99.9,14.115,1007.26,4.14,4.04 10:52:07 08/10/19
932,99.9,14.139999,1007.2,4.2,4.06 10:57:21 08/10/19
929,99.9,14.22,1007.18,4.24,4.09 11:02:35 08/10/19
937,99.9,14.309999,1007.25,4.21,4.1 11:07:53 08/10/19
928,99.9,14.395,1007.04,4.32,4.11 11:13:12 08/10/19
928,99.9,14.43,1006.97,5.0,4.12 11:18:26 08/10/19
928,99.9,14.514999,1006.97,4.43,4.14 11:23:40 08/10/19
934,99.9,14.545,1006.99,4.6,4.22 11:28:54 08/10/19
933,99.9,14.65,1006.84,4.62,4.16 11:34:09 08/10/19
936,99.9,14.799999,1006.72,5.0,4.18 11:39:29 08/10/19
923,99.9,14.889999,1006.68,4.33,4.16 11:44:43 08/10/19
