893,99.9,12.700001,1007.3,0.0,4.03 00:03:58 18/10/19
896,99.9,12.705,1007.14,0.0,4.03 00:09:10 18/10/19
898,99.9,12.705,1007.21,0.0,4.03 00:14:26 18/10/19
898,99.9,12.705,1007.18,0.0,4.03 00:19:39 18/10/19
896,99.9,12.73,1007.02,0.0,4.02 00:24:53 18/10/19
896,99.9,12.79,1007.11,0.0,4.02 00:30:05 18/10/19
897,99.9,12.795,1006.97,0.0,4.02 00:35:22 18/10/19
898,99.9,12.815001,1007.03,0.0,4.02 00:40:35 18/10/19
898,99.9,12.84,1006.97,0.0,4.02 00:45:49 18/10/19
908,99.9,12.91,1006.9,0.0,4.02 00:51:06 18/10/19
896,99.9,12.985,1006.96,0.0,4.02 00:56:25 18/10/19
896,99.9,13.01,1007.03,0.0,4.02 01:01:39 18/10/19
899,99.9,13.02,1006.94,0.0,4.02 01:06:53 18/10/19
899,99.9,13.03,1006.89,0.0,4.02 01:12:10 18/10/19
904,99.9,13.1,1006.96,0.0,4.02 01:17:29 18/10/19
904,99.9,13.12,1006.98,0.0,4.02 01:22:47 18/10/19
900,99.9,13.13,1006.92,0.0,4.02 01:28:05 18/10/19
901,99.9,13.195,1006.83,0.0,4.02 01:33:19 18/10/19
902,99.9,13.215,1006.75,0.0,4.02 01:38:34 18/10/19
899,99.9,13.23,1006.63,0.0,4.01 01:43:47 18/10/19
898,99.9,13.299999,1006.61,0.0,4.02 01:49:01 18/10/19
902,99.9,13.299999,1006.6,0.0,4.01 01:54:13 18/10/19
893,99.9,13.305,1006.66,0.0,4.01 01:59:27 18/10/19
899,99.9,13.309999,1006.62,0.0,4.01 02:04:42 18/10/19
893,99.9,13.32,1006.53,0.0,4.01 02:09:56 18/10/19
899,99.9,13.34,1006.52,0.0,4.01 02:15:09 18/10/19
900,99.9,13.325,1006.49,0.0,4.01 02:20:24 18/10/19
895,99.9,13.385,1006.47,0.0,4.01 02:25:38 18/10/19
897,99.9,13.389999,1006.35,0.0,4.01 02:30:51 18/10/19
901,99.9,13.35,1006.38,0.0,4.01 02:36:07 18/10/19
881,99.9,13.4,1006.32,0.0,4.01 02:41:20 18/10/19
881,99.9,13.425,1006.28,0.0,4.01 02:46:32 18/10/19
883,99.9,13.485,1005.84,0.0,4.01 02:51:48 18/10/19
870,99.9,13.504999,1006.02,0.0,4.01 02:57:02 18/10/19
880,99.9,13.52,1006.09,0.0,4.01 03:02:16 18/10/19
893,99.9,13.525,1005.91,0.0,4.01 03:07:33 18/10/19
890,99.9,13.585,1005.92,0.0,4.01 03:12:53 18/10/19
865,99.9,13.545,1005.84,0.0,4.0 03:18:07 18/10/19
872,99.9,13.535,1005.72,0.0,4.0 03:23:20 18/10/19
862,99.9,13.535,1005.8,0.0,4.01 03:28:33 18/10/19
852,99.9,13.535,1005.79,0.0,4.0 03:33:48 18/10/19
848,99.9,13.54,1005.69,0.0,4.0 03:39:02 18/10/19
884,99.9,13.59,1005.63,0.0,4.01 03:44:14 18/10/19
845,99.9,13.54,1005.59,0.0,4.0 03:49:28 18/10/19
821,99.9,13.53,1005.43,0.0,4.0 03:54:43 18/10/19
875,99.9,13.53,1005.29,0.0,4.0 03:59:57 18/10/19
882,99.9,13.525,1005.26,0.0,4.0 04:05:10 18/10/19
886,99.9,13.514999,1005.13,0.0,4.0 04:10:25 18/10/19
887,99.9,13.514999,1005.09,0.0,4.0 04:15:37 18/10/19
883,99.9,13.514999,1005.2,0.0,4.0 04:20:51 18/10/19
890,99.9,13.525,1005.23,0.0,4.0 04:26:07 18/10/19
890,99.9,13.53,1005.17,0.0,4.0 04:31:22 18/10/19
890,99.9,13.535,1005.17,0.0,4.0 04:36:36 18/10/19
888,99.9,13.545,1005.01,0.0,4.0 04:41:50 18/10/19
887,99.9,13.545,1005.01,0.0,4.0 04:47:01 18/10/19
888,99.9,13.525,1004.94,0.0,4.0 04:52:15 18/10/19
885,99.9,13.52,1004.86,0.0,4.0 04:57:31 18/10/19
878,99.9,13.5,1004.9,0.0,4.0 05:02:45 18/10/19
892,99.9,13.440001,1004.77,0.0,4.0 05:07:57 18/10/19
882,99.9,13.42,1004.7,0.01,3.99 05:13:14 18/10/19
887,99.9,13.355,1004.64,0.0,3.97 05:18:27 18/10/19
890,99.9,13.38,1004.56,0.0,3.99 05:23:40 18/10/19
887,99.9,13.315001,1004.45,0.0,3.99 05:28:53 18/10/19
885,99.9,13.295,1004.4,0.0,3.99 05:34:08 18/10/19
870,99.9,13.29,1004.35,0.0,3.99 05:39:22 18/10/19
897,99.9,13.29,1004.4,0.0,3.99 05:44:37 18/10/19
919,99.9,13.285,1004.36,0.0,3.99 05:49:50 18/10/19
890,99.9,13.28,1004.35,0.0,3.99 05:55:04 18/10/19
886,99.9,13.225,1004.34,0.0,3.99 06:00:16 18/10/19
911,99.9,13.22,1004.25,0.0,3.99 06:05:32 18/10/19
924,99.9,13.225,1004.25,0.0,3.99 06:10:47 18/10/19
886,99.9,13.24,1004.22,0.0,3.99 06:15:59 18/10/19
899,99.9,13.29,1004.19,0.0,3.99 06:21:13 18/10/19
924,99.9,13.29,1004.16,0.0,3.99 06:26:27 18/10/19
895,99.9,13.29,1004.05,0.0,3.99 06:31:41 18/10/19
913,99.9,13.295,1004.13,0.0,3.99 06:36:56 18/10/19
916,99.9,13.25,1004.11,0.0,3.99 06:42:08 18/10/19
912,99.9,13.299999,1004.0,0.0,3.99 06:47:23 18/10/19
890,99.9,13.309999,1003.91,0.0,3.99 06:52:37 18/10/19
907,99.9,13.32,1003.85,0.0,3.98 06:57:51 18/10/19
888,99.9,13.38,1003.69,0.01,3.99 07:03:03 18/10/19
882,99.9,13.389999,1003.6,0.0,3.99 07:08:19 18/10/19
898,99.9,13.35,1003.47,0.01,3.99 07:13:31 18/10/19
899,99.9,13.38,1003.46,0.01,3.98 07:18:46 18/10/19
884,99.9,13.32,1003.36,0.02,3.98 07:24:00 18/10/19
873,99.9,13.299999,1003.27,0.06,3.99 07:29:12 18/10/19
916,99.9,13.235001,1003.26,0.15,3.98 07:34:29 18/10/19
867,99.9,13.215,1003.1,0.4,3.98 07:39:43 18/10/19
927,99.9,13.21,1003.18,0.85,3.98 07:44:56 18/10/19
924,99.9,13.205,1003.08,1.53,3.98 07:50:10 18/10/19
929,99.9,13.205,1003.03,2.43,3.98 07:55:24 18/10/19
934,99.9,13.205,1002.92,3.24,3.98 08:00:41 18/10/19
932,99.9,13.22,1002.98,3.95,3.98 08:06:01 18/10/19
922,99.9,13.285,1002.9,4.06,3.98 08:11:14 18/10/19
932,99.9,13.305,1002.76,4.14,3.98 08:16:32 18/10/19
913,99.9,13.32,1002.81,4.39,3.98 08:21:48 18/10/19
917,99.9,13.325,1002.83,4.79,3.98 08:27:05 18/10/19
937,99.9,13.344999,1002.84,4.15,3.98 08:32:19 18/10/19
942,99.9,13.34,1002.74,5.0,3.99 08:37:32 18/10/19
940,99.9,13.389999,1002.77,4.04,3.98 08:42:51 18/10/19
939,99.9,13.4,1002.75,5.0,3.99 08:48:08 18/10/19
921,99.9,13.34,1002.64,4.16,4.0 08:53:20 18/10/19
924,99.9,13.325,1002.61,4.31,4.01 08:58:35 18/10/19
926,99.9,13.355,1002.57,4.54,4.0 09:03:51 18/10/19
925,99.9,13.43,1002.55,4.47,4.01 09:09:04 18/10/19
950,99.9,13.5,1002.48,4.18,4.03 09:14:18 18/10/19
945,99.9,13.594999,1002.36,4.17,4.05 09:19:32 18/10/19
921,99.9,13.700001,1002.16,4.11,4.02 09:24:46 18/10/19
920,99.9,13.79,1002.16,5.0,4.01 09:30:00 18/10/19
920,99.9,13.809999,1002.09,4.15,4.02 09:35:14 18/10/19
925,99.9,13.82,1001.94,4.08,4.02 09:40:28 18/10/19
927,99.9,13.83,1001.95,5.0,4.02 09:45:42 18/10/19
932,99.9,13.91,1001.86,4.38,4.05 09:50:56 18/10/19
929,99.9,13.93,1001.87,5.0,4.05 09:56:08 18/10/19
923,99.9,14.01,1002.06,4.09,4.04 10:01:22 18/10/19
930,99.9,14.02,1002.06,4.17,4.06 10:06:38 18/10/19
928,99.9,14.04,1002.05,4.17,4.05 10:11:52 18/10/19
930,99.9,13.97,1002.11,4.17,4.06 10:17:06 18/10/19
932,99.9,13.92,1002.13,4.89,4.08 10:22:20 18/10/19
927,99.9,13.865,1002.51,5.0,4.07 10:27:34 18/10/19
945,99.9,13.77,1002.55,5.0,4.07 10:32:48 18/10/19
926,99.9,13.66,1002.51,5.0,4.07 10:38:02 18/10/19
923,99.9,13.575,1002.74,4.8,4.06 10:43:16 18/10/19
924,99.9,13.54,1002.97,4.91,4.06 10:48:33 18/10/19
925,99.9,13.395,1002.8,4.12,4.06 10:53:53 18/10/19
919,99.9,13.280001,1002.49,5.0,4.07 10:59:05 18/10/19
934,99.9,13.190001,1002.18,4.67,4.11 11:04:20 18/10/19
953,99.9,13.165,1002.04,4.31,4.14 11:09:38 18/10/19
931,99.9,13.16,1001.74,4.34,4.18 11:14:54 18/10/19
934,99.9,13.165,1002.35,4.3,4.15 11:20:09 18/10/19
949,99.9,13.165,1002.75,5.0,4.17 11:25:25 18/10/19
932,99.9,13.085,1002.66,4.35,4.17 11:30:38 18/10/19
934,99.9,13.07,1002.59,4.29,4.16 11:35:52 18/10/19
932,99.9,13.045,1002.53,4.41,4.17 11:41:04 18/10/19
950,99.9,12.97,1002.47,4.51,4.17 11:46:23 18/10/19
928,99.9,12.934999,1002.24,4.46,4.17 11:51:42 18/10/19
927,99.9,12.934999,1002.44,4.77,4.17 11:56:56 18/10/19
926,99.9,12.860001,1002.54,5.0,4.18 12:02:10 18/10/19
935,99.9,12.855,1002.83,4.27,4.17 12:07:28 18/10/19
927,99.9,12.860001,1002.83,5.0,4.17 12:12:47 18/10/19
923,99.9,12.9,1003.04,4.61,4.16 12:17:58 18/10/19
926,99.9,12.780001,1003.25,5.0,4.13 12:23:14 18/10/19
928,99.9,12.809999,1003.31,4.27,4.18 12:28:27 18/10/19
929,99.9,12.84,1003.35,5.0,4.13 12:33:42 18/10/19
923,99.9,12.995,1003.35,4.41,4.16 12:38:55 18/10/19
927,99.9,12.99,1003.33,5.0,4.14 12:44:09 18/10/19
928,99.9,13.0,1003.27,4.25,4.19 12:49:24 18/10/19
922,99.9,13.059999,1003.1,5.0,4.14 12:54:37 18/10/19
934,99.9,13.094999,1003.3,4.29,4.2 12:59:51 18/10/19
913,99.9,13.255,1003.32,5.0,4.14 13:05:03 18/10/19
915,99.9,13.360001,1003.55,4.38,4.19 13:10:17 18/10/19
928,99.9,13.465,1003.51,5.0,4.14 13:15:33 18/10/19
927,99.9,13.55,1003.62,5.0,4.13 13:20:46 18/10/19
934,99.9,13.575,1003.63,5.0,4.22 13:26:00 18/10/19
929,99.9,13.66,1003.73,5.0,4.14 13:31:13 18/10/19
927,99.9,13.675,1003.81,4.29,4.18 13:36:28 18/10/19
940,99.9,13.815001,1003.77,5.0,4.14 13:41:41 18/10/19
926,99.9,13.94,1003.99,5.0,4.13 13:46:55 18/10/19
923,99.9,13.969999,1003.94,4.25,4.16 13:52:10 18/10/19
927,99.9,13.895,1004.03,4.54,4.19 13:57:25 18/10/19
922,99.9,13.9,1004.0,5.0,4.14 14:02:38 18/10/19
936,99.9,13.969999,1003.9,5.0,4.13 14:07:52 18/10/19
927,99.9,14.175,1003.98,5.0,4.22 14:13:06 18/10/19
925,99.9,14.42,1003.99,5.0,4.14 14:18:21 18/10/19
925,99.9,14.455,1004.16,4.55,4.19 14:23:35 18/10/19
928,99.9,14.395,1004.22,5.0,4.14 14:28:49 18/10/19
922,99.9,14.315001,1004.29,4.38,4.18 14:34:01 18/10/19
939,99.9,14.29,1004.35,5.0,4.14 14:39:17 18/10/19
926,99.9,14.385,1004.46,5.0,4.14 14:44:31 18/10/19
928,99.9,14.375,1004.53,4.42,4.16 14:49:45 18/10/19
906,99.9,14.295,1004.62,5.0,4.13 14:54:59 18/10/19
920,99.9,14.264999,1004.74,5.0,4.15 15:00:14 18/10/19
909,99.9,14.185,1004.7,5.0,4.14 15:05:28 18/10/19
919,99.9,14.135,1004.77,4.41,4.16 15:10:41 18/10/19
922,99.9,14.110001,1004.85,5.0,4.13 15:15:55 18/10/19
925,99.9,14.175,1005.0,4.26,4.17 15:21:09 18/10/19
937,99.9,14.255,1004.78,5.0,4.13 15:26:23 18/10/19
924,99.9,14.434999,1004.73,4.3,4.21 15:31:37 18/10/19
918,99.9,14.625,1004.9,5.0,4.14 15:36:51 18/10/19
935,99.9,14.575,1004.97,5.0,4.13 15:42:06 18/10/19
921,99.9,14.645,1005.02,4.28,4.17 15:47:18 18/10/19
925,99.9,14.645,1005.02,5.0,4.14 15:52:34 18/10/19
917,99.9,14.565001,1005.03,5.0,4.16 15:57:46 18/10/19
919,99.9,14.469999,1005.07,5.0,4.14 16:03:00 18/10/19
924,99.9,14.475,1005.05,5.0,4.18 16:08:17 18/10/19
922,99.9,14.54,1005.12,5.0,4.15 16:13:29 18/10/19
926,99.9,14.559999,1005.04,4.99,4.18 16:18:44 18/10/19
921,99.9,14.635,1005.04,5.0,4.15 16:23:58 18/10/19
915,99.9,14.665,1005.05,5.0,4.14 16:29:11 18/10/19
918,99.9,14.68,1005.19,4.22,4.15 16:34:26 18/10/19
922,99.9,14.690001,1005.24,5.0,4.14 16:39:44 18/10/19
915,99.9,14.75,1005.28,4.35,4.15 16:45:01 18/10/19
919,99.9,14.700001,1005.38,5.0,4.15 16:50:16 18/10/19
930,99.9,14.695,1005.54,5.0,4.14 16:55:32 18/10/19
920,99.9,14.675,1005.4,5.0,4.14 17:00:45 18/10/19
920,99.9,14.594999,1005.56,4.99,4.15 17:06:00 18/10/19
921,99.9,14.51,1005.46,5.0,4.14 17:11:14 18/10/19
919,99.9,14.49,1005.63,4.65,4.16 17:16:28 18/10/19
916,99.9,14.425,1005.58,5.0,4.14 17:21:41 18/10/19
908,99.9,14.48,1005.59,4.45,4.16 17:26:55 18/10/19
916,99.9,14.469999,1005.66,5.0,4.15 17:32:10 18/10/19
924,99.9,14.475,1005.71,4.24,4.15 17:37:26 18/10/19
918,99.9,14.475,1005.7,5.0,4.15 17:42:38 18/10/19
911,99.9,14.425,1005.76,5.0,4.14 17:47:51 18/10/19
920,99.9,14.405001,1005.86,5.0,4.14 17:53:07 18/10/19
917,99.9,14.315001,1005.74,5.0,4.16 17:58:20 18/10/19
922,99.9,14.295,1005.8,4.24,4.17 18:03:35 18/10/19
917,99.9,14.215,1005.84,5.0,4.17 18:08:49 18/10/19
903,99.9,14.13,1005.89,5.0,4.17 18:14:01 18/10/19
898,99.9,14.035,1005.94,5.0,4.16 18:19:17 18/10/19
901,99.9,13.99,1005.92,4.95,4.16 18:24:29 18/10/19
907,99.9,13.91,1006.01,4.24,4.15 18:29:45 18/10/19
904,99.9,13.88,1005.95,4.21,4.14 18:34:59 18/10/19
894,99.9,13.799999,1005.96,4.2,4.13 18:40:11 18/10/19
881,99.9,13.71,1006.01,3.99,4.13 18:45:25 18/10/19
893,99.9,13.675,1006.03,3.12,4.13 18:50:39 18/10/19
897,99.9,13.594999,1006.02,2.1,4.12 18:55:58 18/10/19
883,99.9,13.514999,1006.06,1.15,4.11 19:01:17 18/10/19
883,99.9,13.415,1006.05,0.54,4.11 19:06:31 18/10/19
874,99.9,13.33,1006.01,0.22,4.11 19:11:46 18/10/19
922,99.9,13.309999,1006.03,0.08,4.1 19:17:00 18/10/19
887,99.9,13.23,1006.01,0.02,4.1 19:22:14 18/10/19
890,99.9,13.205,1006.02,0.0,4.09 19:27:27 18/10/19
919,99.9,13.190001,1006.01,0.0,4.09 19:32:41 18/10/19
872,99.9,13.12,1006.07,0.0,4.09 19:37:53 18/10/19
916,99.9,13.094999,1006.02,0.0,4.09 19:43:10 18/10/19
915,99.9,13.02,1006.11,0.0,4.09 19:48:22 18/10/19
915,99.9,12.934999,1006.16,0.0,4.08 19:53:36 18/10/19
875,99.9,12.9,1006.28,0.0,4.08 19:58:48 18/10/19
873,99.9,12.82,1006.22,0.0,4.08 20:04:03 18/10/19
914,99.9,12.74,1006.14,0.0,4.08 20:09:18 18/10/19
922,99.9,12.700001,1006.16,0.0,4.07 20:14:32 18/10/19
926,99.9,12.675,1006.19,0.0,4.07 20:19:49 18/10/19
918,99.9,12.66,1006.12,0.0,4.07 20:25:08 18/10/19
920,99.9,12.594999,1006.16,0.0,4.07 20:30:24 18/10/19
915,99.9,12.58,1006.11,0.0,4.06 20:35:44 18/10/19
922,99.9,12.57,1006.11,0.0,4.06 20:40:58 18/10/19
881,99.9,12.504999,1006.19,0.0,4.06 20:46:10 18/10/19
889,99.9,12.485,1006.15,0.0,4.06 20:51:26 18/10/19
897,99.9,12.425,1006.16,0.0,4.06 20:56:39 18/10/19
874,99.9,12.389999,1006.14,0.0,4.06 21:01:54 18/10/19
887,99.9,12.32,1006.1,0.0,4.06 21:07:05 18/10/19
930,99.9,12.295,1006.08,0.0,4.05 21:12:21 18/10/19
879,99.9,12.29,1005.98,0.0,4.06 21:17:33 18/10/19
887,99.9,12.22,1006.02,0.0,4.05 21:22:48 18/10/19
908,99.9,12.205,1006.02,0.0,4.05 21:28:03 18/10/19
882,99.9,12.18,1005.89,0.0,4.05 21:33:14 18/10/19
885,99.9,12.105,1005.93,0.0,4.05 21:38:29 18/10/19
915,99.9,12.08,1005.94,0.0,4.05 21:43:47 18/10/19
892,99.9,12.014999,1005.95,0.0,4.04 21:49:07 18/10/19
896,99.9,11.99,1005.88,0.0,4.04 21:54:19 18/10/19
892,99.9,11.92,1005.86,0.0,4.04 21:59:32 18/10/19
893,99.9,11.9,1005.94,0.0,4.04 22:04:47 18/10/19
892,99.9,11.885,1005.89,0.0,4.04 22:10:00 18/10/19
911,99.9,11.825,1005.91,0.0,4.04 22:15:14 18/10/19
883,99.9,11.815001,1005.88,0.0,4.04 22:20:26 18/10/19
901,99.9,11.805,1005.83,0.0,4.04 22:25:45 18/10/19
935,99.9,11.815001,1005.81,0.0,4.04 22:31:06 18/10/19
938,99.9,11.82,1005.73,0.0,4.04 22:36:21 18/10/19
884,99.9,11.88,1005.69,0.0,4.03 22:41:38 18/10/19
924,99.9,11.88,1005.6,0.0,4.04 22:46:54 18/10/19
917,99.9,11.885,1005.61,0.0,4.03 22:52:07 18/10/19
860,99.9,11.875,1005.47,0.0,4.03 22:57:19 18/10/19
927,99.9,11.815001,1005.42,0.0,4.03 23:02:35 18/10/19
925,99.9,11.809999,1005.37,0.0,4.03 23:07:48 18/10/19
928,99.9,11.799999,1005.37,0.0,4.03 23:13:04 18/10/19
934,99.9,11.799999,1005.33,0.0,4.03 23:18:16 18/10/19
934,99.9,11.795,1005.3,0.0,4.03 23:23:33 18/10/19
921,99.9,11.799999,1005.3,0.0,4.03 23:28:56 18/10/19
933,99.9,11.805,1005.25,0.0,4.03 23:34:14 18/10/19
930,99.9,11.805,1005.18,0.0,4.03 23:39:28 18/10/19
926,99.9,11.809999,1005.2,0.0,4.02 23:44:41 18/10/19
929,99.9,11.79,1005.09,0.0,4.02 23:49:54 18/10/19
927,99.9,11.785,1005.05,0.0,4.02 23:55:09 18/10/19
