931,99.9,11.415,1005.76,0.0,4.02 00:02:15 20/10/19
922,99.9,11.43,1005.83,0.0,4.02 00:07:29 20/10/19
926,99.9,11.495,1005.84,0.0,4.02 00:12:43 20/10/19
927,99.9,11.504999,1005.77,0.0,4.02 00:17:57 20/10/19
933,99.9,11.51,1005.86,0.0,4.02 00:23:10 20/10/19
934,99.9,11.514999,1005.79,0.0,4.02 00:28:22 20/10/19
935,99.9,11.52,1005.75,0.0,4.02 00:33:37 20/10/19
938,99.9,11.525,1005.72,0.0,4.01 00:38:55 20/10/19
934,99.9,11.59,1005.72,0.0,4.01 00:44:13 20/10/19
935,99.9,11.59,1005.7,0.0,4.01 00:49:28 20/10/19
935,99.9,11.594999,1005.71,0.0,4.01 00:54:41 20/10/19
932,99.9,11.6,1005.73,0.0,4.01 00:59:52 20/10/19
928,99.9,11.605,1005.77,0.0,4.01 01:05:09 20/10/19
932,99.9,11.610001,1005.79,0.0,4.01 01:10:22 20/10/19
931,99.9,11.605,1005.68,0.0,4.01 01:15:34 20/10/19
921,99.9,11.59,1005.63,0.0,4.01 01:20:50 20/10/19
932,99.9,11.53,1005.67,0.0,4.01 01:26:01 20/10/19
931,99.9,11.514999,1005.68,0.0,4.01 01:31:16 20/10/19
912,99.9,11.5,1005.8,0.0,4.01 01:36:34 20/10/19
937,99.9,11.434999,1005.89,0.0,4.01 01:41:53 20/10/19
936,99.9,11.425,1005.88,0.0,4.01 01:47:04 20/10/19
937,99.9,11.41,1005.91,0.0,4.01 01:52:19 20/10/19
934,99.9,11.395,1005.96,0.0,4.01 01:57:34 20/10/19
934,99.9,11.335,1005.92,0.0,4.0 02:02:49 20/10/19
932,99.9,11.389999,1005.91,0.0,4.0 02:08:00 20/10/19
931,99.9,11.395,1005.81,0.0,4.0 02:13:12 20/10/19
931,99.9,11.4,1005.78,0.0,4.0 02:18:27 20/10/19
932,99.9,11.405001,1005.77,0.0,4.0 02:23:41 20/10/19
932,99.9,11.415,1005.73,0.0,4.0 02:28:55 20/10/19
936,99.9,11.42,1005.54,0.0,4.0 02:34:09 20/10/19
935,99.9,11.42,1005.57,0.0,4.0 02:39:22 20/10/19
937,99.9,11.42,1005.43,0.0,4.0 02:44:40 20/10/19
932,99.9,11.41,1005.48,0.0,4.0 02:49:57 20/10/19
922,99.9,11.395,1005.43,0.0,4.0 02:55:12 20/10/19
927,99.9,11.38,1005.51,0.0,4.0 03:00:23 20/10/19
933,99.9,11.32,1005.48,0.0,4.0 03:05:39 20/10/19
935,99.9,11.305,1005.54,0.0,4.0 03:10:56 20/10/19
927,99.9,11.295,1005.42,0.0,4.0 03:16:15 20/10/19
937,99.9,11.225,1005.47,0.0,4.0 03:21:28 20/10/19
938,99.9,11.21,1005.48,0.0,3.99 03:26:43 20/10/19
935,99.9,11.200001,1005.54,0.0,3.99 03:31:56 20/10/19
933,99.9,11.190001,1005.36,0.0,4.0 03:37:07 20/10/19
938,99.9,11.125,1005.31,0.0,4.0 03:42:25 20/10/19
938,99.9,11.17,1005.3,0.0,4.0 03:47:35 20/10/19
937,99.9,11.110001,1005.17,0.0,4.0 03:52:49 20/10/19
939,99.9,11.1,1005.28,0.0,3.99 03:58:08 20/10/19
936,99.9,11.105,1005.38,0.0,3.99 04:03:24 20/10/19
926,99.9,11.094999,1005.49,0.0,3.99 04:08:39 20/10/19
930,99.9,11.09,1005.67,0.0,3.99 04:13:53 20/10/19
927,99.9,11.045,1005.69,0.0,3.99 04:19:10 20/10/19
924,99.9,11.094999,1005.64,0.0,3.99 04:24:29 20/10/19
930,99.9,11.1,1005.64,0.0,3.99 04:29:40 20/10/19
935,99.9,11.1,1005.62,0.0,3.99 04:34:54 20/10/19
936,99.9,11.094999,1005.64,0.0,3.99 04:40:10 20/10/19
936,99.9,11.1,1005.53,0.0,3.99 04:45:23 20/10/19
936,99.9,11.115,1005.61,0.0,3.99 04:50:37 20/10/19
937,99.9,11.125,1005.61,0.0,3.99 04:55:49 20/10/19
936,99.9,11.125,1005.97,0.0,3.99 05:01:03 20/10/19
936,99.9,11.18,1005.77,0.0,3.99 05:06:19 20/10/19
934,99.9,11.139999,1005.81,0.0,3.99 05:11:29 20/10/19
925,99.9,11.195,1005.77,0.0,3.99 05:16:45 20/10/19
934,99.9,11.205,1005.78,0.0,3.99 05:21:58 20/10/19
934,99.9,11.215,1005.8,0.0,3.99 05:27:11 20/10/19
929,99.9,11.215,1005.73,0.0,3.98 05:32:28 20/10/19
925,99.9,11.28,1005.81,0.0,3.98 05:37:39 20/10/19
933,99.9,11.28,1005.67,0.0,3.98 05:42:53 20/10/19
928,99.9,11.28,1005.69,0.0,3.98 05:48:11 20/10/19
926,99.9,11.215,1005.63,0.0,3.98 05:53:29 20/10/19
931,99.9,11.190001,1005.48,0.0,3.98 05:58:42 20/10/19
937,99.9,11.115,1005.56,0.0,3.98 06:03:56 20/10/19
936,99.9,11.03,1005.6,0.0,3.98 06:09:13 20/10/19
932,99.9,10.995,1005.78,0.0,3.98 06:14:32 20/10/19
934,99.9,10.905001,1005.88,0.0,3.98 06:19:43 20/10/19
936,99.9,10.805,1005.83,0.0,3.98 06:24:57 20/10/19
934,99.9,10.725,1005.85,0.0,3.98 06:30:11 20/10/19
934,99.9,10.690001,1005.99,0.0,3.98 06:35:26 20/10/19
934,99.9,10.615,1006.09,0.0,3.98 06:40:39 20/10/19
929,99.9,10.6,1006.18,0.0,3.98 06:45:54 20/10/19
936,99.9,10.54,1006.37,0.0,3.98 06:51:08 20/10/19
939,99.9,10.53,1006.52,0.0,3.98 06:56:20 20/10/19
934,99.9,10.52,1006.46,0.0,3.98 07:01:38 20/10/19
936,99.9,10.504999,1006.41,0.0,3.98 07:06:56 20/10/19
936,99.9,10.504999,1006.54,0.0,3.98 07:12:09 20/10/19
936,99.9,10.514999,1006.51,0.0,3.98 07:17:23 20/10/19
925,99.9,10.52,1006.27,0.01,3.98 07:22:36 20/10/19
937,99.9,10.6,1006.19,0.03,3.98 07:27:50 20/10/19
938,99.9,10.610001,1006.28,0.09,3.97 07:33:03 20/10/19
930,99.9,10.605,1006.19,0.22,3.97 07:38:15 20/10/19
939,99.9,10.605,1006.11,0.57,3.98 07:43:31 20/10/19
938,99.9,10.6,1006.23,1.25,3.97 07:48:44 20/10/19
938,99.9,10.54,1006.12,2.19,3.98 07:53:57 20/10/19
939,99.9,10.525,1006.17,3.01,3.97 07:59:12 20/10/19
939,99.9,10.504999,1006.15,3.6,3.98 08:04:24 20/10/19
939,99.9,10.434999,1006.34,3.96,3.97 08:09:39 20/10/19
946,99.9,10.41,1006.38,4.07,3.97 08:14:55 20/10/19
944,99.9,10.4,1006.34,4.15,3.97 08:20:17 20/10/19
944,99.9,10.395,1006.28,4.61,3.97 08:25:39 20/10/19
918,99.9,10.4,1006.28,4.05,3.98 08:30:57 20/10/19
916,99.9,10.4,1006.38,5.0,3.97 08:36:12 20/10/19
926,99.9,10.415,1006.25,4.52,3.98 08:41:28 20/10/19
945,99.9,10.485,1006.32,4.06,3.97 08:46:47 20/10/19
934,99.9,10.504999,1006.46,4.54,3.98 08:52:00 20/10/19
941,99.9,10.535,1006.32,4.62,3.98 08:57:14 20/10/19
942,99.9,10.605,1006.39,4.06,3.98 09:02:27 20/10/19
948,99.9,10.62,1006.5,4.69,3.98 09:07:43 20/10/19
946,99.9,10.690001,1006.51,4.38,3.98 09:12:54 20/10/19
942,99.9,10.715,1006.4,5.0,4.0 09:18:08 20/10/19
924,99.9,10.805,1006.49,5.0,3.99 09:23:23 20/10/19
939,99.9,10.885,1006.62,4.15,3.99 09:28:36 20/10/19
950,99.9,10.925,1006.78,5.0,3.98 09:33:54 20/10/19
945,99.9,11.01,1006.83,4.59,3.99 09:39:11 20/10/19
945,99.9,11.08,1006.92,4.91,3.99 09:44:24 20/10/19
946,99.9,11.1,1007.12,5.0,3.98 09:49:43 20/10/19
947,99.9,11.12,1007.15,4.9,3.99 09:55:01 20/10/19
947,99.9,11.195,1007.13,5.0,3.99 10:00:14 20/10/19
948,99.9,11.215,1007.03,5.0,3.99 10:05:27 20/10/19
948,99.9,11.29,1006.91,5.0,4.01 10:10:42 20/10/19
923,99.9,11.375,1006.93,5.0,4.01 10:15:55 20/10/19
950,99.9,11.4,1006.86,4.13,4.02 10:21:06 20/10/19
949,99.9,11.49,1006.86,4.08,4.01 10:26:22 20/10/19
948,99.9,11.575,1006.91,4.95,4.01 10:31:39 20/10/19
948,99.9,11.665,1007.0,5.0,4.01 10:36:58 20/10/19
947,99.9,11.685,1007.08,4.41,4.01 10:42:11 20/10/19
945,99.9,11.755,1007.23,5.0,4.01 10:47:25 20/10/19
946,99.9,11.77,1007.31,5.0,4.0 10:52:39 20/10/19
945,99.9,11.785,1007.33,4.34,4.01 10:57:53 20/10/19
934,99.9,11.795,1007.37,5.0,4.0 11:03:06 20/10/19
948,99.9,11.809999,1007.46,5.0,4.01 11:08:25 20/10/19
946,99.9,11.87,1007.51,5.0,4.01 11:13:42 20/10/19
926,99.9,11.88,1007.43,4.95,4.01 11:18:56 20/10/19
937,99.9,11.88,1007.36,4.24,4.01 11:24:13 20/10/19
919,99.9,11.9,1007.36,5.0,4.02 11:29:30 20/10/19
937,99.9,11.905001,1007.35,5.0,4.02 11:34:46 20/10/19
940,99.9,11.969999,1007.24,4.31,4.02 11:39:59 20/10/19
941,99.9,11.99,1007.11,4.19,4.03 11:45:18 20/10/19
931,99.9,12.07,1007.18,5.0,4.04 11:50:36 20/10/19
919,99.9,12.105,1007.12,4.17,4.03 11:55:49 20/10/19
936,99.9,12.18,1007.12,4.26,4.03 12:01:06 20/10/19
937,99.9,12.200001,1007.08,5.0,4.03 12:06:25 20/10/19
938,99.9,12.21,1007.13,4.94,4.02 12:11:42 20/10/19
909,99.9,12.275,1006.96,4.15,4.03 12:16:59 20/10/19
943,99.9,12.285,1006.73,4.77,4.02 12:22:16 20/10/19
932,99.9,12.285,1006.76,5.0,4.02 12:27:28 20/10/19
931,99.9,12.295,1006.89,5.0,4.02 12:32:43 20/10/19
926,99.9,12.29,1007.02,5.0,4.03 12:37:54 20/10/19
932,99.9,12.295,1007.12,5.0,4.02 12:43:10 20/10/19
918,99.9,12.299999,1007.3,4.57,4.03 12:48:27 20/10/19
936,99.9,12.309999,1007.34,5.0,4.04 12:53:52 20/10/19
913,99.9,12.375,1007.2,5.0,4.05 12:59:08 20/10/19
908,99.9,12.389999,1007.12,5.0,4.07 13:04:20 20/10/19
915,99.9,12.465,1007.05,4.18,4.09 13:09:34 20/10/19
921,99.9,12.5,1007.16,5.0,4.09 13:14:49 20/10/19
917,99.9,12.52,1007.3,4.9,4.1 13:20:01 20/10/19
921,99.9,12.525,1007.11,4.17,4.12 13:25:17 20/10/19
919,99.9,12.575,1006.91,4.99,4.15 13:30:31 20/10/19
924,99.9,12.594999,1006.95,5.0,4.14 13:35:44 20/10/19
927,99.9,12.665,1006.91,4.24,4.14 13:40:59 20/10/19
918,99.9,12.700001,1007.1,5.0,4.14 13:46:12 20/10/19
923,99.9,12.715,1007.15,4.27,4.16 13:51:26 20/10/19
937,99.9,12.775,1007.09,4.25,4.17 13:56:40 20/10/19
915,99.9,12.78,1006.95,5.0,4.15 14:01:53 20/10/19
914,99.9,12.785,1006.99,4.22,4.14 14:07:07 20/10/19
917,99.9,12.785,1007.1,5.0,4.15 14:12:21 20/10/19
912,99.9,12.735001,1007.11,5.0,4.16 14:17:33 20/10/19
912,99.9,12.775,1007.22,4.54,4.16 14:22:52 20/10/19
918,99.9,12.785,1007.25,4.3,4.15 14:28:11 20/10/19
920,99.9,12.795,1007.09,4.71,4.16 14:33:25 20/10/19
916,99.9,12.79,1007.14,4.26,4.16 14:38:39 20/10/19
914,99.9,12.79,1007.2,4.3,4.16 14:43:52 20/10/19
913,99.9,12.78,1007.19,4.49,4.16 14:49:06 20/10/19
912,99.9,12.785,1007.14,5.0,4.16 14:54:21 20/10/19
917,99.9,12.73,1007.18,5.0,4.15 14:59:39 20/10/19
910,99.9,12.735001,1007.15,5.0,4.14 15:04:56 20/10/19
915,99.9,12.725,1006.93,4.27,4.15 15:10:15 20/10/19
911,99.9,12.71,1007.0,5.0,4.16 15:15:35 20/10/19
901,99.9,12.700001,1006.96,5.0,4.15 15:20:44 20/10/19
909,99.9,12.695,1006.87,4.49,4.15 15:26:00 20/10/19
895,99.9,12.63,1006.92,5.0,4.14 15:31:12 20/10/19
917,99.9,12.605,1006.88,5.0,4.15 15:36:31 20/10/19
908,99.9,12.6,1007.01,5.0,4.15 15:41:50 20/10/19
908,99.9,12.585,1006.99,5.0,4.14 15:47:04 20/10/19
903,99.9,12.53,1006.86,4.52,4.14 15:52:18 20/10/19
901,99.9,12.57,1007.0,4.23,4.17 15:57:29 20/10/19
906,99.9,12.52,1007.11,5.0,4.17 16:02:44 20/10/19
908,99.9,12.504999,1007.06,5.0,4.16 16:07:59 20/10/19
895,99.9,12.49,1007.05,5.0,4.14 16:13:16 20/10/19
903,99.9,12.434999,1007.05,5.0,4.14 16:18:33 20/10/19
907,99.9,12.425,1006.95,4.19,4.14 16:23:49 20/10/19
882,99.9,12.415,1006.54,5.0,4.16 16:29:01 20/10/19
903,99.9,12.41,1006.58,4.45,4.17 16:34:15 20/10/19
914,99.9,12.405001,1006.69,5.0,4.16 16:39:30 20/10/19
887,99.9,12.41,1006.91,5.0,4.14 16:44:44 20/10/19
899,99.9,12.405001,1006.76,4.26,4.15 16:49:58 20/10/19
