203,82.0,14.495,1020.02,0.0,4.05 00:00:41 09/07/19
202,82.0,14.415,1020.07,0.0,4.05 00:05:56 09/07/19
202,84.7,14.34,1020.05,0.0,4.05 00:11:09 09/07/19
201,82.5,14.309999,1020.08,0.0,4.05 00:16:23 09/07/19
201,83.5,14.225,1020.03,0.0,4.05 00:21:37 09/07/19
200,83.4,14.139999,1020.05,0.0,4.05 00:26:52 09/07/19
200,83.7,14.055,1020.04,0.0,4.05 00:32:04 09/07/19
199,82.8,14.014999,1020.1,0.0,4.05 00:37:20 09/07/19
199,83.5,13.925,1020.12,0.0,4.05 00:42:32 09/07/19
198,84.1,13.835,1020.2,0.0,4.04 00:47:48 09/07/19
197,84.8,13.755,1020.27,0.0,4.04 00:53:03 09/07/19
196,84.3,13.71,1020.21,0.0,4.04 00:58:17 09/07/19
197,84.3,13.615,1020.21,0.0,4.04 01:03:28 09/07/19
196,87.4,13.465,1020.14,0.0,4.04 01:08:42 09/07/19
195,85.4,13.360001,1020.15,0.0,4.04 01:13:59 09/07/19
195,85.8,13.309999,1020.13,0.0,4.04 01:19:13 09/07/19
194,84.4,13.215,1020.07,0.0,4.04 01:24:27 09/07/19
193,86.3,13.135,1020.15,0.0,4.04 01:29:41 09/07/19
193,85.8,13.049999,1020.17,0.0,4.04 01:34:53 09/07/19
192,86.0,13.01,1020.04,0.0,4.04 01:40:09 09/07/19
192,86.4,12.92,1020.07,0.0,4.03 01:45:22 09/07/19
191,86.2,12.84,1020.07,0.0,4.03 01:50:41 09/07/19
190,86.5,12.795,1019.99,0.0,4.03 01:55:58 09/07/19
190,87.4,12.695,1019.97,0.0,4.03 02:01:10 09/07/19
189,87.1,12.545,1019.93,0.0,4.03 02:06:27 09/07/19
189,86.9,12.5,1019.93,0.0,4.03 02:11:40 09/07/19
188,87.2,12.4,1020.0,0.0,4.03 02:16:54 09/07/19
188,87.5,12.305,1019.89,0.0,4.03 02:22:08 09/07/19
188,87.2,12.21,1019.95,0.0,4.03 02:27:22 09/07/19
188,88.6,12.110001,1019.9,0.0,4.03 02:32:34 09/07/19
188,89.0,12.014999,1019.88,0.0,4.03 02:37:47 09/07/19
187,88.7,11.925,1019.82,0.0,4.03 02:43:03 09/07/19
186,89.8,11.85,1019.9,0.0,4.02 02:48:17 09/07/19
186,89.9,11.805,1019.84,0.0,4.02 02:53:31 09/07/19
186,90.2,11.715,1019.98,0.0,4.02 02:58:44 09/07/19
186,90.5,11.635,1019.92,0.0,4.02 03:03:59 09/07/19
185,90.5,11.545,1019.88,0.0,4.02 03:09:12 09/07/19
185,90.1,11.450001,1019.99,0.0,4.02 03:14:26 09/07/19
185,90.0,11.344999,1019.94,0.0,4.02 03:19:39 09/07/19
186,90.3,11.245001,1019.92,0.0,4.02 03:24:51 09/07/19
185,90.3,11.15,1019.87,0.0,4.02 03:30:07 09/07/19
185,90.5,11.115,1019.9,0.0,4.02 03:35:20 09/07/19
186,90.4,11.03,1019.86,0.0,4.02 03:40:34 09/07/19
186,90.7,10.955,1019.89,0.0,4.01 03:45:48 09/07/19
187,91.0,10.915,1019.77,0.0,4.02 03:50:59 09/07/19
188,90.9,10.825,1019.85,0.0,4.02 03:56:15 09/07/19
189,90.9,10.745001,1019.91,0.0,4.02 04:01:29 09/07/19
191,91.3,10.72,1019.86,0.0,4.01 04:06:42 09/07/19
194,91.3,10.65,1019.81,0.0,4.01 04:11:56 09/07/19
198,91.1,10.635,1019.8,0.0,4.01 04:17:09 09/07/19
202,91.6,10.559999,1019.86,0.0,4.01 04:22:24 09/07/19
207,91.3,10.535,1019.79,0.0,4.01 04:27:37 09/07/19
214,91.5,10.5,1019.73,0.01,4.01 04:32:50 09/07/19
224,91.7,10.425,1019.79,0.02,4.01 04:38:08 09/07/19
238,91.6,10.35,1019.81,0.06,4.01 04:43:31 09/07/19
253,91.9,10.32,1019.85,0.15,4.01 04:48:49 09/07/19
270,91.8,10.23,1019.77,0.31,4.01 04:54:02 09/07/19
291,91.6,10.125,1019.74,0.58,4.01 04:59:16 09/07/19
316,91.7,10.045,1019.89,0.97,4.01 05:04:27 09/07/19
349,91.7,10.01,1019.9,1.64,4.01 05:09:42 09/07/19
388,92.3,9.934999,1019.95,2.71,4.01 05:14:54 09/07/19
428,92.2,9.84,1019.86,3.47,4.0 05:20:07 09/07/19
468,91.8,9.75,1019.87,4.02,4.01 05:25:23 09/07/19
497,92.1,9.72,1019.91,4.08,4.01 05:30:34 09/07/19
534,92.1,9.639999,1019.89,4.11,4.0 05:35:51 09/07/19
566,92.0,9.610001,1020.0,4.38,4.0 05:41:02 09/07/19
598,92.6,9.53,1020.07,4.16,4.0 05:46:20 09/07/19
625,92.6,9.514999,1020.05,4.27,4.0 05:51:39 09/07/19
648,92.5,9.5,1020.1,4.18,4.01 05:56:51 09/07/19
674,92.8,9.434999,1020.1,5.0,4.01 06:02:05 09/07/19
686,93.3,9.425,1020.12,5.0,4.01 06:07:17 09/07/19
705,92.6,9.415,1020.19,5.0,4.01 06:12:32 09/07/19
714,93.0,9.42,1020.24,4.08,4.01 06:17:46 09/07/19
724,93.1,9.434999,1020.16,5.0,4.02 06:22:59 09/07/19
732,93.2,9.504999,1020.12,4.08,4.02 06:28:13 09/07/19
737,94.0,9.54,1020.26,5.0,4.02 06:33:24 09/07/19
747,96.3,9.639999,1020.3,4.67,4.03 06:38:40 09/07/19
754,95.0,9.74,1020.34,4.26,4.04 06:43:53 09/07/19
760,94.2,9.844999,1020.33,5.0,4.04 06:49:05 09/07/19
773,94.7,10.0,1020.38,4.52,4.05 06:54:18 09/07/19
783,95.1,10.110001,1020.35,4.2,4.06 06:59:34 09/07/19
819,96.8,10.24,1020.34,5.0,4.07 07:04:47 09/07/19
821,92.8,10.405001,1020.28,4.75,4.08 07:10:01 09/07/19
831,94.4,10.54,1020.34,5.0,4.1 07:15:14 09/07/19
832,96.3,10.78,1020.29,4.25,4.12 07:20:28 09/07/19
843,95.3,10.98,1020.31,4.18,4.14 07:25:42 09/07/19
847,95.1,11.18,1020.31,5.0,4.17 07:30:55 09/07/19
848,94.0,11.385,1020.44,5.0,4.12 07:36:09 09/07/19
852,94.3,11.66,1020.41,4.25,4.13 07:41:26 09/07/19
854,93.8,11.94,1020.39,5.0,4.13 07:46:43 09/07/19
850,93.9,12.235001,1020.37,5.0,4.11 07:51:59 09/07/19
854,94.5,12.530001,1020.31,4.22,4.13 07:57:12 09/07/19
836,94.2,13.02,1020.31,5.0,4.14 08:02:25 09/07/19
841,93.6,13.48,1020.31,5.0,4.12 08:07:40 09/07/19
854,93.1,13.965,1020.3,5.0,4.11 08:12:52 09/07/19
853,93.1,14.5,1020.36,5.0,4.13 08:18:08 09/07/19
847,92.6,14.97,1020.4,5.0,4.14 08:23:22 09/07/19
856,92.8,15.385,1020.31,5.0,4.12 08:28:37 09/07/19
854,92.3,15.639999,1020.39,5.0,4.12 08:33:49 09/07/19
879,92.6,15.835001,1020.38,5.0,4.11 08:39:05 09/07/19
878,92.8,16.105,1020.41,4.28,4.13 08:44:20 09/07/19
866,91.8,16.32,1020.42,5.0,4.15 08:49:34 09/07/19
885,91.5,16.415,1020.42,5.0,4.12 08:54:52 09/07/19
881,91.2,16.405,1020.38,5.0,4.12 09:00:15 09/07/19
888,91.9,16.335,1020.35,5.0,4.11 09:05:34 09/07/19
889,91.4,16.31,1020.53,5.0,4.11 09:10:49 09/07/19
886,91.8,16.365,1020.55,5.0,4.11 09:16:02 09/07/19
891,92.0,16.445,1020.53,4.26,4.17 09:21:18 09/07/19
879,91.3,16.49,1020.57,5.0,4.14 09:26:32 09/07/19
889,91.4,16.654999,1020.58,5.0,4.13 09:31:45 09/07/19
895,91.2,16.75,1020.6,5.0,4.12 09:37:01 09/07/19
889,91.1,16.9,1020.53,5.0,4.12 09:42:16 09/07/19
897,91.3,17.015,1020.63,5.0,4.11 09:47:30 09/07/19
899,91.1,17.205,1020.63,5.0,4.11 09:52:45 09/07/19
898,91.1,17.545,1020.63,5.0,4.11 09:57:59 09/07/19
891,90.7,17.69,1020.67,4.31,4.19 10:03:18 09/07/19
899,90.2,17.825,1020.71,5.0,4.15 10:08:37 09/07/19
899,90.2,17.915,1020.72,5.0,4.13 10:13:52 09/07/19
897,90.4,18.075,1020.67,5.0,4.12 10:19:06 09/07/19
896,88.3,18.195,1020.6,5.0,4.12 10:24:21 09/07/19
891,89.8,18.31,1020.75,5.0,4.12 10:29:34 09/07/19
857,89.8,18.39,1020.62,5.0,4.11 10:34:54 09/07/19
900,89.0,18.42,1020.59,5.0,4.11 10:40:14 09/07/19
903,88.6,18.560001,1020.52,5.0,4.22 10:45:32 09/07/19
883,87.7,18.685001,1020.59,5.0,4.15 10:50:52 09/07/19
901,88.0,18.685001,1020.57,5.0,4.14 10:56:07 09/07/19
907,89.7,18.779999,1020.54,5.0,4.13 11:01:21 09/07/19
900,86.5,19.0,1020.5,5.0,4.12 11:06:36 09/07/19
848,87.3,19.17,1020.54,5.0,4.12 11:11:56 09/07/19
845,87.6,19.19,1020.5,5.0,4.11 11:17:13 09/07/19
858,85.3,19.11,1020.53,5.0,4.11 11:22:29 09/07/19
906,87.9,19.1,1020.44,5.0,4.1 11:27:50 09/07/19
905,87.3,19.349998,1020.46,5.0,4.1 11:33:08 09/07/19
906,87.8,19.635,1020.52,5.0,4.22 11:38:21 09/07/19
911,88.1,19.955,1020.41,5.0,4.15 11:43:37 09/07/19
913,88.3,20.335,1020.32,5.0,4.14 11:48:51 09/07/19
909,87.0,20.72,1020.38,5.0,4.13 11:54:06 09/07/19
838,82.3,20.865,1020.39,5.0,4.12 11:59:26 09/07/19
838,82.0,20.71,1020.44,5.0,4.12 12:04:46 09/07/19
908,84.4,20.505001,1020.34,5.0,4.12 12:10:00 09/07/19
910,86.0,20.64,1020.28,5.0,4.11 12:15:16 09/07/19
913,86.4,20.849998,1020.29,5.0,4.1 12:20:35 09/07/19
896,82.1,21.130001,1020.2,5.0,4.11 12:25:53 09/07/19
854,82.3,21.16,1020.28,4.31,4.16 12:31:10 09/07/19
909,82.8,21.165,1020.21,5.0,4.15 12:36:29 09/07/19
910,83.2,21.345001,1020.13,5.0,4.14 12:41:49 09/07/19
911,83.4,21.525002,1020.14,5.0,4.13 12:47:05 09/07/19
905,83.2,21.805,1020.13,5.0,4.13 12:52:20 09/07/19
873,83.2,22.105,1020.13,5.0,4.12 12:57:40 09/07/19
855,79.4,21.994999,1020.09,5.0,4.12 13:02:59 09/07/19
909,80.1,21.855,1020.1,5.0,4.11 13:08:14 09/07/19
908,81.2,21.880001,1020.04,5.0,4.11 13:13:33 09/07/19
909,73.4,22.025002,1019.95,5.0,4.11 13:18:53 09/07/19
910,81.2,22.24,1019.91,5.0,4.21 13:24:09 09/07/19
890,79.2,22.529999,1019.95,5.0,4.15 13:29:24 09/07/19
903,73.7,22.220001,1019.9,5.0,4.14 13:34:39 09/07/19
907,78.8,22.27,1019.89,5.0,4.14 13:39:53 09/07/19
867,78.4,22.55,1019.86,5.0,4.13 13:45:10 09/07/19
909,73.0,22.625,1019.94,5.0,4.12 13:50:26 09/07/19
906,73.3,22.66,1019.83,5.0,4.12 13:55:39 09/07/19
908,77.1,22.845001,1019.8,5.0,4.12 14:00:58 09/07/19
908,78.0,23.265,1019.76,5.0,4.11 14:06:12 09/07/19
871,74.6,23.5,1019.66,5.0,4.11 14:11:28 09/07/19
852,73.6,23.445,1019.67,5.0,4.11 14:16:42 09/07/19
903,73.3,23.36,1019.73,5.0,4.11 14:21:59 09/07/19
903,73.8,23.515,1019.69,5.0,4.1 14:27:12 09/07/19
904,73.6,23.695,1019.62,5.0,4.21 14:32:30 09/07/19
904,74.7,23.985,1019.6,5.0,4.16 14:37:45 09/07/19
903,73.1,24.130001,1019.58,5.0,4.14 14:42:59 09/07/19
903,67.0,24.285,1019.43,5.0,4.14 14:48:17 09/07/19
906,68.2,24.4,1019.52,5.0,4.13 14:53:32 09/07/19
899,67.3,24.529999,1019.51,5.0,4.13 14:58:48 09/07/19
902,65.6,24.535,1019.45,5.0,4.12 15:04:05 09/07/19
860,67.0,24.369999,1019.46,5.0,4.12 15:09:18 09/07/19
853,66.3,24.119999,1019.4,5.0,4.12 15:14:35 09/07/19
902,65.3,24.125,1019.33,5.0,4.11 15:19:51 09/07/19
848,69.7,24.215,1019.37,5.0,4.11 15:25:07 09/07/19
898,66.0,24.14,1019.35,5.0,4.1 15:30:23 09/07/19
900,70.0,24.165,1019.3,5.0,4.1 15:35:38 09/07/19
901,71.7,24.485,1019.28,5.0,4.21 15:40:55 09/07/19
900,68.5,24.95,1019.27,5.0,4.16 15:46:10 09/07/19
882,70.0,25.195,1019.25,5.0,4.15 15:51:24 09/07/19
899,67.0,25.215,1019.18,5.0,4.13 15:56:45 09/07/19
900,61.1,25.215,1019.17,5.0,4.13 16:02:06 09/07/19
898,67.6,25.295,1019.18,5.0,4.13 16:07:22 09/07/19
865,63.9,25.095001,1019.2,5.0,4.12 16:12:38 09/07/19
900,63.7,24.880001,1019.1,5.0,4.12 16:17:55 09/07/19
850,58.8,24.835,1019.09,5.0,4.11 16:23:09 09/07/19
852,58.5,24.6,1019.11,5.0,4.11 16:28:25 09/07/19
873,57.8,24.314999,1019.03,5.0,4.11 16:33:39 09/07/19
873,60.2,24.195,1019.09,5.0,4.11 16:38:57 09/07/19
879,59.2,24.16,1019.05,4.35,4.2 16:44:12 09/07/19
879,58.1,24.195,1018.97,5.0,4.16 16:49:28 09/07/19
884,57.4,24.279999,1019.02,5.0,4.14 16:54:42 09/07/19
889,58.2,24.240002,1019.02,5.0,4.14 16:59:58 09/07/19
890,56.8,24.21,1018.88,5.0,4.13 17:05:16 09/07/19
878,61.3,24.305,1018.85,5.0,4.13 17:10:29 09/07/19
879,62.2,24.380001,1018.83,5.0,4.12 17:15:47 09/07/19
879,57.2,24.4,1018.85,5.0,4.13 17:21:02 09/07/19
878,57.3,24.335,1018.77,5.0,4.12 17:26:16 09/07/19
886,57.9,24.305,1018.7,5.0,4.11 17:31:34 09/07/19
888,55.4,24.220001,1018.67,5.0,4.11 17:36:49 09/07/19
872,55.4,24.150002,1018.65,5.0,4.11 17:42:05 09/07/19
872,55.1,24.11,1018.62,5.0,4.1 17:47:21 09/07/19
885,53.5,24.02,1018.66,4.4,4.21 17:52:36 09/07/19
862,56.8,24.045,1018.64,5.0,4.16 17:57:52 09/07/19
865,56.4,23.935,1018.6,5.0,4.14 18:03:08 09/07/19
861,54.2,23.81,1018.63,5.0,4.14 18:08:24 09/07/19
855,55.8,23.57,1018.61,5.0,4.13 18:13:39 09/07/19
858,57.1,23.439999,1018.61,5.0,4.13 18:18:53 09/07/19
853,57.3,23.345,1018.57,5.0,4.12 18:24:10 09/07/19
858,57.2,23.17,1018.47,5.0,4.12 18:29:26 09/07/19
864,57.0,23.150002,1018.42,5.0,4.12 18:34:40 09/07/19
862,56.4,23.21,1018.4,5.0,4.11 18:39:57 09/07/19
856,55.9,23.215,1018.44,5.0,4.11 18:45:11 09/07/19
841,57.5,23.055,1018.51,5.0,4.1 18:50:28 09/07/19
838,56.1,22.95,1018.56,5.0,4.1 18:55:42 09/07/19
845,56.4,22.855,1018.6,4.23,4.14 19:00:57 09/07/19
846,56.9,22.83,1018.58,5.0,4.16 19:06:14 09/07/19
847,56.3,22.765,1018.67,5.0,4.14 19:11:30 09/07/19
837,56.8,22.745,1018.62,5.0,4.14 19:16:45 09/07/19
826,56.2,22.735,1018.59,5.0,4.13 19:22:01 09/07/19
819,57.2,22.650002,1018.6,5.0,4.13 19:27:16 09/07/19
820,57.2,22.54,1018.66,5.0,4.12 19:32:30 09/07/19
822,57.8,22.395,1018.64,5.0,4.12 19:37:47 09/07/19
819,57.9,22.355,1018.61,5.0,4.11 19:43:06 09/07/19
816,56.9,22.325,1018.56,5.0,4.11 19:48:27 09/07/19
814,57.0,22.119999,1018.51,5.0,4.11 19:53:42 09/07/19
807,57.3,22.0,1018.42,4.17,4.12 19:58:57 09/07/19
805,57.2,21.955,1018.46,5.0,4.18 20:04:16 09/07/19
796,57.5,21.884998,1018.35,5.0,4.15 20:09:35 09/07/19
775,58.1,21.795,1018.43,5.0,4.14 20:14:52 09/07/19
769,57.8,21.745,1018.41,5.0,4.13 20:20:08 09/07/19
758,57.7,21.57,1018.41,5.0,4.12 20:25:22 09/07/19
787,57.8,21.41,1018.5,5.0,4.12 20:30:37 09/07/19
775,58.4,21.349998,1018.55,5.0,4.12 20:35:53 09/07/19
753,58.5,21.29,1018.58,5.0,4.11 20:41:09 09/07/19
738,58.1,21.205,1018.54,5.0,4.11 20:46:23 09/07/19
726,58.1,21.1,1018.55,4.94,4.11 20:51:39 09/07/19
709,58.1,20.965,1018.64,5.0,4.11 20:56:54 09/07/19
700,58.1,20.785,1018.61,5.0,4.12 21:02:09 09/07/19
685,58.1,20.615,1018.61,4.65,4.12 21:07:25 09/07/19
677,58.5,20.485,1018.67,4.37,4.12 21:12:40 09/07/19
665,58.5,20.285,1018.72,5.0,4.11 21:17:54 09/07/19
658,58.8,20.105,1018.76,5.0,4.11 21:23:09 09/07/19
646,59.0,19.970001,1018.8,5.0,4.11 21:28:24 09/07/19
635,59.8,19.810001,1018.86,4.97,4.11 21:33:39 09/07/19
612,60.0,19.635,1018.93,4.29,4.11 21:38:52 09/07/19
588,59.8,19.515,1018.91,4.39,4.1 21:44:09 09/07/19
556,60.4,19.4,1018.98,4.2,4.1 21:49:25 09/07/19
520,60.7,19.285,1018.97,3.92,4.1 21:54:40 09/07/19
482,61.5,19.165,1019.03,3.28,4.09 21:59:54 09/07/19
448,61.4,19.0,1019.13,2.66,4.09 22:05:09 09/07/19
414,62.3,18.83,1019.26,2.09,4.09 22:10:24 09/07/19
378,61.6,18.71,1019.29,1.45,4.08 22:15:38 09/07/19
346,63.1,18.535,1019.28,0.87,4.08 22:20:53 09/07/19
320,63.6,18.415,1019.32,0.5,4.08 22:26:09 09/07/19
299,63.9,18.295,1019.35,0.27,4.08 22:31:23 09/07/19
281,64.5,18.185001,1019.33,0.14,4.08 22:36:37 09/07/19
266,65.3,18.01,1019.32,0.06,4.07 22:41:52 09/07/19
254,66.0,17.84,1019.38,0.03,4.07 22:47:07 09/07/19
244,66.0,17.715,1019.37,0.01,4.07 22:52:22 09/07/19
236,66.1,17.615,1019.44,0.0,4.07 22:57:36 09/07/19
230,66.2,17.445,1019.43,0.0,4.07 23:02:49 09/07/19
224,67.0,17.32,1019.47,0.0,4.08 23:08:05 09/07/19
220,66.4,17.205,1019.53,0.0,4.07 23:13:21 09/07/19
217,67.1,17.085,1019.54,0.0,4.06 23:18:35 09/07/19
215,67.2,16.92,1019.43,0.0,4.06 23:23:49 09/07/19
213,66.1,16.810001,1019.45,0.0,4.06 23:29:04 09/07/19
211,66.7,16.64,1019.41,0.0,4.06 23:34:18 09/07/19
210,66.2,16.515,1019.4,0.0,4.06 23:39:33 09/07/19
209,66.9,16.4,1019.43,0.0,4.06 23:44:47 09/07/19
208,67.4,16.235,1019.51,0.0,4.05 23:50:02 09/07/19
207,67.0,16.115,1019.51,0.0,4.05 23:55:16 09/07/19
