206,67.6,15.950001,1019.53,0.0,4.05 00:00:34 10/07/19
206,67.2,15.885,1019.51,0.0,4.05 00:05:53 10/07/19
205,66.4,15.735001,1019.58,0.0,4.05 00:11:08 10/07/19
204,68.6,15.625,1019.6,0.0,4.05 00:16:22 10/07/19
203,66.7,15.514999,1019.58,0.0,4.05 00:21:40 10/07/19
204,67.1,15.344999,1019.54,0.0,4.05 00:26:59 10/07/19
203,67.2,15.29,1019.53,0.0,4.05 00:32:14 10/07/19
202,67.6,15.13,1019.57,0.0,4.04 00:37:33 10/07/19
202,67.6,15.035,1019.53,0.0,4.04 00:42:51 10/07/19
202,67.8,14.934999,1019.55,0.0,4.04 00:48:06 10/07/19
201,67.5,14.825,1019.54,0.0,4.04 00:53:19 10/07/19
201,68.1,14.72,1019.52,0.0,4.04 00:58:33 10/07/19
201,68.1,14.605,1019.5,0.0,4.04 01:03:48 10/07/19
200,68.2,14.450001,1019.57,0.0,4.04 01:09:02 10/07/19
200,67.9,14.4,1019.61,0.0,4.04 01:14:15 10/07/19
200,68.5,14.29,1019.51,0.0,4.04 01:19:30 10/07/19
199,68.7,14.139999,1019.58,0.0,4.04 01:24:44 10/07/19
199,69.0,14.045,1019.65,0.0,4.03 01:29:58 10/07/19
197,70.3,13.940001,1019.63,0.0,4.03 01:35:16 10/07/19
198,71.0,13.905001,1019.65,0.0,4.03 01:40:35 10/07/19
197,70.4,13.765,1019.67,0.0,4.03 01:45:49 10/07/19
197,70.7,13.73,1019.75,0.0,4.03 01:51:03 10/07/19
196,70.8,13.639999,1019.73,0.0,4.03 01:56:17 10/07/19
196,71.8,13.555,1019.67,0.0,4.03 02:01:31 10/07/19
195,71.3,13.514999,1019.67,0.0,4.03 02:06:49 10/07/19
195,72.4,13.43,1019.69,0.0,4.03 02:12:07 10/07/19
194,70.8,13.34,1019.72,0.0,4.03 02:17:23 10/07/19
194,71.8,13.245001,1019.66,0.0,4.02 02:22:37 10/07/19
193,71.7,13.21,1019.74,0.0,4.03 02:27:51 10/07/19
193,72.3,13.12,1019.78,0.0,4.02 02:33:05 10/07/19
193,72.6,13.04,1019.73,0.0,4.02 02:38:19 10/07/19
193,72.6,13.014999,1019.74,0.0,4.03 02:43:33 10/07/19
192,74.5,12.945,1019.82,0.0,4.02 02:48:46 10/07/19
191,74.7,12.934999,1019.76,0.0,4.02 02:54:00 10/07/19
191,74.2,12.93,1019.81,0.0,4.02 02:59:14 10/07/19
191,74.5,12.92,1019.77,0.0,4.02 03:04:28 10/07/19
191,75.6,12.9,1019.73,0.0,4.02 03:09:40 10/07/19
192,75.9,12.835,1019.72,0.0,4.02 03:14:56 10/07/19
195,75.4,12.825,1019.66,0.0,4.02 03:20:10 10/07/19
196,76.4,12.815001,1019.62,0.0,4.02 03:25:24 10/07/19
195,76.8,12.825,1019.61,0.0,4.01 03:30:41 10/07/19
194,77.6,12.885,1019.58,0.0,4.02 03:36:01 10/07/19
194,79.2,12.9,1019.6,0.0,4.02 03:41:14 10/07/19
195,77.6,12.895,1019.54,0.0,4.02 03:46:28 10/07/19
196,79.8,12.905001,1019.58,0.0,4.01 03:51:42 10/07/19
197,79.7,12.91,1019.52,0.0,4.01 03:56:56 10/07/19
198,78.5,12.92,1019.54,0.0,4.01 04:02:10 10/07/19
199,80.7,12.934999,1019.48,0.0,4.01 04:07:24 10/07/19
199,82.3,12.945,1019.5,0.0,4.01 04:12:38 10/07/19
201,81.0,13.004999,1019.51,0.0,4.01 04:17:50 10/07/19
204,81.6,13.01,1019.56,0.0,4.01 04:23:09 10/07/19
210,79.5,13.065001,1019.39,0.0,4.01 04:28:29 10/07/19
216,81.1,13.02,1019.43,0.0,4.01 04:33:43 10/07/19
223,82.2,13.025,1019.34,0.01,4.01 04:38:56 10/07/19
233,82.6,13.03,1019.32,0.04,4.01 04:44:10 10/07/19
245,82.5,13.09,1019.44,0.09,4.01 04:49:24 10/07/19
260,82.4,13.1,1019.44,0.18,4.01 04:54:38 10/07/19
278,80.9,13.115,1019.34,0.33,4.01 04:59:52 10/07/19
300,81.5,13.12,1019.36,0.59,4.01 05:05:06 10/07/19
327,80.4,13.18,1019.34,0.98,4.01 05:10:20 10/07/19
360,83.5,13.200001,1019.32,1.55,4.01 05:15:34 10/07/19
397,84.8,13.205,1019.32,2.2,4.01 05:20:48 10/07/19
435,83.3,13.215,1019.35,3.1,4.01 05:26:02 10/07/19
464,81.7,13.215,1019.32,3.43,4.01 05:31:16 10/07/19
497,86.4,13.215,1019.44,3.84,4.01 05:36:30 10/07/19
526,84.1,13.200001,1019.42,4.14,4.01 05:41:44 10/07/19
554,85.3,13.190001,1019.4,4.14,4.01 05:46:58 10/07/19
579,84.2,13.105,1019.45,4.25,4.0 05:52:15 10/07/19
603,88.8,13.02,1019.42,4.66,4.01 05:57:35 10/07/19
619,85.6,12.934999,1019.45,4.94,4.01 06:02:49 10/07/19
636,83.7,12.915,1019.45,4.32,4.01 06:08:03 10/07/19
652,86.6,12.9,1019.47,4.8,4.01 06:13:16 10/07/19
667,87.6,12.91,1019.38,4.98,4.01 06:18:30 10/07/19
687,89.2,12.925,1019.49,4.11,4.01 06:23:44 10/07/19
692,88.6,12.99,1019.42,4.85,4.01 06:28:58 10/07/19
707,87.7,13.025,1019.37,4.22,4.01 06:34:12 10/07/19
736,84.7,13.110001,1019.44,4.86,4.02 06:39:26 10/07/19
751,90.5,13.205,1019.47,5.0,4.02 06:44:40 10/07/19
744,83.9,13.305,1019.44,5.0,4.02 06:49:52 10/07/19
728,84.9,13.405001,1019.46,5.0,4.02 06:55:08 10/07/19
738,85.2,13.495,1019.56,4.14,4.03 07:00:22 10/07/19
741,83.9,13.52,1019.51,4.34,4.02 07:05:36 10/07/19
767,84.2,13.585,1019.38,4.09,4.03 07:10:50 10/07/19
837,86.0,13.605,1019.27,5.0,4.03 07:16:04 10/07/19
821,86.5,13.695,1019.3,5.0,4.04 07:21:18 10/07/19
826,87.2,13.885,1019.4,4.18,4.04 07:26:32 10/07/19
844,86.7,14.08,1019.4,4.18,4.04 07:31:46 10/07/19
856,86.6,14.264999,1019.28,4.19,4.07 07:37:01 10/07/19
859,86.5,14.485,1019.3,4.83,4.07 07:42:14 10/07/19
858,87.1,14.764999,1019.34,4.53,4.07 07:47:28 10/07/19
831,86.9,15.045,1019.29,5.0,4.08 07:52:43 10/07/19
808,85.0,15.309999,1019.22,5.0,4.09 07:57:57 10/07/19
833,85.3,15.5,1019.31,4.23,4.09 08:03:11 10/07/19
875,84.6,15.82,1019.34,4.49,4.13 08:08:29 10/07/19
878,85.0,16.595,1019.27,4.33,4.18 08:13:48 10/07/19
875,85.2,17.435001,1019.41,5.0,4.12 08:19:04 10/07/19
875,81.5,18.099998,1019.43,5.0,4.1 08:24:18 10/07/19
875,82.1,18.51,1019.42,4.22,4.12 08:29:32 10/07/19
878,81.3,18.869999,1019.43,5.0,4.15 08:34:47 10/07/19
878,81.1,19.195,1019.52,5.0,4.12 08:40:02 10/07/19
881,80.5,19.4,1019.54,5.0,4.11 08:45:18 10/07/19
881,79.6,19.43,1019.55,5.0,4.1 08:50:33 10/07/19
883,79.3,19.36,1019.59,5.0,4.14 08:55:47 10/07/19
883,78.8,19.325,1019.46,5.0,4.15 09:01:02 10/07/19
889,78.7,19.23,1019.37,5.0,4.13 09:06:17 10/07/19
886,79.5,19.154999,1019.36,5.0,4.12 09:11:32 10/07/19
883,79.0,19.195,1019.39,5.0,4.12 09:16:47 10/07/19
891,78.2,19.05,1019.36,5.0,4.11 09:22:05 10/07/19
892,80.0,19.02,1019.31,5.0,4.11 09:27:25 10/07/19
890,79.4,19.1,1019.27,4.26,4.17 09:32:40 10/07/19
892,79.1,19.275,1019.24,5.0,4.15 09:37:55 10/07/19
892,78.7,19.31,1019.23,5.0,4.13 09:43:10 10/07/19
891,78.5,19.42,1019.25,5.0,4.12 09:48:28 10/07/19
897,78.0,19.505001,1019.08,5.0,4.12 09:53:49 10/07/19
892,78.8,19.494999,1019.01,5.0,4.12 09:59:03 10/07/19
894,79.3,19.650002,1019.02,5.0,4.11 10:04:18 10/07/19
893,77.3,19.84,1018.88,5.0,4.11 10:09:33 10/07/19
900,78.3,19.99,1018.88,5.0,4.1 10:14:48 10/07/19
900,77.2,20.135,1018.79,4.37,4.21 10:20:03 10/07/19
901,77.6,20.255,1018.89,5.0,4.15 10:25:18 10/07/19
900,76.0,20.365,1018.96,5.0,4.14 10:30:33 10/07/19
901,77.1,20.39,1018.99,5.0,4.13 10:35:49 10/07/19
899,76.2,20.57,1019.04,5.0,4.12 10:41:04 10/07/19
900,76.4,20.744999,1018.97,5.0,4.12 10:46:18 10/07/19
904,76.7,20.95,1019.05,5.0,4.11 10:51:33 10/07/19
900,74.7,21.14,1019.04,5.0,4.11 10:56:48 10/07/19
902,74.3,21.25,1018.96,5.0,4.11 11:02:04 10/07/19
903,73.1,21.335,1018.99,5.0,4.1 11:07:19 10/07/19
902,74.1,21.275,1018.94,5.0,4.21 11:12:35 10/07/19
902,74.4,21.465,1018.98,5.0,4.15 11:17:49 10/07/19
883,75.0,21.630001,1018.86,5.0,4.14 11:23:08 10/07/19
901,71.2,21.735,1018.86,5.0,4.13 11:28:28 10/07/19
903,70.5,21.845001,1018.86,5.0,4.12 11:33:44 10/07/19
888,72.6,21.945,1018.84,5.0,4.12 11:39:00 10/07/19
902,63.8,21.805,1018.79,5.0,4.12 11:44:14 10/07/19
902,70.5,21.875,1018.75,5.0,4.11 11:49:33 10/07/19
892,71.9,22.11,1018.72,5.0,4.11 11:54:54 10/07/19
900,70.0,22.314999,1018.7,5.0,4.1 12:00:09 10/07/19
894,71.2,22.51,1018.72,4.4,4.22 12:05:24 10/07/19
895,73.3,22.795,1018.66,5.0,4.15 12:10:40 10/07/19
890,71.0,22.939999,1018.6,5.0,4.14 12:15:55 10/07/19
886,72.1,23.11,1018.5,5.0,4.13 12:21:11 10/07/19
881,71.4,23.215,1018.46,5.0,4.13 12:26:26 10/07/19
874,69.0,23.224998,1018.49,5.0,4.12 12:31:42 10/07/19
874,70.8,23.145,1018.48,5.0,4.12 12:36:57 10/07/19
865,68.7,23.125,1018.46,5.0,4.12 12:42:13 10/07/19
860,70.1,23.055,1018.47,5.0,4.11 12:47:28 10/07/19
869,69.0,22.955,1018.5,5.0,4.11 12:52:44 10/07/19
870,66.1,22.855,1018.47,5.0,4.11 12:57:59 10/07/19
869,65.8,22.7,1018.42,4.27,4.17 13:03:15 10/07/19
870,66.2,22.68,1018.43,5.0,4.16 13:08:30 10/07/19
872,67.5,22.675,1018.43,5.0,4.14 13:13:46 10/07/19
884,69.5,22.67,1018.33,5.0,4.13 13:19:01 10/07/19
886,70.5,22.77,1018.26,5.0,4.13 13:24:20 10/07/19
889,69.6,23.01,1018.16,5.0,4.12 13:29:41 10/07/19
890,70.2,23.16,1018.07,5.0,4.12 13:34:57 10/07/19
893,68.9,23.355,1018.01,5.0,4.12 13:40:12 10/07/19
892,66.5,23.455,1018.03,5.0,4.11 13:45:27 10/07/19
886,66.0,23.49,1017.96,5.0,4.11 13:50:43 10/07/19
884,64.1,23.5,1017.99,5.0,4.11 13:55:58 10/07/19
890,66.5,23.630001,1017.96,5.0,4.1 14:01:15 10/07/19
890,66.3,23.735,1017.85,4.38,4.22 14:06:30 10/07/19
890,68.2,23.869999,1017.86,5.0,4.16 14:11:45 10/07/19
889,67.8,24.055,1017.83,5.0,4.14 14:17:01 10/07/19
886,64.7,24.17,1017.75,5.0,4.14 14:22:17 10/07/19
882,65.6,24.25,1017.75,5.0,4.13 14:27:32 10/07/19
879,63.3,24.17,1017.72,5.0,4.13 14:32:49 10/07/19
886,64.4,24.165,1017.68,5.0,4.12 14:38:04 10/07/19
903,63.0,24.265,1017.64,5.0,4.12 14:43:20 10/07/19
895,63.8,24.55,1017.63,5.0,4.11 14:48:35 10/07/19
887,63.1,24.73,1017.64,5.0,4.11 14:53:52 10/07/19
886,63.2,24.68,1017.55,5.0,4.11 14:59:07 10/07/19
881,63.2,24.68,1017.54,5.0,4.11 15:04:23 10/07/19
889,64.8,24.75,1017.55,4.35,4.2 15:09:38 10/07/19
868,62.2,24.785,1017.54,5.0,4.16 15:14:54 10/07/19
862,60.1,24.64,1017.56,5.0,4.14 15:20:11 10/07/19
864,62.4,24.494999,1017.62,5.0,4.14 15:25:26 10/07/19
869,64.2,24.404999,1017.47,5.0,4.13 15:30:42 10/07/19
867,62.8,24.404999,1017.54,5.0,4.13 15:35:57 10/07/19
862,63.5,24.4,1017.44,5.0,4.12 15:41:14 10/07/19
867,63.0,24.325,1017.39,5.0,4.12 15:46:29 10/07/19
860,63.7,24.314999,1017.39,5.0,4.12 15:51:45 10/07/19
850,63.4,24.279999,1017.33,5.0,4.11 15:57:00 10/07/19
826,63.8,24.195,1017.33,5.0,4.11 16:02:17 10/07/19
830,63.7,24.115,1017.28,5.0,4.1 16:07:32 10/07/19
833,64.4,24.07,1017.2,4.22,4.14 16:12:51 10/07/19
848,64.6,23.945,1017.18,5.0,4.16 16:18:12 10/07/19
869,64.5,23.93,1017.13,5.0,4.15 16:23:27 10/07/19
875,65.3,23.994999,1017.12,5.0,4.14 16:28:44 10/07/19
887,64.7,24.029999,1017.06,5.0,4.13 16:33:59 10/07/19
870,65.6,24.119999,1017.02,5.0,4.13 16:39:14 10/07/19
873,65.0,24.08,1017.02,5.0,4.12 16:44:30 10/07/19
867,65.7,24.220001,1017.0,5.0,4.12 16:49:46 10/07/19
861,65.6,24.32,1017.04,5.0,4.11 16:55:05 10/07/19
868,66.2,24.470001,1016.97,5.0,4.11 17:00:26 10/07/19
864,66.0,24.52,1017.0,5.0,4.05 17:05:42 10/07/19
865,65.1,24.605,1017.0,5.0,4.11 17:10:57 10/07/19
854,65.4,24.625,1016.91,5.0,4.11 17:16:13 10/07/19
848,64.8,24.630001,1016.88,4.51,4.14 17:21:30 10/07/19
850,63.4,24.535,1016.83,5.0,4.16 17:26:45 10/07/19
848,64.5,24.404999,1016.82,5.0,4.14 17:32:04 10/07/19
842,62.8,24.355,1016.8,5.0,4.14 17:37:25 10/07/19
836,64.2,24.240002,1016.74,5.0,4.13 17:42:41 10/07/19
841,64.5,24.16,1016.67,5.0,4.13 17:47:56 10/07/19
844,64.1,24.135,1016.73,5.0,4.12 17:53:13 10/07/19
846,64.9,24.135,1016.64,5.0,4.12 17:58:28 10/07/19
842,65.0,24.145,1016.67,5.0,4.11 18:03:43 10/07/19
836,64.8,24.14,1016.69,5.0,4.11 18:08:59 10/07/19
847,64.3,24.14,1016.62,5.0,4.11 18:14:15 10/07/19
832,65.5,24.14,1016.54,4.31,4.14 18:19:34 10/07/19
829,64.9,24.21,1016.52,5.0,4.17 18:24:55 10/07/19
808,66.0,24.165,1016.49,5.0,4.15 18:30:14 10/07/19
808,65.1,24.154999,1016.44,5.0,4.14 18:35:35 10/07/19
804,65.1,24.064999,1016.42,5.0,4.13 18:40:54 10/07/19
807,65.0,23.974998,1016.38,5.0,4.13 18:46:15 10/07/19
813,65.9,23.89,1016.37,5.0,4.12 18:51:31 10/07/19
811,66.2,23.865,1016.3,5.0,4.12 18:56:46 10/07/19
811,66.1,23.845,1016.26,5.0,4.12 19:02:00 10/07/19
811,66.5,23.76,1016.23,5.0,4.11 19:07:16 10/07/19
802,65.7,23.68,1016.18,5.0,4.11 19:12:34 10/07/19
792,66.0,23.58,1016.17,5.0,4.11 19:17:49 10/07/19
779,66.2,23.54,1016.11,4.27,4.1 19:23:04 10/07/19
766,65.8,23.39,1016.1,5.0,4.14 19:28:20 10/07/19
786,66.3,23.3,1016.05,5.0,4.17 19:33:35 10/07/19
810,66.8,23.25,1016.0,5.0,4.15 19:38:52 10/07/19
800,67.1,23.175,1016.07,5.0,4.14 19:44:10 10/07/19
762,68.3,23.165,1016.08,5.0,4.14 19:49:31 10/07/19
737,68.4,23.075,1016.01,5.0,4.13 19:54:46 10/07/19
735,69.2,22.9,1015.97,5.0,4.13 20:00:02 10/07/19
738,70.2,22.720001,1015.96,5.0,4.12 20:05:17 10/07/19
737,68.7,22.654999,1016.0,5.0,4.12 20:10:33 10/07/19
739,72.1,22.49,1016.04,5.0,4.12 20:15:47 10/07/19
743,71.1,22.38,1015.99,5.0,4.11 20:21:04 10/07/19
724,70.7,22.275002,1015.97,4.17,4.11 20:26:19 10/07/19
719,73.9,22.19,1015.88,4.63,4.12 20:31:34 10/07/19
717,74.5,22.105,1015.86,5.0,4.13 20:36:50 10/07/19
710,75.6,22.015,1015.85,4.32,4.13 20:42:06 10/07/19
698,75.5,21.98,1015.78,5.0,4.13 20:47:20 10/07/19
704,77.3,21.89,1015.61,5.0,4.13 20:52:36 10/07/19
696,74.2,21.8,1015.63,5.0,4.14 20:57:51 10/07/19
667,76.4,21.635,1015.59,4.77,4.13 21:03:06 10/07/19
652,74.8,21.525,1015.56,5.0,4.13 21:08:21 10/07/19
639,78.5,21.435,1015.6,4.83,4.12 21:13:37 10/07/19
598,76.2,21.404999,1015.59,4.66,4.12 21:18:51 10/07/19
562,76.1,21.315,1015.57,4.26,4.12 21:24:07 10/07/19
