192,80.0,19.35,1010.76,0.0,4.06 00:05:06 12/07/19
190,81.0,19.32,1010.72,0.0,4.05 00:10:21 12/07/19
187,81.2,19.305,1010.73,0.0,4.05 00:15:36 12/07/19
185,81.3,19.28,1010.73,0.0,4.05 00:20:54 12/07/19
186,81.3,19.205,1010.66,0.0,4.05 00:26:15 12/07/19
183,81.5,19.125,1010.63,0.0,4.05 00:31:29 12/07/19
183,81.5,19.035,1010.66,0.0,4.05 00:36:44 12/07/19
180,82.2,19.0,1010.73,0.0,4.04 00:42:07 12/07/19
181,83.0,18.98,1010.63,0.0,4.05 00:47:23 12/07/19
182,83.1,18.845001,1010.69,0.0,4.05 00:52:37 12/07/19
181,83.7,18.765,1010.7,0.0,4.04 00:57:52 12/07/19
180,83.6,18.735,1010.73,0.0,4.04 01:03:07 12/07/19
179,84.1,18.654999,1010.7,0.0,4.04 01:08:21 12/07/19
177,84.3,18.619999,1010.64,0.0,4.04 01:13:36 12/07/19
177,84.0,18.54,1010.64,0.0,4.04 01:18:51 12/07/19
178,85.1,18.5,1010.68,0.0,4.04 01:24:06 12/07/19
180,85.8,18.43,1010.67,0.0,4.04 01:29:20 12/07/19
181,85.6,18.415,1010.72,0.0,4.04 01:34:35 12/07/19
179,85.2,18.404999,1010.62,0.0,4.04 01:39:50 12/07/19
176,87.2,18.345001,1010.61,0.0,4.04 01:45:05 12/07/19
173,87.3,18.34,1010.64,0.0,4.04 01:50:19 12/07/19
175,87.2,18.310001,1010.54,0.0,4.04 01:55:34 12/07/19
178,87.8,18.244999,1010.56,0.0,4.03 02:00:49 12/07/19
180,87.1,18.23,1010.57,0.0,4.03 02:06:04 12/07/19
178,88.6,18.220001,1010.55,0.0,4.03 02:11:18 12/07/19
175,88.7,18.220001,1010.49,0.0,4.03 02:16:33 12/07/19
174,89.0,18.21,1010.49,0.0,4.03 02:21:48 12/07/19
171,89.4,18.2,1010.42,0.0,4.03 02:27:06 12/07/19
171,89.5,18.135,1010.34,0.0,4.03 02:32:26 12/07/19
169,89.3,18.105,1010.31,0.0,4.03 02:37:41 12/07/19
170,89.7,18.015,1010.3,0.0,4.03 02:42:55 12/07/19
173,89.4,17.925,1010.3,0.0,4.03 02:48:10 12/07/19
173,90.1,17.85,1010.25,0.0,4.03 02:53:28 12/07/19
172,89.7,17.84,1010.28,0.0,4.03 02:58:48 12/07/19
171,90.6,17.82,1010.22,0.0,4.03 03:04:02 12/07/19
172,90.4,17.765,1010.18,0.0,4.03 03:09:17 12/07/19
174,90.6,17.8,1010.18,0.0,4.02 03:14:32 12/07/19
171,90.7,17.74,1010.06,0.0,4.03 03:19:46 12/07/19
170,90.8,17.735,1009.99,0.0,4.02 03:25:02 12/07/19
171,91.4,17.725,1010.05,0.0,4.02 03:30:16 12/07/19
172,90.9,17.725,1010.15,0.0,4.02 03:35:30 12/07/19
172,91.5,17.715,1010.13,0.0,4.02 03:40:46 12/07/19
169,91.3,17.71,1010.23,0.0,4.02 03:46:00 12/07/19
168,91.5,17.7,1010.23,0.0,4.02 03:51:14 12/07/19
170,91.3,17.685001,1010.32,0.0,4.02 03:56:29 12/07/19
168,90.6,17.615,1010.15,0.0,4.02 04:01:47 12/07/19
168,91.6,17.545,1010.18,0.0,4.02 04:07:07 12/07/19
169,91.8,17.51,1010.17,0.0,4.02 04:12:21 12/07/19
169,91.8,17.425,1010.01,0.0,4.02 04:17:36 12/07/19
172,91.7,17.325,1009.94,0.0,4.02 04:22:51 12/07/19
175,91.7,17.23,1009.95,0.0,4.02 04:28:06 12/07/19
179,91.7,17.125,1009.85,0.0,4.02 04:33:20 12/07/19
188,92.0,17.029999,1009.8,0.0,4.02 04:38:34 12/07/19
198,92.6,16.935,1009.84,0.02,4.02 04:43:49 12/07/19
210,91.8,16.83,1009.75,0.04,4.01 04:49:03 12/07/19
225,92.3,16.735,1009.73,0.1,4.01 04:54:18 12/07/19
242,92.2,16.64,1009.71,0.2,4.01 04:59:32 12/07/19
263,92.6,16.55,1009.76,0.39,4.01 05:04:47 12/07/19
289,91.9,16.505001,1009.71,0.7,4.01 05:10:01 12/07/19
320,92.5,16.41,1009.67,1.12,4.01 05:15:16 12/07/19
354,93.0,16.32,1009.69,1.66,4.01 05:20:31 12/07/19
393,94.1,16.24,1009.58,2.32,4.01 05:25:44 12/07/19
436,92.7,16.205,1009.58,3.07,3.98 05:30:59 12/07/19
469,93.1,16.125,1009.62,3.59,4.01 05:36:13 12/07/19
508,93.3,16.035,1009.63,4.08,4.01 05:41:28 12/07/19
552,93.0,16.0,1009.65,4.21,4.01 05:46:43 12/07/19
588,93.5,15.915001,1009.63,4.56,4.01 05:51:56 12/07/19
614,93.0,15.83,1009.56,4.13,4.01 05:57:11 12/07/19
642,93.5,15.795,1009.52,5.0,4.01 06:02:25 12/07/19
663,93.7,15.735001,1009.6,4.52,4.01 06:07:40 12/07/19
673,93.7,15.66,1009.58,5.0,4.01 06:12:54 12/07/19
676,94.0,15.65,1009.6,5.0,4.01 06:18:08 12/07/19
694,93.8,15.645,1009.62,5.0,4.01 06:23:26 12/07/19
703,94.0,15.64,1009.57,4.22,4.02 06:28:45 12/07/19
714,94.4,15.645,1009.52,5.0,4.01 06:34:00 12/07/19
728,94.3,15.65,1009.62,4.1,4.02 06:39:15 12/07/19
730,94.6,15.66,1009.58,5.0,4.02 06:44:28 12/07/19
727,94.4,15.725,1009.69,4.14,4.02 06:49:43 12/07/19
734,94.8,15.74,1009.77,4.15,4.03 06:54:58 12/07/19
745,94.8,15.805,1009.83,5.0,4.02 07:00:11 12/07/19
771,94.5,15.825001,1009.92,5.0,4.03 07:05:26 12/07/19
778,95.0,15.91,1009.99,4.65,4.04 07:10:40 12/07/19
785,94.0,16.01,1009.97,5.0,4.05 07:15:55 12/07/19
802,94.5,16.119999,1009.95,4.16,4.05 07:21:09 12/07/19
773,93.6,16.23,1009.9,4.54,4.05 07:26:23 12/07/19
785,95.9,16.345,1009.81,5.0,4.06 07:31:38 12/07/19
815,96.1,16.5,1009.9,4.14,4.06 07:36:52 12/07/19
797,97.2,16.615,1009.96,5.0,4.07 07:42:07 12/07/19
839,97.3,16.74,1010.08,5.0,4.08 07:47:21 12/07/19
796,98.0,16.92,1010.09,5.0,4.09 07:52:36 12/07/19
848,97.4,17.09,1010.09,4.21,4.11 07:57:51 12/07/19
852,95.1,17.41,1010.02,4.26,4.13 08:03:05 12/07/19
856,95.7,17.875,1010.13,5.0,4.17 08:08:19 12/07/19
858,94.2,18.295,1010.08,5.0,4.13 08:13:34 12/07/19
861,94.4,18.805,1010.13,5.0,4.11 08:18:49 12/07/19
864,93.5,19.3,1010.06,4.24,4.13 08:24:07 12/07/19
828,92.7,19.675,1010.15,5.0,4.14 08:29:28 12/07/19
840,92.1,19.720001,1010.14,5.0,4.12 08:34:43 12/07/19
852,92.9,19.650002,1010.09,5.0,4.11 08:39:57 12/07/19
858,92.9,19.695,1010.24,5.0,4.11 08:45:12 12/07/19
875,92.3,19.765,1010.26,4.25,4.15 08:50:27 12/07/19
867,92.5,19.805,1010.26,5.0,4.15 08:55:42 12/07/19
863,92.9,19.884998,1010.28,5.0,4.13 09:00:57 12/07/19
854,92.5,19.92,1010.27,5.0,4.13 09:06:12 12/07/19
846,92.6,19.99,1010.26,5.0,4.12 09:11:27 12/07/19
858,92.1,20.055,1010.29,5.0,4.11 09:16:42 12/07/19
887,92.2,20.14,1010.18,5.0,4.11 09:21:57 12/07/19
889,92.4,20.255001,1010.15,5.0,4.1 09:27:12 12/07/19
853,92.4,20.45,1010.14,4.24,4.14 09:32:27 12/07/19
893,91.9,20.55,1010.07,5.0,4.15 09:37:43 12/07/19
848,92.1,20.715,1010.04,5.0,4.14 09:42:58 12/07/19
897,91.8,20.814999,1010.02,5.0,4.13 09:48:12 12/07/19
853,91.7,20.975,1010.0,5.0,4.12 09:53:27 12/07/19
850,91.3,21.02,1009.92,5.0,4.12 09:58:46 12/07/19
898,91.5,21.11,1009.93,5.0,4.11 10:04:06 12/07/19
897,91.5,21.295,1010.03,5.0,4.11 10:09:21 12/07/19
890,91.5,21.55,1010.05,5.0,4.11 10:14:37 12/07/19
869,90.7,21.7,1010.09,5.0,4.1 10:19:52 12/07/19
868,91.0,21.814999,1010.09,4.26,4.16 10:25:07 12/07/19
860,90.6,21.92,1010.16,5.0,4.15 10:30:23 12/07/19
894,90.3,21.945,1010.18,5.0,4.14 10:35:38 12/07/19
893,90.1,22.035,1010.13,5.0,4.13 10:40:53 12/07/19
902,90.6,22.115,1010.15,5.0,4.12 10:46:08 12/07/19
892,88.0,22.369999,1009.99,5.0,4.12 10:51:24 12/07/19
903,90.5,22.585,1010.0,5.0,4.12 10:56:39 12/07/19
885,90.4,22.86,1009.96,5.0,4.11 11:01:55 12/07/19
904,89.4,23.085,1009.93,5.0,4.11 11:07:10 12/07/19
896,89.0,23.205,1009.95,5.0,4.11 11:12:26 12/07/19
863,86.8,23.380001,1009.98,4.25,4.16 11:17:41 12/07/19
820,83.6,23.265,1010.07,5.0,4.16 11:22:57 12/07/19
800,82.7,23.125,1010.15,5.0,4.14 11:28:12 12/07/19
771,84.4,22.86,1010.17,5.0,4.13 11:33:28 12/07/19
810,85.8,22.650002,1010.25,5.0,4.13 11:38:43 12/07/19
833,87.2,22.455,1010.21,5.0,4.12 11:43:59 12/07/19
858,88.1,22.31,1010.2,5.0,4.12 11:49:15 12/07/19
880,88.9,22.220001,1010.15,5.0,4.12 11:54:29 12/07/19
889,91.1,22.369999,1010.09,5.0,4.11 11:59:45 12/07/19
894,90.6,22.585,1010.09,5.0,4.11 12:05:00 12/07/19
902,91.4,22.96,1010.02,5.0,4.11 12:10:19 12/07/19
880,90.5,23.3,1010.0,4.32,4.19 12:15:40 12/07/19
881,90.8,23.585,1010.03,5.0,4.16 12:20:55 12/07/19
877,90.5,23.725,1010.09,5.0,4.14 12:26:11 12/07/19
899,90.7,23.885,1009.97,5.0,4.14 12:31:26 12/07/19
882,90.7,24.09,1009.91,5.0,4.13 12:36:43 12/07/19
826,89.2,24.205,1010.05,5.0,4.13 12:41:58 12/07/19
784,87.8,24.045,1009.91,5.0,4.12 12:47:13 12/07/19
832,88.9,23.83,1009.92,5.0,4.12 12:52:29 12/07/19
826,89.4,23.64,1009.91,5.0,4.11 12:57:45 12/07/19
821,89.2,23.455,1009.93,5.0,4.11 13:03:00 12/07/19
789,89.7,23.275002,1010.01,4.22,4.12 13:08:16 12/07/19
777,90.0,23.1,1010.11,4.31,4.16 13:13:31 12/07/19
666,90.5,23.029999,1010.48,5.0,4.16 13:18:47 12/07/19
701,90.7,22.545,1010.92,5.0,4.15 13:24:02 12/07/19
796,90.5,21.93,1010.97,5.0,4.18 13:29:18 12/07/19
818,90.6,21.39,1010.83,5.0,4.16 13:34:34 12/07/19
824,90.9,21.025,1010.88,5.0,4.15 13:39:48 12/07/19
832,91.9,20.605,1010.93,5.0,4.14 13:45:03 12/07/19
843,92.9,20.605,1010.86,5.0,4.14 13:50:18 12/07/19
854,93.1,20.67,1010.89,5.0,4.13 13:55:37 12/07/19
852,93.6,20.775002,1010.8,5.0,4.13 14:00:58 12/07/19
869,93.3,20.825,1010.69,5.0,4.12 14:06:12 12/07/19
879,94.2,21.055,1010.68,5.0,4.12 14:11:31 12/07/19
879,94.8,21.19,1010.66,5.0,4.11 14:16:51 12/07/19
860,96.2,21.474998,1010.62,5.0,4.11 14:22:06 12/07/19
883,95.0,21.68,1010.6,5.0,4.11 14:27:22 12/07/19
903,95.6,22.04,1010.52,5.0,4.11 14:32:38 12/07/19
903,95.0,22.425,1010.6,5.0,4.21 14:37:53 12/07/19
870,96.5,22.845,1010.56,5.0,4.16 14:43:06 12/07/19
864,94.5,23.095001,1010.64,5.0,4.14 14:48:23 12/07/19
883,94.7,23.19,1010.76,5.0,4.14 14:53:39 12/07/19
839,93.7,22.97,1010.74,5.0,4.13 14:58:54 12/07/19
825,93.7,22.85,1010.78,5.0,4.12 15:04:10 12/07/19
834,93.7,22.665,1010.87,5.0,4.12 15:09:25 12/07/19
848,94.0,22.555,1010.8,5.0,4.12 15:14:41 12/07/19
826,93.5,22.51,1010.76,5.0,4.11 15:19:56 12/07/19
857,93.8,22.4,1010.76,5.0,4.11 15:25:15 12/07/19
875,94.6,22.310001,1010.83,5.0,4.11 15:30:35 12/07/19
863,94.9,22.24,1010.82,5.0,4.11 15:35:49 12/07/19
856,95.7,22.16,1010.94,4.25,4.16 15:41:06 12/07/19
839,95.4,22.064999,1010.91,5.0,4.16 15:46:20 12/07/19
848,95.3,21.97,1010.85,5.0,4.14 15:51:37 12/07/19
856,95.6,21.795,1010.91,5.0,4.14 15:56:52 12/07/19
870,96.6,21.7,1010.83,5.0,4.13 16:02:11 12/07/19
860,95.5,21.744999,1010.74,5.0,4.12 16:07:30 12/07/19
855,96.9,21.83,1010.79,5.0,4.12 16:12:47 12/07/19
863,96.4,21.915,1010.92,5.0,4.12 16:18:02 12/07/19
827,95.9,21.875,1011.0,5.0,4.11 16:23:16 12/07/19
863,95.8,21.865002,1010.97,5.0,4.11 16:28:34 12/07/19
883,95.6,21.98,1011.06,5.0,4.11 16:33:48 12/07/19
886,95.4,22.115,1011.04,5.0,4.22 16:39:03 12/07/19
895,95.4,22.335,1011.12,5.0,4.15 16:44:22 12/07/19
887,93.3,22.505001,1011.07,5.0,4.14 16:49:42 12/07/19
852,94.6,22.630001,1011.11,5.0,4.13 16:54:58 12/07/19
835,92.7,22.64,1011.16,5.0,4.13 17:00:12 12/07/19
816,91.2,22.355,1011.26,5.0,4.12 17:05:29 12/07/19
817,91.8,22.009998,1011.24,5.0,4.12 17:10:44 12/07/19
849,92.6,21.865002,1011.31,5.0,4.12 17:15:59 12/07/19
805,93.0,21.825,1011.4,5.0,4.11 17:21:15 12/07/19
835,92.9,21.76,1011.46,5.0,4.11 17:26:31 12/07/19
858,93.3,21.8,1011.52,5.0,4.11 17:31:44 12/07/19
887,93.4,21.895,1011.46,5.0,4.1 17:37:01 12/07/19
887,92.7,22.09,1011.43,5.0,4.1 17:42:16 12/07/19
883,91.4,22.105,1011.38,4.4,4.21 17:47:32 12/07/19
863,91.5,22.220001,1011.5,5.0,4.15 17:52:47 12/07/19
879,91.2,22.235,1011.47,5.0,4.14 17:58:02 12/07/19
830,91.0,22.310001,1011.56,5.0,4.13 18:03:17 12/07/19
855,90.7,22.38,1011.65,5.0,4.13 18:08:33 12/07/19
874,91.0,22.38,1011.58,5.0,4.12 18:13:49 12/07/19
851,90.9,22.34,1011.58,5.0,4.12 18:19:03 12/07/19
819,89.7,22.215,1011.54,5.0,4.12 18:24:17 12/07/19
821,90.2,22.05,1011.53,5.0,4.11 18:29:34 12/07/19
818,89.2,21.92,1011.56,5.0,4.11 18:34:49 12/07/19
865,88.9,21.735,1011.68,5.0,4.11 18:40:03 12/07/19
865,90.1,21.654999,1011.72,4.29,4.17 18:45:21 12/07/19
846,89.3,21.715,1011.76,5.0,4.15 18:50:35 12/07/19
825,89.3,21.625,1011.87,5.0,4.14 18:55:50 12/07/19
865,90.1,21.6,1011.87,5.0,4.13 19:01:06 12/07/19
825,90.3,21.675,1011.81,5.0,4.13 19:06:22 12/07/19
831,89.6,21.68,1011.89,5.0,4.12 19:11:36 12/07/19
829,88.7,21.58,1011.92,5.0,4.12 19:16:55 12/07/19
819,88.4,21.51,1011.97,5.0,4.11 19:22:15 12/07/19
819,89.2,21.415,1012.03,5.0,4.11 19:27:30 12/07/19
816,88.5,21.235,1012.11,5.0,4.11 19:32:46 12/07/19
816,89.7,21.215,1012.2,4.22,4.13 19:38:02 12/07/19
815,90.1,21.220001,1012.25,5.0,4.15 19:43:16 12/07/19
808,89.8,21.235,1012.24,5.0,4.13 19:48:31 12/07/19
800,90.0,21.265,1012.3,5.0,4.12 19:53:50 12/07/19
796,89.8,21.16,1012.37,5.0,4.12 19:59:10 12/07/19
795,89.4,21.130001,1012.39,5.0,4.12 20:04:29 12/07/19
782,89.7,21.1,1012.48,5.0,4.11 20:09:49 12/07/19
775,89.3,21.0,1012.4,5.0,4.11 20:15:04 12/07/19
776,89.6,20.895,1012.46,5.0,4.12 20:20:23 12/07/19
768,90.0,20.815,1012.54,4.51,4.14 20:25:43 12/07/19
763,90.0,20.73,1012.64,5.0,4.17 20:30:58 12/07/19
768,90.1,20.720001,1012.69,5.0,4.17 20:36:13 12/07/19
759,90.3,20.705,1012.66,5.0,4.15 20:41:28 12/07/19
744,90.1,20.685001,1012.7,5.0,4.14 20:46:44 12/07/19
734,90.2,20.61,1012.73,5.0,4.14 20:51:59 12/07/19
723,90.3,20.52,1012.82,5.0,4.13 20:57:14 12/07/19
708,90.3,20.425,1012.89,5.0,4.13 21:02:29 12/07/19
695,90.4,20.3,1012.99,5.0,4.12 21:07:44 12/07/19
686,90.4,20.16,1013.04,5.0,4.12 21:12:59 12/07/19
663,90.3,20.04,1013.08,5.0,4.12 21:18:15 12/07/19
655,90.3,19.939999,1013.15,5.0,4.11 21:23:30 12/07/19
626,90.2,19.9,1013.17,5.0,4.11 21:28:45 12/07/19
595,90.4,19.744999,1013.19,4.82,4.11 21:33:59 12/07/19
574,90.4,19.71,1013.29,4.52,4.1 21:39:14 12/07/19
538,90.6,19.55,1013.3,4.23,4.1 21:44:29 12/07/19
502,90.3,19.515,1013.31,3.94,4.1 21:49:44 12/07/19
470,90.3,19.42,1013.42,3.46,4.09 21:54:59 12/07/19
437,90.3,19.305,1013.44,2.93,4.09 22:00:17 12/07/19
400,90.2,19.19,1013.55,2.4,4.09 22:05:38 12/07/19
362,90.3,19.015,1013.57,1.59,4.09 22:10:52 12/07/19
329,90.4,18.904999,1013.66,0.98,4.08 22:16:07 12/07/19
301,90.5,18.74,1013.76,0.57,4.08 22:21:21 12/07/19
279,90.7,18.625,1013.85,0.31,4.08 22:26:36 12/07/19
260,90.7,18.52,1013.88,0.17,4.08 22:31:52 12/07/19
245,91.2,18.415,1013.92,0.08,4.08 22:37:06 12/07/19
233,91.9,18.384998,1013.94,0.04,4.07 22:42:21 12/07/19
224,91.7,18.295,1013.97,0.02,4.07 22:47:35 12/07/19
216,92.0,18.220001,1014.06,0.01,4.07 22:52:50 12/07/19
210,92.7,18.195,1014.13,0.0,4.07 22:58:05 12/07/19
207,92.1,18.115,1014.23,0.0,4.07 23:03:19 12/07/19
203,92.7,18.025,1014.26,0.0,4.07 23:08:35 12/07/19
201,92.1,17.994999,1014.26,0.0,4.07 23:13:49 12/07/19
199,93.8,17.915,1014.3,0.0,4.06 23:19:03 12/07/19
198,93.1,17.85,1014.37,0.0,4.06 23:24:19 12/07/19
197,93.4,17.83,1014.36,0.0,4.06 23:29:33 12/07/19
196,93.7,17.76,1014.32,0.0,4.06 23:34:47 12/07/19
195,92.6,17.735,1014.35,0.0,4.06 23:40:02 12/07/19
193,93.7,17.725,1014.46,0.0,4.05 23:45:20 12/07/19
193,93.5,17.720001,1014.41,0.0,4.06 23:50:40 12/07/19
193,93.4,17.645,1014.42,0.0,4.05 23:55:54 12/07/19
