189,88.0,20.525,1011.14,0.0,4.06 00:04:13 19/07/19
187,90.3,20.51,1011.11,0.0,4.06 00:09:32 19/07/19
187,90.6,20.494999,1011.18,0.0,4.06 00:14:53 19/07/19
185,89.4,20.48,1011.21,0.0,4.06 00:20:07 19/07/19
184,90.6,20.41,1011.22,0.0,4.06 00:25:22 19/07/19
185,89.8,20.33,1011.22,0.0,4.06 00:30:37 19/07/19
185,89.3,20.295,1011.23,0.0,4.06 00:35:52 19/07/19
185,90.3,20.28,1011.22,0.0,4.06 00:41:07 19/07/19
185,90.9,20.215,1011.26,0.0,4.06 00:46:22 19/07/19
184,89.1,20.195,1011.27,0.0,4.05 00:51:37 19/07/19
183,89.0,20.19,1011.31,0.0,4.05 00:56:52 19/07/19
183,90.0,20.18,1011.23,0.0,4.05 01:02:07 19/07/19
182,91.2,20.175,1011.21,0.0,4.05 01:07:22 19/07/19
182,90.0,20.125,1011.27,0.0,4.05 01:12:36 19/07/19
181,91.7,20.115,1011.25,0.0,4.05 01:17:53 19/07/19
181,92.1,20.115,1011.26,0.0,4.05 01:23:08 19/07/19
180,91.8,20.11,1011.23,0.0,4.05 01:28:23 19/07/19
179,91.2,20.1,1011.26,0.0,4.05 01:33:38 19/07/19
178,92.3,20.09,1011.34,0.0,4.05 01:38:54 19/07/19
176,91.6,20.095001,1011.3,0.0,4.04 01:44:11 19/07/19
177,92.2,20.095001,1011.32,0.0,4.04 01:49:31 19/07/19
177,92.6,20.09,1011.37,0.0,4.04 01:54:46 19/07/19
176,91.4,20.025,1011.36,0.0,4.04 02:00:01 19/07/19
176,92.8,20.01,1011.31,0.0,4.04 02:05:16 19/07/19
175,91.3,20.005001,1011.36,0.0,4.04 02:10:31 19/07/19
175,92.7,19.99,1011.4,0.0,4.04 02:15:47 19/07/19
175,93.2,19.985,1011.49,0.0,4.04 02:21:02 19/07/19
175,91.8,19.93,1011.5,0.0,4.04 02:26:17 19/07/19
175,92.6,19.915,1011.44,0.0,4.04 02:31:32 19/07/19
175,93.3,19.91,1011.5,0.0,4.04 02:36:47 19/07/19
174,92.9,19.904999,1011.47,0.0,4.04 02:42:03 19/07/19
174,93.6,19.895,1011.53,0.0,4.04 02:47:17 19/07/19
173,92.1,19.875,1011.53,0.0,4.03 02:52:31 19/07/19
173,92.5,19.815,1011.55,0.0,4.03 02:57:46 19/07/19
172,92.8,19.79,1011.5,0.0,4.03 03:03:01 19/07/19
173,93.1,19.725,1011.47,0.0,4.03 03:08:16 19/07/19
174,92.0,19.715,1011.55,0.0,4.03 03:13:31 19/07/19
175,92.4,19.695,1011.55,0.0,4.03 03:18:46 19/07/19
175,93.0,19.68,1011.58,0.0,4.03 03:24:01 19/07/19
174,92.8,19.67,1011.56,0.0,4.03 03:29:16 19/07/19
174,92.8,19.615,1011.6,0.0,4.03 03:34:30 19/07/19
173,93.7,19.6,1011.61,0.0,4.03 03:39:46 19/07/19
173,93.6,19.585,1011.69,0.0,4.03 03:45:00 19/07/19
174,92.5,19.525,1011.63,0.0,4.03 03:50:15 19/07/19
171,93.4,19.515,1011.61,0.0,4.03 03:55:30 19/07/19
171,93.3,19.494999,1011.64,0.0,4.03 04:00:45 19/07/19
169,92.9,19.43,1011.72,0.0,4.03 04:06:01 19/07/19
168,94.6,19.41,1011.78,0.0,4.03 04:11:15 19/07/19
167,93.6,19.384998,1011.75,0.0,4.03 04:16:30 19/07/19
167,92.8,19.325,1011.8,0.0,4.02 04:21:45 19/07/19
168,93.5,19.295,1011.74,0.0,4.02 04:27:00 19/07/19
170,93.4,19.205,1011.66,0.0,4.02 04:32:16 19/07/19
173,93.2,19.1,1011.64,0.0,4.02 04:37:29 19/07/19
178,93.1,18.994999,1011.55,0.0,4.02 04:42:44 19/07/19
184,94.0,18.904999,1011.61,0.01,4.02 04:48:01 19/07/19
191,93.7,18.815,1011.64,0.02,4.02 04:53:14 19/07/19
201,93.9,18.705,1011.66,0.05,4.02 04:58:32 19/07/19
215,93.8,18.605,1011.71,0.11,4.02 05:03:53 19/07/19
233,93.4,18.5,1011.71,0.23,4.02 05:09:07 19/07/19
255,93.9,18.345001,1011.69,0.44,4.02 05:14:21 19/07/19
280,93.7,18.244999,1011.72,0.81,4.02 05:19:36 19/07/19
313,93.7,18.15,1011.71,1.42,4.02 05:24:51 19/07/19
354,95.2,18.115,1011.7,2.17,4.02 05:30:09 19/07/19
400,94.0,18.1,1011.74,3.08,4.02 05:35:29 19/07/19
446,93.7,18.029999,1011.75,3.77,4.02 05:40:44 19/07/19
497,94.3,18.0,1011.84,4.08,4.01 05:45:58 19/07/19
525,94.1,17.915,1011.77,4.12,4.01 05:51:13 19/07/19
560,93.8,17.8,1011.75,4.51,4.01 05:56:27 19/07/19
597,94.3,17.64,1011.75,4.43,4.01 06:01:43 19/07/19
624,94.1,17.535,1011.7,5.0,4.02 06:06:57 19/07/19
646,94.4,17.435,1011.79,4.39,4.02 06:12:11 19/07/19
666,94.7,17.34,1011.86,4.15,4.02 06:17:26 19/07/19
685,94.6,17.244999,1011.91,5.0,4.02 06:22:40 19/07/19
705,95.2,17.220001,1011.91,5.0,4.02 06:27:54 19/07/19
719,95.7,17.205,1011.96,5.0,4.02 06:33:13 19/07/19
730,94.8,17.235,1012.0,5.0,4.02 06:38:33 19/07/19
741,95.6,17.310001,1011.99,5.0,4.03 06:43:47 19/07/19
749,94.8,17.395,1011.98,4.09,4.04 06:49:03 19/07/19
774,95.2,17.494999,1011.99,4.1,4.05 06:54:16 19/07/19
780,95.1,17.615,1012.06,4.17,4.06 06:59:31 19/07/19
784,95.4,17.71,1012.02,4.17,4.06 07:04:49 19/07/19
779,95.5,17.84,1012.01,4.15,4.06 07:10:09 19/07/19
776,95.6,17.935,1012.06,5.0,4.07 07:15:23 19/07/19
777,95.3,18.025,1012.13,4.32,4.08 07:20:39 19/07/19
780,94.9,18.11,1012.24,5.0,4.09 07:25:53 19/07/19
783,96.2,18.14,1012.22,4.23,4.11 07:31:07 19/07/19
792,95.1,18.215,1012.24,5.0,4.12 07:36:22 19/07/19
811,94.8,18.29,1012.23,4.32,4.15 07:41:37 19/07/19
824,95.2,18.325,1012.25,5.0,4.15 07:47:00 19/07/19
814,95.6,18.43,1012.16,5.0,4.12 07:52:15 19/07/19
821,95.9,18.52,1012.23,5.0,4.13 07:57:33 19/07/19
824,95.2,18.615,1012.29,5.0,4.14 08:02:53 19/07/19
862,95.2,18.78,1012.39,5.0,4.12 08:08:08 19/07/19
833,95.1,18.95,1012.4,5.0,4.11 08:13:22 19/07/19
835,94.7,19.060001,1012.5,5.0,4.11 08:18:37 19/07/19
819,94.7,19.16,1012.56,4.88,4.13 08:23:52 19/07/19
817,94.8,19.125,1012.72,5.0,4.14 08:29:07 19/07/19
822,94.9,19.125,1012.75,5.0,4.13 08:34:22 19/07/19
820,94.8,19.119999,1012.69,5.0,4.12 08:39:35 19/07/19
823,94.8,19.119999,1012.67,5.0,4.11 08:44:55 19/07/19
832,94.9,19.135,1012.69,5.0,4.11 08:50:15 19/07/19
828,95.0,19.2,1012.62,5.0,4.1 08:55:30 19/07/19
837,95.2,19.220001,1012.67,4.29,4.14 09:00:48 19/07/19
860,94.7,19.305,1012.77,5.0,4.15 09:06:09 19/07/19
843,95.2,19.395,1012.79,5.0,4.13 09:11:23 19/07/19
839,94.8,19.43,1012.86,5.0,4.13 09:16:38 19/07/19
843,94.6,19.494999,1012.88,5.0,4.12 09:21:53 19/07/19
852,95.0,19.59,1012.95,5.0,4.12 09:27:08 19/07/19
861,94.6,19.7,1012.94,5.0,4.11 09:32:26 19/07/19
860,94.7,19.810001,1012.97,5.0,4.11 09:37:47 19/07/19
863,94.4,19.955,1012.97,4.25,4.16 09:43:02 19/07/19
860,95.0,20.085,1013.0,5.0,4.15 09:48:17 19/07/19
848,94.9,20.21,1013.1,5.0,4.14 09:53:32 19/07/19
846,94.4,20.285,1013.07,5.0,4.13 09:58:47 19/07/19
882,94.5,20.295,1013.06,5.0,4.12 10:04:01 19/07/19
885,94.6,20.384998,1012.97,5.0,4.12 10:09:16 19/07/19
881,94.7,20.564999,1012.97,5.0,4.11 10:14:31 19/07/19
879,94.6,20.735,1012.95,5.0,4.11 10:19:46 19/07/19
887,94.5,20.93,1012.95,4.36,4.2 10:25:05 19/07/19
887,94.4,21.23,1012.93,5.0,4.15 10:30:25 19/07/19
887,93.9,21.355,1013.04,5.0,4.14 10:35:40 19/07/19
889,94.2,21.52,1013.15,5.0,4.13 10:40:55 19/07/19
887,93.4,21.66,1013.19,5.0,4.13 10:46:11 19/07/19
890,92.9,21.755001,1013.19,5.0,4.12 10:51:27 19/07/19
889,93.3,21.849998,1013.19,5.0,4.12 10:56:41 19/07/19
893,93.2,21.945,1013.18,5.0,4.11 11:02:01 19/07/19
894,92.9,22.185001,1013.1,5.0,4.11 11:07:24 19/07/19
896,92.7,22.39,1013.07,5.0,4.11 11:12:43 19/07/19
898,92.1,22.41,1012.9,5.0,4.21 11:18:00 19/07/19
895,91.7,22.6,1012.96,5.0,4.15 11:23:15 19/07/19
899,92.4,22.715,1012.85,5.0,4.14 11:28:34 19/07/19
896,92.6,22.99,1012.78,5.0,4.13 11:33:58 19/07/19
896,92.1,23.34,1012.75,5.0,4.13 11:39:19 19/07/19
902,92.2,23.494999,1012.8,5.0,4.12 11:44:34 19/07/19
901,92.0,23.79,1012.78,5.0,4.12 11:49:50 19/07/19
895,91.7,24.04,1012.8,5.0,4.11 11:55:05 19/07/19
869,90.6,24.25,1012.68,5.0,4.11 12:00:22 19/07/19
901,91.3,24.365,1012.69,5.0,4.11 12:05:37 19/07/19
900,90.4,24.470001,1012.64,5.0,4.1 12:10:52 19/07/19
904,89.0,24.565,1012.67,5.0,4.1 12:16:08 19/07/19
899,89.9,24.735,1012.73,5.0,4.22 12:21:24 19/07/19
870,87.3,24.775,1012.7,5.0,4.16 12:26:38 19/07/19
862,88.2,24.635,1012.81,5.0,4.14 12:31:55 19/07/19
881,86.2,24.525,1012.78,5.0,4.14 12:37:11 19/07/19
865,85.9,24.39,1012.73,5.0,4.13 12:42:28 19/07/19
884,85.6,24.235,1012.71,5.0,4.12 12:47:43 19/07/19
894,84.6,24.29,1012.6,5.0,4.12 12:52:58 19/07/19
902,87.1,24.305,1012.51,5.0,4.12 12:58:14 19/07/19
876,83.0,24.529999,1012.47,5.0,4.11 13:03:30 19/07/19
881,85.7,24.58,1012.55,5.0,4.11 13:08:49 19/07/19
867,84.9,24.67,1012.51,5.0,4.1 13:14:10 19/07/19
881,84.7,24.68,1012.52,4.34,4.2 13:19:26 19/07/19
873,84.4,24.71,1012.57,5.0,4.16 13:24:41 19/07/19
865,85.5,24.71,1012.58,5.0,4.14 13:29:57 19/07/19
865,82.0,24.695,1012.72,5.0,4.13 13:35:14 19/07/19
869,84.2,24.615,1012.71,5.0,4.13 13:40:29 19/07/19
877,84.2,24.625,1012.73,5.0,4.12 13:45:48 19/07/19
896,84.7,24.695,1012.66,5.0,4.12 13:51:09 19/07/19
898,83.8,24.869999,1012.61,5.0,4.12 13:56:25 19/07/19
899,84.2,24.99,1012.52,5.0,4.11 14:01:41 19/07/19
892,81.2,25.165,1012.48,5.0,4.11 14:06:56 19/07/19
878,80.7,25.3,1012.54,5.0,4.11 14:12:12 19/07/19
860,80.7,25.31,1012.65,4.25,4.17 14:17:29 19/07/19
877,78.3,25.305,1012.6,5.0,4.16 14:22:44 19/07/19
897,79.7,25.32,1012.59,5.0,4.14 14:28:00 19/07/19
874,82.2,25.4,1012.63,5.0,4.14 14:33:16 19/07/19
886,80.2,25.41,1012.57,5.0,4.13 14:38:32 19/07/19
879,80.5,25.48,1012.5,5.0,4.12 14:43:51 19/07/19
870,80.2,25.505001,1012.47,5.0,4.12 14:49:13 19/07/19
874,79.2,25.439999,1012.47,5.0,4.12 14:54:28 19/07/19
884,79.4,25.48,1012.53,5.0,4.11 14:59:44 19/07/19
903,77.6,25.545,1012.46,5.0,4.11 15:05:00 19/07/19
893,81.7,25.755,1012.44,5.0,4.11 15:10:16 19/07/19
883,74.1,25.915,1012.52,4.36,4.2 15:15:32 19/07/19
882,74.0,25.89,1012.52,5.0,4.16 15:20:48 19/07/19
875,76.5,25.82,1012.51,5.0,4.14 15:26:04 19/07/19
896,74.4,25.740002,1012.52,5.0,4.14 15:31:20 19/07/19
897,75.8,25.865,1012.47,5.0,4.13 15:36:39 19/07/19
892,79.4,26.055,1012.45,5.0,4.13 15:42:00 19/07/19
899,72.8,26.259998,1012.31,5.0,4.12 15:47:16 19/07/19
902,72.6,26.455,1012.37,5.0,4.12 15:52:32 19/07/19
902,75.4,26.645,1012.28,5.0,4.11 15:57:48 19/07/19
862,77.1,26.904999,1012.29,5.0,4.11 16:03:04 19/07/19
853,70.2,26.9,1012.22,5.0,4.11 16:08:21 19/07/19
901,73.6,26.84,1012.11,5.0,4.11 16:13:37 19/07/19
889,74.8,26.92,1012.07,5.0,4.21 16:18:53 19/07/19
891,66.5,27.04,1012.06,5.0,4.16 16:24:09 19/07/19
900,69.8,27.065,1012.07,5.0,4.15 16:29:25 19/07/19
890,70.4,26.975,1012.04,5.0,4.14 16:34:45 19/07/19
897,71.3,27.04,1012.11,5.0,4.13 16:40:06 19/07/19
895,68.7,27.21,1011.97,5.0,4.13 16:45:23 19/07/19
894,64.3,27.18,1012.01,5.0,4.12 16:50:39 19/07/19
850,69.0,27.11,1011.99,5.0,4.12 16:55:55 19/07/19
889,67.6,27.150002,1011.89,5.0,4.12 17:01:11 19/07/19
896,70.5,27.235,1011.91,5.0,4.11 17:06:27 19/07/19
862,71.5,27.36,1011.79,5.0,4.11 17:11:44 19/07/19
895,69.5,27.45,1011.82,5.0,4.11 17:17:00 19/07/19
895,70.9,27.54,1011.8,5.0,4.21 17:22:16 19/07/19
870,65.0,27.72,1011.87,5.0,4.16 17:27:36 19/07/19
848,64.6,27.439999,1011.88,5.0,4.15 17:32:57 19/07/19
857,65.3,27.215,1011.8,5.0,4.14 17:38:17 19/07/19
885,65.7,26.935,1011.76,5.0,4.13 17:43:38 19/07/19
890,66.2,26.970001,1011.73,5.0,4.12 17:48:58 19/07/19
885,67.9,27.02,1011.69,5.0,4.12 17:54:19 19/07/19
878,60.4,27.025,1011.71,5.0,4.12 17:59:39 19/07/19
880,62.2,26.925,1011.72,5.0,4.12 18:05:00 19/07/19
879,64.4,26.835,1011.72,5.0,4.11 18:10:20 19/07/19
873,63.2,26.82,1011.69,5.0,4.11 18:15:41 19/07/19
837,63.9,26.735,1011.65,4.23,4.14 18:20:57 19/07/19
852,63.4,26.630001,1011.53,5.0,4.16 18:26:14 19/07/19
850,63.1,26.465,1011.58,5.0,4.15 18:31:30 19/07/19
861,61.6,26.265,1011.51,5.0,4.14 18:36:46 19/07/19
857,63.9,26.150002,1011.54,5.0,4.13 18:42:02 19/07/19
836,63.4,26.05,1011.52,5.0,4.13 18:47:19 19/07/19
855,64.5,26.029999,1011.49,5.0,4.12 18:52:35 19/07/19
844,63.5,26.029999,1011.46,5.0,4.12 18:57:51 19/07/19
835,64.0,26.029999,1011.46,5.0,4.12 19:03:07 19/07/19
828,63.9,26.025,1011.43,5.0,4.11 19:08:23 19/07/19
826,64.3,25.945,1011.38,5.0,4.11 19:13:38 19/07/19
825,64.0,25.93,1011.42,5.0,4.11 19:18:55 19/07/19
817,64.6,25.92,1011.44,4.32,4.13 19:24:10 19/07/19
814,64.8,25.86,1011.42,5.0,4.16 19:29:26 19/07/19
806,65.4,25.86,1011.4,5.0,4.14 19:34:42 19/07/19
795,65.3,25.79,1011.47,5.0,4.14 19:39:58 19/07/19
786,64.7,25.77,1011.42,5.0,4.13 19:45:14 19/07/19
776,64.5,25.745,1011.48,5.0,4.13 19:50:30 19/07/19
768,64.6,25.665,1011.45,5.0,4.12 19:55:46 19/07/19
769,64.2,25.575,1011.38,5.0,4.12 20:01:02 19/07/19
762,65.3,25.560001,1011.44,5.0,4.11 20:06:19 19/07/19
770,65.6,25.55,1011.44,5.0,4.11 20:11:35 19/07/19
780,65.5,25.529999,1011.39,5.0,4.11 20:16:51 19/07/19
775,65.2,25.474998,1011.32,5.0,4.12 20:22:06 19/07/19
770,65.8,25.474998,1011.31,5.0,4.15 20:27:22 19/07/19
763,65.6,25.515,1011.33,4.23,4.17 20:32:38 19/07/19
762,66.4,25.470001,1011.27,4.24,4.19 20:37:54 19/07/19
750,66.4,25.474998,1011.27,5.0,4.17 20:43:10 19/07/19
734,66.4,25.384998,1011.19,5.0,4.16 20:48:26 19/07/19
724,66.4,25.345,1011.24,5.0,4.15 20:53:45 19/07/19
717,66.1,25.195,1011.31,5.0,4.14 20:59:07 19/07/19
703,66.4,25.09,1011.23,5.0,4.14 21:04:22 19/07/19
685,66.4,24.99,1011.23,5.0,4.13 21:09:38 19/07/19
661,67.2,24.945,1011.12,5.0,4.13 21:14:52 19/07/19
638,67.1,24.77,1011.18,5.0,4.12 21:20:13 19/07/19
613,67.2,24.650002,1011.15,4.95,4.12 21:25:34 19/07/19
586,67.2,24.470001,1011.16,4.58,4.11 21:30:50 19/07/19
551,67.2,24.285,1011.24,4.22,4.11 21:36:05 19/07/19
510,67.8,24.145,1011.19,3.82,4.11 21:41:21 19/07/19
476,67.7,23.904999,1011.17,3.34,4.1 21:46:37 19/07/19
443,68.3,23.78,1011.25,2.83,4.1 21:51:56 19/07/19
401,68.5,23.59,1011.24,2.05,4.1 21:57:17 19/07/19
364,69.1,23.465,1011.27,1.42,4.1 22:02:32 19/07/19
330,69.3,23.29,1011.22,0.87,4.09 22:07:48 19/07/19
302,70.1,23.17,1011.2,0.48,4.09 22:13:07 19/07/19
277,69.9,22.994999,1011.21,0.24,4.09 22:18:31 19/07/19
258,69.6,22.88,1011.08,0.11,4.09 22:23:51 19/07/19
242,70.8,22.77,1011.11,0.05,4.08 22:29:08 19/07/19
229,71.3,22.61,1011.13,0.02,4.08 22:34:26 19/07/19
218,71.8,22.564999,1011.05,0.0,4.08 22:39:50 19/07/19
211,72.1,22.485,1011.03,0.0,4.08 22:45:14 19/07/19
204,72.3,22.404999,1011.06,0.0,4.07 22:50:38 19/07/19
199,71.6,22.315,1010.98,0.0,4.07 22:56:02 19/07/19
198,72.5,22.29,1010.98,0.0,4.07 23:01:22 19/07/19
196,72.3,22.2,1010.99,0.0,4.07 23:06:38 19/07/19
194,73.4,22.18,1011.02,0.0,4.07 23:11:53 19/07/19
191,73.4,22.115,1011.04,0.0,4.06 23:17:12 19/07/19
192,73.2,22.1,1011.02,0.0,4.06 23:22:32 19/07/19
190,73.8,22.085,1011.04,0.0,4.06 23:27:48 19/07/19
189,74.2,22.02,1011.02,0.0,4.06 23:33:03 19/07/19
187,75.2,21.994999,1011.02,0.0,4.06 23:38:22 19/07/19
188,74.8,21.99,1011.03,0.0,4.06 23:43:42 19/07/19
187,74.8,21.904999,1010.92,0.0,4.06 23:48:58 19/07/19
187,74.7,21.88,1011.0,0.0,4.06 23:54:13 19/07/19
186,74.0,21.810001,1011.01,0.0,4.05 23:59:28 19/07/19
