286,99.9,18.34,1008.3,0.0,4.05 00:04:58 29/07/19
233,99.9,18.325,1008.28,0.0,4.05 00:10:12 29/07/19
263,99.9,18.255001,1008.29,0.0,4.05 00:15:27 29/07/19
278,99.9,18.225,1008.23,0.0,4.04 00:20:41 29/07/19
241,99.9,18.19,1008.22,0.0,4.04 00:25:56 29/07/19
250,99.9,18.085,1008.21,0.0,4.04 00:31:09 29/07/19
273,99.9,17.935,1008.26,0.0,4.04 00:36:25 29/07/19
273,99.9,17.835,1008.28,0.0,4.04 00:41:40 29/07/19
234,99.9,17.735,1008.33,0.0,4.04 00:46:58 29/07/19
269,99.9,17.645,1008.44,0.0,4.04 00:52:18 29/07/19
263,99.9,17.545,1008.55,0.0,4.04 00:57:32 29/07/19
268,99.9,17.49,1008.59,0.0,4.03 01:02:47 29/07/19
265,99.9,17.404999,1008.55,0.0,4.03 01:08:02 29/07/19
179,99.9,17.33,1008.72,0.0,4.03 01:13:25 29/07/19
268,99.9,17.305,1008.74,0.0,4.03 01:18:39 29/07/19
262,99.9,17.215,1008.71,0.0,4.03 01:23:52 29/07/19
257,99.9,17.125,1008.72,0.0,4.03 01:29:08 29/07/19
242,99.9,17.085,1008.7,0.0,4.03 01:34:21 29/07/19
258,99.9,17.01,1008.66,0.0,4.03 01:39:37 29/07/19
245,99.9,16.925,1008.69,0.0,4.03 01:44:50 29/07/19
253,99.9,16.845001,1008.64,0.0,4.03 01:50:05 29/07/19
262,99.9,16.82,1008.66,0.0,4.03 01:55:21 29/07/19
236,99.9,16.74,1008.76,0.0,4.03 02:00:33 29/07/19
244,99.9,16.65,1008.71,0.0,4.03 02:05:50 29/07/19
240,99.9,16.619999,1008.69,0.0,4.03 02:11:02 29/07/19
265,99.9,16.535,1008.73,0.0,4.02 02:16:19 29/07/19
245,99.9,16.51,1008.8,0.0,4.02 02:21:33 29/07/19
256,99.9,16.43,1008.86,0.0,4.02 02:26:52 29/07/19
297,99.9,16.355,1008.94,0.0,4.02 02:32:15 29/07/19
276,99.9,16.33,1008.96,0.0,4.02 02:37:34 29/07/19
266,99.9,16.31,1009.0,0.0,4.02 02:42:46 29/07/19
251,99.9,16.23,1009.0,0.0,4.02 02:48:02 29/07/19
273,99.9,16.215,1008.98,0.0,4.02 02:53:17 29/07/19
255,99.9,16.15,1008.96,0.0,4.02 02:58:32 29/07/19
262,99.9,16.14,1009.08,0.0,4.02 03:03:45 29/07/19
264,99.9,16.130001,1009.13,0.0,4.02 03:08:58 29/07/19
275,99.9,16.11,1009.16,0.0,4.02 03:14:14 29/07/19
282,99.9,16.1,1009.1,0.0,4.02 03:19:32 29/07/19
272,99.9,16.029999,1009.12,0.0,4.01 03:24:50 29/07/19
248,99.9,15.960001,1009.06,0.0,4.01 03:30:06 29/07/19
262,99.9,16.0,1009.11,0.0,4.01 03:35:20 29/07/19
264,99.9,15.934999,1009.07,0.0,4.01 03:40:36 29/07/19
253,99.9,15.92,1009.04,0.0,4.01 03:45:49 29/07/19
228,99.9,15.915001,1009.05,0.0,4.01 03:51:01 29/07/19
272,99.9,15.85,1009.04,0.0,4.01 03:56:18 29/07/19
260,99.9,15.84,1009.12,0.0,4.01 04:01:32 29/07/19
263,99.9,15.82,1009.12,0.0,4.01 04:06:46 29/07/19
264,99.9,15.76,1009.18,0.0,4.01 04:12:04 29/07/19
258,99.9,15.735001,1009.11,0.0,4.01 04:17:22 29/07/19
245,99.9,15.66,1009.15,0.0,4.01 04:22:38 29/07/19
264,99.9,15.64,1009.23,0.0,4.01 04:27:53 29/07/19
249,99.9,15.61,1009.24,0.0,4.01 04:33:06 29/07/19
249,99.9,15.5199995,1009.24,0.0,4.01 04:38:21 29/07/19
254,99.9,15.445,1009.28,0.0,4.01 04:43:36 29/07/19
253,99.9,15.415001,1009.3,0.0,4.0 04:48:49 29/07/19
274,99.9,15.335,1009.32,0.0,4.0 04:54:08 29/07/19
267,99.9,15.32,1009.37,0.0,4.0 04:59:29 29/07/19
295,99.9,15.245001,1009.29,0.0,4.0 05:04:44 29/07/19
293,99.9,15.22,1009.35,0.01,4.0 05:10:03 29/07/19
269,99.9,15.139999,1009.4,0.05,4.0 05:15:19 29/07/19
309,99.9,15.125,1009.42,0.12,4.0 05:20:32 29/07/19
313,99.9,15.049999,1009.43,0.26,4.0 05:25:46 29/07/19
365,99.9,15.025,1009.49,0.54,4.0 05:30:59 29/07/19
395,99.9,14.945,1009.48,0.98,4.0 05:36:21 29/07/19
394,99.9,14.925,1009.54,1.58,4.0 05:41:36 29/07/19
405,99.9,14.844999,1009.58,2.31,4.0 05:46:52 29/07/19
481,99.9,14.82,1009.57,3.15,4.0 05:52:06 29/07/19
506,99.9,14.74,1009.59,3.77,4.0 05:57:18 29/07/19
571,99.9,14.715,1009.64,4.06,4.0 06:02:33 29/07/19
589,99.9,14.645,1009.71,4.07,4.0 06:07:48 29/07/19
624,99.9,14.610001,1009.66,4.33,4.0 06:13:02 29/07/19
643,99.9,14.53,1009.69,4.87,4.0 06:18:16 29/07/19
669,99.9,14.46,1009.74,4.61,4.0 06:23:31 29/07/19
687,99.9,14.445,1009.78,4.75,4.0 06:28:45 29/07/19
697,99.9,14.38,1009.77,4.75,4.0 06:33:57 29/07/19
714,99.9,14.425,1009.71,5.0,4.0 06:39:13 29/07/19
720,99.9,14.42,1009.73,4.27,4.0 06:44:27 29/07/19
726,99.9,14.360001,1009.68,5.0,4.0 06:49:41 29/07/19
732,99.9,14.355,1009.73,5.0,4.0 06:54:55 29/07/19
740,99.9,14.415,1009.78,4.22,4.01 07:00:08 29/07/19
741,99.9,14.43,1009.77,5.0,4.0 07:05:24 29/07/19
753,99.9,14.445,1009.83,4.25,4.01 07:10:38 29/07/19
760,99.9,14.53,1009.85,4.6,4.01 07:15:53 29/07/19
749,99.9,14.62,1009.84,5.0,4.02 07:21:04 29/07/19
816,99.9,14.725,1009.92,4.4,4.02 07:26:20 29/07/19
829,99.9,14.825,1009.99,4.93,4.02 07:31:39 29/07/19
828,99.9,14.925,1010.0,5.0,4.03 07:36:57 29/07/19
831,99.9,15.094999,1010.05,4.09,4.04 07:42:11 29/07/19
833,99.9,15.21,1009.95,4.09,4.04 07:47:26 29/07/19
842,99.9,15.34,1010.03,5.0,4.05 07:52:40 29/07/19
841,99.9,15.495,1010.01,4.9,4.05 07:57:54 29/07/19
841,99.9,15.61,1010.1,4.17,4.05 08:03:08 29/07/19
847,99.9,15.789999,1010.21,4.33,4.06 08:08:23 29/07/19
848,99.9,16.05,1010.21,5.0,4.07 08:13:35 29/07/19
855,99.9,16.49,1010.26,4.99,4.08 08:18:55 29/07/19
857,99.9,16.875,1010.27,4.16,4.09 08:24:14 29/07/19
859,99.9,17.29,1010.33,4.32,4.12 08:29:29 29/07/19
859,99.9,17.555,1010.42,4.21,4.15 08:34:47 29/07/19
863,99.9,17.83,1010.51,5.0,4.14 08:40:07 29/07/19
864,99.9,18.075,1010.49,5.0,4.11 08:45:21 29/07/19
865,99.9,18.25,1010.5,4.24,4.13 08:50:37 29/07/19
867,99.9,18.345001,1010.53,5.0,4.14 08:55:49 29/07/19
869,99.9,18.415,1010.56,5.0,4.11 09:01:06 29/07/19
870,99.9,18.335,1010.53,5.0,4.11 09:06:18 29/07/19
870,99.9,18.265,1010.56,4.29,4.14 09:11:34 29/07/19
875,99.9,18.32,1010.66,5.0,4.14 09:16:51 29/07/19
876,99.9,18.325,1010.64,5.0,4.13 09:22:05 29/07/19
877,99.9,18.335,1010.67,5.0,4.11 09:27:25 29/07/19
880,99.9,18.41,1010.74,5.0,4.11 09:32:43 29/07/19
881,99.9,18.5,1010.79,5.0,4.1 09:37:57 29/07/19
883,99.9,18.59,1010.82,4.26,4.16 09:43:13 29/07/19
884,99.9,18.75,1010.83,5.0,4.14 09:48:27 29/07/19
885,99.9,18.795,1010.8,5.0,4.13 09:53:41 29/07/19
885,99.9,18.88,1010.8,5.0,4.12 09:58:57 29/07/19
891,99.9,19.04,1010.76,5.0,4.11 10:04:11 29/07/19
888,99.9,19.16,1010.73,5.0,4.11 10:09:27 29/07/19
888,99.9,19.335,1010.82,5.0,4.1 10:14:41 29/07/19
890,99.9,19.435,1010.86,4.31,4.18 10:19:54 29/07/19
890,99.9,19.619999,1010.88,5.0,4.15 10:25:10 29/07/19
891,99.9,19.735,1010.85,5.0,4.13 10:30:26 29/07/19
891,99.9,19.83,1010.87,5.0,4.12 10:35:41 29/07/19
894,99.9,19.93,1010.88,5.0,4.12 10:40:55 29/07/19
894,99.9,19.974998,1010.9,5.0,4.11 10:46:09 29/07/19
895,99.9,20.08,1010.85,5.0,4.11 10:51:24 29/07/19
896,99.9,20.23,1010.84,5.0,4.11 10:56:42 29/07/19
897,99.9,20.335,1010.87,4.93,4.22 11:01:55 29/07/19
897,99.9,20.535,1010.91,5.0,4.15 11:07:10 29/07/19
899,99.9,20.705,1010.87,5.0,4.13 11:12:26 29/07/19
899,99.9,20.8,1010.86,5.0,4.12 11:17:43 29/07/19
900,99.9,20.91,1010.74,5.0,4.12 11:22:54 29/07/19
901,99.9,21.0,1010.82,5.0,4.11 11:28:13 29/07/19
903,99.9,21.125,1010.77,5.0,4.11 11:33:27 29/07/19
902,99.9,21.375,1010.79,5.0,4.11 11:38:41 29/07/19
902,99.9,21.494999,1010.84,5.0,4.21 11:43:55 29/07/19
902,99.9,21.619999,1010.76,5.0,4.15 11:49:11 29/07/19
904,99.9,21.775,1010.71,5.0,4.13 11:54:27 29/07/19
905,99.9,21.91,1010.78,5.0,4.13 11:59:43 29/07/19
905,99.9,21.985,1010.65,5.0,4.12 12:04:57 29/07/19
906,99.9,22.11,1010.68,5.0,4.11 12:10:19 29/07/19
866,99.9,22.275,1010.67,5.0,4.11 12:15:38 29/07/19
909,99.9,22.285,1010.62,5.0,4.11 12:20:51 29/07/19
908,99.9,22.39,1010.58,5.0,4.21 12:26:12 29/07/19
911,96.2,24.5,1010.52,5.0,4.19 12:46:01 29/07/19
854,97.8,24.189999,1010.48,5.0,4.17 12:51:20 29/07/19
863,95.2,23.744999,1010.47,5.0,4.16 12:56:41 29/07/19
859,96.4,23.385,1010.56,5.0,4.15 13:02:00 29/07/19
850,97.1,23.085,1010.44,5.0,4.14 13:07:27 29/07/19
850,94.2,22.8,1010.45,5.0,4.13 13:12:44 29/07/19
916,98.4,22.725,1010.42,5.0,4.13 13:18:01 29/07/19
849,97.8,22.81,1010.43,5.0,4.12 13:23:15 29/07/19
850,96.9,22.8,1010.43,5.0,4.12 13:28:31 29/07/19
916,97.9,22.8,1010.38,5.0,4.12 13:33:46 29/07/19
915,99.9,23.0,1010.41,5.0,4.11 13:39:00 29/07/19
851,98.5,23.505001,1010.3,5.0,4.11 13:44:15 29/07/19
912,96.4,23.58,1010.32,5.0,4.11 13:49:33 29/07/19
870,98.2,23.51,1010.31,4.27,4.17 13:54:48 29/07/19
841,95.2,23.57,1010.28,5.0,4.15 14:00:02 29/07/19
913,97.9,23.58,1010.18,5.0,4.14 14:05:20 29/07/19
913,98.2,23.855,1010.2,5.0,4.13 14:10:34 29/07/19
840,98.3,24.060001,1010.23,5.0,4.13 14:15:51 29/07/19
845,97.7,23.99,1010.25,5.0,4.12 14:21:06 29/07/19
858,95.7,23.885,1010.26,5.0,4.12 14:26:21 29/07/19
859,94.1,23.79,1010.26,5.0,4.11 14:31:42 29/07/19
899,95.4,23.785,1010.27,5.0,4.11 14:37:03 29/07/19
836,97.6,23.96,1010.19,4.22,4.14 14:42:17 29/07/19
912,93.6,23.92,1010.13,5.0,4.16 14:47:34 29/07/19
838,96.8,23.99,1010.13,5.0,4.14 14:52:49 29/07/19
878,97.8,24.0,1010.14,5.0,4.14 14:58:04 29/07/19
905,97.5,24.095001,1010.1,5.0,4.13 15:03:25 29/07/19
837,98.0,24.335,1010.06,5.0,4.12 15:08:44 29/07/19
911,97.5,24.275,1010.04,5.0,4.12 15:13:58 29/07/19
910,97.7,24.395,1010.03,5.0,4.11 15:19:17 29/07/19
910,97.9,24.735,1010.03,5.0,4.11 15:24:34 29/07/19
904,96.3,24.935001,1009.89,5.0,4.11 15:29:47 29/07/19
911,95.7,25.04,1009.9,5.0,4.21 15:35:04 29/07/19
888,95.6,25.32,1009.98,5.0,4.15 15:40:19 29/07/19
896,91.8,25.215,1009.88,5.0,4.14 15:45:35 29/07/19
909,92.8,25.195,1009.9,5.0,4.13 15:50:51 29/07/19
906,94.8,25.335,1009.88,5.0,4.13 15:56:05 29/07/19
893,93.3,25.505001,1009.8,5.0,4.12 16:01:22 29/07/19
904,95.6,25.545,1009.88,5.0,4.12 16:06:36 29/07/19
904,91.8,25.560001,1009.86,5.0,4.12 16:11:54 29/07/19
905,89.4,25.655,1009.87,5.0,4.11 16:17:08 29/07/19
904,96.0,25.89,1009.87,5.0,4.11 16:22:27 29/07/19
903,95.3,26.035,1009.84,5.0,4.11 16:27:43 29/07/19
901,94.4,26.205,1009.81,5.0,4.21 16:32:58 29/07/19
900,93.8,26.404999,1009.84,5.0,4.16 16:38:12 29/07/19
897,95.5,26.525002,1009.8,5.0,4.14 16:43:30 29/07/19
897,91.3,26.46,1009.81,5.0,4.14 16:48:46 29/07/19
899,94.9,26.43,1009.81,5.0,4.13 16:54:01 29/07/19
898,94.8,26.52,1009.73,5.0,4.13 16:59:18 29/07/19
897,94.0,26.555,1009.71,5.0,4.12 17:04:35 29/07/19
896,93.7,26.625,1009.72,5.0,4.11 17:09:55 29/07/19
896,94.5,26.650002,1009.79,5.0,4.11 17:15:15 29/07/19
894,90.0,26.615002,1009.65,5.0,4.21 17:20:31 29/07/19
893,94.3,26.66,1009.71,5.0,4.16 17:25:47 29/07/19
890,92.5,26.735,1009.65,5.0,4.15 17:31:03 29/07/19
890,93.6,26.72,1009.63,5.0,4.14 17:36:20 29/07/19
891,91.8,26.655,1009.58,5.0,4.13 17:41:34 29/07/19
890,91.5,26.560001,1009.51,5.0,4.12 17:46:57 29/07/19
875,93.2,26.545,1009.58,5.0,4.12 17:52:20 29/07/19
887,91.5,26.535,1009.51,5.0,4.1 17:57:41 29/07/19
887,91.0,26.46,1009.56,5.0,4.11 18:02:57 29/07/19
885,91.6,26.45,1009.52,5.0,4.11 18:08:12 29/07/19
883,90.2,26.314999,1009.55,4.41,4.22 18:13:33 29/07/19
881,77.4,26.2,1009.5,5.0,4.16 18:18:54 29/07/19
879,91.8,26.11,1009.48,5.0,4.14 18:24:08 29/07/19
876,85.5,26.095001,1009.45,5.0,4.14 18:29:27 29/07/19
873,90.5,25.994999,1009.45,5.0,4.13 18:34:42 29/07/19
870,91.5,25.99,1009.49,5.0,4.13 18:39:56 29/07/19
866,91.2,25.985,1009.4,5.0,4.12 18:45:14 29/07/19
864,90.4,25.904999,1009.37,5.0,4.12 18:50:30 29/07/19
860,90.3,25.795,1009.33,5.0,4.11 18:55:46 29/07/19
857,84.4,25.545,1009.29,5.0,4.11 19:01:00 29/07/19
854,90.2,25.355,1009.34,5.0,4.11 19:06:19 29/07/19
850,88.2,25.29,1009.33,4.25,4.16 19:11:34 29/07/19
847,84.4,25.05,1009.34,5.0,4.16 19:16:50 29/07/19
841,87.1,25.0,1009.41,5.0,4.14 19:22:10 29/07/19
839,89.0,24.835,1009.47,5.0,4.13 19:27:33 29/07/19
812,82.1,24.715,1009.38,5.0,4.13 19:32:46 29/07/19
756,88.8,24.625,1009.39,5.0,4.12 19:38:02 29/07/19
749,86.8,24.529999,1009.44,5.0,4.12 19:43:17 29/07/19
745,87.0,24.505001,1009.44,5.0,4.11 19:48:33 29/07/19
740,88.5,24.345,1009.47,5.0,4.11 19:53:49 29/07/19
736,84.4,24.265,1009.46,5.0,4.12 19:59:03 29/07/19
734,88.7,24.240002,1009.48,5.0,4.14 20:04:20 29/07/19
727,87.8,24.14,1009.51,5.0,4.14 20:09:37 29/07/19
724,87.2,24.1,1009.5,4.26,4.16 20:14:52 29/07/19
719,88.9,23.945,1009.52,5.0,4.17 20:20:07 29/07/19
713,86.7,23.855,1009.46,5.0,4.17 20:25:22 29/07/19
706,88.8,23.75,1009.46,5.0,4.18 20:30:39 29/07/19
700,88.6,23.68,1009.52,5.0,4.18 20:35:54 29/07/19
692,89.3,23.619999,1009.49,5.0,4.17 20:41:10 29/07/19
683,88.2,23.46,1009.46,5.0,4.16 20:46:26 29/07/19
672,89.4,23.36,1009.5,5.0,4.16 20:51:40 29/07/19
661,88.3,23.25,1009.51,5.0,4.14 20:57:05 29/07/19
646,88.3,23.150002,1009.52,5.0,4.14 21:02:21 29/07/19
629,89.0,23.029999,1009.6,5.0,4.13 21:07:36 29/07/19
609,89.5,22.84,1009.6,5.0,4.13 21:12:52 29/07/19
585,89.7,22.685001,1009.63,4.83,4.12 21:18:07 29/07/19
556,90.0,22.564999,1009.67,4.48,4.12 21:23:27 29/07/19
519,90.3,22.455,1009.77,4.22,4.12 21:28:47 29/07/19
485,90.5,22.28,1009.73,4.08,4.11 21:34:03 29/07/19
449,90.8,22.154999,1009.74,3.67,4.11 21:39:16 29/07/19
405,91.1,22.045,1009.81,3.1,4.1 21:44:33 29/07/19
349,91.3,21.875,1009.83,2.28,4.1 21:49:47 29/07/19
303,91.4,21.7,1009.86,1.4,4.1 21:55:03 29/07/19
268,91.4,21.575,1009.87,0.73,4.09 22:00:19 29/07/19
242,91.6,21.39,1009.91,0.35,4.09 22:05:39 29/07/19
223,91.8,21.21,1009.95,0.17,4.09 22:10:58 29/07/19
207,92.0,21.095001,1009.96,0.08,4.08 22:16:18 29/07/19
196,92.1,20.965,1009.99,0.03,4.08 22:21:37 29/07/19
189,92.4,20.8,1010.09,0.01,4.08 22:26:52 29/07/19
182,92.5,20.695,1010.12,0.0,4.08 22:32:07 29/07/19
177,92.6,20.595001,1010.09,0.0,4.07 22:37:23 29/07/19
175,92.8,20.439999,1010.12,0.0,4.08 22:42:35 29/07/19
170,92.9,20.38,1010.2,0.0,4.07 22:47:52 29/07/19
169,93.1,20.220001,1010.19,0.0,4.07 22:53:07 29/07/19
167,93.2,20.130001,1010.19,0.0,4.07 22:58:22 29/07/19
165,93.4,20.035,1010.25,0.0,4.07 23:03:37 29/07/19
164,93.5,19.985,1010.26,0.0,4.06 23:08:52 29/07/19
163,93.5,19.84,1010.24,0.0,4.06 23:14:07 29/07/19
163,93.7,19.735,1010.22,0.0,4.06 23:19:22 29/07/19
162,93.6,19.630001,1010.19,0.0,4.06 23:24:37 29/07/19
162,93.7,19.529999,1010.2,0.0,4.06 23:29:52 29/07/19
162,93.8,19.435,1010.19,0.0,4.06 23:35:07 29/07/19
162,93.9,19.34,1010.25,0.0,4.06 23:40:22 29/07/19
161,94.0,19.24,1010.23,0.0,4.06 23:45:38 29/07/19
161,94.1,19.145,1010.21,0.0,4.05 23:50:52 29/07/19
161,94.4,19.105,1010.19,0.0,4.05 23:56:07 29/07/19
