0,99.9,17.125,992.99,0.0,3.98 00:04:35 03/10/21
0,99.9,17.125,992.95,0.0,3.98 00:09:49 03/10/21
0,99.9,17.130001,992.92,0.0,3.98 00:15:04 03/10/21
0,99.9,17.119999,993.02,0.0,3.98 00:20:18 03/10/21
0,99.9,17.165,993.08,0.0,3.98 00:25:32 03/10/21
0,99.9,17.175,993.04,0.0,3.98 00:30:47 03/10/21
0,99.9,17.195,993.11,0.0,3.98 00:36:01 03/10/21
0,99.9,17.14,993.03,0.0,3.98 00:41:15 03/10/21
0,99.9,17.189999,993.04,0.0,3.98 00:46:29 03/10/21
0,99.9,17.189999,993.08,0.0,3.98 00:51:44 03/10/21
0,99.9,17.2,993.0,0.0,3.98 00:56:58 03/10/21
0,99.9,17.2,993.06,0.0,3.98 01:02:16 03/10/21
0,99.9,17.220001,993.11,0.0,3.98 01:07:35 03/10/21
0,99.9,17.220001,993.12,0.0,3.98 01:12:50 03/10/21
0,99.9,17.275002,993.17,0.0,3.98 01:18:04 03/10/21
0,99.9,17.285,993.07,0.0,3.98 01:23:17 03/10/21
1,99.9,17.285,993.09,0.0,3.98 01:28:33 03/10/21
0,99.9,17.295,992.97,0.0,3.98 01:33:45 03/10/21
0,99.9,17.3,992.94,0.0,3.98 01:39:01 03/10/21
1,99.9,17.3,992.86,0.0,3.98 01:44:20 03/10/21
1,99.9,17.305,992.8,0.0,3.98 01:49:47 03/10/21
1,99.9,17.32,992.84,0.0,3.98 01:55:06 03/10/21
1,99.9,17.375,992.8,0.0,3.98 02:00:24 03/10/21
1,99.9,17.365002,992.73,0.0,3.97 02:05:39 03/10/21
1,99.9,17.385,992.8,0.0,3.97 02:10:53 03/10/21
0,99.9,17.385,992.77,0.0,3.97 02:16:08 03/10/21
0,99.9,17.395,992.77,0.0,3.98 02:21:23 03/10/21
0,99.9,17.395,992.74,0.0,3.98 02:26:36 03/10/21
0,99.9,17.39,992.83,0.0,3.98 02:31:51 03/10/21
0,99.9,17.345001,992.92,0.0,3.98 02:37:03 03/10/21
0,99.9,17.39,992.74,0.0,3.98 02:42:20 03/10/21
0,99.9,17.395,992.71,0.0,3.97 02:47:34 03/10/21
0,99.9,17.395,992.81,0.0,3.98 02:52:46 03/10/21
0,99.9,17.395,992.63,0.0,3.97 02:58:06 03/10/21
0,99.9,17.395,992.7,0.0,3.97 03:03:25 03/10/21
0,99.9,17.400002,992.66,0.0,3.97 03:08:40 03/10/21
0,99.9,17.395,992.54,0.0,3.97 03:13:54 03/10/21
0,99.9,17.41,992.52,0.0,3.97 03:19:17 03/10/21
0,99.9,17.425,992.52,0.0,3.97 03:24:31 03/10/21
0,99.9,17.43,992.49,0.0,3.97 03:29:46 03/10/21
0,99.9,17.485,992.35,0.0,3.97 03:35:00 03/10/21
0,99.9,17.485,992.4,0.0,3.98 03:40:19 03/10/21
0,99.9,17.485,992.28,0.0,3.97 03:45:37 03/10/21
0,99.9,17.485,992.26,0.0,3.97 03:50:52 03/10/21
0,99.9,17.49,992.12,0.0,3.97 03:56:08 03/10/21
0,99.9,17.494999,992.07,0.0,3.97 04:01:21 03/10/21
0,99.9,17.494999,991.98,0.0,3.97 04:06:36 03/10/21
0,99.9,17.494999,991.86,0.0,3.97 04:11:49 03/10/21
0,99.9,17.509998,991.9,0.0,3.97 04:17:04 03/10/21
0,99.9,17.505,991.78,0.0,3.97 04:22:16 03/10/21
0,99.9,17.5,991.78,0.0,3.97 04:27:32 03/10/21
1,99.9,17.515,991.72,0.0,3.97 04:32:47 03/10/21
0,99.9,17.515,991.6,0.0,3.97 04:38:01 03/10/21
0,99.9,17.509998,991.7,0.0,3.98 04:43:14 03/10/21
0,99.9,17.494999,991.66,0.0,3.97 04:48:31 03/10/21
0,99.9,17.505,991.58,0.0,3.97 04:53:45 03/10/21
0,99.9,17.494999,991.59,0.0,3.97 04:58:59 03/10/21
0,99.9,17.494999,991.6,0.0,3.97 05:04:13 03/10/21
0,99.9,17.42,991.59,0.0,3.97 05:09:26 03/10/21
0,99.9,17.415,991.57,0.0,3.97 05:14:42 03/10/21
0,99.9,17.34,991.44,0.0,3.97 05:19:56 03/10/21
0,99.9,17.335,991.41,0.0,3.97 05:25:09 03/10/21
0,99.9,17.32,991.35,0.0,3.97 05:30:26 03/10/21
0,99.9,17.3,991.51,0.0,3.97 05:35:39 03/10/21
0,99.9,17.285,991.39,0.0,3.97 05:40:52 03/10/21
0,99.9,17.215,991.34,0.0,3.97 05:46:09 03/10/21
0,99.9,17.21,991.44,0.0,3.97 05:51:22 03/10/21
0,99.9,17.145,991.4,0.0,3.97 05:56:35 03/10/21
0,99.9,17.130001,991.52,0.0,3.97 06:01:52 03/10/21
0,99.9,17.125,991.51,0.0,3.97 06:07:06 03/10/21
0,99.9,17.11,991.56,0.0,3.97 06:12:18 03/10/21
0,99.9,17.105,991.62,0.0,3.97 06:17:35 03/10/21
0,99.9,17.08,991.51,0.0,3.97 06:22:48 03/10/21
0,99.9,17.015,991.56,0.0,3.97 06:28:03 03/10/21
0,99.9,17.009998,991.54,0.0,3.97 06:33:18 03/10/21
0,99.9,16.994999,991.56,0.0,3.97 06:38:31 03/10/21
0,99.9,16.994999,991.57,0.0,3.97 06:43:49 03/10/21
0,99.9,16.93,991.39,0.0,3.97 06:49:07 03/10/21
0,99.9,16.92,991.71,0.0,3.97 06:54:23 03/10/21
0,99.9,16.91,991.16,0.0,3.97 06:59:36 03/10/21
0,99.9,16.845001,991.59,0.0,3.97 07:04:51 03/10/21
0,99.9,16.835,991.44,0.0,3.97 07:10:07 03/10/21
0,99.9,16.89,991.62,0.0,3.97 07:15:20 03/10/21
0,99.9,16.810001,991.54,0.02,3.97 07:20:34 03/10/21
0,99.9,16.8,991.54,0.07,3.97 07:25:48 03/10/21
0,99.9,16.79,991.37,0.19,3.97 07:31:03 03/10/21
0,99.9,16.720001,991.31,0.45,3.97 07:36:17 03/10/21
0,99.9,16.715,991.18,0.73,3.97 07:41:31 03/10/21
0,99.9,16.705,991.2,1.23,3.97 07:46:44 03/10/21
0,99.9,16.685001,991.45,1.16,3.97 07:52:00 03/10/21
0,99.9,16.630001,991.24,1.62,3.97 07:57:12 03/10/21
1,99.9,16.619999,991.28,2.07,3.97 08:02:28 03/10/21
1,99.9,16.615,991.42,1.92,3.97 08:07:41 03/10/21
2,99.9,16.605,991.33,2.93,3.97 08:12:57 03/10/21
2,99.9,16.599998,991.53,2.92,3.97 08:18:16 03/10/21
3,99.9,16.599998,991.33,3.31,3.97 08:23:34 03/10/21
2,99.9,16.595001,991.56,2.98,3.97 08:28:46 03/10/21
3,99.9,16.54,991.29,3.32,3.97 08:34:02 03/10/21
4,99.9,16.59,991.48,3.6,3.97 08:39:16 03/10/21
4,99.9,16.585,991.46,3.6,3.97 08:44:31 03/10/21
2,99.9,16.53,991.58,2.93,3.97 08:49:43 03/10/21
5,99.9,16.585,991.32,3.96,3.97 08:54:58 03/10/21
2,99.9,16.564999,991.74,3.04,3.97 09:00:11 03/10/21
4,99.9,16.53,991.52,3.54,3.97 09:05:26 03/10/21
6,99.9,16.53,991.64,4.09,3.97 09:10:42 03/10/21
5,99.9,16.535,991.67,3.76,3.97 09:15:55 03/10/21
6,99.9,16.58,991.79,3.97,3.96 09:21:10 03/10/21
6,99.9,16.59,991.66,3.94,3.97 09:26:23 03/10/21
6,99.9,16.605,991.97,3.9,3.97 09:31:40 03/10/21
6,99.9,16.615,991.84,3.7,3.97 09:36:51 03/10/21
7,99.9,16.665,992.09,3.97,3.97 09:42:08 03/10/21
7,99.9,16.54,992.36,4.05,3.96 09:47:21 03/10/21
7,99.9,16.36,992.37,4.04,3.97 09:52:39 03/10/21
7,99.9,16.23,992.36,4.09,3.96 09:57:56 03/10/21
10,99.9,16.04,992.46,4.07,3.97 10:03:11 03/10/21
11,99.9,15.92,992.47,4.07,3.96 10:08:31 03/10/21
9,99.9,15.805,992.57,4.08,3.96 10:13:49 03/10/21
10,99.9,15.705,992.53,4.05,3.96 10:19:02 03/10/21
11,99.9,15.62,992.69,4.09,3.96 10:24:17 03/10/21
12,99.9,15.51,992.78,4.1,3.97 10:29:31 03/10/21
11,99.9,15.34,992.82,4.09,3.96 10:34:44 03/10/21
12,99.9,15.23,992.97,4.04,3.97 10:39:58 03/10/21
12,99.9,15.129999,993.02,4.06,3.96 10:45:12 03/10/21
11,99.9,15.094999,993.16,4.24,3.97 10:50:26 03/10/21
18,99.9,15.02,993.18,4.25,3.97 10:55:40 03/10/21
10,99.9,14.995,993.48,4.49,3.97 11:00:54 03/10/21
19,99.9,14.93,993.33,4.77,3.97 11:06:09 03/10/21
27,99.9,14.92,993.33,4.93,3.97 11:11:26 03/10/21
16,99.9,14.92,993.38,4.31,3.97 11:16:38 03/10/21
25,99.9,14.915,993.55,4.32,3.97 11:21:52 03/10/21
25,99.9,14.92,993.5,4.41,3.97 11:27:06 03/10/21
26,99.9,14.93,993.55,4.24,3.96 11:32:20 03/10/21
28,99.9,15.0,993.56,4.55,3.97 11:37:34 03/10/21
26,99.9,15.02,993.53,4.4,3.97 11:42:48 03/10/21
25,99.9,15.09,993.69,4.72,3.96 11:48:02 03/10/21
22,99.9,15.094999,993.73,4.79,3.96 11:53:14 03/10/21
29,99.9,15.1,993.62,4.35,3.96 11:58:30 03/10/21
29,99.9,15.11,993.48,4.94,3.96 12:03:44 03/10/21
24,99.9,15.129999,993.6,4.54,3.96 12:08:58 03/10/21
25,99.9,15.195,993.64,4.37,3.96 12:14:12 03/10/21
22,99.9,15.18,993.67,4.64,3.97 12:19:24 03/10/21
16,99.9,15.11,993.65,4.87,3.97 12:24:39 03/10/21
19,99.9,15.11,993.51,4.52,3.96 12:29:54 03/10/21
16,99.9,15.11,994.05,4.14,3.96 12:35:08 03/10/21
20,99.9,15.11,994.02,4.56,3.96 12:40:22 03/10/21
21,99.9,15.11,994.02,4.66,3.96 12:45:41 03/10/21
31,99.9,15.115,993.85,4.29,3.96 12:50:57 03/10/21
25,99.9,15.195,993.9,4.04,3.96 12:56:12 03/10/21
18,99.9,15.265,993.93,4.23,3.96 13:01:27 03/10/21
19,99.9,15.219999,993.99,4.56,3.96 13:06:40 03/10/21
30,99.9,15.225,994.01,4.19,3.96 13:11:54 03/10/21
26,99.9,15.280001,994.15,4.17,3.96 13:17:09 03/10/21
28,99.9,15.31,994.24,4.6,3.96 13:22:24 03/10/21
26,99.9,15.320001,994.26,4.43,3.96 13:27:37 03/10/21
26,99.9,15.375,994.35,4.71,3.96 13:32:51 03/10/21
28,99.9,15.395,994.38,4.27,3.96 13:38:05 03/10/21
29,99.9,15.475,994.4,5.0,3.96 13:43:19 03/10/21
29,99.9,15.5,994.65,4.06,3.96 13:48:31 03/10/21
22,99.9,15.514999,994.71,4.45,3.96 13:53:47 03/10/21
29,99.9,15.52,994.81,4.79,3.96 13:59:04 03/10/21
31,99.9,15.57,994.81,4.98,3.96 14:04:13 03/10/21
25,99.9,15.585,994.91,4.77,3.96 14:09:31 03/10/21
24,99.9,15.595,995.06,4.54,3.96 14:14:44 03/10/21
20,99.9,15.595,995.28,4.35,3.96 14:19:56 03/10/21
21,99.9,15.5,995.52,4.32,3.96 14:25:11 03/10/21
23,99.9,15.325,995.77,4.56,3.96 14:30:25 03/10/21
26,99.9,15.145,995.98,4.72,3.96 14:35:40 03/10/21
27,99.9,14.975,996.07,4.94,3.96 14:40:55 03/10/21
26,99.9,14.95,996.43,4.81,3.96 14:46:07 03/10/21
18,99.9,14.915,996.91,4.33,3.96 14:51:21 03/10/21
24,99.9,14.755,997.08,4.39,3.96 14:56:39 03/10/21
25,99.9,14.565001,997.18,4.22,3.96 15:01:59 03/10/21
23,99.9,14.365,997.34,4.67,3.96 15:07:12 03/10/21
23,99.9,14.255,997.54,4.77,3.96 15:12:24 03/10/21
29,99.9,14.155,997.36,4.17,3.96 15:17:38 03/10/21
22,99.9,14.12,997.67,4.39,3.96 15:22:54 03/10/21
28,99.9,14.105,997.56,4.85,3.96 15:28:08 03/10/21
18,99.9,14.04,998.03,4.22,3.96 15:33:21 03/10/21
15,99.9,13.945,998.41,4.11,3.96 15:38:37 03/10/21
18,99.9,13.75,998.48,4.27,3.96 15:43:49 03/10/21
23,99.9,13.68,998.5,4.76,3.96 15:49:04 03/10/21
29,99.9,13.645,998.52,4.87,3.96 15:54:19 03/10/21
22,99.9,13.639999,998.75,4.25,3.96 15:59:35 03/10/21
27,99.9,13.559999,998.89,4.15,3.96 16:05:01 03/10/21
34,99.9,13.54,999.28,4.25,3.96 16:10:15 03/10/21
25,99.9,13.465,999.5,4.86,3.96 16:15:28 03/10/21
25,99.9,13.455,999.79,4.85,3.96 16:20:41 03/10/21
31,99.9,13.45,999.79,4.91,3.96 16:26:09 03/10/21
32,99.9,13.58,999.88,4.48,3.96 16:31:26 03/10/21
28,99.9,13.605,1000.05,4.15,3.96 16:36:43 03/10/21
28,99.9,13.635,1000.4,4.66,3.96 16:41:54 03/10/21
22,99.9,13.684999,1000.43,4.33,3.96 16:47:07 03/10/21
24,99.9,13.705,1001.08,4.48,3.96 16:52:22 03/10/21
23,99.9,13.705,1001.28,4.63,3.96 16:57:36 03/10/21
20,99.9,13.705,1001.39,4.11,3.96 17:02:48 03/10/21
23,99.9,13.705,1001.46,4.54,3.96 17:08:09 03/10/21
24,99.9,13.715,1001.43,4.46,3.96 17:13:26 03/10/21
24,99.9,13.715,1001.59,4.63,3.96 17:18:38 03/10/21
22,99.9,13.715,1001.78,4.37,3.96 17:23:53 03/10/21
21,99.9,13.705,1001.74,4.36,3.96 17:29:12 03/10/21
22,99.9,13.645,1001.92,4.7,3.96 17:34:31 03/10/21
27,99.9,13.629999,1001.94,4.81,3.96 17:39:44 03/10/21
22,99.9,13.625,1001.91,4.43,3.96 17:45:00 03/10/21
11,99.9,13.629999,1002.02,4.38,3.96 17:50:13 03/10/21
8,99.9,13.690001,1002.22,4.15,3.96 17:55:24 03/10/21
7,99.9,13.7,1002.51,4.49,3.96 18:00:37 03/10/21
8,99.9,13.690001,1002.62,4.34,3.96 18:05:52 03/10/21
6,99.9,13.629999,1002.84,4.29,3.96 18:11:07 03/10/21
11,99.9,13.61,1002.82,4.71,3.96 18:16:20 03/10/21
7,99.9,13.59,1002.79,4.71,3.96 18:21:36 03/10/21
7,99.9,13.535,1003.19,4.56,3.96 18:26:47 03/10/21
7,99.9,13.525,1003.29,4.26,3.96 18:32:03 03/10/21
6,99.9,13.51,1003.39,4.18,3.96 18:37:16 03/10/21
5,99.9,13.49,1003.51,4.19,3.96 18:42:29 03/10/21
3,99.9,13.42,1003.81,4.04,3.96 18:47:44 03/10/21
0,99.9,13.395,1003.87,4.08,3.96 18:52:56 03/10/21
1,99.9,13.32,1004.01,4.05,3.96 18:58:13 03/10/21
1,99.9,13.29,1004.07,3.83,3.96 19:03:28 03/10/21
0,99.9,13.21,1004.22,3.36,3.95 19:08:39 03/10/21
0,99.9,13.18,1004.34,3.19,3.96 19:13:54 03/10/21
0,99.9,13.11,1004.53,2.34,3.95 19:19:06 03/10/21
0,99.9,13.09,1004.65,1.72,3.96 19:24:21 03/10/21
0,99.9,13.025,1004.68,1.2,3.96 19:29:32 03/10/21
0,99.9,13.0,1004.76,0.66,3.96 19:34:47 03/10/21
0,99.9,12.940001,1004.9,0.27,3.96 19:39:59 03/10/21
0,99.9,13.335,1005.56,0.0,3.95 19:59:39 03/10/21
0,99.9,13.205,1005.67,0.0,3.95 20:04:52 03/10/21
0,99.9,12.99,1005.63,0.0,3.95 20:10:08 03/10/21
0,99.9,12.9,1005.89,0.0,3.95 20:15:21 03/10/21
0,99.9,12.875,1006.08,0.0,3.95 20:20:32 03/10/21
0,99.9,12.8,1006.04,0.0,3.95 20:25:57 03/10/21
0,99.9,12.79,1006.17,0.0,3.95 20:31:10 03/10/21
0,99.9,12.71,1006.28,0.0,3.95 20:36:29 03/10/21
0,99.9,12.705,1006.37,0.0,3.95 20:41:45 03/10/21
0,99.9,12.690001,1006.52,0.0,3.95 20:46:58 03/10/21
0,99.9,12.629999,1006.49,0.0,3.95 20:52:12 03/10/21
0,99.9,12.61,1006.7,0.0,3.95 20:57:28 03/10/21
0,99.9,12.61,1006.76,0.0,3.95 21:02:39 03/10/21
0,99.9,12.6,1006.81,0.0,3.95 21:07:53 03/10/21
0,99.9,12.59,1007.06,0.0,3.95 21:13:09 03/10/21
0,99.9,12.59,1006.93,0.0,3.95 21:18:22 03/10/21
0,99.9,12.6,1007.12,0.0,3.95 21:23:35 03/10/21
0,99.9,12.6,1007.2,0.0,3.95 21:28:49 03/10/21
0,99.9,12.6,1007.24,0.0,3.95 21:34:04 03/10/21
0,99.9,12.6,1007.32,0.0,3.95 21:39:16 03/10/21
0,99.9,12.585,1007.33,0.0,3.95 21:44:47 03/10/21
0,99.9,12.66,1007.4,0.0,3.95 21:50:01 03/10/21
0,99.9,12.61,1007.41,0.0,3.95 21:55:13 03/10/21
0,99.9,12.594999,1007.52,0.0,3.95 22:00:29 03/10/21
0,99.9,12.530001,1007.91,0.0,3.95 22:05:43 03/10/21
0,99.9,12.575,1007.97,0.0,3.95 22:10:55 03/10/21
0,99.9,12.575,1007.89,0.0,3.95 22:16:08 03/10/21
0,99.9,12.514999,1008.0,0.0,3.95 22:21:27 03/10/21
0,99.9,12.514999,1007.99,0.0,3.95 22:26:45 03/10/21
0,99.9,12.51,1008.1,0.0,3.95 22:31:59 03/10/21
0,99.9,12.505,1008.33,0.0,3.95 22:37:13 03/10/21
0,99.9,12.505,1008.39,0.0,3.95 22:42:26 03/10/21
0,99.9,12.505,1008.43,0.0,3.94 22:47:45 03/10/21
0,99.9,12.514999,1008.41,0.0,3.95 22:53:03 03/10/21
0,99.9,12.514999,1008.51,0.0,3.95 22:58:13 03/10/21
0,99.9,12.559999,1008.39,0.0,3.95 23:03:27 03/10/21
0,99.9,12.5,1008.37,0.0,3.95 23:08:42 03/10/21
0,99.9,12.5,1008.44,0.0,3.95 23:13:54 03/10/21
0,99.9,12.49,1008.43,0.0,3.95 23:19:08 03/10/21
