3,99.9,11.29,1025.73,0.04,3.89 00:04:37 09/10/21
3,99.9,11.21,1025.72,0.04,3.89 00:09:51 09/10/21
3,99.9,11.184999,1025.84,0.04,3.89 00:15:02 09/10/21
3,99.9,11.105,1025.76,0.04,3.89 00:20:17 09/10/21
3,99.9,11.08,1025.81,0.04,3.89 00:25:32 09/10/21
2,99.9,11.0,1025.78,0.04,3.89 00:30:44 09/10/21
3,99.9,10.98,1025.82,0.04,3.89 00:35:58 09/10/21
2,99.9,10.905,1025.82,0.04,3.89 00:41:11 09/10/21
3,99.9,10.889999,1025.88,0.04,3.89 00:46:25 09/10/21
3,99.9,10.81,1025.79,0.04,3.88 00:51:38 09/10/21
2,99.9,10.780001,1025.74,0.04,3.88 00:56:55 09/10/21
2,99.9,10.765,1025.74,0.04,3.89 01:02:13 09/10/21
2,99.9,10.675,1025.67,0.04,3.89 01:07:27 09/10/21
2,99.9,10.6,1025.69,0.04,3.89 01:12:40 09/10/21
2,99.9,10.57,1025.73,0.04,3.88 01:17:54 09/10/21
2,99.9,10.505,1025.67,0.04,3.89 01:23:08 09/10/21
2,99.9,10.48,1025.68,0.04,3.88 01:28:20 09/10/21
2,99.9,10.415,1025.55,0.04,3.88 01:33:32 09/10/21
2,99.9,10.389999,1025.61,0.04,3.89 01:38:48 09/10/21
2,99.9,10.37,1025.53,0.04,3.88 01:44:01 09/10/21
2,99.9,10.305,1025.46,0.04,3.88 01:49:12 09/10/21
2,99.9,10.280001,1025.47,0.04,3.88 01:54:31 09/10/21
2,99.9,10.215,1025.46,0.04,3.88 01:59:50 09/10/21
2,99.9,10.184999,1025.49,0.04,3.89 02:05:02 09/10/21
2,99.9,10.105,1025.51,0.04,3.88 02:10:14 09/10/21
2,99.9,10.075,1025.48,0.04,3.88 02:15:30 09/10/21
1,99.9,10.0,1025.51,0.04,3.88 02:20:41 09/10/21
1,99.9,9.975,1025.53,0.04,3.88 02:25:54 09/10/21
2,99.9,9.889999,1025.52,0.04,3.88 02:31:09 09/10/21
1,99.9,9.82,1025.49,0.04,3.88 02:36:22 09/10/21
1,99.9,9.79,1025.45,0.04,3.88 02:41:36 09/10/21
1,99.9,9.71,1025.39,0.04,3.88 02:46:58 09/10/21
1,99.9,9.690001,1025.34,0.04,3.88 02:52:14 09/10/21
1,99.9,9.665,1025.35,0.04,3.88 02:57:32 09/10/21
1,99.9,9.594999,1025.4,0.04,3.88 03:02:46 09/10/21
1,99.9,9.575,1025.35,0.04,3.88 03:07:59 09/10/21
0,99.9,9.5,1025.36,0.04,3.88 03:13:10 09/10/21
1,99.9,9.48,1025.27,0.04,3.88 03:18:24 09/10/21
1,99.9,9.455,1025.22,0.04,3.88 03:23:40 09/10/21
2,99.9,9.395,1025.25,0.04,3.88 03:28:52 09/10/21
0,99.9,9.38,1025.23,0.04,3.88 03:34:04 09/10/21
1,99.9,9.31,1025.2,0.04,3.88 03:39:22 09/10/21
1,99.9,9.295,1025.22,0.04,3.88 03:44:40 09/10/21
1,99.9,9.275,1025.15,0.04,3.88 03:49:53 09/10/21
1,99.9,9.21,1025.08,0.04,3.88 03:55:06 09/10/21
1,99.9,9.2,1025.08,0.04,3.88 04:00:23 09/10/21
0,99.9,9.195,1025.05,0.04,3.88 04:05:39 09/10/21
0,99.9,9.175,1025.07,0.04,3.88 04:10:54 09/10/21
1,99.9,9.17,1025.04,0.04,3.88 04:16:10 09/10/21
1,99.9,9.105,1025.03,0.04,3.88 04:21:24 09/10/21
1,99.9,9.085,1024.97,0.04,3.88 04:26:43 09/10/21
1,99.9,9.01,1025.03,0.04,3.87 04:31:56 09/10/21
0,99.9,8.995,1025.02,0.04,3.88 04:37:07 09/10/21
0,99.9,8.975,1024.98,0.04,3.88 04:42:23 09/10/21
0,99.9,8.905,1024.93,0.04,3.87 04:47:33 09/10/21
0,99.9,8.889999,1024.86,0.04,3.88 04:52:48 09/10/21
0,99.9,8.885,1024.92,0.04,3.88 04:58:02 09/10/21
0,99.9,8.860001,1024.88,0.04,3.88 05:03:13 09/10/21
0,99.9,8.79,1024.83,0.04,3.88 05:08:28 09/10/21
0,99.9,8.77,1024.88,0.04,3.88 05:13:41 09/10/21
0,99.9,8.7,1024.84,0.04,3.88 05:18:55 09/10/21
0,99.9,8.684999,1024.86,0.04,3.88 05:24:05 09/10/21
0,99.9,8.665,1024.87,0.04,3.88 05:29:20 09/10/21
0,99.9,8.595,1024.89,0.04,3.88 05:34:34 09/10/21
0,99.9,8.58,1024.86,0.04,3.87 05:39:50 09/10/21
0,99.9,8.51,1024.84,0.04,3.88 05:45:06 09/10/21
0,99.9,8.48,1024.85,0.04,3.88 05:50:21 09/10/21
0,99.9,8.42,1024.84,0.04,3.88 05:55:34 09/10/21
0,99.9,8.389999,1024.86,0.04,3.88 06:00:48 09/10/21
0,99.9,8.375,1024.91,0.04,3.87 06:06:04 09/10/21
0,99.9,8.375,1024.99,0.04,3.88 06:11:22 09/10/21
0,99.9,8.31,1025.01,0.04,3.88 06:16:34 09/10/21
0,99.9,8.275,1024.99,0.04,3.87 06:21:47 09/10/21
0,99.9,8.205,1025.0,0.04,3.87 06:27:05 09/10/21
0,99.9,8.18,1025.04,0.04,3.87 06:32:24 09/10/21
0,99.9,8.155001,1025.09,0.04,3.88 06:37:37 09/10/21
0,99.9,8.075,1024.97,0.04,3.88 06:42:49 09/10/21
0,99.9,8.0,1025.05,0.04,3.88 06:48:02 09/10/21
0,99.9,7.985,1025.09,0.04,3.88 06:53:16 09/10/21
0,99.9,7.965,1025.12,0.04,3.88 06:58:28 09/10/21
0,99.9,7.8849998,1025.1,0.05,3.87 07:03:41 09/10/21
0,99.9,7.86,1025.11,0.06,3.88 07:08:53 09/10/21
0,99.9,7.79,1025.1,0.11,3.87 07:14:07 09/10/21
0,99.9,7.715,1025.09,0.22,3.87 07:19:19 09/10/21
0,99.9,7.695,1025.22,0.55,3.87 07:24:33 09/10/21
0,99.9,7.675,1025.12,1.13,3.87 07:29:45 09/10/21
0,99.9,7.6050005,1025.14,1.9,3.87 07:34:58 09/10/21
1,99.9,7.585,1025.07,2.49,3.87 07:40:12 09/10/21
2,99.9,7.505,1025.05,3.03,3.88 07:45:25 09/10/21
3,99.9,7.485,1025.12,3.59,3.87 07:50:38 09/10/21
4,99.9,7.415,1025.19,3.88,3.87 07:55:51 09/10/21
5,99.9,7.455,1025.2,3.94,3.88 08:01:03 09/10/21
5,99.9,7.4049997,1025.34,4.0,3.87 08:06:17 09/10/21
7,99.9,7.395,1025.29,4.2,3.87 08:11:28 09/10/21
8,99.9,7.3849998,1025.39,4.46,3.87 08:16:48 09/10/21
8,99.9,7.3849998,1025.47,4.86,3.87 08:22:04 09/10/21
11,99.9,7.3849998,1025.44,4.84,3.87 08:27:17 09/10/21
15,99.9,7.39,1025.48,4.78,3.87 08:32:34 09/10/21
20,99.9,7.415,1025.49,5.0,3.88 08:37:47 09/10/21
21,99.9,7.4900002,1025.54,3.99,3.87 08:43:06 09/10/21
13,99.9,7.58,1025.57,4.48,3.88 08:48:19 09/10/21
14,99.9,7.69,1025.67,4.85,3.88 08:53:30 09/10/21
15,99.9,7.79,1025.69,4.01,3.89 08:58:43 09/10/21
17,99.9,7.955,1025.73,4.06,3.89 09:03:56 09/10/21
21,99.9,8.065,1025.77,3.95,3.89 09:09:11 09/10/21
21,99.9,8.25,1025.76,4.0,3.89 09:14:23 09/10/21
20,99.9,8.450001,1025.69,5.0,3.9 09:19:34 09/10/21
23,99.9,8.705,1025.76,4.11,3.9 09:24:52 09/10/21
21,99.9,9.05,1025.8,3.96,3.9 09:30:02 09/10/21
24,99.9,9.535,1025.86,4.01,3.91 09:35:19 09/10/21
23,99.9,10.02,1025.96,4.0,3.91 09:40:37 09/10/21
22,99.9,10.51,1025.99,3.98,3.92 09:45:49 09/10/21
23,99.9,10.940001,1025.99,4.0,3.92 09:51:02 09/10/21
25,99.9,11.37,1025.98,4.49,3.92 09:56:17 09/10/21
22,99.9,11.83,1025.99,4.01,3.92 10:01:29 09/10/21
22,99.9,12.16,1025.97,3.99,3.93 10:06:43 09/10/21
22,99.9,12.530001,1025.98,5.0,3.93 10:11:57 09/10/21
21,99.9,12.855,1025.98,5.0,3.93 10:17:19 09/10/21
18,99.9,13.145,1025.95,4.04,3.94 10:22:34 09/10/21
15,99.9,13.33,1026.05,4.03,3.94 10:27:51 09/10/21
13,99.9,13.52,1026.04,4.38,3.95 10:33:00 09/10/21
11,99.9,13.71,1026.06,4.18,3.95 10:38:14 09/10/21
11,99.9,13.825,1026.08,4.04,3.95 10:43:31 09/10/21
11,99.9,13.945,1026.02,4.1,3.93 10:48:43 09/10/21
11,99.9,13.975,1026.05,5.0,3.96 10:53:57 09/10/21
11,99.9,13.99,1026.05,4.1,3.96 10:59:09 09/10/21
12,99.9,13.945,1026.15,4.06,3.96 11:04:29 09/10/21
10,99.9,13.945,1026.09,4.06,3.95 11:09:47 09/10/21
8,99.9,13.945,1026.13,4.4,3.93 11:15:01 09/10/21
5,99.9,13.969999,1026.13,3.99,3.93 11:20:15 09/10/21
7,99.9,14.059999,1026.09,4.96,3.92 11:25:34 09/10/21
4,99.9,14.155001,1026.1,4.2,3.93 11:30:51 09/10/21
4,99.9,14.255,1026.02,5.0,3.93 11:36:05 09/10/21
4,99.9,14.264999,1026.03,3.99,3.93 11:41:17 09/10/21
21,99.9,14.285,1026.0,4.04,3.93 11:46:33 09/10/21
6,99.9,14.29,1025.96,4.55,3.92 11:51:50 09/10/21
4,99.9,14.299999,1025.96,4.27,3.92 11:57:01 09/10/21
4,99.9,14.285,1025.93,5.0,3.92 12:02:13 09/10/21
4,99.9,14.225,1025.95,5.0,3.92 12:07:28 09/10/21
3,99.9,14.27,1025.86,5.0,3.92 12:12:41 09/10/21
4,99.9,14.275,1025.86,4.94,3.92 12:17:58 09/10/21
5,99.9,14.295,1025.83,4.25,3.92 12:23:10 09/10/21
5,99.9,14.295,1025.84,4.18,3.93 12:28:25 09/10/21
11,99.9,14.309999,1025.87,4.0,3.93 12:33:47 09/10/21
4,99.9,14.395,1025.81,5.0,3.93 12:38:59 09/10/21
6,99.9,14.46,1025.81,5.0,3.92 12:44:13 09/10/21
5,99.9,14.485,1025.81,4.0,3.92 12:49:35 09/10/21
4,99.9,14.594999,1025.78,4.02,3.93 12:54:52 09/10/21
5,99.9,14.685,1025.81,5.0,3.92 13:00:04 09/10/21
10,99.9,14.77,1025.75,5.0,3.93 13:05:27 09/10/21
4,99.9,14.865,1025.72,4.0,3.93 13:10:41 09/10/21
5,99.9,14.975,1025.65,4.02,3.93 13:15:55 09/10/21
6,99.9,15.07,1025.71,5.0,3.93 13:21:08 09/10/21
13,99.9,15.165,1025.66,4.85,3.96 13:26:22 09/10/21
11,99.9,15.25,1025.66,5.0,3.94 13:31:37 09/10/21
13,99.9,15.28,1025.6,4.47,3.99 13:36:51 09/10/21
12,99.9,15.445,1025.58,4.11,3.99 13:42:07 09/10/21
13,99.9,15.575,1025.51,4.08,4.0 13:47:20 09/10/21
13,99.9,15.84,1025.41,4.1,4.0 13:52:38 09/10/21
12,99.9,16.145,1025.4,4.39,4.0 13:57:56 09/10/21
12,99.9,16.425,1025.41,4.13,4.0 14:03:09 09/10/21
10,99.9,16.715,1025.38,4.1,4.01 14:08:25 09/10/21
12,99.9,16.84,1025.3,4.18,4.01 14:13:38 09/10/21
12,99.9,17.025,1025.25,4.12,4.01 14:18:53 09/10/21
12,99.9,17.279999,1025.21,4.13,4.02 14:24:08 09/10/21
12,99.9,17.42,1025.2,4.15,4.02 14:29:23 09/10/21
12,99.9,17.605,1025.11,4.14,4.02 14:34:36 09/10/21
12,99.9,17.795,1025.09,4.15,4.02 14:39:51 09/10/21
12,99.9,17.98,1025.12,4.16,4.02 14:45:05 09/10/21
12,99.9,18.01,1025.05,4.85,4.02 14:50:20 09/10/21
12,99.9,18.18,1025.08,4.18,4.03 14:55:38 09/10/21
13,99.9,18.31,1025.03,5.0,4.03 15:01:06 09/10/21
11,99.9,18.305,1024.99,4.15,4.03 15:06:20 09/10/21
12,99.9,18.25,1024.91,4.16,4.03 15:11:38 09/10/21
12,99.9,18.29,1024.94,4.81,4.04 15:17:02 09/10/21
13,99.9,18.36,1024.86,4.33,4.04 15:22:21 09/10/21
12,99.9,18.395,1024.88,4.21,4.04 15:27:35 09/10/21
11,99.9,18.349998,1024.83,4.13,4.04 15:32:50 09/10/21
11,99.9,18.41,1024.82,4.13,4.04 15:38:06 09/10/21
11,99.9,18.43,1024.83,4.82,4.04 15:43:19 09/10/21
10,99.9,18.43,1024.75,4.18,4.01 15:48:34 09/10/21
4,99.9,18.415,1024.71,5.0,4.0 15:53:48 09/10/21
4,99.9,18.275002,1024.75,4.25,4.0 15:59:02 09/10/21
4,99.9,18.16,1024.73,4.27,4.0 16:04:16 09/10/21
8,99.9,18.045,1024.66,4.11,4.0 16:09:31 09/10/21
4,99.9,17.95,1024.61,5.0,3.99 16:14:46 09/10/21
3,99.9,17.79,1024.55,4.82,4.0 16:19:59 09/10/21
7,99.9,17.68,1024.49,5.0,3.99 16:25:17 09/10/21
2,99.9,17.575,1024.42,4.09,4.0 16:30:29 09/10/21
2,99.9,17.474998,1024.41,5.0,3.99 16:35:43 09/10/21
9,99.9,17.38,1024.35,4.58,3.99 16:41:07 09/10/21
3,99.9,17.315,1024.36,4.32,3.99 16:46:19 09/10/21
3,99.9,17.285,1024.3,4.07,4.0 16:51:33 09/10/21
3,99.9,17.2,1024.26,5.0,3.99 16:56:56 09/10/21
4,99.9,17.185001,1024.2,5.0,3.99 17:02:12 09/10/21
5,99.9,17.105,1024.23,4.59,4.0 17:07:29 09/10/21
2,99.9,17.105,1024.14,5.0,3.99 17:12:41 09/10/21
11,99.9,17.1,1024.13,5.0,3.99 17:17:57 09/10/21
2,99.9,17.09,1024.2,4.9,3.99 17:23:08 09/10/21
2,99.9,17.07,1024.12,5.0,3.99 17:28:22 09/10/21
4,99.9,17.01,1024.14,5.0,3.99 17:33:39 09/10/21
2,99.9,17.005001,1024.16,4.43,3.99 17:38:52 09/10/21
7,99.9,16.994999,1024.15,4.08,3.99 17:44:06 09/10/21
2,99.9,16.939999,1024.18,4.66,3.99 17:49:20 09/10/21
1,99.9,16.91,1024.17,5.0,3.99 17:54:34 09/10/21
3,99.9,16.825,1024.1,5.0,3.99 17:59:51 09/10/21
1,99.9,16.74,1024.19,4.98,3.99 18:05:02 09/10/21
4,99.9,16.64,1024.21,4.73,3.99 18:10:18 09/10/21
2,99.9,16.475,1024.19,4.14,3.99 18:15:35 09/10/21
3,99.9,16.35,1024.2,4.38,3.99 18:20:48 09/10/21
3,99.9,16.24,1024.22,4.56,3.99 18:25:59 09/10/21
3,99.9,16.05,1024.23,4.35,3.99 18:31:16 09/10/21
2,99.9,15.855,1024.28,4.13,3.99 18:36:30 09/10/21
1,99.9,15.67,1024.28,4.06,3.99 18:41:46 09/10/21
1,99.9,15.535,1024.23,4.1,3.99 18:46:57 09/10/21
1,99.9,15.344999,1024.24,3.89,3.99 18:52:21 09/10/21
0,99.9,15.15,1024.21,3.52,3.99 18:57:35 09/10/21
0,99.9,14.955,1024.21,3.15,3.99 19:02:52 09/10/21
3,99.9,14.765,1024.28,2.8,3.99 19:08:03 09/10/21
0,99.9,14.555,1024.3,1.76,3.99 19:13:17 09/10/21
0,99.9,14.37,1024.34,0.93,3.98 19:18:32 09/10/21
0,99.9,14.17,1024.4,0.41,3.98 19:23:45 09/10/21
0,99.9,13.985001,1024.39,0.2,3.98 19:28:58 09/10/21
0,99.9,13.85,1024.43,0.06,3.99 19:34:11 09/10/21
0,99.9,13.675,1024.49,0.01,3.98 19:39:26 09/10/21
0,99.9,13.549999,1024.48,0.0,3.98 19:44:41 09/10/21
0,99.9,13.37,1024.49,0.0,3.99 19:49:52 09/10/21
0,99.9,13.2,1024.44,0.0,3.98 19:55:07 09/10/21
1,99.9,13.085,1024.44,0.0,3.99 20:00:21 09/10/21
5,99.9,12.975,1024.46,0.0,3.98 20:05:35 09/10/21
6,99.9,12.88,1024.44,0.0,3.99 20:10:47 09/10/21
10,99.9,12.785,1024.44,0.0,3.98 20:16:02 09/10/21
12,99.9,12.684999,1024.44,0.0,3.98 20:21:16 09/10/21
12,99.9,12.59,1024.38,0.0,3.98 20:26:29 09/10/21
12,99.9,12.49,1024.46,0.0,3.98 20:31:42 09/10/21
13,99.9,12.389999,1024.48,0.0,3.98 20:36:57 09/10/21
13,99.9,12.3,1024.47,0.0,3.98 20:42:11 09/10/21
14,99.9,12.2,1024.46,0.0,3.98 20:47:28 09/10/21
12,99.9,12.1,1024.4,0.0,3.98 20:52:45 09/10/21
12,99.9,11.995,1024.4,0.0,3.98 20:58:00 09/10/21
11,99.9,11.955,1024.41,0.0,3.98 21:03:14 09/10/21
10,99.9,11.815001,1024.38,0.0,3.98 21:08:28 09/10/21
8,99.9,11.77,1024.52,0.0,3.98 21:13:41 09/10/21
9,99.9,11.675,1024.54,0.0,3.98 21:18:55 09/10/21
8,99.9,11.585,1024.57,0.0,3.98 21:24:08 09/10/21
8,99.9,11.48,1024.6,0.0,3.98 21:29:21 09/10/21
8,99.9,11.385,1024.63,0.0,3.98 21:34:35 09/10/21
7,99.9,11.280001,1024.63,0.0,3.98 21:39:49 09/10/21
7,99.9,11.184999,1024.62,0.0,3.98 21:45:00 09/10/21
7,99.9,11.1,1024.61,0.0,3.98 21:50:16 09/10/21
6,99.9,11.01,1024.56,0.0,3.98 21:55:29 09/10/21
6,99.9,10.985001,1024.6,0.0,3.98 22:00:43 09/10/21
5,99.9,10.92,1024.67,0.0,3.98 22:05:54 09/10/21
5,99.9,10.885,1024.61,0.0,3.98 22:11:09 09/10/21
6,99.9,10.81,1024.64,0.0,3.98 22:16:24 09/10/21
4,99.9,10.785,1024.63,0.0,3.98 22:21:37 09/10/21
4,99.9,10.755,1024.68,0.0,3.98 22:26:51 09/10/21
4,99.9,10.675,1024.65,0.0,3.98 22:32:02 09/10/21
5,99.9,10.6,1024.67,0.0,3.98 22:37:17 09/10/21
3,99.9,10.575,1024.67,0.0,3.98 22:42:30 09/10/21
3,99.9,10.505,1024.65,0.0,3.98 22:47:43 09/10/21
3,99.9,10.485001,1024.67,0.0,3.98 22:53:02 09/10/21
3,99.9,10.41,1024.72,0.0,3.98 22:58:19 09/10/21
2,99.9,10.389999,1024.71,0.0,3.98 23:03:32 09/10/21
3,99.9,10.315001,1024.73,0.0,3.98 23:08:46 09/10/21
3,99.9,10.280001,1024.76,0.0,3.98 23:14:00 09/10/21
2,99.9,10.195,1024.75,0.0,3.98 23:19:12 09/10/21
2,99.9,10.16,1024.7,0.0,3.98 23:24:26 09/10/21
2,99.9,10.014999,1024.7,0.0,3.96 23:29:40 09/10/21
2,99.9,9.985001,1024.68,0.0,3.98 23:34:52 09/10/21
2,99.9,9.9,1024.64,0.0,3.98 23:40:06 09/10/21
2,99.9,9.815001,1024.65,0.0,3.98 23:45:22 09/10/21
1,99.9,9.77,1024.62,0.0,3.98 23:50:32 09/10/21
2,99.9,9.684999,1024.64,0.0,3.98 23:55:46 09/10/21
