2,99.9,5.465,1018.4,0.0,4.02 00:04:34 17/10/21
1,99.9,5.395,1018.37,0.0,4.02 00:09:46 17/10/21
1,99.9,5.37,1018.37,0.0,4.03 00:14:59 17/10/21
1,99.9,5.365,1018.28,0.0,4.03 00:20:12 17/10/21
2,99.9,5.3,1018.24,0.0,4.03 00:25:25 17/10/21
1,99.9,5.285,1018.19,0.0,4.03 00:30:40 17/10/21
2,99.9,5.2799997,1018.09,0.0,4.02 00:35:52 17/10/21
1,99.9,5.26,1017.96,0.0,4.03 00:41:06 17/10/21
1,99.9,5.25,1017.84,0.0,4.03 00:46:25 17/10/21
1,99.9,5.255,1017.86,0.0,4.03 00:51:37 17/10/21
1,99.9,5.2,1017.88,0.0,4.03 00:56:49 17/10/21
1,99.9,5.19,1017.83,0.0,4.03 01:02:09 17/10/21
1,99.9,5.1949997,1017.76,0.0,4.03 01:07:29 17/10/21
1,99.9,5.1800003,1017.74,0.0,4.02 01:12:48 17/10/21
1,99.9,5.1800003,1017.81,0.0,4.02 01:17:59 17/10/21
0,99.9,5.17,1017.81,0.0,4.03 01:23:09 17/10/21
0,99.9,5.15,1017.82,0.0,4.02 01:28:24 17/10/21
0,99.9,5.0699997,1017.88,0.0,4.03 01:33:36 17/10/21
0,99.9,5.04,1017.87,0.0,4.02 01:38:49 17/10/21
1,99.9,4.98,1017.87,0.0,4.03 01:44:05 17/10/21
0,99.9,4.965,1017.92,0.0,4.03 01:49:22 17/10/21
0,99.9,4.95,1017.91,0.0,4.02 01:54:38 17/10/21
1,99.9,4.885,1017.9,0.0,4.03 02:00:00 17/10/21
0,99.9,4.87,1017.83,0.0,4.02 02:05:17 17/10/21
0,99.9,4.865,1017.85,0.0,4.02 02:10:31 17/10/21
0,99.9,4.875,1017.86,0.0,4.03 02:15:45 17/10/21
0,99.9,4.89,1017.82,0.0,4.02 02:20:53 17/10/21
0,99.9,4.9750004,1017.86,0.0,4.02 02:26:08 17/10/21
0,99.9,4.99,1017.83,0.0,4.02 02:31:24 17/10/21
0,99.9,5.075,1017.86,0.0,4.02 02:36:40 17/10/21
0,99.9,5.09,1017.83,0.0,4.02 02:41:54 17/10/21
0,99.9,5.16,1017.8,0.0,4.02 02:47:07 17/10/21
0,99.9,5.185,1017.7,0.0,4.02 02:52:20 17/10/21
0,99.9,5.2,1017.66,0.0,4.02 02:57:34 17/10/21
0,99.9,5.26,1017.64,0.0,4.02 03:02:45 17/10/21
0,99.9,5.29,1017.84,0.0,4.02 03:07:59 17/10/21
0,99.9,5.35,1017.74,0.0,4.03 03:13:11 17/10/21
0,99.9,5.3599997,1017.62,0.0,4.02 03:18:23 17/10/21
0,99.9,5.3599997,1017.61,0.0,4.02 03:23:34 17/10/21
0,99.9,5.365,1017.64,0.0,4.02 03:28:47 17/10/21
0,99.9,5.3599997,1017.52,0.0,4.03 03:34:04 17/10/21
0,99.9,5.3050003,1017.49,0.0,4.02 03:39:14 17/10/21
0,99.9,5.3,1017.45,0.0,4.03 03:44:28 17/10/21
0,99.9,5.345,1017.59,0.0,4.02 03:49:40 17/10/21
0,99.9,5.34,1017.46,0.0,4.02 03:54:52 17/10/21
0,99.9,5.35,1017.42,0.0,4.02 04:00:05 17/10/21
0,99.9,5.385,1017.5,0.0,4.02 04:05:18 17/10/21
0,99.9,5.46,1017.49,0.0,4.02 04:10:37 17/10/21
0,99.9,5.4750004,1017.45,0.0,4.02 04:15:52 17/10/21
0,99.9,5.545,1017.51,0.0,4.02 04:21:05 17/10/21
0,99.9,5.55,1017.46,0.0,4.02 04:26:17 17/10/21
0,99.9,5.545,1017.37,0.0,4.03 04:31:29 17/10/21
0,99.9,5.54,1017.28,0.0,4.02 04:36:43 17/10/21
0,99.9,5.495,1017.26,0.0,4.02 04:41:55 17/10/21
0,99.9,5.55,1017.26,0.0,4.02 04:47:06 17/10/21
0,99.9,5.5550003,1017.22,0.0,4.02 04:52:21 17/10/21
0,99.9,5.565,1017.21,0.0,4.02 04:57:39 17/10/21
0,99.9,5.6400003,1017.17,0.0,4.02 05:02:56 17/10/21
0,99.9,5.66,1017.2,0.0,4.02 05:08:09 17/10/21
0,99.9,5.675,1017.15,0.0,4.02 05:13:20 17/10/21
0,99.9,5.75,1017.15,0.0,4.02 05:18:31 17/10/21
0,99.9,5.77,1017.07,0.0,4.03 05:23:44 17/10/21
0,99.9,5.79,1017.02,0.0,4.02 05:28:59 17/10/21
0,99.9,5.85,1016.95,0.0,4.02 05:34:11 17/10/21
0,99.9,5.87,1017.02,0.0,4.02 05:39:22 17/10/21
0,99.9,5.94,1017.08,0.0,4.02 05:44:36 17/10/21
0,99.9,5.94,1016.99,0.0,4.02 05:49:48 17/10/21
0,99.9,5.9750004,1017.04,0.0,4.02 05:55:04 17/10/21
0,99.9,6.04,1017.15,0.0,4.02 06:00:15 17/10/21
0,99.9,6.04,1017.07,0.0,4.02 06:05:31 17/10/21
0,99.9,6.065,1017.04,0.0,4.02 06:10:42 17/10/21
0,99.9,6.08,1017.13,0.0,4.02 06:15:54 17/10/21
0,99.9,6.145,1017.06,0.0,4.02 06:21:12 17/10/21
0,99.9,6.16,1017.07,0.0,4.02 06:26:26 17/10/21
0,99.9,6.1549997,1016.98,0.0,4.02 06:31:42 17/10/21
0,99.9,6.15,1016.89,0.0,4.02 06:36:53 17/10/21
0,99.9,6.17,1017.02,0.0,4.02 06:42:04 17/10/21
0,99.9,6.1800003,1017.06,0.0,4.02 06:47:18 17/10/21
0,99.9,6.25,1017.13,0.0,4.03 06:52:30 17/10/21
0,99.9,6.25,1017.14,0.0,4.02 06:57:43 17/10/21
0,99.9,6.255,1017.07,0.0,4.02 07:02:58 17/10/21
0,99.9,6.27,1017.04,0.0,4.02 07:08:11 17/10/21
0,99.9,6.27,1017.12,0.0,4.02 07:13:23 17/10/21
0,99.9,6.325,1017.04,0.01,4.02 07:18:37 17/10/21
0,99.9,6.345,1017.04,0.03,4.02 07:23:47 17/10/21
0,99.9,6.355,1017.1,0.07,4.02 07:29:00 17/10/21
0,99.9,6.365,1017.05,0.18,4.02 07:34:15 17/10/21
0,99.9,6.385,1017.19,0.48,4.02 07:39:27 17/10/21
0,99.9,6.39,1017.24,1.04,4.02 07:44:39 17/10/21
1,99.9,6.39,1017.19,2.26,4.02 07:49:53 17/10/21
2,99.9,6.455,1017.26,2.57,4.02 07:55:15 17/10/21
1,99.9,6.4750004,1017.37,2.65,4.02 08:00:26 17/10/21
2,99.9,6.4750004,1017.31,3.22,4.02 08:05:39 17/10/21
3,99.9,6.48,1017.35,3.72,4.02 08:10:52 17/10/21
6,99.9,6.55,1017.46,4.13,4.02 08:16:09 17/10/21
6,99.9,6.565,1017.44,4.22,4.02 08:21:27 17/10/21
7,99.9,6.5699997,1017.47,4.39,4.02 08:26:40 17/10/21
6,99.9,6.625,1017.5,4.54,4.02 08:31:52 17/10/21
9,99.9,6.645,1017.63,4.2,4.02 08:37:04 17/10/21
9,99.9,6.65,1017.72,4.71,4.02 08:42:16 17/10/21
11,99.9,6.65,1017.76,4.27,4.02 08:47:31 17/10/21
8,99.9,6.665,1017.73,4.41,4.02 08:52:47 17/10/21
9,99.9,6.7349997,1017.67,4.86,4.02 08:57:57 17/10/21
15,99.9,6.76,1017.7,5.0,4.03 09:03:08 17/10/21
19,99.9,6.77,1017.64,5.0,4.02 09:08:22 17/10/21
15,99.9,6.835,1017.64,4.87,4.03 09:13:34 17/10/21
25,99.9,6.925,1017.74,5.0,4.03 09:18:48 17/10/21
17,99.9,6.96,1017.73,4.34,4.03 09:24:06 17/10/21
19,99.9,7.065,1017.73,5.0,4.02 09:29:30 17/10/21
22,99.9,7.245,1017.79,4.08,4.03 09:34:45 17/10/21
18,99.9,7.345,1017.75,4.08,4.03 09:39:56 17/10/21
18,99.9,7.445,1017.68,5.0,4.03 09:45:12 17/10/21
37,99.9,7.625,1017.8,5.0,4.03 09:50:21 17/10/21
21,99.9,7.7299995,1017.9,4.93,4.03 09:55:36 17/10/21
21,99.9,7.815,1018.07,5.0,4.03 10:00:50 17/10/21
22,99.9,7.855,1017.98,5.0,4.04 10:06:01 17/10/21
24,99.9,8.025,1018.05,4.45,4.03 10:11:15 17/10/21
21,99.9,8.125,1018.0,5.0,4.03 10:16:27 17/10/21
21,99.9,8.235,1017.98,5.0,4.03 10:21:40 17/10/21
22,99.9,8.42,1018.0,4.14,4.04 10:26:55 17/10/21
18,99.9,8.585,1017.95,4.28,4.04 10:32:10 17/10/21
27,99.9,8.72,1018.03,5.0,4.04 10:37:18 17/10/21
18,99.9,8.9,1018.15,5.0,4.05 10:42:33 17/10/21
16,99.9,9.1,1018.19,4.34,4.04 10:47:48 17/10/21
14,99.9,9.295,1018.15,5.0,4.05 10:52:58 17/10/21
10,99.9,9.485,1018.07,5.0,4.05 10:58:13 17/10/21
9,99.9,9.78,1018.04,5.0,4.05 11:03:26 17/10/21
7,99.9,10.08,1018.02,5.0,4.05 11:08:39 17/10/21
7,99.9,10.200001,1018.02,4.18,4.04 11:13:51 17/10/21
8,99.9,10.38,1018.07,4.86,4.04 11:19:07 17/10/21
8,99.9,10.555,1018.0,4.14,4.04 11:24:19 17/10/21
6,99.9,10.675,1017.93,4.43,4.03 11:29:31 17/10/21
8,99.9,10.795,1017.99,4.33,4.02 11:34:46 17/10/21
9,99.9,10.965,1017.98,5.0,4.05 11:40:08 17/10/21
10,99.9,11.14,1017.98,4.1,4.05 11:45:21 17/10/21
7,99.9,11.255,1017.97,4.1,4.05 11:50:33 17/10/21
7,99.9,11.355,1017.98,4.79,4.05 11:55:49 17/10/21
7,99.9,11.469999,1018.05,4.69,4.05 12:01:02 17/10/21
9,99.9,11.565001,1018.03,4.34,4.05 12:06:15 17/10/21
7,99.9,11.685,1018.04,4.79,4.05 12:11:29 17/10/21
9,99.9,11.77,1018.09,5.0,4.05 12:16:41 17/10/21
7,99.9,11.799999,1018.07,4.17,4.05 12:21:54 17/10/21
8,99.9,11.88,1018.06,4.2,4.05 12:27:09 17/10/21
8,99.9,11.96,1018.04,4.26,4.06 12:32:26 17/10/21
9,99.9,12.085,1018.01,4.11,4.05 12:37:46 17/10/21
13,99.9,12.27,1018.01,4.15,4.05 12:42:59 17/10/21
9,99.9,12.295,1017.94,4.63,4.05 12:48:12 17/10/21
7,99.9,12.389999,1017.97,5.0,4.05 12:53:26 17/10/21
10,99.9,12.465,1017.88,4.18,4.05 12:58:40 17/10/21
8,99.9,12.485,1017.92,4.76,4.05 13:03:53 17/10/21
7,99.9,12.555,1017.85,5.0,4.05 13:09:05 17/10/21
9,99.9,12.58,1017.83,4.97,4.05 13:14:24 17/10/21
9,99.9,12.68,1017.84,5.0,4.05 13:19:47 17/10/21
8,99.9,12.775,1017.78,4.16,4.05 13:25:03 17/10/21
9,99.9,12.845,1017.82,4.11,4.05 13:30:17 17/10/21
7,99.9,12.875,1017.84,4.14,4.05 13:35:33 17/10/21
8,99.9,12.969999,1017.79,4.12,4.05 13:40:48 17/10/21
9,99.9,13.05,1017.77,4.93,4.06 13:46:00 17/10/21
7,99.9,13.08,1017.83,5.0,4.06 13:51:13 17/10/21
9,99.9,13.165,1017.76,5.0,4.06 13:56:27 17/10/21
7,99.9,13.255,1017.7,4.88,4.06 14:01:41 17/10/21
8,99.9,13.335,1017.68,5.0,4.06 14:06:54 17/10/21
9,99.9,13.434999,1017.64,4.14,4.07 14:12:08 17/10/21
9,99.9,13.485,1017.65,4.17,4.07 14:17:22 17/10/21
11,99.9,13.57,1017.55,4.2,4.07 14:22:34 17/10/21
9,99.9,13.66,1017.57,4.82,4.07 14:27:51 17/10/21
9,99.9,13.745,1017.47,4.51,4.07 14:33:02 17/10/21
10,99.9,13.835,1017.46,4.17,4.08 14:38:21 17/10/21
10,99.9,13.94,1017.32,5.0,4.06 14:43:39 17/10/21
9,99.9,14.05,1017.34,4.18,4.08 14:48:53 17/10/21
9,99.9,14.155001,1017.29,5.0,4.07 14:54:11 17/10/21
14,99.9,14.255,1017.27,4.17,4.08 14:59:29 17/10/21
7,99.9,14.27,1017.26,5.0,4.07 15:04:43 17/10/21
5,99.9,14.34,1017.16,4.82,4.06 15:09:56 17/10/21
7,99.9,14.200001,1017.2,4.27,4.06 15:15:10 17/10/21
5,99.9,14.110001,1017.25,5.0,4.06 15:20:24 17/10/21
7,99.9,14.01,1017.29,4.27,4.06 15:25:37 17/10/21
5,99.9,13.98,1017.18,5.0,4.04 15:30:51 17/10/21
5,99.9,13.975,1017.04,4.19,4.06 15:36:13 17/10/21
5,99.9,13.99,1016.99,5.0,4.06 15:41:28 17/10/21
5,99.9,14.004999,1017.02,5.0,4.06 15:46:43 17/10/21
7,99.9,13.99,1017.02,4.45,4.06 15:51:55 17/10/21
17,99.9,13.985,1017.06,5.0,4.06 15:57:10 17/10/21
6,99.9,13.969999,1017.01,5.0,4.06 16:02:24 17/10/21
7,99.9,13.91,1017.0,5.0,4.05 16:07:38 17/10/21
5,99.9,13.889999,1017.03,5.0,4.05 16:12:53 17/10/21
4,99.9,13.825,1017.05,4.58,4.06 16:18:06 17/10/21
6,99.9,13.809999,1017.05,4.38,4.06 16:23:22 17/10/21
6,99.9,13.805,1017.08,5.0,4.06 16:28:36 17/10/21
24,99.9,13.735001,1017.07,4.87,4.06 16:33:51 17/10/21
4,99.9,13.79,1017.05,4.34,4.06 16:39:08 17/10/21
4,99.9,13.785,1017.14,5.0,4.05 16:44:24 17/10/21
4,99.9,13.799999,1016.99,5.0,4.05 16:49:37 17/10/21
4,99.9,13.795,1016.97,5.0,4.05 16:54:51 17/10/21
4,99.9,13.74,1016.98,4.56,4.05 17:00:06 17/10/21
5,99.9,13.745001,1017.0,5.0,4.05 17:05:17 17/10/21
1,99.9,13.73,1016.96,5.0,4.05 17:10:42 17/10/21
4,99.9,13.715,1016.92,4.33,4.05 17:15:54 17/10/21
1,99.9,13.635,1016.85,4.97,4.05 17:21:17 17/10/21
1,99.9,13.615,1016.75,5.0,4.05 17:26:30 17/10/21
0,99.9,13.53,1016.67,4.73,4.05 17:31:48 17/10/21
3,99.9,13.46,1016.84,4.79,4.05 17:36:58 17/10/21
2,99.9,13.360001,1016.9,4.87,4.05 17:42:11 17/10/21
3,99.9,13.335,1016.93,4.23,4.05 17:47:26 17/10/21
3,99.9,13.26,1016.97,4.78,4.05 17:52:41 17/10/21
2,99.9,13.235001,1017.0,4.1,4.04 17:57:54 17/10/21
1,99.9,13.17,1017.03,4.28,4.05 18:03:08 17/10/21
0,99.9,13.15,1017.09,4.16,4.05 18:08:22 17/10/21
0,99.9,13.125,1017.13,4.14,4.05 18:13:40 17/10/21
0,99.9,13.059999,1017.03,4.16,4.05 18:18:56 17/10/21
0,99.9,12.96,1017.0,4.06,4.05 18:24:11 17/10/21
0,99.9,12.875,1017.16,3.68,4.05 18:29:28 17/10/21
0,99.9,12.79,1017.33,3.22,4.05 18:34:48 17/10/21
0,99.9,12.73,1017.21,3.32,4.05 18:40:03 17/10/21
0,99.9,12.645,1017.27,3.13,4.05 18:45:14 17/10/21
0,99.9,12.555,1017.4,2.79,4.05 18:50:29 17/10/21
0,99.9,12.47,1017.44,1.64,4.05 18:55:41 17/10/21
0,99.9,12.434999,1017.48,1.16,4.05 19:00:54 17/10/21
0,99.9,12.305,1017.5,0.58,4.05 19:06:07 17/10/21
0,99.9,12.27,1017.56,0.2,4.05 19:11:22 17/10/21
0,99.9,12.245001,1017.65,0.07,4.05 19:16:36 17/10/21
0,99.9,12.17,1017.6,0.02,4.05 19:21:50 17/10/21
0,99.9,12.08,1017.62,0.0,4.05 19:27:02 17/10/21
0,99.9,12.04,1017.68,0.0,4.04 19:32:20 17/10/21
0,99.9,11.97,1017.8,0.0,4.04 19:37:40 17/10/21
0,99.9,11.945,1017.89,0.0,4.05 19:42:50 17/10/21
0,99.9,11.87,1017.88,0.0,4.05 19:48:04 17/10/21
0,99.9,11.84,1017.86,0.0,4.04 19:53:19 17/10/21
0,99.9,11.765,1017.84,0.0,4.05 19:58:31 17/10/21
0,99.9,11.755,1017.87,0.0,4.04 20:03:46 17/10/21
0,99.9,11.684999,1017.85,0.0,4.04 20:08:59 17/10/21
0,99.9,11.67,1017.75,0.0,4.04 20:14:13 17/10/21
0,99.9,11.655001,1017.54,0.0,4.04 20:19:28 17/10/21
0,99.9,11.65,1017.63,0.0,4.04 20:24:49 17/10/21
0,99.9,11.655001,1017.66,0.0,4.03 20:30:08 17/10/21
0,99.9,11.65,1017.79,0.0,4.04 20:35:23 17/10/21
0,99.9,11.585,1017.85,0.0,4.04 20:40:36 17/10/21
0,99.9,11.575,1017.8,0.0,4.04 20:45:53 17/10/21
0,99.9,11.565,1017.73,0.0,4.04 20:51:05 17/10/21
0,99.9,11.555,1017.8,0.0,4.04 20:56:19 17/10/21
0,99.9,11.549999,1017.85,0.0,4.04 21:01:32 17/10/21
0,99.9,11.495,1017.8,0.0,4.04 21:06:44 17/10/21
0,99.9,11.48,1017.68,0.0,4.04 21:12:00 17/10/21
0,99.9,11.475,1017.43,0.0,4.05 21:17:12 17/10/21
0,99.9,11.53,1017.57,0.0,4.04 21:22:25 17/10/21
0,99.9,11.535,1017.77,0.0,4.04 21:27:39 17/10/21
0,99.9,11.559999,1018.06,0.0,4.04 21:32:52 17/10/21
0,99.9,11.559999,1018.19,0.0,4.04 21:38:06 17/10/21
0,99.9,11.559999,1018.2,0.0,4.05 21:43:21 17/10/21
0,99.9,11.48,1018.13,0.0,4.04 21:48:33 17/10/21
0,99.9,11.405,1018.18,0.0,4.04 21:53:46 17/10/21
0,99.9,11.355,1018.3,0.0,4.04 21:59:07 17/10/21
0,99.9,11.205,1018.35,0.0,4.04 22:04:22 17/10/21
0,99.9,11.094999,1018.31,0.0,4.04 22:09:37 17/10/21
0,99.9,10.985001,1018.43,0.0,4.04 22:14:50 17/10/21
0,99.9,10.885,1018.36,0.0,4.04 22:20:02 17/10/21
0,99.9,10.780001,1018.3,0.0,4.04 22:25:23 17/10/21
0,99.9,10.77,1018.29,0.0,4.04 22:30:36 17/10/21
0,99.9,10.690001,1018.41,0.0,4.04 22:36:00 17/10/21
0,99.9,10.67,1018.3,0.0,4.04 22:41:20 17/10/21
0,99.9,10.59,1018.33,0.0,4.04 22:46:34 17/10/21
0,99.9,10.505,1018.29,0.0,4.04 22:51:49 17/10/21
3,99.9,10.465,1018.35,0.0,4.04 22:57:02 17/10/21
7,99.9,10.37,1018.5,0.0,4.04 23:02:20 17/10/21
8,99.9,10.280001,1018.59,0.0,4.04 23:07:37 17/10/21
9,99.9,10.175,1018.54,0.0,4.04 23:12:51 17/10/21
9,99.9,10.059999,1018.54,0.0,4.04 23:18:05 17/10/21
8,99.9,9.955,1018.61,0.0,4.04 23:23:17 17/10/21
8,99.9,9.805,1018.57,0.0,4.04 23:28:31 17/10/21
9,99.9,9.7,1018.6,0.0,4.04 23:33:44 17/10/21
7,99.9,9.6,1018.64,0.0,4.04 23:38:56 17/10/21
8,99.9,9.5,1018.72,0.0,4.04 23:44:10 17/10/21
8,99.9,9.389999,1018.63,0.01,4.04 23:49:23 17/10/21
9,99.9,9.280001,1018.79,0.01,4.04 23:54:44 17/10/21
