8,99.9,9.190001,1018.82,0.01,4.04 00:00:03 18/10/21
7,99.9,9.09,1018.83,0.01,4.04 00:05:20 18/10/21
7,99.9,8.99,1018.88,0.01,3.98 00:10:33 18/10/21
7,99.9,8.9,1018.92,0.01,4.04 00:15:51 18/10/21
6,99.9,8.860001,1018.92,0.01,4.04 00:21:11 18/10/21
6,99.9,8.77,1018.88,0.01,4.04 00:26:20 18/10/21
5,99.9,8.690001,1018.86,0.01,4.04 00:31:35 18/10/21
5,99.9,8.655001,1018.83,0.01,4.04 00:36:48 18/10/21
5,99.9,8.59,1018.87,0.01,4.04 00:42:01 18/10/21
5,99.9,8.57,1018.82,0.01,4.04 00:47:14 18/10/21
5,99.9,8.49,1018.84,0.01,4.04 00:52:25 18/10/21
5,99.9,8.47,1018.83,0.01,4.04 00:57:43 18/10/21
5,99.9,8.41,1018.94,0.01,4.03 01:02:58 18/10/21
4,99.9,8.395,1018.89,0.01,4.04 01:08:15 18/10/21
4,99.9,8.38,1018.88,0.01,4.04 01:13:26 18/10/21
4,99.9,8.360001,1018.88,0.01,4.04 01:18:41 18/10/21
4,99.9,8.295,1018.82,0.01,4.04 01:23:54 18/10/21
5,99.9,8.360001,1018.75,0.01,4.04 01:29:06 18/10/21
4,99.9,8.389999,1018.72,0.0,4.04 01:34:19 18/10/21
3,99.9,8.48,1018.83,0.0,4.04 01:39:31 18/10/21
3,99.9,8.57,1018.96,0.01,4.04 01:44:44 18/10/21
3,99.9,8.59,1018.99,0.0,4.04 01:49:58 18/10/21
4,99.9,8.585,1018.98,0.0,4.04 01:55:12 18/10/21
3,99.9,8.565,1018.94,0.0,4.04 02:00:28 18/10/21
3,99.9,8.49,1018.92,0.0,4.03 02:05:41 18/10/21
3,99.9,8.405,1018.79,0.0,4.04 02:10:50 18/10/21
3,99.9,8.315,1018.83,0.0,4.04 02:16:05 18/10/21
3,99.9,8.265,1018.84,0.0,4.04 02:21:19 18/10/21
3,99.9,8.175,1018.84,0.0,4.04 02:26:32 18/10/21
2,99.9,8.145,1018.84,0.0,4.03 02:31:45 18/10/21
3,99.9,8.085,1018.93,0.0,4.04 02:36:58 18/10/21
2,99.9,8.09,1018.92,0.0,4.04 02:42:09 18/10/21
2,99.9,8.1050005,1018.98,0.0,4.04 02:47:21 18/10/21
2,99.9,8.155001,1019.01,0.0,4.04 02:52:36 18/10/21
2,99.9,8.09,1019.07,0.0,4.04 02:57:49 18/10/21
2,99.9,8.075,1019.11,0.0,4.04 03:03:04 18/10/21
2,99.9,8.0,1019.07,0.0,4.04 03:08:14 18/10/21
2,99.9,7.9700003,1019.07,0.0,4.04 03:13:27 18/10/21
2,99.9,7.89,1018.98,0.0,4.04 03:18:41 18/10/21
2,99.9,7.865,1018.92,0.0,4.03 03:23:54 18/10/21
2,99.9,7.855,1018.82,0.0,4.03 03:29:07 18/10/21
1,99.9,7.79,1018.76,0.0,4.04 03:34:21 18/10/21
2,99.9,7.79,1018.8,0.0,4.03 03:39:34 18/10/21
1,99.9,7.79,1018.86,0.0,4.04 03:44:47 18/10/21
2,99.9,7.7799997,1018.91,0.0,4.04 03:50:00 18/10/21
1,99.9,7.785,1018.97,0.0,4.03 03:55:12 18/10/21
2,99.9,7.7749996,1019.04,0.0,4.04 04:00:30 18/10/21
1,99.9,7.7650003,1019.0,0.0,4.03 04:05:46 18/10/21
1,99.9,7.695,1019.0,0.0,4.04 04:11:01 18/10/21
1,99.9,7.665,1018.88,0.0,4.04 04:16:19 18/10/21
1,99.9,7.5950003,1018.78,0.0,4.03 04:21:34 18/10/21
1,99.9,7.5649996,1018.68,0.0,4.03 04:26:49 18/10/21
1,99.9,7.585,1018.71,0.0,4.03 04:32:01 18/10/21
1,99.9,7.5950003,1018.78,0.0,4.03 04:37:12 18/10/21
1,99.9,7.59,1018.68,0.0,4.04 04:42:28 18/10/21
1,99.9,7.5649996,1018.68,0.0,4.03 04:47:39 18/10/21
1,99.9,7.4900002,1018.72,0.0,4.03 04:52:54 18/10/21
0,99.9,7.4700003,1018.71,0.0,4.03 04:58:04 18/10/21
1,99.9,7.39,1018.64,0.0,4.03 05:03:17 18/10/21
1,99.9,7.3149996,1018.66,0.0,4.04 05:08:31 18/10/21
1,99.9,7.29,1018.66,0.0,4.03 05:13:44 18/10/21
1,99.9,7.27,1018.47,0.0,4.03 05:18:57 18/10/21
1,99.9,7.345,1018.5,0.0,4.03 05:24:09 18/10/21
1,99.9,7.3849998,1018.53,0.0,4.03 05:29:22 18/10/21
1,99.9,7.4700003,1018.54,0.0,4.03 05:34:37 18/10/21
0,99.9,7.5550003,1018.54,0.0,4.03 05:39:50 18/10/21
0,99.9,7.59,1018.67,0.0,4.03 05:45:01 18/10/21
0,99.9,7.65,1018.75,0.0,4.03 05:50:13 18/10/21
0,99.9,7.65,1018.77,0.0,4.03 05:55:26 18/10/21
0,99.9,7.5950003,1018.9,0.0,4.03 06:00:41 18/10/21
1,99.9,7.58,1018.87,0.0,4.03 06:05:54 18/10/21
0,99.9,7.575,1018.8,0.0,4.03 06:11:05 18/10/21
1,99.9,7.5600004,1018.84,0.0,4.03 06:16:20 18/10/21
0,99.9,7.575,1018.79,0.0,4.03 06:21:33 18/10/21
0,99.9,7.575,1018.73,0.0,4.03 06:26:49 18/10/21
0,99.9,7.58,1018.73,0.0,4.04 06:32:05 18/10/21
0,99.9,7.58,1018.76,0.0,4.04 06:37:18 18/10/21
0,99.9,7.5649996,1018.75,0.0,4.03 06:42:31 18/10/21
0,99.9,7.58,1018.81,0.0,4.03 06:47:44 18/10/21
1,99.9,7.5699997,1018.74,0.0,4.03 06:53:09 18/10/21
0,99.9,7.5950003,1018.82,0.0,4.03 06:58:20 18/10/21
0,99.9,7.6000004,1018.85,0.0,4.03 07:03:33 18/10/21
0,99.9,7.59,1018.86,0.0,4.03 07:08:46 18/10/21
0,99.9,7.585,1018.83,0.0,4.03 07:14:03 18/10/21
0,99.9,7.58,1018.82,0.03,4.03 07:19:22 18/10/21
0,99.9,7.585,1018.85,0.07,4.03 07:24:35 18/10/21
0,99.9,7.585,1018.88,0.17,4.03 07:29:46 18/10/21
0,99.9,7.59,1018.99,0.37,4.03 07:34:58 18/10/21
0,99.9,7.585,1019.07,0.94,4.03 07:40:13 18/10/21
0,99.9,7.585,1019.01,1.86,4.03 07:45:24 18/10/21
2,99.9,7.575,1018.97,3.45,4.03 07:50:52 18/10/21
2,99.9,7.64,1019.0,4.12,4.03 07:56:09 18/10/21
2,99.9,7.64,1019.01,4.16,4.03 08:01:22 18/10/21
3,99.9,7.585,1019.0,4.17,4.03 08:06:35 18/10/21
3,99.9,7.59,1019.1,4.28,4.03 08:11:46 18/10/21
5,99.9,7.585,1019.21,4.61,4.04 08:16:59 18/10/21
7,99.9,7.585,1019.3,4.72,4.03 08:22:12 18/10/21
11,99.9,7.585,1019.31,4.79,4.03 08:27:26 18/10/21
6,99.9,7.66,1019.37,4.19,4.03 08:32:40 18/10/21
6,99.9,7.685,1019.25,5.0,4.04 08:37:51 18/10/21
7,99.9,7.76,1019.35,4.95,4.04 08:43:05 18/10/21
9,99.9,7.79,1019.37,4.91,4.04 08:48:18 18/10/21
9,99.9,7.865,1019.35,5.0,4.04 08:53:31 18/10/21
11,99.9,7.955,1019.25,5.0,4.04 08:58:43 18/10/21
11,99.9,7.995,1019.34,4.12,4.04 09:03:56 18/10/21
12,99.9,8.075,1019.28,4.16,4.04 09:09:09 18/10/21
13,99.9,8.155001,1019.37,5.0,4.04 09:14:22 18/10/21
16,99.9,8.184999,1019.36,5.0,4.04 09:19:37 18/10/21
16,99.9,8.285,1019.39,4.14,4.04 09:24:54 18/10/21
16,99.9,8.43,1019.4,5.0,4.04 09:30:11 18/10/21
27,99.9,9.535,1019.58,4.97,4.05 09:49:50 18/10/21
22,99.9,9.63,1019.6,4.19,4.05 09:55:13 18/10/21
23,99.9,9.690001,1019.6,4.09,3.96 10:00:35 18/10/21
25,99.9,9.79,1019.49,4.18,4.05 10:05:53 18/10/21
22,99.9,9.915,1019.46,4.14,4.05 10:11:12 18/10/21
21,99.9,10.01,1019.51,5.0,4.06 10:16:31 18/10/21
20,99.9,10.115,1019.48,4.12,4.06 10:21:51 18/10/21
20,99.9,10.295,1019.44,4.56,4.06 10:27:08 18/10/21
15,99.9,10.389999,1019.48,5.0,4.06 10:32:23 18/10/21
17,99.9,10.485,1019.52,5.0,4.06 10:37:39 18/10/21
17,99.9,10.594999,1019.52,4.17,4.06 10:42:57 18/10/21
16,99.9,10.63,1019.64,4.28,4.06 10:48:12 18/10/21
13,99.9,10.79,1019.61,5.0,4.06 10:53:28 18/10/21
11,99.9,10.875,1019.58,4.22,4.05 10:58:41 18/10/21
9,99.9,10.889999,1019.36,4.1,4.05 11:03:53 18/10/21
7,99.9,10.84,1019.49,4.57,4.05 11:09:06 18/10/21
11,99.9,10.83,1019.58,5.0,4.05 11:14:20 18/10/21
7,99.9,10.835,1019.52,4.58,4.06 11:19:32 18/10/21
5,99.9,10.93,1019.42,4.18,4.05 11:24:47 18/10/21
5,99.9,11.02,1019.43,5.0,4.06 11:29:59 18/10/21
7,99.9,11.125,1019.4,4.11,4.06 11:35:13 18/10/21
7,99.9,11.24,1019.28,4.18,4.06 11:40:26 18/10/21
6,99.9,11.33,1019.31,5.0,4.06 11:45:40 18/10/21
8,99.9,11.46,1019.25,5.0,4.06 11:50:53 18/10/21
5,99.9,11.695,1019.2,5.0,4.06 11:56:06 18/10/21
11,99.9,11.82,1019.08,5.0,4.07 12:01:20 18/10/21
6,99.9,11.985,1018.85,4.18,4.06 12:06:33 18/10/21
6,99.9,12.12,1018.9,4.23,4.07 12:11:49 18/10/21
6,99.9,12.245001,1018.96,4.51,4.06 12:17:02 18/10/21
7,99.9,12.389999,1018.93,4.14,4.06 12:22:15 18/10/21
7,99.9,12.485,1018.87,4.14,4.06 12:27:29 18/10/21
5,99.9,12.575,1018.92,4.55,4.06 12:32:43 18/10/21
6,99.9,12.690001,1018.84,4.14,4.06 12:37:56 18/10/21
7,99.9,12.805,1018.78,4.15,4.07 12:43:10 18/10/21
8,99.9,12.905001,1018.62,5.0,4.06 12:48:24 18/10/21
4,99.9,13.14,1018.55,5.0,4.07 12:53:36 18/10/21
8,99.9,13.255,1018.52,4.15,4.06 12:58:53 18/10/21
6,99.9,13.48,1018.56,4.32,4.07 13:04:04 18/10/21
6,99.9,13.65,1018.41,4.22,4.07 13:09:20 18/10/21
8,99.9,13.76,1018.33,5.0,4.07 13:14:32 18/10/21
16,99.9,13.875,1018.25,4.19,4.06 13:19:47 18/10/21
7,99.9,14.055,1018.2,5.0,4.07 13:25:02 18/10/21
9,99.9,14.18,1018.18,4.67,4.08 13:30:13 18/10/21
10,99.9,14.355,1018.12,4.98,4.09 13:35:29 18/10/21
7,99.9,14.545,1018.27,4.18,4.09 13:40:42 18/10/21
9,99.9,14.65,1018.39,4.71,4.08 13:45:55 18/10/21
7,99.9,14.764999,1018.31,4.21,4.08 13:51:13 18/10/21
7,99.9,14.855,1018.25,5.0,4.08 13:56:23 18/10/21
6,99.9,14.95,1018.17,4.72,4.08 14:01:39 18/10/21
6,99.9,14.96,1017.96,4.41,4.06 14:06:53 18/10/21
6,99.9,15.045,1017.89,5.0,4.07 14:12:06 18/10/21
7,99.9,15.08,1017.67,5.0,4.07 14:17:22 18/10/21
6,99.9,15.15,1017.63,4.16,4.07 14:22:33 18/10/21
6,99.9,15.165,1017.62,5.0,4.08 14:27:46 18/10/21
8,99.9,15.18,1017.63,5.0,4.07 14:33:01 18/10/21
9,99.9,15.26,1017.53,4.41,4.08 14:38:15 18/10/21
8,99.9,15.345,1017.54,5.0,4.08 14:43:29 18/10/21
8,99.9,15.455,1017.55,5.0,4.09 14:48:43 18/10/21
6,99.9,15.59,1017.54,4.16,4.07 14:53:57 18/10/21
6,99.9,15.68,1017.42,5.0,4.08 14:59:15 18/10/21
9,99.9,15.775,1017.31,4.39,4.09 15:04:33 18/10/21
8,99.9,16.025,1017.2,4.17,4.11 15:09:51 18/10/21
7,99.9,16.154999,1017.13,5.0,4.09 15:15:05 18/10/21
6,99.9,16.2,1017.18,4.15,4.08 15:20:17 18/10/21
8,99.9,16.185001,1017.05,4.2,4.08 15:25:30 18/10/21
5,99.9,16.185001,1017.04,5.0,4.09 15:30:45 18/10/21
7,99.9,16.205,1017.15,5.0,4.1 15:36:01 18/10/21
4,99.9,16.28,1017.35,5.0,4.09 15:41:14 18/10/21
11,99.9,16.365,1017.22,5.0,4.08 15:46:27 18/10/21
5,99.9,16.445,1017.27,5.0,4.08 15:51:40 18/10/21
8,99.9,16.435,1017.28,4.28,4.08 15:56:58 18/10/21
5,99.9,16.439999,1017.34,4.16,4.08 16:02:10 18/10/21
21,99.9,16.385,1017.35,5.0,4.08 16:07:23 18/10/21
5,99.9,16.38,1017.39,5.0,4.07 16:12:38 18/10/21
9,99.9,16.38,1017.49,4.9,4.08 16:17:51 18/10/21
3,99.9,16.385,1017.45,4.87,4.08 16:23:07 18/10/21
4,99.9,16.445,1017.52,4.15,4.08 16:28:21 18/10/21
3,99.9,16.445,1017.39,5.0,4.08 16:33:34 18/10/21
7,99.9,16.39,1017.39,4.29,4.08 16:38:51 18/10/21
8,99.9,16.33,1017.28,5.0,4.08 16:44:04 18/10/21
1,99.9,16.3,1017.27,4.66,4.07 16:49:17 18/10/21
1,99.9,16.205,1017.32,5.0,4.08 16:54:32 18/10/21
11,99.9,16.17,1017.29,5.0,4.07 16:59:46 18/10/21
1,99.9,16.095001,1017.19,5.0,4.07 17:04:59 18/10/21
2,99.9,16.015,1017.33,5.0,4.08 17:10:13 18/10/21
13,99.9,15.98,1017.26,5.0,4.07 17:15:30 18/10/21
2,99.9,15.92,1017.21,5.0,4.07 17:20:44 18/10/21
2,99.9,15.965,1017.03,5.0,4.07 17:25:57 18/10/21
1,99.9,15.92,1016.94,5.0,4.07 17:31:11 18/10/21
0,99.9,15.974999,1016.93,5.0,4.07 17:36:25 18/10/21
5,99.9,15.92,1016.98,4.54,4.07 17:41:40 18/10/21
5,99.9,15.91,1016.95,4.94,4.07 17:46:53 18/10/21
1,99.9,15.83,1016.88,4.23,4.07 17:52:11 18/10/21
2,99.9,15.805,1016.94,4.37,4.07 17:57:30 18/10/21
2,99.9,15.665,1016.92,4.2,4.07 18:02:46 18/10/21
0,99.9,15.62,1016.76,4.2,4.07 18:07:57 18/10/21
0,99.9,15.514999,1016.71,4.15,4.07 18:13:15 18/10/21
0,99.9,15.424999,1016.84,4.07,4.07 18:18:27 18/10/21
0,99.9,15.26,1016.76,3.99,4.07 18:23:46 18/10/21
0,99.9,15.15,1016.7,3.74,4.07 18:29:03 18/10/21
0,99.9,15.07,1016.73,3.29,4.07 18:34:17 18/10/21
0,99.9,15.03,1016.86,2.77,4.07 18:39:30 18/10/21
0,99.9,14.93,1016.81,2.36,4.07 18:44:45 18/10/21
0,99.9,14.84,1016.86,1.83,4.07 18:49:59 18/10/21
0,99.9,14.745001,1016.89,1.14,4.07 18:55:13 18/10/21
0,99.9,14.645,1016.75,0.55,4.07 19:00:30 18/10/21
0,99.9,14.559999,1016.69,0.22,4.07 19:05:39 18/10/21
0,99.9,14.535,1016.61,0.08,4.07 19:10:54 18/10/21
0,99.9,14.475,1016.66,0.02,4.07 19:16:08 18/10/21
0,99.9,14.47,1016.61,0.0,4.07 19:21:26 18/10/21
0,99.9,14.46,1016.49,0.0,4.07 19:26:40 18/10/21
0,99.9,14.455,1016.59,0.0,4.07 19:31:59 18/10/21
0,99.9,14.440001,1016.62,0.0,4.07 19:37:11 18/10/21
0,99.9,14.37,1016.7,0.0,4.06 19:42:26 18/10/21
0,99.9,14.35,1016.66,0.0,4.06 19:47:40 18/10/21
0,99.9,14.275,1016.72,0.0,4.07 19:52:55 18/10/21
0,99.9,14.255,1016.68,0.0,4.07 19:58:07 18/10/21
0,99.9,14.245001,1016.65,0.0,4.07 20:03:21 18/10/21
0,99.9,14.18,1016.67,0.0,4.07 20:08:37 18/10/21
0,99.9,14.225,1016.79,0.0,4.07 20:13:51 18/10/21
0,99.9,14.16,1016.78,0.0,4.07 20:19:06 18/10/21
0,99.9,14.155001,1016.75,0.0,4.07 20:24:18 18/10/21
0,99.9,14.09,1016.76,0.0,4.07 20:29:33 18/10/21
0,99.9,14.07,1016.75,0.0,4.06 20:34:44 18/10/21
0,99.9,14.059999,1016.82,0.0,4.07 20:40:00 18/10/21
0,99.9,14.055,1016.82,0.0,4.07 20:45:17 18/10/21
0,99.9,14.045,1016.86,0.0,4.07 20:50:35 18/10/21
0,99.9,13.98,1016.76,0.0,4.06 20:55:51 18/10/21
0,99.9,13.965,1016.71,0.0,4.06 21:01:04 18/10/21
0,99.9,13.96,1016.75,0.0,4.06 21:06:17 18/10/21
0,99.9,13.950001,1016.81,0.0,4.06 21:11:30 18/10/21
0,99.9,13.950001,1016.68,0.0,4.06 21:16:46 18/10/21
0,99.9,13.945,1016.78,0.0,4.06 21:22:00 18/10/21
0,99.9,13.945,1016.78,0.0,4.06 21:27:13 18/10/21
0,99.9,13.940001,1016.79,0.0,4.06 21:32:27 18/10/21
0,99.9,13.945,1016.95,0.0,4.06 21:37:41 18/10/21
0,99.9,13.940001,1016.92,0.0,4.06 21:42:58 18/10/21
0,99.9,13.96,1016.91,0.0,4.06 21:48:20 18/10/21
0,99.9,13.97,1016.85,0.0,4.06 21:53:38 18/10/21
0,99.9,13.97,1016.9,0.0,4.06 21:58:54 18/10/21
0,99.9,13.975,1016.85,0.0,4.06 22:04:07 18/10/21
0,99.9,13.975,1016.87,0.0,4.06 22:09:24 18/10/21
0,99.9,14.03,1016.85,0.0,4.06 22:14:44 18/10/21
0,99.9,13.98,1016.89,0.0,4.06 22:20:02 18/10/21
0,99.9,13.99,1016.88,0.0,4.06 22:25:19 18/10/21
0,99.9,13.985001,1016.87,0.0,4.06 22:30:33 18/10/21
0,99.9,13.98,1016.84,0.0,4.06 22:35:48 18/10/21
0,99.9,13.98,1016.77,0.0,4.06 22:41:04 18/10/21
0,99.9,13.975,1016.81,0.0,4.06 22:46:15 18/10/21
0,99.9,13.96,1016.81,0.0,4.06 22:51:29 18/10/21
0,99.9,13.940001,1016.77,0.0,4.06 22:56:42 18/10/21
0,99.9,13.934999,1016.88,0.0,4.06 23:01:56 18/10/21
0,99.9,13.875,1016.8,0.0,4.06 23:07:14 18/10/21
0,99.9,13.885,1016.8,0.0,4.06 23:12:32 18/10/21
0,99.9,13.925,1016.71,0.0,4.06 23:17:46 18/10/21
0,99.9,13.940001,1016.74,0.0,4.06 23:22:59 18/10/21
0,99.9,13.889999,1016.72,0.0,4.06 23:28:13 18/10/21
0,99.9,13.940001,1016.78,0.0,4.06 23:33:31 18/10/21
0,99.9,13.97,1016.83,0.0,4.06 23:38:48 18/10/21
0,99.9,13.98,1016.76,0.0,4.06 23:44:05 18/10/21
0,99.9,13.975,1016.75,0.0,4.06 23:49:23 18/10/21
0,99.9,14.025,1016.66,0.0,4.06 23:54:40 18/10/21
0,99.9,13.985001,1016.49,0.0,4.06 23:59:54 18/10/21
