0,99.9,13.745001,1019.97,0.0,4.12 00:05:19 27/10/21
0,99.9,13.76,1019.95,0.0,4.12 00:10:35 27/10/21
0,99.9,13.77,1020.01,0.0,4.12 00:15:46 27/10/21
0,99.9,13.765,1019.99,0.0,4.12 00:20:59 27/10/21
0,99.9,13.765,1019.97,0.0,4.12 00:26:16 27/10/21
0,99.9,13.77,1020.02,0.0,4.12 00:31:33 27/10/21
0,99.9,13.765,1019.94,0.0,4.12 00:36:51 27/10/21
0,99.9,13.755,1019.98,0.0,4.12 00:42:13 27/10/21
0,99.9,13.695,1019.95,0.0,4.12 00:47:26 27/10/21
0,99.9,13.665,1019.92,0.0,4.12 00:52:40 27/10/21
0,99.9,13.58,1020.05,0.0,4.12 00:57:58 27/10/21
0,99.9,13.565,1019.97,0.0,4.12 01:03:13 27/10/21
0,99.9,13.565,1019.98,0.0,4.12 01:08:34 27/10/21
0,99.9,13.559999,1020.0,0.0,4.12 01:14:00 27/10/21
0,99.9,13.565,1020.03,0.0,4.12 01:19:21 27/10/21
0,99.9,13.58,1020.0,0.0,4.12 01:24:40 27/10/21
0,99.9,13.635,1019.93,0.0,4.12 01:29:52 27/10/21
0,99.9,13.645,1019.97,0.0,4.12 01:35:06 27/10/21
0,99.9,13.66,1019.95,0.0,4.12 01:40:17 27/10/21
0,99.9,13.66,1019.99,0.0,4.12 01:45:32 27/10/21
0,99.9,13.655001,1019.95,0.0,4.12 01:50:45 27/10/21
0,99.9,13.665,1019.96,0.0,4.12 01:56:01 27/10/21
0,99.9,13.665,1019.94,0.0,4.12 02:01:13 27/10/21
0,99.9,13.67,1020.0,0.0,4.11 02:06:30 27/10/21
0,99.9,13.684999,1020.06,0.0,4.11 02:11:41 27/10/21
0,99.9,13.695,1020.06,0.0,4.11 02:16:54 27/10/21
0,99.9,13.755,1020.05,0.0,4.11 02:22:16 27/10/21
0,99.9,13.765,1020.04,0.0,4.11 02:27:30 27/10/21
0,99.9,13.77,1020.02,0.0,4.11 02:32:46 27/10/21
0,99.9,13.775,1020.04,0.0,4.11 02:37:59 27/10/21
0,99.9,13.775,1020.05,0.0,4.11 02:43:14 27/10/21
0,99.9,13.825,1020.03,0.0,4.11 02:48:30 27/10/21
0,99.9,13.785,1020.06,0.0,4.11 02:53:42 27/10/21
0,99.9,13.785,1020.0,0.0,4.11 02:58:55 27/10/21
0,99.9,13.780001,1019.97,0.0,4.11 03:04:14 27/10/21
0,99.9,13.785,1019.99,0.0,4.11 03:09:32 27/10/21
0,99.9,13.785,1020.01,0.0,4.11 03:14:43 27/10/21
0,99.9,13.82,1019.95,0.0,4.11 03:19:58 27/10/21
0,99.9,13.77,1019.93,0.0,4.11 03:25:15 27/10/21
0,99.9,13.765,1019.82,0.0,4.11 03:30:25 27/10/21
0,99.9,13.76,1019.77,0.0,4.11 03:35:39 27/10/21
0,99.9,13.745001,1019.71,0.0,4.11 03:41:03 27/10/21
0,99.9,13.7,1019.67,0.0,4.11 03:46:14 27/10/21
0,99.9,13.73,1019.67,0.0,4.11 03:51:31 27/10/21
0,99.9,13.67,1019.62,0.0,4.11 03:56:47 27/10/21
0,99.9,13.67,1019.61,0.0,4.11 04:02:05 27/10/21
0,99.9,13.65,1019.68,0.0,4.11 04:07:18 27/10/21
0,99.9,13.66,1019.7,0.0,4.11 04:12:33 27/10/21
0,99.9,13.639999,1019.68,0.0,4.11 04:17:47 27/10/21
0,99.9,13.639999,1019.56,0.0,4.11 04:22:59 27/10/21
0,99.9,13.585,1019.59,0.0,4.11 04:28:19 27/10/21
0,99.9,13.58,1019.59,0.0,4.11 04:33:35 27/10/21
0,99.9,13.51,1019.62,0.0,4.11 04:38:52 27/10/21
0,99.9,13.49,1019.67,0.0,4.11 04:44:09 27/10/21
0,99.9,13.4,1019.71,0.0,4.11 04:49:32 27/10/21
0,99.9,13.375,1019.67,0.0,4.11 04:54:49 27/10/21
0,99.9,13.3,1019.75,0.0,4.11 05:00:07 27/10/21
0,99.9,13.27,1019.71,0.0,4.11 05:05:24 27/10/21
0,99.9,13.190001,1019.68,0.0,4.11 05:10:38 27/10/21
0,99.9,13.195,1019.77,0.0,4.11 05:15:53 27/10/21
0,99.9,13.190001,1019.73,0.0,4.1 05:21:20 27/10/21
0,99.9,13.25,1019.68,0.0,4.11 05:26:36 27/10/21
0,99.9,13.190001,1019.59,0.0,4.1 05:31:58 27/10/21
0,99.9,13.25,1019.59,0.0,4.1 05:37:13 27/10/21
0,99.9,13.195,1019.63,0.0,4.1 05:42:30 27/10/21
0,99.9,13.190001,1019.68,0.0,4.1 05:47:53 27/10/21
0,99.9,13.190001,1019.67,0.0,4.11 05:53:15 27/10/21
0,99.9,13.25,1019.6,0.0,4.1 05:58:32 27/10/21
0,99.9,13.195,1019.6,0.0,4.1 06:03:47 27/10/21
0,99.9,13.245001,1019.67,0.0,4.1 06:08:59 27/10/21
0,99.9,13.195,1019.65,0.0,4.1 06:14:14 27/10/21
0,99.9,13.25,1019.65,0.0,4.1 06:19:27 27/10/21
0,99.9,13.245001,1019.59,0.0,4.1 06:24:45 27/10/21
0,99.9,13.265,1019.71,0.0,4.1 06:29:56 27/10/21
0,99.9,13.265,1019.86,0.0,4.1 06:35:13 27/10/21
0,99.9,13.265,1019.77,0.0,4.1 06:40:31 27/10/21
0,99.9,13.26,1019.74,0.0,4.1 06:45:46 27/10/21
0,99.9,13.27,1019.75,0.0,4.1 06:51:02 27/10/21
0,99.9,13.27,1019.76,0.0,4.1 06:56:14 27/10/21
0,99.9,13.27,1019.72,0.0,4.1 07:01:25 27/10/21
0,99.9,13.275,1019.75,0.0,4.1 07:06:41 27/10/21
0,99.9,13.280001,1019.78,0.0,4.1 07:11:58 27/10/21
0,99.9,13.29,1019.83,0.0,4.1 07:17:17 27/10/21
0,99.9,13.285,1019.83,0.0,4.1 07:22:30 27/10/21
0,99.9,13.295,1019.8,0.0,4.1 07:27:44 27/10/21
0,99.9,13.295,1019.77,0.01,4.1 07:32:58 27/10/21
0,99.9,13.295,1019.82,0.01,4.1 07:38:10 27/10/21
0,99.9,13.3,1019.81,0.03,4.1 07:43:30 27/10/21
0,99.9,13.344999,1019.78,0.06,4.1 07:48:48 27/10/21
0,99.9,13.360001,1019.85,0.13,4.1 07:54:00 27/10/21
0,99.9,13.35,1019.85,0.46,4.1 07:59:15 27/10/21
0,99.9,13.3,1019.84,0.92,4.1 08:04:29 27/10/21
0,99.9,13.295,1019.74,1.22,4.1 08:09:42 27/10/21
0,99.9,13.285,1019.78,1.55,4.1 08:14:55 27/10/21
0,99.9,13.280001,1019.74,2.01,4.1 08:20:10 27/10/21
0,99.9,13.275,1019.67,2.62,4.1 08:25:26 27/10/21
0,99.9,13.280001,1019.74,3.15,4.1 08:30:38 27/10/21
0,99.9,13.275,1019.81,3.45,4.1 08:35:52 27/10/21
1,99.9,13.265,1019.86,3.82,4.1 08:41:05 27/10/21
1,99.9,13.27,1019.93,3.91,4.1 08:46:18 27/10/21
1,99.9,13.26,1019.93,3.96,4.1 08:51:31 27/10/21
1,99.9,13.265,1020.03,4.21,4.1 08:56:50 27/10/21
2,99.9,13.27,1020.07,4.35,4.1 09:02:17 27/10/21
2,99.9,13.280001,1020.12,5.0,4.1 09:07:29 27/10/21
7,99.9,13.27,1020.25,5.0,4.1 09:12:47 27/10/21
4,99.9,13.26,1020.39,5.0,4.11 09:17:57 27/10/21
5,99.9,13.265,1020.49,4.23,4.11 09:23:11 27/10/21
3,99.9,13.29,1020.55,4.39,4.11 09:28:28 27/10/21
3,99.9,13.375,1020.62,4.22,4.11 09:33:39 27/10/21
5,99.9,13.475,1020.61,4.92,4.12 09:38:53 27/10/21
4,99.9,13.610001,1020.65,4.17,4.12 09:44:10 27/10/21
8,99.9,13.775,1020.66,4.17,4.13 09:49:21 27/10/21
6,99.9,13.965,1020.55,4.29,4.13 09:54:36 27/10/21
4,99.9,14.305,1020.6,4.27,4.14 09:59:48 27/10/21
5,99.9,14.54,1020.65,5.0,4.13 10:05:03 27/10/21
6,99.9,14.83,1020.61,4.24,4.14 10:10:20 27/10/21
7,99.9,15.165,1020.58,5.0,4.14 10:15:54 27/10/21
7,99.9,15.36,1020.65,5.0,4.15 10:21:09 27/10/21
7,99.9,15.41,1020.7,4.24,4.15 10:26:25 27/10/21
6,99.9,15.43,1020.66,4.24,4.15 10:31:39 27/10/21
7,99.9,15.385,1020.82,5.0,4.15 10:36:54 27/10/21
6,99.9,15.4,1020.88,4.38,4.16 10:42:11 27/10/21
6,99.9,15.38,1020.83,4.99,4.16 10:47:32 27/10/21
6,99.9,15.375,1020.85,5.0,4.15 10:52:44 27/10/21
5,99.9,15.375,1020.9,4.26,4.15 10:58:01 27/10/21
4,99.9,15.335,1020.91,4.74,4.15 11:03:11 27/10/21
7,99.9,15.245001,1020.89,4.55,4.15 11:08:27 27/10/21
6,99.9,15.165,1020.91,5.0,4.15 11:13:41 27/10/21
5,99.9,15.139999,1020.84,5.0,4.15 11:18:52 27/10/21
6,99.9,15.08,1020.79,5.0,4.15 11:24:06 27/10/21
6,99.9,15.125,1020.76,5.0,4.15 11:29:20 27/10/21
6,99.9,15.135,1020.81,5.0,4.15 11:34:53 27/10/21
7,99.9,15.16,1020.72,4.21,4.15 11:40:06 27/10/21
8,99.9,15.22,1020.74,5.0,4.16 11:45:19 27/10/21
7,99.9,15.23,1020.78,4.26,4.16 11:50:40 27/10/21
9,99.9,15.335,1020.86,4.23,4.16 11:56:05 27/10/21
6,99.9,15.344999,1020.76,5.0,4.16 12:01:23 27/10/21
7,99.9,15.27,1020.91,4.79,4.15 12:06:33 27/10/21
7,99.9,15.18,1020.94,5.0,4.15 12:12:00 27/10/21
6,99.9,15.190001,1020.97,5.0,4.16 12:17:18 27/10/21
8,99.9,15.24,1021.02,4.92,4.16 12:22:32 27/10/21
5,99.9,15.184999,1020.95,4.32,4.16 12:27:46 27/10/21
9,99.9,15.184999,1020.99,4.26,4.17 12:33:12 27/10/21
6,99.9,15.265,1020.89,4.24,4.16 12:38:24 27/10/21
6,99.9,15.27,1020.91,5.0,4.16 12:43:37 27/10/21
5,99.9,15.265,1020.96,5.0,4.16 12:48:50 27/10/21
6,99.9,15.265,1020.97,5.0,4.17 12:54:04 27/10/21
5,99.9,15.26,1020.88,4.44,4.17 12:59:30 27/10/21
3,99.9,15.26,1020.84,5.0,4.16 13:04:42 27/10/21
5,99.9,15.25,1020.87,5.0,4.17 13:09:56 27/10/21
6,99.9,15.265,1020.75,4.22,4.17 13:15:10 27/10/21
6,99.9,15.335,1020.73,5.0,4.17 13:20:24 27/10/21
7,99.9,15.434999,1020.75,5.0,4.17 13:25:38 27/10/21
11,99.9,15.615,1020.74,5.0,4.16 13:30:57 27/10/21
7,99.9,15.71,1020.65,5.0,4.16 13:36:15 27/10/21
11,99.9,15.745,1020.52,5.0,4.16 13:41:34 27/10/21
12,99.9,15.915001,1020.46,5.0,4.16 13:47:07 27/10/21
11,99.9,16.11,1020.38,5.0,4.16 13:52:21 27/10/21
11,99.9,16.3,1020.36,5.0,4.16 13:57:37 27/10/21
12,99.9,16.57,1020.34,5.0,4.16 14:02:51 27/10/21
8,99.9,16.785,1020.25,5.0,4.16 14:08:04 27/10/21
7,99.9,16.815,1020.26,5.0,4.16 14:13:19 27/10/21
8,99.9,16.8,1020.15,5.0,4.16 14:18:33 27/10/21
8,99.9,16.735,1020.14,5.0,4.16 14:23:48 27/10/21
10,99.9,16.720001,1020.17,5.0,4.16 14:29:01 27/10/21
10,99.9,16.725,1020.11,5.0,4.16 14:34:20 27/10/21
12,99.9,16.735,1019.98,5.0,4.16 14:39:31 27/10/21
10,99.9,16.88,1019.95,5.0,4.16 14:44:45 27/10/21
8,99.9,16.99,1019.94,5.0,4.16 14:50:00 27/10/21
7,99.9,17.01,1019.83,5.0,4.16 14:55:14 27/10/21
8,99.9,16.935,1019.84,5.0,4.16 15:00:26 27/10/21
11,99.9,16.85,1019.76,5.0,4.16 15:05:42 27/10/21
12,99.9,16.9,1019.71,5.0,4.16 15:10:57 27/10/21
7,99.9,16.92,1019.71,5.0,4.16 15:16:12 27/10/21
7,99.9,16.925,1019.63,5.0,4.15 15:21:24 27/10/21
10,99.9,16.845001,1019.55,5.0,4.15 15:26:40 27/10/21
8,99.9,16.76,1019.53,5.0,4.15 15:31:53 27/10/21
8,99.9,16.755001,1019.57,5.0,4.15 15:37:09 27/10/21
5,99.9,16.75,1019.47,5.0,4.15 15:42:21 27/10/21
5,99.9,16.815,1019.47,5.0,4.15 15:47:37 27/10/21
6,99.9,16.82,1019.46,5.0,4.15 15:53:00 27/10/21
5,99.9,16.82,1019.44,5.0,4.15 15:58:14 27/10/21
5,99.9,16.765,1019.37,5.0,4.15 16:03:26 27/10/21
5,99.9,16.74,1019.36,5.0,4.15 16:08:40 27/10/21
5,99.9,16.67,1019.29,5.0,4.15 16:13:56 27/10/21
4,99.9,16.654999,1019.25,5.0,4.15 16:19:11 27/10/21
4,99.9,16.66,1019.22,5.0,4.15 16:24:25 27/10/21
4,99.9,16.630001,1019.18,5.0,4.15 16:29:55 27/10/21
4,99.9,16.635,1019.13,5.0,4.15 16:35:10 27/10/21
4,99.9,16.56,1019.09,5.0,4.15 16:40:27 27/10/21
4,99.9,16.55,1018.99,5.0,4.15 16:45:37 27/10/21
4,99.9,16.529999,1019.01,5.0,4.15 16:50:58 27/10/21
4,99.9,16.475,1019.03,5.0,4.15 16:56:15 27/10/21
3,99.9,16.445,1018.95,5.0,4.15 17:01:29 27/10/21
4,99.9,16.365,1018.93,5.0,4.15 17:06:44 27/10/21
4,99.9,16.35,1018.93,5.0,4.15 17:12:00 27/10/21
4,99.9,16.279999,1018.86,5.0,4.15 17:17:14 27/10/21
3,99.9,16.205,1018.9,5.0,4.15 17:22:28 27/10/21
4,99.9,16.175,1018.8,5.0,4.14 17:27:49 27/10/21
3,99.9,16.154999,1018.82,5.0,4.14 17:33:11 27/10/21
3,99.9,16.085,1018.8,4.99,4.14 17:38:29 27/10/21
2,99.9,16.005,1018.85,5.0,4.14 17:43:40 27/10/21
2,99.9,15.905001,1018.83,4.68,4.14 17:48:57 27/10/21
2,99.9,15.805,1018.76,4.6,4.14 17:54:12 27/10/21
2,99.9,15.755,1018.8,4.43,4.14 17:59:22 27/10/21
2,99.9,15.599999,1018.85,4.29,4.14 18:04:45 27/10/21
0,99.9,15.5,1018.84,4.24,4.14 18:09:59 27/10/21
1,99.9,15.455,1018.95,3.92,4.14 18:15:12 27/10/21
0,99.9,15.3,1018.94,3.44,4.14 18:20:45 27/10/21
0,99.9,15.21,1018.95,3.11,4.14 18:25:57 27/10/21
0,99.9,15.1,1018.99,2.66,4.14 18:31:12 27/10/21
0,99.9,14.99,1018.99,2.59,4.14 18:36:26 27/10/21
0,99.9,14.875,1018.96,2.18,4.14 18:41:48 27/10/21
0,99.9,14.780001,1018.98,1.17,4.14 18:47:09 27/10/21
0,99.9,14.675,1018.91,0.55,4.14 18:52:24 27/10/21
0,99.9,14.495,1018.96,0.27,4.14 18:57:40 27/10/21
0,99.9,14.335,1018.98,0.13,4.14 19:02:56 27/10/21
0,99.9,14.275,1018.93,0.06,4.14 19:08:10 27/10/21
0,99.9,14.11,1018.93,0.02,4.14 19:13:21 27/10/21
0,99.9,14.01,1018.93,0.0,4.13 19:18:33 27/10/21
0,99.9,13.905,1018.97,0.0,4.14 19:23:48 27/10/21
0,99.9,13.81,1018.97,0.0,4.13 19:29:05 27/10/21
0,99.9,13.775,1018.99,0.0,4.13 19:34:34 27/10/21
0,99.9,13.76,1018.95,0.0,4.13 19:39:46 27/10/21
0,99.9,13.68,1018.99,0.0,4.13 19:45:10 27/10/21
0,99.9,13.6,1018.93,0.0,4.13 19:50:23 27/10/21
0,99.9,13.58,1018.94,0.0,4.13 19:55:38 27/10/21
0,99.9,13.559999,1018.99,0.0,4.13 20:00:50 27/10/21
1,99.9,13.49,1018.95,0.0,4.13 20:06:05 27/10/21
0,99.9,13.405,1018.87,0.0,4.13 20:11:21 27/10/21
0,99.9,13.37,1018.87,0.0,4.13 20:16:31 27/10/21
0,99.9,13.280001,1018.81,0.0,4.13 20:21:49 27/10/21
0,99.9,13.255,1018.84,0.0,4.13 20:26:58 27/10/21
0,99.9,13.175,1018.81,0.0,4.13 20:32:15 27/10/21
0,99.9,13.094999,1018.84,0.0,4.13 20:37:26 27/10/21
0,99.9,13.01,1018.77,0.0,4.13 20:42:41 27/10/21
0,99.9,12.915,1018.72,0.0,4.13 20:47:55 27/10/21
0,99.9,12.885,1018.74,0.0,4.13 20:53:07 27/10/21
0,99.9,12.79,1018.67,0.0,4.13 20:58:22 27/10/21
0,99.9,12.7,1018.63,0.0,4.13 21:03:37 27/10/21
3,99.9,12.61,1018.67,0.0,4.13 21:08:48 27/10/21
6,99.9,12.514999,1018.55,0.0,4.13 21:14:04 27/10/21
7,99.9,12.48,1018.5,0.0,4.12 21:19:17 27/10/21
8,99.9,12.395,1018.49,0.0,4.13 21:24:29 27/10/21
8,99.9,12.315001,1018.49,0.0,4.13 21:29:43 27/10/21
8,99.9,12.285,1018.51,0.0,4.13 21:34:58 27/10/21
9,99.9,12.2,1018.54,0.0,4.13 21:40:11 27/10/21
10,99.9,12.175,1018.56,0.0,4.13 21:45:23 27/10/21
9,99.9,12.09,1018.55,0.0,4.12 21:50:38 27/10/21
9,99.9,12.025,1018.54,0.0,4.12 21:55:52 27/10/21
9,99.9,12.0,1018.56,0.0,4.12 22:01:06 27/10/21
10,99.9,11.985001,1018.54,0.0,4.13 22:06:23 27/10/21
9,99.9,11.915,1018.41,0.0,4.12 22:11:41 27/10/21
9,99.9,11.9,1018.47,0.0,4.12 22:17:04 27/10/21
8,99.9,11.889999,1018.47,0.0,4.12 22:22:17 27/10/21
8,99.9,11.82,1018.4,0.0,4.12 22:27:31 27/10/21
8,99.9,11.8,1018.43,0.0,4.12 22:32:44 27/10/21
7,99.9,11.780001,1018.41,0.0,4.12 22:37:59 27/10/21
7,99.9,11.715,1018.39,0.0,4.12 22:43:10 27/10/21
7,99.9,11.7,1018.41,0.0,4.12 22:48:23 27/10/21
7,99.9,11.62,1018.44,0.0,4.12 22:53:36 27/10/21
7,99.9,11.6,1018.44,0.0,4.12 22:58:50 27/10/21
6,99.9,11.530001,1018.46,0.0,4.12 23:04:03 27/10/21
7,99.9,11.505,1018.44,0.0,4.12 23:09:17 27/10/21
6,99.9,11.485001,1018.47,0.0,4.12 23:14:30 27/10/21
6,99.9,11.415,1018.4,0.0,4.12 23:19:44 27/10/21
6,99.9,11.335,1018.3,0.0,4.12 23:25:04 27/10/21
6,99.9,11.305,1018.22,0.0,4.12 23:30:20 27/10/21
6,99.9,11.295,1018.25,0.0,4.12 23:35:35 27/10/21
5,99.9,11.275,1018.18,0.0,4.12 23:40:47 27/10/21
6,99.9,11.205,1018.21,0.0,4.12 23:46:01 27/10/21
5,99.9,11.184999,1018.21,0.0,4.12 23:51:14 27/10/21
5,99.9,11.12,1018.21,0.0,4.12 23:56:28 27/10/21
