0,99.9,19.3,1003.18,0.0,4.04 00:04:51 06/07/21
0,99.9,19.29,1003.11,0.0,4.04 00:10:10 06/07/21
0,99.9,19.279999,1002.95,0.0,4.04 00:15:29 06/07/21
0,99.9,19.265,1002.97,0.0,4.04 00:20:45 06/07/21
0,99.9,19.215,1002.99,0.0,4.04 00:25:58 06/07/21
0,99.9,19.21,1003.05,0.0,4.04 00:31:13 06/07/21
0,99.9,19.195,1003.06,0.0,4.04 00:36:36 06/07/21
3,99.9,19.255001,1003.01,0.0,4.04 00:41:49 06/07/21
6,99.9,19.205,1003.01,0.0,4.04 00:47:06 06/07/21
4,99.9,19.195,1002.95,0.0,4.04 00:52:20 06/07/21
4,99.9,19.185001,1002.99,0.0,4.04 00:57:36 06/07/21
3,99.9,19.125,1003.15,0.0,4.04 01:02:50 06/07/21
3,99.9,19.119999,1003.11,0.0,4.04 01:08:03 06/07/21
3,99.9,19.105,1002.98,0.0,4.04 01:13:20 06/07/21
3,99.9,19.09,1002.76,0.0,4.04 01:18:34 06/07/21
4,99.9,19.009998,1002.73,0.0,4.04 01:23:52 06/07/21
4,99.9,18.985,1002.5,0.0,4.04 01:29:12 06/07/21
2,99.9,18.965,1002.54,0.0,4.04 01:34:26 06/07/21
0,99.9,18.95,1002.52,0.0,4.04 01:39:42 06/07/21
0,99.9,18.875,1002.44,0.0,4.04 01:44:56 06/07/21
0,99.9,18.810001,1002.37,0.0,4.04 01:50:09 06/07/21
0,99.9,18.795,1002.27,0.0,4.04 01:55:26 06/07/21
0,99.9,18.779999,1002.19,0.0,4.04 02:00:40 06/07/21
0,99.9,18.77,1002.17,0.0,4.04 02:05:54 06/07/21
2,99.9,18.775002,1002.14,0.0,4.04 02:11:09 06/07/21
3,99.9,18.725,1002.18,0.0,4.04 02:16:24 06/07/21
3,99.9,18.775002,1002.19,0.0,4.04 02:21:38 06/07/21
4,99.9,18.775002,1002.19,0.0,4.04 02:26:53 06/07/21
3,99.9,18.779999,1002.14,0.0,4.04 02:32:07 06/07/21
2,99.9,18.779999,1001.79,0.0,4.04 02:37:23 06/07/21
1,99.9,18.775002,1001.75,0.0,4.04 02:42:41 06/07/21
1,99.9,18.775002,1001.57,0.0,4.04 02:47:58 06/07/21
2,99.9,18.705,1001.45,0.0,4.04 02:53:14 06/07/21
2,99.9,18.68,1001.5,0.0,4.04 02:58:30 06/07/21
2,99.9,18.66,1001.23,0.0,4.04 03:03:44 06/07/21
2,99.9,18.595001,1001.22,0.0,4.04 03:09:02 06/07/21
2,99.9,18.585,1001.08,0.0,4.04 03:14:21 06/07/21
2,99.9,18.585,1001.01,0.0,4.04 03:19:36 06/07/21
2,99.9,18.57,1000.98,0.0,4.04 03:24:52 06/07/21
3,99.9,18.56,1000.93,0.0,4.04 03:30:05 06/07/21
3,99.9,18.564999,1000.72,0.0,4.04 03:35:20 06/07/21
3,99.9,18.509998,1000.73,0.0,4.04 03:40:37 06/07/21
3,99.9,18.5,1000.7,0.0,4.04 03:45:50 06/07/21
3,99.9,18.49,1000.63,0.0,4.04 03:51:07 06/07/21
3,99.9,18.485,1000.54,0.0,4.04 03:56:25 06/07/21
4,99.9,18.405,1000.43,0.0,4.04 04:01:41 06/07/21
4,99.9,18.395,1000.33,0.0,4.04 04:06:56 06/07/21
5,99.9,18.395,1000.22,0.0,4.04 04:12:10 06/07/21
4,99.9,18.395,1000.07,0.0,4.04 04:17:30 06/07/21
5,99.9,18.400002,999.93,0.0,4.04 04:22:49 06/07/21
5,99.9,18.400002,999.49,0.0,4.04 04:28:04 06/07/21
5,99.9,18.405,999.51,0.0,4.04 04:33:17 06/07/21
5,99.9,18.400002,999.08,0.01,4.03 04:38:32 06/07/21
5,99.9,18.405,999.13,0.04,4.03 04:43:46 06/07/21
5,99.9,18.400002,999.26,0.1,4.03 04:49:01 06/07/21
6,99.9,18.39,999.35,0.17,4.03 04:54:15 06/07/21
6,99.9,18.395,999.36,0.27,4.02 04:59:31 06/07/21
6,99.9,18.39,999.31,0.56,4.04 05:04:45 06/07/21
5,99.9,18.39,999.37,0.75,4.04 05:09:57 06/07/21
6,99.9,18.335,999.28,1.04,4.03 05:15:14 06/07/21
5,99.9,18.375,999.34,1.67,4.04 05:20:26 06/07/21
8,99.9,18.365002,999.28,2.31,4.04 05:25:43 06/07/21
9,99.9,18.315,999.28,2.68,4.04 05:30:57 06/07/21
9,99.9,18.315,999.25,3.05,4.03 05:36:12 06/07/21
10,99.9,18.310001,999.24,3.71,4.04 05:41:27 06/07/21
13,99.9,18.305,999.28,4.03,4.04 05:46:46 06/07/21
12,99.9,18.305,999.4,3.99,4.04 05:52:04 06/07/21
11,99.9,18.3,999.45,4.03,4.04 05:57:17 06/07/21
11,99.9,18.3,999.68,4.04,4.04 06:02:33 06/07/21
18,99.9,18.3,999.7,4.65,4.04 06:07:48 06/07/21
17,99.9,18.315,999.89,4.31,4.04 06:13:06 06/07/21
22,99.9,18.380001,1000.05,4.29,4.03 06:18:25 06/07/21
23,99.9,18.39,1000.18,4.74,4.04 06:23:39 06/07/21
19,99.9,18.400002,1000.25,4.2,4.04 06:28:58 06/07/21
21,99.9,18.41,999.97,4.61,4.04 06:34:18 06/07/21
23,99.9,18.465,1000.05,4.36,4.04 06:39:30 06/07/21
18,99.9,18.41,1000.16,4.74,4.04 06:44:47 06/07/21
10,99.9,18.46,1000.05,4.36,4.03 06:50:01 06/07/21
11,99.9,18.48,1000.06,4.85,4.04 06:55:14 06/07/21
8,99.9,18.5,999.95,4.6,4.04 07:00:29 06/07/21
9,99.9,18.575,999.85,4.66,4.04 07:05:46 06/07/21
11,99.9,18.66,1000.09,4.44,4.03 07:11:04 06/07/21
8,99.9,18.744999,999.87,4.95,4.04 07:16:23 06/07/21
7,99.9,18.795,999.85,4.42,4.04 07:21:40 06/07/21
14,99.9,18.93,999.91,5.0,4.04 07:26:51 06/07/21
11,99.9,18.955,999.78,4.58,4.04 07:32:05 06/07/21
13,99.9,18.994999,999.8,5.0,4.04 07:37:20 06/07/21
9,99.9,19.075,999.81,5.0,4.04 07:42:41 06/07/21
12,99.9,19.154999,999.76,4.99,4.04 07:47:59 06/07/21
15,99.9,19.175,999.77,4.14,4.04 07:53:14 06/07/21
18,99.9,19.195,999.81,5.0,4.04 07:58:33 06/07/21
20,99.9,19.265,999.74,4.26,4.04 08:03:52 06/07/21
18,99.9,19.265,999.7,5.0,4.04 08:09:08 06/07/21
18,99.9,19.21,999.72,4.27,4.04 08:14:20 06/07/21
19,99.9,19.2,999.72,4.19,4.04 08:19:37 06/07/21
21,99.9,19.18,999.77,4.66,4.04 08:24:51 06/07/21
22,99.9,19.185001,999.85,5.0,4.04 08:30:04 06/07/21
24,99.9,19.2,999.98,4.8,4.04 08:35:26 06/07/21
23,99.9,19.205,999.98,5.0,4.04 08:40:42 06/07/21
25,99.9,19.195,999.98,4.17,4.03 08:46:01 06/07/21
26,99.9,19.2,1000.02,4.71,4.04 08:51:11 06/07/21
24,99.9,19.119999,1000.06,4.18,4.04 08:56:28 06/07/21
30,99.9,19.105,1000.25,5.0,4.04 09:01:42 06/07/21
24,99.9,19.085,1000.18,4.84,4.04 09:06:57 06/07/21
25,99.9,19.02,1000.33,4.4,4.03 09:12:13 06/07/21
21,99.9,19.009998,1000.28,5.0,4.04 09:17:24 06/07/21
21,99.9,18.99,1000.34,5.0,4.04 09:22:41 06/07/21
31,99.9,18.97,1000.34,4.11,4.04 09:28:00 06/07/21
36,99.9,18.985,1000.3,5.0,4.04 09:33:19 06/07/21
37,99.9,19.075,1000.35,4.32,4.04 09:38:33 06/07/21
36,99.9,19.255001,1000.41,5.0,4.04 09:43:48 06/07/21
35,99.9,19.52,1000.4,4.27,4.04 09:49:01 06/07/21
37,99.9,19.725,1000.4,5.0,4.04 09:54:18 06/07/21
26,99.9,19.93,1000.37,4.39,4.04 09:59:32 06/07/21
37,99.9,20.115,1000.5,5.0,4.04 10:04:47 06/07/21
37,99.9,20.215,1000.55,5.0,4.04 10:10:01 06/07/21
36,99.9,20.310001,1000.54,4.92,4.04 10:15:17 06/07/21
39,99.9,20.310001,1000.54,4.78,4.04 10:20:32 06/07/21
37,99.9,20.4,1000.83,5.0,4.05 10:25:47 06/07/21
17,99.9,20.505001,1000.74,5.0,4.05 10:31:01 06/07/21
18,99.9,20.335,1000.79,4.11,4.05 10:36:17 06/07/21
28,99.9,20.255001,1000.81,4.11,4.05 10:41:30 06/07/21
38,99.9,20.32,1000.81,5.0,4.05 10:46:46 06/07/21
40,99.9,20.34,1000.93,5.0,4.05 10:52:01 06/07/21
32,99.9,20.335,1000.82,4.18,4.06 10:57:17 06/07/21
16,99.9,20.335,1000.91,5.0,4.05 11:02:29 06/07/21
17,99.2,20.15,1000.99,4.11,4.05 11:07:44 06/07/21
18,99.7,19.965,1001.08,5.0,4.04 11:13:01 06/07/21
18,99.1,19.779999,1001.31,4.12,4.05 11:18:14 06/07/21
26,98.1,19.529999,1001.5,5.0,4.05 11:23:30 06/07/21
36,98.3,19.42,1001.51,5.0,4.07 11:28:43 06/07/21
23,97.5,19.365002,1001.7,4.94,4.05 11:34:00 06/07/21
27,97.0,19.26,1001.75,4.63,4.06 11:39:13 06/07/21
29,97.6,19.255001,1001.69,5.0,4.05 11:44:29 06/07/21
32,98.3,19.42,1001.77,5.0,4.04 11:49:44 06/07/21
39,97.0,19.68,1001.9,5.0,4.04 11:54:58 06/07/21
45,96.8,19.869999,1002.13,5.0,4.05 12:00:13 06/07/21
24,96.0,19.904999,1002.09,5.0,4.06 12:05:28 06/07/21
25,97.3,19.915,1002.13,5.0,4.06 12:10:44 06/07/21
20,96.8,19.915,1002.23,5.0,4.06 12:15:56 06/07/21
18,96.3,19.825,1002.3,4.15,4.05 12:21:13 06/07/21
37,96.6,19.735,1002.34,4.3,4.05 12:26:31 06/07/21
37,95.4,19.815,1002.33,4.24,4.05 12:31:53 06/07/21
27,95.3,19.974998,1002.28,4.12,4.05 12:37:06 06/07/21
47,95.2,20.0,1002.32,4.62,4.05 12:42:20 06/07/21
23,94.2,20.18,1002.39,5.0,4.05 12:47:35 06/07/21
25,93.8,20.115,1002.33,4.12,4.05 12:52:50 06/07/21
45,94.6,20.18,1002.41,4.98,4.06 12:58:06 06/07/21
43,93.8,20.470001,1002.55,4.87,4.05 13:03:25 06/07/21
25,93.4,20.75,1002.43,5.0,4.05 13:08:43 06/07/21
32,93.2,20.7,1002.48,4.1,4.04 13:13:57 06/07/21
20,93.3,20.619999,1002.51,4.15,4.05 13:19:13 06/07/21
47,93.0,20.51,1002.57,4.79,4.05 13:24:28 06/07/21
25,92.8,20.585,1002.63,5.0,4.05 13:29:43 06/07/21
31,92.2,20.665,1002.68,5.0,4.05 13:35:10 06/07/21
19,92.3,20.68,1002.72,5.0,4.05 13:40:28 06/07/21
21,92.1,20.505001,1002.83,4.39,4.05 13:45:45 06/07/21
25,92.1,20.42,1003.0,5.0,4.05 13:51:01 06/07/21
23,91.1,20.384998,1003.02,4.7,4.05 13:56:15 06/07/21
24,92.1,20.39,1003.18,4.16,4.05 14:01:28 06/07/21
23,92.6,20.325,1003.18,4.62,4.05 14:06:43 06/07/21
26,91.8,20.24,1003.26,4.94,4.05 14:12:04 06/07/21
19,91.6,20.215,1003.27,4.56,4.05 14:17:24 06/07/21
27,91.2,20.125,1003.35,4.38,4.05 14:22:43 06/07/21
23,92.3,20.19,1003.48,5.0,4.05 14:28:00 06/07/21
29,91.8,20.130001,1003.53,4.14,4.05 14:33:14 06/07/21
64,93.2,20.285,1003.56,5.0,4.05 14:38:33 06/07/21
32,92.6,20.66,1003.69,4.11,4.05 14:43:45 06/07/21
27,90.8,20.755001,1003.57,5.0,4.05 14:49:06 06/07/21
21,90.7,20.625,1003.68,5.0,4.05 14:54:24 06/07/21
19,91.0,20.445,1003.91,4.38,4.05 14:59:39 06/07/21
18,91.4,20.32,1004.06,5.0,4.06 15:04:53 06/07/21
16,91.6,20.235,1004.03,4.11,4.05 15:10:09 06/07/21
16,92.4,20.21,1004.04,5.0,4.05 15:15:24 06/07/21
17,92.5,20.14,1004.11,5.0,4.05 15:20:40 06/07/21
34,92.5,20.125,1004.06,5.0,4.06 15:25:54 06/07/21
39,93.0,20.54,1003.96,4.24,4.05 15:31:09 06/07/21
35,94.0,21.005001,1003.98,5.0,4.05 15:36:22 06/07/21
23,92.3,21.42,1004.11,5.0,4.05 15:41:39 06/07/21
42,91.5,21.615,1004.24,4.38,4.05 15:46:55 06/07/21
39,88.9,21.585,1004.16,5.0,4.05 15:52:09 06/07/21
22,91.1,21.51,1004.4,4.65,4.05 15:57:25 06/07/21
16,89.7,21.255001,1004.45,4.78,4.05 16:02:38 06/07/21
22,90.0,20.974998,1004.72,4.54,4.05 16:07:54 06/07/21
16,90.5,20.77,1004.78,4.48,4.05 16:13:07 06/07/21
23,90.7,20.645,1004.73,4.24,4.05 16:18:23 06/07/21
31,92.5,20.71,1004.79,4.26,4.04 16:23:41 06/07/21
19,91.3,20.8,1004.75,4.11,4.05 16:28:59 06/07/21
10,91.2,20.75,1004.97,5.0,4.05 16:34:19 06/07/21
39,91.1,20.555,1005.02,5.0,4.05 16:39:32 06/07/21
102,93.2,20.315,1005.28,5.0,4.05 16:44:47 06/07/21
63,95.1,20.51,1005.26,4.38,4.05 16:50:01 06/07/21
47,95.2,20.785,1005.18,4.99,4.05 16:55:17 06/07/21
32,94.6,21.095001,1005.27,4.3,4.05 17:00:32 06/07/21
20,94.3,21.21,1005.2,4.94,4.05 17:05:45 06/07/21
24,92.5,21.154999,1005.26,4.23,4.05 17:11:01 06/07/21
16,92.8,21.075,1005.31,4.78,4.05 17:16:16 06/07/21
16,92.4,20.95,1005.32,4.61,4.04 17:21:31 06/07/21
27,93.2,20.935,1005.4,5.0,4.05 17:26:46 06/07/21
18,91.7,20.925,1005.4,5.0,4.05 17:32:02 06/07/21
17,91.7,20.785,1005.34,5.0,4.05 17:37:17 06/07/21
17,91.8,20.67,1005.53,5.0,4.05 17:42:32 06/07/21
15,91.6,20.57,1005.52,4.29,4.05 17:47:47 06/07/21
10,91.8,20.380001,1005.74,5.0,4.05 17:53:02 06/07/21
20,93.1,20.035,1005.79,4.84,4.05 17:58:18 06/07/21
35,93.3,19.825,1005.73,5.0,4.05 18:03:30 06/07/21
24,93.9,19.795,1005.68,4.38,4.05 18:08:51 06/07/21
21,94.0,19.84,1005.73,5.0,4.05 18:14:11 06/07/21
18,94.5,19.779999,1005.73,5.0,4.04 18:19:25 06/07/21
13,94.5,19.765,1005.95,4.81,4.05 18:24:43 06/07/21
42,95.4,19.744999,1006.46,5.0,4.05 18:30:03 06/07/21
55,95.6,19.665,1006.28,4.81,4.05 18:35:18 06/07/21
89,97.1,19.58,1006.26,4.47,4.05 18:40:32 06/07/21
54,97.2,19.585,1006.4,4.51,4.05 18:45:47 06/07/21
42,97.5,19.58,1006.45,4.94,4.05 18:51:03 06/07/21
36,97.4,19.509998,1006.41,4.3,4.04 18:56:15 06/07/21
27,97.4,19.43,1006.42,5.0,4.04 19:01:40 06/07/21
21,97.2,19.41,1006.33,5.0,4.04 19:06:55 06/07/21
23,97.1,19.395,1006.39,4.57,4.05 19:12:12 06/07/21
17,97.2,19.380001,1006.48,5.0,4.05 19:17:24 06/07/21
20,97.2,19.295,1006.57,5.0,4.04 19:22:38 06/07/21
18,97.2,19.220001,1006.59,5.0,4.04 19:27:54 06/07/21
12,97.7,19.21,1006.66,4.2,4.04 19:33:11 06/07/21
13,97.3,19.185001,1006.66,4.56,4.04 19:38:23 06/07/21
19,97.8,19.115,1006.71,4.15,4.05 19:43:39 06/07/21
18,97.6,19.095001,1006.62,4.22,4.05 19:48:53 06/07/21
17,98.0,19.11,1006.65,4.79,4.05 19:54:07 06/07/21
11,97.7,19.189999,1006.65,5.0,4.04 19:59:22 06/07/21
13,97.9,19.220001,1006.74,4.91,4.04 20:04:41 06/07/21
13,97.7,19.225,1006.74,5.0,4.05 20:10:01 06/07/21
28,97.9,19.220001,1006.71,4.1,4.05 20:15:13 06/07/21
14,98.3,19.220001,1006.71,5.0,4.05 20:20:30 06/07/21
14,98.3,19.285,1006.68,5.0,4.05 20:25:44 06/07/21
11,98.2,19.3,1006.72,5.0,4.05 20:31:00 06/07/21
7,97.8,19.310001,1006.85,4.77,4.04 20:36:15 06/07/21
7,97.6,19.29,1006.89,4.49,4.05 20:41:32 06/07/21
6,97.6,19.27,1006.94,4.64,4.04 20:46:52 06/07/21
11,97.5,19.189999,1007.06,4.62,4.04 20:52:13 06/07/21
5,97.8,19.16,1007.13,4.67,4.04 20:57:28 06/07/21
7,97.6,19.07,1007.29,4.46,4.04 21:02:45 06/07/21
6,97.5,18.994999,1007.26,4.42,4.04 21:08:06 06/07/21
7,97.0,18.83,1007.35,4.52,4.04 21:13:22 06/07/21
6,96.9,18.725,1007.39,4.2,4.04 21:18:38 06/07/21
5,97.0,18.619999,1007.46,4.16,4.04 21:23:52 06/07/21
4,96.9,18.509998,1007.53,4.14,4.04 21:29:06 06/07/21
4,96.9,18.400002,1007.63,4.04,4.04 21:34:22 06/07/21
3,96.7,18.3,1007.61,3.8,4.04 21:39:39 06/07/21
2,96.7,18.195,1007.7,3.56,4.04 21:45:03 06/07/21
1,96.7,18.095001,1007.77,3.29,4.04 21:50:20 06/07/21
1,96.7,17.97,1007.85,2.98,4.04 21:55:34 06/07/21
0,96.6,17.815,1007.92,2.64,4.04 22:00:51 06/07/21
0,96.6,17.695,1007.95,2.25,4.04 22:06:05 06/07/21
0,96.6,17.585,1008.0,1.85,4.04 22:11:20 06/07/21
0,96.6,17.485,1008.08,1.45,4.04 22:16:35 06/07/21
0,96.6,17.380001,1008.08,0.98,4.04 22:21:49 06/07/21
0,96.7,17.279999,1008.18,0.56,4.04 22:27:12 06/07/21
0,96.9,17.185001,1008.31,0.3,4.04 22:32:27 06/07/21
0,95.9,17.48,1008.53,0.02,4.04 22:52:16 06/07/21
0,96.2,17.265,1008.54,0.01,4.04 22:57:30 06/07/21
0,96.8,17.02,1008.52,0.0,4.04 23:02:58 06/07/21
0,96.9,16.880001,1008.58,0.0,4.04 23:08:28 06/07/21
0,97.1,16.785,1008.56,0.0,4.02 23:13:59 06/07/21
0,97.1,16.689999,1008.59,0.0,4.04 23:19:24 06/07/21
0,97.3,16.665,1008.57,0.0,4.04 23:24:42 06/07/21
0,97.4,16.58,1008.6,0.0,4.04 23:30:07 06/07/21
0,96.7,16.885,1008.63,0.0,4.04 23:49:45 06/07/21
0,96.8,16.685001,1008.74,0.0,4.04 23:55:00 06/07/21
