0,94.3,19.325,1019.18,0.0,4.01 00:04:33 09/07/21
0,94.3,19.3,1019.21,0.0,4.01 00:09:52 09/07/21
0,94.3,19.279999,1019.36,0.0,4.01 00:15:07 09/07/21
0,94.1,19.205,1019.43,0.0,4.01 00:20:21 09/07/21
0,93.9,19.189999,1019.4,0.0,4.01 00:25:40 09/07/21
0,94.1,19.119999,1019.37,0.0,4.01 00:30:58 09/07/21
0,94.6,19.085,1019.32,0.0,4.0 00:36:14 09/07/21
0,94.4,18.994999,1019.31,0.0,4.01 00:41:29 09/07/21
0,94.3,18.89,1019.27,0.0,4.01 00:46:47 09/07/21
0,94.0,18.795,1019.32,0.0,4.0 00:52:07 09/07/21
0,94.0,18.685001,1019.3,0.0,4.01 00:57:21 09/07/21
0,94.7,18.595001,1019.35,0.0,4.01 01:02:37 09/07/21
0,94.5,18.494999,1019.44,0.0,4.0 01:07:59 09/07/21
0,95.0,18.42,1019.42,0.0,4.0 01:13:14 09/07/21
0,95.0,18.325,1019.42,0.0,4.01 01:18:28 09/07/21
0,95.0,18.285,1019.44,0.0,4.01 01:23:44 09/07/21
0,94.9,18.185001,1019.35,0.0,4.0 01:28:58 09/07/21
0,94.9,18.085,1019.29,0.0,4.0 01:34:18 09/07/21
0,95.0,17.98,1019.34,0.0,4.0 01:39:35 09/07/21
1,95.2,17.875,1019.34,0.0,4.0 01:44:50 09/07/21
3,95.2,17.74,1019.4,0.0,4.01 01:50:04 09/07/21
7,95.6,17.635,1019.32,0.0,4.0 01:55:19 09/07/21
7,95.5,17.529999,1019.31,0.0,4.01 02:00:33 09/07/21
8,95.5,17.435001,1019.28,0.0,4.0 02:05:52 09/07/21
8,95.5,17.39,1019.27,0.0,4.0 02:11:11 09/07/21
8,95.5,17.295,1019.33,0.0,4.0 02:16:23 09/07/21
9,95.6,17.205,1019.36,0.0,4.0 02:21:43 09/07/21
8,95.5,17.115,1019.37,0.0,4.0 02:27:03 09/07/21
8,95.8,17.02,1019.38,0.0,4.01 02:32:17 09/07/21
8,95.9,16.93,1019.32,0.0,4.0 02:37:34 09/07/21
7,95.7,16.89,1019.3,0.0,4.0 02:42:46 09/07/21
7,96.0,16.8,1019.29,0.0,4.0 02:48:01 09/07/21
6,96.2,16.71,1019.28,0.0,4.0 02:53:14 09/07/21
6,96.1,16.619999,1019.28,0.0,4.0 02:58:41 09/07/21
6,95.9,16.585,1019.22,0.0,4.0 03:04:01 09/07/21
5,96.1,16.445,1019.24,0.0,4.0 03:09:14 09/07/21
5,96.3,16.335,1019.18,0.0,4.0 03:14:34 09/07/21
5,96.4,16.3,1019.13,0.0,4.0 03:19:52 09/07/21
5,96.5,16.205,1019.14,0.0,4.0 03:25:06 09/07/21
4,96.5,16.115,1019.14,0.0,4.0 03:30:21 09/07/21
4,96.4,16.08,1019.07,0.0,4.0 03:35:34 09/07/21
4,96.7,16.0,1019.15,0.0,4.0 03:40:49 09/07/21
4,96.7,15.92,1019.12,0.0,4.0 03:46:03 09/07/21
4,96.8,15.83,1019.11,0.0,4.0 03:51:17 09/07/21
4,96.6,15.74,1019.15,0.0,4.0 03:56:31 09/07/21
3,97.1,15.71,1019.17,0.0,4.0 04:01:45 09/07/21
4,97.0,15.625,1019.05,0.0,4.0 04:07:03 09/07/21
3,96.9,15.595,1019.02,0.0,4.0 04:12:27 09/07/21
3,97.3,15.525,1019.06,0.0,4.0 04:17:49 09/07/21
3,97.3,15.5,1019.12,0.0,4.0 04:23:07 09/07/21
3,97.2,15.42,1019.12,0.0,4.0 04:28:22 09/07/21
3,97.4,15.389999,1019.18,0.0,4.0 04:33:36 09/07/21
3,97.1,15.305,1019.18,0.01,4.0 04:38:49 09/07/21
3,97.2,15.23,1019.2,0.03,4.0 04:44:08 09/07/21
3,97.2,15.2,1019.13,0.08,4.0 04:49:35 09/07/21
3,97.5,15.12,1019.08,0.16,4.0 04:54:49 09/07/21
4,97.6,15.094999,1019.11,0.32,4.0 05:00:07 09/07/21
6,96.8,15.075,1019.06,0.61,4.0 05:05:26 09/07/21
4,97.7,15.02,1019.11,1.01,4.0 05:10:40 09/07/21
4,97.1,15.065,1019.11,1.43,4.0 05:15:54 09/07/21
5,98.2,15.07,1019.1,1.94,4.0 05:21:08 09/07/21
6,97.4,15.085,1019.16,2.29,4.0 05:26:26 09/07/21
6,97.3,15.155001,1019.14,2.56,4.0 05:31:45 09/07/21
7,97.4,15.175,1019.11,2.87,4.0 05:36:59 09/07/21
7,97.2,15.195,1019.17,3.14,4.0 05:42:13 09/07/21
9,97.3,15.26,1019.14,3.65,4.0 05:47:28 09/07/21
11,97.2,15.275,1019.16,4.06,4.0 05:52:42 09/07/21
13,97.0,15.344999,1019.19,4.07,4.0 05:58:01 09/07/21
13,98.5,15.379999,1019.21,4.37,4.0 06:03:17 09/07/21
18,97.5,15.4,1019.19,4.64,4.0 06:08:41 09/07/21
24,97.5,15.469999,1019.17,4.92,4.0 06:13:55 09/07/21
21,97.7,15.55,1019.21,4.27,4.0 06:19:13 09/07/21
20,97.9,15.585,1019.18,4.91,4.0 06:24:31 09/07/21
23,98.3,15.665,1019.22,4.56,4.0 06:29:46 09/07/21
27,98.5,15.75,1019.25,4.24,4.0 06:35:00 09/07/21
27,98.5,15.844999,1019.32,4.17,4.0 06:40:18 09/07/21
28,97.8,15.885,1019.31,5.0,4.0 06:45:37 09/07/21
31,98.7,15.969999,1019.35,5.0,4.0 06:51:02 09/07/21
33,98.2,16.07,1019.43,5.0,4.0 06:56:14 09/07/21
33,98.9,16.145,1019.4,5.0,4.0 07:01:32 09/07/21
38,98.8,16.24,1019.41,5.0,4.0 07:06:51 09/07/21
35,98.5,16.27,1019.51,4.31,4.0 07:12:10 09/07/21
38,98.9,16.35,1019.49,5.0,4.0 07:17:28 09/07/21
37,99.3,16.39,1019.46,5.0,4.0 07:22:43 09/07/21
36,99.5,16.529999,1019.42,5.0,4.0 07:28:02 09/07/21
31,99.8,16.585,1019.53,5.0,4.0 07:33:18 09/07/21
22,99.9,16.665,1019.57,4.75,4.0 07:38:36 09/07/21
19,99.9,16.75,1019.54,5.0,4.0 07:43:48 09/07/21
19,99.8,16.779999,1019.55,5.0,4.0 07:49:03 09/07/21
20,99.7,16.865002,1019.61,4.07,4.0 07:54:18 09/07/21
28,99.5,16.955,1019.57,4.08,4.0 07:59:33 09/07/21
23,99.9,17.05,1019.52,4.06,3.94 08:04:55 09/07/21
31,99.9,17.145,1019.54,4.83,4.0 08:10:09 09/07/21
23,99.9,17.255001,1019.53,4.23,4.0 08:15:23 09/07/21
29,99.9,17.33,1019.58,4.18,4.0 08:20:38 09/07/21
27,99.9,17.45,1019.56,5.0,4.0 08:25:50 09/07/21
32,99.9,17.815,1019.63,5.0,4.0 08:31:07 09/07/21
34,99.9,18.154999,1019.64,4.57,4.0 08:36:23 09/07/21
28,99.9,18.435,1019.67,4.08,4.0 08:41:36 09/07/21
28,99.9,18.654999,1019.65,5.0,4.0 08:46:50 09/07/21
29,99.9,18.86,1019.7,5.0,4.0 08:52:04 09/07/21
34,99.9,19.035,1019.75,5.0,4.0 08:57:18 09/07/21
29,99.9,19.08,1019.78,4.14,4.0 09:02:34 09/07/21
30,99.9,19.085,1019.77,4.85,4.0 09:07:50 09/07/21
27,99.9,19.105,1019.86,5.0,4.0 09:13:04 09/07/21
30,99.9,19.105,1019.87,4.32,4.0 09:18:23 09/07/21
27,99.9,19.23,1019.82,5.0,4.0 09:23:42 09/07/21
21,99.9,19.27,1019.96,5.0,4.0 09:28:56 09/07/21
17,99.9,19.345001,1019.85,4.68,4.0 09:34:10 09/07/21
27,99.9,19.35,1019.86,4.81,4.0 09:39:25 09/07/21
32,99.9,19.445,1019.87,4.07,4.0 09:44:48 09/07/21
16,99.9,19.6,1019.9,4.78,4.0 09:50:05 09/07/21
30,99.9,19.619999,1019.86,4.95,4.0 09:55:21 09/07/21
21,99.9,19.725,1019.85,4.22,4.0 10:00:32 09/07/21
23,99.9,19.73,1019.86,4.1,4.0 10:05:48 09/07/21
19,99.9,19.65,1019.96,4.1,4.0 10:11:02 09/07/21
14,99.9,19.615,1019.97,4.47,4.0 10:16:17 09/07/21
17,99.9,19.555,1019.98,4.07,4.0 10:21:33 09/07/21
18,99.9,19.535,1019.99,5.0,4.0 10:26:48 09/07/21
24,99.9,19.525,1019.89,4.37,4.0 10:32:02 09/07/21
39,99.9,19.515,1019.9,4.57,4.0 10:37:15 09/07/21
28,99.9,19.625,1019.79,5.0,4.0 10:42:33 09/07/21
16,99.9,19.79,1019.74,5.0,4.0 10:47:47 09/07/21
21,99.9,19.83,1019.78,4.14,4.0 10:53:00 09/07/21
30,99.9,19.925,1019.82,5.0,4.0 10:58:16 09/07/21
20,99.9,20.015,1019.8,4.3,4.0 11:03:32 09/07/21
30,99.9,20.029999,1019.78,4.83,4.0 11:08:49 09/07/21
21,99.9,20.035,1019.73,4.61,4.0 11:14:09 09/07/21
34,99.9,20.135,1019.7,4.78,4.0 11:19:24 09/07/21
32,99.9,20.315,1019.61,5.0,4.0 11:24:38 09/07/21
19,99.9,20.564999,1019.59,5.0,4.0 11:29:54 09/07/21
44,99.9,20.7,1019.56,4.5,4.0 11:35:09 09/07/21
32,99.9,20.974998,1019.51,4.38,4.0 11:40:24 09/07/21
37,99.9,21.26,1019.55,4.95,4.0 11:45:43 09/07/21
29,99.7,21.395,1019.44,5.0,4.0 11:51:01 09/07/21
48,99.9,21.64,1019.42,5.0,4.0 11:56:17 09/07/21
18,99.7,21.95,1019.35,5.0,4.0 12:01:33 09/07/21
35,99.9,22.225,1019.31,4.22,4.0 12:06:48 09/07/21
22,99.6,22.505001,1019.33,5.0,4.0 12:12:04 09/07/21
15,97.0,22.295,1019.26,4.84,4.0 12:17:19 09/07/21
14,96.8,22.025,1019.23,4.73,4.0 12:22:34 09/07/21
14,97.6,21.810001,1019.25,5.0,4.0 12:27:50 09/07/21
17,98.0,21.630001,1019.26,5.0,4.0 12:33:04 09/07/21
14,96.5,21.525,1019.22,4.3,4.0 12:38:19 09/07/21
37,96.8,21.415,1019.25,5.0,4.0 12:43:36 09/07/21
14,98.6,21.51,1019.13,5.0,4.0 12:48:49 09/07/21
40,98.7,21.76,1019.21,5.0,4.0 12:54:05 09/07/21
36,98.6,22.060001,1019.12,4.81,4.0 12:59:20 09/07/21
36,98.5,22.349998,1019.16,4.45,4.0 13:04:35 09/07/21
16,97.0,22.785,1019.14,5.0,4.0 13:09:49 09/07/21
20,93.8,22.529999,1019.16,5.0,4.0 13:15:06 09/07/21
23,95.5,22.41,1019.13,5.0,4.0 13:20:19 09/07/21
35,95.7,22.42,1019.08,5.0,4.0 13:25:34 09/07/21
33,96.0,22.42,1019.06,4.1,4.0 13:30:51 09/07/21
15,94.1,22.43,1019.02,5.0,4.0 13:36:05 09/07/21
40,93.9,22.244999,1019.04,4.81,4.0 13:41:22 09/07/21
29,93.7,22.235,1019.06,5.0,4.0 13:46:35 09/07/21
33,93.8,22.349998,1019.08,5.0,4.0 13:51:51 09/07/21
33,94.1,22.555,1019.03,5.0,4.0 13:57:07 09/07/21
37,94.7,22.77,1019.04,5.0,4.0 14:02:23 09/07/21
29,94.7,23.195,1019.1,5.0,4.0 14:07:36 09/07/21
45,93.9,23.349998,1019.12,5.0,4.0 14:12:57 09/07/21
37,93.8,23.615,1019.15,4.93,4.0 14:18:29 09/07/21
24,93.0,23.765,1019.17,4.12,4.0 14:23:47 09/07/21
37,92.2,23.845,1019.15,4.7,4.0 14:29:13 09/07/21
33,92.9,23.95,1019.15,5.0,4.0 14:34:33 09/07/21
35,90.4,23.7,1019.18,5.0,4.0 14:39:52 09/07/21
15,91.0,23.605,1019.14,4.48,4.0 14:45:07 09/07/21
37,91.6,23.325,1019.04,4.91,4.0 14:50:23 09/07/21
48,92.2,23.54,1019.04,4.59,4.0 14:55:44 09/07/21
33,92.1,23.83,1018.99,4.07,4.0 15:01:03 09/07/21
42,91.3,24.015,1018.99,4.4,4.0 15:06:19 09/07/21
35,89.2,24.055,1018.91,5.0,4.0 15:11:36 09/07/21
35,90.9,24.130001,1018.89,4.13,4.0 15:16:51 09/07/21
33,89.8,24.150002,1018.81,4.22,4.0 15:22:06 09/07/21
35,88.5,24.16,1018.76,5.0,4.0 15:27:25 09/07/21
36,91.6,24.25,1018.76,5.0,4.0 15:32:37 09/07/21
35,90.1,24.49,1018.73,5.0,4.0 15:37:53 09/07/21
41,88.0,24.455,1018.68,4.53,4.0 15:43:09 09/07/21
31,90.8,24.51,1018.71,5.0,4.0 15:48:24 09/07/21
42,86.5,24.525,1018.74,5.0,4.0 15:53:40 09/07/21
33,84.1,24.244999,1018.77,5.0,4.0 15:58:55 09/07/21
40,85.2,24.19,1018.82,5.0,4.0 16:04:11 09/07/21
32,89.7,24.335,1018.76,4.67,4.0 16:09:27 09/07/21
14,87.2,24.349998,1018.74,4.63,4.0 16:14:43 09/07/21
30,88.3,24.28,1018.64,5.0,4.0 16:19:56 09/07/21
32,89.1,24.375,1018.52,4.44,4.0 16:25:13 09/07/21
33,85.5,24.45,1018.47,4.08,3.99 16:30:35 09/07/21
34,83.7,24.384998,1018.49,5.0,4.0 16:35:52 09/07/21
32,87.0,24.375,1018.49,5.0,4.0 16:41:12 09/07/21
34,86.6,24.38,1018.41,5.0,4.0 16:46:31 09/07/21
30,87.2,24.455,1018.36,4.82,4.0 16:51:48 09/07/21
32,79.4,24.435,1018.33,4.86,4.0 16:57:09 09/07/21
36,87.4,24.465,1018.3,4.3,4.0 17:02:27 09/07/21
31,86.8,24.575,1018.34,5.0,4.0 17:07:44 09/07/21
31,83.6,24.525,1018.26,5.0,4.0 17:13:00 09/07/21
29,83.5,24.54,1018.26,4.6,4.0 17:18:15 09/07/21
30,87.7,24.57,1018.23,5.0,4.0 17:23:32 09/07/21
37,87.7,24.715,1018.16,4.11,4.0 17:28:46 09/07/21
30,79.2,24.585,1018.15,4.78,4.0 17:34:02 09/07/21
29,81.9,24.43,1018.07,4.38,4.0 17:39:17 09/07/21
35,84.3,24.395,1018.07,5.0,4.0 17:44:35 09/07/21
31,81.5,24.32,1018.05,5.0,4.0 17:49:53 09/07/21
26,83.3,24.305,1017.97,4.96,4.0 17:55:11 09/07/21
27,82.3,24.220001,1017.86,5.0,4.0 18:00:28 09/07/21
28,82.4,24.18,1017.85,5.0,4.0 18:05:44 09/07/21
29,83.4,24.025,1017.82,4.74,4.0 18:11:00 09/07/21
25,82.6,23.925,1017.71,5.0,4.0 18:16:14 09/07/21
29,82.1,23.744999,1017.63,4.91,4.0 18:21:34 09/07/21
27,81.7,23.66,1017.54,4.01,3.97 18:26:56 09/07/21
27,83.5,23.685001,1017.57,4.29,3.99 18:32:11 09/07/21
29,83.0,23.61,1017.54,4.37,4.0 18:37:25 09/07/21
26,83.9,23.595001,1017.51,4.07,4.0 18:42:41 09/07/21
25,80.4,23.45,1017.55,4.56,4.0 18:47:56 09/07/21
25,83.4,23.42,1017.46,4.85,4.0 18:53:12 09/07/21
26,80.0,23.244999,1017.4,4.06,4.0 18:58:27 09/07/21
27,82.7,23.165,1017.35,5.0,3.99 19:03:50 09/07/21
25,82.7,23.14,1017.26,4.46,3.99 19:09:06 09/07/21
29,83.4,23.11,1017.35,5.0,4.0 19:14:22 09/07/21
23,82.7,23.04,1017.35,4.26,3.99 19:19:37 09/07/21
26,83.5,23.01,1017.3,4.76,4.0 19:24:53 09/07/21
20,83.2,22.939999,1017.28,4.75,4.0 19:30:07 09/07/21
21,83.6,22.915,1017.33,4.7,3.99 19:35:23 09/07/21
11,82.6,22.85,1017.34,4.59,3.99 19:40:37 09/07/21
11,83.2,22.83,1017.29,4.35,3.99 19:45:55 09/07/21
9,84.0,22.815,1017.3,4.82,3.99 19:51:09 09/07/21
7,83.6,22.75,1017.23,4.26,3.99 19:56:25 09/07/21
10,83.8,22.74,1017.27,4.6,4.0 20:01:41 09/07/21
7,84.0,22.665,1017.27,4.79,3.99 20:06:55 09/07/21
8,83.3,22.645,1017.29,4.24,4.0 20:12:10 09/07/21
8,84.2,22.619999,1017.3,4.48,3.99 20:17:26 09/07/21
6,83.5,22.54,1017.35,4.69,3.99 20:22:41 09/07/21
6,84.0,22.45,1017.3,4.17,3.99 20:27:57 09/07/21
6,84.6,22.425,1017.26,4.47,3.99 20:33:10 09/07/21
7,84.3,22.34,1017.32,4.63,3.99 20:38:28 09/07/21
6,84.0,22.25,1017.34,4.27,3.99 20:43:42 09/07/21
7,84.0,22.095001,1017.3,4.51,3.99 20:49:01 09/07/21
7,84.0,22.06,1017.32,4.6,3.99 20:54:20 09/07/21
6,84.4,21.97,1017.35,4.58,3.99 20:59:41 09/07/21
6,84.6,21.939999,1017.35,4.1,3.99 21:05:00 09/07/21
5,85.2,21.855,1017.3,4.1,3.99 21:10:16 09/07/21
5,85.5,21.825,1017.27,4.11,3.99 21:15:32 09/07/21
3,85.9,21.744999,1017.29,4.07,3.99 21:20:45 09/07/21
3,86.1,21.654999,1017.26,4.08,3.99 21:26:01 09/07/21
3,86.6,21.49,1017.19,4.08,3.99 21:31:17 09/07/21
2,86.8,21.395,1017.22,4.0,3.99 21:36:33 09/07/21
2,87.0,21.285,1017.33,3.71,3.99 21:41:56 09/07/21
1,87.0,21.17,1017.35,3.34,3.99 21:47:10 09/07/21
0,87.6,21.009998,1017.36,2.9,3.99 21:52:25 09/07/21
0,87.6,20.880001,1017.38,2.6,3.99 21:57:39 09/07/21
0,88.0,20.765,1017.4,2.28,3.99 22:02:56 09/07/21
0,88.2,20.59,1017.42,2.0,3.99 22:08:08 09/07/21
0,88.8,20.47,1017.46,1.33,3.99 22:13:25 09/07/21
0,89.0,20.310001,1017.48,0.82,3.99 22:18:40 09/07/21
0,89.5,20.185001,1017.43,0.46,3.99 22:23:55 09/07/21
0,89.8,20.085,1017.54,0.24,3.99 22:29:14 09/07/21
0,90.2,19.994999,1017.49,0.12,3.99 22:34:41 09/07/21
0,90.2,19.905,1017.49,0.07,3.99 22:39:56 09/07/21
0,90.6,19.880001,1017.48,0.02,3.99 22:45:11 09/07/21
0,91.0,19.865002,1017.51,0.0,3.99 22:50:26 09/07/21
0,91.4,19.86,1017.48,0.0,3.99 22:55:42 09/07/21
0,90.4,19.875,1017.56,0.0,3.99 23:00:56 09/07/21
0,91.0,19.87,1017.53,0.0,3.99 23:06:23 09/07/21
0,91.4,19.880001,1017.47,0.0,3.99 23:11:43 09/07/21
0,91.4,19.87,1017.49,0.0,3.99 23:16:57 09/07/21
0,91.6,19.875,1017.51,0.0,3.99 23:22:16 09/07/21
0,91.8,19.880001,1017.5,0.0,3.99 23:27:36 09/07/21
9,92.2,19.880001,1017.45,0.0,3.99 23:32:51 09/07/21
7,93.0,19.885,1017.43,0.0,3.99 23:38:06 09/07/21
8,93.1,19.880001,1017.42,0.0,3.99 23:43:20 09/07/21
8,93.5,19.885,1017.51,0.0,3.99 23:48:35 09/07/21
9,94.0,19.885,1017.48,0.0,3.99 23:53:51 09/07/21
9,94.0,19.880001,1017.42,0.0,3.98 23:59:03 09/07/21
