8,96.1,18.795,1012.01,0.0,3.93 00:00:23 12/07/21
9,96.0,18.720001,1011.98,0.0,3.93 00:05:40 12/07/21
8,96.3,18.695,1011.93,0.0,3.93 00:11:00 12/07/21
8,96.4,18.615,1011.85,0.0,3.93 00:16:19 12/07/21
8,96.6,18.605,1011.83,0.0,3.93 00:21:37 12/07/21
8,96.5,18.59,1011.8,0.0,3.93 00:26:56 12/07/21
7,96.9,18.59,1011.89,0.0,3.93 00:32:16 12/07/21
7,96.7,18.525,1011.88,0.0,3.93 00:37:30 12/07/21
7,96.8,18.509998,1011.87,0.0,3.93 00:42:44 12/07/21
7,97.0,18.49,1011.77,0.0,3.93 00:48:00 12/07/21
7,97.2,18.42,1011.64,0.0,3.93 00:53:17 12/07/21
6,97.0,18.345001,1011.55,0.0,3.93 00:58:37 12/07/21
6,97.3,18.315,1011.4,0.0,3.93 01:03:51 12/07/21
6,97.3,18.3,1011.38,0.0,3.93 01:09:06 12/07/21
6,97.5,18.285,1011.3,0.0,3.93 01:14:20 12/07/21
6,97.5,18.220001,1011.15,0.0,3.93 01:19:39 12/07/21
6,97.6,18.21,1011.18,0.0,3.93 01:24:59 12/07/21
6,98.0,18.195,1011.24,0.0,3.93 01:30:13 12/07/21
5,97.6,18.175,1011.24,0.0,3.93 01:35:27 12/07/21
5,97.9,18.11,1011.25,0.0,3.93 01:40:42 12/07/21
5,97.7,18.029999,1011.15,0.0,3.93 01:45:56 12/07/21
5,98.0,17.94,1011.07,0.0,3.93 01:51:11 12/07/21
5,97.7,17.91,1011.13,0.0,3.93 01:56:29 12/07/21
5,97.9,17.835,1011.19,0.0,3.93 02:01:48 12/07/21
5,97.9,17.744999,1011.09,0.0,3.93 02:07:03 12/07/21
4,98.2,17.715,1011.01,0.0,3.93 02:12:17 12/07/21
4,98.2,17.635,1010.9,0.0,3.93 02:17:32 12/07/21
4,98.4,17.605,1010.77,0.0,3.93 02:22:50 12/07/21
4,98.2,17.585,1010.64,0.0,3.92 02:28:09 12/07/21
4,98.7,17.515,1010.65,0.0,3.93 02:33:22 12/07/21
4,98.5,17.49,1010.57,0.0,3.93 02:38:39 12/07/21
3,98.7,17.415,1010.59,0.0,3.93 02:43:53 12/07/21
3,98.7,17.33,1010.49,0.0,3.93 02:49:07 12/07/21
3,98.7,17.305,1010.47,0.0,3.92 02:54:21 12/07/21
3,98.7,17.23,1010.49,0.0,3.93 02:59:36 12/07/21
3,98.9,17.205,1010.48,0.0,3.92 03:04:50 12/07/21
4,98.9,17.119999,1010.51,0.0,3.93 03:10:08 12/07/21
3,99.0,17.095001,1010.48,0.0,3.93 03:15:28 12/07/21
4,99.1,17.015,1010.53,0.0,3.93 03:20:40 12/07/21
4,99.1,16.94,1010.47,0.0,3.93 03:25:56 12/07/21
4,99.1,16.91,1010.5,0.0,3.92 03:31:14 12/07/21
3,99.3,16.885,1010.42,0.0,3.92 03:36:37 12/07/21
4,99.6,16.810001,1010.35,0.0,3.92 03:41:56 12/07/21
3,99.5,16.735,1010.21,0.0,3.92 03:47:11 12/07/21
3,99.5,16.705,1010.15,0.0,3.92 03:52:26 12/07/21
3,99.4,16.689999,1010.22,0.0,3.92 03:57:39 12/07/21
7,99.9,16.615,1010.16,0.0,3.92 04:02:54 12/07/21
3,99.6,16.599998,1010.22,0.0,3.92 04:08:08 12/07/21
3,99.9,16.53,1010.21,0.0,3.92 04:13:22 12/07/21
3,99.9,16.53,1010.12,0.0,3.92 04:18:37 12/07/21
3,99.9,16.52,1010.03,0.0,3.92 04:23:51 12/07/21
3,99.9,16.52,1009.97,0.0,3.92 04:29:04 12/07/21
3,99.9,16.53,1009.98,0.0,3.92 04:34:21 12/07/21
3,99.9,16.53,1010.0,0.01,3.92 04:39:34 12/07/21
3,99.9,16.54,1009.94,0.02,3.92 04:44:48 12/07/21
3,99.9,16.599998,1009.94,0.05,3.92 04:50:02 12/07/21
3,99.9,16.615,1009.91,0.1,3.92 04:55:17 12/07/21
3,99.9,16.68,1009.79,0.21,3.92 05:00:31 12/07/21
3,99.9,16.705,1009.7,0.42,3.92 05:05:45 12/07/21
3,99.9,16.720001,1009.65,0.64,3.92 05:10:59 12/07/21
4,99.9,16.785,1009.54,1.1,3.92 05:16:12 12/07/21
5,99.9,16.795,1009.52,2.42,3.92 05:21:29 12/07/21
6,99.9,16.805,1009.6,2.81,3.92 05:26:46 12/07/21
6,99.9,16.875,1009.47,2.54,3.92 05:32:05 12/07/21
8,99.9,16.885,1009.39,2.88,3.92 05:37:25 12/07/21
8,99.9,16.965,1009.45,3.24,3.92 05:42:43 12/07/21
8,99.9,16.98,1009.4,3.6,3.92 05:47:55 12/07/21
10,99.9,16.994999,1009.46,3.75,3.92 05:53:11 12/07/21
12,99.9,17.015,1009.48,3.91,3.92 05:58:34 12/07/21
13,99.9,17.08,1009.51,4.0,3.92 06:03:52 12/07/21
11,99.9,17.099998,1009.56,4.0,3.92 06:09:11 12/07/21
13,99.9,17.175,1009.63,3.99,3.92 06:14:24 12/07/21
14,99.9,17.185001,1009.49,3.99,3.92 06:19:40 12/07/21
14,99.9,17.2,1009.31,4.07,3.92 06:24:54 12/07/21
11,99.9,17.215,1009.31,4.0,3.92 06:30:07 12/07/21
10,99.9,17.220001,1009.26,4.17,3.92 06:35:23 12/07/21
11,99.9,17.279999,1009.31,4.06,3.92 06:40:38 12/07/21
9,99.9,17.220001,1009.13,4.17,3.92 06:45:53 12/07/21
12,99.9,17.235,1009.21,4.58,3.92 06:51:06 12/07/21
12,99.9,17.275002,1009.17,4.1,3.92 06:56:21 12/07/21
11,99.9,17.225,1009.16,4.19,3.92 07:01:35 12/07/21
12,99.9,17.220001,1008.98,4.07,3.92 07:06:50 12/07/21
11,99.9,17.27,1009.04,4.02,3.92 07:12:03 12/07/21
18,99.9,17.265,1008.97,4.38,3.92 07:17:18 12/07/21
18,99.9,17.275002,1009.03,4.27,3.92 07:22:31 12/07/21
20,99.9,17.3,1009.02,4.24,3.92 07:27:47 12/07/21
21,99.9,17.435,1008.96,5.0,3.92 07:33:05 12/07/21
21,99.9,17.564999,1008.77,4.32,3.92 07:38:28 12/07/21
15,99.9,17.735,1008.89,4.38,3.92 07:43:51 12/07/21
29,99.9,17.865002,1008.96,5.0,3.92 07:49:14 12/07/21
21,99.9,18.105,1008.99,5.0,3.92 07:54:35 12/07/21
16,99.9,18.24,1008.94,5.0,3.92 07:59:53 12/07/21
14,99.9,18.415,1009.03,5.0,3.92 08:05:11 12/07/21
15,99.9,18.595001,1008.96,5.0,3.92 08:10:24 12/07/21
22,99.9,18.765,1008.99,4.14,3.92 08:15:40 12/07/21
23,99.9,19.085,1008.93,5.0,3.92 08:20:56 12/07/21
21,99.9,19.475,1008.91,4.0,3.92 08:26:09 12/07/21
23,99.9,19.84,1008.93,5.0,3.92 08:31:25 12/07/21
28,99.9,20.3,1008.94,5.0,3.92 08:36:39 12/07/21
23,99.9,20.715,1008.82,5.0,3.92 08:41:54 12/07/21
21,99.9,21.0,1008.7,4.38,3.92 08:47:09 12/07/21
24,99.9,21.225,1008.66,4.83,3.92 08:52:24 12/07/21
20,99.9,21.415,1008.65,4.13,3.92 08:57:37 12/07/21
24,99.9,21.445,1008.48,4.39,3.92 09:02:54 12/07/21
23,99.9,21.435,1008.41,5.0,3.92 09:08:09 12/07/21
42,99.9,21.425,1008.5,5.0,3.92 09:13:26 12/07/21
26,99.9,21.435,1008.45,4.48,3.92 09:18:43 12/07/21
28,99.9,21.564999,1008.4,4.31,3.92 09:24:03 12/07/21
26,99.9,21.665,1008.31,5.0,3.92 09:29:18 12/07/21
23,99.9,21.78,1008.3,5.0,3.92 09:34:32 12/07/21
23,99.9,21.875,1008.2,5.0,3.92 09:39:47 12/07/21
26,99.9,22.045,1008.18,4.93,3.92 09:45:05 12/07/21
26,99.9,22.16,1008.1,4.66,3.92 09:50:21 12/07/21
23,99.9,22.32,1008.0,5.0,3.92 09:55:35 12/07/21
26,99.9,22.52,1008.09,4.02,3.92 10:00:49 12/07/21
22,97.9,23.465,1007.69,5.0,3.92 10:20:33 12/07/21
25,98.5,23.42,1007.75,5.0,3.92 10:25:50 12/07/21
25,99.1,23.31,1007.74,4.85,3.92 10:31:04 12/07/21
22,99.2,23.325,1007.81,4.79,3.92 10:36:18 12/07/21
23,99.8,23.349998,1007.73,5.0,3.92 10:41:33 12/07/21
26,99.3,23.51,1007.63,5.0,3.92 10:46:51 12/07/21
28,99.1,23.619999,1007.65,4.84,3.92 10:52:12 12/07/21
28,99.3,23.73,1007.59,4.5,3.92 10:57:28 12/07/21
25,98.9,23.83,1007.55,4.66,3.92 11:02:47 12/07/21
24,98.9,23.91,1007.53,4.51,3.92 11:08:01 12/07/21
28,97.9,23.875,1007.52,4.87,3.92 11:13:16 12/07/21
19,98.8,23.86,1007.49,5.0,3.92 11:18:30 12/07/21
27,96.3,23.86,1007.41,5.0,3.92 11:23:51 12/07/21
17,95.6,23.78,1007.41,4.59,3.92 11:29:09 12/07/21
22,97.5,23.7,1007.41,4.25,3.92 11:34:26 12/07/21
28,98.2,23.755001,1007.46,4.32,3.92 11:39:45 12/07/21
26,98.2,23.84,1007.45,5.0,3.92 11:45:01 12/07/21
20,97.9,23.945,1007.43,4.23,3.92 11:50:12 12/07/21
26,97.0,23.974998,1007.38,5.0,3.92 11:55:32 12/07/21
31,97.0,24.029999,1007.31,4.0,3.92 12:00:53 12/07/21
21,97.5,24.029999,1007.23,4.63,3.92 12:06:08 12/07/21
21,96.7,23.970001,1007.19,4.55,3.92 12:11:24 12/07/21
22,96.1,23.965,1007.14,5.0,3.92 12:16:43 12/07/21
21,96.7,23.965,1007.11,4.97,3.92 12:22:03 12/07/21
19,97.3,23.970001,1007.15,5.0,3.92 12:27:19 12/07/21
18,97.6,24.05,1007.24,5.0,3.92 12:32:34 12/07/21
18,96.6,24.07,1007.26,5.0,3.92 12:37:54 12/07/21
21,95.8,23.98,1007.35,3.99,3.92 12:43:16 12/07/21
17,96.1,23.89,1007.33,5.0,3.92 12:48:29 12/07/21
16,95.8,23.865,1007.33,5.0,3.92 12:53:43 12/07/21
24,96.2,23.78,1007.29,5.0,3.92 12:58:58 12/07/21
19,96.7,23.805,1007.22,4.24,3.92 13:04:16 12/07/21
18,96.3,23.865,1007.16,5.0,3.92 13:09:29 12/07/21
24,96.8,23.970001,1007.18,5.0,3.92 13:14:51 12/07/21
29,95.9,24.08,1007.13,4.79,3.92 13:20:11 12/07/21
30,94.9,24.09,1007.08,4.86,3.92 13:25:26 12/07/21
22,95.1,24.165,1007.02,5.0,3.92 13:30:42 12/07/21
22,95.8,24.19,1007.05,3.99,3.92 13:35:57 12/07/21
23,96.4,24.28,1006.97,5.0,3.92 13:41:16 12/07/21
18,95.3,24.36,1006.95,5.0,3.92 13:46:37 12/07/21
17,94.2,24.285,1006.79,4.75,3.91 13:51:53 12/07/21
17,95.2,24.205,1006.84,4.03,3.92 13:57:09 12/07/21
21,94.1,24.135,1006.79,4.81,3.92 14:02:27 12/07/21
16,94.6,24.105,1006.74,4.11,3.92 14:07:48 12/07/21
15,93.4,24.01,1006.82,5.0,3.92 14:13:03 12/07/21
18,94.1,23.915,1006.79,5.0,3.92 14:18:19 12/07/21
24,94.7,23.915,1006.71,4.06,3.91 14:23:34 12/07/21
23,94.4,23.93,1006.67,3.98,3.92 14:28:50 12/07/21
26,94.7,24.09,1006.59,5.0,3.92 14:34:07 12/07/21
26,93.5,24.27,1006.57,5.0,3.92 14:39:21 12/07/21
31,94.5,24.395,1006.65,5.0,3.92 14:44:36 12/07/21
21,93.4,24.55,1006.55,4.44,3.92 14:49:50 12/07/21
22,94.2,24.58,1006.57,5.0,3.92 14:55:08 12/07/21
26,93.3,24.58,1006.56,4.49,3.92 15:00:25 12/07/21
32,93.9,24.68,1006.43,5.0,3.92 15:05:39 12/07/21
34,93.6,24.91,1006.35,4.87,3.92 15:10:53 12/07/21
28,93.6,25.130001,1006.4,4.48,3.92 15:16:11 12/07/21
20,93.5,25.23,1006.3,5.0,3.92 15:21:24 12/07/21
24,92.0,25.175,1006.31,3.97,3.92 15:26:41 12/07/21
14,92.8,25.025,1006.32,4.79,3.92 15:31:55 12/07/21
19,91.1,24.970001,1006.21,3.99,3.92 15:37:17 12/07/21
8,92.6,24.810001,1006.36,4.05,3.92 15:42:36 12/07/21
5,91.3,24.61,1006.7,4.06,3.92 15:47:53 12/07/21
6,91.7,24.345001,1006.69,4.07,3.91 15:53:12 12/07/21
16,91.8,23.974998,1006.79,4.03,3.92 15:58:33 12/07/21
14,92.3,23.735,1006.79,4.35,3.92 16:03:48 12/07/21
18,92.3,23.529999,1007.03,4.32,3.92 16:09:03 12/07/21
14,93.0,23.325,1007.1,4.34,3.91 16:14:18 12/07/21
15,93.0,23.06,1007.15,4.35,3.92 16:19:34 12/07/21
18,92.9,22.775002,1007.23,4.23,3.92 16:24:49 12/07/21
21,93.1,22.545,1007.37,4.26,3.91 16:30:03 12/07/21
26,94.1,22.2,1007.44,4.34,3.91 16:35:21 12/07/21
27,94.4,21.93,1007.41,4.49,3.91 16:40:35 12/07/21
30,94.7,21.845001,1007.29,4.75,3.91 16:45:49 12/07/21
34,94.8,21.76,1007.09,5.0,3.91 16:51:06 12/07/21
44,95.0,21.725,1006.92,4.91,3.91 16:56:21 12/07/21
40,95.1,21.720001,1006.83,4.3,3.91 17:01:34 12/07/21
58,95.6,21.67,1006.81,4.95,3.91 17:06:51 12/07/21
51,95.7,21.67,1006.87,4.77,3.91 17:12:07 12/07/21
48,96.2,21.675,1006.93,5.0,3.91 17:17:21 12/07/21
38,96.7,21.52,1007.01,5.0,3.91 17:22:36 12/07/21
43,96.7,21.35,1007.04,4.21,3.91 17:27:51 12/07/21
37,96.4,21.375,1007.04,5.0,3.91 17:33:05 12/07/21
36,97.2,21.380001,1006.93,5.0,3.91 17:38:20 12/07/21
18,97.0,21.445,1006.93,4.89,3.91 17:43:37 12/07/21
20,97.6,21.46,1006.81,4.77,3.91 17:48:55 12/07/21
21,97.6,21.465,1006.73,4.92,3.91 17:54:19 12/07/21
21,97.1,21.485,1006.69,5.0,3.91 17:59:39 12/07/21
20,97.5,21.555,1006.67,4.34,3.91 18:05:00 12/07/21
16,98.0,21.585,1006.83,3.98,3.91 18:10:31 12/07/21
13,97.5,21.599998,1006.9,5.0,3.91 18:15:55 12/07/21
18,97.8,21.58,1006.79,4.57,3.91 18:21:14 12/07/21
19,98.1,21.58,1006.74,5.0,3.91 18:26:32 12/07/21
24,98.2,21.599998,1006.72,4.03,3.91 18:31:52 12/07/21
19,98.1,21.675,1006.76,4.97,3.91 18:37:07 12/07/21
20,97.9,21.689999,1006.7,4.62,3.91 18:42:23 12/07/21
20,97.5,21.695,1006.75,4.42,3.91 18:47:46 12/07/21
27,97.7,21.76,1006.69,4.52,3.91 18:53:01 12/07/21
35,99.1,21.79,1006.66,4.29,3.91 18:58:20 12/07/21
33,99.2,21.965,1006.71,3.99,3.91 19:03:40 12/07/21
20,98.4,22.06,1006.8,5.0,3.91 19:08:59 12/07/21
19,99.0,22.09,1006.74,4.55,3.91 19:14:20 12/07/21
19,98.7,22.095001,1006.71,4.38,3.91 19:19:43 12/07/21
16,98.9,22.105,1006.79,5.0,3.91 19:24:57 12/07/21
12,98.4,22.099998,1006.83,4.8,3.91 19:30:13 12/07/21
10,98.2,22.085,1006.91,4.8,3.91 19:35:30 12/07/21
9,98.6,22.005,1006.86,4.18,3.91 19:40:47 12/07/21
10,99.0,21.98,1006.82,4.03,3.91 19:46:11 12/07/21
15,98.6,21.905,1006.74,3.98,3.91 19:51:32 12/07/21
11,99.1,21.895,1006.68,3.97,3.91 19:56:46 12/07/21
9,98.5,21.880001,1006.62,5.0,3.91 20:02:07 12/07/21
8,99.3,21.87,1006.65,4.04,3.91 20:07:29 12/07/21
12,99.5,21.86,1006.65,4.97,3.91 20:12:49 12/07/21
7,99.5,21.85,1006.64,4.92,3.91 20:18:04 12/07/21
6,99.3,21.79,1006.57,4.89,3.91 20:23:18 12/07/21
8,99.7,21.73,1006.6,4.68,3.91 20:28:36 12/07/21
9,99.8,21.77,1006.6,4.56,3.91 20:33:47 12/07/21
9,99.9,21.765,1006.65,4.04,3.91 20:39:12 12/07/21
7,99.4,21.705,1006.64,4.86,3.91 20:44:45 12/07/21
7,99.0,21.689999,1006.66,4.82,3.91 20:50:00 12/07/21
7,99.2,21.595001,1006.69,3.99,3.91 20:55:28 12/07/21
9,99.1,21.564999,1006.72,4.54,3.91 21:00:46 12/07/21
5,99.3,21.42,1006.53,4.25,3.91 21:06:03 12/07/21
5,99.4,21.335,1006.48,4.43,3.91 21:11:18 12/07/21
6,99.4,21.295,1006.43,4.0,3.91 21:16:34 12/07/21
5,99.4,21.195,1006.45,4.35,3.91 21:22:05 12/07/21
6,99.4,21.11,1006.62,4.45,3.91 21:27:18 12/07/21
7,99.4,21.0,1006.64,4.06,3.91 21:32:35 12/07/21
8,99.6,20.895,1006.76,4.25,3.91 21:37:58 12/07/21
5,99.6,20.8,1006.85,4.13,3.91 21:43:14 12/07/21
2,99.7,20.71,1006.83,4.03,3.91 21:48:33 12/07/21
2,99.7,20.61,1006.72,3.81,3.91 21:53:52 12/07/21
0,99.9,20.57,1006.9,3.36,3.9 21:59:07 12/07/21
0,99.9,20.435001,1006.95,2.12,3.85 22:04:21 12/07/21
0,99.9,20.39,1007.05,1.55,3.9 22:09:40 12/07/21
0,99.9,20.305,1007.07,1.06,3.9 22:14:52 12/07/21
0,99.9,20.27,1007.1,0.57,3.9 22:20:05 12/07/21
0,99.9,20.195,1007.2,0.33,3.9 22:25:26 12/07/21
0,99.9,20.17,1007.3,0.19,3.9 22:30:44 12/07/21
1,99.9,20.11,1007.33,0.1,3.9 22:36:00 12/07/21
0,99.9,20.099998,1007.17,0.05,3.9 22:41:13 12/07/21
0,99.9,20.09,1007.15,0.02,3.9 22:46:30 12/07/21
0,99.9,20.095001,1007.26,0.01,3.9 22:51:44 12/07/21
0,99.9,20.09,1007.3,0.0,3.9 22:56:59 12/07/21
0,99.9,20.09,1007.29,0.0,3.9 23:02:14 12/07/21
0,99.9,20.099998,1007.2,0.0,3.9 23:07:28 12/07/21
0,99.9,20.09,1007.26,0.0,3.9 23:12:44 12/07/21
0,99.9,20.099998,1007.31,0.0,3.9 23:17:59 12/07/21
0,99.9,20.09,1007.42,0.0,3.9 23:23:14 12/07/21
0,99.9,20.085,1007.35,0.0,3.9 23:28:29 12/07/21
0,99.9,20.08,1007.42,0.0,3.9 23:33:42 12/07/21
0,99.9,20.025,1007.33,0.0,3.9 23:38:58 12/07/21
0,99.9,20.015,1007.4,0.0,3.9 23:44:14 12/07/21
0,99.9,20.009998,1007.41,0.0,3.9 23:49:26 12/07/21
0,99.9,19.994999,1007.33,0.0,3.9 23:54:43 12/07/21
0,99.9,19.99,1007.24,0.0,3.9 23:59:57 12/07/21
