0,99.9,19.925,1007.23,0.0,3.9 00:05:12 13/07/21
0,99.9,19.905,1007.26,0.0,3.9 00:10:27 13/07/21
0,99.9,19.89,1007.28,0.0,3.9 00:15:43 13/07/21
0,99.9,19.82,1007.18,0.0,3.9 00:20:57 13/07/21
0,99.9,19.8,1007.07,0.0,3.9 00:26:11 13/07/21
0,99.9,19.77,1007.1,0.0,3.9 00:31:25 13/07/21
0,99.9,19.689999,1007.27,0.0,3.9 00:36:43 13/07/21
3,99.9,19.615,1007.27,0.0,3.9 00:41:57 13/07/21
6,99.9,19.59,1007.28,0.0,3.9 00:47:09 13/07/21
7,99.9,19.57,1007.4,0.0,3.9 00:52:25 13/07/21
7,99.9,19.5,1007.31,0.0,3.9 00:57:38 13/07/21
9,99.9,19.485,1007.22,0.0,3.9 01:02:54 13/07/21
9,99.9,19.474998,1007.18,0.0,3.9 01:08:10 13/07/21
9,99.9,19.41,1007.21,0.0,3.9 01:13:24 13/07/21
11,99.9,19.405,1007.17,0.0,3.9 01:18:43 13/07/21
10,99.9,19.39,1007.31,0.0,3.9 01:24:02 13/07/21
11,99.9,19.33,1007.25,0.0,3.9 01:29:17 13/07/21
11,99.9,19.310001,1007.19,0.0,3.9 01:34:32 13/07/21
11,99.9,19.295,1007.08,0.0,3.9 01:39:47 13/07/21
10,99.9,19.215,1007.08,0.0,3.9 01:45:00 13/07/21
11,99.9,19.205,1007.16,0.0,3.9 01:50:16 13/07/21
11,99.9,19.175,1007.24,0.0,3.9 01:55:31 13/07/21
11,99.9,19.17,1007.24,0.0,3.9 02:00:49 13/07/21
10,99.9,19.115,1007.21,0.0,3.9 02:06:09 13/07/21
10,99.9,19.085,1007.27,0.0,3.9 02:11:24 13/07/21
9,99.9,19.064999,1007.27,0.0,3.9 02:16:38 13/07/21
9,99.9,19.0,1007.25,0.0,3.9 02:21:53 13/07/21
9,99.9,18.974998,1007.14,0.0,3.9 02:27:11 13/07/21
8,99.9,18.905,1007.06,0.0,3.9 02:32:29 13/07/21
8,99.9,18.875,1007.06,0.0,3.9 02:37:45 13/07/21
8,99.9,18.805,1007.18,0.0,3.9 02:43:01 13/07/21
7,99.9,18.720001,1007.13,0.0,3.9 02:48:15 13/07/21
7,99.9,18.685001,1007.04,0.0,3.89 02:53:29 13/07/21
7,99.9,18.605,1007.02,0.0,3.9 02:58:44 13/07/21
7,99.9,18.585,1007.04,0.0,3.9 03:04:02 13/07/21
6,99.9,18.515,1006.96,0.0,3.9 03:09:20 13/07/21
6,99.9,18.435001,1007.0,0.0,3.9 03:14:41 13/07/21
6,99.9,18.41,1006.95,0.0,3.89 03:19:59 13/07/21
5,99.9,18.39,1006.88,0.0,3.9 03:25:14 13/07/21
5,99.9,18.315,1006.86,0.0,3.89 03:30:28 13/07/21
5,99.9,18.29,1006.72,0.0,3.89 03:35:44 13/07/21
5,99.9,18.225,1006.69,0.0,3.89 03:41:01 13/07/21
5,99.9,18.205,1006.72,0.0,3.89 03:46:21 13/07/21
5,99.9,18.135,1006.69,0.0,3.89 03:51:35 13/07/21
4,99.9,18.105,1006.75,0.0,3.89 03:56:48 13/07/21
5,99.9,18.08,1006.77,0.0,3.89 04:02:04 13/07/21
4,99.9,18.009998,1006.78,0.0,3.89 04:07:19 13/07/21
4,99.9,17.994999,1006.74,0.0,3.89 04:12:37 13/07/21
4,99.9,17.925,1006.82,0.0,3.89 04:17:56 13/07/21
4,99.9,17.905,1006.84,0.0,3.89 04:23:11 13/07/21
4,99.9,17.89,1006.91,0.0,3.89 04:28:25 13/07/21
4,99.9,17.880001,1006.96,0.0,3.89 04:33:40 13/07/21
4,99.9,17.880001,1006.94,0.0,3.89 04:38:54 13/07/21
4,99.9,17.83,1006.88,0.01,3.89 04:44:07 13/07/21
4,99.9,17.880001,1006.88,0.02,3.89 04:49:23 13/07/21
4,99.9,17.895,1006.8,0.05,3.89 04:54:38 13/07/21
4,99.9,17.900002,1006.76,0.08,3.89 04:59:52 13/07/21
8,99.9,17.91,1006.75,0.16,3.89 05:05:07 13/07/21
4,99.9,17.974998,1006.68,0.32,3.89 05:10:21 13/07/21
4,99.9,17.99,1006.66,0.61,3.89 05:15:36 13/07/21
4,99.9,18.0,1006.61,1.01,3.89 05:20:50 13/07/21
5,99.9,18.005,1006.59,1.43,3.89 05:26:05 13/07/21
5,99.9,18.064999,1006.69,1.7,3.89 05:31:19 13/07/21
6,99.9,18.02,1006.71,2.02,3.89 05:36:34 13/07/21
6,99.9,18.08,1006.73,2.22,3.89 05:41:47 13/07/21
7,99.9,18.075,1006.78,2.56,3.89 05:47:03 13/07/21
8,99.9,18.064999,1006.7,2.96,3.89 05:52:17 13/07/21
8,99.9,18.064999,1006.68,3.17,3.89 05:57:32 13/07/21
8,99.9,18.025,1006.7,3.37,3.89 06:02:46 13/07/21
9,99.9,18.08,1006.6,3.63,3.89 06:08:01 13/07/21
10,99.9,18.099998,1006.7,3.73,3.89 06:13:15 13/07/21
11,99.9,18.105,1006.68,3.83,3.89 06:18:34 13/07/21
11,99.9,18.165,1006.71,3.9,3.89 06:23:54 13/07/21
12,99.9,18.175,1006.71,3.96,3.89 06:29:08 13/07/21
14,99.9,18.17,1006.69,4.01,3.89 06:34:22 13/07/21
13,99.9,18.175,1006.8,3.98,3.89 06:39:37 13/07/21
14,99.9,18.185001,1006.86,3.96,3.89 06:44:51 13/07/21
17,99.9,18.195,1006.88,4.17,3.89 06:50:06 13/07/21
18,99.9,18.2,1006.87,4.08,3.89 06:55:20 13/07/21
19,99.9,18.2,1006.86,4.18,3.89 07:00:35 13/07/21
17,99.9,18.205,1006.92,4.14,3.89 07:05:51 13/07/21
23,99.9,18.21,1006.99,4.15,3.89 07:11:08 13/07/21
21,99.9,18.27,1006.95,4.28,3.89 07:16:31 13/07/21
27,99.9,18.285,1006.88,5.0,3.89 07:21:51 13/07/21
25,99.9,18.3,1006.95,4.06,3.89 07:27:05 13/07/21
26,99.9,18.310001,1006.98,4.05,3.89 07:32:19 13/07/21
29,99.9,18.380001,1006.94,4.91,3.89 07:37:35 13/07/21
28,99.9,18.45,1006.99,5.0,3.89 07:42:48 13/07/21
35,99.9,18.465,1006.88,4.79,3.89 07:48:07 13/07/21
39,99.9,18.545,1006.86,5.0,3.89 07:53:27 13/07/21
36,99.9,18.57,1006.95,5.0,3.89 07:58:42 13/07/21
33,99.9,18.65,1006.98,4.85,3.89 08:03:53 13/07/21
36,99.9,18.675,1006.97,4.6,3.89 08:09:10 13/07/21
36,99.9,18.76,1007.08,5.0,3.89 08:14:23 13/07/21
38,99.9,18.79,1007.1,5.0,3.89 08:19:40 13/07/21
35,99.9,18.865002,1007.02,5.0,3.89 08:24:53 13/07/21
21,99.9,18.935,1007.01,5.0,3.89 08:30:07 13/07/21
24,99.9,18.955,1006.99,4.31,3.89 08:35:24 13/07/21
17,99.9,18.974998,1007.09,5.0,3.89 08:40:38 13/07/21
16,99.9,19.035,1007.05,4.71,3.89 08:45:51 13/07/21
25,99.9,19.055,1007.09,5.0,3.89 08:51:08 13/07/21
17,99.9,19.07,1007.12,4.4,3.89 08:56:34 13/07/21
18,99.9,19.15,1007.24,3.98,3.89 09:01:53 13/07/21
15,99.9,19.15,1007.21,4.64,3.89 09:07:06 13/07/21
15,99.9,19.165,1007.29,5.0,3.89 09:12:23 13/07/21
16,99.9,19.235,1007.26,4.03,3.89 09:17:37 13/07/21
20,99.9,19.25,1007.28,5.0,3.89 09:22:52 13/07/21
18,99.9,19.26,1007.29,5.0,3.89 09:28:05 13/07/21
16,99.9,19.275002,1007.25,4.31,3.89 09:33:24 13/07/21
14,99.9,19.34,1007.28,5.0,3.89 09:38:38 13/07/21
22,99.9,19.415,1007.38,4.64,3.89 09:43:52 13/07/21
18,99.9,19.445,1007.4,5.0,3.89 09:49:06 13/07/21
22,99.9,19.51,1007.41,4.32,3.89 09:54:24 13/07/21
22,99.9,19.52,1007.36,5.0,3.89 09:59:44 13/07/21
24,99.9,19.535,1007.28,4.3,3.89 10:05:06 13/07/21
17,99.9,19.55,1007.23,4.49,3.89 10:10:22 13/07/21
19,99.9,19.61,1007.18,3.96,3.89 10:15:35 13/07/21
21,99.9,19.564999,1007.19,4.83,3.89 10:20:55 13/07/21
17,99.9,19.635,1007.24,5.0,3.88 10:26:15 13/07/21
21,99.9,19.630001,1007.24,5.0,3.89 10:31:29 13/07/21
21,99.9,19.64,1007.25,4.64,3.89 10:36:46 13/07/21
20,99.9,19.725,1007.31,4.89,3.89 10:41:59 13/07/21
27,99.9,19.755001,1007.3,4.67,3.89 10:47:14 13/07/21
24,99.9,19.835,1007.28,5.0,3.89 10:52:28 13/07/21
22,99.9,19.915,1007.28,5.0,3.89 10:57:41 13/07/21
25,99.9,19.885,1007.25,5.0,3.89 11:02:59 13/07/21
24,99.9,19.955,1007.22,5.0,3.89 11:08:13 13/07/21
26,99.9,20.045,1007.22,5.0,3.89 11:13:28 13/07/21
26,99.9,20.125,1007.31,5.0,3.89 11:18:42 13/07/21
32,99.9,20.165,1007.37,5.0,3.89 11:23:57 13/07/21
22,99.9,20.305,1007.45,4.68,3.89 11:29:13 13/07/21
18,99.9,20.335,1007.51,5.0,3.89 11:34:27 13/07/21
21,99.9,20.35,1007.54,4.87,3.89 11:39:46 13/07/21
12,99.9,20.425,1007.54,4.75,3.89 11:45:05 13/07/21
29,99.9,20.425,1007.48,5.0,3.88 11:50:22 13/07/21
24,99.9,20.42,1007.45,4.18,3.89 11:55:35 13/07/21
20,99.9,20.37,1007.54,4.02,3.88 12:00:49 13/07/21
33,99.9,20.425,1007.57,4.8,3.89 12:06:08 13/07/21
40,99.9,20.435,1007.57,4.27,3.89 12:11:20 13/07/21
24,99.9,20.445,1007.44,5.0,3.89 12:16:36 13/07/21
31,99.9,20.46,1007.38,4.46,3.89 12:21:51 13/07/21
29,99.9,20.545,1007.39,5.0,3.89 12:27:08 13/07/21
33,99.9,20.635,1007.38,5.0,3.89 12:32:28 13/07/21
23,99.9,20.720001,1007.49,4.03,3.89 12:37:41 13/07/21
24,99.9,20.735,1007.5,5.0,3.89 12:42:58 13/07/21
21,99.9,20.805,1007.49,5.0,3.88 12:48:17 13/07/21
20,99.9,21.415,1007.55,5.0,3.88 13:08:25 13/07/21
34,99.9,21.314999,1007.48,4.0,3.88 13:13:49 13/07/21
22,99.9,21.115,1007.47,3.96,3.88 13:19:27 13/07/21
22,99.9,21.11,1007.46,5.0,3.88 13:24:53 13/07/21
21,99.9,21.11,1007.51,4.5,3.88 13:30:19 13/07/21
23,99.9,21.064999,1007.48,5.0,3.88 13:35:40 13/07/21
16,99.9,21.119999,1007.41,4.7,3.88 13:41:00 13/07/21
19,99.9,21.085,1007.4,3.97,3.88 13:46:25 13/07/21
22,99.9,21.14,1007.39,3.94,3.88 13:51:39 13/07/21
20,99.9,21.16,1007.35,4.0,3.88 13:56:54 13/07/21
19,99.9,21.220001,1007.42,4.69,3.88 14:02:09 13/07/21
28,99.9,21.24,1007.4,5.0,3.88 14:07:24 13/07/21
27,99.9,21.325,1007.42,4.54,3.88 14:12:37 13/07/21
19,99.9,21.35,1007.38,4.05,3.88 14:17:56 13/07/21
16,99.9,21.43,1007.33,4.22,3.88 14:23:07 13/07/21
16,99.9,21.445,1007.32,4.83,3.88 14:28:22 13/07/21
32,99.9,21.45,1007.31,5.0,3.88 14:33:39 13/07/21
25,99.9,21.525,1007.33,4.06,3.88 14:38:55 13/07/21
13,99.9,21.545,1007.33,4.97,3.88 14:44:08 13/07/21
11,99.9,21.529999,1007.4,4.55,3.88 14:49:25 13/07/21
15,99.9,21.455,1007.42,4.94,3.88 14:54:39 13/07/21
13,99.9,21.36,1007.4,4.67,3.88 14:59:54 13/07/21
57,99.9,21.279999,1007.44,4.92,3.88 15:05:14 13/07/21
53,99.9,21.285,1007.44,5.0,3.88 15:10:34 13/07/21
51,99.9,21.34,1007.39,5.0,3.88 15:15:48 13/07/21
52,99.9,21.365002,1007.4,5.0,3.88 15:21:01 13/07/21
52,99.9,21.45,1007.41,3.95,3.88 15:26:19 13/07/21
34,99.9,21.535,1007.41,5.0,3.88 15:31:34 13/07/21
35,99.9,21.555,1007.35,5.0,3.88 15:36:49 13/07/21
20,99.9,21.58,1007.42,5.0,3.88 15:42:04 13/07/21
30,99.9,21.555,1007.38,5.0,3.88 15:47:18 13/07/21
38,99.9,21.52,1007.42,4.58,3.88 15:52:31 13/07/21
39,99.9,21.445,1007.37,4.72,3.88 15:57:47 13/07/21
44,99.9,21.435,1007.35,4.53,3.88 16:03:11 13/07/21
37,99.9,21.439999,1007.31,5.0,3.88 16:08:28 13/07/21
43,99.9,21.375,1007.29,5.0,3.88 16:13:47 13/07/21
44,99.9,21.365002,1007.27,4.4,3.88 16:19:04 13/07/21
55,99.9,21.365002,1007.29,4.36,3.88 16:24:21 13/07/21
48,99.9,21.37,1007.2,5.0,3.88 16:29:39 13/07/21
36,99.9,21.385,1007.12,4.02,3.88 16:34:49 13/07/21
44,99.9,21.375,1007.04,4.22,3.88 16:40:06 13/07/21
44,99.9,21.385,1007.05,4.31,3.88 16:45:21 13/07/21
34,99.9,21.375,1007.14,4.97,3.88 16:50:36 13/07/21
39,99.9,21.37,1007.1,5.0,3.88 16:55:50 13/07/21
28,99.9,21.355,1007.18,4.66,3.88 17:01:07 13/07/21
32,99.9,21.29,1007.23,4.38,3.88 17:06:21 13/07/21
36,99.9,21.27,1007.25,4.9,3.87 17:11:38 13/07/21
30,99.9,21.25,1007.29,4.51,3.91 17:16:49 13/07/21
36,99.9,21.18,1007.29,4.16,3.87 17:22:05 13/07/21
31,99.9,21.175,1007.32,5.0,3.88 17:27:19 13/07/21
31,99.9,21.165,1007.22,4.46,3.88 17:32:36 13/07/21
28,99.9,21.16,1007.19,4.86,3.88 17:37:51 13/07/21
28,99.9,21.16,1007.25,4.3,3.88 17:43:06 13/07/21
30,99.9,21.095001,1007.26,4.61,3.88 17:48:19 13/07/21
32,99.9,21.075,1007.29,4.95,3.88 17:53:36 13/07/21
30,99.9,21.005,1007.33,4.63,3.88 17:58:51 13/07/21
35,99.9,20.985,1007.29,3.97,3.88 18:04:06 13/07/21
40,99.9,20.974998,1007.27,4.99,3.88 18:09:21 13/07/21
43,99.9,20.974998,1007.27,4.96,3.88 18:14:36 13/07/21
37,99.9,20.99,1007.33,4.88,3.88 18:19:52 13/07/21
41,99.9,20.99,1007.28,4.85,3.88 18:25:11 13/07/21
42,99.9,20.93,1007.36,4.95,3.88 18:30:42 13/07/21
43,99.9,20.97,1007.4,4.51,3.87 18:36:10 13/07/21
36,99.9,20.92,1007.43,5.0,3.88 18:41:25 13/07/21
36,99.9,20.905,1007.44,4.91,3.88 18:46:40 13/07/21
15,99.9,20.83,1007.53,4.63,3.88 18:52:04 13/07/21
30,99.9,20.810001,1007.49,4.24,3.88 18:57:19 13/07/21
42,99.9,20.785,1007.38,4.73,3.87 19:02:51 13/07/21
25,99.9,21.33,1007.62,3.95,3.86 19:51:43 13/07/21
22,99.9,20.994999,1007.68,4.33,3.86 19:57:12 13/07/21
20,99.9,20.744999,1007.77,4.06,3.85 20:02:32 13/07/21
18,99.9,20.58,1007.71,4.06,3.86 20:07:51 13/07/21
18,99.9,20.485,1007.76,4.1,3.86 20:13:03 13/07/21
15,99.9,20.400002,1007.79,3.96,3.85 20:18:25 13/07/21
16,99.9,20.375,1007.87,3.93,3.85 20:24:04 13/07/21
11,99.9,20.855,1007.95,3.97,3.85 20:43:50 13/07/21
12,99.9,20.759998,1008.02,3.41,3.85 21:03:39 13/07/21
11,99.9,20.59,1007.96,3.25,3.84 21:23:30 13/07/21
9,99.9,20.384998,1007.96,2.85,3.84 21:29:02 13/07/21
8,99.9,20.105,1007.93,2.31,3.84 21:34:28 13/07/21
8,99.9,19.994999,1007.93,2.08,3.84 21:39:53 13/07/21
6,99.9,19.91,1008.12,1.53,3.84 21:45:12 13/07/21
6,99.9,19.82,1008.05,1.3,3.84 21:50:23 13/07/21
7,99.9,19.74,1008.1,1.44,3.84 21:55:41 13/07/21
7,99.9,19.715,1008.1,1.22,3.84 22:00:54 13/07/21
6,99.9,19.695,1008.16,0.73,3.84 22:06:09 13/07/21
6,99.9,19.619999,1008.1,0.54,3.84 22:11:23 13/07/21
6,99.9,19.59,1007.94,0.47,3.84 22:16:37 13/07/21
6,99.9,19.52,1007.87,0.26,3.84 22:21:51 13/07/21
5,99.9,19.445,1007.91,0.09,3.84 22:27:10 13/07/21
6,99.9,19.425,1007.98,0.04,3.84 22:32:20 13/07/21
5,99.9,19.355,1008.08,0.01,3.84 22:37:40 13/07/21
6,99.9,19.39,1008.18,0.0,3.84 22:42:58 13/07/21
6,99.9,19.315,1008.13,0.0,3.84 22:48:14 13/07/21
6,99.9,19.310001,1008.16,0.0,3.84 22:53:28 13/07/21
6,99.9,19.29,1008.16,0.0,3.84 22:58:47 13/07/21
6,99.9,19.235,1008.21,0.0,3.84 23:04:05 13/07/21
7,99.9,19.215,1008.16,0.0,3.84 23:09:21 13/07/21
7,99.9,19.195,1008.1,0.0,3.84 23:14:35 13/07/21
9,99.9,19.14,1008.04,0.0,3.84 23:19:51 13/07/21
8,99.9,19.119999,1008.05,0.0,3.84 23:25:04 13/07/21
8,99.9,19.115,1008.17,0.0,3.84 23:30:19 13/07/21
8,99.9,19.095001,1008.12,0.0,3.84 23:35:37 13/07/21
8,99.9,19.029999,1008.06,0.0,3.84 23:40:48 13/07/21
7,99.9,19.015,1008.01,0.0,3.84 23:46:08 13/07/21
8,99.9,18.994999,1007.97,0.0,3.84 23:51:27 13/07/21
8,99.9,18.974998,1007.97,0.0,3.84 23:56:40 13/07/21
