0,99.9,19.605,1008.91,0.0,3.76 00:17:21 15/07/21
0,99.9,19.195,1008.99,0.0,3.77 00:22:37 15/07/21
1,99.9,18.880001,1008.92,0.0,3.76 00:27:51 15/07/21
1,99.9,18.775002,1008.9,0.0,3.77 00:33:06 15/07/21
0,99.9,18.7,1008.89,0.0,3.76 00:38:24 15/07/21
1,99.9,18.685001,1008.93,0.0,3.76 00:43:44 15/07/21
1,99.9,18.68,1009.0,0.0,3.76 00:48:59 15/07/21
0,99.9,18.675,1009.03,0.0,3.77 00:54:19 15/07/21
1,99.9,18.68,1009.12,0.0,3.76 00:59:35 15/07/21
0,99.9,18.68,1009.05,0.0,3.77 01:04:48 15/07/21
0,99.9,18.67,1008.97,0.0,3.76 01:10:05 15/07/21
0,99.9,18.685001,1009.01,0.0,3.76 01:15:21 15/07/21
0,99.9,18.689999,1009.09,0.0,3.77 01:20:42 15/07/21
1,99.9,18.7,1009.13,0.0,3.76 01:25:58 15/07/21
1,99.9,18.71,1009.23,0.0,3.76 01:31:12 15/07/21
0,99.9,18.7,1009.2,0.0,3.76 01:36:30 15/07/21
0,99.9,18.7,1009.2,0.0,3.76 01:41:49 15/07/21
1,99.9,18.695,1009.28,0.0,3.76 01:47:04 15/07/21
0,99.9,18.7,1009.42,0.0,3.76 01:52:21 15/07/21
0,99.9,18.695,1009.39,0.0,3.76 01:57:41 15/07/21
0,99.9,18.75,1009.48,0.0,3.75 02:02:56 15/07/21
0,99.9,18.705,1009.45,0.0,3.76 02:08:09 15/07/21
0,99.9,18.695,1009.4,0.0,3.76 02:13:29 15/07/21
0,99.9,18.685001,1009.53,0.0,3.76 02:18:54 15/07/21
0,99.9,18.7,1009.53,0.0,3.76 02:24:30 15/07/21
0,99.9,18.7,1009.49,0.0,3.76 02:29:42 15/07/21
0,99.9,18.68,1009.55,0.0,3.76 02:34:59 15/07/21
0,99.9,18.61,1009.5,0.0,3.76 02:40:16 15/07/21
0,99.9,18.595001,1009.5,0.0,3.76 02:45:36 15/07/21
0,99.9,18.585,1009.51,0.0,3.76 02:50:50 15/07/21
0,99.9,18.575,1009.46,0.0,3.76 02:56:04 15/07/21
0,99.9,18.515,1009.57,0.0,3.76 03:01:19 15/07/21
0,99.9,18.5,1009.56,0.0,3.76 03:06:35 15/07/21
0,99.9,18.494999,1009.52,0.0,3.76 03:11:48 15/07/21
0,99.9,18.485,1009.6,0.0,3.76 03:17:04 15/07/21
3,99.9,18.435001,1009.62,0.0,3.76 03:22:18 15/07/21
0,99.9,18.47,1009.52,0.0,3.76 03:27:32 15/07/21
0,99.9,18.47,1009.62,0.0,3.76 03:32:47 15/07/21
0,99.9,18.415,1009.57,0.0,3.76 03:38:10 15/07/21
0,99.9,18.48,1009.56,0.0,3.76 03:43:24 15/07/21
0,99.9,18.465,1009.51,0.0,3.76 03:48:40 15/07/21
0,99.9,18.415,1009.43,0.0,3.76 03:53:57 15/07/21
0,99.9,18.405,1009.3,0.0,3.76 03:59:20 15/07/21
0,99.9,18.405,1009.35,0.0,3.76 04:04:44 15/07/21
0,99.9,18.395,1009.42,0.0,3.76 04:10:03 15/07/21
0,99.9,18.33,1009.43,0.0,3.76 04:15:17 15/07/21
0,99.9,18.32,1009.48,0.0,3.76 04:20:32 15/07/21
0,99.9,18.315,1009.54,0.0,3.76 04:25:46 15/07/21
0,99.9,18.315,1009.62,0.0,3.76 04:31:01 15/07/21
0,99.9,18.305,1009.56,0.0,3.76 04:36:15 15/07/21
0,99.9,18.295,1009.45,0.0,3.76 04:41:30 15/07/21
0,99.9,18.295,1009.46,0.0,3.76 04:46:44 15/07/21
0,99.9,18.279999,1009.53,0.0,3.76 04:52:00 15/07/21
0,99.9,18.29,1009.48,0.0,3.76 04:57:14 15/07/21
0,99.9,18.279999,1009.68,0.0,3.76 05:02:29 15/07/21
0,99.9,18.225,1009.77,0.0,3.76 05:07:46 15/07/21
0,99.9,18.220001,1009.91,0.01,3.76 05:13:06 15/07/21
0,99.9,18.27,1009.75,0.04,3.76 05:18:20 15/07/21
0,99.9,18.220001,1009.74,0.09,3.76 05:23:35 15/07/21
0,99.9,18.215,1009.71,0.28,3.76 05:28:49 15/07/21
0,99.9,18.21,1009.72,1.08,3.76 05:34:08 15/07/21
2,99.9,18.220001,1009.78,2.34,3.76 05:39:27 15/07/21
3,99.9,18.21,1009.69,3.01,3.76 05:44:41 15/07/21
6,99.9,18.205,1009.57,3.65,3.76 05:49:56 15/07/21
7,99.9,18.21,1009.72,3.71,3.76 05:55:10 15/07/21
6,99.9,18.21,1009.72,3.54,3.76 06:00:25 15/07/21
9,99.9,18.215,1009.72,3.88,3.76 06:05:40 15/07/21
7,99.9,18.205,1009.82,3.57,3.76 06:10:58 15/07/21
10,99.9,18.205,1009.87,3.9,3.76 06:16:18 15/07/21
11,99.9,18.21,1009.93,3.88,3.76 06:21:35 15/07/21
9,99.9,18.215,1009.96,3.82,3.76 06:26:55 15/07/21
13,99.9,18.2,1010.0,3.84,3.75 06:32:13 15/07/21
14,99.9,18.189999,1009.97,3.85,3.76 06:37:32 15/07/21
15,99.9,18.189999,1010.08,3.91,3.76 06:42:47 15/07/21
11,99.9,18.189999,1010.11,3.82,3.76 06:47:59 15/07/21
13,99.9,18.195,1010.26,3.89,3.76 06:53:16 15/07/21
12,99.9,18.2,1010.38,3.88,3.76 06:58:30 15/07/21
11,99.9,18.195,1010.48,3.67,3.76 07:03:45 15/07/21
12,99.9,18.189999,1010.48,3.76,3.76 07:08:59 15/07/21
10,99.9,18.185001,1010.36,3.42,3.76 07:14:14 15/07/21
11,99.9,18.18,1010.3,3.39,3.75 07:19:32 15/07/21
8,99.9,18.18,1010.46,2.8,3.76 07:24:51 15/07/21
13,99.9,18.119999,1010.35,3.85,3.75 07:30:06 15/07/21
15,99.9,18.11,1010.27,3.88,3.75 07:35:18 15/07/21
19,99.9,18.11,1010.28,3.84,3.76 07:40:35 15/07/21
18,99.9,18.115,1010.37,3.96,3.75 07:45:53 15/07/21
15,99.9,18.115,1010.31,3.89,3.76 07:51:12 15/07/21
19,99.9,18.119999,1010.41,4.1,3.75 07:56:27 15/07/21
20,99.9,18.105,1010.31,4.07,3.75 08:01:41 15/07/21
18,99.9,18.105,1010.24,4.08,3.76 08:06:56 15/07/21
17,99.9,18.115,1010.45,3.9,3.76 08:12:09 15/07/21
11,99.9,18.105,1010.59,3.61,3.76 08:17:25 15/07/21
10,99.9,18.105,1010.69,3.38,3.76 08:22:39 15/07/21
16,99.9,18.105,1010.71,3.86,3.75 08:27:54 15/07/21
14,99.9,18.11,1010.64,3.84,3.75 08:33:08 15/07/21
19,99.9,18.095001,1010.69,3.98,3.75 08:38:24 15/07/21
17,99.9,18.099998,1010.72,3.94,3.76 08:43:38 15/07/21
15,99.9,18.099998,1010.91,3.82,3.75 08:48:53 15/07/21
12,99.9,18.105,1011.13,3.65,3.75 08:54:06 15/07/21
17,99.9,18.095001,1011.13,3.88,3.75 08:59:22 15/07/21
19,99.9,18.11,1011.22,3.87,3.75 09:04:36 15/07/21
21,99.9,18.105,1011.18,4.18,3.75 09:09:51 15/07/21
21,99.9,18.105,1011.18,4.83,3.75 09:15:04 15/07/21
32,99.9,18.105,1011.21,3.86,3.76 09:20:20 15/07/21
25,99.9,18.099998,1011.23,3.85,3.76 09:25:34 15/07/21
26,99.9,18.119999,1011.27,3.96,3.76 09:30:49 15/07/21
30,99.9,18.125,1011.25,5.0,3.75 09:36:06 15/07/21
23,99.9,18.175,1011.27,4.48,3.76 09:41:24 15/07/21
29,99.9,18.18,1011.35,5.0,3.75 09:46:40 15/07/21
28,99.9,18.195,1011.4,4.5,3.76 09:51:55 15/07/21
27,99.9,18.189999,1011.46,5.0,3.75 09:57:09 15/07/21
26,99.9,18.205,1011.5,4.93,3.75 10:02:24 15/07/21
35,99.9,18.21,1011.63,5.0,3.75 10:07:38 15/07/21
30,99.9,18.21,1011.6,5.0,3.76 10:12:51 15/07/21
28,99.9,18.21,1011.63,4.22,3.76 10:18:07 15/07/21
27,99.9,18.265,1011.75,5.0,3.76 10:23:29 15/07/21
29,99.9,18.23,1011.84,4.95,3.75 10:28:45 15/07/21
33,99.9,18.23,1011.77,3.83,3.76 10:34:00 15/07/21
46,99.9,18.220001,1011.71,4.14,3.77 10:39:17 15/07/21
38,99.9,18.29,1011.65,5.0,3.77 10:44:36 15/07/21
40,99.9,18.295,1011.71,3.87,3.76 10:49:55 15/07/21
53,99.9,18.33,1011.77,3.85,3.75 10:55:15 15/07/21
44,99.9,18.385,1011.75,4.37,3.77 11:00:29 15/07/21
42,99.9,18.405,1011.82,5.0,3.77 11:05:44 15/07/21
44,99.9,18.435001,1012.0,4.19,3.77 11:10:57 15/07/21
47,99.9,18.5,1012.13,4.33,3.77 11:16:17 15/07/21
48,99.9,18.529999,1012.14,4.38,3.78 11:21:37 15/07/21
45,99.9,19.349998,1012.27,3.89,3.77 11:41:18 15/07/21
54,99.9,19.085,1012.17,3.85,3.77 11:46:48 15/07/21
48,99.9,18.880001,1012.26,3.96,3.77 11:52:04 15/07/21
45,99.9,18.795,1012.43,4.91,3.77 11:57:32 15/07/21
54,99.9,18.725,1012.39,3.84,3.78 12:02:51 15/07/21
55,99.9,18.720001,1012.42,3.89,3.78 12:08:23 15/07/21
44,99.9,19.48,1012.61,4.97,3.78 12:28:04 15/07/21
36,99.9,19.265,1012.67,5.0,3.77 12:33:17 15/07/21
51,99.9,18.98,1012.66,5.0,3.78 12:38:35 15/07/21
42,99.9,18.87,1012.71,3.91,3.77 12:43:48 15/07/21
48,99.9,18.8,1012.79,3.87,3.78 12:49:05 15/07/21
43,99.9,18.79,1012.82,4.51,3.78 12:54:16 15/07/21
47,99.9,18.735,1012.8,4.65,3.78 12:59:32 15/07/21
51,99.9,18.8,1012.81,5.0,3.78 13:04:51 15/07/21
48,99.9,18.744999,1012.81,5.0,3.78 13:10:10 15/07/21
51,99.9,18.805,1012.83,3.97,3.78 13:15:24 15/07/21
62,99.9,18.805,1012.84,4.22,3.79 13:20:38 15/07/21
56,99.9,18.880001,1012.94,3.87,3.77 13:25:54 15/07/21
50,99.9,18.895,1012.91,5.0,3.78 13:31:08 15/07/21
46,99.9,18.900002,1013.04,3.87,3.78 13:36:22 15/07/21
46,99.9,18.900002,1013.01,5.0,3.78 13:41:37 15/07/21
38,99.9,18.900002,1013.1,5.0,3.78 13:46:50 15/07/21
39,99.9,18.905,1013.15,4.5,3.78 13:52:07 15/07/21
51,99.9,18.835,1013.17,4.34,3.78 13:57:26 15/07/21
48,99.9,18.87,1013.28,3.85,3.79 14:02:49 15/07/21
42,99.9,18.82,1013.31,3.92,3.78 14:08:08 15/07/21
33,99.9,18.810001,1013.31,5.0,3.77 14:13:27 15/07/21
28,99.9,18.805,1013.45,4.92,3.78 14:18:45 15/07/21
35,99.9,18.775002,1013.45,3.96,3.78 14:24:01 15/07/21
34,99.9,18.720001,1013.41,4.66,3.78 14:29:15 15/07/21
32,99.9,18.7,1013.43,5.0,3.78 14:34:28 15/07/21
37,99.9,18.635,1013.44,4.12,3.78 14:39:42 15/07/21
43,99.9,18.675,1013.46,3.97,3.78 14:45:01 15/07/21
28,99.9,18.705,1013.6,4.7,3.78 14:50:14 15/07/21
38,99.9,18.705,1013.5,3.84,3.78 14:55:31 15/07/21
38,99.9,18.7,1013.53,3.85,3.78 15:00:51 15/07/21
40,99.9,18.7,1013.57,3.85,3.78 15:06:05 15/07/21
46,99.9,18.71,1013.57,5.0,3.78 15:11:24 15/07/21
39,99.9,18.715,1013.61,4.19,3.78 15:16:42 15/07/21
43,99.9,18.71,1013.62,3.85,3.79 15:22:00 15/07/21
38,99.9,18.73,1013.73,5.0,3.79 15:27:14 15/07/21
30,99.9,18.73,1013.79,4.53,3.78 15:32:25 15/07/21
35,99.9,18.73,1013.7,4.32,3.78 15:37:42 15/07/21
35,99.9,18.775002,1013.69,3.94,3.79 15:42:55 15/07/21
34,99.9,18.775002,1013.71,5.0,3.78 15:48:10 15/07/21
35,99.9,18.720001,1013.75,5.0,3.78 15:53:28 15/07/21
41,99.9,18.720001,1013.93,4.36,3.78 15:58:49 15/07/21
41,99.9,18.725,1013.97,5.0,3.79 16:04:03 15/07/21
45,99.9,18.775002,1013.96,3.85,3.79 16:09:17 15/07/21
43,99.9,18.74,1014.01,3.84,3.79 16:14:35 15/07/21
45,99.9,18.785,1014.01,4.6,3.78 16:19:58 15/07/21
44,99.9,18.8,1014.08,5.0,3.78 16:25:31 15/07/21
35,99.9,18.8,1014.05,5.0,3.78 16:30:51 15/07/21
32,99.9,18.8,1014.16,3.89,3.79 16:36:05 15/07/21
33,99.9,18.73,1014.21,5.0,3.78 16:41:20 15/07/21
36,99.9,18.720001,1014.28,5.0,3.78 16:46:34 15/07/21
35,99.9,18.725,1014.29,3.89,3.78 16:51:49 15/07/21
33,99.9,18.705,1014.24,5.0,3.78 16:57:04 15/07/21
43,99.9,18.715,1014.28,4.32,3.78 17:02:18 15/07/21
33,99.9,18.715,1014.37,3.89,3.78 17:07:30 15/07/21
33,99.9,19.31,1014.4,5.0,3.78 17:27:15 15/07/21
35,99.9,19.18,1014.4,4.03,3.78 17:32:29 15/07/21
37,99.9,18.96,1014.43,3.97,3.78 17:37:43 15/07/21
36,99.9,18.880001,1014.39,3.93,3.79 17:42:58 15/07/21
29,99.9,18.825,1014.54,4.17,3.78 17:48:11 15/07/21
33,99.9,18.810001,1014.59,4.61,3.78 17:53:26 15/07/21
35,99.9,18.805,1014.63,3.97,3.78 17:58:47 15/07/21
34,99.9,18.8,1014.64,4.44,3.78 18:04:06 15/07/21
30,99.9,18.779999,1014.75,3.94,3.78 18:09:20 15/07/21
28,99.9,18.720001,1014.83,4.44,3.78 18:14:34 15/07/21
29,99.9,18.7,1014.83,4.48,3.78 18:19:47 15/07/21
32,99.9,18.635,1014.77,4.03,3.78 18:25:09 15/07/21
29,99.9,18.625,1014.8,4.37,3.78 18:30:26 15/07/21
27,99.9,18.61,1014.8,4.3,3.78 18:35:42 15/07/21
22,99.9,18.54,1014.73,4.06,3.78 18:40:56 15/07/21
20,99.9,18.535,1014.82,4.42,3.78 18:46:08 15/07/21
28,99.9,18.52,1014.97,4.02,3.78 18:51:23 15/07/21
26,99.9,18.455,1014.94,4.2,3.78 18:56:40 15/07/21
27,99.9,18.49,1014.94,3.91,3.78 19:01:55 15/07/21
26,99.9,18.435001,1014.98,5.0,3.78 19:07:12 15/07/21
28,99.9,18.474998,1015.03,4.08,3.78 19:12:30 15/07/21
28,99.9,18.405,1015.12,5.0,3.78 19:17:46 15/07/21
28,99.9,18.35,1015.18,4.87,3.78 19:23:01 15/07/21
22,99.9,18.385,1015.16,3.86,3.78 19:28:16 15/07/21
22,99.9,18.32,1015.12,4.46,3.78 19:33:33 15/07/21
18,99.9,18.9,1015.24,4.36,3.77 19:53:11 15/07/21
20,99.9,18.705,1015.28,3.89,3.77 19:58:27 15/07/21
27,99.9,18.49,1015.24,4.96,3.77 20:03:41 15/07/21
24,99.9,18.385,1015.25,5.0,3.78 20:08:54 15/07/21
21,99.9,18.315,1015.29,4.62,3.78 20:14:08 15/07/21
19,99.9,18.3,1015.25,4.81,3.78 20:19:24 15/07/21
15,99.9,18.295,1015.33,4.49,3.78 20:24:37 15/07/21
14,99.9,18.295,1015.31,4.37,3.78 20:29:52 15/07/21
17,99.9,18.23,1015.41,4.11,3.77 20:35:12 15/07/21
16,99.9,18.23,1015.4,4.22,3.77 20:40:32 15/07/21
11,99.9,18.220001,1015.44,3.9,3.77 20:45:45 15/07/21
10,99.9,18.21,1015.49,3.74,3.77 20:50:59 15/07/21
11,99.9,18.2,1015.52,3.86,3.77 20:56:14 15/07/21
11,99.9,18.189999,1015.49,3.84,3.77 21:01:30 15/07/21
9,99.9,18.189999,1015.53,3.59,3.77 21:06:43 15/07/21
8,99.9,18.185001,1015.67,3.33,3.77 21:11:57 15/07/21
9,99.9,18.185001,1015.75,3.53,3.77 21:17:12 15/07/21
9,99.9,18.125,1015.8,3.3,3.77 21:22:28 15/07/21
6,99.9,18.119999,1015.93,2.27,3.77 21:27:41 15/07/21
7,99.9,18.11,1015.99,2.11,3.77 21:32:57 15/07/21
6,99.9,18.17,1015.98,2.0,3.77 21:38:10 15/07/21
6,99.9,18.11,1016.08,1.87,3.77 21:43:26 15/07/21
5,99.9,18.11,1016.26,1.65,3.77 21:48:39 15/07/21
5,99.9,18.105,1016.31,1.49,3.77 21:53:57 15/07/21
5,99.9,18.095001,1016.35,1.2,3.77 21:59:20 15/07/21
4,99.9,18.085,1016.56,0.77,3.77 22:04:31 15/07/21
3,99.9,18.025,1016.61,0.42,3.77 22:09:47 15/07/21
3,99.9,18.009998,1016.69,0.32,3.77 22:15:00 15/07/21
2,99.9,18.0,1016.66,0.15,3.77 22:20:16 15/07/21
2,99.9,17.94,1016.64,0.07,3.77 22:25:28 15/07/21
2,99.9,17.98,1016.68,0.03,3.77 22:30:44 15/07/21
2,99.9,17.915,1016.68,0.01,3.77 22:36:02 15/07/21
1,99.9,17.915,1016.81,0.0,3.77 22:41:32 15/07/21
2,99.9,17.91,1016.84,0.0,3.77 22:46:44 15/07/21
3,99.9,17.905,1016.81,0.0,3.77 22:51:57 15/07/21
2,99.9,17.89,1016.92,0.0,3.77 22:57:16 15/07/21
2,99.9,17.83,1016.91,0.0,3.77 23:02:38 15/07/21
2,99.9,17.87,1016.97,0.0,3.77 23:07:49 15/07/21
2,99.9,17.815,1017.03,0.0,3.77 23:13:03 15/07/21
2,99.9,17.815,1017.07,0.0,3.77 23:18:18 15/07/21
2,99.9,17.805,1016.99,0.0,3.77 23:23:35 15/07/21
2,99.9,17.805,1016.95,0.0,3.77 23:28:52 15/07/21
3,99.9,17.805,1016.88,0.0,3.77 23:34:14 15/07/21
3,99.9,17.810001,1017.0,0.0,3.77 23:39:27 15/07/21
3,99.9,17.8,1016.92,0.0,3.77 23:44:42 15/07/21
3,99.9,17.795,1016.89,0.0,3.77 23:49:53 15/07/21
3,99.9,17.79,1017.07,0.0,3.77 23:55:08 15/07/21
