0,82.7,19.005,1017.31,0.0,4.12 00:00:31 23/07/21
0,81.3,18.974998,1017.32,0.0,4.12 00:05:46 23/07/21
0,81.5,18.95,1017.34,0.0,4.12 00:11:06 23/07/21
0,82.0,18.87,1017.41,0.0,4.12 00:16:26 23/07/21
0,81.8,18.785,1017.45,0.0,4.12 00:21:43 23/07/21
0,81.9,18.71,1017.48,0.0,4.12 00:26:54 23/07/21
0,82.0,18.675,1017.45,0.0,4.12 00:32:14 23/07/21
0,82.7,18.599998,1017.51,0.0,4.12 00:37:30 23/07/21
0,82.2,18.57,1017.53,0.0,4.12 00:42:46 23/07/21
0,82.4,18.48,1017.56,0.0,4.12 00:48:01 23/07/21
0,82.7,18.400002,1017.55,0.0,4.12 00:53:16 23/07/21
0,82.9,18.315,1017.53,0.0,4.12 00:58:31 23/07/21
0,83.6,18.279999,1017.51,0.0,4.12 01:03:44 23/07/21
0,83.5,18.189999,1017.49,0.0,4.12 01:08:59 23/07/21
0,84.1,18.099998,1017.58,0.01,4.12 01:14:13 23/07/21
0,83.6,18.009998,1017.48,0.01,4.12 01:19:31 23/07/21
0,83.7,17.974998,1017.55,0.01,4.12 01:24:44 23/07/21
0,83.8,17.885,1017.6,0.01,4.12 01:29:57 23/07/21
0,84.3,17.805,1017.56,0.01,4.12 01:35:12 23/07/21
0,84.0,17.715,1017.55,0.01,4.12 01:40:28 23/07/21
0,84.7,17.68,1017.53,0.0,4.11 01:45:41 23/07/21
0,85.1,17.599998,1017.54,0.0,4.12 01:50:57 23/07/21
0,84.5,17.515,1017.53,0.0,4.12 01:56:12 23/07/21
0,85.2,17.48,1017.53,0.0,4.12 02:01:25 23/07/21
0,85.1,17.39,1017.49,0.0,4.11 02:06:39 23/07/21
0,84.8,17.305,1017.52,0.0,4.11 02:11:53 23/07/21
0,86.6,17.27,1017.49,0.0,4.11 02:17:14 23/07/21
0,86.0,17.189999,1017.46,0.0,4.11 02:22:33 23/07/21
0,86.4,17.099998,1017.45,0.0,4.11 02:27:54 23/07/21
0,86.4,17.064999,1017.37,0.0,4.11 02:33:07 23/07/21
0,85.9,16.974998,1017.38,0.0,4.11 02:38:24 23/07/21
0,87.6,16.895,1017.37,0.0,4.11 02:43:43 23/07/21
0,86.5,16.805,1017.32,0.0,4.11 02:49:02 23/07/21
1,87.2,16.76,1017.24,0.0,4.11 02:54:14 23/07/21
5,87.0,16.675,1017.19,0.0,4.11 02:59:28 23/07/21
6,88.3,16.58,1017.19,0.0,4.11 03:04:43 23/07/21
8,87.2,16.495,1017.22,0.0,4.11 03:09:58 23/07/21
10,88.6,16.395,1017.2,0.0,4.11 03:15:14 23/07/21
10,88.1,16.3,1017.19,0.0,4.11 03:20:26 23/07/21
11,87.8,16.21,1017.09,0.0,4.11 03:25:42 23/07/21
9,89.8,16.11,1017.07,0.0,4.11 03:30:55 23/07/21
9,88.1,16.015,1017.05,0.0,4.11 03:36:09 23/07/21
9,88.9,15.92,1016.99,0.0,4.11 03:41:25 23/07/21
9,89.3,15.815001,1017.01,0.0,4.11 03:46:37 23/07/21
9,89.5,15.72,1017.04,0.0,4.11 03:51:56 23/07/21
7,89.3,15.63,1016.98,0.0,4.11 03:57:14 23/07/21
7,90.2,15.59,1017.0,0.0,4.11 04:02:30 23/07/21
7,90.3,15.51,1016.94,0.0,4.11 04:07:44 23/07/21
6,89.6,15.48,1016.89,0.0,4.11 04:12:57 23/07/21
6,90.2,15.405001,1016.95,0.0,4.11 04:18:11 23/07/21
6,90.3,15.325,1016.92,0.0,4.11 04:23:28 23/07/21
5,90.3,15.29,1016.89,0.0,4.11 04:28:40 23/07/21
5,90.4,15.215,1016.88,0.0,4.11 04:33:54 23/07/21
5,90.5,15.18,1016.87,0.0,4.11 04:39:07 23/07/21
4,90.6,15.1,1016.92,0.0,4.11 04:44:21 23/07/21
4,91.4,15.08,1016.94,0.0,4.11 04:49:37 23/07/21
4,90.8,15.0,1016.89,0.01,4.11 04:54:52 23/07/21
4,91.1,14.98,1016.83,0.03,4.1 05:00:06 23/07/21
4,90.8,14.91,1016.82,0.08,4.11 05:05:32 23/07/21
4,91.0,14.885,1016.78,0.18,4.11 05:10:51 23/07/21
3,90.9,14.805,1016.7,0.37,4.11 05:16:04 23/07/21
4,91.2,14.775,1016.6,0.72,4.1 05:21:20 23/07/21
5,90.9,14.7,1016.58,1.24,4.1 05:26:33 23/07/21
5,91.0,14.68,1016.55,1.85,4.1 05:31:51 23/07/21
4,91.2,14.66,1016.55,2.51,4.1 05:37:09 23/07/21
5,92.2,14.59,1016.57,3.16,4.1 05:42:23 23/07/21
5,92.5,14.585,1016.56,3.69,4.11 05:47:37 23/07/21
6,91.4,14.51,1016.5,4.11,4.1 05:52:52 23/07/21
6,91.6,14.5,1016.5,4.21,4.11 05:58:05 23/07/21
7,91.9,14.475,1016.43,4.17,4.11 06:03:19 23/07/21
8,91.8,14.465,1016.43,4.32,4.1 06:08:34 23/07/21
10,92.1,14.405,1016.42,4.38,4.1 06:13:47 23/07/21
10,91.9,14.385,1016.42,4.81,4.11 06:19:03 23/07/21
10,92.4,14.385,1016.41,4.57,4.1 06:24:15 23/07/21
11,92.6,14.38,1016.46,5.0,4.1 06:29:29 23/07/21
15,92.3,14.38,1016.52,4.86,4.11 06:34:46 23/07/21
18,92.4,14.37,1016.43,5.0,4.11 06:40:02 23/07/21
13,92.3,14.385,1016.43,5.0,4.11 06:45:18 23/07/21
16,92.4,14.375,1016.39,5.0,4.11 06:50:35 23/07/21
17,92.7,14.389999,1016.43,5.0,4.11 06:55:48 23/07/21
17,92.3,14.405,1016.4,4.86,4.1 07:01:00 23/07/21
28,93.5,14.48,1016.48,4.22,4.11 07:06:14 23/07/21
22,93.0,14.545,1016.36,4.32,4.11 07:11:34 23/07/21
22,93.1,14.594999,1016.4,4.43,4.11 07:16:53 23/07/21
30,94.2,14.684999,1016.4,4.16,4.11 07:22:11 23/07/21
30,93.8,14.785,1016.38,5.0,4.11 07:27:29 23/07/21
29,93.8,14.875,1016.34,4.51,4.11 07:32:42 23/07/21
19,95.6,15.049999,1016.35,5.0,4.12 07:37:57 23/07/21
32,95.0,15.15,1016.29,4.76,4.11 07:43:13 23/07/21
17,95.6,15.280001,1016.29,5.0,4.12 07:48:31 23/07/21
16,96.6,15.460001,1016.24,5.0,4.12 07:53:52 23/07/21
15,95.9,15.63,1016.21,4.84,4.11 07:59:11 23/07/21
14,96.3,15.75,1016.25,4.47,4.12 08:04:25 23/07/21
31,97.2,15.93,1016.31,4.22,4.12 08:09:40 23/07/21
14,96.7,16.11,1016.35,5.0,4.12 08:14:58 23/07/21
13,95.8,16.37,1016.42,4.17,4.12 08:20:15 23/07/21
16,96.0,16.755,1016.48,4.88,4.13 08:25:33 23/07/21
14,95.4,17.125,1016.52,4.73,4.13 08:30:43 23/07/21
15,95.7,17.515,1016.55,4.94,4.13 08:35:58 23/07/21
14,96.5,17.8,1016.47,5.0,4.13 08:41:14 23/07/21
14,96.6,18.095001,1016.53,4.18,4.13 08:46:27 23/07/21
17,96.3,18.295,1016.6,5.0,4.13 08:51:47 23/07/21
16,95.4,18.509998,1016.58,5.0,4.14 08:57:06 23/07/21
17,94.8,18.619999,1016.55,4.18,4.13 09:02:20 23/07/21
18,94.8,18.685001,1016.49,4.27,4.13 09:07:39 23/07/21
16,95.1,18.685001,1016.57,4.24,4.14 09:12:57 23/07/21
17,95.0,18.68,1016.55,5.0,4.14 09:18:18 23/07/21
17,95.3,18.82,1016.55,4.22,4.14 09:23:35 23/07/21
16,94.5,18.845001,1016.6,5.0,4.14 09:28:51 23/07/21
20,94.9,18.985,1016.63,5.0,4.15 09:34:10 23/07/21
18,94.2,19.02,1016.53,5.0,4.15 09:39:31 23/07/21
18,94.4,19.175,1016.48,4.72,4.15 09:44:43 23/07/21
20,94.7,19.3,1016.5,5.0,4.16 09:49:59 23/07/21
20,95.2,19.474998,1016.41,4.92,4.16 09:55:14 23/07/21
20,94.9,19.58,1016.27,4.29,4.16 10:00:29 23/07/21
20,95.3,19.69,1016.16,4.31,4.17 10:05:43 23/07/21
19,94.2,19.849998,1016.03,4.4,4.17 10:10:56 23/07/21
20,94.6,19.974998,1015.97,5.0,4.17 10:16:18 23/07/21
20,94.7,20.165,1015.96,4.24,4.18 10:21:35 23/07/21
21,94.4,20.295,1015.89,5.0,4.19 10:26:53 23/07/21
21,94.3,20.485,1015.87,4.43,4.19 10:32:09 23/07/21
21,94.3,20.73,1015.87,5.0,4.2 10:37:21 23/07/21
22,94.6,20.96,1015.87,4.32,4.21 10:42:36 23/07/21
22,93.8,21.16,1015.89,5.0,4.17 10:47:51 23/07/21
21,93.8,21.345,1016.0,5.0,4.17 10:53:05 23/07/21
22,93.6,21.355,1015.89,5.0,4.17 10:58:21 23/07/21
22,93.6,21.455,1015.82,5.0,4.17 11:03:36 23/07/21
23,93.8,21.619999,1015.71,5.0,4.17 11:08:53 23/07/21
23,93.5,21.740002,1015.77,5.0,4.17 11:14:07 23/07/21
22,93.1,21.91,1015.74,5.0,4.17 11:19:21 23/07/21
21,93.4,22.035,1015.62,5.0,4.17 11:24:35 23/07/21
25,93.3,22.220001,1015.58,5.0,4.17 11:30:00 23/07/21
25,93.1,22.415,1015.48,5.0,4.17 11:35:21 23/07/21
22,92.1,22.545,1015.41,5.0,4.17 11:40:39 23/07/21
24,92.7,22.619999,1015.38,5.0,4.17 11:45:55 23/07/21
25,92.8,22.75,1015.32,5.0,4.17 11:51:09 23/07/21
23,92.2,22.849998,1015.27,5.0,4.17 11:56:24 23/07/21
24,92.6,23.01,1015.25,5.0,4.17 12:01:41 23/07/21
25,91.9,23.220001,1015.22,5.0,4.17 12:06:57 23/07/21
25,92.3,23.39,1015.07,5.0,4.17 12:12:13 23/07/21
24,91.5,23.51,1014.98,5.0,4.16 12:17:27 23/07/21
23,90.1,23.555,1014.92,5.0,4.17 12:22:42 23/07/21
24,91.2,23.645,1014.95,5.0,4.17 12:27:58 23/07/21
25,91.8,23.885,1014.84,5.0,4.16 12:33:15 23/07/21
24,91.1,24.015,1014.8,5.0,4.17 12:38:29 23/07/21
25,90.6,24.185001,1014.64,5.0,4.16 12:43:46 23/07/21
24,90.7,24.314999,1014.68,5.0,4.16 12:49:00 23/07/21
23,90.6,24.435,1014.58,5.0,4.16 12:54:14 23/07/21
27,90.5,24.515,1014.44,5.0,4.16 12:59:36 23/07/21
26,90.7,24.75,1014.39,5.0,4.16 13:04:57 23/07/21
26,89.5,24.825,1014.36,5.0,4.16 13:10:12 23/07/21
25,87.0,24.92,1014.29,5.0,4.16 13:15:27 23/07/21
24,87.2,25.07,1014.25,5.0,4.16 13:20:42 23/07/21
26,87.3,25.17,1014.06,5.0,4.16 13:25:59 23/07/21
25,89.1,25.29,1014.03,5.0,4.16 13:31:14 23/07/21
24,89.3,25.375,1013.89,5.0,4.16 13:36:28 23/07/21
26,89.0,25.58,1013.87,5.0,4.16 13:41:47 23/07/21
24,86.8,25.77,1013.81,5.0,4.16 13:47:00 23/07/21
26,83.9,25.869999,1013.68,5.0,4.16 13:52:24 23/07/21
25,82.2,25.89,1013.79,5.0,4.16 13:57:42 23/07/21
24,86.4,25.96,1013.7,5.0,4.16 14:02:57 23/07/21
24,84.9,26.060001,1013.59,5.0,4.16 14:08:12 23/07/21
28,84.7,26.24,1013.48,5.0,4.16 14:13:36 23/07/21
26,82.7,26.355,1013.48,5.0,4.16 14:18:54 23/07/21
26,81.5,26.39,1013.38,5.0,4.16 14:24:10 23/07/21
26,83.3,26.54,1013.42,5.0,4.16 14:29:26 23/07/21
26,83.0,26.66,1013.35,5.0,4.16 14:34:42 23/07/21
26,83.4,26.77,1013.31,5.0,4.16 14:39:58 23/07/21
26,83.1,26.945,1013.21,5.0,4.16 14:45:14 23/07/21
26,82.4,26.994999,1013.17,5.0,4.16 14:50:30 23/07/21
26,78.7,26.99,1013.08,5.0,4.16 14:55:47 23/07/21
25,81.4,27.07,1013.01,5.0,4.16 15:01:02 23/07/21
27,80.5,27.150002,1012.96,5.0,4.16 15:06:22 23/07/21
24,79.7,27.175,1013.0,5.0,4.16 15:11:41 23/07/21
23,77.2,27.175,1012.98,5.0,4.16 15:16:57 23/07/21
27,73.3,27.1,1012.93,5.0,4.15 15:22:17 23/07/21
26,78.7,27.085,1012.92,5.0,4.16 15:27:32 23/07/21
26,75.2,27.175,1012.87,5.0,4.16 15:32:48 23/07/21
26,68.7,27.08,1012.72,5.0,4.16 15:38:04 23/07/21
26,75.4,27.085,1012.69,5.0,4.16 15:43:20 23/07/21
26,75.0,27.095001,1012.63,5.0,4.15 15:48:41 23/07/21
27,74.0,27.119999,1012.54,5.0,4.15 15:54:05 23/07/21
25,74.9,27.19,1012.47,5.0,4.15 15:59:25 23/07/21
24,66.1,27.195,1012.41,5.0,4.15 16:04:40 23/07/21
24,71.7,27.085,1012.47,5.0,4.15 16:09:57 23/07/21
27,72.8,27.119999,1012.46,5.0,4.15 16:15:17 23/07/21
25,70.0,27.27,1012.33,5.0,4.15 16:20:38 23/07/21
24,73.1,27.285,1012.33,5.0,4.15 16:25:54 23/07/21
26,71.0,27.375,1012.22,5.0,4.15 16:31:12 23/07/21
25,71.5,27.455,1012.1,5.0,4.15 16:36:27 23/07/21
26,72.0,27.560001,1012.06,5.0,4.15 16:41:46 23/07/21
25,71.9,27.64,1011.97,5.0,4.17 16:47:00 23/07/21
22,70.5,27.66,1011.92,5.0,4.15 16:52:13 23/07/21
23,70.9,27.61,1011.93,5.0,4.15 16:57:30 23/07/21
23,66.1,27.595001,1011.87,5.0,4.15 17:02:48 23/07/21
22,67.2,27.445,1011.83,5.0,4.15 17:08:02 23/07/21
24,68.4,27.34,1011.7,5.0,4.15 17:13:20 23/07/21
26,68.6,27.345,1011.63,5.0,4.15 17:18:45 23/07/21
26,66.7,27.34,1011.57,5.0,4.15 17:24:05 23/07/21
23,66.9,27.39,1011.57,5.0,4.15 17:29:25 23/07/21
22,67.4,27.33,1011.53,5.0,4.15 17:34:40 23/07/21
25,67.6,27.33,1011.49,5.0,4.15 17:40:02 23/07/21
24,65.9,27.245,1011.43,5.0,4.15 17:45:23 23/07/21
24,66.3,27.23,1011.41,5.0,4.15 17:50:39 23/07/21
22,66.0,27.16,1011.4,5.0,4.15 17:55:53 23/07/21
22,66.9,27.075,1011.38,5.0,4.15 18:01:11 23/07/21
21,63.9,26.985,1011.32,5.0,4.14 18:06:27 23/07/21
21,65.9,26.939999,1011.32,5.0,4.15 18:11:44 23/07/21
21,64.6,26.78,1011.25,5.0,4.14 18:17:02 23/07/21
18,64.8,26.67,1011.21,5.0,4.14 18:22:14 23/07/21
17,64.8,26.42,1011.14,5.0,4.15 18:27:36 23/07/21
20,64.4,26.285,1011.02,5.0,4.14 18:33:00 23/07/21
18,64.0,26.09,1010.84,5.0,4.14 18:38:18 23/07/21
20,64.0,25.9,1010.84,5.0,4.14 18:43:37 23/07/21
20,65.4,25.79,1010.74,5.0,4.14 18:48:53 23/07/21
19,65.2,25.7,1010.66,5.0,4.14 18:54:12 23/07/21
19,66.0,25.605,1010.64,5.0,4.14 18:59:34 23/07/21
18,65.0,25.5,1010.55,5.0,4.14 19:04:49 23/07/21
19,65.6,25.34,1010.54,5.0,4.14 19:10:04 23/07/21
14,65.4,25.29,1010.44,5.0,4.14 19:15:20 23/07/21
15,66.3,25.135,1010.45,5.0,4.14 19:20:35 23/07/21
14,65.6,25.02,1010.33,5.0,4.14 19:25:49 23/07/21
12,66.4,24.93,1010.36,5.0,4.14 19:31:05 23/07/21
12,66.4,24.895,1010.34,5.0,4.14 19:36:27 23/07/21
9,66.8,24.810001,1010.29,5.0,4.14 19:41:47 23/07/21
10,67.1,24.79,1010.32,5.0,4.14 19:47:07 23/07/21
9,67.4,24.735,1010.23,5.0,4.14 19:52:27 23/07/21
8,67.5,24.695,1010.15,5.0,4.14 19:57:43 23/07/21
8,67.6,24.619999,1010.19,5.0,4.14 20:02:58 23/07/21
7,67.9,24.535,1010.1,5.0,4.14 20:08:12 23/07/21
7,68.2,24.455,1010.04,5.0,4.14 20:13:30 23/07/21
7,68.2,24.415,1010.08,5.0,4.14 20:18:45 23/07/21
6,68.5,24.265,1010.01,5.0,4.14 20:24:01 23/07/21
6,68.1,24.220001,1009.96,5.0,4.14 20:29:16 23/07/21
6,68.7,24.11,1009.86,5.0,4.14 20:34:33 23/07/21
5,68.7,23.96,1009.92,5.0,4.14 20:39:47 23/07/21
6,68.8,23.855,1009.88,5.0,4.14 20:45:04 23/07/21
5,69.1,23.82,1009.81,5.0,4.14 20:50:19 23/07/21
4,69.5,23.725,1009.8,5.0,4.14 20:55:32 23/07/21
4,69.4,23.619999,1009.78,5.0,4.14 21:00:50 23/07/21
4,69.6,23.46,1009.74,5.0,4.13 21:06:14 23/07/21
3,69.7,23.365002,1009.69,5.0,4.14 21:11:29 23/07/21
2,70.6,23.26,1009.7,4.92,4.13 21:16:43 23/07/21
1,69.9,23.14,1009.72,4.68,4.13 21:22:00 23/07/21
0,70.4,22.98,1009.71,4.25,4.13 21:27:15 23/07/21
0,71.7,22.865002,1009.67,4.19,4.14 21:32:31 23/07/21
0,71.4,22.75,1009.69,3.75,4.14 21:37:44 23/07/21
0,73.0,22.64,1009.66,3.2,4.13 21:43:05 23/07/21
0,72.5,22.545,1009.69,2.68,4.13 21:48:26 23/07/21
0,73.2,22.47,1009.69,2.06,4.13 21:53:41 23/07/21
0,73.6,22.385,1009.75,1.52,4.13 21:58:57 23/07/21
0,75.6,22.36,1009.73,0.96,4.13 22:04:11 23/07/21
0,74.6,22.285,1009.79,0.54,4.13 22:09:26 23/07/21
0,77.0,22.265,1009.77,0.3,4.13 22:14:42 23/07/21
0,75.3,22.185001,1009.79,0.16,4.13 22:19:57 23/07/21
0,76.6,22.099998,1009.76,0.07,4.13 22:25:11 23/07/21
0,77.0,22.07,1009.73,0.03,4.13 22:30:28 23/07/21
0,77.1,22.0,1009.77,0.01,4.13 22:35:43 23/07/21
0,76.6,21.965,1009.81,0.0,4.13 22:40:59 23/07/21
0,78.5,21.89,1009.81,0.0,4.13 22:46:11 23/07/21
0,78.3,21.805,1009.77,0.0,4.13 22:51:29 23/07/21
0,79.4,21.779999,1009.7,0.0,4.13 22:56:44 23/07/21
0,78.9,21.7,1009.67,0.0,4.13 23:01:59 23/07/21
0,78.1,21.67,1009.74,0.0,4.13 23:07:14 23/07/21
0,78.1,21.575,1009.68,0.0,4.13 23:12:30 23/07/21
0,79.5,21.425,1009.71,0.0,4.13 23:17:48 23/07/21
0,77.9,21.385,1009.67,0.0,4.13 23:23:09 23/07/21
0,78.4,21.29,1009.52,0.0,4.13 23:28:21 23/07/21
0,78.5,21.25,1009.57,0.0,4.13 23:33:36 23/07/21
0,79.9,21.17,1009.6,0.0,4.13 23:38:53 23/07/21
0,79.0,21.09,1009.59,0.0,4.13 23:44:07 23/07/21
0,79.9,21.06,1009.45,0.0,4.13 23:49:24 23/07/21
0,80.4,20.965,1009.49,0.0,4.12 23:54:38 23/07/21
0,80.2,20.885,1009.56,0.0,4.13 23:59:53 23/07/21
