0,96.1,20.915,1005.92,0.0,4.12 00:02:05 26/07/21
0,95.0,20.905,1006.0,0.0,4.12 00:07:20 26/07/21
0,95.6,20.885,1005.94,0.0,4.12 00:12:36 26/07/21
0,96.1,20.885,1006.02,0.0,4.12 00:17:56 26/07/21
0,95.9,20.875,1005.98,0.0,4.12 00:23:16 26/07/21
0,95.4,20.875,1006.0,0.0,4.12 00:28:29 26/07/21
0,95.9,20.880001,1006.15,0.0,4.12 00:33:46 26/07/21
4,98.4,20.91,1005.88,0.0,4.12 00:39:01 26/07/21
5,96.6,20.900002,1006.0,0.0,4.12 00:44:16 26/07/21
5,96.7,20.885,1005.93,0.0,4.12 00:49:36 26/07/21
6,97.4,20.880001,1005.89,0.0,4.12 00:54:54 26/07/21
7,97.5,20.810001,1005.82,0.0,4.12 01:00:09 26/07/21
7,97.8,20.795,1005.82,0.0,4.12 01:05:25 26/07/21
7,97.8,20.785,1005.74,0.0,4.12 01:10:40 26/07/21
7,97.9,20.715,1005.83,0.0,4.12 01:15:59 26/07/21
7,97.9,20.689999,1005.79,0.0,4.12 01:21:17 26/07/21
6,97.4,20.595001,1005.82,0.0,4.12 01:26:38 26/07/21
7,97.3,20.49,1005.79,0.0,4.12 01:31:56 26/07/21
7,98.1,20.34,1005.69,0.0,4.12 01:37:10 26/07/21
7,97.9,20.225,1005.53,0.0,4.12 01:42:24 26/07/21
7,97.8,20.119999,1005.59,0.0,4.12 01:47:41 26/07/21
7,98.4,20.025,1005.57,0.0,4.12 01:52:57 26/07/21
7,98.5,19.994999,1005.59,0.0,4.12 01:58:09 26/07/21
7,98.5,19.895,1005.58,0.0,4.12 02:03:26 26/07/21
7,98.6,19.810001,1005.63,0.0,4.12 02:08:44 26/07/21
7,99.3,19.79,1005.62,0.0,4.12 02:14:08 26/07/21
6,99.0,19.715,1005.6,0.0,4.12 02:19:25 26/07/21
6,99.4,19.625,1005.57,0.0,4.12 02:24:41 26/07/21
6,99.0,19.59,1005.54,0.0,4.12 02:29:55 26/07/21
6,99.0,19.494999,1005.52,0.0,4.12 02:35:10 26/07/21
6,99.1,19.39,1005.43,0.0,4.12 02:40:26 26/07/21
6,99.9,19.325,1005.45,0.0,4.11 02:45:39 26/07/21
6,99.9,19.235,1005.4,0.0,4.11 02:50:56 26/07/21
4,99.5,19.2,1005.4,0.0,4.11 02:56:09 26/07/21
6,99.2,19.119999,1005.39,0.0,4.11 03:01:25 26/07/21
6,99.4,19.099998,1005.36,0.0,4.11 03:06:45 26/07/21
5,99.1,19.085,1005.34,0.0,4.11 03:12:01 26/07/21
6,99.7,19.009998,1005.3,0.0,4.11 03:17:23 26/07/21
5,99.3,19.0,1005.39,0.0,4.11 03:22:45 26/07/21
5,99.8,18.935001,1005.4,0.0,4.11 03:28:03 26/07/21
5,99.9,18.92,1005.6,0.0,4.11 03:33:18 26/07/21
5,99.9,18.905,1005.59,0.0,4.11 03:38:32 26/07/21
5,99.9,18.84,1005.5,0.0,4.11 03:43:48 26/07/21
5,99.9,18.835,1005.47,0.01,4.11 03:49:05 26/07/21
5,99.9,18.83,1005.47,0.01,4.11 03:54:22 26/07/21
5,99.9,18.82,1005.53,0.01,4.11 03:59:50 26/07/21
5,99.9,18.795,1005.48,0.01,4.11 04:05:04 26/07/21
5,99.9,18.775002,1005.49,0.01,4.11 04:10:23 26/07/21
4,99.9,18.695,1005.54,0.01,4.11 04:15:52 26/07/21
4,99.9,18.619999,1005.55,0.01,4.11 04:21:05 26/07/21
4,99.9,18.599998,1005.52,0.01,4.11 04:26:20 26/07/21
4,99.9,18.525,1005.59,0.01,4.11 04:31:34 26/07/21
4,99.9,18.509998,1005.59,0.01,4.11 04:36:49 26/07/21
4,99.9,18.435001,1005.58,0.01,4.11 04:42:02 26/07/21
4,99.9,18.415,1005.67,0.01,4.11 04:47:17 26/07/21
4,99.9,18.385,1005.76,0.01,4.11 04:52:38 26/07/21
3,99.9,18.310001,1005.77,0.02,4.11 04:57:55 26/07/21
4,99.9,18.279999,1005.75,0.03,4.11 05:03:18 26/07/21
4,99.9,18.215,1005.72,0.05,4.11 05:08:37 26/07/21
4,99.9,18.195,1005.81,0.1,4.11 05:13:48 26/07/21
4,99.9,18.119999,1005.88,0.2,4.11 05:19:01 26/07/21
3,99.9,18.029999,1005.87,0.4,4.11 05:24:17 26/07/21
4,99.9,17.985,1005.92,0.78,4.11 05:29:33 26/07/21
4,99.9,17.92,1006.01,1.36,4.11 05:34:46 26/07/21
6,99.9,17.905,1006.05,2.05,4.11 05:40:05 26/07/21
5,99.9,17.880001,1006.17,2.72,4.11 05:45:24 26/07/21
7,99.9,17.815,1006.21,3.36,4.11 05:50:39 26/07/21
9,99.9,17.74,1006.26,3.75,4.11 05:55:57 26/07/21
7,99.9,17.715,1006.24,4.23,4.11 06:01:14 26/07/21
11,99.9,17.695,1006.3,4.22,4.11 06:06:33 26/07/21
9,99.9,17.695,1006.31,4.19,4.11 06:11:44 26/07/21
10,99.9,17.7,1006.37,4.19,4.11 06:16:59 26/07/21
12,99.9,17.725,1006.45,4.25,4.1 06:22:15 26/07/21
13,99.9,17.8,1006.46,4.49,4.11 06:27:28 26/07/21
16,99.9,17.89,1006.4,4.86,4.11 06:32:44 26/07/21
21,99.9,17.98,1006.44,5.0,4.11 06:37:58 26/07/21
25,99.9,18.015,1006.39,5.0,4.1 06:43:15 26/07/21
19,99.9,18.095001,1006.47,4.22,4.11 06:48:25 26/07/21
21,99.9,18.105,1006.49,5.0,4.11 06:53:41 26/07/21
27,99.9,18.18,1006.51,5.0,4.11 06:58:56 26/07/21
29,99.9,18.2,1006.5,5.0,4.11 07:04:10 26/07/21
31,99.9,18.275002,1006.55,5.0,4.11 07:09:25 26/07/21
31,99.9,18.3,1006.58,4.28,4.11 07:14:39 26/07/21
26,99.9,18.385,1006.57,4.44,4.11 07:19:53 26/07/21
37,99.9,18.47,1006.61,5.0,4.11 07:25:09 26/07/21
30,99.9,18.5,1006.56,5.0,4.11 07:30:22 26/07/21
31,99.9,18.575,1006.6,4.54,4.12 07:35:36 26/07/21
35,99.9,18.599998,1006.56,5.0,4.11 07:40:57 26/07/21
34,99.9,18.7,1006.62,4.48,4.12 07:46:14 26/07/21
29,99.9,18.785,1006.63,5.0,4.11 07:51:29 26/07/21
32,99.9,18.86,1006.55,4.17,4.12 07:56:44 26/07/21
34,99.9,18.880001,1006.58,5.0,4.12 08:02:00 26/07/21
32,99.9,18.955,1006.57,5.0,4.12 08:07:14 26/07/21
34,99.9,18.985,1006.52,5.0,4.11 08:12:30 26/07/21
23,99.9,19.075,1006.53,4.17,4.12 08:17:44 26/07/21
31,99.9,19.099998,1006.48,5.0,4.13 08:22:58 26/07/21
29,99.9,19.325,1006.46,4.17,4.13 08:28:16 26/07/21
30,99.9,19.69,1006.45,4.24,4.13 08:33:33 26/07/21
23,99.9,20.005001,1006.41,4.26,4.12 08:38:50 26/07/21
19,99.9,20.26,1006.47,4.22,4.13 08:44:06 26/07/21
27,99.9,20.505,1006.52,4.23,4.13 08:49:19 26/07/21
42,99.9,20.575,1006.47,5.0,4.13 08:54:37 26/07/21
20,99.9,20.64,1006.47,5.0,4.13 08:59:52 26/07/21
14,99.9,20.725,1006.52,5.0,4.14 09:05:07 26/07/21
22,99.9,20.725,1006.62,5.0,4.14 09:10:22 26/07/21
19,99.9,20.715,1006.63,4.22,4.15 09:15:37 26/07/21
14,99.9,20.775002,1006.73,4.32,4.13 09:20:52 26/07/21
19,99.9,20.645,1006.75,5.0,4.14 09:26:04 26/07/21
21,99.9,20.525,1006.84,5.0,4.15 09:31:21 26/07/21
21,99.9,20.425,1006.82,4.92,4.15 09:36:40 26/07/21
15,99.9,20.405,1006.83,5.0,4.15 09:41:59 26/07/21
23,99.9,20.39,1006.81,4.22,4.15 09:47:14 26/07/21
19,99.9,20.32,1006.84,4.22,4.15 09:52:29 26/07/21
28,99.9,20.385,1006.91,4.28,4.17 09:57:49 26/07/21
18,99.9,20.42,1006.91,4.28,4.16 10:03:14 26/07/21
16,99.9,20.48,1006.96,5.0,4.16 10:08:32 26/07/21
15,99.9,20.425,1007.04,4.27,4.17 10:13:45 26/07/21
20,99.9,20.425,1007.03,5.0,4.17 10:19:02 26/07/21
16,99.9,20.57,1007.09,4.23,4.17 10:24:16 26/07/21
9,99.9,20.595001,1007.09,4.26,4.16 10:29:29 26/07/21
11,99.9,20.575,1007.22,4.58,4.16 10:34:50 26/07/21
15,99.9,20.5,1007.23,4.28,4.17 10:40:09 26/07/21
20,99.9,20.505,1007.31,4.29,4.17 10:45:24 26/07/21
12,99.9,20.58,1007.29,4.27,4.17 10:50:37 26/07/21
33,99.9,20.595001,1007.39,5.0,4.16 10:55:54 26/07/21
26,99.9,20.775002,1007.36,5.0,4.16 11:01:08 26/07/21
21,99.9,21.07,1007.3,5.0,4.16 11:06:24 26/07/21
16,99.9,21.26,1007.29,5.0,4.16 11:11:42 26/07/21
24,99.9,21.279999,1007.27,5.0,4.16 11:16:54 26/07/21
20,99.9,21.43,1007.18,5.0,4.15 11:22:09 26/07/21
15,99.9,21.465,1007.25,5.0,4.15 11:27:24 26/07/21
27,99.9,21.535,1007.2,5.0,4.15 11:32:41 26/07/21
19,99.9,21.67,1007.23,5.0,4.15 11:37:54 26/07/21
27,99.9,21.84,1007.23,5.0,4.15 11:43:14 26/07/21
20,99.9,22.04,1007.25,5.0,4.15 11:48:33 26/07/21
31,99.9,22.285,1007.27,5.0,4.15 11:53:47 26/07/21
13,99.9,22.425,1007.25,5.0,4.15 11:59:06 26/07/21
18,99.9,22.42,1007.29,5.0,4.15 12:04:27 26/07/21
11,99.9,22.285,1007.33,5.0,4.15 12:09:43 26/07/21
11,99.9,22.145,1007.35,5.0,4.15 12:14:57 26/07/21
10,99.9,21.99,1007.35,5.0,4.15 12:20:13 26/07/21
12,99.9,21.87,1007.33,5.0,4.15 12:25:27 26/07/21
15,99.9,21.85,1007.36,5.0,4.15 12:30:42 26/07/21
16,99.9,21.775002,1007.39,5.0,4.15 12:36:00 26/07/21
20,99.9,21.76,1007.35,5.0,4.15 12:41:14 26/07/21
20,99.9,21.825,1007.35,5.0,4.15 12:46:29 26/07/21
21,99.9,21.935,1007.41,5.0,4.15 12:51:45 26/07/21
20,99.9,22.115,1007.49,5.0,4.15 12:57:00 26/07/21
24,99.9,22.305,1007.53,5.0,4.15 13:02:15 26/07/21
32,99.9,22.485,1007.61,5.0,4.15 13:07:30 26/07/21
35,99.9,22.71,1007.62,5.0,4.15 13:12:48 26/07/21
16,99.9,23.05,1007.52,5.0,4.15 13:17:59 26/07/21
14,99.6,23.015,1007.5,5.0,4.15 13:23:14 26/07/21
30,99.2,22.855,1007.47,5.0,4.14 13:28:31 26/07/21
31,99.4,23.185001,1007.41,5.0,4.15 13:33:46 26/07/21
17,99.2,23.470001,1007.4,5.0,4.15 13:39:00 26/07/21
20,98.6,23.525,1007.37,5.0,4.15 13:44:20 26/07/21
31,99.3,23.77,1007.3,5.0,4.15 13:49:33 26/07/21
18,99.4,24.14,1007.28,5.0,4.15 13:54:49 26/07/21
24,98.2,24.240002,1007.32,5.0,4.15 14:00:03 26/07/21
19,97.1,24.029999,1007.3,5.0,4.15 14:05:18 26/07/21
17,98.4,23.994999,1007.3,5.0,4.15 14:10:35 26/07/21
17,96.5,23.91,1007.32,5.0,4.15 14:15:49 26/07/21
16,96.4,23.73,1007.35,5.0,4.15 14:21:06 26/07/21
18,95.8,23.55,1007.38,5.0,4.14 14:26:22 26/07/21
19,96.2,23.33,1007.35,5.0,4.15 14:31:36 26/07/21
34,97.4,23.41,1007.34,5.0,4.14 14:36:57 26/07/21
23,95.2,23.68,1007.32,5.0,4.15 14:42:19 26/07/21
27,97.7,24.025,1007.33,5.0,4.14 14:47:41 26/07/21
22,95.9,24.245,1007.21,5.0,4.15 14:52:56 26/07/21
33,96.7,24.425,1007.28,5.0,4.14 14:58:12 26/07/21
32,95.6,24.740002,1007.27,5.0,4.14 15:03:33 26/07/21
30,96.6,25.045,1007.22,5.0,4.14 15:08:59 26/07/21
20,94.4,25.150002,1007.07,5.0,4.14 15:14:17 26/07/21
23,93.3,25.015,1007.08,5.0,4.14 15:19:36 26/07/21
25,93.8,24.974998,1007.02,5.0,4.14 15:24:55 26/07/21
19,92.5,24.78,1007.1,5.0,4.14 15:30:10 26/07/21
16,92.7,24.61,1007.09,5.0,4.14 15:35:26 26/07/21
10,91.2,24.26,1007.17,5.0,4.14 15:40:42 26/07/21
7,92.8,24.04,1007.11,5.0,4.14 15:45:58 26/07/21
4,92.0,23.755001,1007.32,5.0,4.14 15:51:13 26/07/21
6,93.2,23.45,1007.65,5.0,4.14 15:56:29 26/07/21
22,95.8,22.85,1007.76,5.0,4.14 16:01:45 26/07/21
60,95.4,22.92,1007.82,5.0,4.13 16:21:34 26/07/21
50,96.4,22.67,1007.84,5.0,4.13 16:26:51 26/07/21
60,98.0,22.375,1007.87,5.0,4.13 16:32:09 26/07/21
67,99.0,22.395,1007.81,5.0,4.13 16:37:24 26/07/21
49,99.5,22.51,1007.81,5.0,4.13 16:42:40 26/07/21
43,98.8,22.525,1007.81,5.0,4.13 16:47:58 26/07/21
42,98.5,22.365002,1007.76,5.0,4.13 16:53:17 26/07/21
50,98.4,22.26,1007.76,5.0,4.13 16:58:31 26/07/21
62,99.9,22.29,1007.8,5.0,4.13 17:03:48 26/07/21
61,99.9,22.525,1007.75,5.0,4.13 17:09:07 26/07/21
43,99.9,22.89,1007.76,5.0,4.13 17:14:19 26/07/21
15,99.9,23.115,1007.53,5.0,4.13 17:19:34 26/07/21
14,99.9,23.154999,1007.51,5.0,4.13 17:24:48 26/07/21
12,99.9,23.085,1007.46,5.0,4.13 17:30:03 26/07/21
13,99.9,22.99,1007.57,5.0,4.13 17:35:20 26/07/21
61,99.9,22.97,1007.49,5.0,4.13 17:40:40 26/07/21
34,99.9,23.045,1007.43,5.0,4.13 17:46:00 26/07/21
33,99.9,23.165,1007.45,5.0,4.13 17:51:15 26/07/21
10,99.9,23.265,1007.48,5.0,4.13 17:56:31 26/07/21
12,99.9,23.195,1007.45,5.0,4.13 18:01:45 26/07/21
16,99.9,23.095001,1007.38,5.0,4.13 18:07:00 26/07/21
17,99.9,23.0,1007.44,5.0,4.13 18:12:15 26/07/21
28,99.9,23.035,1007.39,5.0,4.13 18:17:32 26/07/21
16,99.9,23.14,1007.44,5.0,4.13 18:22:49 26/07/21
15,99.9,23.105,1007.46,5.0,4.13 18:28:03 26/07/21
15,99.9,22.93,1007.43,5.0,4.13 18:33:18 26/07/21
14,99.9,22.815,1007.49,5.0,4.13 18:38:37 26/07/21
17,99.7,22.7,1007.42,5.0,4.12 18:43:58 26/07/21
12,99.8,22.595001,1007.48,5.0,4.13 18:49:13 26/07/21
13,99.8,22.505,1007.53,5.0,4.12 18:54:32 26/07/21
12,99.5,22.34,1007.49,5.0,4.13 18:59:52 26/07/21
12,99.7,22.29,1007.55,5.0,4.12 19:05:07 26/07/21
15,99.8,22.195,1007.53,5.0,4.12 19:10:22 26/07/21
12,99.9,22.189999,1007.54,5.0,4.13 19:15:37 26/07/21
10,99.9,22.185001,1007.51,5.0,4.12 19:20:53 26/07/21
7,99.9,22.175,1007.5,5.0,4.12 19:26:13 26/07/21
5,99.9,22.154999,1007.59,5.0,4.13 19:31:36 26/07/21
5,99.9,22.16,1007.64,5.0,4.12 19:36:59 26/07/21
6,99.9,22.175,1007.64,5.0,4.12 19:42:19 26/07/21
9,99.9,22.165,1007.62,5.0,4.12 19:47:34 26/07/21
7,99.9,22.099998,1007.7,5.0,4.12 19:52:50 26/07/21
4,99.9,22.08,1007.87,5.0,4.12 19:58:06 26/07/21
19,99.9,21.994999,1007.92,5.0,4.12 20:03:24 26/07/21
25,99.9,21.895,1007.98,5.0,4.12 20:08:44 26/07/21
24,99.9,21.8,1008.13,5.0,4.12 20:13:58 26/07/21
27,99.9,21.695,1008.1,5.0,4.12 20:19:18 26/07/21
26,99.9,21.65,1008.12,5.0,4.12 20:24:38 26/07/21
25,99.9,21.56,1008.14,5.0,4.12 20:29:54 26/07/21
23,99.9,21.474998,1008.2,5.0,4.12 20:35:07 26/07/21
30,99.9,21.39,1008.17,5.0,4.12 20:40:23 26/07/21
29,99.9,21.365002,1008.15,5.0,4.12 20:45:38 26/07/21
29,99.9,21.295,1008.07,5.0,4.12 20:50:53 26/07/21
29,99.9,21.285,1008.1,5.0,4.12 20:56:07 26/07/21
29,99.9,21.225,1008.15,5.0,4.12 21:01:24 26/07/21
25,99.9,21.21,1008.16,5.0,4.12 21:06:38 26/07/21
24,99.9,21.175,1008.17,5.0,4.12 21:11:57 26/07/21
23,99.9,21.095001,1008.18,5.0,4.12 21:17:22 26/07/21
22,99.9,21.015,1008.18,5.0,4.12 21:22:41 26/07/21
17,99.9,20.974998,1008.21,4.98,4.12 21:27:54 26/07/21
16,99.9,20.880001,1008.26,4.18,4.12 21:33:11 26/07/21
14,99.9,20.795,1008.32,3.74,4.12 21:38:25 26/07/21
15,99.9,20.695,1008.4,2.99,4.12 21:43:49 26/07/21
13,99.9,20.619999,1008.46,2.42,4.11 21:49:04 26/07/21
13,99.9,20.58,1008.49,1.75,4.12 21:54:18 26/07/21
13,99.9,20.82,1008.76,0.2,4.11 22:14:02 26/07/21
13,99.9,20.675,1008.85,0.1,4.11 22:19:18 26/07/21
13,99.9,20.400002,1008.99,0.05,4.11 22:24:31 26/07/21
13,99.9,20.29,1009.0,0.02,4.11 22:29:48 26/07/21
11,99.9,20.2,1009.09,0.0,4.11 22:35:11 26/07/21
11,99.9,20.175,1009.22,0.0,4.11 22:40:33 26/07/21
11,99.9,20.11,1009.27,0.0,4.11 22:45:50 26/07/21
11,99.9,20.009998,1009.22,0.0,4.11 22:51:09 26/07/21
11,99.9,19.99,1009.28,0.0,4.11 22:56:32 26/07/21
11,99.9,19.915,1009.3,0.0,4.11 23:01:50 26/07/21
11,99.9,19.895,1009.37,0.0,4.11 23:07:06 26/07/21
10,99.9,19.895,1009.44,0.0,4.11 23:12:18 26/07/21
11,99.9,19.885,1009.49,0.0,4.11 23:17:35 26/07/21
10,99.9,19.875,1009.46,0.0,4.11 23:22:49 26/07/21
11,99.9,19.815,1009.51,0.0,4.11 23:28:05 26/07/21
11,99.9,19.810001,1009.5,0.0,4.11 23:33:28 26/07/21
10,99.9,19.82,1009.46,0.0,4.11 23:38:45 26/07/21
10,99.9,19.805,1009.46,0.0,4.11 23:43:56 26/07/21
11,99.9,19.779999,1009.4,0.0,4.11 23:49:18 26/07/21
10,99.9,19.705,1009.44,0.0,4.11 23:54:37 26/07/21
10,99.9,19.619999,1009.48,0.0,4.11 23:59:51 26/07/21
