5,99.9,17.99,1008.11,0.0,4.11 00:00:03 28/07/21
5,99.9,17.92,1008.09,0.0,4.11 00:05:19 28/07/21
5,99.9,17.855,1008.01,0.0,4.11 00:10:32 28/07/21
5,99.9,17.825,1007.98,0.0,4.11 00:15:45 28/07/21
5,99.9,17.815,1007.99,0.0,4.11 00:21:01 28/07/21
6,99.9,17.795,1007.98,0.0,4.11 00:26:17 28/07/21
6,99.9,17.725,1007.98,0.0,4.11 00:31:30 28/07/21
6,99.9,17.689999,1008.0,0.0,4.11 00:36:46 28/07/21
7,99.9,17.61,1008.03,0.0,4.11 00:41:59 28/07/21
7,99.9,17.529999,1007.99,0.0,4.11 00:47:12 28/07/21
9,99.9,17.43,1007.94,0.0,4.11 00:52:28 28/07/21
8,99.9,17.39,1007.94,0.0,4.11 00:57:52 28/07/21
8,99.9,17.310001,1007.91,0.0,4.11 01:03:04 28/07/21
8,99.9,17.225,1007.92,0.0,4.11 01:08:18 28/07/21
8,99.9,17.185001,1007.89,0.0,4.11 01:13:34 28/07/21
9,99.9,17.099998,1007.83,0.0,4.11 01:18:49 28/07/21
8,99.9,17.095001,1007.83,0.0,4.1 01:24:03 28/07/21
7,99.9,17.099998,1007.82,0.0,4.11 01:29:16 28/07/21
7,99.9,17.105,1007.78,0.0,4.11 01:34:32 28/07/21
7,99.9,17.099998,1007.76,0.0,4.11 01:39:47 28/07/21
6,99.9,17.095001,1007.74,0.0,4.1 01:44:59 28/07/21
7,99.9,17.08,1007.66,0.0,4.11 01:50:15 28/07/21
6,99.9,17.085,1007.65,0.0,4.11 01:55:28 28/07/21
6,99.9,17.08,1007.56,0.0,4.11 02:00:45 28/07/21
5,99.9,17.08,1007.51,0.0,4.11 02:05:57 28/07/21
5,99.9,17.08,1007.39,0.0,4.1 02:11:13 28/07/21
5,99.9,17.099998,1007.39,0.0,4.1 02:16:26 28/07/21
5,99.9,17.105,1007.36,0.0,4.1 02:21:42 28/07/21
5,99.9,17.099998,1007.39,0.0,4.1 02:26:55 28/07/21
5,99.9,17.11,1007.38,0.0,4.1 02:32:10 28/07/21
5,99.9,17.095001,1007.32,0.0,4.1 02:37:25 28/07/21
5,99.9,17.085,1007.25,0.0,4.1 02:42:39 28/07/21
5,99.9,17.02,1007.2,0.0,4.1 02:47:54 28/07/21
5,99.9,17.009998,1007.14,0.0,4.1 02:53:08 28/07/21
4,99.9,16.994999,1007.03,0.0,4.1 02:58:20 28/07/21
4,99.9,16.93,1007.03,0.0,4.1 03:03:35 28/07/21
4,99.9,16.915,1006.98,0.0,4.1 03:08:50 28/07/21
4,99.9,16.89,1006.96,0.0,4.1 03:14:05 28/07/21
4,99.9,16.885,1007.0,0.0,4.1 03:19:20 28/07/21
4,99.9,16.815,1006.97,0.0,4.1 03:24:33 28/07/21
4,99.9,16.8,1006.98,0.0,4.1 03:29:48 28/07/21
4,99.9,16.79,1006.9,0.0,4.1 03:35:03 28/07/21
4,99.9,16.8,1006.92,0.0,4.1 03:40:15 28/07/21
3,99.9,16.865002,1006.97,0.0,4.1 03:45:31 28/07/21
4,99.9,16.885,1006.91,0.0,4.1 03:50:46 28/07/21
3,99.9,16.91,1006.8,0.0,4.1 03:55:58 28/07/21
4,99.9,16.98,1006.82,0.0,4.1 04:01:15 28/07/21
3,99.9,16.994999,1006.75,0.0,4.1 04:06:27 28/07/21
3,99.9,16.994999,1006.71,0.0,4.1 04:11:41 28/07/21
3,99.9,16.994999,1006.72,0.0,4.1 04:16:56 28/07/21
4,99.9,16.985,1006.69,0.0,4.1 04:22:13 28/07/21
3,99.9,16.974998,1006.7,0.0,4.1 04:27:25 28/07/21
3,99.9,16.915,1006.75,0.0,4.1 04:32:39 28/07/21
3,99.9,16.885,1006.73,0.0,4.1 04:37:54 28/07/21
3,99.9,16.810001,1006.78,0.0,4.1 04:43:09 28/07/21
3,99.9,16.779999,1006.74,0.0,4.1 04:48:24 28/07/21
3,99.9,16.705,1006.67,0.0,4.1 04:53:39 28/07/21
3,99.9,16.685001,1006.7,0.01,4.1 04:58:51 28/07/21
3,99.9,16.67,1006.73,0.01,4.1 05:04:05 28/07/21
3,99.9,16.619999,1006.79,0.03,4.1 05:09:20 28/07/21
2,99.9,16.665,1006.8,0.07,4.1 05:14:34 28/07/21
3,99.9,16.685001,1006.83,0.14,4.1 05:19:50 28/07/21
3,99.9,16.695,1006.79,0.28,4.1 05:25:05 28/07/21
3,99.9,16.76,1006.79,0.47,4.1 05:30:18 28/07/21
3,99.9,16.785,1006.73,0.81,4.1 05:35:36 28/07/21
4,99.9,16.8,1006.69,1.64,4.1 05:40:48 28/07/21
4,99.9,16.865002,1006.68,2.22,4.1 05:46:00 28/07/21
4,99.9,16.87,1006.67,2.17,4.1 05:51:14 28/07/21
5,99.9,16.880001,1006.66,2.14,4.09 05:56:34 28/07/21
5,99.9,16.895,1006.66,3.08,4.1 06:01:52 28/07/21
6,99.9,16.96,1006.7,3.72,4.1 06:07:07 28/07/21
7,99.9,16.985,1006.68,4.04,4.1 06:12:22 28/07/21
9,99.9,17.005,1006.7,4.16,4.1 06:17:37 28/07/21
9,99.9,17.064999,1006.69,4.19,4.1 06:22:50 28/07/21
9,99.9,17.08,1006.7,4.22,4.1 06:28:05 28/07/21
12,99.9,17.105,1006.73,4.81,4.1 06:33:19 28/07/21
11,99.9,17.17,1006.76,4.32,4.1 06:38:34 28/07/21
15,99.9,17.205,1006.79,4.84,4.1 06:43:47 28/07/21
20,99.9,17.265,1006.82,4.87,4.09 06:49:02 28/07/21
17,99.9,17.285,1006.85,4.87,4.1 06:54:15 28/07/21
16,99.9,17.355,1006.96,4.73,4.1 06:59:29 28/07/21
19,99.9,17.37,1006.99,4.72,4.1 07:04:46 28/07/21
19,99.9,17.400002,1007.01,4.8,4.1 07:09:58 28/07/21
23,99.9,17.485,1007.01,4.56,4.1 07:15:14 28/07/21
22,99.9,17.57,1007.11,5.0,4.1 07:20:27 28/07/21
24,99.9,17.58,1007.12,5.0,4.1 07:25:43 28/07/21
22,99.9,17.605,1007.14,4.52,4.1 07:30:58 28/07/21
25,99.9,17.615,1007.13,4.71,4.1 07:36:16 28/07/21
17,99.9,17.675,1007.11,4.17,4.1 07:41:33 28/07/21
17,99.9,17.689999,1007.11,4.42,4.1 07:46:54 28/07/21
13,99.9,17.71,1007.09,5.0,4.09 07:52:12 28/07/21
19,99.9,17.7,1007.14,4.78,4.1 07:57:28 28/07/21
24,99.9,17.7,1007.1,4.23,4.1 08:02:42 28/07/21
18,99.9,17.720001,1007.12,5.0,4.09 08:07:55 28/07/21
21,99.9,17.810001,1007.14,5.0,4.1 08:13:10 28/07/21
30,99.9,17.93,1007.08,5.0,4.1 08:18:25 28/07/21
20,99.9,17.97,1007.05,5.0,4.1 08:23:40 28/07/21
18,99.9,18.06,1007.09,5.0,4.09 08:28:53 28/07/21
18,99.9,18.15,1007.09,5.0,4.1 08:34:09 28/07/21
20,99.9,18.189999,1007.14,5.0,4.1 08:39:24 28/07/21
22,99.9,18.315,1007.07,4.59,4.1 08:44:42 28/07/21
38,99.9,18.52,1007.2,5.0,4.1 08:50:01 28/07/21
22,99.9,18.695,1007.21,5.0,4.1 08:55:15 28/07/21
21,99.9,18.615,1007.26,5.0,4.1 09:00:29 28/07/21
12,99.9,18.529999,1007.3,5.0,4.1 09:05:44 28/07/21
12,99.9,18.425,1007.31,5.0,4.1 09:10:59 28/07/21
28,99.9,18.42,1007.31,4.19,4.09 09:16:12 28/07/21
15,99.9,18.465,1007.29,4.3,4.1 09:21:28 28/07/21
15,99.9,18.56,1007.34,4.92,4.1 09:26:48 28/07/21
21,99.9,18.74,1007.33,4.68,4.1 09:32:05 28/07/21
23,99.9,18.87,1007.36,4.17,4.1 09:37:21 28/07/21
38,99.9,19.1,1007.31,4.43,4.1 09:42:34 28/07/21
26,99.9,19.165,1007.26,4.34,4.1 09:47:51 28/07/21
32,99.9,19.265,1007.24,4.3,4.1 09:53:03 28/07/21
21,99.9,19.33,1007.23,5.0,4.1 09:58:20 28/07/21
23,99.9,19.33,1007.33,4.41,4.1 10:03:34 28/07/21
21,99.9,19.26,1007.25,5.0,4.1 10:08:47 28/07/21
21,99.9,19.335,1007.27,4.65,4.1 10:14:04 28/07/21
41,99.9,19.42,1007.27,5.0,4.1 10:19:17 28/07/21
23,99.9,19.505001,1007.28,4.17,4.1 10:24:32 28/07/21
9,99.9,19.445,1007.29,5.0,4.1 10:29:50 28/07/21
24,99.9,19.285,1007.25,5.0,4.1 10:35:02 28/07/21
25,99.9,19.185001,1007.28,5.0,4.1 10:40:15 28/07/21
29,99.9,19.335,1007.15,5.0,4.1 10:45:36 28/07/21
22,99.9,19.605,1007.16,4.87,4.1 10:50:53 28/07/21
12,99.9,19.884998,1007.25,4.44,4.1 10:56:09 28/07/21
15,99.9,19.93,1007.22,4.16,4.1 11:01:25 28/07/21
10,99.9,19.9,1007.21,4.39,4.1 11:06:38 28/07/21
35,99.9,19.915,1007.12,4.58,4.1 11:11:56 28/07/21
30,99.9,20.01,1007.21,4.23,4.1 11:17:09 28/07/21
19,99.9,20.335,1007.25,4.74,4.1 11:22:27 28/07/21
24,99.9,20.42,1007.25,5.0,4.1 11:27:39 28/07/21
25,99.7,20.575,1007.21,4.53,4.1 11:32:53 28/07/21
14,98.3,20.54,1007.25,4.96,4.1 11:38:10 28/07/21
27,98.8,20.525,1007.24,5.0,4.1 11:43:22 28/07/21
22,98.3,20.505001,1007.29,5.0,4.1 11:48:38 28/07/21
27,99.2,20.585,1007.35,5.0,4.1 11:53:54 28/07/21
19,98.7,20.855,1007.33,5.0,4.1 11:59:07 28/07/21
22,97.7,20.810001,1007.33,5.0,4.1 12:04:27 28/07/21
15,97.2,20.795,1007.34,5.0,4.1 12:09:38 28/07/21
13,97.5,20.645,1007.41,5.0,4.1 12:14:56 28/07/21
28,97.4,20.529999,1007.32,4.31,4.09 12:20:09 28/07/21
15,99.5,20.619999,1007.29,4.51,4.1 12:25:44 28/07/21
21,97.2,20.795,1007.38,4.79,4.1 12:31:03 28/07/21
22,97.3,20.775002,1007.3,5.0,4.1 12:36:18 28/07/21
27,98.9,20.815,1007.29,5.0,4.1 12:41:35 28/07/21
35,98.2,21.154999,1007.22,4.69,4.1 12:46:57 28/07/21
26,96.4,21.365,1007.17,5.0,4.1 12:52:12 28/07/21
14,96.0,21.39,1007.17,4.72,4.1 12:57:27 28/07/21
18,95.6,21.305,1007.18,5.0,4.1 13:02:41 28/07/21
21,96.6,21.384998,1007.15,4.54,4.1 13:07:59 28/07/21
25,96.4,21.395,1007.25,5.0,4.1 13:13:11 28/07/21
30,95.5,21.3,1007.17,5.0,4.1 13:18:26 28/07/21
28,94.6,21.205,1007.29,5.0,4.1 13:23:41 28/07/21
29,96.6,21.48,1007.42,4.17,4.1 13:28:59 28/07/21
21,95.7,21.83,1007.33,4.57,4.1 13:34:18 28/07/21
24,95.1,21.810001,1007.35,5.0,4.1 13:39:37 28/07/21
28,93.5,21.869999,1007.3,5.0,4.1 13:44:52 28/07/21
37,93.3,21.875,1007.36,5.0,4.1 13:50:06 28/07/21
19,93.2,21.735,1007.42,5.0,4.1 13:55:22 28/07/21
23,93.7,21.695,1007.41,5.0,4.1 14:00:36 28/07/21
23,93.0,21.68,1007.39,4.73,4.1 14:05:56 28/07/21
19,93.7,21.630001,1007.39,4.97,4.1 14:11:15 28/07/21
20,91.7,21.575,1008.09,5.0,4.07 15:57:52 28/07/21
31,92.4,21.29,1008.02,5.0,4.07 16:03:06 28/07/21
49,93.8,21.215,1008.07,4.96,4.07 16:08:23 28/07/21
19,93.4,21.32,1007.95,5.0,4.07 16:13:38 28/07/21
22,91.3,22.435001,1007.89,4.52,4.07 16:33:27 28/07/21
21,92.7,22.305,1007.87,4.24,4.07 16:38:49 28/07/21
30,93.2,22.18,1007.79,5.0,4.07 16:44:17 28/07/21
27,93.4,22.355,1007.78,4.38,4.07 16:49:34 28/07/21
26,91.1,22.455,1007.76,5.0,4.07 16:54:49 28/07/21
19,91.5,22.41,1007.83,5.0,4.07 17:00:14 28/07/21
16,91.7,22.415,1007.66,4.15,4.07 17:05:26 28/07/21
12,91.7,22.41,1007.69,4.51,4.07 17:10:42 28/07/21
19,91.3,22.17,1007.66,4.19,4.07 17:16:02 28/07/21
16,91.3,21.96,1007.7,4.32,4.07 17:21:27 28/07/21
13,91.7,21.83,1007.71,4.97,4.07 17:26:50 28/07/21
20,92.5,21.82,1007.71,5.0,4.07 17:32:08 28/07/21
16,93.2,22.005001,1007.67,5.0,4.07 17:37:28 28/07/21
16,92.3,22.105,1007.66,4.55,4.07 17:42:48 28/07/21
20,91.8,22.045,1007.71,4.47,4.07 17:48:03 28/07/21
15,91.0,21.875,1007.71,4.16,4.07 17:53:19 28/07/21
12,90.8,21.74,1007.75,5.0,4.07 17:58:38 28/07/21
17,90.5,21.635,1007.67,5.0,4.07 18:03:58 28/07/21
15,91.1,21.555,1007.74,4.32,4.07 18:09:12 28/07/21
15,91.5,21.619999,1007.8,5.0,4.07 18:14:28 28/07/21
17,91.5,21.654999,1007.78,5.0,4.07 18:19:43 28/07/21
16,91.3,21.66,1007.7,4.28,4.07 18:24:56 28/07/21
16,91.1,21.65,1007.67,5.0,4.07 18:30:14 28/07/21
9,91.1,21.645,1007.75,5.0,4.07 18:35:28 28/07/21
21,90.6,21.545,1007.77,5.0,4.07 18:40:42 28/07/21
14,90.5,21.535,1007.82,5.0,4.07 18:46:02 28/07/21
22,90.7,21.529999,1007.7,5.0,4.07 18:51:30 28/07/21
10,90.4,21.45,1007.79,4.34,4.07 18:56:46 28/07/21
14,89.4,21.285,1007.87,5.0,4.07 19:01:59 28/07/21
14,89.6,21.18,1007.84,5.0,4.07 19:07:14 28/07/21
9,89.9,21.145,1007.8,5.0,4.07 19:12:30 28/07/21
18,89.5,21.064999,1007.83,4.43,4.07 19:17:46 28/07/21
15,89.7,20.985,1007.76,4.13,4.07 19:23:05 28/07/21
13,88.4,20.945,1007.7,5.0,4.07 19:28:24 28/07/21
19,87.2,20.865002,1007.7,5.0,4.07 19:33:40 28/07/21
15,87.0,20.79,1007.65,5.0,4.07 19:38:54 28/07/21
7,86.4,20.755001,1007.6,4.36,4.07 19:44:09 28/07/21
7,86.5,20.735,1007.67,5.0,4.07 19:49:24 28/07/21
10,88.5,20.66,1007.68,5.0,4.07 19:54:39 28/07/21
7,88.1,20.720001,1007.61,5.0,4.07 19:59:54 28/07/21
6,87.5,20.67,1007.69,4.17,4.07 20:05:13 28/07/21
9,87.2,20.654999,1007.64,5.0,4.07 20:10:31 28/07/21
4,88.0,20.575,1007.59,5.0,4.07 20:15:48 28/07/21
5,88.0,20.555,1007.61,4.86,4.07 20:21:01 28/07/21
7,88.6,20.485,1007.67,4.25,4.07 20:26:26 28/07/21
4,88.7,20.46,1007.62,4.56,4.06 20:31:41 28/07/21
3,88.5,20.37,1007.56,4.3,4.06 20:36:57 28/07/21
4,88.9,20.275002,1007.5,4.46,4.07 20:42:14 28/07/21
4,89.1,20.244999,1007.54,4.14,4.06 20:47:34 28/07/21
2,89.7,20.165,1007.56,4.21,4.07 20:52:49 28/07/21
0,89.8,20.14,1007.64,4.05,4.07 20:58:03 28/07/21
0,89.9,20.06,1007.63,3.88,4.06 21:03:20 28/07/21
0,90.1,20.0,1007.58,2.99,4.06 21:08:39 28/07/21
0,90.3,20.035,1007.54,2.06,4.06 21:14:01 28/07/21
0,90.5,20.029999,1007.66,2.52,4.06 21:19:25 28/07/21
5,90.4,20.01,1007.74,2.74,4.06 21:24:44 28/07/21
6,91.7,19.945,1007.82,2.78,4.06 21:30:03 28/07/21
0,91.9,19.865002,1007.85,2.4,4.06 21:35:26 28/07/21
0,92.1,19.77,1007.94,2.12,4.06 21:40:44 28/07/21
0,92.6,19.615,1007.97,1.58,4.06 21:46:02 28/07/21
0,91.9,19.564999,1008.04,0.84,4.07 21:51:14 28/07/21
0,93.5,19.485,1008.15,0.79,4.06 21:56:31 28/07/21
0,92.9,19.400002,1008.13,0.51,4.06 22:01:43 28/07/21
0,92.8,19.365002,1007.98,0.28,4.06 22:06:59 28/07/21
0,92.6,19.279999,1008.05,0.12,4.06 22:12:13 28/07/21
0,92.5,19.24,1008.05,0.05,4.06 22:17:28 28/07/21
0,92.5,19.165,1008.02,0.02,4.06 22:22:42 28/07/21
0,93.0,19.09,1007.98,0.0,4.06 22:28:02 28/07/21
0,93.2,19.06,1008.01,0.0,4.06 22:33:22 28/07/21
0,93.1,18.98,1008.01,0.0,4.06 22:38:36 28/07/21
0,93.1,18.965,1008.09,0.0,4.06 22:43:49 28/07/21
0,93.1,18.955,1008.1,0.0,4.06 22:49:05 28/07/21
0,93.6,18.89,1008.06,0.0,4.06 22:54:20 28/07/21
0,93.5,18.880001,1008.18,0.0,4.06 22:59:35 28/07/21
2,93.9,18.935,1008.1,0.0,4.06 23:04:50 28/07/21
2,94.6,18.87,1008.08,0.0,4.06 23:10:05 28/07/21
1,94.3,18.855,1008.04,0.0,4.06 23:15:19 28/07/21
0,94.4,18.779999,1007.91,0.0,4.06 23:20:34 28/07/21
0,94.4,18.695,1007.95,0.0,4.06 23:25:48 28/07/21
0,94.4,18.595001,1007.95,0.0,4.06 23:31:06 28/07/21
0,95.3,18.57,1007.98,0.0,4.06 23:36:16 28/07/21
0,95.5,18.494999,1007.92,0.0,4.06 23:41:31 28/07/21
0,95.5,18.415,1007.93,0.0,4.06 23:46:46 28/07/21
0,96.0,18.385,1007.94,0.0,4.06 23:52:05 28/07/21
0,95.4,18.3,1007.85,0.0,4.06 23:57:23 28/07/21
