0,99.7,4.45,1023.22,0.0,3.88 00:05:03 07/11/20
0,99.8,4.43,1023.16,0.0,3.88 00:10:15 07/11/20
0,99.2,4.415,1023.15,0.0,3.88 00:15:28 07/11/20
0,99.3,4.345,1023.17,0.0,3.88 00:20:40 07/11/20
0,99.1,4.32,1023.18,0.0,3.88 00:25:55 07/11/20
0,99.0,4.24,1023.19,0.0,3.88 00:31:05 07/11/20
7,99.2,4.16,1023.12,0.0,3.88 00:36:18 07/11/20
13,99.1,4.125,1023.02,0.0,3.88 00:41:36 07/11/20
17,99.4,4.105,1022.94,0.0,3.88 00:46:53 07/11/20
21,99.4,4.025,1022.95,0.0,3.88 00:52:05 07/11/20
23,99.7,3.9499998,1022.98,0.0,3.88 00:57:16 07/11/20
24,99.8,3.9299998,1022.96,0.0,3.88 01:02:31 07/11/20
24,99.7,3.915,1022.89,0.0,3.88 01:07:46 07/11/20
24,99.8,3.8449998,1022.81,0.0,3.88 01:12:54 07/11/20
25,99.9,3.83,1022.79,0.0,3.88 01:18:07 07/11/20
25,99.9,3.81,1022.64,0.0,3.88 01:23:20 07/11/20
26,99.8,3.75,1022.66,0.0,3.88 01:28:33 07/11/20
25,99.9,3.735,1022.67,0.0,3.88 01:33:46 07/11/20
25,99.9,3.72,1022.62,0.0,3.87 01:38:58 07/11/20
25,99.9,3.65,1022.6,0.0,3.87 01:44:12 07/11/20
22,99.9,3.64,1022.56,0.0,3.87 01:49:22 07/11/20
22,99.9,3.63,1022.48,0.0,3.88 01:54:36 07/11/20
21,99.9,3.63,1022.47,0.0,3.87 01:59:53 07/11/20
17,99.9,3.635,1022.5,0.0,3.88 02:05:11 07/11/20
11,99.9,3.7,1022.54,0.0,3.88 02:10:22 07/11/20
9,99.9,3.7849998,1022.47,0.0,3.87 02:15:35 07/11/20
8,99.9,3.9299998,1022.54,0.0,3.87 02:20:48 07/11/20
7,99.9,4.1800003,1022.5,0.0,3.87 02:26:01 07/11/20
5,99.9,4.29,1022.53,0.0,3.88 02:31:11 07/11/20
7,99.9,4.315,1022.5,0.0,3.87 02:36:26 07/11/20
7,99.9,4.34,1022.42,0.0,3.87 02:41:42 07/11/20
11,99.9,4.4,1022.43,0.0,3.81 02:47:00 07/11/20
5,99.9,4.405,1022.39,0.0,3.87 02:52:11 07/11/20
6,99.9,4.41,1022.36,0.0,3.87 02:57:26 07/11/20
4,99.9,4.425,1022.32,0.0,3.87 03:02:36 07/11/20
5,99.9,4.45,1022.29,0.0,3.87 03:07:51 07/11/20
4,99.9,4.54,1022.29,0.0,3.87 03:13:03 07/11/20
3,99.9,4.625,1022.17,0.0,3.87 03:18:14 07/11/20
3,99.9,4.71,1022.07,0.0,3.87 03:23:28 07/11/20
3,99.9,4.74,1021.96,0.0,3.87 03:28:41 07/11/20
2,99.9,4.8149996,1022.07,0.0,3.87 03:33:53 07/11/20
2,99.9,4.885,1021.99,0.0,3.87 03:39:07 07/11/20
2,99.9,4.905,1022.03,0.0,3.87 03:44:19 07/11/20
1,99.9,4.925,1022.0,0.0,3.87 03:49:32 07/11/20
1,99.9,4.995,1022.02,0.0,3.87 03:54:46 07/11/20
1,99.9,5.0150003,1021.98,0.0,3.87 03:59:58 07/11/20
0,99.9,5.02,1021.93,0.0,3.87 04:05:11 07/11/20
0,99.9,5.01,1021.89,0.0,3.87 04:10:22 07/11/20
0,99.9,5.01,1021.97,0.0,3.87 04:15:36 07/11/20
0,99.9,5.005,1021.89,0.0,3.87 04:20:49 07/11/20
0,99.9,4.955,1021.83,0.0,3.86 04:26:02 07/11/20
0,99.9,4.9350004,1021.83,0.0,3.87 04:31:13 07/11/20
0,99.9,4.925,1021.89,0.0,3.82 04:36:27 07/11/20
0,99.9,4.92,1021.87,0.0,3.87 04:41:40 07/11/20
0,99.9,4.91,1021.87,0.0,3.87 04:46:53 07/11/20
0,99.9,4.9,1021.83,0.0,3.86 04:52:06 07/11/20
0,99.9,4.845,1021.93,0.0,3.87 04:57:18 07/11/20
0,99.9,4.835,1021.92,0.0,3.86 05:02:32 07/11/20
0,99.9,4.83,1021.88,0.0,3.87 05:07:42 07/11/20
0,99.9,4.84,1021.93,0.0,3.86 05:12:57 07/11/20
0,99.9,4.925,1021.95,0.0,3.86 05:18:09 07/11/20
0,99.9,4.945,1021.84,0.0,3.86 05:23:31 07/11/20
0,99.9,5.02,1021.76,0.0,3.86 05:28:44 07/11/20
0,99.9,5.0150003,1021.76,0.0,3.86 05:33:55 07/11/20
0,99.9,5.01,1021.75,0.0,3.86 05:39:10 07/11/20
0,99.9,5.02,1021.65,0.0,3.86 05:44:22 07/11/20
0,99.9,5.025,1021.62,0.0,3.86 05:49:34 07/11/20
0,99.9,5.035,1021.63,0.0,3.86 05:54:47 07/11/20
0,99.9,5.105,1021.57,0.0,3.86 05:59:58 07/11/20
0,99.9,5.12,1021.61,0.0,3.86 06:05:11 07/11/20
0,99.9,5.13,1021.46,0.0,3.86 06:10:24 07/11/20
0,99.9,5.1400003,1021.54,0.0,3.86 06:15:38 07/11/20
0,99.9,5.15,1021.44,0.0,3.86 06:20:51 07/11/20
0,99.9,5.215,1021.34,0.0,3.86 06:26:02 07/11/20
0,99.9,5.2200003,1021.3,0.0,3.86 06:31:16 07/11/20
0,99.9,5.2349997,1021.34,0.0,3.85 06:36:29 07/11/20
0,99.9,5.24,1021.36,0.0,3.86 06:41:43 07/11/20
0,99.9,5.245,1021.4,0.01,3.86 06:46:54 07/11/20
0,99.9,5.31,1021.43,0.02,3.86 06:52:06 07/11/20
0,99.9,5.3199997,1021.36,0.06,3.85 06:57:20 07/11/20
1,99.9,5.335,1021.41,0.14,3.85 07:02:33 07/11/20
2,99.9,5.395,1021.31,0.33,3.85 07:07:47 07/11/20
5,99.9,5.4,1021.29,0.76,3.85 07:12:57 07/11/20
8,99.9,5.335,1021.34,1.43,3.85 07:18:12 07/11/20
13,99.9,5.3199997,1021.39,2.06,3.85 07:23:23 07/11/20
19,99.9,5.325,1021.35,2.56,3.85 07:28:37 07/11/20
28,99.9,5.33,1021.37,3.21,3.85 07:33:51 07/11/20
38,99.9,5.395,1021.25,3.8,3.85 07:39:01 07/11/20
49,99.9,5.415,1021.23,3.98,3.85 07:44:15 07/11/20
60,99.9,5.505,1021.23,4.07,3.85 07:49:27 07/11/20
68,99.9,5.59,1021.36,4.76,3.85 07:54:41 07/11/20
78,99.9,5.615,1021.37,5.0,3.85 07:59:55 07/11/20
90,99.9,5.705,1021.46,5.0,3.86 08:05:07 07/11/20
100,99.9,5.8149996,1021.49,3.96,3.86 08:10:18 07/11/20
105,99.9,5.905,1021.58,5.0,3.86 08:15:32 07/11/20
112,99.9,5.99,1021.61,5.0,3.87 08:20:44 07/11/20
122,99.9,6.0,1021.62,5.0,3.88 08:25:57 07/11/20
143,99.9,6.02,1021.64,3.9,3.84 08:31:11 07/11/20
141,99.9,6.105,1021.65,5.0,3.91 08:36:27 07/11/20
149,99.9,6.2,1021.68,4.37,3.93 08:41:39 07/11/20
160,99.9,6.2349997,1021.68,4.03,3.95 08:46:48 07/11/20
164,99.9,6.395,1021.67,4.04,3.97 08:52:01 07/11/20
172,99.9,6.52,1021.68,4.26,3.98 08:57:14 07/11/20
178,99.9,6.69,1021.62,5.0,3.99 09:02:31 07/11/20
183,99.9,6.95,1021.75,5.0,4.01 09:07:42 07/11/20
185,99.9,7.23,1021.77,4.26,4.04 09:12:55 07/11/20
191,99.9,7.51,1021.89,4.19,4.07 09:18:08 07/11/20
196,99.9,7.725,1021.82,4.19,4.1 09:23:21 07/11/20
201,99.9,7.995,1021.71,4.23,4.14 09:28:35 07/11/20
205,99.9,8.195,1021.73,4.27,4.17 09:33:47 07/11/20
208,99.9,8.49,1021.78,4.31,4.2 09:38:59 07/11/20
219,99.9,8.83,1021.71,4.28,4.18 09:44:13 07/11/20
212,99.9,9.08,1021.73,4.22,4.16 09:49:27 07/11/20
214,99.9,9.25,1021.63,5.0,4.21 09:54:43 07/11/20
181,99.9,9.395,1021.68,4.73,4.17 09:59:52 07/11/20
176,99.9,9.54,1021.68,4.23,4.14 10:05:11 07/11/20
175,99.9,9.63,1021.65,4.53,4.13 10:10:29 07/11/20
173,99.9,9.665,1021.61,4.26,4.13 10:15:40 07/11/20
171,99.9,9.764999,1021.62,4.17,4.06 10:21:04 07/11/20
196,99.9,9.93,1021.55,5.0,4.17 10:26:18 07/11/20
180,99.9,10.025,1021.51,4.23,4.12 10:31:30 07/11/20
181,99.9,10.135,1021.45,4.27,4.18 10:36:44 07/11/20
191,99.9,10.264999,1021.43,4.58,4.15 10:41:55 07/11/20
186,99.9,10.385,1021.44,4.22,4.14 10:47:09 07/11/20
187,99.9,10.54,1021.44,4.22,4.14 10:52:22 07/11/20
188,99.9,10.66,1021.35,4.23,4.13 10:57:42 07/11/20
194,99.9,10.84,1021.37,4.28,4.15 11:03:07 07/11/20
203,99.9,11.005,1021.24,4.32,4.15 11:08:21 07/11/20
219,99.9,11.125,1021.21,5.0,4.17 11:13:34 07/11/20
201,99.9,11.24,1021.25,5.0,4.16 11:18:53 07/11/20
202,99.9,11.345,1021.31,4.25,4.16 11:24:09 07/11/20
211,99.9,11.535,1021.27,5.0,4.14 11:29:22 07/11/20
189,99.9,11.65,1021.16,4.26,4.17 11:34:38 07/11/20
220,99.9,11.825001,1021.08,4.66,4.18 11:39:51 07/11/20
205,99.9,11.945,1021.09,4.34,4.19 11:45:06 07/11/20
231,99.9,12.04,1021.02,4.32,4.19 11:50:19 07/11/20
203,99.9,12.135,1020.98,4.61,4.21 11:55:32 07/11/20
204,99.9,12.24,1020.97,5.0,4.21 12:00:47 07/11/20
192,99.9,12.345,1020.91,5.0,4.17 12:06:17 07/11/20
194,99.9,12.44,1020.92,5.0,4.16 12:11:31 07/11/20
188,99.9,12.44,1020.84,4.24,4.16 12:16:44 07/11/20
197,99.9,12.445,1020.62,5.0,4.17 12:21:58 07/11/20
230,99.9,12.514999,1020.6,4.25,4.13 12:27:18 07/11/20
200,99.9,12.645,1020.49,4.39,4.21 12:32:32 07/11/20
226,99.9,12.83,1020.47,5.0,4.21 12:37:47 07/11/20
272,99.9,13.005,1020.42,5.0,4.21 12:43:01 07/11/20
270,99.9,13.21,1020.41,5.0,4.21 12:48:16 07/11/20
269,99.9,13.495,1020.4,5.0,4.21 12:53:28 07/11/20
269,99.9,13.809999,1020.35,5.0,4.21 12:58:48 07/11/20
272,99.9,14.16,1020.33,5.0,4.22 13:04:05 07/11/20
272,99.9,14.530001,1020.22,5.0,4.22 13:09:20 07/11/20
270,99.9,14.86,1020.12,5.0,4.21 13:14:32 07/11/20
268,99.9,15.139999,1020.19,5.0,4.21 13:19:51 07/11/20
266,99.9,15.43,1020.13,5.0,4.21 13:25:11 07/11/20
264,99.9,15.635,1020.05,5.0,4.21 13:30:23 07/11/20
264,99.9,15.835,1019.95,5.0,4.21 13:35:38 07/11/20
262,99.9,15.965,1019.95,5.0,4.21 13:41:04 07/11/20
261,99.9,16.16,1019.94,5.0,4.22 13:46:15 07/11/20
261,99.9,16.32,1019.91,5.0,4.21 13:51:29 07/11/20
259,99.9,16.435001,1019.92,5.0,4.22 13:56:42 07/11/20
258,99.9,16.535,1020.01,5.0,4.21 14:01:58 07/11/20
258,99.9,16.57,1019.94,5.0,4.22 14:07:11 07/11/20
254,99.9,16.650002,1019.91,5.0,4.21 14:12:27 07/11/20
245,99.9,16.66,1019.92,5.0,4.22 14:17:41 07/11/20
241,99.9,16.650002,1019.91,5.0,4.21 14:22:55 07/11/20
209,99.9,16.59,1019.85,5.0,4.21 14:28:12 07/11/20
203,99.9,16.575,1019.78,5.0,4.21 14:33:23 07/11/20
213,99.9,16.42,1019.72,4.28,4.17 14:38:37 07/11/20
165,99.9,16.305,1019.69,4.21,4.14 14:43:55 07/11/20
173,99.9,16.130001,1019.65,4.19,4.14 14:49:07 07/11/20
184,99.9,16.015,1019.69,4.89,4.15 14:54:22 07/11/20
174,99.9,15.91,1019.62,5.0,4.14 14:59:35 07/11/20
149,99.9,15.754999,1019.55,5.0,4.15 15:04:49 07/11/20
156,99.9,15.66,1019.57,5.0,4.15 15:10:04 07/11/20
147,99.9,15.62,1019.47,4.23,4.15 15:15:16 07/11/20
146,99.9,15.53,1019.45,5.0,4.14 15:20:30 07/11/20
144,99.9,15.445,1019.42,4.29,4.15 15:25:47 07/11/20
147,99.9,15.375,1019.38,4.44,4.15 15:30:58 07/11/20
142,99.9,15.365,1019.39,4.28,4.15 15:36:14 07/11/20
135,99.9,15.35,1019.36,4.31,4.15 15:41:29 07/11/20
134,99.9,15.28,1019.4,4.55,4.15 15:46:42 07/11/20
131,99.9,15.255,1019.41,4.2,4.15 15:51:59 07/11/20
120,99.9,15.18,1019.35,5.0,4.14 15:57:11 07/11/20
120,99.9,15.15,1019.28,5.0,4.09 16:02:32 07/11/20
117,99.9,15.075,1019.3,5.0,4.14 16:07:47 07/11/20
113,99.9,14.965,1019.21,5.0,4.13 16:13:05 07/11/20
106,99.9,14.88,1019.21,4.26,4.13 16:18:24 07/11/20
100,99.9,14.775,1019.21,4.19,4.12 16:23:36 07/11/20
98,99.9,14.665,1019.13,4.2,4.1 16:28:57 07/11/20
88,99.9,14.5,1018.98,4.95,4.1 16:34:13 07/11/20
77,99.9,14.32,1018.97,4.18,4.09 16:39:28 07/11/20
69,99.9,14.190001,1018.97,4.43,4.09 16:44:41 07/11/20
62,99.9,13.995,1018.99,4.19,4.08 16:49:57 07/11/20
53,99.9,13.805,1018.98,4.16,4.07 16:55:14 07/11/20
43,99.9,13.67,1019.0,3.77,4.07 17:00:32 07/11/20
34,99.9,13.43,1019.19,3.24,4.06 17:05:45 07/11/20
26,99.9,13.28,1019.14,2.74,4.05 17:11:01 07/11/20
18,99.9,13.105,1019.17,2.14,4.05 17:16:15 07/11/20
10,99.9,12.940001,1019.23,1.43,4.04 17:21:32 07/11/20
5,99.9,12.825,1019.28,0.77,4.04 17:26:52 07/11/20
2,99.9,12.700001,1019.32,0.36,4.04 17:32:03 07/11/20
0,99.9,12.54,1019.39,0.15,4.03 17:37:19 07/11/20
0,99.9,12.485,1019.42,0.05,4.03 17:42:30 07/11/20
0,99.9,12.335,1019.43,0.01,4.03 17:47:45 07/11/20
0,99.9,12.235001,1019.44,0.0,4.03 17:52:57 07/11/20
0,99.9,12.145,1019.49,0.0,4.02 17:58:13 07/11/20
0,99.9,12.110001,1019.46,0.0,4.0 18:03:27 07/11/20
0,99.9,12.02,1019.42,0.0,4.02 18:08:38 07/11/20
0,99.9,11.975,1019.61,0.0,4.02 18:13:52 07/11/20
0,99.9,11.82,1019.61,0.0,4.02 18:19:07 07/11/20
9,99.9,11.700001,1019.58,0.0,4.01 18:24:20 07/11/20
18,99.9,11.53,1019.61,0.0,4.01 18:29:35 07/11/20
20,99.9,11.415,1019.57,0.0,4.01 18:34:46 07/11/20
22,99.9,11.309999,1019.59,0.0,4.0 18:40:02 07/11/20
23,99.9,11.215,1019.61,0.0,4.0 18:45:15 07/11/20
23,99.9,11.125,1019.56,0.0,4.0 18:50:29 07/11/20
23,99.9,11.03,1019.57,0.0,4.0 18:55:41 07/11/20
24,99.9,10.925,1019.53,0.0,3.99 19:00:56 07/11/20
23,99.9,10.83,1019.5,0.0,4.0 19:06:09 07/11/20
21,99.9,10.73,1019.5,0.0,3.99 19:11:23 07/11/20
20,99.9,10.639999,1019.51,0.0,3.99 19:16:36 07/11/20
18,99.9,10.615,1019.55,0.0,3.99 19:21:48 07/11/20
18,99.9,10.54,1019.55,0.0,3.99 19:27:07 07/11/20
17,99.9,10.450001,1019.52,0.0,3.99 19:32:25 07/11/20
16,99.9,10.360001,1019.52,0.0,3.98 19:37:39 07/11/20
16,99.9,10.265,1019.51,0.0,3.98 19:42:52 07/11/20
16,99.9,10.225,1019.57,0.0,3.98 19:48:05 07/11/20
15,99.9,10.125,1019.43,0.0,3.94 19:53:24 07/11/20
16,99.9,10.02,1019.5,0.0,3.94 19:58:48 07/11/20
16,99.9,9.87,1019.49,0.0,3.93 20:04:03 07/11/20
16,99.9,9.77,1019.43,0.0,3.97 20:09:20 07/11/20
15,99.9,9.68,1019.45,0.0,3.97 20:14:37 07/11/20
15,99.9,9.575,1019.37,0.0,3.97 20:19:50 07/11/20
15,99.9,9.535,1019.34,0.0,3.97 20:25:03 07/11/20
16,99.9,9.445,1019.33,0.0,3.97 20:30:19 07/11/20
15,99.9,9.365,1019.26,0.0,3.97 20:35:30 07/11/20
16,99.9,9.335,1019.21,0.0,3.97 20:40:49 07/11/20
15,99.9,9.265,1019.24,0.0,3.96 20:46:06 07/11/20
14,99.9,9.245001,1019.19,0.0,3.96 20:51:18 07/11/20
15,99.9,9.24,1019.2,0.0,3.96 20:56:34 07/11/20
14,99.9,9.17,1019.15,0.0,3.96 21:01:44 07/11/20
15,99.9,9.15,1019.19,0.0,3.96 21:07:01 07/11/20
15,99.9,9.075,1019.27,0.0,3.96 21:12:13 07/11/20
14,99.9,9.049999,1019.28,0.0,3.96 21:17:25 07/11/20
15,99.9,8.97,1019.33,0.0,3.96 21:22:39 07/11/20
15,99.9,8.940001,1019.29,0.0,3.96 21:27:52 07/11/20
15,99.9,8.860001,1019.34,0.0,3.95 21:33:06 07/11/20
14,99.9,8.855,1019.44,0.0,3.96 21:38:18 07/11/20
15,99.9,8.835,1019.34,0.0,3.96 21:43:32 07/11/20
14,99.9,8.835,1019.45,0.0,3.95 21:48:45 07/11/20
14,99.9,8.835,1019.46,0.0,3.95 21:53:57 07/11/20
15,99.9,8.844999,1019.44,0.0,3.9 21:59:22 07/11/20
15,99.9,8.925,1019.5,0.0,3.95 22:04:34 07/11/20
14,99.9,8.93,1019.48,0.0,3.95 22:09:46 07/11/20
15,99.9,8.865,1019.49,0.0,3.95 22:15:00 07/11/20
15,99.9,8.85,1019.48,0.0,3.95 22:20:14 07/11/20
15,99.9,8.83,1019.48,0.0,3.95 22:25:27 07/11/20
14,99.9,8.75,1019.46,0.0,3.95 22:30:38 07/11/20
15,99.9,8.675,1019.37,0.0,3.95 22:35:53 07/11/20
15,99.9,8.66,1019.39,0.0,3.95 22:41:06 07/11/20
16,99.9,8.645,1019.33,0.0,3.94 22:46:24 07/11/20
15,99.9,8.58,1019.26,0.0,3.95 22:51:41 07/11/20
14,99.9,8.55,1019.3,0.0,3.94 22:56:54 07/11/20
14,99.9,8.53,1019.27,0.0,3.94 23:02:06 07/11/20
16,99.9,8.47,1019.3,0.0,3.94 23:07:21 07/11/20
16,99.9,8.46,1019.35,0.0,3.94 23:12:35 07/11/20
13,99.9,8.450001,1019.36,0.0,3.94 23:17:45 07/11/20
15,99.9,8.375,1019.35,0.0,3.94 23:22:59 07/11/20
15,99.9,8.355,1019.48,0.0,3.94 23:28:13 07/11/20
15,99.9,8.325,1019.45,0.0,3.93 23:33:25 07/11/20
15,99.9,8.25,1019.45,0.0,3.93 23:38:40 07/11/20
15,99.9,8.225,1019.39,0.0,3.93 23:43:54 07/11/20
15,99.9,8.15,1019.31,0.0,3.93 23:49:06 07/11/20
15,99.9,8.145,1019.4,0.0,3.93 23:54:21 07/11/20
15,99.9,8.135,1019.33,0.0,3.93 23:59:33 07/11/20
