16,99.9,8.12,1019.32,0.0,3.93 00:04:46 08/11/20
14,99.9,8.055,1019.28,0.0,3.93 00:10:00 08/11/20
15,99.9,8.05,1019.23,0.0,3.93 00:15:12 08/11/20
14,99.9,8.035,1019.27,0.0,3.93 00:20:24 08/11/20
15,99.9,7.9700003,1019.23,0.0,3.93 00:25:38 08/11/20
15,99.9,7.96,1019.13,0.0,3.92 00:30:51 08/11/20
15,99.9,7.945,1019.14,0.0,3.93 00:36:03 08/11/20
15,99.9,7.925,1019.19,0.0,3.93 00:41:17 08/11/20
17,99.9,7.87,1019.24,0.0,3.92 00:46:35 08/11/20
15,99.9,7.87,1019.32,0.0,3.92 00:51:52 08/11/20
15,99.9,7.925,1019.31,0.0,3.92 00:57:05 08/11/20
15,99.9,7.87,1019.24,0.0,3.92 01:02:17 08/11/20
15,99.9,7.92,1019.28,0.0,3.92 01:07:31 08/11/20
17,99.9,7.88,1019.32,0.0,3.92 01:12:48 08/11/20
15,99.9,7.96,1019.35,0.0,3.92 01:18:06 08/11/20
15,99.9,7.96,1019.32,0.0,3.91 01:23:18 08/11/20
16,99.9,7.935,1019.2,0.0,3.91 01:28:32 08/11/20
16,99.9,7.86,1019.18,0.0,3.91 01:33:46 08/11/20
15,99.9,7.845,1019.15,0.0,3.91 01:38:58 08/11/20
14,99.9,7.7749996,1019.15,0.0,3.91 01:44:10 08/11/20
16,99.9,7.74,1019.18,0.0,3.91 01:49:29 08/11/20
15,99.9,7.665,1019.18,0.0,3.85 01:54:46 08/11/20
15,99.9,7.5649996,1019.11,0.0,3.91 01:59:59 08/11/20
16,99.9,7.5249996,1019.14,0.0,3.91 02:05:14 08/11/20
15,99.9,7.44,1019.23,0.0,3.91 02:10:25 08/11/20
17,99.9,7.355,1019.11,0.0,3.91 02:15:45 08/11/20
15,99.9,7.34,1019.09,0.0,3.91 02:21:00 08/11/20
13,99.9,7.25,1019.09,0.0,3.91 02:26:11 08/11/20
15,99.9,7.175,1019.05,0.0,3.91 02:31:25 08/11/20
15,99.9,7.09,1019.01,0.0,3.9 02:36:39 08/11/20
13,99.9,7.075,1019.0,0.0,3.91 02:41:50 08/11/20
17,99.9,7.04,1018.99,0.0,3.9 02:47:09 08/11/20
15,99.9,6.9700003,1018.97,0.0,3.9 02:52:26 08/11/20
17,99.9,6.9300003,1018.91,0.0,3.9 02:57:44 08/11/20
14,99.9,6.855,1018.92,0.0,3.9 03:03:00 08/11/20
15,99.9,6.7799997,1018.89,0.0,3.9 03:08:15 08/11/20
14,99.9,6.75,1018.98,0.0,3.9 03:13:26 08/11/20
16,99.9,6.73,1018.91,0.0,3.9 03:18:40 08/11/20
13,99.9,6.6549997,1018.83,0.0,3.9 03:23:52 08/11/20
16,99.9,6.635,1018.83,0.0,3.9 03:29:07 08/11/20
16,99.9,6.5699997,1018.75,0.0,3.9 03:34:19 08/11/20
16,99.9,6.55,1018.71,0.0,3.85 03:39:40 08/11/20
15,99.9,6.54,1018.72,0.0,3.87 03:44:53 08/11/20
15,99.9,6.4700003,1018.68,0.0,3.89 03:50:06 08/11/20
14,99.9,6.455,1018.72,0.0,3.9 03:55:18 08/11/20
14,99.9,6.45,1018.74,0.0,3.89 04:00:31 08/11/20
16,99.9,6.44,1018.71,0.0,3.9 04:05:46 08/11/20
17,99.9,6.44,1018.73,0.0,3.89 04:11:03 08/11/20
15,99.9,6.445,1018.63,0.0,3.89 04:16:19 08/11/20
13,99.9,6.44,1018.55,0.0,3.9 04:21:30 08/11/20
14,99.9,6.38,1018.52,0.0,3.89 04:26:44 08/11/20
16,99.9,6.365,1018.51,0.0,3.89 04:31:59 08/11/20
14,99.9,6.355,1018.55,0.0,3.89 04:37:10 08/11/20
14,99.9,6.34,1018.47,0.0,3.89 04:42:22 08/11/20
17,99.9,6.27,1018.55,0.0,3.89 04:47:41 08/11/20
15,99.9,6.3149996,1018.66,0.0,3.89 04:52:58 08/11/20
17,99.9,6.245,1018.77,0.0,3.89 04:58:14 08/11/20
16,99.9,6.175,1018.79,0.0,3.89 05:03:25 08/11/20
16,99.9,6.1549997,1018.79,0.0,3.89 05:08:38 08/11/20
16,99.9,6.145,1018.75,0.0,3.89 05:13:50 08/11/20
14,99.9,6.135,1018.71,0.0,3.89 05:19:01 08/11/20
15,99.9,6.13,1018.75,0.0,3.89 05:24:15 08/11/20
16,99.9,6.125,1018.83,0.0,3.89 05:29:28 08/11/20
16,99.9,6.0699997,1018.81,0.0,3.89 05:34:43 08/11/20
13,99.9,6.065,1018.83,0.0,3.89 05:39:52 08/11/20
14,99.9,6.0550003,1018.82,0.0,3.89 05:45:06 08/11/20
16,99.9,6.0550003,1018.83,0.0,3.89 05:50:20 08/11/20
14,99.9,6.06,1018.85,0.0,3.89 05:55:31 08/11/20
16,99.9,6.065,1018.84,0.0,3.89 06:00:46 08/11/20
17,99.9,6.06,1018.9,0.0,3.89 06:06:01 08/11/20
14,99.9,6.06,1018.92,0.0,3.89 06:11:18 08/11/20
14,99.9,6.0550003,1018.96,0.0,3.89 06:16:31 08/11/20
14,99.9,6.045,1018.99,0.0,3.89 06:21:44 08/11/20
16,99.9,6.035,1018.94,0.0,3.89 06:26:59 08/11/20
16,99.9,6.0299997,1018.97,0.0,3.88 06:32:11 08/11/20
16,99.9,5.965,1018.89,0.0,3.88 06:37:24 08/11/20
13,99.9,5.95,1018.88,0.0,3.89 06:42:35 08/11/20
17,99.9,5.94,1018.88,0.01,3.88 06:47:51 08/11/20
17,99.9,5.945,1018.97,0.03,3.88 06:53:03 08/11/20
17,99.9,5.95,1018.98,0.07,3.88 06:58:16 08/11/20
18,99.9,5.95,1018.97,0.17,3.88 07:03:29 08/11/20
18,99.9,6.02,1018.9,0.38,3.88 07:08:42 08/11/20
19,99.9,6.135,1018.86,0.78,3.88 07:13:54 08/11/20
19,99.9,6.31,1018.93,1.43,3.89 07:19:05 08/11/20
26,99.9,6.495,1018.95,2.31,3.88 07:24:20 08/11/20
33,99.9,6.6099997,1018.92,3.54,3.83 07:29:44 08/11/20
40,99.9,6.565,1018.94,3.57,3.88 07:29:54 08/11/20
42,99.9,6.795,1018.92,3.88,3.88 07:35:11 08/11/20
50,99.9,6.8900003,1018.91,3.9,3.83 07:40:25 08/11/20
61,99.9,6.9350004,1018.97,4.01,3.88 07:45:38 08/11/20
72,99.9,7.0150003,1019.02,4.31,3.88 07:50:51 08/11/20
81,99.9,7.025,1019.04,4.68,3.88 07:56:03 08/11/20
91,99.9,7.04,1019.13,4.95,3.89 08:01:16 08/11/20
100,99.9,7.1099997,1019.09,4.0,3.88 08:06:29 08/11/20
112,99.9,7.12,1019.09,4.27,3.89 08:11:42 08/11/20
120,99.9,7.135,1019.18,4.87,3.89 08:16:54 08/11/20
129,99.9,7.1549997,1019.24,5.0,3.9 08:22:07 08/11/20
142,99.9,7.16,1019.24,5.0,3.9 08:27:20 08/11/20
156,99.9,7.24,1019.25,5.0,3.92 08:32:33 08/11/20
167,99.9,7.35,1019.3,4.06,3.92 08:37:46 08/11/20
175,99.9,7.59,1019.37,4.0,3.93 08:43:00 08/11/20
183,99.9,7.795,1019.37,4.59,3.95 08:48:13 08/11/20
191,99.9,7.9300003,1019.4,4.01,3.96 08:53:25 08/11/20
195,99.9,8.125,1019.42,4.24,3.97 08:58:38 08/11/20
195,99.9,8.375,1019.41,4.07,3.97 09:03:53 08/11/20
205,99.9,8.575,1019.43,4.11,3.99 09:09:07 08/11/20
201,99.9,8.705,1019.54,5.0,3.98 09:14:17 08/11/20
225,99.9,8.865,1019.54,4.11,4.02 09:19:31 08/11/20
235,99.9,8.995,1019.61,4.12,4.02 09:24:53 08/11/20
222,99.9,9.18,1019.67,5.0,3.98 09:30:06 08/11/20
222,99.9,9.28,1019.72,5.0,4.0 09:35:20 08/11/20
215,99.9,9.32,1019.71,4.11,3.98 09:40:33 08/11/20
213,99.9,9.395,1019.75,4.14,3.98 09:45:47 08/11/20
201,99.9,9.42,1019.73,4.09,3.98 09:51:05 08/11/20
209,99.9,9.51,1019.77,4.16,3.98 09:56:22 08/11/20
218,99.9,9.6,1019.77,4.19,4.01 10:01:36 08/11/20
226,99.9,9.690001,1019.77,4.21,4.03 10:06:48 08/11/20
232,99.9,9.735001,1019.8,4.15,4.03 10:12:01 08/11/20
220,99.9,9.889999,1019.82,4.38,4.03 10:17:16 08/11/20
211,99.9,9.99,1019.81,4.17,4.04 10:22:28 08/11/20
214,99.9,10.09,1019.84,4.14,4.06 10:27:42 08/11/20
207,99.9,10.215,1019.81,4.27,4.06 10:32:56 08/11/20
214,99.9,10.375,1019.81,4.24,4.08 10:38:14 08/11/20
217,99.9,10.49,1019.83,4.18,4.09 10:43:31 08/11/20
217,99.9,10.66,1019.85,5.0,4.09 10:48:45 08/11/20
211,99.9,10.764999,1019.85,5.0,4.09 10:53:57 08/11/20
216,99.9,10.885,1019.92,4.2,4.12 10:59:10 08/11/20
223,99.9,11.059999,1019.96,5.0,4.14 11:04:25 08/11/20
218,99.9,11.17,1019.88,5.0,4.13 11:09:38 08/11/20
215,99.9,11.28,1019.86,4.61,4.15 11:14:50 08/11/20
210,99.9,11.385,1019.86,4.85,4.14 11:20:05 08/11/20
206,99.9,11.5,1019.88,4.22,4.1 11:25:20 08/11/20
203,99.9,11.594999,1019.9,5.0,4.15 11:30:35 08/11/20
203,99.9,11.690001,1019.85,4.83,4.12 11:35:44 08/11/20
205,99.9,11.785,1019.77,4.24,4.14 11:41:00 08/11/20
214,99.9,11.88,1019.68,4.2,4.13 11:46:13 08/11/20
237,99.9,12.025,1019.7,5.0,4.14 11:51:26 08/11/20
232,99.9,12.085,1019.66,4.42,4.15 11:56:45 08/11/20
224,99.9,12.27,1019.71,5.0,4.11 12:02:01 08/11/20
220,99.9,12.375,1019.69,4.5,4.15 12:07:15 08/11/20
228,99.9,12.55,1019.67,4.26,4.17 12:12:36 08/11/20
235,99.9,12.675,1019.67,4.23,4.17 12:17:51 08/11/20
232,99.9,12.860001,1019.71,4.23,4.17 12:23:07 08/11/20
230,99.9,13.04,1019.59,4.42,4.16 12:28:24 08/11/20
222,99.9,13.16,1019.58,4.38,4.16 12:33:40 08/11/20
216,99.9,13.245,1019.53,4.25,4.16 12:38:58 08/11/20
213,99.9,13.335,1019.49,5.0,4.15 12:44:10 08/11/20
222,99.9,13.38,1019.53,4.48,4.16 12:49:24 08/11/20
235,99.9,13.530001,1019.49,5.0,4.18 12:54:36 08/11/20
255,99.9,13.64,1019.41,5.0,4.22 12:59:51 08/11/20
268,99.9,13.84,1019.42,5.0,4.22 13:05:05 08/11/20
264,99.9,14.125,1019.39,5.0,4.22 13:10:18 08/11/20
248,99.9,14.335,1019.31,5.0,4.21 13:15:32 08/11/20
270,99.9,14.535,1019.25,5.0,4.21 13:20:46 08/11/20
279,99.9,14.809999,1019.23,5.0,4.21 13:26:02 08/11/20
284,99.9,15.110001,1019.22,5.0,4.21 13:31:14 08/11/20
271,99.9,15.415,1019.17,5.0,4.21 13:36:30 08/11/20
234,99.9,15.615,1019.13,4.45,4.18 13:41:43 08/11/20
221,99.9,15.709999,1019.11,5.0,4.17 13:46:56 08/11/20
210,99.9,15.715,1019.01,4.22,4.16 13:52:11 08/11/20
210,99.9,15.650001,1018.95,5.0,4.15 13:57:24 08/11/20
215,99.9,15.625,1018.92,4.27,4.17 14:02:40 08/11/20
220,99.9,15.57,1018.87,4.26,4.17 14:07:53 08/11/20
222,99.9,15.565,1018.78,4.26,4.17 14:13:08 08/11/20
227,99.9,15.62,1018.82,4.26,4.18 14:18:22 08/11/20
225,99.9,15.63,1018.81,4.26,4.18 14:23:36 08/11/20
241,99.9,15.665,1018.82,4.34,4.21 14:28:49 08/11/20
245,99.9,15.745001,1018.81,5.0,4.21 14:34:05 08/11/20
231,99.9,15.85,1018.74,5.0,4.19 14:39:19 08/11/20
226,99.9,15.925,1018.72,4.27,4.18 14:44:31 08/11/20
239,99.9,16.025,1018.79,4.29,4.17 14:49:47 08/11/20
199,99.9,16.04,1018.8,4.22,4.15 14:55:00 08/11/20
188,99.9,16.045,1018.82,4.22,4.14 15:00:14 08/11/20
181,99.9,15.974999,1018.77,4.26,4.14 15:05:31 08/11/20
182,99.9,15.965,1018.83,5.0,4.15 15:10:44 08/11/20
190,99.9,15.955,1018.79,5.0,4.15 15:15:57 08/11/20
199,99.9,15.934999,1018.79,4.45,4.14 15:21:11 08/11/20
198,99.9,15.945,1018.78,4.25,4.14 15:26:25 08/11/20
195,99.9,15.96,1018.79,5.0,4.14 15:31:40 08/11/20
194,99.9,15.96,1018.68,4.99,4.14 15:36:53 08/11/20
187,99.9,15.97,1018.66,4.56,4.14 15:42:09 08/11/20
183,99.9,16.04,1018.67,4.28,4.14 15:47:26 08/11/20
183,99.9,16.04,1018.66,5.0,4.14 15:52:38 08/11/20
180,99.9,16.01,1018.7,4.28,4.14 15:57:53 08/11/20
174,99.9,16.060001,1018.75,5.0,4.14 16:03:04 08/11/20
163,99.9,16.064999,1018.76,5.0,4.14 16:08:20 08/11/20
152,99.9,16.064999,1018.77,4.33,4.15 16:13:35 08/11/20
144,99.9,16.060001,1018.86,5.0,4.14 16:18:52 08/11/20
136,99.9,16.045,1018.76,4.37,4.15 16:24:04 08/11/20
130,99.9,15.974999,1018.71,5.0,4.15 16:29:17 08/11/20
117,99.9,15.95,1018.68,4.6,4.15 16:34:32 08/11/20
106,99.9,15.875,1018.74,4.21,4.14 16:39:44 08/11/20
89,99.9,15.789999,1018.83,4.45,4.13 16:44:58 08/11/20
74,99.9,15.7,1018.76,4.43,4.12 16:50:12 08/11/20
57,99.9,15.595,1018.79,4.18,4.1 16:55:29 08/11/20
45,99.9,15.5,1018.8,3.7,4.1 17:00:40 08/11/20
40,99.9,15.38,1018.9,3.75,4.09 17:05:55 08/11/20
31,99.9,15.22,1018.97,3.47,4.08 17:11:10 08/11/20
19,99.9,15.105,1018.95,2.37,4.07 17:16:24 08/11/20
9,99.9,15.0,1018.96,1.31,4.07 17:21:38 08/11/20
4,99.9,14.885,1019.02,0.75,4.07 17:26:52 08/11/20
2,99.9,14.735001,1019.01,0.38,4.06 17:32:10 08/11/20
0,99.9,14.625,1018.98,0.15,4.06 17:37:28 08/11/20
0,99.9,14.514999,1019.07,0.05,4.05 17:42:46 08/11/20
0,99.9,14.360001,1019.22,0.02,4.04 17:48:00 08/11/20
0,99.9,14.24,1019.16,0.0,4.04 17:53:12 08/11/20
0,99.9,14.13,1019.2,0.0,4.04 17:58:26 08/11/20
0,99.9,14.025,1019.28,0.0,4.04 18:03:37 08/11/20
0,99.9,13.92,1019.35,0.0,4.03 18:08:53 08/11/20
0,99.9,13.83,1019.32,0.0,4.03 18:14:09 08/11/20
0,99.9,13.74,1019.33,0.0,4.03 18:19:25 08/11/20
0,99.9,13.71,1019.32,0.0,4.02 18:24:44 08/11/20
0,99.9,13.635,1019.33,0.0,4.02 18:29:55 08/11/20
0,99.9,13.615,1019.41,0.0,4.02 18:35:11 08/11/20
0,99.9,13.549999,1019.61,0.0,4.02 18:40:23 08/11/20
0,99.9,13.54,1019.64,0.0,4.01 18:45:38 08/11/20
0,99.9,13.54,1019.66,0.0,4.01 18:50:52 08/11/20
0,99.9,13.545,1019.67,0.0,4.01 18:56:06 08/11/20
0,99.9,13.545,1019.64,0.0,4.01 19:01:24 08/11/20
0,99.9,13.555,1019.63,0.0,4.01 19:06:41 08/11/20
0,99.9,13.555,1019.6,0.0,4.01 19:11:54 08/11/20
0,99.9,13.555,1019.59,0.0,4.0 19:17:09 08/11/20
0,99.9,13.555,1019.55,0.0,4.0 19:22:24 08/11/20
0,99.9,13.535,1019.61,0.0,3.96 19:27:41 08/11/20
0,99.9,13.53,1019.66,0.0,3.97 19:33:12 08/11/20
0,99.9,13.53,1019.67,0.0,3.98 19:38:31 08/11/20
0,99.9,13.465,1019.72,0.0,4.0 19:43:45 08/11/20
0,99.9,13.46,1019.68,0.0,3.99 19:48:57 08/11/20
0,99.9,13.445,1019.67,0.0,3.99 19:54:13 08/11/20
0,99.9,13.43,1019.68,0.0,3.99 19:59:26 08/11/20
0,99.9,13.355,1019.64,0.0,3.99 20:04:40 08/11/20
0,99.9,13.34,1019.69,0.0,3.99 20:09:54 08/11/20
0,99.9,13.255,1019.68,0.0,3.98 20:15:08 08/11/20
0,99.9,13.17,1019.69,0.0,3.98 20:20:21 08/11/20
0,99.9,13.135,1019.69,0.0,3.98 20:25:35 08/11/20
0,99.9,13.049999,1019.71,0.0,3.98 20:30:47 08/11/20
0,99.9,12.96,1019.71,0.0,3.98 20:36:01 08/11/20
0,99.9,12.950001,1019.76,0.0,3.98 20:41:15 08/11/20
0,99.9,12.93,1019.8,0.0,3.98 20:46:30 08/11/20
0,99.9,12.865,1019.85,0.0,3.98 20:51:44 08/11/20
0,99.9,12.85,1019.92,0.0,3.97 20:56:58 08/11/20
0,99.9,12.83,1019.83,0.0,3.97 21:02:12 08/11/20
0,99.9,12.77,1019.84,0.0,3.97 21:07:24 08/11/20
0,99.9,12.755,1019.85,0.0,3.97 21:12:39 08/11/20
0,99.9,12.75,1019.88,0.0,3.97 21:17:51 08/11/20
0,99.9,12.74,1019.93,0.0,3.97 21:23:05 08/11/20
0,99.9,12.675,1019.86,0.0,3.97 21:28:20 08/11/20
0,99.9,12.65,1019.88,0.0,3.96 21:33:35 08/11/20
0,99.9,12.635,1019.93,0.0,3.92 21:38:46 08/11/20
0,99.9,12.625,1019.94,0.0,3.97 21:44:02 08/11/20
0,99.9,12.57,1019.95,0.0,3.96 21:49:15 08/11/20
0,99.9,12.559999,1020.0,0.0,3.96 21:54:34 08/11/20
0,99.9,12.559999,1020.06,0.0,3.96 21:59:52 08/11/20
0,99.9,12.549999,1020.02,0.0,3.96 22:05:07 08/11/20
0,99.9,12.545,1020.05,0.0,3.96 22:10:19 08/11/20
2,99.9,12.545,1020.02,0.0,3.96 22:15:32 08/11/20
7,99.9,12.52,1019.95,0.0,3.96 22:20:47 08/11/20
12,99.9,12.455,1020.03,0.0,3.96 22:25:58 08/11/20
16,99.9,12.425,1020.07,0.0,3.96 22:31:12 08/11/20
22,99.9,12.35,1020.22,0.0,3.96 22:36:26 08/11/20
24,99.9,12.265,1020.26,0.0,3.96 22:41:41 08/11/20
26,99.9,12.235001,1020.21,0.0,3.95 22:46:59 08/11/20
27,99.9,12.165,1020.21,0.0,3.96 22:52:16 08/11/20
27,99.9,12.145,1020.28,0.0,3.95 22:57:30 08/11/20
28,99.9,12.08,1020.29,0.0,3.95 23:02:42 08/11/20
28,99.9,12.059999,1020.24,0.0,3.95 23:07:57 08/11/20
28,99.9,12.04,1020.16,0.0,3.95 23:13:11 08/11/20
27,99.9,11.97,1020.26,0.0,3.95 23:18:25 08/11/20
26,99.9,11.96,1020.31,0.0,3.95 23:23:38 08/11/20
23,99.9,11.950001,1020.33,0.0,3.94 23:28:53 08/11/20
22,99.9,11.945,1020.25,0.0,3.95 23:34:06 08/11/20
22,99.9,11.945,1020.23,0.0,3.95 23:39:18 08/11/20
20,99.9,11.934999,1020.24,0.0,3.94 23:44:35 08/11/20
19,99.9,11.925,1020.24,0.0,3.94 23:49:51 08/11/20
19,99.9,11.855,1020.2,0.0,3.95 23:55:07 08/11/20
