0,99.9,11.365,1019.57,0.0,3.89 00:02:09 17/11/20
20,99.9,11.415,1019.53,0.0,3.89 00:07:22 17/11/20
26,99.9,11.385,1019.61,0.0,3.9 00:12:35 17/11/20
34,99.9,11.385,1019.62,0.0,3.9 00:17:50 17/11/20
42,99.9,11.385,1019.58,0.0,3.89 00:23:04 17/11/20
44,99.9,11.375,1019.54,0.0,3.89 00:28:23 17/11/20
46,99.9,11.37,1019.45,0.0,3.9 00:33:39 17/11/20
46,99.9,11.355,1019.42,0.0,3.89 00:38:52 17/11/20
47,99.9,11.35,1019.41,0.0,3.89 00:44:11 17/11/20
46,99.9,11.34,1019.32,0.0,3.89 00:49:28 17/11/20
46,99.9,11.335,1019.33,0.0,3.89 00:54:41 17/11/20
46,99.9,11.265,1019.39,0.0,3.89 00:59:58 17/11/20
45,99.9,11.255,1019.34,0.0,3.89 01:05:08 17/11/20
44,99.9,11.18,1019.3,0.0,3.89 01:10:22 17/11/20
42,99.9,11.16,1019.3,0.0,3.89 01:15:35 17/11/20
28,99.9,11.16,1019.39,0.0,3.89 01:20:49 17/11/20
17,99.9,11.145,1019.37,0.0,3.89 01:26:01 17/11/20
15,99.9,11.094999,1019.42,0.0,3.89 01:31:16 17/11/20
12,99.9,11.094999,1019.4,0.0,3.89 01:36:29 17/11/20
11,99.9,11.09,1019.48,0.0,3.89 01:41:43 17/11/20
9,99.9,11.09,1019.48,0.0,3.89 01:46:56 17/11/20
8,99.9,11.085,1019.43,0.0,3.89 01:52:10 17/11/20
5,99.9,11.145,1019.4,0.0,3.89 01:57:23 17/11/20
4,99.9,11.094999,1019.5,0.0,3.89 02:02:37 17/11/20
3,99.9,11.094999,1019.52,0.0,3.89 02:07:50 17/11/20
2,99.9,11.15,1019.5,0.0,3.84 02:13:07 17/11/20
1,99.9,11.155001,1019.45,0.0,3.83 02:18:35 17/11/20
0,99.9,11.165,1019.44,0.0,3.89 02:23:47 17/11/20
1,99.9,11.17,1019.42,0.0,3.89 02:29:01 17/11/20
0,99.9,11.17,1019.34,0.0,3.89 02:34:16 17/11/20
1,99.9,11.18,1019.4,0.0,3.89 02:39:29 17/11/20
0,99.9,11.235001,1019.24,0.0,3.89 02:44:41 17/11/20
0,99.9,11.190001,1019.27,0.0,3.89 02:49:56 17/11/20
0,99.9,11.195,1019.29,0.0,3.89 02:55:10 17/11/20
0,99.9,11.26,1019.34,0.0,3.89 03:00:22 17/11/20
1,99.9,11.265,1019.23,0.0,3.89 03:05:35 17/11/20
1,99.9,11.27,1019.36,0.0,3.89 03:10:50 17/11/20
0,99.9,11.275,1019.26,0.0,3.89 03:16:04 17/11/20
0,99.9,11.34,1019.19,0.0,3.88 03:21:18 17/11/20
0,99.9,11.344999,1019.23,0.0,3.88 03:26:30 17/11/20
0,99.9,11.35,1019.15,0.0,3.89 03:31:44 17/11/20
0,99.9,11.355,1019.19,0.0,3.88 03:36:57 17/11/20
0,99.9,11.360001,1019.12,0.0,3.88 03:42:19 17/11/20
0,99.9,11.38,1019.22,0.0,3.89 03:47:31 17/11/20
29,99.9,11.385,1019.24,0.0,3.88 03:52:46 17/11/20
41,99.9,11.385,1019.23,0.0,3.88 03:58:04 17/11/20
44,99.9,11.385,1019.28,0.0,3.88 04:03:23 17/11/20
43,99.9,11.389999,1019.24,0.0,3.88 04:08:36 17/11/20
43,99.9,11.365,1019.22,0.0,3.88 04:13:50 17/11/20
42,99.9,11.360001,1019.21,0.0,3.88 04:19:03 17/11/20
42,99.9,11.360001,1019.19,0.0,3.84 04:24:21 17/11/20
43,99.9,11.35,1019.12,0.0,3.83 04:29:38 17/11/20
44,99.9,11.355,1019.11,0.0,3.88 04:34:52 17/11/20
45,99.9,11.355,1019.1,0.0,3.88 04:40:05 17/11/20
45,99.9,11.37,1019.18,0.0,3.88 04:45:19 17/11/20
45,99.9,11.425,1019.22,0.0,3.88 04:50:32 17/11/20
44,99.9,11.4,1019.29,0.0,3.88 04:55:49 17/11/20
22,99.9,11.46,1019.3,0.0,3.88 05:00:59 17/11/20
13,99.9,11.48,1019.34,0.0,3.88 05:06:14 17/11/20
9,99.9,11.5,1019.41,0.0,3.88 05:11:27 17/11/20
6,99.9,11.555,1019.4,0.0,3.88 05:16:39 17/11/20
4,99.9,11.57,1019.47,0.0,3.88 05:21:52 17/11/20
3,99.9,11.594999,1019.53,0.0,3.87 05:27:07 17/11/20
2,99.9,11.665,1019.58,0.0,3.88 05:32:21 17/11/20
2,99.9,11.68,1019.6,0.0,3.88 05:37:33 17/11/20
2,99.9,11.7,1019.62,0.0,3.88 05:42:46 17/11/20
1,99.9,11.705,1019.73,0.0,3.88 05:48:02 17/11/20
0,99.9,11.765,1019.71,0.0,3.88 05:53:16 17/11/20
0,99.9,11.775,1019.76,0.0,3.88 05:58:27 17/11/20
0,99.9,11.77,1019.81,0.0,3.87 06:03:42 17/11/20
0,99.9,11.780001,1019.89,0.0,3.87 06:08:56 17/11/20
0,99.9,11.84,1019.94,0.0,3.87 06:14:08 17/11/20
0,99.9,11.855,1020.1,0.0,3.87 06:19:24 17/11/20
0,99.9,11.87,1020.02,0.0,3.87 06:24:41 17/11/20
0,99.9,11.93,1020.03,0.0,3.82 06:30:07 17/11/20
0,99.9,11.945,1020.14,0.0,3.82 06:35:24 17/11/20
0,99.9,11.950001,1020.19,0.0,3.87 06:40:35 17/11/20
0,99.9,11.950001,1020.19,0.0,3.87 06:45:48 17/11/20
0,99.9,11.955,1020.15,0.0,3.87 06:51:00 17/11/20
0,99.9,11.965,1020.17,0.0,3.87 06:56:16 17/11/20
0,99.9,11.965,1020.19,0.0,3.87 07:01:28 17/11/20
0,99.9,11.97,1020.27,0.0,3.87 07:06:47 17/11/20
0,99.9,12.035,1020.31,0.0,3.87 07:12:05 17/11/20
0,99.9,11.99,1020.39,0.01,3.87 07:17:18 17/11/20
0,99.9,12.045,1020.41,0.03,3.87 07:22:33 17/11/20
1,99.9,12.055,1020.4,0.09,3.87 07:27:46 17/11/20
3,99.9,12.049999,1020.47,0.22,3.86 07:32:59 17/11/20
6,99.9,12.049999,1020.53,0.47,3.87 07:38:12 17/11/20
10,99.9,12.045,1020.67,0.87,3.86 07:43:29 17/11/20
17,99.9,12.049999,1020.72,1.45,3.86 07:48:40 17/11/20
23,99.9,12.055,1020.85,1.85,3.86 07:53:52 17/11/20
31,99.9,12.04,1020.82,2.31,3.86 07:59:08 17/11/20
41,99.9,12.049999,1020.81,2.84,3.86 08:04:22 17/11/20
51,99.9,12.049999,1020.89,3.41,3.86 08:09:35 17/11/20
59,99.9,12.055,1021.05,3.65,3.86 08:14:48 17/11/20
66,99.9,12.055,1021.14,3.93,3.86 08:20:03 17/11/20
79,99.9,12.059999,1021.09,3.98,3.86 08:25:16 17/11/20
93,99.9,12.059999,1021.16,4.18,3.8 08:30:32 17/11/20
109,99.9,12.125,1021.36,4.16,3.86 08:35:42 17/11/20
116,99.9,12.135,1021.36,4.66,3.86 08:41:01 17/11/20
126,99.9,12.16,1021.36,4.86,3.86 08:46:19 17/11/20
123,99.9,12.165,1021.41,4.85,3.86 08:51:32 17/11/20
130,99.9,12.175,1021.45,4.34,3.86 08:56:45 17/11/20
159,99.9,12.184999,1021.44,5.0,3.86 09:02:00 17/11/20
161,99.9,12.245001,1021.53,4.19,3.86 09:07:14 17/11/20
170,99.9,12.265,1021.56,4.19,3.87 09:12:28 17/11/20
159,99.9,12.33,1021.63,4.88,3.86 09:17:41 17/11/20
158,99.9,12.344999,1021.75,4.97,3.86 09:22:53 17/11/20
162,99.9,12.365,1021.81,5.0,3.86 09:28:13 17/11/20
172,99.9,12.375,1021.75,5.0,3.86 09:33:37 17/11/20
168,99.9,12.445,1021.81,5.0,3.86 09:38:52 17/11/20
170,99.9,12.455,1021.91,5.0,3.86 09:44:06 17/11/20
176,99.9,12.47,1021.85,5.0,3.86 09:49:20 17/11/20
176,99.9,12.47,1021.96,5.0,3.87 09:54:33 17/11/20
188,99.9,12.485001,1022.06,4.67,3.87 09:59:46 17/11/20
185,99.9,12.49,1022.08,5.0,3.86 10:05:04 17/11/20
191,99.9,12.559999,1022.11,3.95,3.88 10:10:13 17/11/20
209,99.9,12.565,1022.15,4.7,3.88 10:15:28 17/11/20
207,99.9,12.59,1022.05,4.03,3.89 10:20:43 17/11/20
186,99.9,12.645,1022.14,5.0,3.88 10:25:56 17/11/20
184,99.9,12.66,1022.12,4.45,3.87 10:31:13 17/11/20
192,99.9,12.65,1022.19,4.12,3.88 10:36:32 17/11/20
207,99.9,12.665,1022.24,5.0,3.89 10:41:46 17/11/20
203,99.9,12.66,1022.32,5.0,3.89 10:46:59 17/11/20
221,99.9,12.67,1022.35,4.52,3.88 10:52:11 17/11/20
217,99.9,12.684999,1022.41,4.34,3.89 10:57:26 17/11/20
252,99.9,12.690001,1022.26,4.02,3.92 11:02:39 17/11/20
234,99.9,12.76,1022.41,3.98,3.91 11:07:55 17/11/20
250,99.9,12.785,1022.41,5.0,3.92 11:13:06 17/11/20
267,99.9,12.805,1022.33,5.0,3.93 11:18:22 17/11/20
258,99.9,12.934999,1022.43,4.28,3.94 11:23:39 17/11/20
248,99.9,12.97,1022.41,4.82,3.93 11:28:58 17/11/20
220,99.9,12.99,1022.49,3.99,3.92 11:34:11 17/11/20
221,99.9,13.045,1022.48,5.0,3.92 11:39:26 17/11/20
229,99.9,13.049999,1022.41,4.1,3.92 11:44:39 17/11/20
230,99.9,13.055,1022.4,5.0,3.92 11:49:53 17/11/20
226,99.9,13.055,1022.45,4.89,3.93 11:55:06 17/11/20
220,99.9,13.02,1022.54,4.62,3.91 12:00:21 17/11/20
250,99.9,13.075,1022.43,4.06,3.94 12:05:34 17/11/20
270,99.9,13.094999,1022.46,4.52,3.95 12:10:51 17/11/20
271,99.9,13.18,1022.36,5.0,3.95 12:16:08 17/11/20
275,99.9,13.25,1022.4,4.09,3.96 12:21:24 17/11/20
279,99.9,13.34,1022.42,5.0,3.97 12:26:38 17/11/20
280,99.9,13.375,1022.3,4.1,3.97 12:31:51 17/11/20
275,99.9,13.46,1022.27,4.1,3.97 12:37:06 17/11/20
276,99.9,13.535,1022.15,4.08,3.98 12:42:19 17/11/20
275,99.9,13.559999,1022.27,4.11,3.98 12:47:31 17/11/20
268,99.9,13.625,1022.25,4.09,3.97 12:52:51 17/11/20
274,99.9,13.66,1022.25,4.37,3.98 12:58:10 17/11/20
255,99.9,13.675,1022.23,5.0,3.97 13:03:21 17/11/20
230,99.9,13.73,1022.35,5.0,3.95 13:08:41 17/11/20
257,99.9,13.68,1022.3,4.79,3.96 13:13:58 17/11/20
227,99.9,13.68,1022.42,4.08,3.95 13:19:13 17/11/20
263,99.9,13.665,1022.52,5.0,3.96 13:24:25 17/11/20
258,99.9,13.675,1022.5,5.0,3.97 13:29:45 17/11/20
226,99.9,13.735001,1022.51,5.0,3.96 13:35:04 17/11/20
243,99.9,13.68,1022.53,4.16,3.96 13:40:16 17/11/20
253,99.9,13.675,1022.59,5.0,3.97 13:45:31 17/11/20
252,99.9,13.67,1022.52,5.0,3.97 13:50:45 17/11/20
242,99.9,13.675,1022.59,5.0,3.98 13:55:58 17/11/20
245,99.9,13.68,1022.59,4.96,3.99 14:01:12 17/11/20
236,99.9,13.66,1022.59,4.12,3.97 14:06:26 17/11/20
228,99.9,13.67,1022.61,5.0,3.97 14:11:39 17/11/20
250,99.9,13.61,1022.57,5.0,3.98 14:16:54 17/11/20
256,99.9,13.65,1022.45,4.14,3.99 14:22:06 17/11/20
256,99.9,13.66,1022.55,5.0,3.99 14:27:24 17/11/20
270,99.9,13.67,1022.52,5.0,4.01 14:32:35 17/11/20
262,99.9,13.675,1022.6,4.12,4.02 14:37:48 17/11/20
245,99.9,13.74,1022.56,5.0,4.01 14:43:01 17/11/20
256,99.9,13.75,1022.63,4.08,4.01 14:48:18 17/11/20
255,99.9,13.775,1022.59,5.0,3.97 14:53:29 17/11/20
229,99.9,13.775,1022.67,5.0,4.01 14:58:43 17/11/20
201,99.9,13.775,1022.8,4.42,3.99 15:03:57 17/11/20
189,99.9,13.76,1022.74,4.06,3.98 15:09:13 17/11/20
182,99.9,13.695,1022.74,5.0,3.98 15:14:25 17/11/20
191,99.9,13.74,1022.73,5.0,3.98 15:19:38 17/11/20
196,99.9,13.675,1022.76,4.28,3.98 15:24:58 17/11/20
189,99.9,13.67,1022.73,5.0,3.98 15:30:18 17/11/20
185,99.9,13.665,1022.75,4.79,3.98 15:35:30 17/11/20
171,99.9,13.66,1022.77,5.0,3.96 15:40:48 17/11/20
150,99.9,13.645,1022.66,5.0,3.96 15:46:05 17/11/20
126,99.9,13.58,1022.66,4.12,3.96 15:51:21 17/11/20
138,99.9,13.57,1022.98,4.61,3.96 15:56:34 17/11/20
124,99.9,13.549999,1022.98,4.67,3.95 16:01:48 17/11/20
110,99.9,13.485001,1023.03,4.47,3.95 16:07:03 17/11/20
103,99.9,13.465,1022.96,4.11,3.95 16:12:17 17/11/20
88,99.9,13.4,1023.15,4.06,3.95 16:17:28 17/11/20
73,99.9,13.38,1023.17,3.9,3.94 16:22:44 17/11/20
66,99.9,13.365,1023.21,3.66,3.95 16:27:56 17/11/20
62,99.9,13.35,1023.27,3.39,3.94 16:33:09 17/11/20
56,99.9,13.280001,1023.19,3.31,3.94 16:38:23 17/11/20
45,99.9,13.265,1023.21,2.83,3.94 16:43:37 17/11/20
60,99.9,13.255,1023.05,3.38,3.94 16:48:53 17/11/20
54,99.9,13.184999,1023.12,3.43,3.93 16:54:05 17/11/20
53,99.9,13.165,1023.14,3.82,3.89 16:59:20 17/11/20
39,99.9,13.08,1023.13,3.54,3.93 17:04:34 17/11/20
22,99.9,13.07,1023.14,2.68,3.93 17:09:48 17/11/20
10,99.9,13.049999,1023.16,1.25,3.93 17:15:00 17/11/20
5,99.9,13.045,1023.26,0.65,3.93 17:20:13 17/11/20
2,99.9,12.98,1023.29,0.29,3.93 17:25:30 17/11/20
1,99.9,12.965,1023.21,0.17,3.92 17:30:43 17/11/20
0,99.9,12.96,1023.27,0.07,3.92 17:35:57 17/11/20
0,99.9,12.9,1023.31,0.04,3.92 17:41:10 17/11/20
0,99.9,12.9,1023.29,0.02,3.92 17:46:27 17/11/20
0,99.9,12.955,1023.36,0.0,3.92 17:51:38 17/11/20
0,99.9,12.945,1023.36,0.0,3.92 17:56:51 17/11/20
0,99.9,12.885,1023.46,0.0,3.92 18:02:03 17/11/20
0,99.9,12.875,1023.43,0.0,3.92 18:07:18 17/11/20
0,99.9,12.875,1023.55,0.0,3.91 18:12:37 17/11/20
0,99.9,12.875,1023.58,0.0,3.91 18:17:56 17/11/20
0,99.9,12.865,1023.54,0.0,3.92 18:23:09 17/11/20
0,99.9,12.860001,1023.51,0.0,3.91 18:28:23 17/11/20
0,99.9,12.85,1023.63,0.0,3.91 18:33:34 17/11/20
0,99.9,12.84,1023.61,0.0,3.91 18:38:51 17/11/20
0,99.9,12.83,1023.6,0.0,3.91 18:44:04 17/11/20
0,99.9,12.775,1023.69,0.0,3.91 18:49:18 17/11/20
0,99.9,12.765,1023.71,0.0,3.91 18:54:35 17/11/20
0,99.9,12.76,1023.74,0.0,3.91 18:59:54 17/11/20
0,99.9,12.755,1023.77,0.0,3.91 19:05:07 17/11/20
0,99.9,12.74,1023.83,0.0,3.86 19:10:21 17/11/20
0,99.9,12.74,1023.83,0.0,3.91 19:15:39 17/11/20
0,99.9,12.690001,1023.96,0.0,3.91 19:20:55 17/11/20
0,99.9,12.675,1023.88,0.0,3.91 19:26:09 17/11/20
0,99.9,12.655001,1023.94,0.0,3.91 19:31:28 17/11/20
0,99.9,12.66,1023.91,0.0,3.91 19:36:47 17/11/20
0,99.9,12.655001,1024.03,0.0,3.91 19:42:00 17/11/20
0,99.9,12.655001,1024.05,0.0,3.91 19:47:13 17/11/20
0,99.9,12.655001,1024.05,0.0,3.9 19:52:36 17/11/20
0,99.9,12.66,1024.1,0.0,3.9 19:57:51 17/11/20
0,99.9,12.65,1024.06,0.0,3.91 20:03:02 17/11/20
0,99.9,12.645,1024.04,0.0,3.91 20:08:17 17/11/20
0,99.9,12.585,1023.99,0.0,3.91 20:13:30 17/11/20
0,99.9,12.58,1023.97,0.0,3.91 20:18:45 17/11/20
0,99.9,12.575,1024.04,0.0,3.9 20:24:02 17/11/20
0,99.9,12.575,1023.96,0.0,3.9 20:29:24 17/11/20
0,99.9,12.57,1023.99,0.0,3.9 20:34:34 17/11/20
0,99.9,12.565,1024.0,0.0,3.9 20:39:46 17/11/20
0,99.9,12.555,1024.11,0.0,3.9 20:45:00 17/11/20
0,99.9,12.549999,1024.09,0.0,3.9 20:50:15 17/11/20
0,99.9,12.5,1024.11,0.0,3.9 20:55:28 17/11/20
0,99.9,12.5,1024.02,0.0,3.9 21:00:42 17/11/20
0,99.9,12.545,1024.06,0.0,3.9 21:05:57 17/11/20
0,99.9,12.495,1023.98,0.0,3.9 21:11:10 17/11/20
0,99.9,12.485001,1023.93,0.0,3.9 21:16:22 17/11/20
0,99.9,12.49,1023.98,0.0,3.86 21:21:36 17/11/20
0,99.9,12.475,1024.04,0.0,3.9 21:26:51 17/11/20
0,99.9,12.47,1023.98,0.0,3.9 21:32:03 17/11/20
0,99.9,12.465,1023.94,0.0,3.9 21:37:17 17/11/20
0,99.9,12.465,1023.93,0.0,3.9 21:42:33 17/11/20
0,99.9,12.465,1023.93,0.0,3.9 21:47:44 17/11/20
0,99.9,12.415,1023.99,0.0,3.9 21:52:59 17/11/20
0,99.9,12.455,1024.06,0.0,3.9 21:58:13 17/11/20
0,99.9,12.4,1024.03,0.0,3.9 22:03:27 17/11/20
0,99.9,12.450001,1024.02,0.0,3.9 22:08:42 17/11/20
0,99.9,12.445,1024.02,0.0,3.9 22:13:55 17/11/20
0,99.9,12.4,1023.96,0.0,3.9 22:19:07 17/11/20
0,99.9,12.385,1024.03,0.0,3.9 22:24:23 17/11/20
0,99.9,12.440001,1024.01,0.0,3.9 22:29:35 17/11/20
0,99.9,12.38,1023.99,0.0,3.9 22:34:50 17/11/20
0,99.9,12.375,1023.99,0.0,3.9 22:40:03 17/11/20
0,99.9,12.375,1024.01,0.0,3.9 22:45:15 17/11/20
0,99.9,12.37,1023.99,0.0,3.9 22:50:35 17/11/20
0,99.9,12.37,1024.04,0.0,3.9 22:55:51 17/11/20
0,99.9,12.365,1024.01,0.0,3.9 23:01:06 17/11/20
0,99.9,12.365,1024.0,0.0,3.9 23:06:19 17/11/20
0,99.9,12.365,1023.92,0.0,3.9 23:11:34 17/11/20
0,99.9,12.360001,1023.94,0.0,3.89 23:16:48 17/11/20
0,99.9,12.360001,1023.97,0.0,3.89 23:21:59 17/11/20
0,99.9,12.360001,1023.88,0.0,3.85 23:27:13 17/11/20
0,99.9,12.315001,1023.85,0.0,3.9 23:32:31 17/11/20
0,99.9,12.365,1023.82,0.0,3.89 23:37:40 17/11/20
0,99.9,12.365,1023.88,0.0,3.89 23:42:57 17/11/20
0,99.9,12.31,1023.85,0.0,3.89 23:48:10 17/11/20
0,99.9,12.360001,1023.79,0.0,3.89 23:53:27 17/11/20
0,99.9,12.360001,1023.74,0.0,3.89 23:58:44 17/11/20
