0,99.9,12.305,1023.69,0.0,3.89 00:03:58 18/11/20
0,99.9,12.305,1023.67,0.0,3.89 00:09:13 18/11/20
0,99.9,12.344999,1023.71,0.0,3.9 00:14:25 18/11/20
0,99.9,12.344999,1023.66,0.0,3.89 00:19:41 18/11/20
0,99.9,12.344999,1023.66,0.0,3.89 00:24:54 18/11/20
0,99.9,12.344999,1023.69,0.0,3.89 00:30:06 18/11/20
0,99.9,12.280001,1023.74,0.0,3.89 00:35:20 18/11/20
0,99.9,12.280001,1023.71,0.0,3.89 00:40:33 18/11/20
0,99.9,12.285,1023.7,0.0,3.89 00:45:47 18/11/20
0,99.9,12.280001,1023.67,0.0,3.89 00:51:01 18/11/20
0,99.9,12.280001,1023.65,0.0,3.89 00:56:16 18/11/20
0,99.9,12.275,1023.64,0.0,3.89 01:01:29 18/11/20
0,99.9,12.27,1023.58,0.0,3.89 01:06:43 18/11/20
0,99.9,12.27,1023.57,0.0,3.89 01:11:57 18/11/20
0,99.9,12.265,1023.57,0.0,3.89 01:17:12 18/11/20
0,99.9,12.265,1023.55,0.0,3.89 01:22:29 18/11/20
0,99.9,12.265,1023.49,0.0,3.89 01:27:44 18/11/20
0,99.9,12.255,1023.49,0.0,3.89 01:33:04 18/11/20
0,99.9,12.25,1023.45,0.0,3.84 01:38:23 18/11/20
0,99.9,12.25,1023.36,0.0,3.88 01:43:40 18/11/20
0,99.9,12.245001,1023.5,0.0,3.89 01:48:58 18/11/20
0,99.9,12.245001,1023.51,0.0,3.89 01:54:11 18/11/20
0,99.9,12.245001,1023.53,0.0,3.89 01:59:26 18/11/20
0,99.9,12.190001,1023.56,0.0,3.89 02:04:39 18/11/20
0,99.9,12.190001,1023.67,0.0,3.89 02:09:51 18/11/20
0,99.9,12.184999,1023.62,0.0,3.89 02:15:07 18/11/20
0,99.9,12.23,1023.63,0.0,3.89 02:20:20 18/11/20
0,99.9,12.184999,1023.52,0.0,3.88 02:25:33 18/11/20
0,99.9,12.184999,1023.41,0.0,3.88 02:30:48 18/11/20
0,99.9,12.175,1023.3,0.0,3.89 02:36:01 18/11/20
0,99.9,12.18,1023.39,0.0,3.89 02:41:13 18/11/20
0,99.9,12.18,1023.36,0.0,3.88 02:46:29 18/11/20
0,99.9,12.18,1023.29,0.0,3.89 02:51:40 18/11/20
0,99.9,12.175,1023.27,0.0,3.88 02:56:55 18/11/20
0,99.9,12.17,1023.24,0.0,3.88 03:02:14 18/11/20
0,99.9,12.175,1023.15,0.0,3.88 03:07:31 18/11/20
0,99.9,12.17,1023.08,0.0,3.88 03:12:45 18/11/20
0,99.9,12.17,1023.01,0.0,3.88 03:17:58 18/11/20
0,99.9,12.165,1022.97,0.0,3.88 03:23:15 18/11/20
0,99.9,12.17,1022.93,0.0,3.88 03:28:26 18/11/20
0,99.9,12.16,1022.92,0.0,3.88 03:33:38 18/11/20
0,99.9,12.155001,1022.91,0.0,3.88 03:38:54 18/11/20
0,99.9,12.15,1022.88,0.0,3.83 03:44:06 18/11/20
0,99.9,12.09,1022.74,0.0,3.88 03:49:20 18/11/20
0,99.9,12.09,1022.74,0.0,3.88 03:54:35 18/11/20
0,99.9,12.085,1022.68,0.0,3.88 03:59:52 18/11/20
0,99.9,12.13,1022.57,0.0,3.88 04:05:10 18/11/20
0,99.9,12.08,1022.52,0.0,3.88 04:10:23 18/11/20
0,99.9,12.07,1022.51,0.0,3.88 04:15:38 18/11/20
0,99.9,12.059999,1022.45,0.0,3.87 04:20:58 18/11/20
0,99.9,12.065,1022.5,0.0,3.88 04:26:11 18/11/20
0,99.9,12.055,1022.44,0.0,3.88 04:31:26 18/11/20
0,99.9,12.049999,1022.41,0.0,3.88 04:36:41 18/11/20
0,99.9,11.985001,1022.39,0.0,3.88 04:41:54 18/11/20
0,99.9,11.985001,1022.42,0.0,3.87 04:47:07 18/11/20
0,99.9,11.975,1022.32,0.0,3.87 04:52:22 18/11/20
0,99.9,11.97,1022.35,0.0,3.87 04:57:39 18/11/20
0,99.9,11.96,1022.39,0.0,3.87 05:02:55 18/11/20
0,99.9,11.950001,1022.36,0.0,3.87 05:08:10 18/11/20
0,99.9,11.945,1022.32,0.0,3.87 05:13:23 18/11/20
0,99.9,11.940001,1022.33,0.0,3.87 05:18:42 18/11/20
0,99.9,11.945,1022.34,0.0,3.87 05:24:04 18/11/20
0,99.9,11.940001,1022.25,0.0,3.87 05:29:22 18/11/20
0,99.9,11.88,1022.16,0.0,3.87 05:34:35 18/11/20
0,99.9,11.88,1022.12,0.0,3.87 05:39:48 18/11/20
0,99.9,11.860001,1022.14,0.0,3.87 05:45:03 18/11/20
0,99.9,11.855,1022.16,0.0,3.87 05:50:15 18/11/20
0,99.9,11.795,1022.17,0.0,3.86 05:55:30 18/11/20
0,99.9,11.83,1022.19,0.0,3.82 06:00:44 18/11/20
0,99.9,11.77,1022.16,0.0,3.86 06:05:57 18/11/20
0,99.9,11.705,1022.14,0.0,3.86 06:11:11 18/11/20
0,99.9,11.695,1022.1,0.0,3.86 06:16:24 18/11/20
0,99.9,11.68,1022.07,0.0,3.86 06:21:36 18/11/20
0,99.9,11.67,1021.98,0.0,3.86 06:26:52 18/11/20
0,99.9,11.6,1022.07,0.0,3.86 06:32:06 18/11/20
0,99.9,11.594999,1022.07,0.0,3.86 06:37:19 18/11/20
0,99.9,11.58,1022.01,0.0,3.86 06:42:32 18/11/20
0,99.9,11.565,1021.96,0.0,3.86 06:47:46 18/11/20
0,99.9,11.535,1021.93,0.0,3.86 06:52:59 18/11/20
0,99.9,11.389999,1021.96,0.0,3.86 06:58:12 18/11/20
0,99.9,11.265,1022.0,0.0,3.86 07:03:26 18/11/20
0,99.9,11.155001,1021.99,0.02,3.85 07:08:39 18/11/20
0,99.9,11.035,1021.95,0.06,3.85 07:13:53 18/11/20
0,99.9,10.860001,1021.94,0.17,3.85 07:19:08 18/11/20
2,99.9,10.675,1021.88,0.47,3.85 07:24:21 18/11/20
8,99.9,10.495,1021.82,1.08,3.85 07:29:34 18/11/20
43,99.9,10.365,1021.67,1.83,3.85 07:34:47 18/11/20
81,99.9,10.175,1021.64,2.53,3.85 07:40:12 18/11/20
83,99.9,10.055,1021.57,3.12,3.85 07:45:21 18/11/20
102,99.9,9.88,1021.55,3.64,3.85 07:50:35 18/11/20
121,99.9,9.77,1021.49,3.93,3.84 07:55:48 18/11/20
141,99.9,9.66,1021.46,4.01,3.84 08:01:03 18/11/20
157,99.9,9.565,1021.35,4.31,3.84 08:06:16 18/11/20
160,99.9,9.549999,1021.38,4.71,3.85 08:11:27 18/11/20
184,99.9,9.475,1021.39,4.54,3.85 08:16:46 18/11/20
183,99.9,9.455,1021.39,4.78,3.85 08:22:03 18/11/20
202,99.9,9.46,1021.4,4.6,3.85 08:27:22 18/11/20
205,99.9,9.47,1021.47,4.1,3.85 08:32:40 18/11/20
204,99.9,9.54,1021.41,4.47,3.85 08:37:51 18/11/20
215,99.9,9.559999,1021.37,4.82,3.85 08:43:07 18/11/20
246,99.9,9.585,1021.4,4.02,3.92 08:48:19 18/11/20
242,99.9,9.655001,1021.27,4.08,3.99 08:53:31 18/11/20
240,99.9,9.684999,1021.3,4.16,4.0 08:58:44 18/11/20
243,99.9,9.785,1021.2,4.14,4.04 09:03:57 18/11/20
241,99.9,9.945,1021.21,4.13,4.04 09:09:12 18/11/20
254,99.9,10.195,1021.26,4.18,4.08 09:14:27 18/11/20
245,99.9,10.469999,1021.22,4.2,4.11 09:19:39 18/11/20
259,99.9,10.76,1021.16,4.14,4.05 09:24:53 18/11/20
247,99.9,11.030001,1021.2,4.84,3.99 09:30:04 18/11/20
260,99.9,11.17,1021.2,4.21,4.09 09:35:18 18/11/20
261,99.9,11.295,1021.2,4.35,4.2 09:40:32 18/11/20
251,99.9,11.610001,1021.17,4.33,4.2 09:45:45 18/11/20
183,99.9,11.745001,1021.12,4.19,4.03 09:51:01 18/11/20
181,99.9,11.73,1021.12,4.07,4.01 09:56:13 18/11/20
182,99.9,11.645,1021.14,5.0,3.98 10:01:28 18/11/20
183,99.9,11.63,1020.94,5.0,4.05 10:06:40 18/11/20
222,99.9,11.63,1021.03,4.14,4.04 10:12:04 18/11/20
216,99.9,11.655001,1020.98,4.19,4.1 10:17:15 18/11/20
243,99.9,11.675,1020.97,4.22,4.14 10:22:31 18/11/20
187,99.9,11.690001,1020.96,5.0,4.06 10:27:44 18/11/20
188,99.9,11.765,1020.93,4.22,4.15 10:32:58 18/11/20
280,99.9,11.875,1020.89,5.0,4.21 10:38:10 18/11/20
202,99.9,12.005,1020.87,5.0,4.1 10:43:29 18/11/20
237,99.9,12.08,1020.7,4.24,4.16 10:48:47 18/11/20
202,99.9,12.165,1020.78,4.42,4.11 10:53:59 18/11/20
209,99.9,12.190001,1020.71,4.17,4.11 10:59:14 18/11/20
187,99.9,12.26,1020.61,5.0,4.1 11:04:27 18/11/20
218,99.9,12.344999,1020.67,5.0,4.22 11:09:40 18/11/20
221,99.9,12.4,1020.65,4.3,4.17 11:14:55 18/11/20
218,99.9,12.49,1020.61,5.0,4.17 11:20:14 18/11/20
197,99.9,12.62,1020.47,4.9,4.12 11:25:31 18/11/20
186,99.9,12.635,1020.49,5.0,4.1 11:30:46 18/11/20
194,99.9,12.715,1020.52,5.0,4.09 11:35:59 18/11/20
229,99.9,12.755,1020.5,4.87,4.14 11:41:13 18/11/20
188,99.9,12.835,1020.32,5.0,4.12 11:46:26 18/11/20
207,99.9,12.92,1020.19,4.22,4.13 11:51:40 18/11/20
227,99.9,12.950001,1020.03,4.29,4.19 11:56:54 18/11/20
302,99.9,13.045,1019.84,5.0,4.21 12:02:07 18/11/20
189,99.9,13.135,1019.79,4.17,4.11 12:07:21 18/11/20
214,99.9,13.21,1019.65,5.0,4.13 12:12:36 18/11/20
190,99.9,13.299999,1019.5,4.17,4.11 12:17:55 18/11/20
190,99.9,13.375,1019.33,5.0,4.14 12:23:11 18/11/20
197,99.9,13.41,1019.25,5.0,4.15 12:28:28 18/11/20
217,99.9,13.504999,1019.02,4.63,4.14 12:33:39 18/11/20
230,99.9,13.525,1018.92,4.28,4.17 12:38:53 18/11/20
215,99.9,13.615,1018.9,5.0,4.14 12:44:06 18/11/20
233,99.9,13.72,1018.85,5.0,4.21 12:49:19 18/11/20
318,99.9,13.91,1018.69,5.0,4.21 12:54:40 18/11/20
316,99.9,14.190001,1018.72,5.0,4.22 12:59:55 18/11/20
317,99.9,14.465,1018.66,5.0,4.21 13:05:14 18/11/20
316,99.9,14.75,1018.47,5.0,4.21 13:10:35 18/11/20
315,99.9,14.955,1018.38,5.0,4.22 13:15:47 18/11/20
314,99.9,15.15,1018.31,5.0,4.21 13:21:03 18/11/20
313,99.9,15.335,1018.16,5.0,4.22 13:26:14 18/11/20
312,99.9,15.455,1018.18,5.0,4.21 13:31:32 18/11/20
310,99.9,15.63,1018.06,5.0,4.22 13:36:43 18/11/20
309,99.9,15.73,1018.0,5.0,4.22 13:42:07 18/11/20
306,99.9,15.84,1017.99,5.0,4.21 13:47:21 18/11/20
302,99.9,15.925,1017.87,5.0,4.21 13:52:43 18/11/20
303,99.9,15.95,1017.8,5.0,4.22 13:57:56 18/11/20
301,99.9,15.95,1017.74,5.0,4.21 14:03:24 18/11/20
299,99.9,15.96,1017.61,5.0,4.21 14:08:42 18/11/20
296,99.9,15.955,1017.6,5.0,4.22 14:13:56 18/11/20
295,99.8,15.825001,1017.39,5.0,4.22 14:19:11 18/11/20
246,99.9,15.795,1017.39,5.0,4.21 14:24:25 18/11/20
201,99.9,15.764999,1017.4,5.0,4.08 14:29:40 18/11/20
179,99.9,15.68,1017.36,5.0,4.13 14:34:54 18/11/20
180,99.9,15.575,1017.27,4.69,4.14 14:40:08 18/11/20
177,99.9,15.415001,1017.13,5.0,4.12 14:45:23 18/11/20
175,99.9,15.32,1017.1,4.75,4.12 14:50:40 18/11/20
235,99.9,15.225,1016.93,4.65,4.16 14:56:03 18/11/20
225,99.9,15.139999,1016.86,4.37,4.17 15:01:20 18/11/20
172,99.9,15.110001,1016.88,4.19,4.13 15:06:39 18/11/20
170,99.9,15.03,1016.87,4.49,4.13 15:11:59 18/11/20
168,99.9,15.0,1016.74,5.0,4.12 15:17:12 18/11/20
167,99.9,14.98,1016.68,5.0,4.11 15:22:26 18/11/20
165,99.9,14.91,1016.6,5.0,4.11 15:27:38 18/11/20
165,99.9,14.889999,1016.53,5.0,4.11 15:32:52 18/11/20
163,99.9,14.809999,1016.43,4.17,4.1 15:38:08 18/11/20
167,99.9,14.745001,1016.39,4.86,4.1 15:43:21 18/11/20
163,99.9,14.725,1016.32,4.16,4.1 15:48:37 18/11/20
154,99.9,14.65,1016.24,5.0,4.09 15:53:50 18/11/20
150,99.9,14.625,1016.09,4.54,4.09 15:59:05 18/11/20
150,99.9,14.549999,1016.02,4.48,4.08 16:04:24 18/11/20
144,99.9,14.53,1015.94,5.0,4.08 16:09:41 18/11/20
138,99.9,14.445,1015.88,4.9,4.07 16:15:00 18/11/20
131,99.9,14.425,1015.97,4.92,4.06 16:20:17 18/11/20
125,99.9,14.335,1015.89,4.56,4.06 16:25:31 18/11/20
117,99.9,14.255,1015.74,4.56,4.05 16:30:44 18/11/20
106,99.9,14.16,1015.79,4.3,4.0 16:35:57 18/11/20
94,99.9,14.065,1015.86,4.12,4.05 16:41:13 18/11/20
80,99.9,14.025,1015.84,4.07,4.04 16:46:26 18/11/20
66,99.9,13.860001,1015.7,3.72,4.04 16:51:42 18/11/20
52,99.9,13.76,1015.6,3.27,4.03 16:56:55 18/11/20
38,99.9,13.72,1015.5,2.76,4.03 17:02:07 18/11/20
25,99.9,13.639999,1015.41,2.14,4.03 17:07:27 18/11/20
14,99.9,13.565,1015.48,1.48,4.03 17:12:44 18/11/20
6,99.9,13.53,1015.41,0.8,4.02 17:17:57 18/11/20
2,99.9,13.440001,1015.25,0.35,4.02 17:23:13 18/11/20
0,99.9,13.35,1015.13,0.14,4.02 17:28:27 18/11/20
0,99.9,13.315001,1015.01,0.05,4.02 17:33:39 18/11/20
0,99.9,13.24,1014.9,0.02,4.01 17:38:54 18/11/20
0,99.9,13.175,1014.93,0.0,4.01 17:44:06 18/11/20
0,99.9,13.16,1014.85,0.0,4.01 17:49:22 18/11/20
0,99.9,13.15,1014.91,0.0,4.01 17:54:35 18/11/20
0,99.9,13.135,1014.91,0.0,4.01 17:59:48 18/11/20
0,99.9,13.12,1014.83,0.0,4.0 18:05:01 18/11/20
0,99.9,13.065,1014.74,0.0,4.0 18:10:22 18/11/20
0,99.9,13.105,1014.74,0.0,3.99 18:15:45 18/11/20
0,99.9,13.049999,1014.67,0.0,4.0 18:21:01 18/11/20
0,99.9,13.035,1014.8,0.0,4.0 18:26:13 18/11/20
0,99.9,13.025,1014.79,0.0,3.99 18:31:28 18/11/20
0,99.9,12.975,1014.71,0.0,3.99 18:36:43 18/11/20
0,99.9,12.96,1014.64,0.0,3.94 18:41:56 18/11/20
0,99.9,12.940001,1014.55,0.0,3.99 18:47:10 18/11/20
0,99.9,12.865,1014.56,0.0,3.99 18:52:22 18/11/20
0,99.9,12.835,1014.55,0.0,3.99 18:57:36 18/11/20
0,99.9,12.76,1014.59,0.0,3.98 19:03:04 18/11/20
0,99.9,12.755,1014.72,0.0,3.98 19:08:21 18/11/20
0,99.9,12.73,1014.84,0.0,3.98 19:13:35 18/11/20
0,99.9,12.66,1014.88,0.0,3.98 19:18:48 18/11/20
0,99.9,12.645,1014.95,0.0,3.97 19:24:07 18/11/20
0,99.9,12.645,1014.81,0.0,3.98 19:29:24 18/11/20
0,99.9,12.62,1014.8,0.0,3.97 19:34:40 18/11/20
0,99.9,12.549999,1014.75,0.0,3.97 19:39:51 18/11/20
0,99.9,12.465,1014.63,0.0,3.97 19:45:05 18/11/20
0,99.9,12.450001,1014.6,0.0,3.97 19:50:23 18/11/20
0,99.9,12.440001,1014.67,0.0,3.97 19:55:34 18/11/20
0,99.9,12.445,1014.66,0.0,3.97 20:00:49 18/11/20
0,99.9,12.440001,1014.61,0.0,3.96 20:06:02 18/11/20
0,99.9,12.504999,1014.39,0.0,3.96 20:11:14 18/11/20
0,99.9,12.53,1014.4,0.0,3.96 20:16:30 18/11/20
0,99.9,12.610001,1014.47,0.0,3.96 20:21:43 18/11/20
0,99.9,12.705,1014.51,0.0,3.96 20:26:57 18/11/20
0,99.9,12.805,1014.59,0.0,3.96 20:32:10 18/11/20
0,99.9,12.9,1014.55,0.0,3.96 20:37:22 18/11/20
0,99.9,12.940001,1014.6,0.0,3.91 20:42:37 18/11/20
0,99.9,13.025,1014.48,0.0,3.96 20:47:51 18/11/20
0,99.9,13.105,1014.41,0.0,3.96 20:53:03 18/11/20
0,99.9,13.139999,1014.33,0.0,3.96 20:58:19 18/11/20
0,99.9,13.23,1014.43,0.0,3.96 21:03:37 18/11/20
0,99.9,13.325,1014.49,0.0,3.96 21:08:54 18/11/20
0,99.9,13.405001,1014.61,0.0,3.96 21:14:09 18/11/20
0,99.9,13.49,1014.66,0.0,3.96 21:19:21 18/11/20
0,99.9,13.53,1014.47,0.0,3.96 21:24:36 18/11/20
0,99.9,13.605,1014.47,0.0,3.95 21:29:49 18/11/20
0,99.9,13.68,1014.46,0.0,3.96 21:35:04 18/11/20
0,99.9,13.700001,1014.39,0.0,3.95 21:40:18 18/11/20
0,99.9,13.73,1014.51,0.0,3.95 21:45:37 18/11/20
0,99.9,13.795,1014.49,0.0,3.95 21:50:53 18/11/20
0,99.9,13.815001,1014.52,0.0,3.95 21:56:06 18/11/20
0,99.9,13.835,1014.3,0.0,3.95 22:01:20 18/11/20
0,99.9,13.895,1014.43,0.0,3.95 22:06:37 18/11/20
0,99.9,13.915,1014.38,0.0,3.95 22:11:50 18/11/20
0,99.9,13.925,1014.34,0.0,3.95 22:17:04 18/11/20
0,99.9,13.99,1014.45,0.0,3.95 22:22:16 18/11/20
0,99.9,14.02,1014.43,0.0,3.95 22:27:36 18/11/20
0,99.9,14.04,1014.46,0.0,3.94 22:32:53 18/11/20
0,99.9,14.09,1014.45,0.0,3.94 22:38:07 18/11/20
0,99.9,14.045,1014.52,0.0,3.94 22:43:22 18/11/20
0,99.9,14.110001,1014.54,0.0,3.94 22:48:34 18/11/20
0,99.9,14.13,1014.43,0.0,3.9 22:53:50 18/11/20
0,99.9,14.135,1014.34,0.0,3.94 22:59:06 18/11/20
0,99.9,14.205,1014.31,0.0,3.94 23:04:18 18/11/20
0,99.9,14.215,1014.33,0.0,3.94 23:09:31 18/11/20
0,99.9,14.225,1014.28,0.0,3.94 23:14:45 18/11/20
0,99.9,14.235001,1014.3,0.0,3.94 23:20:00 18/11/20
0,99.9,14.29,1014.22,0.0,3.94 23:25:12 18/11/20
0,99.9,14.295,1014.22,0.0,3.94 23:30:27 18/11/20
0,99.9,14.309999,1014.21,0.0,3.94 23:35:40 18/11/20
0,99.9,14.32,1014.21,0.0,3.93 23:40:55 18/11/20
0,99.9,14.385,1014.27,0.0,3.93 23:46:09 18/11/20
0,99.9,14.344999,1014.32,0.0,3.93 23:51:23 18/11/20
0,99.9,14.405001,1014.19,0.0,3.93 23:56:37 18/11/20
