2,99.9,7.78,1025.71,0.0,3.85 21:38:48 23/11/20
3,99.9,8.16,1025.61,0.0,3.89 21:43:58 23/11/20
3,99.9,8.28,1025.43,0.0,3.89 21:49:18 23/11/20
3,99.9,8.385,1025.39,0.0,3.88 21:54:35 23/11/20
3,99.9,8.41,1025.44,0.0,3.88 21:59:47 23/11/20
3,99.9,8.42,1025.42,0.0,3.88 22:04:59 23/11/20
3,99.9,8.495,1025.37,0.0,3.88 22:10:12 23/11/20
2,99.9,8.51,1025.4,0.0,3.87 22:15:34 23/11/20
3,99.9,8.53,1025.35,0.0,3.87 22:20:47 23/11/20
3,99.9,8.585,1025.35,0.0,3.87 22:26:00 23/11/20
2,99.9,8.53,1025.35,0.0,3.86 22:31:24 23/11/20
3,99.9,8.605,1025.34,0.0,3.86 22:36:45 23/11/20
3,99.9,8.605,1025.25,0.0,3.86 22:41:58 23/11/20
3,99.9,8.62,1025.25,0.0,3.86 22:47:10 23/11/20
4,99.9,8.625,1025.21,0.0,3.86 22:52:24 23/11/20
4,99.9,8.685,1025.07,0.0,3.86 22:57:36 23/11/20
4,99.9,8.705,1025.05,0.0,3.86 23:02:50 23/11/20
3,99.9,8.725,1025.0,0.0,3.86 23:08:07 23/11/20
3,99.9,8.79,1024.86,0.0,3.85 23:13:15 23/11/20
4,99.9,8.809999,1024.94,0.0,3.85 23:18:30 23/11/20
2,99.9,8.82,1024.86,0.0,3.85 23:23:48 23/11/20
3,99.9,8.85,1024.92,0.0,3.85 23:29:03 23/11/20
3,99.9,8.925,1024.94,0.0,3.85 23:34:19 23/11/20
3,99.9,8.99,1024.83,0.0,3.85 23:39:30 23/11/20
3,99.9,9.004999,1024.78,0.0,3.85 23:44:43 23/11/20
3,99.9,9.025,1024.72,0.0,3.79 23:50:01 23/11/20
2,99.9,9.1,1024.73,0.0,3.82 23:55:21 23/11/20
