0,99.9,5.755,1015.44,0.0,3.87 00:04:50 25/11/20
0,99.9,5.74,1015.41,0.0,3.87 00:10:03 25/11/20
1,99.9,5.725,1015.36,0.0,3.87 00:15:17 25/11/20
0,99.9,5.66,1015.35,0.0,3.87 00:20:29 25/11/20
0,99.9,5.645,1015.22,0.0,3.87 00:25:40 25/11/20
0,99.9,5.625,1015.26,0.0,3.81 00:31:00 25/11/20
0,99.9,5.62,1015.17,0.0,3.87 00:36:16 25/11/20
0,99.9,5.5550003,1015.17,0.0,3.87 00:41:28 25/11/20
0,99.9,5.4750004,1015.1,0.0,3.87 00:46:41 25/11/20
1,99.9,5.46,1015.02,0.0,3.87 00:51:54 25/11/20
0,99.9,5.44,1014.9,0.0,3.87 00:57:07 25/11/20
1,99.9,5.365,1014.87,0.0,3.87 01:02:20 25/11/20
1,99.9,5.35,1014.79,0.0,3.87 01:07:34 25/11/20
1,99.9,5.285,1014.76,0.0,3.87 01:12:45 25/11/20
1,99.9,5.265,1014.71,0.0,3.87 01:17:59 25/11/20
1,99.9,5.26,1014.67,0.0,3.87 01:23:14 25/11/20
1,99.9,5.25,1014.7,0.0,3.87 01:28:32 25/11/20
1,99.9,5.225,1014.63,0.0,3.86 01:33:45 25/11/20
2,99.9,5.16,1014.64,0.0,3.87 01:38:57 25/11/20
1,99.9,5.145,1014.56,0.0,3.87 01:44:08 25/11/20
3,99.9,5.135,1014.46,0.0,3.86 01:49:32 25/11/20
4,99.9,5.13,1014.44,0.0,3.86 01:54:44 25/11/20
5,99.9,5.06,1014.46,0.0,3.87 01:59:55 25/11/20
14,99.9,4.9700003,1014.43,0.0,3.86 02:05:13 25/11/20
25,99.9,4.945,1014.38,0.0,3.86 02:10:35 25/11/20
33,99.9,4.925,1014.41,0.0,3.86 02:15:52 25/11/20
43,99.9,4.855,1014.37,0.0,3.86 02:21:05 25/11/20
51,99.9,4.785,1014.27,0.0,3.86 02:26:17 25/11/20
52,99.9,4.77,1014.28,0.0,3.86 02:31:31 25/11/20
46,99.9,4.75,1014.29,0.0,3.79 02:36:44 25/11/20
46,99.9,4.7349997,1014.22,0.0,3.86 02:41:54 25/11/20
46,99.9,4.67,1014.19,0.0,3.86 02:47:08 25/11/20
46,99.9,4.665,1014.15,0.0,3.86 02:52:21 25/11/20
45,99.9,4.665,1014.12,0.0,3.86 02:57:37 25/11/20
43,99.9,4.665,1014.1,0.0,3.86 03:02:55 25/11/20
42,99.9,4.6549997,1014.02,0.0,3.86 03:08:07 25/11/20
42,99.9,4.65,1013.98,0.0,3.86 03:13:21 25/11/20
42,99.9,4.6400003,1014.05,0.0,3.86 03:18:33 25/11/20
40,99.9,4.63,1013.99,0.0,3.86 03:23:44 25/11/20
39,99.9,4.62,1013.97,0.0,3.86 03:28:57 25/11/20
42,99.9,4.545,1013.8,0.0,3.85 03:34:15 25/11/20
40,99.9,4.535,1013.73,0.0,3.85 03:39:33 25/11/20
39,99.9,4.5150003,1013.76,0.0,3.85 03:44:45 25/11/20
38,99.9,4.44,1013.79,0.0,3.85 03:49:57 25/11/20
36,99.9,4.44,1013.82,0.0,3.85 03:55:09 25/11/20
38,99.9,4.3650002,1013.78,0.0,3.85 04:00:26 25/11/20
37,99.9,4.36,1013.63,0.0,3.85 04:05:44 25/11/20
34,99.9,4.36,1013.48,0.0,3.85 04:10:54 25/11/20
35,99.9,4.3650002,1013.43,0.0,3.85 04:16:09 25/11/20
34,99.9,4.505,1013.26,0.0,3.85 04:21:24 25/11/20
27,99.9,4.62,1013.33,0.0,3.85 04:26:34 25/11/20
18,99.9,4.6549997,1013.28,0.0,3.85 04:31:48 25/11/20
15,99.9,4.7200003,1013.29,0.0,3.85 04:37:00 25/11/20
9,99.9,4.7200003,1013.27,0.0,3.84 04:42:12 25/11/20
8,99.9,4.73,1013.26,0.0,3.85 04:47:26 25/11/20
8,99.9,4.7349997,1013.31,0.0,3.85 04:52:38 25/11/20
7,99.9,4.74,1013.35,0.0,3.85 04:57:49 25/11/20
6,99.9,4.7349997,1013.31,0.0,3.85 05:03:01 25/11/20
6,99.9,4.675,1013.28,0.0,3.85 05:08:14 25/11/20
7,99.9,4.6549997,1013.24,0.0,3.84 05:13:28 25/11/20
6,99.9,4.65,1013.35,0.0,3.85 05:18:39 25/11/20
8,99.9,4.6400003,1013.25,0.0,3.84 05:23:54 25/11/20
9,99.9,4.625,1013.22,0.0,3.84 05:29:07 25/11/20
11,99.9,4.565,1013.22,0.0,3.84 05:34:19 25/11/20
11,99.9,4.5550003,1013.23,0.0,3.84 05:39:32 25/11/20
14,99.9,4.545,1013.22,0.0,3.84 05:44:45 25/11/20
19,99.9,4.5299997,1013.24,0.0,3.84 05:49:57 25/11/20
22,99.9,4.535,1013.35,0.0,3.84 05:55:10 25/11/20
24,99.9,4.5299997,1013.36,0.0,3.84 06:00:22 25/11/20
26,99.9,4.475,1013.3,0.0,3.84 06:05:36 25/11/20
26,99.9,4.52,1013.26,0.0,3.84 06:10:48 25/11/20
24,99.9,4.52,1013.3,0.0,3.83 06:16:00 25/11/20
23,99.9,4.525,1013.37,0.0,3.83 06:21:14 25/11/20
17,99.9,4.525,1013.4,0.0,3.83 06:26:24 25/11/20
13,99.9,4.535,1013.33,0.0,3.77 06:31:38 25/11/20
10,99.9,4.5550003,1013.3,0.0,3.84 06:36:50 25/11/20
10,99.9,4.565,1013.28,0.0,3.83 06:42:04 25/11/20
10,99.9,4.5699997,1013.31,0.0,3.83 06:47:16 25/11/20
10,99.9,4.5699997,1013.33,0.0,3.83 06:52:30 25/11/20
11,99.9,4.5550003,1013.32,0.0,3.83 06:57:42 25/11/20
8,99.9,4.54,1013.31,0.0,3.83 07:02:52 25/11/20
10,99.9,4.465,1013.26,0.02,3.83 07:08:07 25/11/20
12,99.9,4.46,1013.33,0.04,3.83 07:13:23 25/11/20
10,99.9,4.45,1013.35,0.08,3.83 07:18:39 25/11/20
13,99.9,4.425,1013.36,0.15,3.82 07:23:53 25/11/20
15,99.9,4.355,1013.35,0.28,3.82 07:29:07 25/11/20
21,99.9,4.33,1013.37,0.54,3.83 07:34:19 25/11/20
23,99.9,4.325,1013.49,0.98,3.82 07:39:31 25/11/20
27,99.9,4.325,1013.44,1.6,3.82 07:44:45 25/11/20
36,99.9,4.33,1013.46,2.34,3.82 07:50:00 25/11/20
40,99.9,4.34,1013.47,3.3,3.82 07:55:18 25/11/20
52,99.9,4.35,1013.56,3.91,3.82 08:00:30 25/11/20
66,99.9,4.36,1013.65,4.15,3.82 08:05:44 25/11/20
81,99.9,4.42,1013.63,4.17,3.82 08:11:02 25/11/20
89,99.9,4.45,1013.66,4.44,3.82 08:16:15 25/11/20
107,99.9,4.5299997,1013.79,4.17,3.82 08:21:29 25/11/20
119,99.9,4.56,1013.8,3.89,3.82 08:26:43 25/11/20
136,99.9,4.65,1013.93,4.96,3.76 08:31:55 25/11/20
140,99.9,4.73,1013.95,5.0,3.82 08:37:07 25/11/20
143,99.9,4.765,1013.98,5.0,3.83 08:42:18 25/11/20
157,99.9,4.845,1013.98,5.0,3.84 08:47:31 25/11/20
166,99.9,4.9350004,1014.05,3.92,3.85 08:52:45 25/11/20
174,99.9,5.02,1014.0,5.0,3.87 08:57:58 25/11/20
175,99.9,5.0699997,1014.04,5.0,3.85 09:03:11 25/11/20
182,99.9,5.21,1014.11,3.96,3.87 09:08:23 25/11/20
191,99.9,5.245,1014.06,3.93,3.88 09:13:35 25/11/20
200,99.9,5.335,1014.07,5.0,3.88 09:18:54 25/11/20
209,99.9,5.445,1014.17,5.0,3.91 09:24:09 25/11/20
215,99.9,5.54,1014.22,4.2,3.92 09:29:22 25/11/20
222,99.9,5.7,1014.29,3.99,3.91 09:34:36 25/11/20
229,99.9,5.8,1014.18,4.11,3.92 09:39:49 25/11/20
239,99.9,5.92,1014.27,4.11,3.94 09:45:02 25/11/20
242,99.9,6.0950003,1014.27,4.03,3.94 09:50:14 25/11/20
238,99.9,6.215,1014.35,4.05,3.95 09:55:30 25/11/20
241,99.9,6.385,1014.44,4.62,3.95 10:00:39 25/11/20
242,99.9,6.505,1014.39,4.09,3.96 10:05:54 25/11/20
243,99.9,6.62,1014.41,4.14,3.97 10:11:04 25/11/20
251,99.9,6.81,1014.46,5.0,3.98 10:16:19 25/11/20
243,99.9,6.9300003,1014.51,4.16,3.97 10:21:30 25/11/20
243,99.9,7.04,1014.42,4.13,3.96 10:26:48 25/11/20
229,99.9,7.19,1014.47,4.12,3.96 10:32:07 25/11/20
227,99.9,7.2200003,1014.53,4.11,3.96 10:37:18 25/11/20
237,99.9,7.2349997,1014.58,4.07,3.97 10:42:33 25/11/20
238,99.9,7.3149996,1014.6,4.33,3.97 10:47:46 25/11/20
244,99.9,7.345,1014.42,4.09,3.99 10:53:00 25/11/20
238,99.9,7.435,1014.44,4.21,3.98 10:58:10 25/11/20
240,99.9,7.5150003,1014.43,4.43,3.98 11:03:25 25/11/20
243,99.9,7.6,1014.43,4.13,4.0 11:08:38 25/11/20
251,99.9,7.6949997,1014.47,4.15,4.02 11:13:49 25/11/20
258,99.9,7.795,1014.48,4.12,4.03 11:19:04 25/11/20
243,99.9,7.9,1014.51,5.0,4.02 11:24:16 25/11/20
235,99.9,8.065001,1014.51,4.17,4.01 11:29:29 25/11/20
206,99.9,8.125,1014.49,4.47,4.0 11:34:42 25/11/20
223,99.9,8.205,1014.45,4.98,4.01 11:39:59 25/11/20
219,99.9,8.285,1014.41,4.08,4.0 11:45:16 25/11/20
216,99.9,8.32,1014.38,4.13,4.01 11:50:30 25/11/20
230,99.9,8.41,1014.37,4.08,4.03 11:55:46 25/11/20
226,99.9,8.515,1014.4,4.08,4.0 12:01:03 25/11/20
242,99.9,8.59,1014.31,4.17,4.06 12:06:17 25/11/20
227,99.9,8.690001,1014.3,5.0,4.05 12:11:31 25/11/20
232,99.9,8.795,1014.28,5.0,4.05 12:16:44 25/11/20
243,99.9,8.895,1014.3,4.19,4.08 12:22:01 25/11/20
249,99.9,9.02,1014.26,4.51,4.14 12:27:20 25/11/20
255,99.9,9.175,1014.24,4.36,4.18 12:32:33 25/11/20
280,99.9,9.315001,1014.31,5.0,4.21 12:37:49 25/11/20
290,99.9,9.51,1014.25,5.0,4.21 12:43:08 25/11/20
279,99.9,9.65,1014.3,4.32,4.19 12:48:19 25/11/20
261,99.9,9.745001,1014.29,4.29,4.14 12:53:35 25/11/20
251,99.9,9.75,1014.28,5.0,4.17 12:58:50 25/11/20
238,99.9,9.795,1014.21,4.68,4.1 13:04:05 25/11/20
252,99.9,9.795,1014.16,5.0,4.12 13:09:27 25/11/20
267,99.9,9.799999,1014.23,5.0,4.14 13:14:44 25/11/20
269,99.9,9.809999,1014.15,5.0,4.13 13:19:58 25/11/20
274,99.9,9.809999,1014.24,4.31,4.16 13:25:12 25/11/20
264,99.9,9.889999,1014.19,4.21,4.15 13:30:24 25/11/20
260,99.9,9.925,1014.18,4.27,4.16 13:35:38 25/11/20
271,99.9,9.99,1014.11,5.0,4.21 13:40:52 25/11/20
242,99.9,10.02,1014.14,4.31,4.17 13:46:05 25/11/20
270,99.9,10.08,1014.03,5.0,4.22 13:51:18 25/11/20
261,99.9,10.185,1014.05,5.0,4.22 13:56:32 25/11/20
266,99.9,10.299999,1014.13,5.0,4.21 14:01:44 25/11/20
275,99.9,10.385,1014.1,5.0,4.22 14:06:58 25/11/20
283,99.9,10.5,1014.07,5.0,4.21 14:12:12 25/11/20
259,99.9,10.655001,1014.02,4.3,4.2 14:17:29 25/11/20
249,99.9,10.67,1014.03,4.34,4.2 14:22:47 25/11/20
243,99.9,10.610001,1014.05,4.29,4.19 14:28:00 25/11/20
231,99.9,10.545,1014.02,4.69,4.15 14:33:13 25/11/20
231,99.9,10.514999,1014.04,5.0,4.13 14:38:27 25/11/20
235,99.9,10.504999,1014.1,4.15,4.08 14:43:40 25/11/20
222,99.9,10.485,1014.05,5.0,4.13 14:48:57 25/11/20
227,99.9,10.42,1013.92,4.18,4.13 14:54:15 25/11/20
228,99.9,10.42,1014.09,4.44,4.13 14:59:29 25/11/20
230,99.9,10.425,1014.15,4.34,4.14 15:04:42 25/11/20
217,99.9,10.485,1014.06,5.0,4.12 15:09:56 25/11/20
196,99.9,10.43,1014.07,5.0,4.13 15:15:10 25/11/20
185,99.9,10.425,1014.13,5.0,4.14 15:20:23 25/11/20
190,99.9,10.405001,1014.08,5.0,4.13 15:25:36 25/11/20
191,99.9,10.389999,1014.1,4.22,4.14 15:30:49 25/11/20
187,99.9,10.325,1014.07,5.0,4.14 15:36:01 25/11/20
176,99.9,10.315001,1014.16,4.45,4.15 15:41:17 25/11/20
169,99.9,10.299999,1014.12,4.59,4.15 15:46:29 25/11/20
159,99.9,10.235001,1014.1,5.0,4.14 15:51:44 25/11/20
152,99.9,10.215,1014.22,5.0,4.14 15:56:56 25/11/20
151,99.9,10.15,1014.24,4.68,4.13 16:02:10 25/11/20
149,99.9,10.115,1014.24,5.0,4.12 16:07:23 25/11/20
142,99.9,10.045,1014.31,4.88,4.12 16:12:36 25/11/20
130,99.9,10.014999,1014.37,5.0,4.1 16:17:53 25/11/20
116,99.9,9.940001,1014.43,4.36,4.09 16:23:11 25/11/20
99,99.9,9.844999,1014.59,4.73,4.08 16:28:23 25/11/20
80,99.9,9.815001,1014.59,4.22,4.07 16:33:39 25/11/20
59,99.9,9.735001,1014.54,3.87,4.06 16:38:51 25/11/20
51,99.9,9.725,1014.53,3.6,4.05 16:44:11 25/11/20
43,99.9,9.73,1014.7,3.51,4.01 16:49:27 25/11/20
27,99.9,9.725,1014.57,2.71,4.05 16:54:40 25/11/20
19,99.9,9.72,1014.66,1.93,4.05 16:59:54 25/11/20
12,99.9,9.72,1014.65,1.39,4.04 17:05:06 25/11/20
6,99.9,9.72,1014.61,0.81,4.04 17:10:20 25/11/20
3,99.9,9.715,1014.63,0.39,4.03 17:15:34 25/11/20
0,99.9,9.72,1014.63,0.15,4.03 17:20:46 25/11/20
0,99.9,9.73,1014.71,0.06,4.03 17:26:03 25/11/20
0,99.9,9.735001,1014.74,0.02,4.03 17:31:21 25/11/20
0,99.9,9.73,1014.86,0.0,4.02 17:36:35 25/11/20
0,99.9,9.735001,1014.73,0.0,4.02 17:41:49 25/11/20
0,99.9,9.745001,1014.86,0.0,4.02 17:47:01 25/11/20
0,99.9,9.799999,1014.96,0.0,4.01 17:52:19 25/11/20
0,99.9,9.82,1014.83,0.0,4.01 17:57:36 25/11/20
0,99.9,9.835,1014.86,0.0,4.01 18:02:50 25/11/20
0,99.9,9.844999,1015.0,0.0,4.0 18:08:04 25/11/20
0,99.9,9.91,1015.05,0.0,4.01 18:13:16 25/11/20
0,99.9,9.915,1015.16,0.0,4.0 18:18:30 25/11/20
0,99.9,9.92,1015.11,0.0,4.0 18:23:44 25/11/20
0,99.9,9.93,1015.14,0.0,4.0 18:28:56 25/11/20
0,99.9,9.940001,1015.21,0.0,4.0 18:34:10 25/11/20
0,99.9,9.945,1015.23,0.0,4.0 18:39:26 25/11/20
0,99.9,10.004999,1015.25,0.0,3.99 18:44:50 25/11/20
0,99.9,10.014999,1015.31,0.0,3.99 18:50:07 25/11/20
0,99.9,10.025,1015.37,0.0,3.94 18:55:20 25/11/20
0,99.9,10.02,1015.37,0.0,3.99 19:00:33 25/11/20
0,99.9,10.03,1015.41,0.0,3.99 19:05:47 25/11/20
0,99.9,10.035,1015.43,0.0,3.99 19:10:58 25/11/20
0,99.9,10.03,1015.45,0.0,3.99 19:16:16 25/11/20
0,99.9,10.04,1015.54,0.0,3.98 19:21:31 25/11/20
0,99.9,10.049999,1015.55,0.0,3.98 19:26:47 25/11/20
0,99.9,10.045,1015.61,0.0,3.98 19:32:01 25/11/20
0,99.9,10.049999,1015.73,0.0,3.98 19:37:15 25/11/20
0,99.9,10.04,1015.75,0.0,3.97 19:42:33 25/11/20
0,99.9,10.1,1015.87,0.0,3.98 19:47:51 25/11/20
0,99.9,10.055,1015.83,0.0,3.97 19:53:05 25/11/20
0,99.9,10.049999,1015.87,0.0,3.97 19:58:17 25/11/20
0,99.9,10.045,1015.85,0.0,3.97 20:03:31 25/11/20
0,99.9,10.04,1015.85,0.0,3.97 20:08:53 25/11/20
0,99.9,10.045,1015.87,0.0,3.97 20:14:06 25/11/20
0,99.9,10.045,1015.84,0.0,3.97 20:19:18 25/11/20
0,99.9,10.03,1015.91,0.0,3.97 20:24:39 25/11/20
0,99.9,10.025,1015.87,0.0,3.96 20:29:55 25/11/20
0,99.9,9.950001,1015.86,0.0,3.96 20:35:08 25/11/20
0,99.9,9.93,1015.96,0.0,3.96 20:40:21 25/11/20
0,99.9,9.865,1016.0,0.0,3.96 20:45:34 25/11/20
0,99.9,9.855,1016.0,0.0,3.96 20:50:46 25/11/20
0,99.9,9.825,1016.04,0.0,3.96 20:55:59 25/11/20
0,99.9,9.755,1016.16,0.0,3.96 21:01:14 25/11/20
0,99.9,9.67,1016.11,0.0,3.91 21:06:28 25/11/20
0,99.9,9.639999,1016.18,0.0,3.96 21:11:44 25/11/20
0,99.9,9.610001,1016.21,0.0,3.96 21:16:55 25/11/20
0,99.9,9.535,1016.26,0.0,3.96 21:22:09 25/11/20
0,99.9,9.445,1016.23,0.0,3.96 21:27:20 25/11/20
0,99.9,9.360001,1016.24,0.0,3.96 21:32:34 25/11/20
0,99.9,9.33,1016.3,0.0,3.96 21:37:47 25/11/20
0,99.9,9.245001,1016.42,0.01,3.96 21:43:01 25/11/20
0,99.9,9.145,1016.43,0.0,3.95 21:48:16 25/11/20
0,99.9,9.12,1016.5,0.0,3.95 21:53:27 25/11/20
0,99.9,8.98,1016.58,0.0,3.95 21:58:40 25/11/20
0,99.9,8.934999,1016.65,0.0,3.95 22:03:55 25/11/20
0,99.9,8.835,1016.67,0.0,3.95 22:09:07 25/11/20
0,99.9,8.735001,1016.8,0.0,3.95 22:14:27 25/11/20
0,99.9,8.639999,1016.83,0.0,3.95 22:19:40 25/11/20
0,99.9,8.535,1016.82,0.0,3.94 22:24:54 25/11/20
0,99.9,8.440001,1016.84,0.0,3.94 22:30:08 25/11/20
0,99.9,8.35,1016.9,0.0,3.94 22:35:20 25/11/20
0,99.9,8.315001,1016.9,0.0,3.94 22:40:34 25/11/20
0,99.9,8.184999,1016.82,0.0,3.94 22:45:47 25/11/20
0,99.9,8.22,1016.89,0.0,3.94 22:50:59 25/11/20
0,99.9,8.145,1016.94,0.0,3.94 22:56:14 25/11/20
0,99.9,8.065,1017.01,0.0,3.89 23:01:27 25/11/20
0,99.9,7.9700003,1017.07,0.0,3.93 23:06:45 25/11/20
0,99.9,7.94,1017.07,0.0,3.94 23:12:01 25/11/20
16,99.9,7.845,1017.12,0.0,3.94 23:17:15 25/11/20
22,99.9,7.76,1017.2,0.0,3.93 23:22:28 25/11/20
29,99.9,7.66,1017.14,0.0,3.93 23:27:44 25/11/20
31,99.9,7.55,1017.07,0.0,3.93 23:33:02 25/11/20
33,99.9,7.4500003,1017.17,0.0,3.93 23:38:15 25/11/20
32,99.9,7.355,1017.21,0.0,3.93 23:43:26 25/11/20
32,99.9,7.265,1017.18,0.0,3.93 23:48:39 25/11/20
32,99.9,7.2349997,1017.22,0.0,3.93 23:53:52 25/11/20
33,99.9,7.15,1017.26,0.0,3.93 23:59:07 25/11/20
