0,47.1,24.35,1016.66,0.0,3.98 00:04:30 07/08/20
0,47.3,24.189999,1016.74,0.0,3.98 00:09:45 07/08/20
0,47.4,24.125,1016.67,0.0,3.98 00:15:00 07/08/20
0,48.0,23.985,1016.72,0.0,3.98 00:20:16 07/08/20
0,48.8,23.89,1016.77,0.0,3.96 00:25:32 07/08/20
0,48.3,23.795,1016.73,0.0,3.97 00:30:47 07/08/20
0,48.9,23.735,1016.76,0.0,3.95 00:36:04 07/08/20
0,48.7,23.64,1016.68,0.0,3.97 00:41:19 07/08/20
0,49.1,23.48,1016.63,0.0,3.97 00:46:34 07/08/20
0,49.1,23.375,1016.65,0.0,3.97 00:51:50 07/08/20
0,49.6,23.27,1016.61,0.0,3.96 00:57:05 07/08/20
0,49.5,23.17,1016.67,0.0,3.96 01:02:21 07/08/20
0,49.6,23.064999,1016.65,0.0,3.94 01:07:36 07/08/20
0,49.5,22.96,1016.69,0.0,3.94 01:12:52 07/08/20
0,50.0,22.86,1016.71,0.0,3.95 01:18:07 07/08/20
0,50.5,22.755001,1016.65,0.0,3.96 01:23:23 07/08/20
0,50.5,22.67,1016.69,0.0,3.94 01:28:38 07/08/20
0,50.0,22.57,1016.63,0.0,3.93 01:33:54 07/08/20
0,51.4,22.525,1016.66,0.0,3.93 01:39:09 07/08/20
0,51.8,22.45,1016.7,0.0,3.96 01:44:25 07/08/20
0,51.7,22.365002,1016.74,0.0,3.96 01:49:40 07/08/20
0,52.6,22.279999,1016.71,0.0,3.96 01:54:55 07/08/20
0,54.9,22.2,1016.82,0.0,3.96 02:00:11 07/08/20
0,53.8,22.189999,1016.71,0.0,3.96 02:05:27 07/08/20
0,53.5,22.16,1016.73,0.0,3.96 02:10:41 07/08/20
0,54.5,22.08,1016.77,0.0,3.96 02:15:57 07/08/20
0,52.8,22.05,1016.7,0.0,3.96 02:21:13 07/08/20
0,54.6,21.97,1016.84,0.0,3.96 02:26:27 07/08/20
0,55.4,21.875,1016.82,0.0,3.96 02:31:43 07/08/20
0,54.9,21.779999,1016.89,0.0,3.95 02:36:59 07/08/20
0,54.1,21.68,1016.81,0.0,3.95 02:42:13 07/08/20
0,55.3,21.59,1016.86,0.0,3.95 02:47:28 07/08/20
0,54.9,21.485,1016.79,0.0,3.95 02:52:44 07/08/20
0,54.8,21.445,1016.78,0.0,3.95 02:58:00 07/08/20
0,55.6,21.355,1016.77,0.0,3.95 03:03:14 07/08/20
0,55.0,21.275002,1016.75,0.0,3.95 03:08:30 07/08/20
0,54.4,21.18,1016.73,0.0,3.95 03:13:45 07/08/20
0,53.8,21.154999,1016.73,0.0,3.95 03:19:00 07/08/20
0,52.9,21.14,1016.69,0.0,3.95 03:24:16 07/08/20
0,54.4,21.15,1016.69,0.0,3.94 03:29:30 07/08/20
0,54.1,21.16,1016.71,0.0,3.94 03:34:49 07/08/20
0,52.5,21.17,1016.65,0.0,3.9 03:40:09 07/08/20
0,54.7,21.244999,1016.69,0.0,3.94 03:45:24 07/08/20
0,54.3,21.27,1016.72,0.0,3.94 03:50:40 07/08/20
0,54.6,21.279999,1016.68,0.0,3.95 03:55:55 07/08/20
0,55.0,21.27,1016.67,0.0,3.94 04:01:11 07/08/20
0,55.0,21.244999,1016.66,0.0,3.94 04:06:25 07/08/20
0,55.2,21.154999,1016.67,0.0,3.94 04:11:40 07/08/20
0,55.7,21.07,1016.66,0.0,3.94 04:17:00 07/08/20
0,54.9,20.96,1016.63,0.0,3.94 04:22:19 07/08/20
0,55.7,20.845001,1016.56,0.0,3.93 04:27:38 07/08/20
0,55.8,20.75,1016.55,0.0,3.94 04:32:58 07/08/20
0,55.9,20.585,1016.6,0.0,3.93 04:38:13 07/08/20
0,56.2,20.535,1016.65,0.0,3.94 04:43:28 07/08/20
0,56.2,20.439999,1016.68,0.0,3.93 04:48:44 07/08/20
0,56.4,20.345001,1016.73,0.0,3.93 04:54:02 07/08/20
0,57.2,20.25,1016.65,0.0,3.93 04:59:22 07/08/20
0,57.7,20.165,1016.7,0.0,3.93 05:04:37 07/08/20
0,58.3,20.075,1016.63,0.01,3.93 05:09:52 07/08/20
0,57.4,20.04,1016.72,0.01,3.93 05:15:07 07/08/20
0,58.6,19.95,1016.68,0.03,3.91 05:20:22 07/08/20
0,58.7,19.865002,1016.71,0.06,3.93 05:25:37 07/08/20
0,58.3,19.84,1016.69,0.12,3.93 05:30:52 07/08/20
0,59.2,19.75,1016.75,0.27,3.93 05:36:07 07/08/20
2,58.4,19.654999,1016.74,0.59,3.93 05:41:23 07/08/20
5,58.0,19.564999,1016.82,1.13,3.92 05:46:38 07/08/20
9,58.9,19.48,1016.81,1.79,3.9 05:51:53 07/08/20
15,59.2,19.439999,1016.78,2.43,3.92 05:57:07 07/08/20
21,60.2,19.365002,1016.79,3.01,3.92 06:02:22 07/08/20
29,60.2,19.275002,1016.76,3.52,3.92 06:07:37 07/08/20
37,60.1,19.195,1016.84,3.93,3.92 06:12:55 07/08/20
45,59.9,19.165,1016.94,4.03,3.92 06:18:16 07/08/20
53,60.1,19.08,1016.98,4.12,3.92 06:23:30 07/08/20
61,61.2,19.055,1017.03,4.38,3.92 06:28:49 07/08/20
68,63.1,19.035,1017.03,4.02,3.92 06:34:09 07/08/20
74,61.5,19.025,1017.08,4.32,3.92 06:39:23 07/08/20
77,61.3,18.965,1017.13,4.32,3.92 06:44:38 07/08/20
82,61.2,18.96,1017.2,4.91,3.92 06:49:54 07/08/20
93,61.8,18.97,1017.26,4.01,3.92 06:55:06 07/08/20
95,63.0,18.974998,1017.31,4.24,3.92 07:00:22 07/08/20
100,63.7,18.985,1017.35,4.38,3.92 07:05:38 07/08/20
97,63.3,19.045,1017.38,5.0,3.92 07:10:52 07/08/20
100,64.5,19.055,1017.45,4.44,3.93 07:16:07 07/08/20
103,66.3,19.135,1017.45,4.48,3.93 07:21:25 07/08/20
116,65.0,19.154999,1017.42,4.06,3.94 07:26:46 07/08/20
185,60.3,19.244999,1017.49,4.06,3.97 07:32:00 07/08/20
191,60.0,19.365002,1017.47,4.11,3.99 07:37:15 07/08/20
198,59.3,19.555,1017.46,4.12,4.01 07:42:30 07/08/20
205,60.7,19.84,1017.52,4.08,4.03 07:47:45 07/08/20
221,65.7,20.21,1017.53,4.13,4.05 07:53:03 07/08/20
215,65.0,20.595001,1017.53,4.15,4.07 07:58:23 07/08/20
221,61.4,20.970001,1017.49,5.0,4.06 08:03:38 07/08/20
226,61.2,21.28,1017.49,4.25,4.13 08:08:54 07/08/20
229,61.0,21.564999,1017.52,4.27,4.18 08:14:09 07/08/20
234,63.1,21.96,1017.51,5.0,4.2 08:19:24 07/08/20
239,63.7,22.41,1017.63,5.0,4.21 08:24:39 07/08/20
242,62.9,22.86,1017.64,4.29,4.2 08:29:55 07/08/20
246,60.6,23.240002,1017.7,5.0,4.2 08:35:10 07/08/20
250,64.7,23.535,1017.66,5.0,4.2 08:40:26 07/08/20
253,59.5,23.814999,1017.64,5.0,4.2 08:45:41 07/08/20
257,59.4,24.05,1017.69,5.0,4.2 08:50:58 07/08/20
260,61.8,24.355,1017.74,5.0,4.2 08:56:13 07/08/20
262,58.6,24.720001,1017.8,5.0,4.2 09:01:32 07/08/20
266,60.4,25.045,1017.82,5.0,4.2 09:06:53 07/08/20
270,58.5,25.34,1017.84,5.0,4.21 09:12:07 07/08/20
271,59.9,25.685001,1017.86,5.0,4.2 09:17:28 07/08/20
275,58.6,25.985,1017.83,5.0,4.21 09:22:49 07/08/20
278,57.7,26.205,1017.84,5.0,4.21 09:28:05 07/08/20
281,57.1,26.455,1017.89,5.0,4.2 09:33:21 07/08/20
283,57.1,26.59,1017.91,5.0,4.2 09:38:37 07/08/20
286,57.2,26.77,1017.88,5.0,4.21 09:43:53 07/08/20
286,57.3,26.975,1017.92,5.0,4.21 09:49:13 07/08/20
290,56.7,27.175,1017.94,5.0,4.21 09:54:34 07/08/20
290,56.6,27.36,1017.9,5.0,4.2 09:59:54 07/08/20
294,55.9,27.545,1017.91,5.0,4.21 10:05:15 07/08/20
296,56.6,27.675,1017.85,5.0,4.21 10:10:32 07/08/20
298,56.8,27.939999,1017.9,5.0,4.21 10:15:49 07/08/20
301,56.0,28.175,1017.97,5.0,4.2 10:21:04 07/08/20
303,56.1,28.42,1017.98,5.0,4.2 10:26:21 07/08/20
305,56.4,28.630001,1017.9,5.0,4.2 10:31:36 07/08/20
307,55.3,28.86,1017.95,5.0,4.21 10:36:54 07/08/20
308,54.5,28.975,1017.94,5.0,4.2 10:42:10 07/08/20
310,53.9,29.135,1017.89,5.0,4.21 10:47:27 07/08/20
312,54.9,29.335,1017.94,5.0,4.2 10:52:43 07/08/20
314,54.8,29.525002,1017.97,5.0,4.21 10:58:01 07/08/20
314,53.9,29.8,1017.98,5.0,4.2 11:03:17 07/08/20
317,54.0,30.02,1017.89,5.0,4.21 11:08:33 07/08/20
318,53.9,30.314999,1017.87,5.0,4.21 11:13:50 07/08/20
320,54.0,30.61,1017.88,5.0,4.2 11:19:08 07/08/20
320,52.9,30.970001,1017.82,5.0,4.2 11:24:24 07/08/20
322,51.8,31.095001,1017.86,5.0,4.21 11:29:41 07/08/20
323,51.4,31.195,1017.78,5.0,4.21 11:34:58 07/08/20
323,51.0,31.279999,1017.71,5.0,4.2 11:40:15 07/08/20
325,50.9,31.395,1017.72,5.0,4.21 11:45:32 07/08/20
327,51.6,31.605,1017.67,5.0,4.21 11:50:49 07/08/20
328,51.3,31.805,1017.64,5.0,4.21 11:56:06 07/08/20
327,50.8,32.025,1017.62,5.0,4.2 12:01:28 07/08/20
328,47.5,32.305,1017.55,5.0,4.2 12:06:49 07/08/20
328,45.7,32.495,1017.52,5.0,4.2 12:12:07 07/08/20
331,49.1,32.58,1017.48,5.0,4.21 12:17:23 07/08/20
332,49.4,32.795,1017.43,5.0,4.2 12:22:41 07/08/20
333,47.5,33.059998,1017.38,5.0,4.2 12:27:59 07/08/20
332,47.3,33.27,1017.34,5.0,4.21 12:33:16 07/08/20
333,46.4,33.449997,1017.35,5.0,4.2 12:38:36 07/08/20
334,45.0,33.65,1017.34,5.0,4.21 12:43:59 07/08/20
335,45.9,33.77,1017.28,5.0,4.2 12:49:17 07/08/20
334,46.2,33.975,1017.28,5.0,4.2 12:54:38 07/08/20
335,45.5,34.22,1017.19,5.0,4.2 13:00:00 07/08/20
335,41.9,34.43,1017.1,5.0,4.21 13:05:17 07/08/20
337,44.5,34.565002,1017.17,5.0,4.2 13:10:36 07/08/20
337,42.8,34.67,1017.11,5.0,4.2 13:15:53 07/08/20
338,43.9,34.86,1017.1,5.0,4.2 13:21:10 07/08/20
337,44.7,35.065002,1017.07,5.0,4.2 13:26:29 07/08/20
338,43.8,35.325,1017.09,5.0,4.21 13:31:46 07/08/20
336,41.4,35.370003,1017.02,5.0,4.21 13:37:04 07/08/20
339,42.3,35.54,1016.97,5.0,4.2 13:42:21 07/08/20
340,42.8,35.730003,1016.94,5.0,4.2 13:47:39 07/08/20
339,39.1,35.94,1016.89,5.0,4.2 13:52:57 07/08/20
339,39.2,35.96,1016.89,5.0,4.2 13:58:15 07/08/20
339,37.8,36.045,1016.87,5.0,4.2 14:03:33 07/08/20
340,39.3,36.15,1016.87,5.0,4.2 14:08:51 07/08/20
340,40.0,36.265,1016.76,5.0,4.2 14:14:09 07/08/20
339,38.6,36.375,1016.69,5.0,4.2 14:19:27 07/08/20
340,38.4,36.545,1016.62,5.0,4.2 14:24:45 07/08/20
341,40.0,36.82,1016.66,5.0,4.2 14:30:02 07/08/20
340,39.8,37.1,1016.59,5.0,4.2 14:35:21 07/08/20
337,39.0,37.24,1016.59,5.0,4.2 14:40:43 07/08/20
339,38.7,37.335,1016.55,5.0,4.21 14:46:06 07/08/20
338,39.1,37.375,1016.46,5.0,4.21 14:51:25 07/08/20
337,36.8,37.515,1016.48,5.0,4.2 14:56:41 07/08/20
338,37.3,37.535,1016.42,5.0,4.2 15:02:01 07/08/20
338,37.9,37.629997,1016.36,5.0,4.2 15:07:19 07/08/20
337,37.2,37.82,1016.36,5.0,4.2 15:12:38 07/08/20
336,36.9,37.835,1016.36,5.0,4.2 15:17:57 07/08/20
335,36.7,37.675,1016.24,5.0,4.2 15:23:14 07/08/20
334,36.8,37.745003,1016.23,5.0,4.2 15:28:33 07/08/20
333,35.6,37.78,1016.23,5.0,4.2 15:33:52 07/08/20
332,35.1,37.785,1016.23,5.0,4.2 15:39:09 07/08/20
332,32.9,37.79,1016.16,5.0,4.21 15:44:28 07/08/20
331,33.5,37.795,1016.14,5.0,4.2 15:49:47 07/08/20
331,35.0,37.870003,1016.13,5.0,4.2 15:55:04 07/08/20
329,35.1,37.949997,1016.12,5.0,4.2 16:00:23 07/08/20
329,34.7,37.989998,1016.07,5.0,4.2 16:05:42 07/08/20
328,32.7,38.135002,1016.01,5.0,4.2 16:11:04 07/08/20
326,34.6,38.165,1015.96,5.0,4.21 16:16:27 07/08/20
326,33.3,38.11,1015.95,5.0,4.21 16:21:45 07/08/20
323,33.4,38.075,1015.89,5.0,4.2 16:27:03 07/08/20
323,34.2,37.989998,1015.92,5.0,4.2 16:32:22 07/08/20
322,34.1,37.905,1015.83,5.0,4.21 16:37:41 07/08/20
321,33.5,37.905,1015.83,5.0,4.2 16:42:58 07/08/20
318,32.8,37.835,1015.83,5.0,4.2 16:48:17 07/08/20
317,33.2,37.760002,1015.73,5.0,4.2 16:53:36 07/08/20
316,32.2,37.754997,1015.76,5.0,4.21 16:58:53 07/08/20
313,31.4,37.745,1015.76,5.0,4.2 17:04:10 07/08/20
313,32.5,37.72,1015.69,5.0,4.2 17:09:31 07/08/20
311,28.3,37.620003,1015.69,5.0,4.21 17:14:48 07/08/20
308,31.7,37.309998,1015.65,5.0,4.2 17:20:10 07/08/20
307,32.2,37.440002,1015.59,5.0,4.2 17:25:33 07/08/20
305,33.1,37.54,1015.52,5.0,4.2 17:30:52 07/08/20
303,32.6,37.565,1015.42,5.0,4.2 17:36:15 07/08/20
301,32.3,37.574997,1015.45,5.0,4.2 17:41:37 07/08/20
300,31.7,37.485,1015.42,5.0,4.21 17:46:55 07/08/20
296,30.5,37.395,1015.41,5.0,4.2 17:52:17 07/08/20
294,31.6,37.39,1015.43,5.0,4.2 17:57:40 07/08/20
291,31.3,37.38,1015.33,5.0,4.2 18:02:59 07/08/20
287,30.2,37.365,1015.32,4.29,4.2 18:08:18 07/08/20
287,31.5,37.28,1015.35,4.24,4.12 18:13:44 07/08/20
281,29.0,37.21,1015.32,5.0,4.17 18:19:03 07/08/20
280,29.8,37.09,1015.3,4.36,4.16 18:24:20 07/08/20
277,28.8,36.995003,1015.28,4.33,4.17 18:29:39 07/08/20
274,29.7,36.875,1015.31,4.26,4.17 18:34:55 07/08/20
271,29.4,36.71,1015.23,4.32,4.17 18:40:15 07/08/20
268,29.9,36.52,1015.24,4.26,4.16 18:45:33 07/08/20
264,30.0,36.345,1015.24,4.39,4.15 18:50:51 07/08/20
260,30.2,36.21,1015.25,5.0,4.14 18:56:10 07/08/20
257,29.8,36.04,1015.16,4.24,4.15 19:01:32 07/08/20
251,29.7,35.93,1015.2,5.0,4.15 19:06:54 07/08/20
246,29.9,35.755,1015.15,5.0,4.15 19:12:13 07/08/20
241,30.0,35.625,1015.09,4.23,4.14 19:17:33 07/08/20
238,30.4,35.515,1015.16,5.0,4.15 19:22:57 07/08/20
233,30.0,35.345,1015.21,5.0,4.15 19:28:18 07/08/20
229,30.4,35.235,1015.17,5.0,4.14 19:33:40 07/08/20
223,30.5,35.059998,1015.15,5.0,4.14 19:38:58 07/08/20
218,30.7,34.885002,1015.11,5.0,4.16 19:44:16 07/08/20
202,30.5,34.77,1015.17,4.83,4.15 19:49:34 07/08/20
117,30.6,34.66,1015.12,4.63,4.15 19:54:51 07/08/20
117,30.7,34.49,1015.12,5.0,4.15 20:00:09 07/08/20
111,30.8,34.305,1015.17,5.0,4.15 20:05:27 07/08/20
106,30.9,34.18,1015.15,4.3,4.16 20:10:44 07/08/20
103,31.1,34.005,1015.09,4.72,4.15 20:16:03 07/08/20
100,31.3,33.86,1015.14,4.49,4.15 20:21:20 07/08/20
95,31.5,33.66,1015.08,4.58,4.1 20:26:39 07/08/20
96,31.7,33.405,1015.12,5.0,4.13 20:31:55 07/08/20
91,31.9,33.19,1015.23,5.0,4.13 20:37:13 07/08/20
84,32.3,32.975,1015.26,4.19,4.12 20:42:29 07/08/20
77,32.3,32.705,1015.31,4.81,4.11 20:47:47 07/08/20
71,32.6,32.5,1015.39,4.38,4.1 20:53:04 07/08/20
65,33.1,32.285,1015.38,4.37,4.09 20:58:21 07/08/20
57,33.5,32.01,1015.38,4.21,4.08 21:03:39 07/08/20
47,33.9,31.795,1015.4,4.11,4.08 21:08:54 07/08/20
39,34.2,31.529999,1015.46,3.71,4.07 21:14:11 07/08/20
30,34.9,31.3,1015.51,3.26,4.07 21:19:29 07/08/20
23,35.4,31.029999,1015.57,2.75,4.06 21:24:48 07/08/20
16,35.6,30.815,1015.66,2.1,4.06 21:30:05 07/08/20
9,36.4,30.605,1015.69,1.37,4.05 21:35:19 07/08/20
4,36.8,30.34,1015.73,0.74,4.04 21:40:38 07/08/20
1,37.4,30.14,1015.83,0.36,4.04 21:45:58 07/08/20
0,38.0,29.935,1015.83,0.16,4.04 21:51:21 07/08/20
0,38.6,29.715,1015.84,0.07,4.03 21:56:37 07/08/20
0,39.1,29.474998,1015.89,0.03,4.03 22:01:53 07/08/20
0,40.3,29.275002,1015.96,0.01,4.03 22:07:10 07/08/20
0,39.9,29.064999,1015.97,0.0,4.02 22:12:27 07/08/20
0,41.1,28.880001,1016.04,0.0,4.03 22:17:43 07/08/20
0,41.0,28.685001,1015.98,0.0,4.03 22:23:01 07/08/20
0,41.0,28.529999,1015.98,0.0,4.02 22:28:17 07/08/20
0,41.4,28.345001,1016.01,0.0,4.02 22:33:34 07/08/20
0,41.4,28.099998,1016.05,0.0,4.02 22:38:50 07/08/20
0,42.1,27.945,1016.09,0.0,4.02 22:44:06 07/08/20
0,42.4,27.76,1016.09,0.0,4.02 22:49:21 07/08/20
0,43.1,27.585,1016.12,0.0,4.01 22:54:37 07/08/20
0,43.3,27.41,1016.13,0.0,4.01 22:59:56 07/08/20
0,43.1,27.275002,1016.17,0.0,4.01 23:05:11 07/08/20
0,43.9,27.15,1016.16,0.0,4.0 23:10:31 07/08/20
0,43.9,26.99,1016.19,0.0,4.0 23:15:52 07/08/20
0,44.5,26.87,1016.24,0.0,4.0 23:21:09 07/08/20
0,44.5,26.755001,1016.28,0.0,4.0 23:26:25 07/08/20
0,44.6,26.585,1016.24,0.0,3.99 23:31:42 07/08/20
0,44.8,26.465,1016.2,0.0,4.0 23:36:57 07/08/20
0,45.0,26.305,1016.21,0.0,4.0 23:42:13 07/08/20
0,45.1,26.18,1016.14,0.0,3.99 23:47:28 07/08/20
0,45.5,26.07,1016.21,0.0,3.99 23:52:45 07/08/20
0,45.3,25.955,1016.15,0.0,3.99 23:58:01 07/08/20
