0,54.9,27.365002,1011.76,0.0,3.99 00:01:19 11/08/20
0,54.5,27.279999,1011.7,0.0,3.98 00:06:34 11/08/20
0,54.4,27.235,1011.76,0.0,3.99 00:11:50 11/08/20
0,55.0,27.154999,1011.74,0.0,3.98 00:17:06 11/08/20
0,54.7,27.07,1011.77,0.0,3.98 00:22:23 11/08/20
0,56.1,27.04,1011.78,0.0,3.98 00:27:39 11/08/20
0,56.3,26.95,1011.77,0.0,3.98 00:32:56 11/08/20
0,56.3,26.87,1011.81,0.0,3.98 00:38:11 11/08/20
0,56.1,26.835,1011.84,0.0,3.97 00:43:27 11/08/20
0,57.1,26.76,1011.86,0.0,3.97 00:48:47 11/08/20
0,56.0,26.744999,1011.84,0.0,3.97 00:54:08 11/08/20
0,57.0,26.66,1011.9,0.0,3.97 00:59:25 11/08/20
0,57.1,26.635,1011.88,0.0,3.97 01:04:41 11/08/20
0,57.0,26.55,1011.87,0.0,3.96 01:09:57 11/08/20
0,57.4,26.47,1011.82,0.0,3.97 01:15:13 11/08/20
0,57.1,26.435,1011.81,0.0,3.96 01:20:30 11/08/20
0,58.2,26.305,1011.84,0.0,3.96 01:25:45 11/08/20
0,57.9,26.26,1011.84,0.0,3.96 01:30:59 11/08/20
0,59.6,26.18,1011.75,0.0,3.96 01:36:17 11/08/20
0,58.2,26.15,1011.74,0.0,3.96 01:41:32 11/08/20
0,61.0,26.064999,1011.77,0.0,3.96 01:46:49 11/08/20
0,59.5,26.035,1011.72,0.0,3.96 01:52:06 11/08/20
0,58.7,25.95,1011.69,0.0,3.96 01:57:25 11/08/20
0,59.3,25.875,1011.65,0.0,3.96 02:02:46 11/08/20
0,59.6,25.835,1011.61,0.0,3.96 02:08:02 11/08/20
0,62.1,25.76,1011.69,0.0,3.95 02:13:18 11/08/20
0,60.5,25.68,1011.75,0.0,3.95 02:18:34 11/08/20
0,60.4,25.595001,1011.7,0.0,3.95 02:23:49 11/08/20
0,60.8,25.564999,1011.74,0.0,3.95 02:29:07 11/08/20
0,66.6,25.555,1011.94,0.0,3.95 02:34:23 11/08/20
0,64.2,25.48,1011.83,0.0,3.95 02:39:38 11/08/20
0,67.4,25.47,1012.11,0.0,3.94 02:44:54 11/08/20
0,64.8,25.39,1012.05,0.0,3.94 02:50:10 11/08/20
0,64.4,25.380001,1012.08,0.0,3.94 02:55:26 11/08/20
0,67.4,25.36,1012.08,0.0,3.94 03:00:42 11/08/20
0,65.3,25.33,1012.11,0.0,3.94 03:05:58 11/08/20
0,65.5,25.25,1012.09,0.0,3.94 03:11:17 11/08/20
0,65.5,25.16,1012.12,0.0,3.94 03:16:39 11/08/20
0,65.5,25.07,1012.1,0.0,3.93 03:21:52 11/08/20
0,66.7,24.97,1012.08,0.0,3.94 03:27:10 11/08/20
0,67.1,24.885,1012.02,0.0,3.93 03:32:26 11/08/20
0,69.4,24.785,1011.9,0.0,3.93 03:37:45 11/08/20
0,69.2,24.67,1011.84,0.0,3.93 03:43:06 11/08/20
0,69.2,24.564999,1011.78,0.0,3.89 03:48:23 11/08/20
0,67.3,24.455,1011.74,0.0,3.94 03:53:37 11/08/20
0,68.9,24.355,1011.73,0.0,3.94 03:58:53 11/08/20
0,68.5,24.26,1011.71,0.0,3.94 04:04:09 11/08/20
0,70.2,24.185001,1011.78,0.0,3.94 04:09:28 11/08/20
0,69.3,24.135,1011.77,0.0,3.94 04:14:49 11/08/20
0,70.3,24.045,1011.7,0.0,3.94 04:20:05 11/08/20
0,72.1,23.96,1011.65,0.0,3.94 04:25:20 11/08/20
0,71.8,23.87,1011.55,0.0,3.94 04:30:36 11/08/20
0,71.1,23.79,1011.49,0.0,3.94 04:35:52 11/08/20
0,71.3,23.744999,1011.43,0.0,3.94 04:41:07 11/08/20
0,72.7,23.66,1011.26,0.0,3.93 04:46:23 11/08/20
0,72.2,23.58,1011.24,0.0,3.93 04:51:38 11/08/20
0,73.2,23.545,1011.23,0.0,3.93 04:56:54 11/08/20
0,74.0,23.445,1011.15,0.0,3.93 05:02:13 11/08/20
0,73.0,23.37,1011.15,0.0,3.93 05:07:34 11/08/20
0,73.5,23.29,1011.16,0.0,3.93 05:12:49 11/08/20
1,75.4,23.255001,1011.08,0.0,3.93 05:18:05 11/08/20
2,73.9,23.23,1011.08,0.01,3.93 05:23:20 11/08/20
2,75.9,23.16,1011.15,0.03,3.93 05:28:36 11/08/20
3,74.6,23.09,1011.17,0.07,3.92 05:33:51 11/08/20
4,75.0,23.075,1011.14,0.15,3.92 05:39:07 11/08/20
5,76.2,23.05,1011.13,0.32,3.92 05:44:21 11/08/20
8,75.6,22.97,1011.19,0.66,3.92 05:49:38 11/08/20
12,77.1,22.900002,1011.31,1.25,3.92 05:54:53 11/08/20
19,75.9,22.87,1011.39,2.14,3.92 06:00:09 11/08/20
32,80.3,22.8,1011.4,3.42,3.92 06:05:24 11/08/20
45,78.5,22.775002,1011.26,3.99,3.92 06:10:40 11/08/20
54,77.6,22.755001,1011.23,4.04,3.92 06:15:55 11/08/20
61,76.2,22.685001,1011.24,3.99,3.92 06:21:11 11/08/20
74,76.8,22.665,1011.28,4.29,3.92 06:26:26 11/08/20
88,78.6,22.645,1011.3,4.91,3.92 06:31:45 11/08/20
101,78.4,22.585,1011.41,4.99,3.92 06:37:09 11/08/20
114,75.9,22.575,1011.46,5.0,3.92 06:42:33 11/08/20
118,80.4,22.58,1011.49,3.99,3.92 06:47:57 11/08/20
130,81.2,22.645,1011.6,4.21,3.93 06:53:21 11/08/20
134,85.0,22.654999,1011.63,4.11,3.93 06:58:45 11/08/20
143,82.1,22.74,1011.65,5.0,3.93 07:04:06 11/08/20
148,82.5,22.765,1011.66,5.0,3.94 07:09:21 11/08/20
167,85.9,22.85,1011.61,4.16,3.94 07:14:36 11/08/20
160,83.8,22.895,1011.71,4.0,3.95 07:19:52 11/08/20
169,78.1,22.974998,1011.67,4.12,3.94 07:25:07 11/08/20
168,79.8,23.06,1011.71,4.49,3.96 07:30:23 11/08/20
175,88.2,23.17,1011.72,4.28,3.96 07:35:38 11/08/20
187,82.7,23.255001,1011.69,5.0,3.97 07:40:54 11/08/20
198,82.9,23.355,1011.66,4.09,3.99 07:46:10 11/08/20
208,86.3,23.465,1011.72,4.2,4.01 07:51:26 11/08/20
218,85.0,23.56,1011.71,4.14,4.02 07:56:41 11/08/20
227,87.9,23.675,1011.77,4.3,4.04 08:01:56 11/08/20
228,83.1,23.775002,1011.78,4.69,4.05 08:07:12 11/08/20
234,84.2,23.875,1011.86,4.18,4.06 08:12:27 11/08/20
240,83.2,24.035,1011.9,4.16,4.07 08:17:43 11/08/20
255,84.0,24.15,1011.94,4.15,4.07 08:22:59 11/08/20
259,83.3,24.325,1011.99,4.23,4.15 08:28:15 11/08/20
266,85.3,24.455,1011.94,5.0,4.19 08:33:30 11/08/20
282,83.1,24.720001,1012.0,5.0,4.2 08:38:47 11/08/20
287,79.7,24.945,1012.03,4.28,4.19 08:44:02 11/08/20
270,86.3,25.220001,1012.12,4.45,4.18 08:49:18 11/08/20
257,79.9,25.404999,1012.15,4.42,4.17 08:54:34 11/08/20
272,80.5,25.58,1012.22,4.32,4.17 08:59:49 11/08/20
258,80.6,25.695,1012.26,4.67,4.17 09:05:05 11/08/20
256,81.3,25.805,1012.27,5.0,4.17 09:10:21 11/08/20
271,78.7,25.89,1012.27,5.0,4.18 09:15:37 11/08/20
277,78.9,25.985,1012.27,4.29,4.19 09:20:54 11/08/20
290,78.8,26.145,1012.23,4.31,4.2 09:26:07 11/08/20
301,79.4,26.275002,1012.27,5.0,4.21 09:31:25 11/08/20
326,82.7,26.415,1012.27,5.0,4.2 09:36:41 11/08/20
304,79.7,26.59,1012.25,5.0,4.21 09:41:58 11/08/20
336,81.1,26.78,1012.3,5.0,4.21 09:47:14 11/08/20
332,78.0,26.96,1012.27,5.0,4.2 09:52:30 11/08/20
308,79.2,27.17,1012.26,5.0,4.2 09:57:47 11/08/20
313,80.1,27.345,1012.23,5.0,4.2 10:03:00 11/08/20
312,77.5,27.404999,1012.24,5.0,4.21 10:08:18 11/08/20
311,77.1,27.555,1012.25,5.0,4.21 10:13:33 11/08/20
338,77.9,27.675,1012.29,5.0,4.21 10:18:51 11/08/20
343,76.9,27.855,1012.34,5.0,4.2 10:24:08 11/08/20
346,77.9,28.060001,1012.29,5.0,4.21 10:29:28 11/08/20
338,76.5,28.33,1012.29,5.0,4.2 10:34:49 11/08/20
348,76.7,28.54,1012.36,5.0,4.2 10:40:05 11/08/20
362,76.5,28.825,1012.37,5.0,4.2 10:45:22 11/08/20
365,75.3,29.115,1012.28,5.0,4.21 10:50:38 11/08/20
368,75.5,29.325,1012.24,5.0,4.21 10:55:56 11/08/20
343,74.3,29.61,1012.32,5.0,4.2 11:01:10 11/08/20
356,74.0,29.81,1012.25,5.0,4.21 11:06:28 11/08/20
350,73.5,30.07,1012.31,5.0,4.21 11:11:46 11/08/20
350,73.1,30.265,1012.35,5.0,4.2 11:17:02 11/08/20
360,71.3,30.41,1012.39,5.0,4.2 11:22:19 11/08/20
353,72.2,30.575,1012.4,5.0,4.21 11:27:36 11/08/20
359,71.8,30.765,1012.39,5.0,4.21 11:32:52 11/08/20
359,70.4,30.885,1012.32,5.0,4.21 11:38:09 11/08/20
343,70.9,30.99,1012.32,5.0,4.2 11:43:26 11/08/20
380,71.0,31.1,1012.28,5.0,4.21 11:48:42 11/08/20
372,67.4,31.314999,1012.33,5.0,4.21 11:54:01 11/08/20
385,68.6,31.494999,1012.32,5.0,4.21 11:59:18 11/08/20
383,69.1,31.84,1012.34,5.0,4.21 12:04:34 11/08/20
363,68.3,32.135002,1012.31,5.0,4.21 12:09:51 11/08/20
366,66.6,32.36,1012.3,5.0,4.2 12:15:08 11/08/20
340,66.0,32.614998,1012.3,5.0,4.2 12:20:29 11/08/20
342,63.2,32.66,1012.3,5.0,4.2 12:25:52 11/08/20
338,64.2,32.66,1012.29,5.0,4.2 12:31:09 11/08/20
324,64.8,32.67,1012.32,4.3,4.2 12:36:27 11/08/20
319,63.9,32.675003,1012.32,5.0,4.21 12:41:43 11/08/20
335,62.7,32.595,1012.25,5.0,4.21 12:47:04 11/08/20
328,63.8,32.595,1012.24,5.0,4.2 12:52:26 11/08/20
356,64.5,32.66,1012.26,5.0,4.2 12:57:44 11/08/20
346,63.8,32.78,1012.22,5.0,4.2 13:03:01 11/08/20
347,63.0,32.88,1012.19,5.0,4.21 13:08:18 11/08/20
344,61.3,32.975,1012.14,5.0,4.2 13:13:39 11/08/20
359,61.3,33.059998,1012.1,5.0,4.2 13:19:02 11/08/20
355,61.3,33.16,1012.05,5.0,4.2 13:24:20 11/08/20
396,60.6,33.285,1012.03,5.0,4.2 13:29:36 11/08/20
373,61.8,33.55,1011.96,5.0,4.21 13:34:54 11/08/20
397,56.9,33.835,1011.89,5.0,4.2 13:40:11 11/08/20
394,59.2,34.13,1011.92,5.0,4.2 13:45:29 11/08/20
391,59.2,34.425,1011.86,5.0,4.2 13:50:46 11/08/20
385,58.5,34.71,1011.84,5.0,4.21 13:56:05 11/08/20
378,57.6,34.989998,1011.81,5.0,4.2 14:01:20 11/08/20
390,58.3,35.215,1011.84,5.0,4.2 14:06:40 11/08/20
390,57.0,35.475,1011.74,5.0,4.2 14:11:57 11/08/20
387,56.3,35.690002,1011.8,5.0,4.21 14:17:15 11/08/20
391,55.7,35.89,1011.76,5.0,4.2 14:22:34 11/08/20
390,53.7,36.175,1011.73,5.0,4.2 14:27:52 11/08/20
388,55.1,36.449997,1011.68,5.0,4.2 14:33:10 11/08/20
381,52.9,36.67,1011.71,5.0,4.2 14:38:28 11/08/20
375,52.5,36.765,1011.52,5.0,4.21 14:43:44 11/08/20
357,46.4,36.760002,1011.46,5.0,4.2 14:49:03 11/08/20
357,51.7,36.519997,1011.46,5.0,4.2 14:54:21 11/08/20
374,49.5,36.434998,1011.4,5.0,4.21 14:59:39 11/08/20
325,52.4,36.489998,1011.4,5.0,4.2 15:05:01 11/08/20
333,50.3,36.5,1011.32,5.0,4.2 15:10:24 11/08/20
322,51.4,36.355003,1011.34,5.0,4.2 15:15:42 11/08/20
353,49.4,36.245,1011.3,5.0,4.2 15:21:00 11/08/20
345,51.6,36.175003,1011.27,5.0,4.2 15:26:18 11/08/20
324,51.0,36.245,1011.27,5.0,4.2 15:31:36 11/08/20
378,49.8,36.265,1011.21,5.0,4.2 15:36:54 11/08/20
354,48.4,36.370003,1011.12,5.0,4.2 15:42:12 11/08/20
383,50.7,36.45,1011.14,5.0,4.2 15:47:30 11/08/20
319,50.4,36.635002,1011.08,5.0,4.2 15:52:48 11/08/20
300,48.9,36.655,1011.0,4.3,4.2 15:58:07 11/08/20
283,46.1,36.48,1010.97,4.28,4.19 16:03:33 11/08/20
305,48.6,36.355003,1010.93,5.0,4.21 16:08:51 11/08/20
293,47.0,36.1,1010.88,4.83,4.2 16:14:09 11/08/20
301,49.6,35.935,1010.79,5.0,4.2 16:19:27 11/08/20
371,48.2,35.915,1010.74,5.0,4.2 16:24:45 11/08/20
363,49.8,36.15,1010.69,5.0,4.2 16:30:03 11/08/20
363,50.6,36.39,1010.71,5.0,4.2 16:35:19 11/08/20
363,49.9,36.655,1010.65,5.0,4.2 16:40:39 11/08/20
357,47.0,36.84,1010.56,5.0,4.2 16:45:57 11/08/20
266,48.8,36.93,1010.45,4.17,4.1 16:51:19 11/08/20
197,47.2,36.86,1010.43,5.0,4.14 16:56:42 11/08/20
193,43.9,36.565,1010.46,4.28,4.14 17:02:00 11/08/20
205,45.0,36.2,1010.63,5.0,4.15 17:07:19 11/08/20
219,45.7,35.925003,1010.53,4.83,4.16 17:12:37 11/08/20
228,45.1,35.72,1010.41,4.29,4.15 17:17:54 11/08/20
223,46.0,35.6,1010.36,4.47,4.15 17:23:12 11/08/20
232,45.3,35.495003,1010.25,4.36,4.15 17:28:30 11/08/20
242,46.7,35.395,1010.2,5.0,4.15 17:33:49 11/08/20
253,46.7,35.309998,1010.23,4.26,4.16 17:39:06 11/08/20
287,49.5,35.235,1010.38,4.35,4.17 17:44:24 11/08/20
269,48.2,34.475,1010.48,5.0,4.13 17:49:42 11/08/20
275,46.8,33.76,1010.52,4.24,4.18 17:55:00 11/08/20
272,48.9,33.239998,1010.4,4.24,4.19 18:00:20 11/08/20
263,51.0,32.940002,1010.49,5.0,4.18 18:05:46 11/08/20
248,52.7,32.809998,1010.52,4.36,4.17 18:11:09 11/08/20
291,56.2,32.699997,1010.76,4.24,4.18 18:16:26 11/08/20
271,55.1,32.415,1010.53,5.0,4.13 18:21:43 11/08/20
247,54.7,31.994999,1010.53,4.28,4.18 18:27:00 11/08/20
250,56.8,31.685,1010.44,4.37,4.18 18:32:21 11/08/20
272,54.9,31.54,1010.3,5.0,4.13 18:37:43 11/08/20
205,53.2,31.435,1010.81,4.44,4.15 18:43:00 11/08/20
207,55.1,31.24,1010.85,4.23,4.16 18:48:16 11/08/20
205,54.2,30.95,1010.85,4.72,4.15 18:53:34 11/08/20
194,55.2,30.744999,1010.79,5.0,4.14 18:58:51 11/08/20
178,55.0,30.58,1010.85,5.0,4.11 19:04:08 11/08/20
176,57.5,30.529999,1010.76,5.0,4.13 19:09:26 11/08/20
210,56.2,30.445,1010.81,5.0,4.14 19:14:42 11/08/20
166,56.5,30.375,1010.76,5.0,4.14 19:19:59 11/08/20
157,58.2,30.285,1010.75,5.0,4.16 19:25:16 11/08/20
188,65.1,30.27,1010.87,5.0,4.14 19:30:32 11/08/20
151,62.6,30.18,1010.8,4.23,4.15 19:35:49 11/08/20
141,61.4,30.09,1010.7,5.0,4.15 19:41:07 11/08/20
133,63.5,30.05,1010.73,4.43,4.15 19:46:23 11/08/20
133,61.3,29.965,1010.89,4.61,4.15 19:51:40 11/08/20
148,64.7,29.895,1011.1,5.0,4.15 19:56:55 11/08/20
171,68.2,29.89,1011.0,5.0,4.14 20:02:13 11/08/20
161,66.1,29.885,1010.96,4.23,4.15 20:07:30 11/08/20
126,61.9,29.885,1010.87,5.0,4.14 20:12:47 11/08/20
97,61.6,29.795,1010.94,4.38,4.14 20:18:03 11/08/20
72,64.8,29.685001,1011.0,4.46,4.12 20:23:20 11/08/20
52,65.6,29.52,1011.28,4.19,4.11 20:28:41 11/08/20
46,66.5,29.48,1011.45,3.88,4.1 20:34:01 11/08/20
38,66.5,29.385,1011.51,3.74,4.09 20:39:19 11/08/20
33,63.0,29.279999,1011.56,3.39,4.08 20:44:35 11/08/20
31,63.8,29.095001,1011.33,3.11,4.08 20:49:53 11/08/20
21,63.0,29.04,1011.55,2.57,4.07 20:55:09 11/08/20
15,63.2,28.89,1011.58,2.13,4.07 21:00:25 11/08/20
8,67.4,28.810001,1011.73,1.35,4.06 21:05:42 11/08/20
4,62.9,28.775002,1011.97,0.84,4.06 21:10:58 11/08/20
3,62.4,28.76,1012.03,0.63,4.02 21:16:15 11/08/20
1,65.0,28.74,1012.17,0.39,4.05 21:21:31 11/08/20
0,68.8,28.675,1012.22,0.17,4.05 21:26:46 11/08/20
0,67.2,28.585,1012.09,0.07,4.04 21:32:04 11/08/20
0,70.4,28.56,1012.1,0.03,4.04 21:37:21 11/08/20
0,69.9,28.47,1012.07,0.01,4.04 21:42:37 11/08/20
0,71.4,28.385,1012.24,0.0,4.03 21:47:54 11/08/20
9,71.6,28.35,1012.27,0.0,4.03 21:53:10 11/08/20
13,73.0,28.215,1012.31,0.0,4.03 21:58:27 11/08/20
16,73.2,28.165,1012.43,0.0,4.03 22:03:43 11/08/20
16,76.2,27.99,1012.45,0.0,4.03 22:09:00 11/08/20
18,74.5,27.8,1012.38,0.0,4.02 22:14:17 11/08/20
28,75.4,27.675,1012.43,0.0,4.02 22:19:32 11/08/20
29,75.7,27.494999,1012.4,0.0,4.02 22:24:47 11/08/20
28,74.9,27.32,1012.46,0.0,4.02 22:30:05 11/08/20
32,74.8,27.189999,1012.43,0.0,4.01 22:35:21 11/08/20
32,76.9,27.064999,1012.33,0.0,4.01 22:40:37 11/08/20
34,77.5,26.91,1012.31,0.0,4.01 22:45:52 11/08/20
39,76.4,26.795,1012.27,0.0,4.01 22:51:10 11/08/20
29,78.3,26.7,1012.31,0.0,4.0 22:56:24 11/08/20
30,77.9,26.59,1012.27,0.0,4.0 23:01:43 11/08/20
28,77.3,26.49,1012.3,0.0,4.0 23:06:58 11/08/20
29,77.8,26.455,1012.29,0.0,4.0 23:12:14 11/08/20
26,77.5,26.32,1012.3,0.0,3.96 23:17:30 11/08/20
24,77.9,26.29,1012.33,0.0,4.0 23:22:47 11/08/20
22,76.7,26.2,1012.35,0.0,3.99 23:28:06 11/08/20
21,79.3,26.185001,1012.33,0.0,4.0 23:33:27 11/08/20
20,79.3,26.085,1012.39,0.0,3.99 23:38:47 11/08/20
16,80.2,26.0,1012.35,0.0,3.99 23:44:08 11/08/20
14,79.8,25.965,1012.28,0.0,3.99 23:49:24 11/08/20
13,78.6,25.885,1012.19,0.0,3.99 23:54:40 11/08/20
11,81.3,25.86,1012.18,0.0,3.99 23:59:54 11/08/20
