28,92.1,23.29,1010.6,0.0,3.97 00:01:36 14/08/20
29,91.9,23.21,1010.59,0.0,3.97 00:06:53 14/08/20
28,94.9,23.135,1010.75,0.0,3.97 00:12:08 14/08/20
27,91.2,23.099998,1011.06,0.0,3.97 00:17:24 14/08/20
28,94.3,23.09,1010.9,0.0,3.97 00:22:39 14/08/20
28,92.3,23.07,1010.88,0.0,3.97 00:27:55 14/08/20
26,91.7,22.994999,1010.84,0.0,3.96 00:33:09 14/08/20
29,92.9,22.965,1010.63,0.0,3.96 00:38:29 14/08/20
27,90.8,22.87,1010.61,0.0,3.96 00:43:50 14/08/20
27,93.8,22.8,1010.59,0.0,3.96 00:49:04 14/08/20
27,93.4,22.77,1010.42,0.0,3.96 00:54:20 14/08/20
26,93.3,22.689999,1010.5,0.0,3.96 00:59:35 14/08/20
26,93.2,22.61,1010.38,0.0,3.96 01:04:51 14/08/20
26,92.7,22.575,1010.4,0.0,3.96 01:10:07 14/08/20
25,93.2,22.494999,1010.5,0.0,3.96 01:15:22 14/08/20
25,93.2,22.395,1010.39,0.0,3.96 01:20:37 14/08/20
25,93.5,22.3,1010.45,0.0,3.91 01:25:53 14/08/20
25,94.0,22.26,1010.45,0.0,3.96 01:31:08 14/08/20
25,94.4,22.185001,1010.46,0.0,3.95 01:36:24 14/08/20
22,93.9,22.15,1010.51,0.0,3.95 01:41:36 14/08/20
25,93.2,22.08,1010.66,0.0,3.95 01:46:55 14/08/20
24,94.5,22.07,1010.59,0.0,3.95 01:52:09 14/08/20
24,94.3,21.994999,1010.55,0.0,3.95 01:57:24 14/08/20
26,94.1,21.96,1010.41,0.0,3.95 02:02:43 14/08/20
24,94.0,21.885,1010.43,0.0,3.95 02:08:03 14/08/20
24,94.6,21.86,1010.36,0.0,3.95 02:13:19 14/08/20
24,94.7,21.795,1010.33,0.0,3.95 02:18:34 14/08/20
24,95.1,21.785,1010.33,0.0,3.95 02:23:49 14/08/20
23,94.8,21.71,1010.34,0.0,3.95 02:29:04 14/08/20
22,95.3,21.705,1010.32,0.0,3.94 02:34:18 14/08/20
24,95.1,21.685001,1010.31,0.0,3.94 02:39:36 14/08/20
24,95.6,21.675,1010.23,0.0,3.94 02:44:50 14/08/20
24,95.5,21.599998,1010.25,0.0,3.94 02:50:06 14/08/20
24,95.3,21.52,1010.2,0.0,3.94 02:55:21 14/08/20
24,95.1,21.48,1010.21,0.0,3.94 03:00:36 14/08/20
24,95.4,21.41,1010.22,0.0,3.94 03:05:51 14/08/20
24,96.1,21.400002,1010.2,0.0,3.94 03:11:06 14/08/20
26,95.1,21.385,1010.12,0.0,3.94 03:16:25 14/08/20
25,95.4,21.380001,1010.1,0.0,3.93 03:21:45 14/08/20
25,96.3,21.37,1010.03,0.0,3.93 03:27:01 14/08/20
25,95.8,21.36,1009.96,0.0,3.93 03:32:16 14/08/20
26,96.1,21.305,1009.91,0.0,3.91 03:37:31 14/08/20
26,96.2,21.355,1009.92,0.0,3.93 03:42:47 14/08/20
26,96.1,21.3,1009.94,0.0,3.93 03:48:01 14/08/20
26,96.4,21.355,1009.94,0.0,3.93 03:53:16 14/08/20
28,96.7,21.315,1009.91,0.0,3.93 03:58:35 14/08/20
27,96.8,21.375,1009.91,0.0,3.93 04:03:55 14/08/20
26,97.5,21.37,1009.81,0.0,3.93 04:09:11 14/08/20
27,96.7,21.375,1009.85,0.0,3.92 04:14:26 14/08/20
28,98.3,21.380001,1009.84,0.0,3.93 04:19:41 14/08/20
27,99.6,21.400002,1009.89,0.0,3.93 04:24:56 14/08/20
27,99.9,21.395,1009.83,0.0,3.92 04:30:11 14/08/20
27,98.2,21.39,1009.88,0.0,3.92 04:35:27 14/08/20
28,98.1,21.375,1009.85,0.0,3.92 04:40:42 14/08/20
27,97.8,21.310001,1009.8,0.0,3.92 04:45:57 14/08/20
28,98.3,21.285,1009.83,0.0,3.92 04:51:13 14/08/20
27,98.4,21.265,1009.81,0.0,3.92 04:56:27 14/08/20
29,98.6,21.195,1009.79,0.0,3.92 05:01:46 14/08/20
27,98.6,21.185001,1009.84,0.0,3.92 05:07:06 14/08/20
26,98.8,21.16,1009.89,0.0,3.92 05:12:20 14/08/20
27,98.3,21.085,1009.91,0.0,3.91 05:17:37 14/08/20
27,98.0,21.06,1009.87,0.0,3.91 05:22:52 14/08/20
28,98.9,20.99,1010.01,0.0,3.91 05:28:07 14/08/20
28,97.2,20.97,1009.95,0.0,3.91 05:33:22 14/08/20
28,96.7,20.965,1010.0,0.02,3.91 05:38:38 14/08/20
27,96.0,20.974998,1009.98,0.05,3.87 05:43:52 14/08/20
28,96.4,21.045,1010.02,0.14,3.91 05:49:07 14/08/20
30,96.3,21.05,1010.08,0.32,3.91 05:54:23 14/08/20
32,95.8,21.06,1010.16,0.66,3.91 05:59:38 14/08/20
36,97.1,21.064999,1010.19,1.23,3.91 06:04:53 14/08/20
41,96.2,21.064999,1010.1,1.95,3.91 06:10:08 14/08/20
46,97.7,21.075,1010.15,2.6,3.91 06:15:23 14/08/20
52,99.2,21.09,1010.21,3.08,3.91 06:20:38 14/08/20
59,99.9,21.085,1010.24,3.56,3.91 06:25:53 14/08/20
68,99.9,21.07,1010.23,4.02,3.79 06:31:12 14/08/20
74,99.9,21.06,1010.3,4.04,3.91 06:36:32 14/08/20
83,98.7,20.99,1010.38,4.34,3.91 06:41:47 14/08/20
99,99.6,20.96,1010.46,4.01,3.91 06:47:06 14/08/20
104,99.8,20.900002,1010.47,4.12,3.91 06:52:24 14/08/20
112,98.8,20.87,1010.49,5.0,3.91 06:57:41 14/08/20
119,98.9,20.805,1010.57,4.13,3.91 07:02:56 14/08/20
116,98.9,20.79,1010.55,4.79,3.91 07:08:15 14/08/20
127,98.1,20.775002,1010.52,3.98,3.91 07:13:35 14/08/20
133,99.1,20.765,1010.55,4.46,3.91 07:18:48 14/08/20
135,99.6,20.7,1010.67,5.0,3.9 07:24:05 14/08/20
143,99.0,20.75,1010.63,5.0,3.91 07:29:20 14/08/20
150,98.6,20.76,1010.73,4.1,3.92 07:34:36 14/08/20
160,98.9,20.775002,1010.67,4.75,3.92 07:39:54 14/08/20
160,97.9,20.785,1010.68,5.0,3.92 07:45:14 14/08/20
147,98.5,20.86,1010.71,4.94,3.92 07:50:29 14/08/20
152,98.9,20.87,1010.73,4.08,3.92 07:55:44 14/08/20
147,99.3,20.875,1010.71,4.02,3.87 08:01:00 14/08/20
151,99.3,20.865002,1010.73,5.0,3.93 08:06:15 14/08/20
221,99.9,20.87,1010.62,5.0,3.99 08:11:30 14/08/20
225,99.0,20.880001,1010.72,4.12,4.02 08:16:45 14/08/20
241,99.9,20.985,1010.7,4.38,4.07 08:22:01 14/08/20
244,98.1,21.095001,1010.77,4.21,4.11 08:27:15 14/08/20
249,99.9,21.305,1010.73,4.24,4.15 08:32:30 14/08/20
248,99.9,21.555,1010.68,4.3,4.19 08:37:46 14/08/20
245,99.3,21.85,1010.7,5.0,4.2 08:43:01 14/08/20
236,98.5,22.085,1010.7,5.0,4.2 08:48:17 14/08/20
237,99.0,22.3,1010.65,5.0,4.2 08:53:31 14/08/20
241,98.7,22.505,1010.57,5.0,4.2 08:58:47 14/08/20
271,97.8,22.68,1010.54,5.0,4.21 09:04:00 14/08/20
274,98.5,22.855,1010.55,5.0,4.21 09:09:18 14/08/20
280,98.3,23.045,1010.5,5.0,4.21 09:14:34 14/08/20
286,98.0,23.24,1010.47,5.0,4.21 09:19:48 14/08/20
288,98.1,23.425,1010.48,5.0,4.2 09:25:04 14/08/20
292,98.0,23.545,1010.49,5.0,4.21 09:30:19 14/08/20
297,96.7,23.720001,1010.49,5.0,4.21 09:35:34 14/08/20
298,97.4,23.835,1010.45,5.0,4.21 09:40:51 14/08/20
299,96.1,23.95,1010.46,5.0,4.21 09:46:06 14/08/20
301,95.7,24.035,1010.43,5.0,4.2 09:51:22 14/08/20
302,95.7,24.119999,1010.48,5.0,4.21 09:56:41 14/08/20
301,96.2,24.220001,1010.52,5.0,4.2 10:02:02 14/08/20
308,96.0,24.26,1010.58,5.0,4.2 10:07:17 14/08/20
309,95.5,24.355,1010.7,5.0,4.2 10:12:33 14/08/20
316,95.3,24.445,1010.67,5.0,4.2 10:17:47 14/08/20
319,95.5,24.605,1010.67,5.0,4.2 10:23:08 14/08/20
324,95.1,24.78,1010.71,5.0,4.19 10:28:29 14/08/20
249,95.0,24.915,1010.69,4.33,4.2 10:33:45 14/08/20
330,94.7,25.02,1010.71,5.0,4.21 10:39:00 14/08/20
250,93.9,25.119999,1010.76,4.29,4.19 10:44:16 14/08/20
238,94.3,25.14,1010.81,4.31,4.17 10:49:32 14/08/20
262,94.2,25.14,1010.79,4.34,4.2 10:54:46 14/08/20
266,94.1,25.215,1010.77,5.0,4.2 11:00:08 14/08/20
328,94.0,25.285,1010.72,5.0,4.21 11:05:28 14/08/20
324,93.6,25.4,1010.74,5.0,4.21 11:10:45 14/08/20
271,93.8,25.64,1010.73,5.0,4.21 11:16:01 14/08/20
280,93.3,25.705,1010.78,5.0,4.21 11:21:21 14/08/20
273,92.7,25.8,1010.84,5.0,4.21 11:26:40 14/08/20
258,92.2,25.73,1010.77,4.51,4.19 11:31:56 14/08/20
239,92.3,25.705,1010.84,4.23,4.17 11:37:12 14/08/20
204,91.4,25.605,1010.89,5.0,4.14 11:42:28 14/08/20
187,92.2,25.45,1010.81,4.34,4.14 11:47:44 14/08/20
206,92.2,25.41,1010.91,4.27,4.17 11:52:59 14/08/20
233,92.6,25.39,1010.96,4.3,4.18 11:58:16 14/08/20
250,92.8,25.4,1010.95,4.28,4.18 12:03:32 14/08/20
220,92.3,25.404999,1010.92,5.0,4.15 12:08:48 14/08/20
210,92.6,25.4,1010.94,4.75,4.14 12:14:07 14/08/20
225,92.5,25.33,1011.0,4.25,4.16 12:19:29 14/08/20
260,92.9,25.315,1010.91,5.0,4.21 12:24:44 14/08/20
299,93.0,25.404999,1010.9,5.0,4.21 12:30:00 14/08/20
366,93.4,25.665,1010.87,5.0,4.21 12:35:16 14/08/20
318,93.4,26.04,1010.84,5.0,4.21 12:40:32 14/08/20
294,92.9,26.36,1010.87,5.0,4.21 12:45:46 14/08/20
353,92.6,26.814999,1010.79,5.0,4.21 12:51:04 14/08/20
293,91.4,27.215,1010.94,5.0,4.2 12:56:20 14/08/20
282,91.0,27.34,1011.0,5.0,4.21 13:01:37 14/08/20
271,90.9,27.295,1010.99,4.28,4.19 13:06:52 14/08/20
232,89.7,27.195,1011.02,4.31,4.16 13:12:08 14/08/20
186,88.9,26.985,1010.95,4.3,4.15 13:17:25 14/08/20
191,90.4,26.815,1011.12,4.33,4.17 13:22:41 14/08/20
275,90.6,26.7,1011.07,4.35,4.2 13:27:57 14/08/20
298,89.0,26.55,1010.98,5.0,4.21 13:33:14 14/08/20
321,89.6,26.535,1011.01,5.0,4.21 13:38:27 14/08/20
285,90.7,26.695,1010.99,5.0,4.21 13:43:45 14/08/20
301,90.8,26.82,1010.92,5.0,4.21 13:49:01 14/08/20
317,90.3,26.99,1010.91,5.0,4.21 13:54:21 14/08/20
345,91.2,27.265,1010.92,5.0,4.21 13:59:44 14/08/20
260,90.2,27.555,1010.83,4.31,4.21 14:04:58 14/08/20
221,87.6,27.57,1010.82,5.0,4.17 14:10:15 14/08/20
215,88.4,27.415,1010.9,4.26,4.17 14:15:31 14/08/20
230,88.2,27.285,1010.86,4.53,4.2 14:20:47 14/08/20
212,89.0,27.2,1010.87,4.3,4.16 14:26:07 14/08/20
211,88.1,27.105,1010.85,4.41,4.11 14:31:28 14/08/20
234,88.7,27.0,1010.89,4.31,4.19 14:36:45 14/08/20
299,87.9,26.91,1010.89,5.0,4.2 14:42:01 14/08/20
312,88.4,26.92,1010.86,5.0,4.21 14:47:15 14/08/20
286,88.3,27.02,1010.96,4.32,4.2 14:52:34 14/08/20
285,88.8,27.04,1010.96,5.0,4.21 14:57:49 14/08/20
296,87.8,27.1,1010.98,5.0,4.21 15:03:05 14/08/20
300,88.6,27.18,1010.92,5.0,4.21 15:08:25 14/08/20
303,88.6,27.235,1010.96,5.0,4.21 15:13:46 14/08/20
228,85.9,27.24,1010.76,4.26,4.17 15:19:06 14/08/20
235,86.4,27.315,1010.79,4.4,4.16 15:24:31 14/08/20
245,85.4,27.23,1010.76,5.0,4.17 15:29:53 14/08/20
299,88.1,27.135,1010.89,5.0,4.21 15:35:08 14/08/20
266,89.3,27.064999,1010.82,4.36,4.18 15:40:25 14/08/20
335,89.8,27.115,1010.79,5.0,4.21 15:45:41 14/08/20
260,91.5,27.43,1010.69,5.0,4.21 15:50:58 14/08/20
339,90.7,27.51,1010.61,5.0,4.21 15:56:13 14/08/20
357,90.6,27.69,1010.58,5.0,4.21 16:01:33 14/08/20
331,89.4,27.86,1010.45,5.0,4.2 16:06:58 14/08/20
362,86.5,27.970001,1010.44,5.0,4.21 16:12:19 14/08/20
353,85.1,28.025,1010.33,5.0,4.21 16:17:38 14/08/20
261,86.8,28.185001,1010.29,4.55,4.19 16:22:52 14/08/20
351,82.2,28.125,1010.32,5.0,4.21 16:28:08 14/08/20
356,83.7,28.11,1010.36,5.0,4.21 16:33:25 14/08/20
254,83.8,28.035,1010.33,5.0,4.18 16:38:41 14/08/20
241,83.4,27.945,1010.26,4.28,4.17 16:44:01 14/08/20
212,81.7,27.904999,1010.38,4.22,4.16 16:49:22 14/08/20
256,81.6,27.725,1010.3,4.35,4.18 16:54:39 14/08/20
264,81.7,27.79,1010.33,4.33,4.18 16:59:55 14/08/20
281,80.6,27.785,1010.35,4.35,4.19 17:05:12 14/08/20
250,79.5,27.645,1010.34,4.48,4.13 17:10:28 14/08/20
214,80.3,27.545,1010.4,5.0,4.14 17:15:45 14/08/20
216,79.5,27.465,1010.41,5.0,4.14 17:21:00 14/08/20
258,80.0,27.435,1010.46,5.0,4.16 17:26:15 14/08/20
286,77.9,27.515,1010.44,4.28,4.19 17:31:33 14/08/20
273,79.3,27.619999,1010.47,5.0,4.19 17:36:49 14/08/20
344,80.0,27.69,1010.39,5.0,4.21 17:42:05 14/08/20
339,78.4,27.86,1010.48,5.0,4.21 17:47:22 14/08/20
331,77.4,27.974998,1010.47,5.0,4.21 17:52:39 14/08/20
319,79.5,28.075,1010.45,4.7,4.21 17:57:54 14/08/20
313,78.4,28.154999,1010.45,5.0,4.19 18:03:15 14/08/20
314,76.0,28.18,1010.44,4.28,4.17 18:08:36 14/08/20
312,77.7,28.195,1010.45,5.0,4.19 18:13:52 14/08/20
301,78.7,28.29,1010.44,4.58,4.18 18:19:12 14/08/20
300,77.8,28.36,1010.47,4.79,4.17 18:24:37 14/08/20
302,78.5,28.369999,1010.45,4.28,4.17 18:29:59 14/08/20
300,78.0,28.375,1010.46,5.0,4.17 18:35:16 14/08/20
296,77.5,28.3,1010.42,4.77,4.17 18:40:31 14/08/20
293,76.3,28.225,1010.37,4.26,4.16 18:45:48 14/08/20
288,77.1,28.205,1010.39,5.0,4.14 18:51:04 14/08/20
285,77.6,28.125,1010.35,4.27,4.09 18:56:21 14/08/20
279,77.3,28.085,1010.43,4.18,4.12 19:01:36 14/08/20
270,77.5,27.99,1010.53,5.0,4.13 19:06:52 14/08/20
266,77.9,27.884998,1010.53,5.0,4.14 19:12:10 14/08/20
263,78.2,27.865,1010.6,4.5,4.14 19:17:27 14/08/20
253,78.5,27.79,1010.56,4.25,4.13 19:22:42 14/08/20
243,78.3,27.7,1010.55,4.4,4.13 19:27:59 14/08/20
238,78.8,27.630001,1010.56,4.32,4.14 19:33:16 14/08/20
234,78.3,27.525,1010.59,5.0,4.13 19:38:31 14/08/20
223,78.9,27.43,1010.74,5.0,4.15 19:43:48 14/08/20
219,78.9,27.325,1010.7,5.0,4.15 19:49:04 14/08/20
183,79.0,27.225,1010.77,4.91,4.14 19:54:19 14/08/20
143,79.3,27.115,1010.86,5.0,4.14 19:59:36 14/08/20
140,80.0,27.015,1010.97,4.4,4.15 20:04:51 14/08/20
133,79.6,26.835,1010.98,4.42,4.14 20:10:09 14/08/20
129,79.3,26.735,1011.05,4.23,4.14 20:15:25 14/08/20
121,79.9,26.619999,1011.06,5.0,4.13 20:20:41 14/08/20
113,79.4,26.465,1011.04,4.55,4.12 20:25:57 14/08/20
103,79.4,26.355,1011.05,4.93,4.11 20:31:13 14/08/20
94,79.8,26.244999,1011.07,4.68,4.1 20:36:29 14/08/20
85,79.8,26.135,1011.08,4.39,4.09 20:41:46 14/08/20
76,79.7,26.02,1011.15,4.39,4.08 20:47:02 14/08/20
63,80.3,25.86,1011.19,4.19,4.07 20:52:18 14/08/20
50,80.2,25.744999,1011.27,3.95,4.03 20:57:33 14/08/20
39,80.9,25.635,1011.27,3.5,4.06 21:02:49 14/08/20
29,82.0,25.525,1011.38,2.99,4.06 21:08:05 14/08/20
20,81.6,25.42,1011.48,2.46,4.05 21:13:19 14/08/20
12,81.6,25.27,1011.53,1.68,4.05 21:18:36 14/08/20
6,81.5,25.165,1011.61,0.95,4.04 21:23:52 14/08/20
2,82.4,25.119999,1011.56,0.5,4.04 21:29:08 14/08/20
0,83.4,25.025,1011.71,0.23,4.04 21:34:25 14/08/20
0,85.3,24.885,1011.78,0.1,4.03 21:39:40 14/08/20
0,84.8,24.845001,1011.71,0.04,4.03 21:44:54 14/08/20
0,84.5,24.75,1011.73,0.01,4.03 21:50:12 14/08/20
0,85.3,24.665,1011.83,0.0,4.03 21:55:27 14/08/20
0,85.0,24.625,1011.98,0.0,4.02 22:00:44 14/08/20
0,87.0,24.54,1012.0,0.0,4.02 22:06:03 14/08/20
0,85.7,24.455,1012.05,0.0,4.02 22:11:24 14/08/20
0,86.7,24.365002,1012.22,0.0,4.02 22:16:39 14/08/20
0,87.2,24.275002,1012.37,0.0,4.01 22:21:54 14/08/20
10,89.0,24.25,1012.51,0.0,4.01 22:27:10 14/08/20
16,90.0,24.165,1012.42,0.0,4.01 22:32:28 14/08/20
19,88.9,24.14,1012.51,0.0,4.01 22:37:42 14/08/20
18,90.3,24.055,1012.5,0.0,4.01 22:42:55 14/08/20
22,90.4,23.99,1012.62,0.0,4.0 22:48:17 14/08/20
19,90.0,23.974998,1012.57,0.0,4.0 22:53:36 14/08/20
35,91.0,23.97,1012.62,0.0,4.0 22:58:56 14/08/20
36,90.9,23.96,1012.59,0.0,4.0 23:04:17 14/08/20
30,91.1,23.95,1012.53,0.0,3.95 23:09:32 14/08/20
30,91.3,23.935,1012.45,0.0,4.0 23:14:47 14/08/20
30,92.1,23.880001,1012.46,0.0,4.0 23:20:04 14/08/20
29,92.2,23.865002,1012.41,0.0,3.99 23:25:19 14/08/20
27,93.1,23.85,1012.4,0.0,3.99 23:30:35 14/08/20
26,92.4,23.775002,1012.39,0.0,3.99 23:35:51 14/08/20
24,93.1,23.76,1012.39,0.0,3.99 23:41:05 14/08/20
24,93.0,23.68,1012.52,0.0,3.99 23:46:22 14/08/20
21,93.3,23.66,1012.5,0.0,3.99 23:51:35 14/08/20
23,93.5,23.585,1012.47,0.0,3.98 23:56:53 14/08/20
