26,93.8,23.505,1012.37,0.0,3.98 00:02:08 15/08/20
26,93.5,23.48,1012.37,0.0,3.98 00:07:24 15/08/20
26,94.1,23.400002,1012.35,0.0,3.98 00:12:39 15/08/20
22,93.9,23.375,1012.35,0.0,3.98 00:17:55 15/08/20
23,94.6,23.305,1012.38,0.0,3.98 00:23:14 15/08/20
24,94.0,23.279999,1012.41,0.0,3.97 00:28:38 15/08/20
26,94.8,23.255001,1012.34,0.0,3.97 00:34:02 15/08/20
21,94.3,23.175,1012.38,0.0,3.97 00:39:23 15/08/20
23,95.3,23.105,1012.51,0.0,3.97 00:44:42 15/08/20
22,95.2,23.09,1012.48,0.0,3.97 00:50:02 15/08/20
22,94.7,23.064999,1012.49,0.0,3.97 00:55:18 15/08/20
21,95.2,23.045,1012.51,0.0,3.96 01:00:33 15/08/20
21,94.9,22.974998,1012.63,0.0,3.96 01:05:49 15/08/20
21,96.0,22.96,1012.71,0.0,3.96 01:11:05 15/08/20
20,97.1,22.880001,1012.72,0.0,3.96 01:16:20 15/08/20
20,95.6,22.785,1012.67,0.0,3.92 01:21:36 15/08/20
18,95.7,22.7,1012.61,0.0,3.96 01:26:50 15/08/20
18,95.6,22.654999,1012.63,0.0,3.96 01:32:06 15/08/20
16,95.8,22.56,1012.71,0.0,3.96 01:37:21 15/08/20
18,95.9,22.46,1012.63,0.0,3.96 01:42:40 15/08/20
19,96.0,22.375,1012.63,0.0,3.96 01:48:00 15/08/20
19,96.2,22.29,1012.64,0.0,3.96 01:53:16 15/08/20
18,96.2,22.255001,1012.7,0.0,3.95 01:58:31 15/08/20
18,96.2,22.165,1012.69,0.0,3.96 02:03:46 15/08/20
18,95.9,22.085,1012.65,0.0,3.95 02:09:02 15/08/20
18,98.1,22.055,1012.62,0.0,3.95 02:14:18 15/08/20
17,97.8,21.974998,1012.67,0.0,3.96 02:19:32 15/08/20
18,97.2,21.905,1012.77,0.0,3.95 02:24:48 15/08/20
18,96.8,21.87,1012.74,0.0,3.95 02:30:03 15/08/20
18,96.7,21.85,1012.84,0.0,3.95 02:35:18 15/08/20
18,96.8,21.779999,1012.81,0.0,3.95 02:40:33 15/08/20
19,97.5,21.77,1012.77,0.0,3.95 02:45:49 15/08/20
18,96.5,21.775002,1012.74,0.0,3.95 02:51:04 15/08/20
18,97.8,21.835,1012.68,0.0,3.95 02:56:19 15/08/20
17,97.0,21.845001,1012.68,0.0,3.94 03:01:34 15/08/20
19,97.2,21.86,1012.69,0.0,3.94 03:06:50 15/08/20
19,97.5,21.880001,1012.65,0.0,3.94 03:12:06 15/08/20
18,98.8,21.89,1012.58,0.0,3.94 03:17:20 15/08/20
20,97.3,21.895,1012.59,0.0,3.94 03:22:39 15/08/20
18,97.8,21.955,1012.54,0.0,3.94 03:27:59 15/08/20
18,97.6,21.96,1012.55,0.0,3.89 03:33:18 15/08/20
18,97.8,21.965,1012.5,0.0,3.92 03:38:39 15/08/20
17,98.2,21.965,1012.51,0.0,3.94 03:43:52 15/08/20
19,98.1,21.96,1012.46,0.0,3.94 03:49:12 15/08/20
18,99.0,21.955,1012.44,0.0,3.83 03:54:24 15/08/20
19,98.2,21.89,1012.44,0.0,3.93 03:59:43 15/08/20
17,98.2,21.880001,1012.38,0.0,3.94 04:05:02 15/08/20
20,99.3,21.845001,1012.39,0.0,3.93 04:10:23 15/08/20
17,98.3,21.765,1012.4,0.0,3.93 04:15:42 15/08/20
17,98.5,21.67,1012.36,0.0,3.93 04:20:58 15/08/20
17,98.1,21.56,1012.3,0.0,3.94 04:26:13 15/08/20
16,98.4,21.465,1012.29,0.0,3.93 04:31:29 15/08/20
16,99.0,21.365002,1012.25,0.0,3.93 04:36:43 15/08/20
16,98.5,21.27,1012.28,0.0,3.93 04:41:58 15/08/20
17,98.2,21.17,1012.26,0.0,3.93 04:47:15 15/08/20
16,98.1,21.07,1012.27,0.0,3.93 04:52:29 15/08/20
15,98.5,20.974998,1012.27,0.0,3.93 04:57:44 15/08/20
15,98.4,20.939999,1012.24,0.0,3.93 05:03:00 15/08/20
15,98.3,20.845001,1012.25,0.0,3.92 05:08:15 15/08/20
15,98.2,20.76,1012.2,0.0,3.93 05:13:29 15/08/20
17,98.5,20.67,1012.16,0.0,3.92 05:18:48 15/08/20
15,99.1,20.65,1012.2,0.0,3.92 05:24:08 15/08/20
16,98.9,20.57,1012.2,0.0,3.92 05:29:23 15/08/20
16,98.5,20.485,1012.2,0.0,3.92 05:34:38 15/08/20
16,99.2,20.455,1012.24,0.03,3.92 05:39:53 15/08/20
16,99.0,20.385,1012.3,0.07,3.91 05:45:08 15/08/20
17,99.1,20.35,1012.27,0.19,3.86 05:50:25 15/08/20
18,99.0,20.27,1012.3,0.46,3.92 05:55:37 15/08/20
23,99.6,20.244999,1012.29,0.95,3.91 06:00:58 15/08/20
25,99.9,20.165,1012.33,1.51,3.91 06:06:17 15/08/20
29,99.3,20.095001,1012.43,2.12,3.91 06:11:32 15/08/20
35,98.8,20.07,1012.47,2.72,3.91 06:16:47 15/08/20
42,99.3,20.0,1012.54,3.19,3.91 06:22:01 15/08/20
48,99.4,19.97,1012.54,3.49,3.91 06:27:16 15/08/20
55,99.6,19.97,1012.57,3.84,3.91 06:32:31 15/08/20
62,99.9,19.97,1012.56,4.0,3.91 06:37:46 15/08/20
67,99.9,19.97,1012.59,4.04,3.91 06:43:01 15/08/20
74,99.9,19.985,1012.65,4.22,3.91 06:48:16 15/08/20
85,99.9,20.05,1012.7,4.37,3.9 06:53:35 15/08/20
106,99.9,20.064999,1012.69,4.95,3.91 06:58:55 15/08/20
113,99.9,20.08,1012.74,5.0,3.91 07:04:10 15/08/20
115,99.9,20.165,1012.76,4.82,3.91 07:09:28 15/08/20
120,99.9,20.195,1012.85,4.43,3.91 07:14:48 15/08/20
126,99.9,20.265,1012.88,4.05,3.92 07:20:03 15/08/20
132,99.9,20.345001,1012.94,5.0,3.91 07:25:18 15/08/20
131,98.9,20.365002,1012.94,4.43,3.92 07:30:33 15/08/20
136,99.9,20.380001,1012.98,4.02,3.92 07:35:48 15/08/20
139,99.9,20.45,1012.94,4.41,3.92 07:41:03 15/08/20
162,99.9,20.465,1013.0,5.0,3.93 07:46:16 15/08/20
170,99.9,20.485,1013.02,4.51,3.92 07:51:33 15/08/20
169,99.9,20.555,1012.97,4.61,3.92 07:56:46 15/08/20
169,99.8,20.57,1013.01,5.0,3.89 08:02:04 15/08/20
174,99.7,20.65,1013.04,4.11,3.94 08:07:17 15/08/20
183,99.7,20.675,1013.04,4.12,3.96 08:12:33 15/08/20
201,99.9,20.755001,1013.1,4.04,3.95 08:17:49 15/08/20
192,99.9,20.775002,1013.1,4.94,3.96 08:23:03 15/08/20
193,99.9,20.845001,1013.02,5.0,3.96 08:28:19 15/08/20
194,99.9,20.875,1013.04,4.06,3.96 08:33:34 15/08/20
198,99.9,20.945,1013.1,4.07,3.98 08:38:49 15/08/20
210,99.9,20.974998,1013.13,5.0,3.98 08:44:04 15/08/20
210,99.9,21.055,1013.11,4.88,3.99 08:49:20 15/08/20
217,99.9,21.08,1013.16,4.07,4.01 08:54:34 15/08/20
232,99.9,21.17,1013.15,4.13,4.03 08:59:49 15/08/20
243,99.9,21.275002,1013.2,4.28,4.06 09:05:04 15/08/20
236,99.9,21.37,1013.2,4.26,4.04 09:10:23 15/08/20
223,99.9,21.529999,1013.22,5.0,4.04 09:15:43 15/08/20
224,99.9,21.575,1013.28,4.28,4.05 09:20:58 15/08/20
230,99.9,21.67,1013.29,4.19,4.06 09:26:14 15/08/20
202,99.9,21.75,1013.34,4.12,4.03 09:31:30 15/08/20
200,99.9,21.82,1013.39,4.2,4.07 09:36:44 15/08/20
200,99.9,21.84,1013.33,4.15,4.09 09:41:59 15/08/20
190,99.9,21.86,1013.36,5.0,4.1 09:47:13 15/08/20
195,99.9,21.935,1013.43,4.23,4.11 09:52:31 15/08/20
213,99.9,21.96,1013.49,4.79,4.17 09:57:45 15/08/20
258,99.9,22.06,1013.48,5.0,4.21 10:03:01 15/08/20
264,99.9,22.305,1013.52,5.0,4.21 10:08:16 15/08/20
270,99.9,22.515,1013.57,5.0,4.21 10:13:32 15/08/20
275,99.9,22.720001,1013.5,5.0,4.2 10:18:50 15/08/20
299,99.9,22.91,1013.42,5.0,4.2 10:24:14 15/08/20
302,99.9,23.2,1013.42,5.0,4.2 10:29:36 15/08/20
341,99.9,23.48,1013.37,5.0,4.21 10:34:49 15/08/20
332,99.9,23.71,1013.36,5.0,4.21 10:40:09 15/08/20
333,99.9,23.994999,1013.37,5.0,4.2 10:45:30 15/08/20
342,99.9,24.28,1013.37,5.0,4.21 10:50:45 15/08/20
347,99.9,24.575,1013.38,5.0,4.21 10:56:02 15/08/20
344,99.9,24.795,1013.34,5.0,4.21 11:01:21 15/08/20
341,99.9,25.02,1013.39,5.0,4.2 11:06:41 15/08/20
336,99.8,25.27,1013.4,5.0,4.2 11:11:58 15/08/20
347,99.0,25.455,1013.26,5.0,4.2 11:17:13 15/08/20
347,99.0,25.68,1013.3,5.0,4.21 11:22:29 15/08/20
332,98.6,25.939999,1013.28,5.0,4.21 11:27:45 15/08/20
266,97.4,26.055,1013.29,5.0,4.21 11:33:04 15/08/20
294,97.2,26.060001,1013.28,5.0,4.21 11:38:25 15/08/20
309,96.7,25.994999,1013.22,5.0,4.21 11:43:41 15/08/20
327,96.9,25.99,1013.27,5.0,4.21 11:48:58 15/08/20
286,96.5,26.01,1013.25,5.0,4.21 11:54:14 15/08/20
254,96.6,26.095001,1013.28,4.32,4.21 11:59:30 15/08/20
244,96.3,26.075,1013.22,4.39,4.2 12:04:46 15/08/20
245,96.1,25.99,1013.27,5.0,4.21 12:10:02 15/08/20
248,95.9,25.955,1013.21,4.87,4.21 12:15:18 15/08/20
281,95.8,25.875,1013.19,4.68,4.21 12:20:33 15/08/20
240,93.9,25.595001,1013.04,5.0,4.18 12:25:49 15/08/20
242,95.1,25.575,1013.06,4.27,4.19 12:31:05 15/08/20
242,95.6,25.555,1013.08,4.28,4.19 12:36:19 15/08/20
239,95.7,25.605,1013.02,4.31,4.17 12:41:40 15/08/20
242,95.6,25.675,1013.06,5.0,4.18 12:47:02 15/08/20
245,95.6,25.7,1013.1,4.29,4.18 12:52:18 15/08/20
232,95.6,25.715,1013.09,5.0,4.17 12:57:38 15/08/20
223,94.5,25.73,1013.02,4.38,4.16 13:02:57 15/08/20
233,94.1,25.715,1013.06,4.32,4.17 13:08:13 15/08/20
235,94.2,25.715,1013.02,4.28,4.19 13:13:29 15/08/20
235,95.0,25.775002,1013.05,5.0,4.19 13:18:45 15/08/20
263,94.5,25.8,1013.01,4.69,4.21 13:24:01 15/08/20
306,94.4,25.884998,1013.02,5.0,4.21 13:29:18 15/08/20
270,94.6,25.994999,1012.93,5.0,4.21 13:34:34 15/08/20
290,94.3,26.095001,1012.89,5.0,4.21 13:39:50 15/08/20
353,94.8,26.285,1012.89,5.0,4.21 13:45:06 15/08/20
283,95.5,26.75,1012.83,5.0,4.21 13:50:21 15/08/20
259,94.5,27.119999,1012.83,5.0,4.21 13:55:37 15/08/20
361,94.1,27.314999,1012.8,5.0,4.21 14:00:57 15/08/20
302,93.7,27.69,1012.72,5.0,4.21 14:06:18 15/08/20
244,93.1,27.925,1012.68,4.96,4.21 14:11:35 15/08/20
354,92.6,28.02,1012.63,5.0,4.2 14:16:51 15/08/20
363,92.8,28.295,1012.56,5.0,4.21 14:22:07 15/08/20
367,91.6,28.67,1012.49,5.0,4.21 14:27:24 15/08/20
255,86.2,28.895,1012.51,4.27,4.16 14:32:44 15/08/20
261,90.8,28.849998,1012.48,4.35,4.21 14:38:05 15/08/20
223,89.3,28.745,1012.45,4.27,4.18 14:43:22 15/08/20
253,87.7,28.54,1012.39,4.32,4.2 14:48:36 15/08/20
352,90.5,28.36,1012.34,5.0,4.21 14:53:53 15/08/20
276,86.6,28.445,1012.26,4.39,4.21 14:59:12 15/08/20
288,85.7,28.46,1012.25,5.0,4.21 15:04:27 15/08/20
270,90.1,28.525,1012.27,5.0,4.21 15:09:44 15/08/20
249,85.5,28.555,1012.19,4.29,4.19 15:15:00 15/08/20
237,84.7,28.48,1012.17,4.26,4.18 15:20:17 15/08/20
234,86.2,28.45,1012.13,4.66,4.17 15:25:33 15/08/20
231,88.7,28.375,1012.07,4.28,4.17 15:30:54 15/08/20
229,88.5,28.349998,1012.06,5.0,4.16 15:36:15 15/08/20
201,88.4,28.265,1012.02,4.22,4.16 15:41:32 15/08/20
210,87.9,28.18,1012.03,5.0,4.17 15:46:47 15/08/20
239,86.0,28.150002,1011.98,4.29,4.19 15:52:04 15/08/20
273,86.1,28.165,1011.93,5.0,4.21 15:57:20 15/08/20
319,86.6,28.27,1011.81,5.0,4.2 16:02:37 15/08/20
249,86.6,28.45,1011.79,4.42,4.18 16:07:53 15/08/20
221,84.4,28.465,1011.76,4.43,4.16 16:13:09 15/08/20
184,85.3,28.39,1011.73,5.0,4.14 16:18:26 15/08/20
159,81.5,28.295,1011.69,4.22,4.14 16:23:42 15/08/20
135,82.6,28.19,1011.79,4.81,4.14 16:28:58 15/08/20
103,79.5,27.994999,1012.09,5.0,4.12 16:34:15 15/08/20
135,80.0,27.615,1012.07,5.0,4.08 16:39:31 15/08/20
155,82.9,27.244999,1011.95,4.22,4.15 16:44:48 15/08/20
169,84.8,26.835,1011.98,4.51,4.15 16:50:04 15/08/20
180,84.3,26.51,1012.1,5.0,4.14 16:55:20 15/08/20
201,86.0,26.225,1012.13,5.0,4.14 17:00:36 15/08/20
225,87.4,26.01,1012.18,4.3,4.16 17:05:52 15/08/20
229,89.0,25.9,1012.26,5.0,4.12 17:11:08 15/08/20
255,90.3,25.725,1012.28,4.33,4.17 17:16:24 15/08/20
273,90.5,25.545,1012.23,4.23,4.17 17:21:40 15/08/20
261,90.5,25.425,1012.11,5.0,4.17 17:26:59 15/08/20
218,90.2,25.32,1012.15,4.26,4.17 17:32:19 15/08/20
207,90.3,25.099998,1012.16,5.0,4.17 17:37:36 15/08/20
205,90.5,24.98,1012.06,4.23,4.17 17:42:52 15/08/20
179,90.9,24.945,1012.13,4.26,4.15 17:48:08 15/08/20
177,90.8,24.87,1011.92,4.22,4.12 17:53:23 15/08/20
170,90.5,24.845001,1011.82,4.25,4.12 17:58:38 15/08/20
154,91.0,24.755001,1011.79,4.22,4.14 18:03:55 15/08/20
162,92.2,24.67,1011.8,4.26,4.13 18:09:14 15/08/20
172,92.0,24.575,1011.75,5.0,4.15 18:14:35 15/08/20
174,92.5,24.485,1011.73,4.28,4.14 18:19:54 15/08/20
181,92.7,24.48,1011.75,4.53,4.15 18:25:15 15/08/20
180,93.3,24.54,1011.81,4.26,4.15 18:30:32 15/08/20
178,93.5,24.545,1011.8,4.24,4.13 18:35:46 15/08/20
183,94.2,24.564999,1011.67,4.73,4.15 18:41:02 15/08/20
191,94.1,24.575,1011.69,4.24,4.15 18:46:18 15/08/20
204,93.8,24.575,1011.7,4.36,4.1 18:51:33 15/08/20
209,94.5,24.585,1011.66,5.0,4.14 18:56:49 15/08/20
211,94.3,24.66,1011.71,4.42,4.14 19:02:05 15/08/20
220,94.1,24.67,1011.57,4.24,4.14 19:07:24 15/08/20
216,94.5,24.74,1011.56,4.18,4.12 19:12:45 15/08/20
207,95.0,24.765,1011.57,4.26,4.13 19:18:01 15/08/20
202,95.4,24.79,1011.67,5.0,4.13 19:23:16 15/08/20
227,94.7,24.845001,1011.7,5.0,4.14 19:28:32 15/08/20
217,94.1,24.845001,1011.68,4.22,4.13 19:33:49 15/08/20
212,94.8,24.779999,1011.65,5.0,4.14 19:39:04 15/08/20
208,95.0,24.845001,1011.61,5.0,4.14 19:44:20 15/08/20
201,95.1,24.865002,1011.59,4.25,4.14 19:49:35 15/08/20
177,95.1,24.885,1011.57,4.69,4.13 19:54:50 15/08/20
167,95.7,24.895,1011.53,5.0,4.14 20:00:07 15/08/20
153,95.1,24.900002,1011.54,5.0,4.13 20:05:23 15/08/20
127,94.9,24.885,1011.43,5.0,4.13 20:10:37 15/08/20
112,94.5,24.8,1011.4,4.61,4.13 20:15:54 15/08/20
103,94.5,24.689999,1011.45,5.0,4.12 20:21:10 15/08/20
86,94.9,24.59,1011.39,4.22,4.11 20:26:26 15/08/20
65,94.2,24.48,1011.45,4.37,4.1 20:31:41 15/08/20
49,94.5,24.315,1011.35,3.99,4.09 20:36:58 15/08/20
41,94.9,24.265,1011.29,3.62,4.08 20:42:13 15/08/20
34,95.1,24.099998,1011.27,3.29,4.07 20:47:29 15/08/20
28,95.0,24.055,1011.26,2.98,4.06 20:52:45 15/08/20
22,95.6,23.974998,1011.3,2.64,4.01 20:58:00 15/08/20
17,95.4,23.945,1011.32,2.28,4.06 21:03:15 15/08/20
13,95.7,23.87,1011.42,1.9,4.05 21:08:31 15/08/20
8,96.1,23.85,1011.42,1.47,4.05 21:13:47 15/08/20
4,96.2,23.779999,1011.44,1.04,4.04 21:19:03 15/08/20
2,96.0,23.77,1011.41,0.59,4.04 21:24:18 15/08/20
0,96.7,23.76,1011.48,0.26,4.03 21:29:33 15/08/20
0,96.3,23.75,1011.52,0.11,4.03 21:34:49 15/08/20
0,96.4,23.744999,1011.61,0.04,4.03 21:40:04 15/08/20
0,96.6,23.685001,1011.61,0.01,4.02 21:45:21 15/08/20
0,97.2,23.675,1011.62,0.0,4.02 21:50:35 15/08/20
0,97.2,23.66,1011.68,0.0,4.02 21:55:52 15/08/20
10,97.5,23.645,1011.68,0.0,4.02 22:01:07 15/08/20
14,97.4,23.575,1011.64,0.0,4.01 22:06:22 15/08/20
17,97.4,23.555,1011.68,0.0,4.01 22:11:38 15/08/20
18,97.1,23.55,1011.74,0.0,4.01 22:16:53 15/08/20
19,97.7,23.54,1011.76,0.0,4.01 22:22:09 15/08/20
21,97.9,23.474998,1011.68,0.0,4.0 22:27:24 15/08/20
22,97.5,23.47,1011.64,0.0,4.0 22:32:40 15/08/20
24,97.4,23.45,1011.53,0.0,4.0 22:37:55 15/08/20
25,97.6,23.445,1011.54,0.0,4.0 22:43:11 15/08/20
26,98.0,23.385,1011.51,0.0,4.0 22:48:26 15/08/20
26,98.2,23.435,1011.56,0.0,3.99 22:53:42 15/08/20
27,98.4,23.380001,1011.51,0.0,3.99 22:58:58 15/08/20
28,98.6,23.375,1011.46,0.0,3.99 23:04:14 15/08/20
31,98.5,23.37,1011.44,0.0,3.94 23:09:32 15/08/20
32,98.4,23.355,1011.41,0.0,3.99 23:14:56 15/08/20
34,98.5,23.35,1011.41,0.0,3.99 23:20:20 15/08/20
34,98.5,23.285,1011.43,0.0,3.98 23:25:45 15/08/20
31,99.0,23.27,1011.33,0.0,3.98 23:31:03 15/08/20
32,99.1,23.195,1011.34,0.0,3.98 23:36:20 15/08/20
33,98.2,23.105,1011.36,0.0,3.98 23:41:36 15/08/20
34,98.4,23.07,1011.35,0.0,3.98 23:46:51 15/08/20
37,98.4,22.974998,1011.41,0.0,3.98 23:52:06 15/08/20
36,98.7,22.880001,1011.39,0.0,3.97 23:57:23 15/08/20
