0,59.9,23.375,1009.53,0.0,3.97 00:01:36 22/08/20
0,60.6,23.279999,1009.51,0.0,3.97 00:06:53 22/08/20
0,59.5,23.175,1009.57,0.0,3.97 00:12:11 22/08/20
0,59.8,23.064999,1009.61,0.0,3.97 00:17:32 22/08/20
0,61.1,23.015,1009.64,0.0,3.97 00:22:46 22/08/20
0,60.8,22.855,1009.73,0.0,3.97 00:28:03 22/08/20
0,62.3,22.75,1009.73,0.0,3.96 00:33:18 22/08/20
0,61.8,22.645,1009.67,0.0,3.96 00:38:37 22/08/20
0,62.4,22.535,1009.69,0.0,3.96 00:44:01 22/08/20
0,63.7,22.375,1009.79,0.0,3.96 00:49:25 22/08/20
0,63.9,22.27,1009.82,0.0,3.96 00:54:46 22/08/20
0,64.8,22.154999,1009.88,0.0,3.96 01:00:06 22/08/20
0,63.5,22.06,1010.0,0.0,3.96 01:05:25 22/08/20
0,65.6,21.965,1010.04,0.0,3.96 01:10:40 22/08/20
0,65.0,21.86,1010.11,0.0,3.96 01:15:56 22/08/20
0,64.6,21.755001,1010.24,0.0,3.95 01:21:11 22/08/20
0,68.1,21.675,1010.3,0.0,3.96 01:26:27 22/08/20
0,65.6,21.57,1010.34,0.0,3.96 01:31:41 22/08/20
0,65.0,21.54,1010.41,0.0,3.96 01:36:57 22/08/20
0,66.0,21.45,1010.42,0.0,3.95 01:42:12 22/08/20
0,67.1,21.37,1010.41,0.0,3.95 01:47:27 22/08/20
0,68.6,21.285,1010.43,0.0,3.95 01:52:42 22/08/20
0,68.8,21.185001,1010.38,0.0,3.95 01:58:01 22/08/20
0,68.3,21.15,1010.39,0.0,3.95 02:03:21 22/08/20
0,68.8,21.05,1010.32,0.0,3.95 02:08:37 22/08/20
0,69.3,20.96,1010.4,0.0,3.95 02:13:52 22/08/20
0,68.8,20.87,1010.37,0.0,3.9 02:19:07 22/08/20
0,70.3,20.835,1010.43,0.0,3.95 02:24:22 22/08/20
0,70.8,20.76,1010.46,0.0,3.94 02:29:38 22/08/20
0,71.1,20.675,1010.55,0.0,3.95 02:34:50 22/08/20
0,70.5,20.64,1010.55,0.0,3.94 02:40:07 22/08/20
0,71.1,20.564999,1010.57,0.0,3.94 02:45:22 22/08/20
0,70.9,20.529999,1010.62,0.0,3.94 02:50:38 22/08/20
0,71.4,20.400002,1010.63,0.0,3.94 02:55:56 22/08/20
0,71.2,20.365002,1010.63,0.0,3.94 03:01:14 22/08/20
0,71.5,20.279999,1010.64,0.0,3.94 03:06:31 22/08/20
0,72.1,20.24,1010.73,0.0,3.94 03:11:46 22/08/20
0,73.4,20.17,1010.74,0.0,3.94 03:17:01 22/08/20
0,73.0,20.08,1010.75,0.0,3.94 03:22:16 22/08/20
0,72.6,20.045,1010.74,0.0,3.93 03:27:31 22/08/20
0,73.8,19.955,1010.75,0.0,3.94 03:32:46 22/08/20
0,73.5,19.93,1010.78,0.0,3.93 03:38:01 22/08/20
0,73.3,19.855,1010.8,0.0,3.93 03:43:16 22/08/20
0,73.8,19.845001,1010.96,0.0,3.93 03:48:31 22/08/20
0,75.4,19.84,1011.06,0.0,3.93 03:53:45 22/08/20
0,72.8,19.79,1011.07,0.0,3.93 03:59:01 22/08/20
0,74.8,19.845001,1011.09,0.0,3.93 04:04:16 22/08/20
0,72.1,19.85,1011.09,0.0,3.93 04:09:31 22/08/20
0,73.2,19.865002,1011.03,0.0,3.93 04:14:44 22/08/20
0,74.9,19.875,1011.07,0.0,3.93 04:19:59 22/08/20
0,73.7,19.89,1011.01,0.0,3.88 04:25:20 22/08/20
0,72.1,19.945,1011.08,0.0,3.91 04:30:40 22/08/20
0,73.7,19.945,1011.13,0.0,3.92 04:35:55 22/08/20
0,74.1,19.935,1011.22,0.0,3.92 04:41:08 22/08/20
0,75.4,19.885,1011.23,0.0,3.92 04:46:29 22/08/20
0,72.0,19.93,1011.31,0.0,3.92 04:51:46 22/08/20
0,74.0,19.875,1011.41,0.0,3.92 04:57:03 22/08/20
0,74.4,19.865002,1011.38,0.0,3.92 05:02:18 22/08/20
0,74.5,19.865002,1011.33,0.0,3.92 05:07:33 22/08/20
0,73.5,19.86,1011.4,0.0,3.92 05:12:48 22/08/20
0,73.7,19.86,1011.39,0.0,3.92 05:18:01 22/08/20
0,78.7,19.86,1011.49,0.0,3.92 05:23:19 22/08/20
0,76.1,19.84,1011.51,0.0,3.92 05:28:34 22/08/20
0,76.6,19.785,1011.43,0.0,3.92 05:33:47 22/08/20
0,74.3,19.775002,1011.48,0.0,3.91 05:39:04 22/08/20
0,75.5,19.76,1011.53,0.0,3.91 05:44:23 22/08/20
0,75.4,19.75,1011.4,0.0,3.91 05:49:42 22/08/20
0,74.0,19.685001,1011.61,0.02,3.91 05:54:57 22/08/20
0,73.0,19.665,1011.6,0.05,3.91 06:00:11 22/08/20
0,73.6,19.645,1011.45,0.14,3.91 06:05:26 22/08/20
1,75.9,19.64,1011.57,0.34,3.91 06:10:41 22/08/20
3,73.3,19.630001,1011.73,0.63,3.91 06:15:56 22/08/20
6,75.9,19.575,1011.87,1.2,3.91 06:21:11 22/08/20
10,75.5,19.635,1011.97,1.75,3.91 06:26:26 22/08/20
15,77.1,19.64,1012.19,2.29,3.91 06:31:41 22/08/20
21,76.1,19.65,1012.17,2.79,3.87 06:36:57 22/08/20
30,76.3,19.65,1012.19,3.46,3.91 06:42:12 22/08/20
38,77.7,19.645,1012.29,3.94,3.91 06:47:27 22/08/20
51,75.4,19.635,1012.33,4.3,3.91 06:52:39 22/08/20
67,77.3,19.575,1012.36,4.76,3.91 06:57:56 22/08/20
71,75.2,19.56,1012.37,4.79,3.91 07:03:11 22/08/20
69,75.8,19.54,1012.4,4.87,3.91 07:08:26 22/08/20
69,75.6,19.474998,1012.41,5.0,3.91 07:13:41 22/08/20
73,76.4,19.439999,1012.55,5.0,3.91 07:18:56 22/08/20
81,77.1,19.37,1012.62,4.82,3.91 07:24:11 22/08/20
78,75.5,19.335,1012.74,3.99,3.92 07:29:26 22/08/20
85,77.2,19.265,1012.84,4.9,3.91 07:34:39 22/08/20
74,75.8,19.24,1012.87,4.45,3.91 07:40:03 22/08/20
81,76.9,19.235,1012.89,4.0,3.91 07:45:19 22/08/20
83,76.8,19.16,1012.88,4.94,3.91 07:50:38 22/08/20
91,77.6,19.145,1012.9,5.0,3.91 07:56:00 22/08/20
135,77.4,19.135,1012.88,4.38,3.94 08:01:12 22/08/20
183,77.2,19.145,1012.84,4.11,3.99 08:06:27 22/08/20
198,77.9,19.165,1012.92,4.48,4.02 08:11:42 22/08/20
212,78.5,19.26,1012.97,4.16,4.05 08:16:57 22/08/20
184,78.2,19.365002,1012.99,4.23,4.01 08:22:11 22/08/20
215,78.9,19.47,1013.03,4.7,4.07 08:27:26 22/08/20
201,81.5,19.65,1012.99,4.17,4.08 08:32:41 22/08/20
174,80.6,19.77,1013.05,5.0,4.08 08:38:00 22/08/20
222,80.8,19.880001,1013.06,4.3,4.18 08:43:21 22/08/20
243,80.3,20.09,1013.0,5.0,4.2 08:48:35 22/08/20
249,81.0,20.305,1013.02,5.0,4.2 08:53:50 22/08/20
252,81.3,20.415,1013.05,5.0,4.2 08:59:05 22/08/20
256,80.1,20.535,1012.99,5.0,4.21 09:04:18 22/08/20
259,80.0,20.675,1012.91,5.0,4.21 09:09:36 22/08/20
263,81.1,20.765,1012.95,5.0,4.21 09:14:50 22/08/20
267,80.8,20.865002,1013.0,5.0,4.21 09:20:04 22/08/20
270,80.7,20.96,1013.05,5.0,4.2 09:25:21 22/08/20
273,81.1,21.055,1013.06,5.0,4.21 09:30:36 22/08/20
276,80.5,21.165,1013.07,5.0,4.21 09:35:51 22/08/20
279,80.2,21.26,1013.08,5.0,4.21 09:41:07 22/08/20
282,79.4,21.43,1013.11,5.0,4.21 09:46:25 22/08/20
286,79.5,21.619999,1013.19,5.0,4.21 09:51:55 22/08/20
287,79.7,21.665,1013.19,5.0,4.21 09:57:09 22/08/20
292,80.4,21.76,1013.13,5.0,4.21 10:02:22 22/08/20
295,79.3,21.855,1013.12,5.0,4.21 10:07:40 22/08/20
298,78.6,21.95,1013.1,5.0,4.21 10:12:56 22/08/20
301,78.6,21.965,1013.12,5.0,4.21 10:18:11 22/08/20
302,79.0,22.135,1013.16,5.0,4.21 10:23:25 22/08/20
288,77.6,22.244999,1013.22,5.0,4.21 10:28:41 22/08/20
266,77.1,22.275002,1013.2,5.0,4.13 10:33:56 22/08/20
194,76.4,22.265,1013.29,4.4,4.17 10:39:16 22/08/20
320,77.0,22.255001,1013.22,5.0,4.21 10:44:41 22/08/20
319,76.7,22.42,1013.27,5.0,4.21 10:50:03 22/08/20
325,77.1,22.595001,1013.32,5.0,4.13 10:55:24 22/08/20
202,76.2,22.79,1013.32,5.0,4.17 11:00:40 22/08/20
332,74.5,22.810001,1013.36,5.0,4.2 11:05:58 22/08/20
234,75.0,22.98,1013.38,4.38,4.18 11:11:19 22/08/20
249,73.1,23.02,1013.41,4.35,4.2 11:16:35 22/08/20
340,71.6,23.17,1013.36,5.0,4.21 11:21:50 22/08/20
341,73.6,23.365,1013.35,5.0,4.21 11:27:06 22/08/20
337,71.6,23.654999,1013.38,5.0,4.21 11:32:21 22/08/20
337,71.1,23.775002,1013.26,5.0,4.21 11:37:40 22/08/20
336,68.7,23.82,1013.22,5.0,4.21 11:43:00 22/08/20
295,69.1,23.95,1013.2,5.0,4.21 11:48:17 22/08/20
218,68.2,23.805,1013.19,4.27,4.18 11:53:32 22/08/20
275,69.3,23.654999,1013.2,5.0,4.21 11:58:51 22/08/20
307,71.2,23.78,1013.21,5.0,4.21 12:04:15 22/08/20
263,69.7,23.96,1013.2,5.0,4.21 12:09:36 22/08/20
257,67.7,23.98,1013.21,5.0,4.21 12:14:52 22/08/20
354,67.7,23.93,1013.15,5.0,4.21 12:20:07 22/08/20
211,67.4,24.064999,1013.34,4.24,4.18 12:25:23 22/08/20
352,67.8,23.93,1013.13,5.0,4.21 12:30:40 22/08/20
231,69.1,23.985,1013.1,4.37,4.18 12:35:54 22/08/20
349,69.1,24.085,1013.15,5.0,4.21 12:41:11 22/08/20
222,69.8,24.295,1013.27,4.26,4.18 12:46:29 22/08/20
259,67.5,24.29,1013.24,5.0,4.21 12:51:50 22/08/20
358,67.1,24.36,1013.15,5.0,4.21 12:57:09 22/08/20
278,66.7,24.555,1013.15,5.0,4.21 13:02:30 22/08/20
254,63.9,24.75,1013.14,5.0,4.13 13:07:46 22/08/20
268,64.3,24.7,1013.25,5.0,4.21 13:13:02 22/08/20
265,65.2,24.635,1013.27,4.55,4.21 13:18:28 22/08/20
192,63.8,24.465,1013.22,4.27,4.17 13:23:42 22/08/20
256,63.2,24.244999,1013.2,5.0,4.21 13:29:01 22/08/20
248,63.9,24.23,1013.2,4.26,4.17 13:34:22 22/08/20
349,66.1,24.384998,1013.18,5.0,4.21 13:39:41 22/08/20
281,67.0,24.725,1013.11,5.0,4.21 13:45:02 22/08/20
357,63.4,24.95,1013.11,5.0,4.21 13:50:18 22/08/20
292,63.6,24.91,1013.24,5.0,4.21 13:55:38 22/08/20
255,62.3,25.07,1013.16,4.83,4.21 14:01:00 22/08/20
252,62.8,25.145,1013.14,4.87,4.21 14:06:14 22/08/20
274,62.0,25.015,1013.1,5.0,4.21 14:11:30 22/08/20
291,62.7,24.994999,1013.07,5.0,4.21 14:16:44 22/08/20
266,61.7,25.005001,1012.95,5.0,4.21 14:22:02 22/08/20
364,61.6,25.01,1013.05,5.0,4.13 14:27:17 22/08/20
311,61.1,25.325,1013.19,5.0,4.21 14:32:37 22/08/20
347,61.2,25.51,1013.17,5.0,4.21 14:37:56 22/08/20
346,61.4,25.805,1013.01,5.0,4.21 14:43:12 22/08/20
346,59.2,26.09,1012.97,5.0,4.21 14:48:30 22/08/20
272,58.5,26.23,1012.92,5.0,4.21 14:53:48 22/08/20
350,59.1,26.4,1012.89,5.0,4.13 14:59:03 22/08/20
260,55.9,26.605,1012.91,4.58,4.2 15:04:19 22/08/20
277,60.1,26.79,1012.85,5.0,4.21 15:09:34 22/08/20
226,58.5,26.814999,1012.81,5.0,4.18 15:14:50 22/08/20
222,57.5,26.52,1012.83,4.35,4.17 15:20:13 22/08/20
162,55.6,26.130001,1012.83,4.49,4.15 15:25:34 22/08/20
140,55.7,25.815,1012.93,5.0,4.15 15:30:45 22/08/20
148,56.7,25.435,1013.01,5.0,4.15 15:36:01 22/08/20
151,58.4,24.880001,1013.49,4.23,4.14 15:41:21 22/08/20
165,69.0,24.185,1014.28,4.77,4.14 15:46:33 22/08/20
173,71.6,23.53,1014.33,5.0,4.12 15:51:51 22/08/20
225,71.4,23.07,1014.21,4.33,4.17 15:57:06 22/08/20
232,74.1,22.575,1014.04,4.3,4.17 16:02:22 22/08/20
218,74.7,22.435001,1013.98,4.34,4.15 16:07:35 22/08/20
200,72.8,22.21,1013.97,4.66,4.14 16:12:53 22/08/20
246,76.3,22.005,1013.85,5.0,4.17 16:18:08 22/08/20
260,75.9,21.974998,1013.82,4.38,4.18 16:23:23 22/08/20
264,77.6,21.97,1013.79,4.37,4.19 16:28:40 22/08/20
242,75.3,21.994999,1013.82,4.34,4.19 16:33:54 22/08/20
249,77.2,22.135,1013.76,5.0,4.21 16:39:09 22/08/20
265,81.5,22.189999,1013.86,5.0,4.21 16:44:25 22/08/20
280,81.2,22.474998,1013.84,5.0,4.21 16:49:41 22/08/20
277,77.7,22.83,1013.65,5.0,4.21 16:54:55 22/08/20
259,78.6,23.0,1013.61,4.74,4.2 17:00:12 22/08/20
250,77.6,23.165,1013.52,5.0,4.12 17:05:27 22/08/20
333,77.4,23.189999,1013.55,5.0,4.12 17:10:43 22/08/20
281,75.9,23.365002,1013.58,4.45,4.21 17:16:01 22/08/20
268,76.2,23.555,1013.59,5.0,4.13 17:21:22 22/08/20
241,75.0,23.685001,1013.61,4.29,4.18 17:26:37 22/08/20
308,73.7,23.7,1013.53,5.0,4.13 17:31:54 22/08/20
275,74.1,23.8,1013.6,5.0,4.13 17:37:09 22/08/20
277,72.7,23.885,1013.61,5.0,4.13 17:42:24 22/08/20
280,72.7,23.955,1013.57,4.81,4.2 17:47:40 22/08/20
224,72.1,24.029999,1013.53,4.45,4.16 17:52:55 22/08/20
193,71.4,23.965,1013.5,4.26,4.15 17:58:11 22/08/20
184,71.3,23.8,1013.54,4.59,4.14 18:03:30 22/08/20
194,71.1,23.7,1013.43,5.0,4.15 18:08:43 22/08/20
191,70.9,23.61,1013.37,5.0,4.14 18:13:56 22/08/20
225,71.3,23.59,1013.47,4.22,4.16 18:19:14 22/08/20
195,71.1,23.59,1013.41,5.0,4.15 18:24:30 22/08/20
193,71.2,23.575,1013.34,5.0,4.15 18:29:46 22/08/20
198,71.2,23.5,1013.27,4.27,4.15 18:35:01 22/08/20
171,70.9,23.485,1013.31,4.23,4.13 18:40:17 22/08/20
151,70.8,23.46,1013.21,4.22,4.14 18:45:32 22/08/20
180,71.1,23.385,1013.26,4.44,4.16 18:50:48 22/08/20
188,71.7,23.36,1013.17,4.35,4.15 18:56:04 22/08/20
171,71.6,23.35,1013.14,4.22,4.15 19:01:17 22/08/20
139,71.4,23.285,1013.23,5.0,4.14 19:06:32 22/08/20
166,70.9,23.255001,1013.2,5.0,4.13 19:11:50 22/08/20
162,70.9,23.24,1013.09,4.38,4.14 19:17:05 22/08/20
152,71.1,23.17,1013.15,5.0,4.13 19:22:19 22/08/20
127,70.6,23.085,1013.13,4.96,4.13 19:27:35 22/08/20
113,70.9,23.06,1013.22,4.24,4.13 19:32:52 22/08/20
119,70.3,22.98,1013.23,4.52,4.14 19:38:07 22/08/20
102,70.4,22.900002,1013.23,4.4,4.13 19:43:23 22/08/20
66,70.4,22.865002,1013.19,4.79,4.11 19:48:38 22/08/20
75,66.8,22.599998,1013.21,4.32,4.11 19:53:52 22/08/20
81,67.7,22.405,1013.12,4.43,4.06 19:59:09 22/08/20
94,67.1,22.185001,1013.11,4.26,4.1 20:04:25 22/08/20
92,67.1,22.105,1013.31,5.0,4.09 20:09:41 22/08/20
84,67.0,22.064999,1013.22,4.89,4.09 20:14:54 22/08/20
75,67.1,21.98,1013.32,4.81,4.08 20:20:11 22/08/20
66,67.2,21.89,1013.37,4.44,4.07 20:25:25 22/08/20
59,68.0,21.805,1013.39,4.27,4.07 20:30:39 22/08/20
50,68.1,21.715,1013.45,4.15,4.06 20:35:58 22/08/20
42,68.3,21.7,1013.5,4.17,4.06 20:41:10 22/08/20
28,69.2,21.665,1013.56,3.43,4.05 20:46:27 22/08/20
22,69.4,21.64,1013.65,3.31,4.04 20:51:42 22/08/20
15,69.0,21.555,1013.58,2.76,4.04 20:56:56 22/08/20
6,68.5,21.45,1013.72,1.62,4.04 21:02:13 22/08/20
4,68.3,21.355,1013.74,1.03,4.03 21:07:28 22/08/20
1,68.3,21.27,1013.73,0.53,4.03 21:12:43 22/08/20
0,68.7,21.17,1013.76,0.22,4.03 21:17:59 22/08/20
0,69.2,21.06,1013.87,0.08,4.03 21:23:12 22/08/20
0,69.2,21.005,1013.98,0.03,4.02 21:28:28 22/08/20
0,69.5,20.99,1014.02,0.01,4.02 21:33:44 22/08/20
0,69.5,20.965,1014.06,0.0,4.02 21:38:59 22/08/20
0,69.9,20.939999,1014.01,0.0,4.01 21:44:15 22/08/20
0,69.8,20.87,1014.06,0.0,4.01 21:49:30 22/08/20
0,70.0,20.79,1014.13,0.0,4.01 21:54:43 22/08/20
0,70.1,20.75,1014.13,0.0,4.0 22:00:00 22/08/20
0,69.7,20.735,1014.15,0.0,4.01 22:05:16 22/08/20
0,69.9,20.509998,1014.16,0.0,4.0 22:10:34 22/08/20
0,69.5,20.48,1014.16,0.0,4.0 22:15:52 22/08/20
0,69.6,20.375,1014.1,0.0,4.0 22:21:09 22/08/20
0,69.5,20.29,1014.09,0.0,4.0 22:26:22 22/08/20
0,69.4,20.26,1014.11,0.0,3.99 22:31:42 22/08/20
0,69.7,20.18,1014.11,0.0,3.99 22:37:02 22/08/20
0,69.6,20.154999,1014.12,0.0,3.99 22:42:19 22/08/20
0,69.3,20.08,1014.08,0.0,3.99 22:47:33 22/08/20
0,69.3,20.055,1014.07,0.0,3.99 22:52:48 22/08/20
0,69.7,19.965,1014.07,0.0,3.99 22:58:01 22/08/20
0,69.6,19.935,1014.07,0.0,3.98 23:03:20 22/08/20
0,69.6,19.85,1013.96,0.0,3.98 23:08:33 22/08/20
0,69.4,19.765,1013.98,0.0,3.98 23:13:51 22/08/20
0,69.4,19.665,1013.97,0.0,3.98 23:19:10 22/08/20
0,70.7,19.555,1013.94,0.0,3.98 23:24:25 22/08/20
0,71.0,19.529999,1013.88,0.0,3.98 23:29:42 22/08/20
0,70.3,19.46,1013.91,0.0,3.97 23:35:00 22/08/20
0,70.7,19.439999,1013.85,0.0,3.97 23:40:18 22/08/20
0,71.4,19.365002,1013.84,0.0,3.97 23:45:32 22/08/20
0,70.6,19.279999,1013.79,0.0,3.97 23:50:48 22/08/20
0,70.5,19.235,1013.86,0.0,3.97 23:56:04 22/08/20
