0,89.2,18.744999,1015.21,0.0,3.97 00:04:18 24/08/20
0,88.9,18.64,1015.16,0.0,3.93 00:09:36 24/08/20
0,88.7,18.55,1015.21,0.0,3.97 00:14:48 24/08/20
0,89.3,18.445,1015.14,0.0,3.97 00:20:04 24/08/20
0,89.4,18.355,1015.07,0.0,3.96 00:25:19 24/08/20
0,89.3,18.255001,1015.04,0.0,3.96 00:30:32 24/08/20
0,90.4,18.154999,1014.99,0.0,3.96 00:35:52 24/08/20
0,88.6,18.06,1015.0,0.0,3.96 00:41:12 24/08/20
0,88.9,17.98,1015.01,0.0,3.96 00:46:26 24/08/20
0,88.9,17.885,1014.96,0.0,3.96 00:51:41 24/08/20
0,90.2,17.855,1014.95,0.0,3.96 00:56:56 24/08/20
0,90.4,17.765,1014.94,0.0,3.96 01:02:09 24/08/20
0,90.2,17.744999,1014.8,0.0,3.96 01:07:26 24/08/20
0,90.8,17.689999,1014.85,0.0,3.96 01:12:40 24/08/20
0,90.2,17.675,1014.97,0.0,3.95 01:17:54 24/08/20
0,89.9,17.66,1014.93,0.0,3.95 01:23:09 24/08/20
0,90.6,17.654999,1014.84,0.0,3.95 01:28:23 24/08/20
0,90.6,17.605,1014.8,0.0,3.95 01:33:38 24/08/20
0,90.5,17.645,1014.84,0.0,3.95 01:38:53 24/08/20
0,90.4,17.575,1014.81,0.0,3.95 01:44:07 24/08/20
0,90.7,17.515,1014.83,0.0,3.95 01:49:22 24/08/20
0,90.3,17.555,1014.82,0.0,3.95 01:54:36 24/08/20
0,90.1,17.485,1014.74,0.0,3.94 01:59:51 24/08/20
0,90.2,17.465,1014.68,0.0,3.94 02:05:10 24/08/20
0,90.1,17.445,1014.75,0.0,3.94 02:10:29 24/08/20
0,90.2,17.375,1014.81,0.0,3.9 02:15:44 24/08/20
0,90.9,17.36,1014.7,0.0,3.95 02:20:57 24/08/20
0,91.0,17.3,1014.65,0.0,3.94 02:26:12 24/08/20
0,90.6,17.295,1014.59,0.0,3.94 02:31:28 24/08/20
0,91.2,17.220001,1014.53,0.0,3.94 02:36:42 24/08/20
0,91.5,17.185001,1014.46,0.0,3.94 02:41:54 24/08/20
0,91.1,17.085,1014.42,0.0,3.94 02:47:11 24/08/20
0,91.6,16.994999,1014.38,0.0,3.94 02:52:25 24/08/20
0,91.2,16.96,1014.31,0.0,3.94 02:57:44 24/08/20
0,90.9,16.935,1014.26,0.0,3.94 03:03:01 24/08/20
0,91.2,16.845001,1014.27,0.0,3.94 03:08:15 24/08/20
0,90.9,16.775002,1014.19,0.0,3.93 03:13:32 24/08/20
0,91.2,16.744999,1014.16,0.0,3.93 03:18:44 24/08/20
0,91.1,16.665,1014.14,0.0,3.93 03:24:01 24/08/20
0,92.3,16.65,1014.12,0.0,3.93 03:29:16 24/08/20
0,91.8,16.645,1014.04,0.0,3.93 03:34:29 24/08/20
0,91.6,16.645,1014.11,0.0,3.93 03:39:45 24/08/20
0,92.3,16.645,1014.07,0.0,3.93 03:44:59 24/08/20
0,92.7,16.66,1014.07,0.0,3.93 03:50:13 24/08/20
0,92.7,16.665,1014.02,0.0,3.92 03:55:27 24/08/20
0,92.8,16.675,1013.96,0.0,3.93 04:00:42 24/08/20
0,93.3,16.685001,1013.95,0.0,3.92 04:05:56 24/08/20
0,93.2,16.75,1013.93,0.0,3.92 04:11:11 24/08/20
0,93.0,16.76,1013.88,0.0,3.87 04:16:26 24/08/20
0,92.8,16.765,1013.85,0.0,3.92 04:21:40 24/08/20
0,92.8,16.77,1013.78,0.0,3.92 04:26:54 24/08/20
0,92.4,16.775002,1013.77,0.0,3.92 04:32:07 24/08/20
0,92.9,16.775002,1013.74,0.0,3.92 04:37:21 24/08/20
0,92.8,16.775002,1013.81,0.0,3.92 04:42:38 24/08/20
0,93.2,16.785,1013.82,0.0,3.92 04:47:53 24/08/20
0,93.7,16.835,1013.79,0.0,3.92 04:53:07 24/08/20
0,93.6,16.845001,1013.77,0.0,3.92 04:58:21 24/08/20
0,93.3,16.795,1013.83,0.0,3.92 05:03:36 24/08/20
0,93.0,16.775002,1013.75,0.0,3.91 05:08:51 24/08/20
0,93.1,16.775002,1013.76,0.0,3.92 05:14:04 24/08/20
0,93.6,16.765,1013.72,0.0,3.91 05:19:20 24/08/20
0,93.7,16.77,1013.74,0.0,3.91 05:24:35 24/08/20
0,93.1,16.77,1013.68,0.0,3.91 05:29:47 24/08/20
0,93.3,16.755001,1013.63,0.0,3.91 05:35:03 24/08/20
0,93.1,16.755001,1013.65,0.0,3.91 05:40:18 24/08/20
0,94.1,16.765,1013.62,0.0,3.91 05:45:32 24/08/20
0,94.3,16.755001,1013.59,0.0,3.91 05:50:46 24/08/20
0,93.6,16.755001,1013.56,0.01,3.91 05:56:00 24/08/20
0,93.9,16.75,1013.48,0.05,3.91 06:01:15 24/08/20
0,93.8,16.74,1013.54,0.15,3.91 06:06:28 24/08/20
0,93.8,16.665,1013.53,0.37,3.91 06:11:42 24/08/20
2,93.9,16.654999,1013.58,0.73,3.91 06:16:56 24/08/20
5,94.5,16.585,1013.56,1.31,3.91 06:22:13 24/08/20
9,94.1,16.564999,1013.6,1.89,3.91 06:27:25 24/08/20
16,94.6,16.555,1013.61,2.57,3.9 06:32:42 24/08/20
21,94.6,16.545,1013.65,2.92,3.91 06:37:57 24/08/20
27,95.0,16.49,1013.59,3.33,3.91 06:43:14 24/08/20
41,94.6,16.54,1013.57,4.04,3.91 06:48:35 24/08/20
55,94.2,16.48,1013.52,4.45,3.91 06:53:48 24/08/20
70,94.9,16.475,1013.59,4.56,3.91 06:59:02 24/08/20
85,94.8,16.465,1013.6,5.0,3.91 07:04:17 24/08/20
91,94.1,16.45,1013.58,5.0,3.91 07:09:31 24/08/20
99,94.1,16.44,1013.65,5.0,3.91 07:14:44 24/08/20
107,94.3,16.38,1013.73,5.0,3.92 07:20:00 24/08/20
113,94.1,16.38,1013.72,5.0,3.92 07:25:18 24/08/20
129,95.2,16.385,1013.81,4.74,3.92 07:30:38 24/08/20
127,94.5,16.375,1013.83,4.52,3.92 07:35:52 24/08/20
127,94.8,16.38,1013.9,4.08,3.93 07:41:06 24/08/20
129,95.0,16.385,1013.91,3.99,3.93 07:46:21 24/08/20
135,95.2,16.445,1013.95,4.76,3.93 07:51:33 24/08/20
146,94.7,16.39,1013.85,5.0,3.94 07:56:49 24/08/20
151,95.4,16.4,1013.92,4.02,3.94 08:02:04 24/08/20
154,94.7,16.460001,1013.9,4.0,3.95 08:07:18 24/08/20
145,95.1,16.47,1013.89,4.61,3.94 08:12:33 24/08/20
168,95.3,16.49,1013.98,4.11,3.94 08:17:47 24/08/20
178,95.2,16.505,1014.0,4.37,3.92 08:23:02 24/08/20
158,95.7,16.57,1013.99,5.0,3.96 08:28:17 24/08/20
166,95.4,16.58,1014.06,5.0,3.96 08:33:30 24/08/20
183,95.0,16.605,1014.04,5.0,3.97 08:38:46 24/08/20
191,95.3,16.675,1014.07,5.0,3.99 08:43:59 24/08/20
194,94.9,16.689999,1014.04,4.27,4.0 08:49:14 24/08/20
197,94.9,16.715,1014.1,4.12,4.01 08:54:28 24/08/20
204,94.9,16.785,1014.05,4.37,4.02 08:59:43 24/08/20
209,95.3,16.875,1014.05,4.93,4.04 09:04:57 24/08/20
217,94.7,16.900002,1014.03,4.15,4.05 09:10:13 24/08/20
223,95.2,16.974998,1014.12,4.57,4.09 09:15:26 24/08/20
239,94.9,17.055,1014.14,4.26,4.15 09:20:41 24/08/20
224,94.9,17.154999,1014.17,4.2,4.14 09:25:55 24/08/20
211,94.6,17.2,1014.23,4.26,4.17 09:31:10 24/08/20
228,94.7,17.279999,1014.28,5.0,4.21 09:36:24 24/08/20
258,94.7,17.39,1014.27,5.0,4.21 09:41:40 24/08/20
226,94.8,17.509998,1014.29,5.0,4.21 09:46:55 24/08/20
223,94.5,17.67,1014.29,5.0,4.21 09:52:08 24/08/20
217,94.5,17.765,1014.36,5.0,4.21 09:57:21 24/08/20
232,94.0,17.775002,1014.37,5.0,4.21 10:02:39 24/08/20
285,94.2,17.865002,1014.36,5.0,4.21 10:07:52 24/08/20
305,94.4,17.98,1014.37,5.0,4.2 10:13:07 24/08/20
301,94.2,18.235,1014.42,5.0,4.21 10:18:22 24/08/20
311,93.7,18.36,1014.4,5.0,4.21 10:23:36 24/08/20
283,93.4,18.545,1014.44,5.0,4.21 10:28:51 24/08/20
312,92.6,18.67,1014.39,5.0,4.21 10:34:04 24/08/20
301,93.1,18.855,1014.47,5.0,4.21 10:39:24 24/08/20
292,91.6,19.035,1014.45,5.0,4.21 10:44:44 24/08/20
287,91.8,19.145,1014.38,5.0,4.21 10:49:57 24/08/20
286,92.3,19.23,1014.34,5.0,4.21 10:55:17 24/08/20
271,91.4,19.34,1014.33,5.0,4.21 11:00:37 24/08/20
323,91.9,19.494999,1014.37,5.0,4.21 11:05:52 24/08/20
308,90.8,19.67,1014.32,5.0,4.21 11:11:05 24/08/20
236,90.1,19.69,1014.4,5.0,4.19 11:16:22 24/08/20
289,90.9,19.695,1014.31,5.0,4.21 11:21:40 24/08/20
259,89.5,19.869999,1014.47,4.39,4.21 11:27:01 24/08/20
267,88.7,19.835,1014.5,5.0,4.21 11:32:18 24/08/20
314,87.7,19.825,1014.51,5.0,4.21 11:37:31 24/08/20
275,89.7,19.895,1014.5,5.0,4.21 11:42:46 24/08/20
349,89.2,19.994999,1014.51,5.0,4.21 11:47:59 24/08/20
266,87.8,20.175,1014.52,5.0,4.21 11:53:15 24/08/20
310,87.2,20.205,1014.53,5.0,4.21 11:58:31 24/08/20
258,89.4,20.355,1014.5,5.0,4.21 12:03:44 24/08/20
249,87.6,20.39,1014.56,4.73,4.21 12:09:01 24/08/20
263,85.1,20.369999,1014.43,5.0,4.21 12:14:16 24/08/20
193,86.8,20.32,1014.39,4.33,4.16 12:19:34 24/08/20
205,85.2,20.220001,1014.31,5.0,4.16 12:24:54 24/08/20
282,82.2,20.095001,1014.33,5.0,4.21 12:30:13 24/08/20
291,86.4,20.115,1014.29,4.56,4.21 12:35:32 24/08/20
294,85.5,20.27,1014.2,5.0,4.21 12:40:47 24/08/20
253,84.2,20.33,1014.18,4.31,4.19 12:46:01 24/08/20
325,84.0,20.35,1014.18,5.0,4.21 12:51:16 24/08/20
293,84.4,20.555,1014.07,5.0,4.21 12:56:31 24/08/20
340,81.2,20.835,1014.01,5.0,4.21 13:01:49 24/08/20
214,78.6,21.04,1014.18,4.27,4.18 13:07:03 24/08/20
332,79.6,21.060001,1014.13,5.0,4.21 13:12:16 24/08/20
348,75.5,21.075,1014.16,5.0,4.21 13:17:33 24/08/20
257,75.1,21.150002,1014.06,5.0,4.21 13:22:49 24/08/20
263,78.5,21.175,1014.1,4.72,4.21 13:28:01 24/08/20
351,78.4,21.25,1014.06,5.0,4.21 13:33:17 24/08/20
241,75.2,21.345,1013.96,4.25,4.19 13:38:38 24/08/20
257,72.3,21.345,1014.0,5.0,4.21 13:43:56 24/08/20
306,73.6,21.21,1014.01,5.0,4.21 13:49:12 24/08/20
278,74.8,21.43,1013.9,5.0,4.21 13:54:26 24/08/20
312,71.2,21.615,1013.92,5.0,4.21 13:59:46 24/08/20
259,77.5,21.75,1014.03,4.78,4.21 14:04:58 24/08/20
283,72.0,21.835,1014.01,5.0,4.21 14:10:17 24/08/20
265,71.1,21.915,1014.03,5.0,4.21 14:15:36 24/08/20
286,73.7,21.925,1013.97,5.0,4.21 14:20:51 24/08/20
267,74.5,21.965,1013.98,5.0,4.21 14:26:07 24/08/20
247,70.3,21.98,1014.0,5.0,4.21 14:31:23 24/08/20
276,70.0,21.945,1013.92,5.0,4.21 14:36:43 24/08/20
253,72.7,22.045,1013.88,4.28,4.18 14:42:02 24/08/20
249,66.7,22.060001,1013.94,4.31,4.2 14:47:16 24/08/20
265,66.3,21.965,1013.96,5.0,4.21 14:52:37 24/08/20
230,67.2,21.965,1013.93,4.25,4.18 14:57:58 24/08/20
208,68.0,21.869999,1013.96,5.0,4.17 15:03:12 24/08/20
237,67.4,21.73,1013.96,4.24,4.18 15:08:27 24/08/20
299,70.4,21.715,1013.84,5.0,4.21 15:13:41 24/08/20
324,72.0,22.01,1013.76,5.0,4.21 15:18:58 24/08/20
350,69.7,22.395,1013.78,5.0,4.21 15:24:12 24/08/20
226,70.2,22.619999,1013.66,4.28,4.18 15:29:27 24/08/20
236,66.6,22.555,1013.68,5.0,4.18 15:34:44 24/08/20
222,68.3,22.41,1013.68,4.28,4.18 15:39:59 24/08/20
307,68.6,22.310001,1013.76,5.0,4.13 15:45:16 24/08/20
355,70.5,22.525,1013.68,5.0,4.21 15:50:30 24/08/20
338,70.7,22.89,1013.62,5.0,4.21 15:55:44 24/08/20
333,69.5,23.265,1013.55,5.0,4.21 16:01:00 24/08/20
324,67.6,23.555,1013.5,5.0,4.21 16:06:17 24/08/20
200,66.0,23.525,1013.63,5.0,4.15 16:11:32 24/08/20
272,65.4,23.220001,1013.45,5.0,4.21 16:16:49 24/08/20
308,67.0,23.245,1013.42,5.0,4.13 16:22:03 24/08/20
322,67.0,23.425,1013.36,5.0,4.21 16:27:18 24/08/20
283,67.4,23.470001,1013.35,5.0,4.21 16:32:38 24/08/20
210,69.3,23.55,1013.39,4.24,4.13 16:37:57 24/08/20
213,66.9,23.4,1013.36,4.31,4.16 16:43:19 24/08/20
232,67.1,23.215,1013.35,4.27,4.17 16:48:38 24/08/20
237,68.0,23.015,1013.38,4.34,4.18 16:53:55 24/08/20
224,68.1,22.825,1013.24,4.35,4.18 16:59:09 24/08/20
207,68.8,22.715,1013.33,5.0,4.16 17:04:25 24/08/20
200,69.5,22.619999,1013.32,4.24,4.16 17:09:44 24/08/20
219,69.4,22.54,1013.36,4.26,4.17 17:15:04 24/08/20
213,69.2,22.380001,1013.28,4.23,4.17 17:20:27 24/08/20
237,70.7,22.415,1013.33,4.29,4.18 17:25:44 24/08/20
265,70.2,22.42,1013.35,4.24,4.19 17:31:00 24/08/20
292,72.0,22.58,1013.32,5.0,4.21 17:36:15 24/08/20
292,72.1,22.79,1013.25,5.0,4.21 17:41:30 24/08/20
289,71.2,22.89,1013.19,4.31,4.2 17:46:45 24/08/20
234,71.1,23.005001,1013.31,4.26,4.17 17:52:01 24/08/20
190,69.5,22.845001,1013.25,5.0,4.15 17:57:16 24/08/20
204,70.0,22.52,1013.31,4.25,4.15 18:02:30 24/08/20
231,70.6,22.439999,1013.17,5.0,4.17 18:07:47 24/08/20
212,71.2,22.29,1013.11,5.0,4.14 18:13:06 24/08/20
201,71.9,22.255001,1013.02,5.0,4.15 18:18:25 24/08/20
209,71.9,22.244999,1013.11,4.69,4.16 18:23:40 24/08/20
242,72.7,22.235,1013.04,4.27,4.18 18:28:55 24/08/20
243,73.1,22.325,1013.07,4.3,4.18 18:34:13 24/08/20
269,72.9,22.42,1013.01,4.22,4.16 18:39:26 24/08/20
198,72.6,22.365002,1012.99,5.0,4.13 18:44:52 24/08/20
266,72.6,22.435,1012.92,4.45,4.11 18:50:05 24/08/20
177,72.6,22.365002,1012.94,5.0,4.12 18:55:25 24/08/20
164,71.7,22.17,1012.96,5.0,4.13 19:00:43 24/08/20
163,72.1,21.965,1012.98,4.34,4.14 19:06:02 24/08/20
161,72.4,21.85,1013.01,4.19,4.14 19:11:16 24/08/20
158,72.9,21.744999,1013.13,4.3,4.13 19:16:32 24/08/20
148,72.9,21.66,1013.12,5.0,4.14 19:21:50 24/08/20
138,72.9,21.57,1013.0,5.0,4.14 19:27:01 24/08/20
134,74.4,21.48,1012.98,5.0,4.14 19:32:16 24/08/20
131,75.2,21.385,1013.05,5.0,4.14 19:37:32 24/08/20
182,75.0,21.36,1013.03,4.52,4.15 19:42:47 24/08/20
149,74.7,21.335,1013.0,4.35,4.15 19:48:03 24/08/20
125,75.8,21.265,1012.97,5.0,4.15 19:53:20 24/08/20
103,74.7,21.225,1013.04,4.42,4.15 19:58:32 24/08/20
96,75.8,21.064999,1013.04,5.0,4.13 20:03:48 24/08/20
86,75.5,21.025,1013.04,4.32,4.12 20:09:04 24/08/20
77,76.0,20.92,1013.08,4.68,4.11 20:14:20 24/08/20
67,75.1,20.825,1013.07,4.17,4.1 20:19:33 24/08/20
58,75.1,20.735,1013.21,4.3,4.09 20:24:48 24/08/20
46,76.1,20.64,1013.31,4.21,4.08 20:30:05 24/08/20
40,77.2,20.56,1013.31,3.99,4.07 20:35:21 24/08/20
29,79.0,20.474998,1013.49,3.37,4.06 20:40:36 24/08/20
21,76.9,20.445,1013.52,2.77,4.02 20:45:49 24/08/20
14,77.0,20.37,1013.49,2.15,4.06 20:51:05 24/08/20
8,77.9,20.34,1013.5,1.45,4.05 20:56:22 24/08/20
3,78.0,20.25,1013.54,0.83,4.05 21:01:34 24/08/20
1,78.0,20.220001,1013.6,0.41,4.05 21:06:50 24/08/20
0,78.5,20.145,1013.68,0.21,4.04 21:12:05 24/08/20
0,78.3,20.06,1013.63,0.09,4.04 21:17:19 24/08/20
0,77.4,19.98,1013.67,0.03,4.03 21:22:34 24/08/20
0,78.6,19.955,1013.69,0.01,4.03 21:27:48 24/08/20
0,80.0,19.875,1013.63,0.0,4.03 21:33:05 24/08/20
0,80.1,19.85,1013.7,0.0,4.03 21:38:18 24/08/20
0,78.8,19.744999,1013.72,0.0,4.02 21:43:35 24/08/20
0,78.9,19.665,1013.74,0.0,4.02 21:48:49 24/08/20
5,80.0,19.58,1013.71,0.0,4.02 21:54:06 24/08/20
4,79.3,19.555,1013.69,0.0,4.02 21:59:19 24/08/20
0,80.8,19.48,1013.65,0.0,4.01 22:04:35 24/08/20
0,81.4,19.445,1013.67,0.0,4.01 22:09:48 24/08/20
0,82.0,19.36,1013.62,0.0,4.01 22:15:03 24/08/20
0,81.2,19.27,1013.65,0.0,4.01 22:20:19 24/08/20
0,83.0,19.244999,1013.74,0.0,4.0 22:25:34 24/08/20
0,82.1,19.17,1013.82,0.0,4.0 22:30:49 24/08/20
0,82.9,19.14,1013.72,0.0,4.0 22:36:05 24/08/20
0,82.6,19.06,1013.64,0.0,4.0 22:41:19 24/08/20
0,83.0,18.974998,1013.61,0.0,3.99 22:46:38 24/08/20
0,84.0,18.95,1013.65,0.0,3.96 22:51:56 24/08/20
0,82.3,18.87,1013.67,0.0,3.99 22:57:12 24/08/20
0,83.0,18.855,1013.64,0.0,3.99 23:02:27 24/08/20
0,82.2,18.845001,1013.67,0.0,3.98 23:07:47 24/08/20
0,83.8,18.845001,1013.56,0.0,3.99 23:13:05 24/08/20
0,85.6,18.845001,1013.59,0.0,3.98 23:18:23 24/08/20
0,83.3,18.835,1013.61,0.0,3.98 23:23:43 24/08/20
0,83.5,18.84,1013.62,0.0,3.98 23:28:56 24/08/20
0,85.5,18.84,1013.61,0.0,3.98 23:34:12 24/08/20
0,89.1,18.795,1013.5,0.0,3.98 23:39:27 24/08/20
0,86.7,18.84,1013.5,0.0,3.98 23:44:43 24/08/20
0,85.6,18.835,1013.51,0.0,3.97 23:49:57 24/08/20
0,85.8,18.779999,1013.61,0.0,3.98 23:55:11 24/08/20
