0,91.2,19.97,1001.46,0.0,3.97 00:02:17 26/08/20
0,91.2,19.96,1001.43,0.0,3.97 00:07:34 26/08/20
0,91.4,19.895,1001.44,0.0,3.97 00:12:49 26/08/20
0,91.3,19.87,1001.33,0.0,3.97 00:18:05 26/08/20
0,91.4,19.795,1001.38,0.0,3.97 00:23:20 26/08/20
0,91.3,19.835,1001.42,0.0,3.97 00:28:33 26/08/20
0,91.3,19.765,1001.38,0.0,3.96 00:33:54 26/08/20
0,91.2,19.685001,1001.43,0.0,3.96 00:39:12 26/08/20
0,91.2,19.595001,1001.33,0.0,3.96 00:44:25 26/08/20
0,91.2,19.654999,1001.57,0.0,3.96 00:49:42 26/08/20
0,91.1,19.575,1001.48,0.0,3.96 00:54:58 26/08/20
0,91.0,19.564999,1001.48,0.0,3.96 01:00:13 26/08/20
0,90.8,19.555,1001.44,0.0,3.96 01:05:27 26/08/20
0,90.6,19.505,1001.49,0.0,3.96 01:10:42 26/08/20
0,90.5,19.485,1001.4,0.0,3.96 01:15:57 26/08/20
0,90.4,19.415,1001.43,0.0,3.96 01:21:15 26/08/20
0,90.3,19.39,1001.41,0.0,3.96 01:26:36 26/08/20
0,90.0,19.375,1001.47,0.0,3.95 01:31:50 26/08/20
0,90.1,19.385,1001.43,0.0,3.95 01:37:05 26/08/20
0,90.2,19.445,1001.3,0.0,3.95 01:42:19 26/08/20
0,90.0,19.380001,1001.3,0.0,3.95 01:47:35 26/08/20
0,90.0,19.37,1001.31,0.0,3.95 01:52:49 26/08/20
0,89.7,19.355,1001.34,0.0,3.95 01:58:04 26/08/20
0,89.3,19.295,1001.43,0.0,3.94 02:03:20 26/08/20
0,88.6,19.279999,1001.22,0.0,3.94 02:08:34 26/08/20
0,87.6,19.265,1001.14,0.0,3.95 02:13:47 26/08/20
0,87.5,19.265,1001.24,0.0,3.94 02:19:04 26/08/20
0,87.5,19.26,1001.13,0.0,3.92 02:24:19 26/08/20
0,87.2,19.255001,1001.15,0.0,3.94 02:29:33 26/08/20
0,87.1,19.25,1001.4,0.0,3.94 02:34:46 26/08/20
0,87.1,19.244999,1001.15,0.0,3.94 02:40:04 26/08/20
0,86.4,19.26,1001.15,0.0,3.94 02:45:18 26/08/20
0,85.7,19.265,1001.3,0.0,3.94 02:50:33 26/08/20
0,85.9,19.33,1001.25,0.0,3.94 02:55:51 26/08/20
0,86.0,19.34,1001.25,0.0,3.94 03:01:12 26/08/20
0,85.5,19.33,1001.42,0.0,3.94 03:06:26 26/08/20
0,85.5,19.285,1001.55,0.0,3.94 03:11:39 26/08/20
0,85.6,19.26,1001.23,0.0,3.94 03:16:56 26/08/20
0,85.8,19.244999,1001.27,0.0,3.94 03:22:09 26/08/20
0,85.1,19.23,1001.41,0.0,3.94 03:27:25 26/08/20
0,85.2,19.16,1001.39,0.0,3.93 03:32:39 26/08/20
0,84.9,19.15,1001.41,0.0,3.93 03:37:53 26/08/20
0,85.1,19.165,1001.47,0.0,3.93 03:43:10 26/08/20
0,85.3,19.165,1001.42,0.0,3.93 03:48:28 26/08/20
0,85.2,19.145,1001.72,0.0,3.93 03:53:48 26/08/20
0,85.1,19.145,1001.61,0.0,3.93 03:59:03 26/08/20
0,85.2,19.15,1001.67,0.0,3.93 04:04:21 26/08/20
0,85.3,19.14,1001.76,0.0,3.93 04:09:40 26/08/20
0,85.6,19.145,1001.85,0.0,3.92 04:14:56 26/08/20
0,85.7,19.154999,1001.9,0.0,3.92 04:20:14 26/08/20
0,85.3,19.135,1001.89,0.0,3.92 04:25:34 26/08/20
0,85.3,19.064999,1001.85,0.0,3.92 04:30:49 26/08/20
0,85.9,19.06,1001.82,0.0,3.9 04:36:03 26/08/20
0,86.5,18.96,1001.76,0.0,3.92 04:41:18 26/08/20
0,87.1,18.965,1001.74,0.0,3.92 04:46:34 26/08/20
0,87.8,18.935,1001.99,0.0,3.92 04:51:49 26/08/20
0,87.6,18.880001,1001.97,0.0,3.92 04:57:03 26/08/20
0,88.1,18.855,1001.75,0.0,3.92 05:02:21 26/08/20
0,88.7,18.765,1001.9,0.0,3.92 05:07:41 26/08/20
0,89.0,18.755001,1002.01,0.0,3.92 05:12:56 26/08/20
0,89.0,18.75,1001.86,0.0,3.92 05:18:11 26/08/20
0,89.1,18.685001,1002.01,0.0,3.92 05:23:23 26/08/20
0,89.4,18.665,1001.82,0.0,3.91 05:28:41 26/08/20
0,89.2,18.654999,1001.94,0.0,3.92 05:33:55 26/08/20
0,89.6,18.585,1001.84,0.0,3.92 05:39:10 26/08/20
0,90.0,18.56,1001.8,0.0,3.91 05:44:22 26/08/20
0,90.1,18.575,1001.86,0.0,3.91 05:49:38 26/08/20
0,90.0,18.5,1001.92,0.0,3.91 05:54:54 26/08/20
0,90.0,18.564999,1001.96,0.0,3.91 06:00:09 26/08/20
0,90.0,18.494999,1002.09,0.02,3.91 06:05:21 26/08/20
0,90.1,18.48,1002.05,0.07,3.91 06:10:38 26/08/20
0,90.0,18.494999,1002.16,0.19,3.91 06:15:53 26/08/20
1,90.0,18.494999,1002.19,0.57,3.91 06:21:07 26/08/20
4,89.9,18.485,1002.18,1.04,3.91 06:26:22 26/08/20
7,89.8,18.494999,1002.32,1.39,3.91 06:31:37 26/08/20
12,90.0,18.485,1002.34,2.0,3.86 06:36:52 26/08/20
17,90.2,18.46,1002.44,2.44,3.91 06:42:06 26/08/20
24,90.2,18.405,1002.68,2.99,3.91 06:47:21 26/08/20
34,90.3,18.46,1002.69,3.53,3.91 06:52:36 26/08/20
41,90.7,18.39,1002.8,3.88,3.91 06:57:50 26/08/20
43,91.1,18.295,1003.04,4.0,3.91 07:03:05 26/08/20
58,91.8,18.27,1003.12,4.3,3.91 07:08:21 26/08/20
54,91.9,18.135,1003.36,4.24,3.9 07:13:35 26/08/20
52,92.3,18.025,1003.3,4.14,3.86 07:18:49 26/08/20
65,92.2,18.015,1003.46,4.43,3.9 07:24:05 26/08/20
62,92.4,17.994999,1003.59,4.47,3.91 07:29:19 26/08/20
76,92.4,17.985,1003.53,4.99,3.9 07:34:33 26/08/20
81,92.3,17.915,1003.55,5.0,3.91 07:39:49 26/08/20
93,92.3,17.905,1003.54,5.0,3.91 07:45:01 26/08/20
98,92.1,17.97,1003.78,3.98,3.91 07:50:17 26/08/20
87,92.3,17.95,1003.78,5.0,3.91 07:55:32 26/08/20
112,92.3,17.925,1003.9,4.29,3.91 08:00:50 26/08/20
113,92.5,17.98,1003.88,5.0,3.92 08:06:10 26/08/20
123,92.2,18.009998,1003.99,4.58,3.92 08:11:24 26/08/20
135,92.3,17.985,1004.16,5.0,3.92 08:16:40 26/08/20
145,92.2,17.994999,1004.13,4.93,3.93 08:21:54 26/08/20
109,92.2,18.064999,1004.24,5.0,3.92 08:27:07 26/08/20
135,92.4,18.06,1004.26,3.99,3.92 08:32:24 26/08/20
135,92.2,18.075,1004.36,4.65,3.92 08:37:38 26/08/20
130,92.2,18.005,1004.57,4.14,3.88 08:42:51 26/08/20
136,92.3,18.009998,1004.47,5.0,3.93 08:48:08 26/08/20
102,92.4,18.005,1004.54,5.0,3.92 08:53:26 26/08/20
89,92.2,18.06,1004.6,3.98,3.92 08:58:45 26/08/20
103,92.3,18.055,1004.77,4.17,3.92 09:04:01 26/08/20
113,93.5,17.994999,1004.9,5.0,3.91 09:09:15 26/08/20
132,94.1,17.93,1005.03,4.07,3.92 09:14:29 26/08/20
158,94.6,17.900002,1005.04,5.0,3.93 09:19:43 26/08/20
180,95.1,17.82,1005.24,4.0,3.94 09:24:57 26/08/20
144,94.9,17.815,1005.2,4.02,3.93 09:30:13 26/08/20
131,94.7,17.79,1005.27,3.99,3.93 09:35:27 26/08/20
123,94.9,17.779999,1005.37,5.0,3.92 09:40:40 26/08/20
129,94.7,17.779999,1005.28,4.17,3.94 09:46:03 26/08/20
139,94.3,17.815,1005.34,4.63,3.94 09:51:20 26/08/20
138,93.8,17.895,1005.47,5.0,3.94 09:56:34 26/08/20
153,94.0,17.98,1005.47,5.0,3.95 10:01:50 26/08/20
153,93.7,18.05,1005.58,4.17,3.94 10:07:05 26/08/20
160,93.6,18.135,1005.64,4.31,3.95 10:12:18 26/08/20
185,93.7,18.18,1005.84,4.1,3.97 10:17:37 26/08/20
189,93.5,18.275002,1005.87,4.1,3.97 10:22:56 26/08/20
198,93.5,18.365002,1005.93,4.04,3.96 10:28:11 26/08/20
196,93.6,18.45,1006.0,4.82,3.98 10:33:26 26/08/20
164,93.8,18.48,1006.22,4.11,3.96 10:38:40 26/08/20
156,94.1,18.415,1006.23,5.0,3.96 10:43:56 26/08/20
174,94.1,18.39,1006.28,4.12,3.96 10:49:10 26/08/20
174,95.4,18.3,1006.42,4.13,3.96 10:54:25 26/08/20
237,95.5,18.195,1006.51,4.08,4.0 10:59:39 26/08/20
178,95.8,18.115,1006.48,4.95,3.98 11:04:54 26/08/20
178,96.3,18.09,1006.65,5.0,3.97 11:10:09 26/08/20
169,96.5,18.015,1006.7,4.16,3.97 11:15:23 26/08/20
187,96.7,18.009998,1006.86,5.0,4.0 11:20:36 26/08/20
170,96.0,18.015,1006.95,5.0,4.0 11:25:53 26/08/20
184,95.4,18.08,1007.02,5.0,4.01 11:31:08 26/08/20
197,94.9,18.099998,1007.17,5.0,4.01 11:36:22 26/08/20
208,94.9,18.185001,1007.2,4.25,4.03 11:41:35 26/08/20
202,94.0,18.25,1007.32,4.78,4.03 11:46:51 26/08/20
205,93.2,18.265,1007.23,4.17,4.05 11:52:06 26/08/20
204,91.9,18.275002,1007.44,4.31,4.06 11:57:21 26/08/20
195,92.1,18.3,1007.57,4.76,4.06 12:02:35 26/08/20
181,91.1,18.35,1007.74,4.16,4.06 12:07:50 26/08/20
180,90.6,18.35,1007.89,5.0,4.06 12:13:05 26/08/20
168,90.1,18.34,1007.97,4.34,4.06 12:18:19 26/08/20
188,90.6,18.36,1008.2,5.0,4.07 12:23:35 26/08/20
180,90.4,18.43,1008.25,4.48,4.07 12:28:49 26/08/20
171,90.0,18.435,1008.35,4.32,4.07 12:34:04 26/08/20
166,90.1,18.43,1008.43,4.59,4.08 12:39:18 26/08/20
207,88.9,18.43,1008.46,5.0,4.12 12:44:33 26/08/20
191,88.8,18.439999,1008.55,5.0,4.12 12:49:51 26/08/20
180,88.8,18.51,1008.65,5.0,4.14 12:55:11 26/08/20
223,89.3,18.535,1008.75,4.25,4.14 13:00:25 26/08/20
215,87.6,18.535,1008.78,4.32,4.14 13:05:39 26/08/20
238,89.2,18.635,1008.89,5.0,4.15 13:10:56 26/08/20
203,87.8,18.725,1009.08,4.36,4.14 13:16:10 26/08/20
209,86.0,18.78,1009.05,4.25,4.14 13:21:26 26/08/20
224,87.0,18.744999,1009.22,4.22,4.15 13:26:39 26/08/20
189,85.8,18.810001,1009.31,5.0,4.14 13:31:52 26/08/20
180,86.6,18.815,1009.42,4.24,4.13 13:37:09 26/08/20
178,85.5,18.82,1009.59,5.0,4.14 13:42:22 26/08/20
164,86.0,18.755001,1009.67,4.18,4.14 13:47:38 26/08/20
163,86.3,18.75,1009.83,4.19,4.14 13:52:53 26/08/20
166,86.0,18.73,1009.9,4.24,4.13 13:58:09 26/08/20
203,86.6,18.735,1010.02,5.0,4.14 14:03:23 26/08/20
190,85.9,18.75,1010.1,4.19,4.12 14:08:41 26/08/20
188,86.2,18.765,1010.19,5.0,4.14 14:14:01 26/08/20
191,84.8,18.755001,1010.28,4.31,4.15 14:19:16 26/08/20
198,85.1,18.810001,1010.25,5.0,4.13 14:24:29 26/08/20
207,85.6,18.83,1010.45,4.59,4.16 14:29:45 26/08/20
229,85.7,18.86,1010.45,4.26,4.18 14:35:01 26/08/20
219,85.3,18.99,1010.43,4.38,4.17 14:40:15 26/08/20
192,84.2,19.02,1010.52,5.0,4.14 14:45:42 26/08/20
198,84.6,19.119999,1010.62,5.0,4.15 14:51:02 26/08/20
182,84.5,19.115,1010.83,4.18,4.13 14:56:16 26/08/20
197,83.8,19.119999,1010.98,4.23,4.14 15:01:29 26/08/20
207,84.3,19.115,1010.97,4.9,4.14 15:06:45 26/08/20
222,83.4,19.14,1011.04,4.26,4.16 15:12:01 26/08/20
228,84.1,19.225,1011.11,4.25,4.17 15:17:16 26/08/20
228,83.6,19.325,1011.15,4.35,4.16 15:22:32 26/08/20
223,83.2,19.42,1011.2,4.23,4.17 15:27:45 26/08/20
230,83.4,19.494999,1011.28,4.26,4.17 15:32:58 26/08/20
250,83.3,19.529999,1011.37,4.43,4.19 15:38:15 26/08/20
213,83.6,19.675,1011.38,4.47,4.16 15:43:35 26/08/20
218,82.0,19.695,1011.43,5.0,4.17 15:48:53 26/08/20
218,82.4,19.715,1011.51,5.0,4.17 15:54:09 26/08/20
221,82.0,19.705,1011.44,4.23,4.17 15:59:22 26/08/20
210,81.6,19.7,1011.59,4.31,4.17 16:04:38 26/08/20
223,81.8,19.720001,1011.67,4.29,4.17 16:09:52 26/08/20
219,81.2,19.78,1011.68,5.0,4.17 16:15:08 26/08/20
207,81.0,19.78,1011.89,5.0,4.16 16:20:23 26/08/20
199,81.0,19.795,1011.88,5.0,4.16 16:25:36 26/08/20
192,80.7,19.795,1011.88,5.0,4.14 16:30:52 26/08/20
193,81.9,19.82,1012.06,4.23,4.15 16:36:09 26/08/20
193,81.4,19.83,1012.09,4.28,4.15 16:41:26 26/08/20
187,81.1,19.84,1012.29,4.4,4.15 16:46:38 26/08/20
159,81.5,19.845001,1012.45,4.18,4.13 16:51:51 26/08/20
157,81.2,19.84,1012.43,5.0,4.14 16:57:08 26/08/20
155,81.9,19.845001,1012.58,4.3,4.12 17:02:23 26/08/20
155,81.7,19.835,1012.57,4.67,4.14 17:07:38 26/08/20
145,80.8,19.82,1012.69,4.27,4.14 17:12:51 26/08/20
147,81.9,19.765,1012.75,4.64,4.13 17:18:08 26/08/20
156,81.6,19.805,1012.68,5.0,4.14 17:23:22 26/08/20
166,82.1,19.755001,1012.81,5.0,4.14 17:28:46 26/08/20
162,81.5,19.815,1012.88,4.58,4.14 17:34:02 26/08/20
161,81.6,19.805,1012.98,5.0,4.14 17:39:17 26/08/20
158,81.6,19.8,1012.96,5.0,4.14 17:44:32 26/08/20
147,82.0,19.77,1013.15,4.24,4.14 17:49:44 26/08/20
150,82.1,19.83,1013.14,5.0,4.14 17:55:04 26/08/20
171,82.3,19.84,1013.21,4.92,4.15 18:00:16 26/08/20
161,82.0,19.89,1013.31,4.27,4.13 18:05:31 26/08/20
151,82.4,19.855,1013.4,4.47,4.13 18:10:46 26/08/20
142,82.9,19.91,1013.48,4.66,4.14 18:16:01 26/08/20
136,82.4,19.855,1013.51,5.0,4.13 18:21:24 26/08/20
134,82.8,19.92,1013.64,5.0,4.14 18:26:37 26/08/20
151,83.0,19.91,1013.63,4.22,4.15 18:31:52 26/08/20
136,83.0,19.86,1013.78,4.23,4.15 18:37:07 26/08/20
111,83.2,19.86,1013.81,4.26,4.14 18:42:25 26/08/20
98,83.4,19.84,1013.83,4.94,4.13 18:47:40 26/08/20
125,83.7,19.84,1013.96,4.98,4.14 18:52:53 26/08/20
113,83.9,19.83,1013.99,5.0,4.13 18:58:09 26/08/20
101,83.9,19.83,1014.07,4.47,4.13 19:03:26 26/08/20
99,83.8,19.82,1014.02,4.42,4.12 19:08:39 26/08/20
102,84.0,19.810001,1014.09,5.0,4.07 19:13:54 26/08/20
107,84.2,19.744999,1014.18,5.0,4.12 19:19:09 26/08/20
111,84.7,19.74,1014.23,4.28,4.12 19:24:23 26/08/20
91,84.3,19.735,1014.28,4.2,4.11 19:29:38 26/08/20
79,84.6,19.73,1014.33,4.99,4.1 19:34:54 26/08/20
72,84.8,19.665,1014.4,4.94,4.09 19:40:08 26/08/20
69,84.7,19.654999,1014.47,4.47,4.09 19:45:21 26/08/20
64,84.8,19.64,1014.49,4.72,4.07 19:50:38 26/08/20
62,84.7,19.635,1014.58,4.14,4.07 19:55:53 26/08/20
52,84.6,19.58,1014.59,4.2,4.06 20:01:07 26/08/20
57,84.9,19.555,1014.65,4.27,4.06 20:06:21 26/08/20
43,84.6,19.545,1014.64,4.18,4.05 20:11:38 26/08/20
52,84.8,19.529999,1014.67,4.26,4.05 20:16:51 26/08/20
45,84.5,19.465,1014.72,4.15,4.04 20:22:10 26/08/20
38,84.6,19.445,1014.81,3.99,4.04 20:27:26 26/08/20
27,84.7,19.425,1014.86,3.43,4.03 20:32:47 26/08/20
22,84.6,19.35,1014.91,3.01,4.03 20:38:06 26/08/20
18,84.4,19.325,1014.98,2.71,4.03 20:43:22 26/08/20
11,84.5,19.25,1014.91,2.09,4.03 20:48:37 26/08/20
8,84.3,19.220001,1014.97,1.63,4.02 20:53:55 26/08/20
3,85.0,19.135,1015.08,1.01,4.02 20:59:07 26/08/20
1,84.4,19.035,1015.08,0.54,4.02 21:04:28 26/08/20
0,84.4,18.95,1015.15,0.26,4.01 21:09:48 26/08/20
0,85.2,18.92,1015.29,0.1,4.01 21:15:02 26/08/20
0,85.4,18.895,1015.43,0.03,4.01 21:20:15 26/08/20
0,85.7,18.82,1015.43,0.01,4.0 21:25:32 26/08/20
0,85.6,18.755001,1015.45,0.0,3.96 21:30:52 26/08/20
0,85.7,18.73,1015.51,0.0,4.0 21:36:10 26/08/20
0,86.1,18.65,1015.55,0.0,4.0 21:41:28 26/08/20
0,85.4,18.615,1015.57,0.0,4.0 21:46:47 26/08/20
0,85.5,18.52,1015.54,0.0,4.0 21:52:02 26/08/20
0,85.8,18.41,1015.56,0.0,3.99 21:57:18 26/08/20
0,85.6,18.255001,1015.55,0.0,3.99 22:02:34 26/08/20
0,86.1,18.145,1015.58,0.0,3.99 22:07:47 26/08/20
0,85.9,18.045,1015.57,0.0,3.99 22:12:59 26/08/20
0,86.9,17.939999,1015.58,0.0,3.99 22:18:14 26/08/20
0,86.3,17.835,1015.73,0.0,3.99 22:23:30 26/08/20
0,86.7,17.75,1015.78,0.0,3.98 22:28:48 26/08/20
0,87.9,17.73,1015.8,0.0,3.98 22:34:08 26/08/20
0,88.2,17.74,1016.03,0.0,3.98 22:39:21 26/08/20
0,87.7,17.744999,1016.11,0.0,3.98 22:44:36 26/08/20
0,91.0,17.835,1016.03,0.0,3.98 22:49:53 26/08/20
0,88.8,17.925,1016.13,0.0,3.97 22:55:07 26/08/20
0,88.9,17.965,1016.13,0.0,3.97 23:00:21 26/08/20
0,90.1,18.035,1016.21,0.0,3.97 23:05:37 26/08/20
0,89.6,18.05,1016.19,0.0,3.97 23:10:52 26/08/20
0,90.0,18.055,1016.17,0.0,3.97 23:16:05 26/08/20
0,89.6,18.06,1016.27,0.0,3.97 23:21:19 26/08/20
0,89.1,18.045,1016.25,0.0,3.96 23:26:38 26/08/20
0,89.6,18.05,1016.23,0.0,3.96 23:32:03 26/08/20
0,89.3,18.045,1016.27,0.0,3.96 23:37:22 26/08/20
0,90.1,18.045,1016.22,0.0,3.96 23:42:34 26/08/20
0,89.5,18.04,1016.21,0.0,3.96 23:47:49 26/08/20
0,89.7,18.029999,1016.26,0.0,3.96 23:53:06 26/08/20
0,90.0,18.035,1016.22,0.0,3.96 23:58:20 26/08/20
