11,89.9,18.345001,1002.9,0.0,3.96 00:04:55 28/08/20
11,88.2,18.265,1002.78,0.0,3.96 00:10:09 28/08/20
11,88.6,18.25,1002.6,0.0,3.96 00:15:24 28/08/20
10,92.0,18.25,1002.55,0.0,3.92 00:20:38 28/08/20
11,88.7,18.175,1002.48,0.0,3.96 00:25:53 28/08/20
12,91.4,18.18,1002.44,0.0,3.96 00:31:08 28/08/20
12,91.8,18.18,1002.38,0.0,3.96 00:36:22 28/08/20
11,92.3,18.175,1002.5,0.0,3.96 00:41:37 28/08/20
12,89.7,18.17,1002.38,0.0,3.95 00:46:52 28/08/20
12,91.1,18.165,1002.23,0.0,3.95 00:52:07 28/08/20
13,91.5,18.165,1002.07,0.0,3.95 00:57:25 28/08/20
12,91.6,18.145,1001.97,0.0,3.95 01:02:44 28/08/20
11,92.4,18.075,1002.03,0.0,3.95 01:07:58 28/08/20
12,92.8,18.055,1001.97,0.0,3.95 01:13:14 28/08/20
12,92.1,18.029999,1001.85,0.0,3.95 01:18:28 28/08/20
13,92.5,17.96,1001.8,0.0,3.95 01:23:43 28/08/20
13,92.9,17.875,1001.72,0.0,3.95 01:28:58 28/08/20
13,91.0,17.855,1001.75,0.0,3.95 01:34:12 28/08/20
13,92.6,17.77,1001.67,0.0,3.95 01:39:27 28/08/20
13,93.4,17.75,1001.67,0.0,3.94 01:44:41 28/08/20
13,92.8,17.675,1001.65,0.0,3.94 01:50:00 28/08/20
12,92.1,17.720001,1001.51,0.0,3.94 01:55:24 28/08/20
11,93.7,17.68,1001.55,0.0,3.94 02:00:42 28/08/20
10,92.4,17.73,1001.53,0.0,3.94 02:05:57 28/08/20
11,92.5,17.735,1001.43,0.0,3.94 02:11:11 28/08/20
11,94.1,17.735,1001.44,0.0,3.94 02:16:27 28/08/20
11,92.6,17.74,1001.44,0.0,3.93 02:21:44 28/08/20
11,94.4,17.695,1001.37,0.0,3.94 02:27:04 28/08/20
11,95.3,17.75,1001.37,0.0,3.93 02:32:18 28/08/20
11,97.4,17.77,1001.32,0.0,3.9 02:37:33 28/08/20
11,96.1,17.775002,1001.34,0.0,3.94 02:42:48 28/08/20
12,94.9,17.77,1001.29,0.0,3.93 02:48:03 28/08/20
12,94.7,17.765,1001.26,0.0,3.93 02:53:17 28/08/20
12,96.6,17.779999,1001.28,0.0,3.93 02:58:31 28/08/20
14,96.8,17.79,1001.27,0.0,3.93 03:03:46 28/08/20
14,97.8,17.805,1001.24,0.0,3.93 03:09:01 28/08/20
14,97.0,17.810001,1001.21,0.0,3.93 03:14:15 28/08/20
16,96.9,17.725,1001.17,0.0,3.93 03:19:30 28/08/20
16,97.6,17.7,1001.22,0.0,3.93 03:24:43 28/08/20
18,97.9,17.619999,1001.13,0.0,3.93 03:29:59 28/08/20
19,96.9,17.59,1001.13,0.0,3.93 03:35:14 28/08/20
20,97.1,17.52,1001.13,0.0,3.92 03:40:29 28/08/20
21,96.2,17.49,1001.11,0.0,3.92 03:45:43 28/08/20
19,97.6,17.48,1001.14,0.0,3.93 03:50:55 28/08/20
22,96.1,17.395,1001.07,0.0,3.92 03:56:12 28/08/20
24,96.2,17.375,1001.05,0.0,3.92 04:01:26 28/08/20
24,96.0,17.305,1001.05,0.0,3.92 04:06:41 28/08/20
24,97.2,17.235,1001.02,0.0,3.9 04:11:55 28/08/20
25,97.2,17.2,1001.03,0.0,3.92 04:17:10 28/08/20
24,97.3,17.115,1000.99,0.0,3.91 04:22:24 28/08/20
24,97.3,17.085,1000.97,0.0,3.92 04:27:39 28/08/20
22,98.1,17.064999,1000.97,0.0,3.91 04:32:52 28/08/20
25,96.8,17.05,1000.96,0.0,3.87 04:38:08 28/08/20
24,98.6,16.98,1000.9,0.0,3.92 04:43:22 28/08/20
22,98.3,16.92,1000.93,0.0,3.91 04:48:35 28/08/20
30,97.1,16.95,1000.92,0.0,3.91 04:53:59 28/08/20
24,96.2,16.935,1000.88,0.0,3.91 04:59:14 28/08/20
23,98.0,16.865002,1000.89,0.0,3.91 05:04:27 28/08/20
25,98.0,16.855,1000.91,0.0,3.91 05:09:43 28/08/20
24,96.3,16.855,1000.86,0.0,3.91 05:14:58 28/08/20
26,96.3,16.845001,1000.88,0.0,3.91 05:20:13 28/08/20
30,97.4,16.779999,1000.91,0.0,3.91 05:25:30 28/08/20
27,97.6,16.765,1000.99,0.0,3.91 05:30:51 28/08/20
22,97.9,16.76,1000.95,0.0,3.91 05:36:09 28/08/20
12,97.3,16.755001,1000.92,0.0,3.91 05:41:28 28/08/20
7,97.3,16.765,1000.92,0.0,3.91 05:46:41 28/08/20
5,97.8,16.705,1000.95,0.0,3.91 05:51:56 28/08/20
4,96.7,16.76,1000.92,0.0,3.91 05:57:08 28/08/20
4,99.0,16.77,1000.85,0.0,3.91 06:02:25 28/08/20
3,97.1,16.779999,1000.86,0.02,3.91 06:07:37 28/08/20
3,97.5,16.779999,1000.81,0.07,3.91 06:12:54 28/08/20
4,97.4,16.779999,1000.84,0.23,3.9 06:18:13 28/08/20
6,97.0,16.835,1000.84,0.56,3.91 06:23:30 28/08/20
8,98.0,16.85,1000.81,1.05,3.9 06:28:46 28/08/20
16,98.2,16.85,1000.84,1.98,3.9 06:34:00 28/08/20
22,98.6,16.845001,1000.79,2.62,3.9 06:39:14 28/08/20
29,98.4,16.845001,1000.84,3.17,3.9 06:44:29 28/08/20
38,97.8,16.779999,1000.85,3.72,3.9 06:49:43 28/08/20
46,97.3,16.765,1000.92,3.96,3.9 06:54:58 28/08/20
52,98.8,16.744999,1000.87,4.05,3.9 07:00:12 28/08/20
62,98.4,16.67,1000.95,4.19,3.9 07:05:27 28/08/20
64,99.0,16.605,1000.94,4.24,3.9 07:10:40 28/08/20
74,98.4,16.59,1000.9,4.59,3.9 07:15:56 28/08/20
82,97.9,16.585,1000.92,4.44,3.91 07:21:10 28/08/20
92,98.1,16.57,1000.88,4.78,3.91 07:26:24 28/08/20
116,97.9,16.5,1000.86,4.79,3.91 07:31:39 28/08/20
99,98.9,16.555,1000.8,4.72,3.91 07:36:57 28/08/20
123,98.7,16.57,1000.84,4.15,3.92 07:42:15 28/08/20
109,98.9,16.585,1000.83,4.0,3.92 07:47:30 28/08/20
114,98.7,16.599998,1000.83,4.79,3.92 07:52:45 28/08/20
112,98.5,16.67,1000.93,4.28,3.92 07:57:59 28/08/20
114,98.8,16.685001,1000.88,4.15,3.92 08:03:14 28/08/20
111,99.9,16.705,1000.83,5.0,3.91 08:08:28 28/08/20
120,99.9,16.77,1000.87,5.0,3.92 08:13:43 28/08/20
135,99.1,16.779999,1000.83,5.0,3.94 08:18:56 28/08/20
142,99.7,16.855,1000.79,4.11,3.93 08:24:15 28/08/20
154,99.9,16.875,1000.73,4.0,3.94 08:29:35 28/08/20
169,99.7,16.900002,1000.68,5.0,3.95 08:34:50 28/08/20
150,99.5,16.985,1000.6,5.0,3.96 08:40:04 28/08/20
157,99.5,17.064999,1000.65,5.0,3.96 08:45:19 28/08/20
154,99.5,17.099998,1000.72,5.0,3.96 08:50:33 28/08/20
150,99.6,17.17,1000.76,4.02,3.95 08:55:48 28/08/20
153,99.6,17.18,1000.8,5.0,3.96 09:01:04 28/08/20
142,98.8,17.2,1000.76,5.0,3.96 09:06:15 28/08/20
148,99.3,17.21,1000.75,4.02,3.96 09:11:34 28/08/20
142,99.6,17.220001,1000.73,4.86,3.97 09:16:53 28/08/20
148,99.3,17.275002,1000.73,5.0,3.97 09:22:09 28/08/20
172,98.7,17.29,1000.78,5.0,3.99 09:27:23 28/08/20
179,98.6,17.29,1000.64,4.12,4.0 09:32:35 28/08/20
189,99.3,17.3,1000.68,4.11,4.0 09:37:52 28/08/20
222,99.1,17.39,1000.66,4.56,4.03 09:43:10 28/08/20
258,98.8,17.56,1000.6,4.27,4.1 09:48:27 28/08/20
259,98.6,17.675,1000.6,4.28,4.13 09:53:42 28/08/20
273,98.6,17.87,1000.63,4.39,4.19 09:58:58 28/08/20
292,98.5,18.099998,1000.54,5.0,4.2 10:04:14 28/08/20
228,96.7,18.305,1000.53,4.28,4.19 10:09:26 28/08/20
223,97.6,18.41,1000.53,4.39,4.19 10:14:42 28/08/20
194,95.7,18.42,1000.54,4.8,4.16 10:19:55 28/08/20
272,96.2,18.41,1000.5,5.0,4.21 10:25:10 28/08/20
194,94.9,18.380001,1000.54,4.28,4.16 10:30:28 28/08/20
286,95.0,18.375,1000.53,5.0,4.21 10:35:39 28/08/20
281,95.5,18.485,1000.47,5.0,4.21 10:41:01 28/08/20
284,94.9,18.675,1000.49,5.0,4.21 10:46:17 28/08/20
210,94.7,18.845001,1000.48,4.34,4.17 10:51:35 28/08/20
207,94.8,19.01,1000.45,4.27,4.18 10:56:47 28/08/20
255,94.6,19.029999,1000.45,5.0,4.21 11:02:03 28/08/20
272,94.5,19.035,1000.41,5.0,4.21 11:07:17 28/08/20
237,94.4,19.119999,1000.4,4.22,4.13 11:12:41 28/08/20
280,93.9,19.220001,1000.46,5.0,4.21 11:17:56 28/08/20
254,94.3,19.315,1000.46,4.41,4.21 11:23:11 28/08/20
269,94.2,19.42,1000.34,5.0,4.21 11:28:26 28/08/20
266,93.5,19.515,1000.32,5.0,4.21 11:33:42 28/08/20
227,93.4,19.605,1000.3,4.37,4.18 11:38:57 28/08/20
182,92.6,19.555,1000.24,4.24,4.16 11:44:09 28/08/20
204,92.7,19.474998,1000.22,4.27,4.17 11:49:24 28/08/20
215,93.0,19.445,1000.1,4.28,4.19 11:54:45 28/08/20
330,93.5,19.52,1000.02,5.0,4.21 12:00:03 28/08/20
281,93.7,19.7,999.95,5.0,4.21 12:05:19 28/08/20
257,92.6,19.91,1000.06,5.0,4.21 12:10:32 28/08/20
233,91.6,19.994999,999.92,4.35,4.2 12:15:50 28/08/20
226,92.2,20.0,999.86,4.36,4.2 12:21:04 28/08/20
320,93.0,20.095001,999.85,5.0,4.21 12:26:19 28/08/20
244,92.0,20.28,999.94,5.0,4.21 12:31:34 28/08/20
248,90.3,20.48,999.86,5.0,4.21 12:36:49 28/08/20
185,90.0,20.560001,999.8,4.28,4.17 12:42:04 28/08/20
168,90.7,20.5,999.77,4.22,4.15 12:47:32 28/08/20
148,91.0,20.48,999.77,4.6,4.15 12:52:51 28/08/20
164,91.0,20.32,999.68,5.0,4.16 12:58:06 28/08/20
298,90.8,20.285,999.65,5.0,4.21 13:03:21 28/08/20
227,90.5,20.295,999.58,5.0,4.21 13:08:37 28/08/20
203,90.8,20.369999,999.58,4.27,4.19 13:13:49 28/08/20
240,90.3,20.32,999.51,5.0,4.21 13:19:07 28/08/20
326,91.3,20.485,999.47,5.0,4.21 13:24:23 28/08/20
233,91.5,20.855,999.36,4.64,4.2 13:29:37 28/08/20
222,90.6,21.119999,999.28,4.28,4.19 13:34:51 28/08/20
221,90.5,21.095001,999.31,4.27,4.18 13:40:06 28/08/20
232,89.0,21.025,999.13,4.33,4.2 13:45:22 28/08/20
247,89.0,21.060001,999.06,5.0,4.21 13:50:36 28/08/20
253,90.3,21.025,999.02,5.0,4.21 13:55:52 28/08/20
251,87.9,21.18,998.99,5.0,4.21 14:01:07 28/08/20
253,85.6,21.21,998.89,5.0,4.21 14:06:22 28/08/20
319,83.2,21.295,998.83,5.0,4.21 14:11:42 28/08/20
236,86.4,21.529999,998.84,5.0,4.21 14:17:01 28/08/20
227,85.0,21.654999,998.76,4.42,4.21 14:22:15 28/08/20
230,85.9,21.75,998.72,4.4,4.21 14:27:31 28/08/20
327,83.8,21.855,998.62,5.0,4.21 14:32:47 28/08/20
236,86.6,22.2,998.48,5.0,4.21 14:38:00 28/08/20
207,82.3,22.48,998.49,4.33,4.2 14:43:18 28/08/20
322,76.7,22.43,998.3,5.0,4.21 14:48:31 28/08/20
236,78.8,22.445,998.34,5.0,4.21 14:53:48 28/08/20
221,80.6,22.51,998.18,4.99,4.21 14:59:03 28/08/20
315,81.7,22.75,998.07,5.0,4.21 15:04:18 28/08/20
213,79.0,22.9,998.06,4.34,4.21 15:09:33 28/08/20
193,78.7,23.075,998.13,4.9,4.18 15:14:49 28/08/20
215,72.7,23.01,998.17,4.29,4.18 15:20:03 28/08/20
182,75.2,22.765,998.03,4.36,4.16 15:25:20 28/08/20
190,76.6,22.485,997.99,4.35,4.16 15:30:38 28/08/20
223,75.4,22.310001,998.02,4.3,4.2 15:35:50 28/08/20
283,76.0,22.3,998.02,5.0,4.21 15:41:05 28/08/20
299,73.0,22.38,998.01,5.0,4.21 15:46:20 28/08/20
181,75.0,22.55,997.8,5.0,4.17 15:51:35 28/08/20
206,74.1,22.720001,997.72,5.0,4.19 15:56:52 28/08/20
301,71.4,22.814999,997.7,5.0,4.21 16:02:08 28/08/20
181,67.8,22.849998,997.72,4.37,4.17 16:07:23 28/08/20
237,69.0,22.7,997.8,5.0,4.21 16:12:39 28/08/20
204,70.5,22.76,997.8,4.28,4.19 16:17:54 28/08/20
167,66.9,22.58,997.87,4.26,4.16 16:23:08 28/08/20
179,69.5,22.265,997.73,4.47,4.17 16:28:24 28/08/20
178,68.7,22.125,997.76,4.3,4.16 16:33:39 28/08/20
194,70.5,22.085,997.84,4.37,4.17 16:38:56 28/08/20
187,71.0,22.005001,997.95,4.23,4.18 16:44:10 28/08/20
192,74.7,22.005001,998.18,4.34,4.17 16:49:26 28/08/20
156,74.8,21.93,998.35,5.0,4.15 16:54:45 28/08/20
130,73.9,21.654999,998.18,4.28,4.12 17:00:04 28/08/20
131,74.7,21.4,998.34,5.0,4.13 17:05:24 28/08/20
159,74.3,21.04,998.38,4.58,4.13 17:10:48 28/08/20
205,75.1,20.654999,998.34,4.26,4.12 17:16:08 28/08/20
183,75.6,20.25,998.29,5.0,4.14 17:21:24 28/08/20
135,75.7,19.87,998.6,5.0,4.12 17:26:39 28/08/20
144,78.6,19.485,998.88,5.0,4.13 17:31:53 28/08/20
135,78.2,19.235,998.76,4.72,4.13 17:37:08 28/08/20
173,81.3,18.939999,998.77,4.23,4.14 17:42:22 28/08/20
148,82.1,18.695,998.51,5.0,4.14 17:47:37 28/08/20
214,84.6,18.58,998.28,4.8,4.16 17:52:53 28/08/20
175,83.5,18.545,998.34,4.47,4.12 17:58:07 28/08/20
167,82.2,18.54,998.35,5.0,4.14 18:03:25 28/08/20
157,82.2,18.535,998.35,4.35,4.14 18:08:45 28/08/20
168,89.0,18.52,998.35,4.53,4.13 18:14:03 28/08/20
178,83.8,18.45,998.2,5.0,4.14 18:19:23 28/08/20
171,82.8,18.43,998.26,5.0,4.15 18:24:41 28/08/20
179,86.9,18.42,998.28,4.34,4.13 18:30:01 28/08/20
147,85.5,18.34,998.44,4.22,4.14 18:35:16 28/08/20
147,86.6,18.27,998.43,4.57,4.14 18:40:30 28/08/20
100,87.5,18.244999,998.46,4.36,4.11 18:45:49 28/08/20
92,89.0,18.165,998.58,4.45,4.1 18:51:09 28/08/20
105,89.2,18.05,998.36,4.35,4.09 18:56:23 28/08/20
84,87.6,17.96,998.66,4.23,4.08 19:01:37 28/08/20
74,90.8,17.865002,998.6,4.28,4.08 19:06:53 28/08/20
108,89.7,17.755001,998.5,5.0,4.07 19:12:07 28/08/20
122,90.3,17.73,998.42,5.0,4.07 19:17:21 28/08/20
93,91.5,17.68,998.62,4.65,4.06 19:22:36 28/08/20
102,90.5,17.67,998.77,4.11,4.01 19:27:50 28/08/20
76,90.8,17.665,998.92,4.29,4.05 19:33:06 28/08/20
86,90.3,17.654999,998.8,4.29,4.05 19:38:23 28/08/20
131,91.2,17.654999,998.73,5.0,4.05 19:43:43 28/08/20
106,90.2,17.585,998.57,4.57,4.04 19:48:57 28/08/20
106,91.4,17.564999,998.55,5.0,4.04 19:54:12 28/08/20
119,90.6,17.545,998.55,5.0,4.04 19:59:26 28/08/20
106,89.5,17.54,998.38,4.95,4.04 20:04:42 28/08/20
99,91.9,17.48,998.38,4.39,4.03 20:09:59 28/08/20
86,91.5,17.415,998.41,4.15,4.03 20:15:19 28/08/20
83,91.5,17.380001,998.32,4.16,4.02 20:20:33 28/08/20
76,91.3,17.35,998.23,4.14,4.02 20:25:48 28/08/20
64,93.0,17.275002,998.34,3.89,4.02 20:31:02 28/08/20
58,91.8,17.18,998.25,3.56,4.01 20:36:17 28/08/20
47,92.6,17.075,998.39,2.95,4.01 20:41:31 28/08/20
39,92.9,16.985,998.38,2.45,4.01 20:46:46 28/08/20
28,94.4,16.900002,998.37,1.53,4.01 20:52:00 28/08/20
21,93.4,16.86,998.52,0.8,4.0 20:57:15 28/08/20
17,92.9,16.76,998.48,0.36,4.0 21:02:29 28/08/20
14,92.6,16.665,998.57,0.15,4.0 21:07:44 28/08/20
14,92.9,16.56,998.53,0.05,4.0 21:12:58 28/08/20
13,92.5,16.45,998.48,0.01,3.99 21:18:16 28/08/20
13,93.0,16.365,998.51,0.0,3.99 21:23:36 28/08/20
13,93.5,16.27,998.52,0.0,3.99 21:28:50 28/08/20
11,92.4,16.18,998.47,0.0,3.95 21:34:12 28/08/20
12,93.0,16.15,998.53,0.0,3.94 21:39:27 28/08/20
13,93.1,16.06,998.63,0.0,3.98 21:44:45 28/08/20
12,93.2,15.98,998.72,0.0,3.98 21:50:04 28/08/20
12,93.2,15.889999,998.7,0.0,3.98 21:55:19 28/08/20
12,93.2,15.860001,998.66,0.0,3.98 22:00:34 28/08/20
12,93.7,15.785,998.74,0.0,3.98 22:05:47 28/08/20
11,93.4,15.765,998.77,0.0,3.98 22:11:02 28/08/20
12,93.1,15.75,998.8,0.0,3.97 22:16:17 28/08/20
11,94.0,15.685,998.77,0.0,3.97 22:21:30 28/08/20
12,93.8,15.67,998.84,0.0,3.97 22:26:46 28/08/20
11,93.6,15.665,998.81,0.0,3.97 22:31:59 28/08/20
11,93.6,15.7300005,998.89,0.0,3.97 22:37:13 28/08/20
11,93.7,15.74,998.87,0.0,3.97 22:42:27 28/08/20
11,94.1,15.74,998.83,0.0,3.96 22:47:42 28/08/20
11,94.8,15.68,998.89,0.0,3.96 22:52:57 28/08/20
11,93.4,15.675,998.88,0.0,3.96 22:58:10 28/08/20
12,93.8,15.67,998.95,0.0,3.96 23:03:28 28/08/20
11,94.6,15.675,998.92,0.0,3.96 23:08:47 28/08/20
12,92.9,15.66,998.97,0.0,3.96 23:14:02 28/08/20
11,93.5,15.64,999.0,0.0,3.96 23:19:14 28/08/20
13,93.4,15.58,999.05,0.0,3.96 23:24:30 28/08/20
11,93.4,15.565,999.05,0.0,3.96 23:29:43 28/08/20
12,93.6,15.55,999.05,0.0,3.96 23:34:59 28/08/20
12,93.7,15.475,999.02,0.0,3.95 23:40:17 28/08/20
11,94.1,15.460001,999.11,0.0,3.9 23:45:46 28/08/20
12,94.0,15.445,999.14,0.0,3.9 23:51:02 28/08/20
10,94.9,15.370001,999.16,0.0,3.95 23:56:21 28/08/20
