12,93.7,15.335,999.19,0.0,3.95 00:01:39 29/08/20
11,94.2,15.265,999.23,0.0,3.95 00:06:58 29/08/20
11,94.1,15.24,999.26,0.0,3.95 00:12:12 29/08/20
12,93.9,15.16,999.2,0.0,3.94 00:17:30 29/08/20
11,94.1,15.145,999.19,0.0,3.95 00:22:49 29/08/20
11,94.1,15.145,999.23,0.0,3.95 00:28:04 29/08/20
11,94.5,15.13,999.21,0.0,3.94 00:33:18 29/08/20
11,94.9,15.065,999.17,0.0,3.94 00:38:32 29/08/20
11,95.5,15.059999,999.23,0.0,3.94 00:43:47 29/08/20
11,95.0,15.049999,999.24,0.0,3.94 00:49:00 29/08/20
11,95.0,15.035,999.29,0.0,3.94 00:54:14 29/08/20
11,95.2,14.975,999.43,0.0,3.94 00:59:29 29/08/20
11,95.1,14.97,999.45,0.0,3.94 01:04:43 29/08/20
11,95.5,14.96,999.41,0.0,3.94 01:09:58 29/08/20
11,95.2,14.945,999.42,0.0,3.94 01:15:11 29/08/20
11,94.7,14.889999,999.47,0.0,3.93 01:20:25 29/08/20
12,94.9,14.87,999.42,0.0,3.93 01:25:43 29/08/20
11,95.7,14.855,999.5,0.0,3.93 01:31:02 29/08/20
11,95.6,14.775,999.54,0.0,3.93 01:36:16 29/08/20
10,96.0,14.695,999.54,0.0,3.93 01:41:30 29/08/20
12,95.3,14.655001,999.57,0.0,3.93 01:46:48 29/08/20
10,96.1,14.585,999.7,0.0,3.93 01:52:07 29/08/20
10,96.2,14.545,999.65,0.0,3.93 01:57:21 29/08/20
9,95.9,14.450001,999.66,0.0,3.88 02:02:35 29/08/20
12,96.3,14.365,999.63,0.0,3.92 02:07:58 29/08/20
10,96.1,14.335,999.62,0.0,3.93 02:13:12 29/08/20
9,95.9,14.184999,999.7,0.0,3.93 02:18:26 29/08/20
9,95.9,14.15,999.69,0.0,3.92 02:23:40 29/08/20
8,96.7,14.08,999.68,0.0,3.92 02:28:53 29/08/20
9,96.0,14.059999,999.67,0.0,3.92 02:34:08 29/08/20
9,95.1,14.04,999.74,0.0,3.92 02:39:22 29/08/20
8,95.4,14.03,999.79,0.0,3.92 02:44:36 29/08/20
9,95.6,13.98,999.8,0.0,3.92 02:49:53 29/08/20
11,95.9,13.97,999.73,0.0,3.91 02:55:13 29/08/20
8,96.1,13.97,999.67,0.0,3.92 03:00:27 29/08/20
8,96.1,13.96,999.75,0.0,3.92 03:05:41 29/08/20
9,95.4,13.950001,999.75,0.0,3.91 03:10:55 29/08/20
9,96.4,13.885,999.72,0.0,3.91 03:16:09 29/08/20
9,96.4,13.875,999.77,0.0,3.91 03:21:23 29/08/20
9,96.2,13.860001,999.8,0.0,3.91 03:26:37 29/08/20
9,96.2,13.844999,999.77,0.0,3.91 03:31:51 29/08/20
6,97.4,13.780001,999.76,0.0,3.91 03:37:03 29/08/20
9,96.6,13.755,999.69,0.0,3.91 03:42:19 29/08/20
9,96.7,13.735001,999.61,0.0,3.91 03:47:33 29/08/20
9,96.9,13.67,999.63,0.0,3.91 03:52:47 29/08/20
8,96.1,13.665,999.64,0.0,3.9 03:58:01 29/08/20
8,96.7,13.66,999.66,0.0,3.9 04:03:16 29/08/20
9,97.6,13.645,999.57,0.0,3.85 04:08:39 29/08/20
9,97.1,13.645,999.63,0.0,3.91 04:13:52 29/08/20
9,96.9,13.635,999.6,0.0,3.91 04:19:06 29/08/20
9,96.9,13.635,999.57,0.0,3.9 04:24:20 29/08/20
9,97.2,13.635,999.59,0.0,3.9 04:29:34 29/08/20
9,97.6,13.625,999.64,0.0,3.9 04:34:48 29/08/20
10,97.2,13.57,999.68,0.0,3.9 04:40:05 29/08/20
9,97.5,13.615,999.61,0.0,3.9 04:45:25 29/08/20
9,97.9,13.625,999.67,0.0,3.9 04:50:39 29/08/20
9,97.3,13.62,999.7,0.0,3.9 04:55:53 29/08/20
9,97.7,13.57,999.7,0.0,3.9 05:01:07 29/08/20
9,98.2,13.57,999.71,0.0,3.9 05:06:20 29/08/20
10,97.7,13.565,999.71,0.0,3.9 05:11:34 29/08/20
9,97.3,13.565,999.68,0.0,3.9 05:16:48 29/08/20
8,97.2,13.565,999.69,0.0,3.9 05:22:00 29/08/20
10,97.2,13.555,999.71,0.0,3.9 05:27:16 29/08/20
10,97.1,13.549999,999.77,0.0,3.9 05:32:30 29/08/20
10,97.9,13.549999,999.79,0.0,3.9 05:37:44 29/08/20
10,97.6,13.54,999.84,0.0,3.9 05:42:58 29/08/20
10,97.2,13.54,999.87,0.0,3.9 05:48:12 29/08/20
11,97.4,13.545,999.89,0.0,3.9 05:53:26 29/08/20
12,97.5,13.549999,999.88,0.0,3.9 05:58:43 29/08/20
9,97.8,13.565,999.9,0.01,3.89 06:04:02 29/08/20
12,97.8,13.57,999.93,0.03,3.89 06:09:17 29/08/20
13,98.4,13.63,999.93,0.1,3.89 06:14:32 29/08/20
13,97.6,13.625,999.91,0.25,3.89 06:19:43 29/08/20
18,98.5,13.57,999.95,0.6,3.89 06:24:59 29/08/20
23,98.0,13.555,999.97,1.26,3.89 06:30:13 29/08/20
30,98.2,13.535,1000.01,2.02,3.89 06:35:26 29/08/20
40,98.5,13.475,1000.08,2.81,3.9 06:40:40 29/08/20
53,98.0,13.48,1000.08,3.55,3.89 06:45:54 29/08/20
65,98.9,13.485001,1000.03,3.97,3.89 06:51:08 29/08/20
73,98.8,13.535,1000.05,4.0,3.89 06:56:22 29/08/20
84,98.9,13.535,1000.1,4.15,3.89 07:01:36 29/08/20
92,98.2,13.53,1000.17,4.41,3.89 07:06:50 29/08/20
100,99.2,13.47,1000.16,4.6,3.89 07:12:04 29/08/20
113,98.2,13.46,1000.27,4.96,3.89 07:17:18 29/08/20
125,98.8,13.465,1000.35,4.36,3.89 07:22:35 29/08/20
142,98.9,13.47,1000.49,4.4,3.9 07:27:55 29/08/20
150,98.2,13.47,1000.54,5.0,3.9 07:33:09 29/08/20
177,99.1,13.485001,1000.66,4.08,3.91 07:38:22 29/08/20
166,99.1,13.549999,1000.58,4.47,3.91 07:43:36 29/08/20
146,99.2,13.59,1000.66,4.09,3.9 07:48:50 29/08/20
157,99.9,13.68,1000.66,5.0,3.9 07:54:04 29/08/20
161,99.9,13.835,1000.72,4.67,3.9 07:59:18 29/08/20
208,99.9,13.865,1000.61,4.06,3.92 08:04:32 29/08/20
183,99.9,13.97,1000.75,5.0,3.92 08:09:46 29/08/20
205,99.9,14.065,1000.79,5.0,3.92 08:15:04 29/08/20
217,99.9,14.155001,1000.73,5.0,3.93 08:20:23 29/08/20
209,99.9,14.255,1000.77,3.99,3.87 08:25:40 29/08/20
211,99.9,14.34,1000.71,5.0,3.93 08:30:59 29/08/20
211,99.9,14.43,1000.8,3.99,3.93 08:36:13 29/08/20
239,99.9,14.46,1000.9,4.51,3.95 08:41:27 29/08/20
236,99.9,14.54,1000.96,4.12,3.95 08:46:41 29/08/20
243,99.9,14.639999,1000.98,4.74,3.96 08:51:55 29/08/20
243,99.9,14.735001,1001.06,4.06,3.98 08:57:13 29/08/20
239,99.9,14.91,1001.1,4.09,3.99 09:02:32 29/08/20
227,99.9,15.045,1001.08,4.11,4.0 09:07:46 29/08/20
279,99.9,15.22,1001.05,4.25,4.06 09:13:01 29/08/20
210,99.9,15.360001,1001.1,5.0,4.01 09:18:15 29/08/20
201,99.9,15.450001,1001.18,4.08,4.01 09:23:30 29/08/20
188,99.9,15.535,1001.29,4.07,4.0 09:28:43 29/08/20
228,99.9,15.545,1001.3,4.15,4.03 09:34:01 29/08/20
216,99.9,15.575,1001.5,4.27,4.03 09:39:20 29/08/20
264,99.9,15.58,1001.42,4.16,4.08 09:44:39 29/08/20
204,99.9,15.66,1001.47,4.2,4.05 09:49:57 29/08/20
222,99.9,15.67,1001.52,4.62,4.06 09:55:16 29/08/20
231,99.9,15.7300005,1001.6,4.15,4.09 10:00:34 29/08/20
212,99.9,15.75,1001.72,4.25,4.09 10:05:49 29/08/20
247,99.9,15.815001,1001.8,4.23,4.14 10:11:03 29/08/20
217,99.9,15.85,1001.86,5.0,4.14 10:16:17 29/08/20
245,99.9,15.93,1001.83,5.0,4.17 10:21:32 29/08/20
227,99.9,15.98,1001.87,4.22,4.14 10:26:46 29/08/20
239,99.9,16.055,1001.9,4.45,4.15 10:32:00 29/08/20
203,99.9,16.135,1001.98,4.15,4.08 10:37:14 29/08/20
181,99.9,16.145,1002.01,4.18,4.13 10:42:29 29/08/20
204,99.9,16.205,1001.99,5.0,4.13 10:47:43 29/08/20
187,99.9,16.220001,1002.08,4.84,4.12 10:52:57 29/08/20
225,99.8,16.23,1002.1,4.18,4.13 10:58:12 29/08/20
199,99.9,16.25,1002.12,5.0,4.13 11:03:26 29/08/20
184,99.8,16.25,1002.12,4.17,4.12 11:08:41 29/08/20
181,99.9,16.26,1002.22,5.0,4.13 11:13:55 29/08/20
219,99.9,16.32,1002.23,4.26,4.14 11:19:09 29/08/20
195,99.9,16.33,1002.32,4.82,4.14 11:24:27 29/08/20
243,99.9,16.35,1002.35,4.3,4.16 11:29:46 29/08/20
250,99.9,16.435,1002.38,4.26,4.17 11:35:01 29/08/20
295,99.9,16.529999,1002.33,5.0,4.21 11:40:15 29/08/20
265,99.9,16.65,1002.46,5.0,4.19 11:45:29 29/08/20
272,99.9,16.810001,1002.48,4.35,4.2 11:50:45 29/08/20
270,99.7,16.904999,1002.45,4.36,4.2 11:55:59 29/08/20
274,99.9,17.01,1002.41,4.34,4.2 12:01:13 29/08/20
293,99.7,17.135,1002.35,5.0,4.21 12:06:27 29/08/20
291,99.5,17.375,1002.37,5.0,4.21 12:11:42 29/08/20
287,98.9,17.585,1002.32,5.0,4.21 12:16:56 29/08/20
295,98.6,17.73,1002.32,5.0,4.21 12:22:10 29/08/20
286,98.3,17.904999,1002.36,5.0,4.2 12:27:29 29/08/20
345,98.4,18.02,1002.19,5.0,4.21 12:32:49 29/08/20
268,97.9,18.36,1002.29,5.0,4.15 12:38:04 29/08/20
360,97.5,18.650002,1002.3,5.0,4.21 12:43:19 29/08/20
356,97.1,18.965,1002.32,5.0,4.21 12:48:37 29/08/20
356,96.5,19.335,1002.45,5.0,4.21 12:53:56 29/08/20
279,96.9,19.61,1002.37,5.0,4.21 12:59:10 29/08/20
260,95.3,19.725,1002.29,4.55,4.19 13:04:24 29/08/20
271,93.7,19.675,1002.3,4.8,4.21 13:09:41 29/08/20
255,93.8,19.57,1002.3,4.5,4.19 13:14:56 29/08/20
242,92.8,19.35,1002.31,4.28,4.18 13:20:11 29/08/20
271,94.1,19.295,1002.36,5.0,4.21 13:25:25 29/08/20
274,94.6,19.29,1002.47,5.0,4.21 13:30:40 29/08/20
257,93.0,19.23,1002.44,4.35,4.2 13:35:56 29/08/20
261,93.4,19.205,1002.46,4.35,4.2 13:41:08 29/08/20
268,94.0,19.195,1002.5,5.0,4.21 13:46:28 29/08/20
334,93.8,19.215,1002.51,5.0,4.21 13:51:49 29/08/20
253,93.6,19.310001,1002.45,4.29,4.19 13:57:03 29/08/20
221,92.0,19.305,1002.54,4.23,4.17 14:02:21 29/08/20
243,91.8,19.215,1002.61,4.28,4.19 14:07:42 29/08/20
256,92.8,19.125,1002.62,4.3,4.2 14:12:56 29/08/20
203,91.9,19.095001,1002.6,4.26,4.16 14:18:11 29/08/20
222,92.1,18.96,1002.74,4.91,4.17 14:23:25 29/08/20
227,92.5,18.86,1002.77,4.28,4.18 14:28:38 29/08/20
235,92.7,18.815,1002.71,4.28,4.19 14:33:53 29/08/20
239,92.7,18.765,1002.76,4.29,4.18 14:39:10 29/08/20
247,92.4,18.83,1002.79,4.36,4.19 14:44:24 29/08/20
267,92.3,18.76,1002.86,5.0,4.21 14:49:40 29/08/20
282,91.6,18.91,1002.88,5.0,4.21 14:54:55 29/08/20
279,92.7,19.085,1002.85,5.0,4.21 15:00:07 29/08/20
233,91.3,19.220001,1002.93,4.27,4.18 15:05:27 29/08/20
254,91.4,19.225,1002.9,4.49,4.21 15:10:47 29/08/20
265,89.8,19.21,1002.91,4.86,4.21 15:16:02 29/08/20
247,90.5,19.145,1002.94,5.0,4.19 15:21:20 29/08/20
248,91.4,19.145,1002.97,4.3,4.17 15:26:40 29/08/20
260,90.8,19.145,1002.92,5.0,4.21 15:31:55 29/08/20
254,91.8,19.205,1002.95,4.29,4.2 15:37:09 29/08/20
250,91.7,19.285,1002.96,4.34,4.19 15:42:24 29/08/20
253,92.3,19.375,1002.97,4.31,4.2 15:47:39 29/08/20
250,92.4,19.474998,1002.94,4.31,4.18 15:52:53 29/08/20
231,91.1,19.5,1003.1,4.28,4.18 15:58:10 29/08/20
229,90.4,19.43,1002.98,5.0,4.18 16:03:24 29/08/20
226,91.2,19.43,1002.99,4.27,4.17 16:08:37 29/08/20
224,91.5,19.43,1002.98,4.33,4.17 16:13:57 29/08/20
226,91.1,19.435,1003.01,4.27,4.18 16:19:18 29/08/20
237,89.2,19.415,1003.09,4.25,4.19 16:24:32 29/08/20
247,90.5,19.415,1003.13,4.35,4.2 16:29:47 29/08/20
258,88.3,19.42,1003.06,4.87,4.21 16:35:05 29/08/20
243,87.4,19.404999,1003.09,4.3,4.2 16:40:26 29/08/20
243,89.4,19.345001,1003.13,4.3,4.17 16:45:40 29/08/20
246,88.2,19.345001,1003.1,4.28,4.18 16:50:53 29/08/20
253,90.7,19.439999,1003.18,4.33,4.2 16:56:10 29/08/20
262,86.9,19.51,1003.19,5.0,4.21 17:01:24 29/08/20
258,86.1,19.585,1003.19,4.65,4.21 17:06:39 29/08/20
241,85.1,19.61,1003.23,4.32,4.19 17:11:54 29/08/20
229,84.6,19.61,1003.17,4.31,4.18 17:17:08 29/08/20
222,85.7,19.595001,1003.18,4.28,4.18 17:22:22 29/08/20
223,86.4,19.545,1003.19,4.31,4.17 17:27:39 29/08/20
248,87.0,19.6,1003.13,5.0,4.21 17:32:54 29/08/20
238,85.9,19.615,1003.14,4.54,4.21 17:38:08 29/08/20
203,88.1,19.715,1003.23,4.32,4.16 17:43:24 29/08/20
203,85.5,19.720001,1003.3,5.0,4.17 17:48:37 29/08/20
196,86.0,19.625,1003.33,5.0,4.16 17:53:53 29/08/20
214,86.7,19.55,1003.3,5.0,4.21 17:59:08 29/08/20
227,87.8,19.61,1003.34,4.46,4.2 18:04:24 29/08/20
205,87.8,19.635,1003.31,4.29,4.17 18:09:38 29/08/20
196,88.3,19.615,1003.38,4.31,4.17 18:14:53 29/08/20
183,88.4,19.535,1003.37,4.22,4.16 18:20:08 29/08/20
168,88.7,19.525,1003.5,4.46,4.15 18:25:22 29/08/20
189,89.1,19.51,1003.54,4.28,4.18 18:30:38 29/08/20
189,89.3,19.515,1003.59,4.24,4.16 18:35:52 29/08/20
179,89.3,19.51,1003.58,4.21,4.15 18:41:07 29/08/20
179,88.4,19.37,1003.71,5.0,4.14 18:46:23 29/08/20
164,88.6,19.27,1003.67,4.24,4.13 18:51:37 29/08/20
153,88.6,19.220001,1003.68,4.18,4.14 18:56:50 29/08/20
150,89.3,19.135,1003.73,5.0,4.13 19:02:10 29/08/20
137,89.6,19.125,1003.72,4.96,4.13 19:07:30 29/08/20
137,89.9,19.1,1003.7,4.62,4.14 19:12:43 29/08/20
139,89.6,19.02,1003.82,5.0,4.14 19:17:59 29/08/20
141,90.0,18.935,1003.78,5.0,4.13 19:23:14 29/08/20
143,90.1,18.91,1003.86,4.98,4.13 19:28:28 29/08/20
128,89.9,18.83,1003.8,4.23,4.15 19:33:44 29/08/20
111,90.0,18.76,1003.82,4.96,4.14 19:38:59 29/08/20
109,89.7,18.725,1003.87,5.0,4.13 19:44:13 29/08/20
102,90.0,18.635,1003.86,4.83,4.13 19:49:29 29/08/20
90,90.1,18.555,1003.9,5.0,4.12 19:54:43 29/08/20
70,89.9,18.51,1003.86,4.79,4.11 19:59:56 29/08/20
70,89.9,18.425,1003.88,4.79,4.1 20:05:12 29/08/20
64,90.0,18.345001,1003.92,4.79,4.09 20:10:27 29/08/20
59,90.0,18.32,1003.97,4.17,4.08 20:15:45 29/08/20
50,90.0,18.305,1004.01,4.28,4.07 20:21:05 29/08/20
42,90.1,18.225,1004.02,4.16,4.06 20:26:19 29/08/20
32,90.1,18.145,1004.19,3.68,4.06 20:31:33 29/08/20
26,90.3,18.115,1004.19,3.29,4.01 20:36:47 29/08/20
17,90.1,18.035,1004.28,2.72,4.05 20:42:03 29/08/20
10,90.1,17.95,1004.33,2.01,4.04 20:47:16 29/08/20
5,90.1,17.86,1004.36,1.34,4.04 20:52:36 29/08/20
2,90.1,17.8,1004.43,0.77,4.04 20:57:56 29/08/20
0,90.1,17.64,1004.53,0.35,4.03 21:03:10 29/08/20
0,90.1,17.52,1004.59,0.12,4.03 21:08:25 29/08/20
0,90.2,17.35,1004.55,0.04,4.03 21:13:38 29/08/20
0,90.3,17.185001,1004.63,0.01,4.02 21:18:54 29/08/20
0,90.4,17.055,1004.6,0.0,4.02 21:24:08 29/08/20
0,90.5,16.939999,1004.65,0.0,4.02 21:29:23 29/08/20
0,90.7,16.835,1004.74,0.0,4.01 21:34:37 29/08/20
0,90.9,16.725,1004.77,0.0,4.01 21:39:52 29/08/20
0,91.0,16.635,1004.85,0.0,4.01 21:45:06 29/08/20
0,91.0,16.475,1004.93,0.0,4.0 21:50:24 29/08/20
0,91.2,16.37,1005.0,0.0,4.0 21:55:52 29/08/20
0,91.4,16.325,1005.03,0.0,4.0 22:01:05 29/08/20
0,91.6,16.165,1005.08,0.0,3.99 22:06:21 29/08/20
0,91.7,16.055,1005.03,0.0,3.99 22:11:33 29/08/20
4,91.7,15.950001,1005.03,0.0,3.99 22:16:50 29/08/20
7,91.9,15.84,1005.0,0.0,3.99 22:22:04 29/08/20
10,92.1,15.74,1005.04,0.0,3.99 22:27:19 29/08/20
15,92.1,15.59,1005.03,0.0,3.98 22:32:32 29/08/20
17,92.1,15.49,1005.03,0.0,3.98 22:37:47 29/08/20
12,92.3,15.385,1005.02,0.0,3.95 22:42:59 29/08/20
11,92.5,15.344999,1005.1,0.0,3.98 22:48:15 29/08/20
9,92.4,15.24,1005.12,0.0,3.98 22:53:28 29/08/20
9,92.6,15.15,1005.23,0.0,3.97 22:58:52 29/08/20
8,92.9,15.065,1005.26,0.0,3.98 23:04:06 29/08/20
9,92.6,14.975,1005.23,0.0,3.97 23:09:21 29/08/20
8,93.1,14.895,1005.25,0.0,3.97 23:14:35 29/08/20
8,93.3,14.855,1005.22,0.0,3.97 23:19:49 29/08/20
8,93.3,14.775,1005.25,0.0,3.97 23:25:04 29/08/20
8,93.3,14.690001,1005.25,0.0,3.96 23:30:21 29/08/20
7,93.6,14.66,1005.17,0.0,3.96 23:35:40 29/08/20
7,93.8,14.58,1005.11,0.0,3.96 23:40:54 29/08/20
7,93.6,14.545,1005.15,0.0,3.96 23:46:07 29/08/20
7,93.4,14.465,1005.17,0.0,3.96 23:51:22 29/08/20
7,93.7,14.434999,1005.29,0.0,3.96 23:56:36 29/08/20
