0,99.9,3.1950002,1010.35,0.0,3.57 00:02:14 02/01/21
0,99.9,3.1799998,1010.32,0.0,3.57 00:07:27 02/01/21
0,99.9,3.175,1010.31,0.0,3.57 00:12:42 02/01/21
0,99.9,3.1799998,1010.37,0.0,3.57 00:17:58 02/01/21
0,99.9,3.17,1010.34,0.0,3.57 00:23:12 02/01/21
0,99.9,3.175,1010.35,0.0,3.57 00:28:22 02/01/21
0,99.9,3.155,1010.34,0.0,3.57 00:33:37 02/01/21
0,99.9,3.1100001,1010.42,0.0,3.57 00:38:50 02/01/21
1,99.9,3.105,1010.41,0.0,3.57 00:44:02 02/01/21
1,99.9,3.1,1010.38,0.0,3.57 00:49:14 02/01/21
0,99.9,3.095,1010.36,0.0,3.57 00:54:26 02/01/21
0,99.9,3.08,1010.44,0.0,3.57 00:59:39 02/01/21
1,99.9,3.065,1010.4,0.0,3.57 01:04:51 02/01/21
0,99.9,3.06,1010.41,0.0,3.57 01:10:04 02/01/21
1,99.9,2.99,1010.45,0.02,3.57 01:15:15 02/01/21
0,99.9,2.975,1010.52,0.01,3.57 01:20:27 02/01/21
1,99.9,2.9099998,1010.5,0.01,3.57 01:25:41 02/01/21
0,99.9,2.9,1010.49,0.01,3.57 01:30:54 02/01/21
1,99.9,2.885,1010.56,0.0,3.57 01:36:08 02/01/21
1,99.9,2.875,1010.5,0.0,3.57 01:41:19 02/01/21
1,99.9,2.865,1010.51,0.01,3.57 01:46:30 02/01/21
0,99.9,2.8,1010.6,0.02,3.57 01:51:43 02/01/21
0,99.9,2.79,1010.41,0.01,3.57 01:56:55 02/01/21
0,99.9,2.78,1010.54,0.0,3.57 02:02:11 02/01/21
0,99.9,2.78,1010.64,0.0,3.57 02:07:28 02/01/21
0,99.9,2.775,1010.57,0.0,3.57 02:12:45 02/01/21
0,99.9,2.78,1010.67,0.0,3.57 02:18:02 02/01/21
0,99.9,2.78,1010.68,0.0,3.57 02:23:15 02/01/21
0,99.9,2.78,1010.74,0.0,3.56 02:28:26 02/01/21
0,99.9,2.775,1010.8,0.0,3.57 02:33:37 02/01/21
0,99.9,2.775,1010.85,0.0,3.57 02:38:51 02/01/21
0,99.9,2.775,1010.88,0.0,3.56 02:44:04 02/01/21
0,99.9,2.77,1010.86,0.0,3.57 02:49:16 02/01/21
0,99.9,2.7649999,1010.88,0.0,3.57 02:54:28 02/01/21
1,99.9,2.76,1010.89,0.0,3.57 02:59:41 02/01/21
0,99.9,2.705,1010.89,0.0,3.56 03:04:54 02/01/21
0,99.9,2.6950002,1010.91,0.0,3.56 03:10:05 02/01/21
1,99.9,2.6799998,1010.86,0.0,3.57 03:15:16 02/01/21
1,99.9,2.62,1010.88,0.0,3.57 03:20:30 02/01/21
0,99.9,2.655,1010.81,0.0,3.56 03:25:46 02/01/21
0,99.9,2.6599998,1010.83,0.0,3.57 03:31:03 02/01/21
0,99.9,2.6,1010.85,0.0,3.57 03:36:16 02/01/21
0,99.9,2.65,1010.89,0.0,3.56 03:41:29 02/01/21
0,99.9,2.65,1010.9,0.0,3.57 03:46:40 02/01/21
0,99.9,2.645,1010.82,0.0,3.56 03:51:51 02/01/21
0,99.9,2.6399999,1010.86,0.0,3.57 03:57:05 02/01/21
0,99.9,2.585,1010.83,0.0,3.56 04:02:18 02/01/21
0,99.9,2.575,1010.85,0.0,3.56 04:07:30 02/01/21
0,99.9,2.58,1010.89,0.0,3.57 04:12:42 02/01/21
0,99.9,2.585,1010.95,0.0,3.56 04:17:58 02/01/21
0,99.9,2.585,1010.93,0.0,3.56 04:23:15 02/01/21
0,99.9,2.58,1011.0,0.0,3.56 04:28:26 02/01/21
0,99.9,2.58,1010.9,0.0,3.57 04:33:41 02/01/21
1,99.9,2.585,1010.85,0.0,3.56 04:38:52 02/01/21
0,99.9,2.59,1010.9,0.0,3.57 04:44:05 02/01/21
0,99.9,2.59,1010.82,0.0,3.56 04:49:17 02/01/21
1,99.9,2.645,1010.81,0.01,3.56 04:54:30 02/01/21
1,99.9,2.595,1010.8,0.0,3.56 04:59:42 02/01/21
1,99.9,2.595,1010.81,0.01,3.56 05:04:54 02/01/21
1,99.9,2.65,1010.89,0.0,3.56 05:10:06 02/01/21
0,99.9,2.6,1010.92,0.0,3.56 05:15:19 02/01/21
1,99.9,2.595,1010.84,0.0,3.56 05:20:31 02/01/21
1,99.9,2.59,1010.83,0.0,3.56 05:25:48 02/01/21
1,99.9,2.645,1010.84,0.0,3.56 05:31:06 02/01/21
1,99.9,2.585,1010.85,0.01,3.56 05:36:17 02/01/21
1,99.9,2.595,1010.85,0.0,3.56 05:41:29 02/01/21
1,99.9,2.59,1010.79,0.0,3.56 05:46:42 02/01/21
1,99.9,2.575,1010.74,0.01,3.56 05:51:54 02/01/21
1,99.9,2.56,1010.7,0.01,3.56 05:57:04 02/01/21
1,99.9,2.5,1010.84,0.0,3.56 06:02:22 02/01/21
1,99.9,2.495,1010.92,0.0,3.56 06:07:39 02/01/21
1,99.9,2.4850001,1010.88,0.0,3.56 06:12:50 02/01/21
1,99.9,2.4850001,1010.97,0.0,3.56 06:18:05 02/01/21
1,99.9,2.4850001,1010.98,0.0,3.56 06:23:16 02/01/21
1,99.9,2.4850001,1011.02,0.0,3.56 06:28:29 02/01/21
1,99.9,2.495,1011.03,0.0,3.56 06:33:42 02/01/21
1,99.9,2.55,1010.97,0.0,3.56 06:38:53 02/01/21
1,99.9,2.5,1011.04,0.0,3.56 06:44:06 02/01/21
1,99.9,2.555,1011.0,0.0,3.56 06:49:18 02/01/21
1,99.9,2.56,1011.08,0.0,3.56 06:54:38 02/01/21
1,99.9,2.57,1011.02,0.0,3.56 06:59:51 02/01/21
1,99.9,2.57,1011.04,0.0,3.56 07:05:04 02/01/21
0,99.9,2.57,1010.95,0.0,3.56 07:10:17 02/01/21
1,99.9,2.575,1010.98,0.0,3.56 07:15:28 02/01/21
1,99.9,2.575,1011.03,0.0,3.56 07:20:41 02/01/21
0,99.9,2.58,1011.02,0.0,3.56 07:25:53 02/01/21
1,99.9,2.58,1011.05,0.0,3.56 07:31:09 02/01/21
1,99.9,2.635,1011.07,0.0,3.56 07:36:26 02/01/21
1,99.9,2.595,1011.07,0.0,3.56 07:41:37 02/01/21
1,99.9,2.595,1011.09,0.01,3.56 07:46:52 02/01/21
1,99.9,2.6,1011.12,0.03,3.56 07:52:02 02/01/21
1,99.9,2.65,1011.17,0.06,3.55 07:57:20 02/01/21
1,99.9,2.6599998,1011.2,0.14,3.56 08:02:35 02/01/21
2,99.9,2.6599998,1011.26,0.25,3.56 08:07:49 02/01/21
2,99.9,2.6599998,1011.37,0.47,3.56 08:13:00 02/01/21
4,99.9,2.6599998,1011.36,1.03,3.56 08:18:14 02/01/21
6,99.9,2.67,1011.33,1.85,3.56 08:23:27 02/01/21
7,99.9,2.665,1011.34,2.41,3.56 08:28:38 02/01/21
10,99.9,2.67,1011.33,3.01,3.56 08:33:51 02/01/21
11,99.9,2.675,1011.41,3.56,3.56 08:39:01 02/01/21
14,99.9,2.6799998,1011.49,3.65,3.56 08:44:19 02/01/21
15,99.9,2.69,1011.51,3.72,3.55 08:49:36 02/01/21
18,99.9,2.69,1011.6,3.77,3.56 08:54:49 02/01/21
22,99.9,2.755,1011.62,3.77,3.55 09:00:01 02/01/21
23,99.9,2.75,1011.59,3.65,3.56 09:05:17 02/01/21
26,99.9,2.76,1011.62,4.23,3.56 09:10:38 02/01/21
25,99.9,2.77,1011.69,4.08,3.56 09:15:53 02/01/21
29,99.9,2.7849998,1011.77,4.53,3.56 09:21:07 02/01/21
36,99.9,2.85,1011.78,4.96,3.56 09:26:20 02/01/21
29,99.9,2.865,1011.8,3.67,3.56 09:31:30 02/01/21
36,99.9,2.875,1011.8,4.24,3.56 09:36:49 02/01/21
40,99.9,2.935,1011.86,4.57,3.56 09:42:06 02/01/21
46,99.9,2.9499998,1011.91,5.0,3.56 09:47:18 02/01/21
41,99.9,2.955,1011.93,4.43,3.56 09:52:28 02/01/21
51,99.9,2.96,1011.89,4.39,3.56 09:57:43 02/01/21
54,99.9,2.975,1011.93,4.73,3.56 10:02:55 02/01/21
57,99.9,3.04,1011.96,4.14,3.56 10:08:11 02/01/21
54,99.9,3.06,1012.01,3.77,3.57 10:13:28 02/01/21
73,99.9,3.08,1012.0,5.0,3.57 10:18:39 02/01/21
60,99.9,3.15,1012.01,5.0,3.57 10:23:53 02/01/21
42,99.9,3.175,1012.04,4.8,3.56 10:29:06 02/01/21
24,99.9,3.2,1012.16,3.69,3.57 10:34:19 02/01/21
21,99.9,3.2649999,1012.2,5.0,3.56 10:39:30 02/01/21
52,99.9,3.275,1012.25,5.0,3.57 10:44:43 02/01/21
71,99.9,3.29,1012.29,4.06,3.56 10:49:55 02/01/21
70,99.9,3.3600001,1012.27,3.94,3.57 10:55:08 02/01/21
68,99.9,3.3850002,1012.31,4.67,3.57 11:00:20 02/01/21
67,99.9,3.455,1012.37,4.02,3.57 11:05:33 02/01/21
74,99.9,3.475,1012.32,5.0,3.57 11:10:45 02/01/21
77,99.9,3.4899998,1012.32,4.91,3.58 11:16:01 02/01/21
73,99.9,3.555,1012.37,5.0,3.57 11:21:19 02/01/21
84,99.9,3.5800002,1012.38,3.91,3.57 11:26:32 02/01/21
85,99.9,3.6000001,1012.37,5.0,3.58 11:31:43 02/01/21
77,99.9,3.675,1012.31,4.13,3.57 11:36:56 02/01/21
79,99.9,3.695,1012.31,5.0,3.58 11:42:08 02/01/21
104,99.9,3.7749999,1012.2,4.54,3.58 11:47:21 02/01/21
86,99.9,3.85,1012.23,5.0,3.58 11:52:33 02/01/21
107,99.9,3.8850002,1012.2,3.84,3.57 11:57:46 02/01/21
96,99.9,3.9650002,1012.11,3.69,3.59 12:02:58 02/01/21
98,99.9,3.9850001,1012.02,5.0,3.58 12:08:11 02/01/21
92,99.9,4.06,1011.87,4.11,3.59 12:13:22 02/01/21
107,99.9,4.145,1011.88,3.67,3.58 12:18:36 02/01/21
77,99.9,4.175,1011.93,5.0,3.59 12:23:48 02/01/21
66,99.9,4.19,1011.83,5.0,3.58 12:29:02 02/01/21
82,99.9,4.255,1011.72,5.0,3.58 12:34:17 02/01/21
78,99.9,4.265,1011.68,3.7,3.57 12:39:35 02/01/21
85,99.9,4.27,1011.6,4.36,3.59 12:44:48 02/01/21
74,99.9,4.335,1011.53,5.0,3.58 12:50:03 02/01/21
72,99.9,4.36,1011.46,5.0,3.59 12:55:19 02/01/21
74,99.9,4.375,1011.48,5.0,3.59 13:00:33 02/01/21
66,99.9,4.385,1011.39,5.0,3.59 13:05:46 02/01/21
25,99.9,4.445,1011.39,4.13,3.58 13:10:56 02/01/21
75,99.9,4.465,1011.37,3.72,3.58 13:16:11 02/01/21
67,99.9,4.485,1011.37,5.0,3.59 13:21:23 02/01/21
70,99.9,4.55,1011.32,4.17,3.58 13:26:37 02/01/21
25,99.9,4.565,1011.33,3.64,3.59 13:31:48 02/01/21
25,99.9,4.5699997,1011.3,3.63,3.58 13:37:01 02/01/21
25,99.9,4.58,1011.29,5.0,3.58 13:42:13 02/01/21
22,99.9,4.585,1011.26,3.89,3.58 13:47:26 02/01/21
21,99.9,4.585,1011.21,4.02,3.58 13:52:39 02/01/21
21,99.9,4.645,1011.29,3.64,3.58 13:57:52 02/01/21
25,99.9,4.65,1011.23,3.71,3.58 14:03:04 02/01/21
32,99.9,4.665,1011.15,5.0,3.58 14:08:17 02/01/21
24,99.9,4.67,1011.19,5.0,3.58 14:13:29 02/01/21
26,99.9,4.675,1011.19,3.63,3.58 14:18:40 02/01/21
23,99.9,4.7349997,1011.19,5.0,3.58 14:23:55 02/01/21
19,99.9,4.75,1011.12,4.02,3.59 14:29:06 02/01/21
28,99.9,4.765,1011.1,5.0,3.59 14:34:20 02/01/21
29,99.9,4.77,1011.09,5.0,3.58 14:39:31 02/01/21
33,99.9,4.7799997,1011.09,5.0,3.59 14:44:50 02/01/21
28,99.9,4.855,1011.13,3.63,3.59 14:50:05 02/01/21
28,99.9,4.87,1011.13,3.69,3.58 14:55:19 02/01/21
23,99.9,4.945,1011.15,5.0,3.58 15:00:31 02/01/21
23,99.9,4.94,1011.15,3.68,3.59 15:05:44 02/01/21
20,99.9,4.95,1011.18,3.68,3.58 15:10:57 02/01/21
18,99.9,4.95,1011.17,3.96,3.59 15:16:09 02/01/21
16,99.9,4.94,1011.23,3.64,3.59 15:21:22 02/01/21
16,99.9,4.945,1011.2,4.65,3.58 15:26:34 02/01/21
16,99.9,4.945,1011.23,4.76,3.58 15:31:48 02/01/21
18,99.9,4.95,1011.3,4.17,3.58 15:37:00 02/01/21
12,99.9,4.945,1011.33,4.99,3.58 15:42:12 02/01/21
16,99.9,4.945,1011.36,5.0,3.58 15:47:25 02/01/21
14,99.9,4.94,1011.38,3.67,3.58 15:52:39 02/01/21
7,99.9,4.9350004,1011.41,4.76,3.58 15:57:48 02/01/21
8,99.9,4.88,1011.47,4.47,3.58 16:03:03 02/01/21
5,99.9,4.88,1011.53,4.18,3.58 16:08:16 02/01/21
5,99.9,4.875,1011.5,4.23,3.58 16:13:29 02/01/21
6,99.9,4.875,1011.49,4.0,3.58 16:18:39 02/01/21
6,99.9,4.8599997,1011.43,3.97,3.58 16:23:53 02/01/21
5,99.9,4.865,1011.51,3.66,3.58 16:29:04 02/01/21
5,99.9,4.855,1011.42,3.75,3.57 16:34:22 02/01/21
4,99.9,4.8599997,1011.44,3.68,3.58 16:39:44 02/01/21
3,99.9,4.855,1011.38,3.74,3.57 16:45:01 02/01/21
2,99.9,4.845,1011.44,3.27,3.57 16:50:13 02/01/21
1,99.9,4.84,1011.48,2.74,3.57 16:55:27 02/01/21
1,99.9,4.7799997,1011.35,2.46,3.58 17:00:37 02/01/21
2,99.9,4.77,1011.45,1.64,3.58 17:05:51 02/01/21
0,99.9,4.765,1011.47,0.98,3.57 17:11:04 02/01/21
0,99.9,4.75,1011.49,0.54,3.58 17:16:16 02/01/21
0,99.9,4.6949997,1011.56,0.21,3.57 17:21:30 02/01/21
0,99.9,4.69,1011.59,0.08,3.57 17:26:40 02/01/21
0,99.9,4.6800003,1011.68,0.03,3.57 17:31:54 02/01/21
0,99.9,4.675,1011.67,0.02,3.57 17:37:07 02/01/21
0,99.9,4.665,1011.74,0.01,3.57 17:42:19 02/01/21
0,99.9,4.66,1011.76,0.0,3.58 17:47:33 02/01/21
0,99.9,4.66,1011.9,0.01,3.57 17:52:53 02/01/21
0,99.9,4.66,1011.79,0.0,3.57 17:58:06 02/01/21
0,99.9,4.66,1011.84,0.0,3.57 18:03:22 02/01/21
0,99.9,4.65,1011.94,0.0,3.57 18:08:39 02/01/21
0,99.9,4.585,1011.92,0.0,3.57 18:13:50 02/01/21
0,99.9,4.58,1012.05,0.0,3.57 18:19:08 02/01/21
0,99.9,4.5699997,1012.11,0.0,3.57 18:24:25 02/01/21
0,99.9,4.505,1012.13,0.0,3.57 18:29:38 02/01/21
0,99.9,4.49,1012.01,0.0,3.57 18:34:51 02/01/21
0,99.9,4.48,1012.13,0.0,3.57 18:40:03 02/01/21
0,99.9,4.465,1012.16,0.0,3.57 18:45:14 02/01/21
0,99.9,4.45,1012.08,0.0,3.57 18:50:29 02/01/21
0,99.9,4.4,1012.07,0.0,3.57 18:55:46 02/01/21
0,99.9,4.395,1012.13,0.0,3.57 19:01:03 02/01/21
0,99.9,4.385,1012.17,0.0,3.57 19:06:15 02/01/21
0,99.9,4.38,1012.16,0.0,3.57 19:11:27 02/01/21
0,99.9,4.3650002,1012.1,0.0,3.57 19:16:38 02/01/21
0,99.9,4.36,1012.13,0.0,3.57 19:21:52 02/01/21
0,99.9,4.3050003,1012.15,0.0,3.57 19:27:05 02/01/21
0,99.9,4.3,1012.16,0.0,3.57 19:32:16 02/01/21
0,99.9,4.29,1012.1,0.0,3.57 19:37:31 02/01/21
0,99.9,4.2799997,1012.2,0.0,3.57 19:42:46 02/01/21
0,99.9,4.27,1012.24,0.0,3.57 19:48:05 02/01/21
1,99.9,4.265,1012.29,0.0,3.57 19:53:16 02/01/21
0,99.9,4.255,1012.34,0.0,3.57 19:58:27 02/01/21
0,99.9,4.19,1012.29,0.0,3.57 20:03:41 02/01/21
0,99.9,4.19,1012.25,0.0,3.57 20:08:54 02/01/21
0,99.9,4.19,1012.21,0.0,3.57 20:14:06 02/01/21
0,99.9,4.19,1012.09,0.0,3.57 20:19:19 02/01/21
0,99.9,4.185,1012.09,0.0,3.57 20:24:32 02/01/21
0,99.9,4.185,1012.1,0.0,3.57 20:29:43 02/01/21
0,99.9,4.1800003,1011.99,0.0,3.57 20:34:56 02/01/21
0,99.9,4.17,1011.99,0.0,3.57 20:40:10 02/01/21
0,99.9,4.175,1011.96,0.0,3.56 20:45:25 02/01/21
0,99.9,4.1549997,1012.03,0.0,3.57 20:50:46 02/01/21
0,99.9,4.1000004,1012.08,0.0,3.57 20:56:07 02/01/21
0,99.9,4.0950003,1012.01,0.0,3.57 21:01:24 02/01/21
0,99.9,4.085,1012.02,0.0,3.56 21:06:41 02/01/21
0,99.9,4.085,1011.91,0.0,3.57 21:11:59 02/01/21
0,99.9,4.085,1011.97,0.0,3.57 21:17:11 02/01/21
0,99.9,4.085,1011.99,0.0,3.57 21:22:23 02/01/21
0,99.9,4.0699997,1011.88,0.0,3.57 21:27:36 02/01/21
0,99.9,4.065,1011.91,0.0,3.57 21:32:48 02/01/21
0,99.9,4.06,1011.93,0.0,3.56 21:38:01 02/01/21
1,99.9,3.995,1011.88,0.0,3.57 21:43:13 02/01/21
3,99.9,3.98,1011.78,0.0,3.57 21:48:24 02/01/21
3,99.9,3.98,1011.83,0.0,3.57 21:53:37 02/01/21
4,99.9,3.9699998,1011.83,0.0,3.56 21:58:49 02/01/21
4,99.9,3.9650002,1011.81,0.0,3.57 22:04:03 02/01/21
3,99.9,3.9699998,1011.78,0.0,3.56 22:09:14 02/01/21
4,99.9,3.9699998,1011.88,0.0,3.56 22:14:28 02/01/21
5,99.9,3.975,1011.96,0.0,3.56 22:19:41 02/01/21
4,99.9,3.98,1012.03,0.0,3.56 22:24:52 02/01/21
4,99.9,3.9850001,1012.08,0.0,3.56 22:30:07 02/01/21
3,99.9,3.9850001,1012.03,0.0,3.56 22:35:19 02/01/21
2,99.9,4.0,1012.05,0.0,3.56 22:40:32 02/01/21
2,99.9,4.0,1012.11,0.0,3.56 22:45:47 02/01/21
1,99.9,4.005,1012.07,0.0,3.56 22:51:04 02/01/21
1,99.9,3.995,1012.16,0.0,3.57 22:56:18 02/01/21
0,99.9,3.995,1012.15,0.0,3.57 23:01:29 02/01/21
0,99.9,3.9899998,1012.2,0.0,3.56 23:06:41 02/01/21
0,99.9,3.9899998,1012.31,0.0,3.56 23:11:59 02/01/21
0,99.9,3.9899998,1012.42,0.0,3.57 23:17:18 02/01/21
0,99.9,3.9850001,1012.47,0.0,3.57 23:22:28 02/01/21
0,99.9,3.975,1012.46,0.0,3.56 23:27:45 02/01/21
0,99.9,3.9850001,1012.52,0.0,3.56 23:33:00 02/01/21
0,99.9,3.975,1012.55,0.0,3.56 23:38:14 02/01/21
0,99.9,3.975,1012.57,0.0,3.56 23:43:25 02/01/21
0,99.9,3.975,1012.57,0.0,3.56 23:48:39 02/01/21
0,99.9,3.975,1012.56,0.0,3.56 23:53:52 02/01/21
0,99.9,3.9699998,1012.52,0.0,3.56 23:59:04 02/01/21
