0,99.9,3.9650002,1012.54,0.0,3.56 00:04:17 03/01/21
0,99.9,3.9650002,1012.57,0.0,3.56 00:09:29 03/01/21
0,99.9,3.92,1012.53,0.0,3.56 00:14:42 03/01/21
0,99.9,3.915,1012.51,0.0,3.56 00:19:54 03/01/21
0,99.9,3.96,1012.4,0.0,3.56 00:25:07 03/01/21
0,99.9,3.9650002,1012.35,0.0,3.56 00:30:23 03/01/21
0,99.9,3.96,1012.38,0.0,3.56 00:35:39 03/01/21
0,99.9,3.9050002,1012.33,0.0,3.56 00:40:53 03/01/21
0,99.9,3.895,1012.35,0.0,3.56 00:46:05 03/01/21
0,99.9,3.88,1012.29,0.0,3.56 00:51:18 03/01/21
0,99.9,3.88,1012.36,0.0,3.56 00:56:30 03/01/21
0,99.9,3.88,1012.36,0.0,3.56 01:01:43 03/01/21
0,99.9,3.87,1012.29,0.0,3.56 01:06:55 03/01/21
0,99.9,3.87,1012.29,0.0,3.56 01:12:11 03/01/21
0,99.9,3.87,1012.29,0.0,3.56 01:17:19 03/01/21
0,99.9,3.8600001,1012.28,0.0,3.56 01:22:33 03/01/21
0,99.9,3.8600001,1012.3,0.0,3.56 01:27:45 03/01/21
0,99.9,3.8,1012.25,0.0,3.56 01:32:58 03/01/21
0,99.9,3.7949998,1012.23,0.0,3.56 01:38:10 03/01/21
0,99.9,3.79,1012.26,0.0,3.56 01:43:23 03/01/21
0,99.9,3.78,1012.25,0.0,3.56 01:48:35 03/01/21
0,99.9,3.7749999,1012.3,0.0,3.56 01:53:48 03/01/21
0,99.9,3.77,1012.23,0.0,3.56 01:59:00 03/01/21
0,99.9,3.7549999,1012.18,0.0,3.56 02:04:11 03/01/21
0,99.9,3.75,1012.27,0.0,3.56 02:09:25 03/01/21
0,99.9,3.74,1012.24,0.0,3.56 02:14:38 03/01/21
0,99.9,3.685,1012.3,0.0,3.56 02:19:50 03/01/21
0,99.9,3.685,1012.29,0.0,3.56 02:25:03 03/01/21
0,99.9,3.68,1012.33,0.0,3.56 02:30:15 03/01/21
0,99.9,3.68,1012.34,0.0,3.56 02:35:28 03/01/21
0,99.9,3.675,1012.38,0.0,3.56 02:40:40 03/01/21
0,99.9,3.675,1012.36,0.0,3.56 02:45:51 03/01/21
0,99.9,3.675,1012.37,0.0,3.56 02:51:05 03/01/21
0,99.9,3.67,1012.34,0.0,3.56 02:56:18 03/01/21
0,99.9,3.67,1012.31,0.0,3.56 03:01:30 03/01/21
0,99.9,3.6200001,1012.32,0.0,3.56 03:06:43 03/01/21
0,99.9,3.665,1012.37,0.0,3.56 03:11:53 03/01/21
0,99.9,3.655,1012.33,0.0,3.55 03:17:06 03/01/21
0,99.9,3.6000001,1012.31,0.0,3.56 03:22:24 03/01/21
0,99.9,3.665,1012.33,0.0,3.55 03:27:41 03/01/21
0,99.9,3.66,1012.35,0.0,3.56 03:32:54 03/01/21
0,99.9,3.66,1012.27,0.0,3.56 03:38:04 03/01/21
0,99.9,3.6100001,1012.34,0.0,3.56 03:43:19 03/01/21
0,99.9,3.6100001,1012.3,0.0,3.55 03:48:31 03/01/21
0,99.9,3.6100001,1012.3,0.0,3.56 03:53:47 03/01/21
0,99.9,3.655,1012.22,0.0,3.55 03:59:08 03/01/21
0,99.9,3.6000001,1012.1,0.0,3.55 04:04:29 03/01/21
0,99.9,3.595,1012.08,0.0,3.56 04:09:46 03/01/21
0,99.9,3.585,1012.02,0.0,3.55 04:14:57 03/01/21
0,99.9,3.5900002,1012.01,0.0,3.55 04:20:11 03/01/21
0,99.9,3.5900002,1012.1,0.0,3.56 04:25:24 03/01/21
0,99.9,3.5900002,1012.14,0.0,3.55 04:30:36 03/01/21
0,99.9,3.5900002,1012.14,0.0,3.55 04:35:47 03/01/21
0,99.9,3.595,1012.1,0.0,3.55 04:41:01 03/01/21
0,99.9,3.5900002,1012.15,0.0,3.55 04:46:14 03/01/21
0,99.9,3.595,1012.05,0.0,3.56 04:51:26 03/01/21
0,99.9,3.6000001,1012.02,0.0,3.55 04:56:37 03/01/21
0,99.9,3.595,1012.06,0.0,3.55 05:01:55 03/01/21
0,99.9,3.6000001,1012.1,0.0,3.55 05:07:12 03/01/21
0,99.9,3.605,1012.19,0.0,3.55 05:12:29 03/01/21
0,99.9,3.6000001,1012.19,0.0,3.55 05:17:46 03/01/21
0,99.9,3.595,1012.13,0.0,3.55 05:23:03 03/01/21
0,99.9,3.6000001,1012.14,0.0,3.55 05:28:20 03/01/21
0,99.9,3.585,1012.16,0.0,3.55 05:33:35 03/01/21
0,99.9,3.5900002,1012.19,0.0,3.55 05:38:53 03/01/21
0,99.9,3.595,1012.24,0.0,3.55 05:44:06 03/01/21
0,99.9,3.585,1012.18,0.0,3.55 05:49:17 03/01/21
0,99.9,3.585,1012.18,0.0,3.55 05:54:30 03/01/21
0,99.9,3.585,1012.2,0.0,3.55 05:59:42 03/01/21
0,99.9,3.585,1012.25,0.0,3.55 06:04:55 03/01/21
0,99.9,3.5800002,1012.2,0.0,3.55 06:10:07 03/01/21
0,99.9,3.5800002,1012.19,0.0,3.55 06:15:20 03/01/21
0,99.9,3.5800002,1012.18,0.0,3.55 06:20:32 03/01/21
0,99.9,3.585,1012.21,0.0,3.55 06:25:43 03/01/21
0,99.9,3.585,1012.27,0.0,3.55 06:30:57 03/01/21
0,99.9,3.5800002,1012.31,0.0,3.55 06:36:08 03/01/21
0,99.9,3.585,1012.36,0.0,3.55 06:41:22 03/01/21
0,99.9,3.5800002,1012.27,0.0,3.55 06:46:35 03/01/21
0,99.9,3.585,1012.37,0.0,3.55 06:51:51 03/01/21
1,99.9,3.5800002,1012.38,0.0,3.55 06:57:08 03/01/21
0,99.9,3.575,1012.42,0.0,3.55 07:02:24 03/01/21
0,99.9,3.575,1012.4,0.0,3.55 07:07:45 03/01/21
0,99.9,3.5800002,1012.4,0.0,3.55 07:13:02 03/01/21
0,99.9,3.565,1012.33,0.0,3.55 07:18:15 03/01/21
0,99.9,3.56,1012.45,0.0,3.55 07:23:26 03/01/21
0,99.9,3.505,1012.45,0.0,3.55 07:28:40 03/01/21
0,99.9,3.4899998,1012.49,0.0,3.55 07:33:51 03/01/21
0,99.9,3.48,1012.41,0.0,3.54 07:39:05 03/01/21
0,99.9,3.4650002,1012.41,0.0,3.55 07:44:17 03/01/21
0,99.9,3.46,1012.39,0.0,3.55 07:49:28 03/01/21
0,99.9,3.4099998,1012.51,0.02,3.55 07:54:42 03/01/21
0,99.9,3.4099998,1012.55,0.04,3.55 07:59:55 03/01/21
0,99.9,3.455,1012.54,0.1,3.55 08:05:07 03/01/21
0,99.9,3.4050002,1012.6,0.17,3.54 08:10:23 03/01/21
0,99.9,3.4050002,1012.58,0.46,3.55 08:15:41 03/01/21
0,99.9,3.4050002,1012.56,0.97,3.54 08:20:54 03/01/21
1,99.9,3.455,1012.57,1.64,3.54 08:26:05 03/01/21
1,99.9,3.455,1012.55,2.08,3.54 08:31:18 03/01/21
2,99.9,3.4050002,1012.57,2.63,3.55 08:36:30 03/01/21
3,99.9,3.4,1012.59,3.02,3.54 08:41:43 03/01/21
4,99.9,3.4,1012.63,3.44,3.55 08:46:53 03/01/21
5,99.9,3.3899999,1012.63,3.75,3.54 08:52:06 03/01/21
6,99.9,3.3899999,1012.66,3.64,3.55 08:57:21 03/01/21
8,99.9,3.3899999,1012.62,3.67,3.54 09:02:33 03/01/21
10,99.9,3.3899999,1012.67,3.76,3.54 09:07:46 03/01/21
11,99.9,3.3850002,1012.71,4.31,3.55 09:13:01 03/01/21
15,99.9,3.395,1012.73,4.7,3.55 09:18:18 03/01/21
16,99.9,3.4099998,1012.81,3.96,3.55 09:23:31 03/01/21
16,99.9,3.4099998,1012.82,4.84,3.54 09:28:43 03/01/21
15,99.9,3.4699998,1012.84,5.0,3.54 09:33:56 03/01/21
18,99.9,3.4899998,1012.89,5.0,3.54 09:39:08 03/01/21
20,99.9,3.495,1012.86,5.0,3.55 09:44:21 03/01/21
22,99.9,3.5099998,1012.92,4.57,3.55 09:49:33 03/01/21
28,99.9,3.57,1012.93,5.0,3.55 09:54:46 03/01/21
24,99.9,3.585,1012.91,4.75,3.55 09:59:58 03/01/21
27,99.9,3.595,1012.9,5.0,3.55 10:05:11 03/01/21
32,99.9,3.66,1012.91,5.0,3.54 10:10:27 03/01/21
31,99.9,3.68,1012.97,5.0,3.55 10:15:44 03/01/21
29,99.9,3.7,1013.11,4.23,3.55 10:21:00 03/01/21
36,99.9,3.715,1013.11,4.39,3.55 10:26:21 03/01/21
23,99.9,3.7749999,1013.12,5.0,3.54 10:31:38 03/01/21
25,99.9,3.7749999,1013.18,5.0,3.55 10:36:52 03/01/21
30,99.9,3.78,1013.25,4.57,3.55 10:42:04 03/01/21
23,99.9,3.7849998,1013.2,4.63,3.55 10:47:15 03/01/21
32,99.9,3.78,1013.17,5.0,3.55 10:52:29 03/01/21
28,99.9,3.78,1013.2,5.0,3.55 10:57:41 03/01/21
39,99.9,3.79,1013.21,5.0,3.55 11:02:53 03/01/21
37,99.9,3.7949998,1013.23,3.87,3.55 11:08:06 03/01/21
50,99.9,3.81,1013.19,5.0,3.55 11:13:22 03/01/21
37,99.9,3.875,1013.22,4.37,3.55 11:18:39 03/01/21
51,99.9,3.88,1013.19,5.0,3.54 11:23:52 03/01/21
57,99.9,3.895,1013.12,4.11,3.55 11:29:05 03/01/21
58,99.9,3.8899999,1013.07,5.0,3.55 11:34:18 03/01/21
50,99.9,3.9,1013.12,3.71,3.55 11:39:30 03/01/21
55,99.9,3.96,1013.05,5.0,3.55 11:44:43 03/01/21
51,99.9,3.9050002,1013.06,5.0,3.55 11:49:55 03/01/21
55,99.9,3.9099998,1013.03,5.0,3.55 11:55:08 03/01/21
53,99.9,3.915,1013.03,4.05,3.55 12:00:20 03/01/21
45,99.9,3.9050002,1013.02,3.62,3.56 12:05:31 03/01/21
34,99.9,3.9050002,1012.98,5.0,3.55 12:10:45 03/01/21
32,99.9,3.9050002,1012.94,5.0,3.55 12:15:58 03/01/21
33,99.9,3.915,1012.93,5.0,3.56 12:21:13 03/01/21
31,99.9,3.9650002,1012.95,4.75,3.55 12:26:31 03/01/21
32,99.9,3.9099998,1012.91,3.95,3.55 12:31:44 03/01/21
35,99.9,3.9050002,1012.87,3.61,3.56 12:36:55 03/01/21
31,99.9,3.9050002,1012.91,5.0,3.55 12:42:09 03/01/21
37,99.9,3.9,1012.87,5.0,3.55 12:47:20 03/01/21
31,99.9,3.8899999,1012.86,4.66,3.55 12:52:32 03/01/21
31,99.9,3.8899999,1012.83,5.0,3.56 12:57:45 03/01/21
32,99.9,3.8899999,1012.92,3.89,3.55 13:03:02 03/01/21
33,99.9,3.8850002,1012.82,5.0,3.56 13:08:20 03/01/21
30,99.9,3.8850002,1012.82,5.0,3.55 13:13:35 03/01/21
28,99.9,3.895,1012.79,5.0,3.55 13:18:53 03/01/21
28,99.9,3.895,1012.69,3.71,3.56 13:24:04 03/01/21
29,99.9,3.8850002,1012.68,4.44,3.56 13:29:18 03/01/21
29,99.9,3.8850002,1012.68,5.0,3.56 13:34:31 03/01/21
26,99.9,3.8899999,1012.71,5.0,3.55 13:39:42 03/01/21
29,99.9,3.88,1012.73,3.81,3.56 13:44:56 03/01/21
32,99.9,3.88,1012.8,4.75,3.56 13:50:08 03/01/21
27,99.9,3.8850002,1012.75,3.87,3.56 13:55:21 03/01/21
31,99.9,3.8850002,1012.74,5.0,3.55 14:00:33 03/01/21
27,99.9,3.8899999,1012.74,3.61,3.56 14:05:44 03/01/21
26,99.9,3.8899999,1012.78,4.84,3.56 14:10:58 03/01/21
27,99.9,3.88,1012.74,4.93,3.55 14:16:11 03/01/21
29,99.9,3.9,1012.84,5.0,3.55 14:21:23 03/01/21
26,99.9,3.825,1012.73,4.79,3.56 14:26:36 03/01/21
22,99.9,3.8899999,1012.84,5.0,3.55 14:31:48 03/01/21
18,99.9,3.82,1012.81,4.54,3.55 14:37:01 03/01/21
20,99.9,3.81,1012.81,3.66,3.55 14:42:13 03/01/21
29,99.9,3.8,1012.89,4.5,3.56 14:47:26 03/01/21
20,99.9,3.7949998,1012.82,4.18,3.56 14:52:38 03/01/21
16,99.9,3.78,1012.83,5.0,3.55 14:57:51 03/01/21
15,99.9,3.7949998,1012.89,4.89,3.55 15:03:06 03/01/21
18,99.9,3.7849998,1012.94,4.04,3.56 15:08:24 03/01/21
13,99.9,3.705,1012.88,4.1,3.56 15:13:37 03/01/21
16,99.9,3.7,1012.94,4.39,3.55 15:18:48 03/01/21
13,99.9,3.69,1012.98,3.62,3.55 15:24:01 03/01/21
16,99.9,3.68,1013.0,5.0,3.55 15:29:13 03/01/21
18,99.9,3.625,1013.06,3.65,3.55 15:34:39 03/01/21
16,99.9,3.685,1013.05,4.02,3.55 15:39:55 03/01/21
14,99.9,3.68,1013.01,4.51,3.55 15:45:08 03/01/21
10,99.9,3.66,1012.98,4.17,3.55 15:50:20 03/01/21
11,99.9,3.615,1013.02,4.13,3.55 15:55:33 03/01/21
8,99.9,3.605,1013.06,3.97,3.55 16:00:45 03/01/21
9,99.9,3.6000001,1013.09,3.88,3.55 16:05:58 03/01/21
8,99.9,3.595,1013.0,3.77,3.55 16:11:18 03/01/21
7,99.9,3.595,1013.01,3.62,3.55 16:16:31 03/01/21
7,99.9,3.6000001,1013.01,3.75,3.55 16:21:44 03/01/21
6,99.9,3.595,1013.04,3.64,3.55 16:26:56 03/01/21
4,99.9,3.5800002,1013.02,3.51,3.55 16:32:09 03/01/21
4,99.9,3.5800002,1013.07,3.23,3.55 16:37:20 03/01/21
3,99.9,3.575,1013.06,2.87,3.55 16:42:34 03/01/21
2,99.9,3.57,1013.09,2.64,3.54 16:47:47 03/01/21
2,99.9,3.575,1013.11,2.66,3.55 16:52:58 03/01/21
1,99.9,3.5099998,1013.04,1.96,3.55 16:58:11 03/01/21
0,99.9,3.52,1013.11,1.53,3.55 17:03:22 03/01/21
0,99.9,3.5099998,1013.12,1.04,3.55 17:08:34 03/01/21
0,99.9,3.505,1013.07,0.58,3.55 17:13:48 03/01/21
0,99.9,3.505,1013.07,0.24,3.55 17:19:02 03/01/21
0,99.9,3.5099998,1013.09,0.11,3.54 17:24:11 03/01/21
0,99.9,3.505,1012.96,0.05,3.54 17:29:26 03/01/21
0,99.9,3.5,1013.01,0.02,3.55 17:34:38 03/01/21
0,99.9,3.495,1013.02,0.01,3.55 17:39:51 03/01/21
0,99.9,3.5,1013.03,0.0,3.55 17:45:04 03/01/21
0,99.9,3.4899998,1013.01,0.0,3.54 17:50:19 03/01/21
0,99.9,3.495,1013.08,0.0,3.55 17:55:36 03/01/21
0,99.9,3.4899998,1013.05,0.0,3.55 18:00:49 03/01/21
0,99.9,3.4899998,1013.15,0.0,3.54 18:06:01 03/01/21
0,99.9,3.4899998,1013.07,0.0,3.55 18:11:14 03/01/21
0,99.9,3.495,1013.16,0.0,3.55 18:16:33 03/01/21
0,99.9,3.55,1013.16,0.0,3.54 18:21:45 03/01/21
0,99.9,3.5,1013.16,0.0,3.54 18:27:00 03/01/21
0,99.9,3.5,1013.19,0.0,3.54 18:32:11 03/01/21
0,99.9,3.5149999,1013.23,0.0,3.54 18:37:28 03/01/21
0,99.9,3.575,1013.3,0.0,3.54 18:42:46 03/01/21
0,99.9,3.57,1013.27,0.0,3.54 18:47:58 03/01/21
0,99.9,3.5800002,1013.35,0.0,3.54 18:53:09 03/01/21
0,99.9,3.5800002,1013.42,0.0,3.54 18:58:23 03/01/21
0,99.9,3.575,1013.34,0.0,3.54 19:03:39 03/01/21
0,99.9,3.575,1013.33,0.0,3.54 19:08:54 03/01/21
0,99.9,3.57,1013.32,0.0,3.54 19:14:07 03/01/21
0,99.9,3.585,1013.4,0.0,3.54 19:19:21 03/01/21
0,99.9,3.575,1013.4,0.0,3.54 19:24:32 03/01/21
0,99.9,3.575,1013.39,0.0,3.54 19:29:47 03/01/21
0,99.9,3.575,1013.44,0.0,3.54 19:35:05 03/01/21
0,99.9,3.5800002,1013.47,0.0,3.54 19:40:19 03/01/21
0,99.9,3.57,1013.48,0.0,3.54 19:45:33 03/01/21
0,99.9,3.57,1013.48,0.0,3.54 19:50:45 03/01/21
0,99.9,3.565,1013.49,0.0,3.54 19:55:56 03/01/21
0,99.9,3.5099998,1013.5,0.0,3.54 20:01:09 03/01/21
0,99.9,3.56,1013.54,0.0,3.54 20:06:22 03/01/21
0,99.9,3.505,1013.59,0.0,3.54 20:11:34 03/01/21
0,99.9,3.5,1013.58,0.0,3.54 20:16:47 03/01/21
0,99.9,3.505,1013.61,0.0,3.54 20:21:59 03/01/21
0,99.9,3.5,1013.66,0.0,3.54 20:27:12 03/01/21
0,99.9,3.505,1013.63,0.0,3.54 20:32:24 03/01/21
0,99.9,3.5099998,1013.64,0.0,3.54 20:37:41 03/01/21
0,99.9,3.505,1013.57,0.0,3.54 20:43:01 03/01/21
1,99.9,3.505,1013.64,0.0,3.54 20:48:22 03/01/21
1,99.9,3.56,1013.65,0.0,3.54 20:53:39 03/01/21
2,99.9,3.56,1013.71,0.0,3.54 20:58:52 03/01/21
0,99.9,3.5,1013.7,0.0,3.54 21:04:03 03/01/21
0,99.9,3.4850001,1013.71,0.0,3.54 21:09:18 03/01/21
0,99.9,3.4899998,1013.68,0.0,3.54 21:14:29 03/01/21
0,99.9,3.4850001,1013.65,0.0,3.54 21:19:42 03/01/21
0,99.9,3.4899998,1013.62,0.0,3.54 21:24:54 03/01/21
0,99.9,3.495,1013.63,0.0,3.54 21:30:07 03/01/21
0,99.9,3.4899998,1013.61,0.0,3.54 21:35:19 03/01/21
0,99.9,3.4850001,1013.58,0.0,3.54 21:40:30 03/01/21
0,99.9,3.4899998,1013.68,0.0,3.54 21:45:45 03/01/21
1,99.9,3.4850001,1013.65,0.0,3.54 21:51:03 03/01/21
1,99.9,3.4899998,1013.58,0.0,3.54 21:56:18 03/01/21
1,99.9,3.48,1013.55,0.0,3.54 22:01:31 03/01/21
0,99.9,3.475,1013.55,0.0,3.54 22:06:43 03/01/21
1,99.9,3.415,1013.59,0.0,3.54 22:11:55 03/01/21
1,99.9,3.4450002,1013.55,0.0,3.54 22:17:07 03/01/21
1,99.9,3.395,1013.59,0.0,3.54 22:22:18 03/01/21
1,99.9,3.3850002,1013.6,0.0,3.54 22:27:30 03/01/21
1,99.9,3.38,1013.59,0.0,3.54 22:32:45 03/01/21
1,99.9,3.33,1013.56,0.0,3.54 22:37:55 03/01/21
1,99.9,3.375,1013.51,0.0,3.54 22:43:12 03/01/21
0,99.9,3.375,1013.53,0.0,3.54 22:48:21 03/01/21
0,99.9,3.38,1013.52,0.0,3.54 22:53:34 03/01/21
0,99.9,3.38,1013.49,0.0,3.54 22:58:47 03/01/21
0,99.9,3.3850002,1013.5,0.0,3.54 23:03:59 03/01/21
0,99.9,3.3899999,1013.47,0.0,3.54 23:09:10 03/01/21
3,99.9,3.3899999,1013.48,0.0,3.54 23:14:24 03/01/21
2,99.9,3.4450002,1013.46,0.0,3.54 23:19:35 03/01/21
3,99.9,3.44,1013.49,0.0,3.54 23:24:53 03/01/21
2,99.9,3.4,1013.43,0.0,3.54 23:30:11 03/01/21
1,99.9,3.4050002,1013.43,0.0,3.53 23:35:22 03/01/21
1,99.9,3.4499998,1013.42,0.0,3.54 23:40:34 03/01/21
1,99.9,3.455,1013.45,0.0,3.54 23:45:46 03/01/21
2,99.9,3.455,1013.42,0.0,3.54 23:51:04 03/01/21
0,99.9,3.46,1013.37,0.0,3.53 23:56:19 03/01/21
