0,99.9,2.46,1013.1,0.0,3.46 00:03:06 07/01/21
0,99.9,2.4650002,1013.09,0.0,3.45 00:08:22 07/01/21
0,99.9,2.4650002,1013.04,0.0,3.46 00:13:38 07/01/21
0,99.9,2.4,1013.05,0.0,3.45 00:18:52 07/01/21
0,99.9,2.395,1013.01,0.0,3.45 00:24:08 07/01/21
0,99.9,2.385,1013.04,0.0,3.46 00:29:25 07/01/21
0,99.9,2.38,1013.07,0.0,3.45 00:34:37 07/01/21
0,99.9,2.365,1012.98,0.0,3.45 00:39:50 07/01/21
0,99.9,2.355,1012.93,0.0,3.45 00:45:01 07/01/21
0,99.9,2.295,1012.89,0.0,3.45 00:50:12 07/01/21
0,99.9,2.28,1012.81,0.0,3.45 00:55:27 07/01/21
0,99.9,2.28,1012.85,0.0,3.45 01:00:38 07/01/21
0,99.9,2.28,1012.83,0.0,3.45 01:05:52 07/01/21
0,99.9,2.285,1012.85,0.0,3.45 01:11:04 07/01/21
0,99.9,2.285,1012.82,0.0,3.45 01:16:16 07/01/21
0,99.9,2.275,1012.84,0.0,3.45 01:21:33 07/01/21
0,99.9,2.265,1012.79,0.0,3.45 01:26:48 07/01/21
0,99.9,2.1950002,1012.73,0.0,3.45 01:32:01 07/01/21
0,99.9,2.19,1012.72,0.0,3.45 01:37:14 07/01/21
0,99.9,2.185,1012.64,0.0,3.45 01:42:31 07/01/21
0,99.9,2.19,1012.63,0.0,3.45 01:47:47 07/01/21
0,99.9,2.1799998,1012.63,0.0,3.45 01:53:06 07/01/21
0,99.9,2.2,1012.6,0.0,3.45 01:58:21 07/01/21
0,99.9,2.19,1012.53,0.0,3.45 02:03:30 07/01/21
0,99.9,2.19,1012.52,0.0,3.45 02:08:44 07/01/21
0,99.9,2.19,1012.5,0.0,3.45 02:13:57 07/01/21
0,99.9,2.1950002,1012.5,0.0,3.45 02:19:13 07/01/21
0,99.9,2.25,1012.49,0.0,3.45 02:24:33 07/01/21
0,99.9,2.25,1012.44,0.0,3.45 02:29:41 07/01/21
2,99.9,2.205,1012.51,0.0,3.45 02:34:53 07/01/21
0,99.9,2.1950002,1012.48,0.0,3.44 02:40:07 07/01/21
0,99.9,2.1950002,1012.41,0.0,3.45 02:45:17 07/01/21
0,99.9,2.1799998,1012.41,0.0,3.45 02:50:30 07/01/21
0,99.9,2.165,1012.4,0.0,3.44 02:55:42 07/01/21
0,99.9,2.1599998,1012.4,0.0,3.45 03:00:54 07/01/21
0,99.9,2.085,1012.37,0.0,3.45 03:06:09 07/01/21
0,99.9,2.08,1012.43,0.0,3.45 03:11:19 07/01/21
0,99.9,2.075,1012.45,0.0,3.45 03:16:32 07/01/21
0,99.9,2.075,1012.47,0.0,3.45 03:21:44 07/01/21
0,99.9,2.08,1012.4,0.0,3.45 03:26:56 07/01/21
2,99.9,2.085,1012.42,0.0,3.45 03:32:09 07/01/21
2,99.9,2.08,1012.4,0.0,3.44 03:37:20 07/01/21
4,99.9,2.075,1012.4,0.0,3.44 03:42:34 07/01/21
4,99.9,2.08,1012.39,0.0,3.45 03:47:52 07/01/21
4,99.9,2.085,1012.4,0.0,3.45 03:53:08 07/01/21
5,99.9,2.095,1012.41,0.0,3.45 03:58:23 07/01/21
5,99.9,2.155,1012.37,0.0,3.45 04:03:45 07/01/21
5,99.9,2.165,1012.3,0.0,3.44 04:09:03 07/01/21
6,99.9,2.1799998,1012.26,0.0,3.45 04:14:21 07/01/21
4,99.9,2.255,1012.22,0.0,3.45 04:19:33 07/01/21
5,99.9,2.26,1012.2,0.0,3.45 04:24:47 07/01/21
5,99.9,2.27,1012.19,0.0,3.44 04:30:02 07/01/21
6,99.9,2.27,1012.12,0.0,3.44 04:35:16 07/01/21
5,99.9,2.28,1012.07,0.0,3.45 04:40:31 07/01/21
5,99.9,2.275,1011.96,0.0,3.44 04:45:48 07/01/21
5,99.9,2.28,1011.98,0.0,3.44 04:51:06 07/01/21
5,99.9,2.28,1011.93,0.0,3.45 04:56:17 07/01/21
6,99.9,2.285,1011.95,0.0,3.44 05:01:29 07/01/21
5,99.9,2.28,1011.91,0.0,3.45 05:06:42 07/01/21
5,99.9,2.275,1011.89,0.0,3.44 05:11:55 07/01/21
5,99.9,2.28,1011.88,0.0,3.45 05:17:07 07/01/21
4,99.9,2.28,1011.79,0.0,3.45 05:22:19 07/01/21
3,99.9,2.285,1011.82,0.0,3.44 05:27:33 07/01/21
2,99.9,2.29,1011.79,0.0,3.45 05:32:43 07/01/21
3,99.9,2.28,1011.75,0.0,3.45 05:37:55 07/01/21
2,99.9,2.27,1011.78,0.0,3.44 05:43:10 07/01/21
2,99.9,2.27,1011.74,0.0,3.45 05:48:20 07/01/21
2,99.9,2.205,1011.73,0.0,3.45 05:53:33 07/01/21
2,99.9,2.2,1011.7,0.0,3.44 05:58:48 07/01/21
1,99.9,2.1950002,1011.67,0.0,3.44 06:03:57 07/01/21
1,99.9,2.17,1011.63,0.0,3.45 06:09:09 07/01/21
1,99.9,2.17,1011.62,0.0,3.44 06:14:22 07/01/21
1,99.9,2.17,1011.57,0.0,3.45 06:19:35 07/01/21
1,99.9,2.1599998,1011.54,0.0,3.44 06:24:47 07/01/21
0,99.9,2.1599998,1011.49,0.0,3.44 06:30:00 07/01/21
0,99.9,2.155,1011.46,0.0,3.44 06:35:12 07/01/21
1,99.9,2.155,1011.48,0.0,3.44 06:40:26 07/01/21
1,99.9,2.095,1011.45,0.0,3.44 06:45:43 07/01/21
1,99.9,2.095,1011.44,0.0,3.44 06:50:57 07/01/21
0,99.9,2.08,1011.41,0.0,3.44 06:56:11 07/01/21
0,99.9,2.075,1011.43,0.0,3.44 07:01:22 07/01/21
0,99.9,2.07,1011.42,0.0,3.44 07:06:32 07/01/21
1,99.9,2.075,1011.38,0.0,3.44 07:11:50 07/01/21
1,99.9,2.075,1011.46,0.0,3.44 07:17:07 07/01/21
0,99.9,2.085,1011.45,0.0,3.44 07:22:20 07/01/21
0,99.9,2.1,1011.38,0.0,3.44 07:27:30 07/01/21
1,99.9,2.155,1011.41,0.0,3.44 07:32:42 07/01/21
1,99.9,2.155,1011.41,0.0,3.44 07:37:56 07/01/21
0,99.9,2.175,1011.42,0.01,3.44 07:43:09 07/01/21
1,99.9,2.1950002,1011.42,0.02,3.44 07:48:20 07/01/21
0,99.9,2.255,1011.45,0.03,3.44 07:53:32 07/01/21
1,99.9,2.265,1011.46,0.08,3.44 07:58:46 07/01/21
1,99.9,2.285,1011.41,0.16,3.44 08:03:58 07/01/21
2,99.9,2.295,1011.38,0.49,3.44 08:09:12 07/01/21
2,99.9,2.31,1011.41,1.01,3.44 08:14:22 07/01/21
5,99.9,2.355,1011.44,1.66,3.44 08:19:40 07/01/21
5,99.9,2.365,1011.43,2.14,3.44 08:24:54 07/01/21
6,99.9,2.375,1011.54,2.55,3.44 08:30:07 07/01/21
9,99.9,2.37,1011.54,3.15,3.44 08:35:19 07/01/21
11,99.9,2.375,1011.54,3.43,3.44 08:40:31 07/01/21
13,99.9,2.38,1011.57,3.67,3.44 08:45:44 07/01/21
17,99.9,2.385,1011.57,3.63,3.44 08:50:56 07/01/21
21,99.9,2.3899999,1011.61,3.76,3.44 08:56:14 07/01/21
21,99.9,2.4,1011.6,3.74,3.44 09:01:31 07/01/21
22,99.9,2.405,1011.65,3.69,3.44 09:06:44 07/01/21
20,99.9,2.455,1011.69,3.7,3.44 09:11:55 07/01/21
25,99.9,2.47,1011.77,3.9,3.44 09:17:07 07/01/21
24,99.9,2.4650002,1011.71,3.66,3.44 09:22:20 07/01/21
28,99.9,2.47,1011.77,4.13,3.44 09:27:32 07/01/21
29,99.9,2.48,1011.84,4.09,3.44 09:32:47 07/01/21
31,99.9,2.49,1011.76,4.21,3.44 09:37:58 07/01/21
36,99.9,2.49,1011.75,4.36,3.44 09:43:11 07/01/21
38,99.9,2.5149999,1011.72,4.36,3.44 09:48:22 07/01/21
43,99.9,2.57,1011.77,3.72,3.43 09:53:38 07/01/21
44,99.9,2.585,1011.75,5.0,3.45 09:58:53 07/01/21
54,99.9,2.595,1011.83,4.15,3.44 10:04:05 07/01/21
54,99.9,2.61,1011.89,5.0,3.45 10:09:19 07/01/21
67,99.9,2.6599998,1011.84,4.13,3.45 10:14:37 07/01/21
66,99.9,2.685,1011.86,4.91,3.45 10:19:53 07/01/21
65,99.9,2.7,1011.84,5.0,3.44 10:25:03 07/01/21
80,99.9,2.7649999,1011.89,5.0,3.45 10:30:19 07/01/21
71,99.9,2.775,1011.86,4.02,3.45 10:35:30 07/01/21
63,99.9,2.78,1011.83,5.0,3.45 10:40:40 07/01/21
70,99.9,2.7649999,1011.82,5.0,3.45 10:45:55 07/01/21
75,99.9,2.6950002,1011.85,5.0,3.45 10:51:08 07/01/21
67,99.9,2.675,1011.92,5.0,3.45 10:56:19 07/01/21
89,99.9,2.615,1011.93,4.37,3.46 11:01:32 07/01/21
75,99.9,2.615,1011.92,5.0,3.4 11:06:47 07/01/21
69,99.9,2.6799998,1011.94,5.0,3.45 11:12:04 07/01/21
66,99.9,2.6950002,1011.98,5.0,3.45 11:17:16 07/01/21
90,99.9,2.76,1011.87,4.23,3.45 11:22:32 07/01/21
97,99.9,2.7849998,1011.9,4.33,3.46 11:27:45 07/01/21
73,99.9,2.885,1011.91,3.69,3.46 11:32:54 07/01/21
80,99.9,2.97,1011.91,4.14,3.46 11:38:07 07/01/21
80,99.9,3.06,1011.88,5.0,3.46 11:43:19 07/01/21
88,99.9,3.15,1011.8,4.17,3.46 11:48:32 07/01/21
90,99.9,3.1950002,1011.73,4.12,3.46 11:53:44 07/01/21
93,99.9,3.29,1011.75,3.6,3.47 11:58:57 07/01/21
94,99.9,3.3850002,1011.7,4.46,3.46 12:04:10 07/01/21
74,99.9,3.4650002,1011.69,5.0,3.45 12:09:21 07/01/21
72,99.9,3.5,1011.62,3.6,3.47 12:14:33 07/01/21
85,99.9,3.57,1011.58,5.0,3.46 12:19:47 07/01/21
61,99.9,3.585,1011.51,5.0,3.46 12:24:58 07/01/21
70,99.9,3.595,1011.46,4.75,3.46 12:30:11 07/01/21
83,99.9,3.655,1011.42,5.0,3.46 12:35:24 07/01/21
86,99.9,3.68,1011.41,5.0,3.46 12:40:36 07/01/21
103,99.9,3.77,1011.34,5.0,3.48 12:45:49 07/01/21
118,99.9,3.8600001,1011.31,3.63,3.47 12:51:00 07/01/21
107,99.9,3.895,1011.21,4.17,3.48 12:56:15 07/01/21
101,99.9,3.9850001,1011.12,5.0,3.49 13:01:25 07/01/21
113,99.9,4.075,1011.11,3.69,3.51 13:06:39 07/01/21
109,99.9,4.17,1011.01,3.97,3.5 13:11:51 07/01/21
119,99.9,4.2749996,1011.01,3.62,3.51 13:17:05 07/01/21
123,99.9,4.38,1010.96,4.52,3.5 13:22:15 07/01/21
113,99.9,4.48,1011.02,5.0,3.5 13:27:29 07/01/21
122,99.9,4.56,1011.02,5.0,3.5 13:32:40 07/01/21
99,99.9,4.575,1010.96,5.0,3.51 13:37:53 07/01/21
93,99.9,4.565,1010.98,4.38,3.49 13:43:07 07/01/21
90,99.9,4.495,1010.9,3.61,3.5 13:48:19 07/01/21
99,99.9,4.5,1010.83,3.86,3.49 13:53:33 07/01/21
87,99.9,4.5,1010.8,3.88,3.49 13:58:45 07/01/21
85,99.9,4.5,1010.79,5.0,3.48 14:03:57 07/01/21
84,99.9,4.55,1010.78,3.75,3.5 14:09:08 07/01/21
90,99.9,4.495,1010.75,4.42,3.5 14:14:23 07/01/21
92,99.9,4.5,1010.7,5.0,3.51 14:19:35 07/01/21
98,99.9,4.5099998,1010.75,3.89,3.5 14:24:47 07/01/21
98,99.9,4.565,1010.71,3.61,3.5 14:30:00 07/01/21
92,99.9,4.5699997,1010.66,3.84,3.51 14:35:11 07/01/21
79,99.9,4.5950003,1010.71,3.82,3.51 14:40:25 07/01/21
58,99.9,4.61,1010.7,4.11,3.52 14:45:38 07/01/21
55,99.9,4.6800003,1010.63,5.0,3.52 14:50:52 07/01/21
40,99.9,4.7,1010.6,5.0,3.52 14:56:01 07/01/21
42,99.9,4.765,1010.65,5.0,3.51 15:01:14 07/01/21
33,99.9,4.765,1010.72,4.97,3.5 15:06:26 07/01/21
42,99.9,4.7749996,1010.72,3.67,3.51 15:11:44 07/01/21
38,99.9,4.77,1010.71,3.6,3.51 15:16:54 07/01/21
32,99.9,4.76,1010.7,4.48,3.51 15:22:04 07/01/21
31,99.9,4.6949997,1010.71,5.0,3.51 15:27:19 07/01/21
31,99.9,4.69,1010.73,3.75,3.51 15:32:31 07/01/21
38,99.9,4.675,1010.71,3.62,3.51 15:37:44 07/01/21
28,99.9,4.665,1010.67,5.0,3.47 15:43:14 07/01/21
27,99.9,4.67,1010.63,3.95,3.51 15:48:29 07/01/21
24,99.9,4.66,1010.69,5.0,3.5 15:53:47 07/01/21
21,99.9,4.5950003,1010.72,4.43,3.51 15:59:00 07/01/21
23,99.9,4.58,1010.72,3.77,3.5 16:04:11 07/01/21
22,99.9,4.565,1010.74,5.0,3.5 16:09:25 07/01/21
20,99.9,4.505,1010.72,5.0,3.5 16:14:41 07/01/21
29,99.9,4.505,1010.75,3.99,3.5 16:20:00 07/01/21
19,99.9,4.495,1010.74,4.5,3.5 16:25:11 07/01/21
26,99.9,4.48,1010.8,4.29,3.5 16:30:24 07/01/21
16,99.9,4.47,1010.73,3.61,3.5 16:35:43 07/01/21
21,99.9,4.405,1010.76,3.75,3.5 16:40:58 07/01/21
19,99.9,4.385,1010.72,3.7,3.5 16:46:10 07/01/21
10,99.9,4.3050003,1010.74,2.44,3.5 16:51:22 07/01/21
7,99.9,4.27,1010.73,1.65,3.5 16:56:36 07/01/21
8,99.9,4.205,1010.82,1.66,3.5 17:01:51 07/01/21
6,99.9,4.185,1010.9,1.31,3.5 17:07:09 07/01/21
7,99.9,4.11,1010.89,1.9,3.5 17:12:21 07/01/21
5,99.9,4.015,1010.9,1.27,3.5 17:17:32 07/01/21
3,99.9,3.9850001,1010.93,0.77,3.5 17:22:45 07/01/21
3,99.9,3.9,1010.97,0.37,3.5 17:27:59 07/01/21
2,99.9,3.815,1010.95,0.16,3.5 17:33:10 07/01/21
2,99.9,3.7749999,1010.98,0.06,3.5 17:38:22 07/01/21
2,99.9,3.69,1011.03,0.02,3.5 17:43:39 07/01/21
4,99.9,3.6200001,1011.1,0.0,3.5 17:48:57 07/01/21
2,99.9,3.595,1011.16,0.0,3.5 17:54:11 07/01/21
2,99.9,3.585,1011.16,0.0,3.49 17:59:27 07/01/21
2,99.9,3.575,1011.11,0.0,3.49 18:04:42 07/01/21
2,99.9,3.5099998,1011.13,0.0,3.49 18:09:55 07/01/21
2,99.9,3.495,1011.12,0.0,3.49 18:15:09 07/01/21
2,99.9,3.4850001,1011.12,0.0,3.49 18:20:21 07/01/21
2,99.9,3.4250002,1011.13,0.0,3.49 18:25:31 07/01/21
2,99.9,3.4050002,1011.08,0.0,3.49 18:30:44 07/01/21
2,99.9,3.4,1011.14,0.0,3.49 18:35:58 07/01/21
2,99.9,3.395,1011.14,0.0,3.49 18:41:10 07/01/21
1,99.9,3.3899999,1011.17,0.0,3.49 18:46:21 07/01/21
1,99.9,3.3850002,1011.15,0.0,3.49 18:51:35 07/01/21
1,99.9,3.38,1011.12,0.0,3.49 18:56:47 07/01/21
1,99.9,3.375,1011.12,0.0,3.49 19:02:01 07/01/21
2,99.9,3.31,1011.06,0.0,3.49 19:07:13 07/01/21
1,99.9,3.315,1011.09,0.0,3.49 19:12:25 07/01/21
2,99.9,3.295,1011.06,0.0,3.49 19:17:37 07/01/21
2,99.9,3.295,1011.15,0.0,3.49 19:22:48 07/01/21
2,99.9,3.3,1011.15,0.0,3.49 19:28:02 07/01/21
2,99.9,3.3,1011.11,0.0,3.49 19:33:13 07/01/21
2,99.9,3.295,1011.09,0.0,3.49 19:38:25 07/01/21
1,99.9,3.295,1011.11,0.0,3.49 19:43:39 07/01/21
2,99.9,3.295,1011.2,0.0,3.49 19:48:53 07/01/21
2,99.9,3.29,1011.22,0.0,3.49 19:54:05 07/01/21
2,99.9,3.295,1011.31,0.0,3.49 19:59:17 07/01/21
2,99.9,3.3,1011.27,0.0,3.48 20:04:28 07/01/21
2,99.9,3.3,1011.25,0.0,3.49 20:09:41 07/01/21
2,99.9,3.3,1011.23,0.0,3.48 20:14:54 07/01/21
1,99.9,3.295,1011.25,0.0,3.49 20:20:05 07/01/21
1,99.9,3.29,1011.2,0.0,3.49 20:25:19 07/01/21
1,99.9,3.2849998,1011.2,0.0,3.49 20:30:35 07/01/21
1,99.9,3.29,1011.29,0.0,3.49 20:35:52 07/01/21
2,99.9,3.28,1011.26,0.0,3.48 20:41:05 07/01/21
2,99.9,3.225,1011.25,0.0,3.48 20:46:16 07/01/21
1,99.9,3.22,1011.21,0.0,3.48 20:51:34 07/01/21
2,99.9,3.275,1011.16,0.0,3.48 20:56:58 07/01/21
1,99.9,3.22,1011.25,0.0,3.48 21:02:12 07/01/21
1,99.9,3.21,1011.23,0.0,3.48 21:07:23 07/01/21
0,99.9,3.2,1011.21,0.0,3.48 21:12:36 07/01/21
1,99.9,3.19,1011.17,0.0,3.48 21:17:47 07/01/21
1,99.9,3.19,1011.22,0.0,3.48 21:23:01 07/01/21
1,99.9,3.185,1011.22,0.0,3.48 21:28:12 07/01/21
1,99.9,3.175,1011.27,0.0,3.48 21:33:26 07/01/21
1,99.9,3.165,1011.23,0.0,3.48 21:38:39 07/01/21
1,99.9,3.165,1011.28,0.0,3.48 21:43:50 07/01/21
1,99.9,3.1100001,1011.29,0.0,3.48 21:49:03 07/01/21
2,99.9,3.105,1011.25,0.0,3.48 21:54:31 07/01/21
1,99.9,3.1100001,1011.3,0.0,3.48 21:59:46 07/01/21
1,99.9,3.1,1011.33,0.0,3.48 22:04:57 07/01/21
1,99.9,3.095,1011.23,0.0,3.48 22:10:09 07/01/21
0,99.9,3.0700002,1011.23,0.0,3.48 22:15:23 07/01/21
0,99.9,3.02,1011.16,0.0,3.48 22:20:33 07/01/21
0,99.9,3.02,1011.2,0.0,3.48 22:25:51 07/01/21
0,99.9,3.065,1011.18,0.0,3.48 22:31:06 07/01/21
0,99.9,3.01,1011.13,0.0,3.47 22:36:20 07/01/21
0,99.9,3.0149999,1011.11,0.0,3.47 22:41:33 07/01/21
0,99.9,3.0700002,1011.16,0.0,3.48 22:46:45 07/01/21
0,99.9,3.065,1011.1,0.0,3.48 22:51:58 07/01/21
0,99.9,3.01,1011.1,0.0,3.48 22:57:10 07/01/21
2,99.9,3.0149999,1011.23,0.0,3.48 23:02:23 07/01/21
0,99.9,3.0149999,1011.07,0.0,3.48 23:07:34 07/01/21
0,99.9,3.0149999,1011.07,0.0,3.48 23:12:47 07/01/21
0,99.9,3.005,1011.04,0.0,3.47 23:18:05 07/01/21
0,99.9,3.01,1011.07,0.0,3.48 23:23:19 07/01/21
0,99.9,3.005,1011.08,0.0,3.48 23:28:33 07/01/21
0,99.9,3.005,1010.98,0.0,3.47 23:33:49 07/01/21
0,99.9,3.0,1010.99,0.0,3.47 23:39:06 07/01/21
0,99.9,3.0,1010.97,0.0,3.47 23:44:19 07/01/21
0,99.9,3.055,1010.95,0.0,3.47 23:49:31 07/01/21
0,99.9,3.005,1010.98,0.0,3.47 23:54:44 07/01/21
0,99.9,3.005,1010.95,0.0,3.47 23:59:55 07/01/21
