0,99.9,-0.11500001,1023.53,0.0,3.47 00:03:31 10/01/21
0,99.9,-0.10500002,1023.46,0.0,3.46 00:08:43 10/01/21
0,99.9,-0.044999987,1023.45,0.0,3.46 00:13:55 10/01/21
0,99.9,-0.03999999,1023.49,0.0,3.46 00:19:09 10/01/21
0,99.9,-0.034999996,1023.45,0.0,3.46 00:24:18 10/01/21
0,99.9,-0.030000001,1023.39,0.0,3.47 00:29:31 10/01/21
0,99.9,-0.01999998,1023.43,0.0,3.46 00:34:42 10/01/21
0,99.9,-0.004999995,1023.5,0.0,3.46 00:39:54 10/01/21
0,99.9,-0.00999999,1023.53,0.0,3.46 00:45:08 10/01/21
0,99.9,-0.014999986,1023.5,0.0,3.46 00:50:19 10/01/21
0,99.9,-0.014999986,1023.47,0.0,3.46 00:55:33 10/01/21
0,99.9,-0.00999999,1023.45,0.0,3.46 01:00:45 10/01/21
0,99.9,0.0,1023.5,0.0,3.46 01:05:57 10/01/21
0,99.9,0.044999987,1023.46,0.0,3.46 01:11:09 10/01/21
0,99.9,0.049999982,1023.47,0.0,3.46 01:16:19 10/01/21
0,99.9,0.044999987,1023.36,0.0,3.46 01:21:31 10/01/21
0,99.9,-0.004999995,1023.36,0.0,3.46 01:26:43 10/01/21
0,99.9,-0.014999986,1023.32,0.0,3.46 01:31:58 10/01/21
0,99.9,-0.00999999,1023.35,0.0,3.46 01:37:14 10/01/21
0,99.9,-0.014999986,1023.36,0.0,3.46 01:42:29 10/01/21
0,99.9,-0.025000006,1023.28,0.0,3.46 01:47:39 10/01/21
0,99.9,-0.025000006,1023.3,0.0,3.46 01:52:55 10/01/21
0,99.9,-0.025000006,1023.32,0.0,3.45 01:58:04 10/01/21
0,99.9,-0.025000006,1023.26,0.0,3.46 02:03:17 10/01/21
0,99.9,-0.00999999,1023.33,0.0,3.46 02:08:29 10/01/21
0,99.9,-0.014999986,1023.39,0.0,3.46 02:13:41 10/01/21
0,99.9,0.044999987,1023.42,0.0,3.46 02:18:54 10/01/21
0,99.9,0.054999977,1023.28,0.0,3.46 02:24:06 10/01/21
0,99.9,0.07499999,1023.36,0.0,3.46 02:29:16 10/01/21
0,99.9,0.07499999,1023.28,0.0,3.45 02:34:30 10/01/21
0,99.9,0.089999974,1023.3,0.0,3.45 02:39:50 10/01/21
0,99.9,0.16499999,1023.24,0.0,3.46 02:45:03 10/01/21
0,99.9,0.17500001,1023.38,0.0,3.45 02:50:14 10/01/21
0,99.9,0.18,1023.27,0.0,3.46 02:55:27 10/01/21
0,99.9,0.17500001,1023.23,0.0,3.46 03:00:40 10/01/21
0,99.9,0.19,1023.23,0.0,3.46 03:05:49 10/01/21
0,99.9,0.24,1023.29,0.0,3.46 03:11:02 10/01/21
0,99.9,0.235,1023.17,0.0,3.46 03:16:14 10/01/21
0,99.9,0.235,1023.15,0.0,3.45 03:21:35 10/01/21
0,99.9,0.24,1023.1,0.0,3.46 03:26:48 10/01/21
0,99.9,0.19,1023.1,0.0,3.45 03:31:58 10/01/21
0,99.9,0.18,1022.97,0.0,3.45 03:37:10 10/01/21
0,99.9,0.16499999,1022.98,0.0,3.45 03:42:22 10/01/21
1,99.9,0.155,1022.99,0.0,3.45 03:47:35 10/01/21
0,99.9,0.095,1022.95,0.0,3.45 03:52:47 10/01/21
0,99.9,0.07499999,1023.04,0.0,3.45 03:58:05 10/01/21
0,99.9,0.0,1023.06,0.0,3.45 04:03:19 10/01/21
0,99.9,-0.030000001,1023.0,0.0,3.45 04:08:31 10/01/21
0,99.9,-0.034999996,1023.0,0.0,3.45 04:13:46 10/01/21
0,99.9,-0.034999996,1022.86,0.0,3.45 04:18:56 10/01/21
0,99.9,-0.034999996,1022.81,0.0,3.45 04:24:11 10/01/21
0,99.9,-0.030000001,1022.84,0.0,3.45 04:29:29 10/01/21
0,99.9,-0.00999999,1022.8,0.0,3.45 04:34:51 10/01/21
0,99.9,0.054999977,1022.84,0.0,3.45 04:40:10 10/01/21
0,99.9,0.060000002,1022.76,0.0,3.45 04:45:27 10/01/21
0,99.9,0.06999999,1022.8,0.0,3.45 04:50:42 10/01/21
0,99.9,0.060000002,1022.81,0.0,3.45 04:56:02 10/01/21
0,99.9,0.065,1022.76,0.0,3.45 05:01:17 10/01/21
0,99.9,0.07499999,1022.76,0.0,3.45 05:06:28 10/01/21
0,99.9,0.06999999,1022.7,0.0,3.45 05:11:39 10/01/21
0,99.9,0.07499999,1022.75,0.0,3.45 05:16:57 10/01/21
0,99.9,0.13,1022.73,0.0,3.45 05:22:13 10/01/21
0,99.9,0.07999998,1022.75,0.0,3.44 05:27:36 10/01/21
0,99.9,0.13999999,1022.71,0.0,3.45 05:33:03 10/01/21
0,99.9,0.14500001,1022.73,0.0,3.45 05:38:21 10/01/21
0,99.9,0.74,1022.73,0.0,3.44 05:58:09 10/01/21
0,99.9,0.615,1022.74,0.0,3.45 06:03:24 10/01/21
0,99.9,0.405,1022.72,0.0,3.44 06:08:46 10/01/21
0,99.9,1.28,1022.52,0.0,3.43 06:57:13 10/01/21
0,99.9,1.415,1022.56,0.0,3.41 07:40:34 10/01/21
63,99.9,1.73,1023.13,5.0,3.33 10:09:39 10/01/21
76,99.9,1.6999999,1023.17,5.0,3.35 10:29:10 10/01/21
93,99.9,1.54,1023.12,4.44,3.4 10:34:24 10/01/21
87,99.9,1.415,1023.13,5.0,3.39 10:39:36 10/01/21
86,99.9,1.37,1023.25,5.0,3.39 10:44:49 10/01/21
74,99.9,1.37,1023.25,5.0,3.38 10:50:14 10/01/21
71,99.9,1.37,1023.21,3.6,3.38 10:55:38 10/01/21
71,99.9,1.36,1023.25,5.0,3.38 11:00:52 10/01/21
67,99.9,1.345,1023.28,5.0,3.38 11:06:02 10/01/21
84,99.9,1.28,1023.35,4.95,3.39 11:11:16 10/01/21
74,99.9,1.2750001,1023.33,4.75,3.39 11:16:26 10/01/21
105,99.9,1.2750001,1023.32,5.0,3.37 11:21:40 10/01/21
83,99.9,1.28,1023.3,5.0,3.4 11:26:55 10/01/21
79,99.9,1.29,1023.16,5.0,3.4 11:32:13 10/01/21
76,99.9,1.2950001,1023.18,5.0,3.39 11:37:27 10/01/21
66,99.9,1.355,1023.13,5.0,3.4 11:42:35 10/01/21
70,99.9,1.3,1023.08,5.0,3.4 11:47:48 10/01/21
73,99.9,1.29,1023.02,3.63,3.42 11:53:01 10/01/21
74,99.9,1.2950001,1022.91,3.85,3.42 11:58:15 10/01/21
72,99.9,1.31,1022.98,4.62,3.42 12:03:24 10/01/21
82,99.9,1.36,1022.98,5.0,3.43 12:08:39 10/01/21
88,99.9,1.385,1022.97,3.59,3.44 12:13:51 10/01/21
91,99.9,1.4,1022.92,5.0,3.41 12:19:03 10/01/21
91,99.9,1.47,1022.86,4.4,3.43 12:24:17 10/01/21
93,99.9,1.49,1022.9,5.0,3.45 12:29:25 10/01/21
99,99.9,1.565,1022.77,4.65,3.43 12:34:41 10/01/21
96,99.9,1.645,1022.74,5.0,3.45 12:39:52 10/01/21
98,99.9,1.685,1022.66,4.83,3.45 12:45:04 10/01/21
97,99.9,1.77,1022.65,4.6,3.46 12:50:14 10/01/21
100,99.9,1.87,1022.59,5.0,3.45 12:55:34 10/01/21
103,99.9,1.995,1022.53,4.29,3.46 13:00:49 10/01/21
99,99.9,2.1399999,1022.43,5.0,3.46 13:06:02 10/01/21
95,99.9,2.255,1022.43,5.0,3.46 13:11:12 10/01/21
96,99.9,2.365,1022.39,3.6,3.45 13:16:27 10/01/21
98,99.9,2.54,1022.2,5.0,3.47 13:21:46 10/01/21
87,99.9,2.71,1022.13,3.6,3.49 13:27:02 10/01/21
68,99.9,2.81,1022.12,3.6,3.46 13:32:18 10/01/21
74,99.9,2.845,1022.13,5.0,3.47 13:37:31 10/01/21
76,99.9,2.9299998,1022.18,3.64,3.53 13:42:43 10/01/21
77,99.9,3.025,1022.07,3.78,3.59 13:47:56 10/01/21
74,99.9,3.24,1022.14,3.82,3.61 13:53:10 10/01/21
55,99.9,3.6,1022.08,3.81,3.61 13:58:25 10/01/21
71,99.9,3.96,1022.02,3.83,3.63 14:03:42 10/01/21
60,99.9,4.1800003,1022.03,3.83,3.63 14:08:56 10/01/21
50,99.9,4.4449997,1021.99,3.83,3.64 14:14:07 10/01/21
47,99.9,4.675,1021.94,3.83,3.64 14:19:21 10/01/21
74,99.9,4.83,1021.93,3.84,3.65 14:24:37 10/01/21
67,99.9,4.95,1021.96,3.81,3.65 14:29:52 10/01/21
68,99.9,4.99,1021.96,3.76,3.63 14:35:10 10/01/21
56,99.9,5.0150003,1022.0,3.77,3.63 14:40:26 10/01/21
37,99.9,4.9300003,1022.04,3.73,3.62 14:45:41 10/01/21
36,99.9,4.835,1021.96,3.71,3.61 14:50:52 10/01/21
27,99.9,4.81,1022.01,5.0,3.56 14:56:03 10/01/21
29,99.9,4.7200003,1021.98,4.08,3.55 15:01:18 10/01/21
30,99.9,4.575,1022.01,5.0,3.55 15:06:29 10/01/21
37,99.9,4.47,1021.95,3.99,3.55 15:11:46 10/01/21
34,99.9,4.415,1022.0,3.88,3.55 15:16:56 10/01/21
32,99.9,4.265,1021.96,5.0,3.55 15:22:07 10/01/21
36,99.9,4.175,1021.98,5.0,3.58 15:27:26 10/01/21
31,99.9,4.145,1021.98,3.75,3.56 15:32:45 10/01/21
29,99.9,4.0550003,1022.0,5.0,3.56 15:38:02 10/01/21
28,99.9,3.9699998,1022.02,5.0,3.56 15:43:16 10/01/21
25,99.9,3.935,1022.02,5.0,3.56 15:48:31 10/01/21
39,99.9,3.85,1022.01,4.36,3.55 15:53:48 10/01/21
28,99.9,3.7549999,1022.0,3.65,3.56 15:59:02 10/01/21
31,99.9,3.665,1022.03,5.0,3.55 16:04:14 10/01/21
33,99.9,3.575,1022.04,5.0,3.56 16:09:27 10/01/21
38,99.9,3.4899998,1022.02,4.54,3.55 16:14:40 10/01/21
40,99.9,3.3850002,1021.97,4.08,3.55 16:19:49 10/01/21
42,99.9,3.2849998,1021.95,4.12,3.55 16:25:03 10/01/21
43,99.9,3.245,1022.09,4.86,3.55 16:30:20 10/01/21
43,99.9,3.15,1022.02,4.14,3.55 16:35:35 10/01/21
43,99.9,2.99,1022.03,4.19,3.55 16:40:48 10/01/21
37,99.9,2.87,1022.05,4.3,3.55 16:46:00 10/01/21
32,99.9,2.76,1022.14,4.51,3.55 16:51:12 10/01/21
29,99.9,2.645,1022.12,3.87,3.55 16:56:26 10/01/21
23,99.9,2.49,1022.06,3.71,3.55 17:01:39 10/01/21
18,99.9,2.375,1021.96,3.62,3.54 17:06:51 10/01/21
13,99.9,2.27,1021.99,2.86,3.55 17:12:03 10/01/21
7,99.9,2.1599998,1022.04,1.99,3.55 17:17:16 10/01/21
3,99.9,2.065,1022.04,1.19,3.55 17:22:28 10/01/21
1,99.9,1.965,1021.98,0.7,3.54 17:27:41 10/01/21
1,99.9,1.88,1022.0,0.41,3.54 17:32:52 10/01/21
0,99.9,1.7850001,1022.1,0.21,3.54 17:38:11 10/01/21
0,99.9,1.75,1022.1,0.1,3.54 17:43:25 10/01/21
0,99.9,1.595,1022.08,0.04,3.54 17:48:41 10/01/21
0,99.9,1.495,1022.14,0.02,3.54 17:53:59 10/01/21
0,99.9,1.395,1022.13,0.0,3.54 17:59:10 10/01/21
0,99.9,1.29,1022.07,0.0,3.54 18:04:23 10/01/21
0,99.9,1.255,1022.03,0.0,3.54 18:09:34 10/01/21
0,99.9,1.165,1021.94,0.0,3.54 18:14:45 10/01/21
0,99.9,1.085,1021.95,0.0,3.54 18:19:59 10/01/21
0,99.9,1.065,1021.92,0.0,3.54 18:25:13 10/01/21
0,99.9,1.0550001,1021.93,0.0,3.54 18:30:22 10/01/21
0,99.9,1.04,1021.94,0.0,3.54 18:35:39 10/01/21
0,99.9,0.975,1021.94,0.0,3.54 18:40:47 10/01/21
0,99.9,0.89000005,1021.92,0.0,3.54 18:46:00 10/01/21
0,99.9,0.87,1021.91,0.0,3.54 18:51:11 10/01/21
0,99.9,0.795,1021.93,0.0,3.54 18:56:24 10/01/21
0,99.9,0.77500004,1021.94,0.0,3.54 19:01:37 10/01/21
0,99.9,0.755,1021.94,0.0,3.54 19:06:47 10/01/21
0,99.9,0.68,1021.97,0.0,3.54 19:12:02 10/01/21
0,99.9,0.66,1021.98,0.0,3.54 19:17:17 10/01/21
0,99.9,0.59,1022.11,0.0,3.54 19:22:35 10/01/21
0,99.9,0.56,1022.11,0.0,3.54 19:27:48 10/01/21
0,99.9,0.48499998,1022.1,0.0,3.54 19:32:59 10/01/21
0,99.9,0.47,1022.01,0.0,3.54 19:38:12 10/01/21
0,99.9,0.455,1021.95,0.0,3.54 19:43:31 10/01/21
0,99.9,0.45000002,1021.94,0.0,3.54 19:48:41 10/01/21
0,99.9,0.455,1021.94,0.0,3.54 19:53:53 10/01/21
0,99.9,0.47,1021.97,0.0,3.54 19:59:08 10/01/21
0,99.9,0.53999996,1022.02,0.0,3.54 20:04:19 10/01/21
0,99.9,0.555,1022.02,0.0,3.54 20:09:31 10/01/21
0,99.9,0.55,1021.93,0.0,3.54 20:14:42 10/01/21
0,99.9,0.48499998,1021.89,0.0,3.54 20:19:57 10/01/21
0,99.9,0.475,1021.9,0.0,3.54 20:25:08 10/01/21
0,99.9,0.48499998,1021.92,0.0,3.54 20:30:24 10/01/21
0,99.9,0.48999998,1022.0,0.0,3.54 20:35:40 10/01/21
0,99.9,0.48499998,1022.02,0.0,3.54 20:40:53 10/01/21
0,99.9,0.48,1022.02,0.0,3.54 20:46:08 10/01/21
0,99.9,0.47,1022.05,0.0,3.54 20:51:23 10/01/21
0,99.9,0.395,1022.04,0.0,3.53 20:56:37 10/01/21
0,99.9,0.36999997,1022.08,0.0,3.54 21:01:49 10/01/21
0,99.9,0.28500003,1022.07,0.0,3.54 21:07:01 10/01/21
0,99.9,0.195,1022.1,0.0,3.54 21:12:15 10/01/21
0,99.9,0.17500001,1022.13,0.0,3.54 21:17:32 10/01/21
0,99.9,0.15,1022.05,0.0,3.53 21:22:45 10/01/21
0,99.9,0.06999999,1022.01,0.0,3.54 21:27:58 10/01/21
0,99.9,-0.004999995,1022.05,0.0,3.53 21:33:10 10/01/21
0,99.9,-0.014999986,1022.07,0.0,3.54 21:38:25 10/01/21
0,99.9,-0.034999996,1021.97,0.0,3.54 21:43:43 10/01/21
0,99.9,-0.044999987,1022.02,0.0,3.53 21:48:56 10/01/21
0,99.9,-0.120000005,1022.04,0.0,3.54 21:54:06 10/01/21
0,99.9,-0.14000002,1021.91,0.0,3.54 21:59:18 10/01/21
0,99.9,-0.15,1021.87,0.0,3.53 22:04:29 10/01/21
0,99.9,-0.16000001,1021.64,0.0,3.54 22:09:41 10/01/21
0,99.9,-0.21499999,1021.74,0.0,3.53 22:14:53 10/01/21
0,99.9,-0.225,1021.73,0.0,3.54 22:20:06 10/01/21
0,99.9,-0.23499998,1021.67,0.0,3.53 22:25:24 10/01/21
0,99.9,-0.23499998,1021.69,0.0,3.53 22:30:41 10/01/21
0,99.9,-0.24499999,1021.75,0.0,3.53 22:35:52 10/01/21
0,99.9,-0.305,1021.8,0.0,3.53 22:41:09 10/01/21
0,99.9,-0.315,1021.85,0.0,3.53 22:46:25 10/01/21
0,99.9,-0.34,1021.93,0.0,3.53 22:51:37 10/01/21
0,99.9,-0.365,1021.89,0.0,3.53 22:56:49 10/01/21
0,99.9,-0.435,1021.94,0.0,3.53 23:02:01 10/01/21
0,99.9,-0.51,1022.07,0.0,3.53 23:07:17 10/01/21
0,99.9,-0.53000003,1022.01,0.0,3.53 23:12:34 10/01/21
0,99.9,-0.59999996,1022.0,0.0,3.53 23:18:03 10/01/21
0,99.9,-0.55,1022.05,0.0,3.53 23:23:18 10/01/21
0,99.9,-0.59999996,1022.27,0.0,3.53 23:28:52 10/01/21
