0,99.9,1.145,1028.44,0.0,3.58 00:01:58 16/01/21
0,99.9,1.14,1028.35,0.0,3.58 00:07:06 16/01/21
0,99.9,1.085,1028.3,0.0,3.58 00:12:21 16/01/21
0,99.9,1.09,1028.22,0.0,3.58 00:17:31 16/01/21
0,99.9,1.085,1028.18,0.0,3.58 00:22:45 16/01/21
0,99.9,1.085,1028.17,0.0,3.58 00:27:58 16/01/21
0,99.9,1.08,1028.1,0.0,3.58 00:33:09 16/01/21
0,99.9,1.08,1028.1,0.0,3.58 00:38:21 16/01/21
0,99.9,1.07,1028.11,0.0,3.58 00:43:32 16/01/21
0,99.9,1.07,1028.09,0.0,3.58 00:48:44 16/01/21
0,99.9,1.07,1028.03,0.0,3.58 00:53:59 16/01/21
0,99.9,1.07,1028.01,0.0,3.58 00:59:10 16/01/21
0,99.9,1.075,1027.92,0.0,3.58 01:04:21 16/01/21
0,99.9,1.065,1027.85,0.0,3.58 01:09:38 16/01/21
0,99.9,1.065,1027.76,0.0,3.58 01:14:55 16/01/21
0,99.9,1.0600001,1027.84,0.0,3.58 01:20:07 16/01/21
0,99.9,1.0600001,1027.68,0.0,3.58 01:25:23 16/01/21
0,99.9,1.0600001,1027.65,0.0,3.58 01:30:38 16/01/21
0,99.9,1.0550001,1027.66,0.0,3.58 01:35:52 16/01/21
0,99.9,1.0550001,1027.63,0.0,3.58 01:41:08 16/01/21
0,99.9,1.0500001,1027.64,0.0,3.58 01:46:27 16/01/21
0,99.9,1.0450001,1027.64,0.0,3.58 01:51:36 16/01/21
0,99.9,0.99,1027.63,0.0,3.58 01:56:53 16/01/21
0,99.9,0.99,1027.66,0.0,3.57 02:02:14 16/01/21
0,99.9,0.99,1027.71,0.0,3.58 02:07:31 16/01/21
0,99.9,0.98,1027.6,0.0,3.58 02:12:44 16/01/21
0,99.9,0.98,1027.56,0.0,3.58 02:17:55 16/01/21
0,99.9,0.98,1027.51,0.0,3.58 02:23:07 16/01/21
0,99.9,0.98,1027.52,0.0,3.58 02:28:19 16/01/21
0,99.9,0.98,1027.45,0.0,3.57 02:33:30 16/01/21
0,99.9,0.97,1027.46,0.0,3.58 02:38:45 16/01/21
0,99.9,0.97,1027.39,0.0,3.58 02:43:56 16/01/21
0,99.9,0.97,1027.33,0.0,3.57 02:49:08 16/01/21
0,99.9,0.96000004,1027.33,0.0,3.58 02:54:20 16/01/21
0,99.9,0.95500004,1027.33,0.0,3.57 02:59:37 16/01/21
0,99.9,0.96500003,1027.27,0.0,3.57 03:04:53 16/01/21
0,99.9,0.96500003,1027.22,0.0,3.58 03:10:06 16/01/21
0,99.9,0.96000004,1027.23,0.0,3.57 03:15:16 16/01/21
0,99.9,0.91,1027.23,0.0,3.58 03:20:30 16/01/21
0,99.9,0.96000004,1027.19,0.0,3.58 03:25:43 16/01/21
0,99.9,0.95500004,1027.2,0.0,3.58 03:30:54 16/01/21
0,99.9,0.95500004,1027.23,0.0,3.58 03:36:06 16/01/21
0,99.9,0.95500004,1027.23,0.0,3.57 03:41:22 16/01/21
0,99.9,0.96000004,1027.18,0.0,3.57 03:46:39 16/01/21
0,99.9,0.95500004,1027.1,0.0,3.57 03:51:53 16/01/21
0,99.9,0.95500004,1027.09,0.0,3.58 03:57:03 16/01/21
0,99.9,0.95500004,1027.08,0.0,3.57 04:02:16 16/01/21
0,99.9,0.90000004,1027.05,0.0,3.58 04:07:28 16/01/21
0,99.9,0.94500005,1026.93,0.0,3.57 04:12:39 16/01/21
0,99.9,0.94500005,1026.86,0.0,3.58 04:17:50 16/01/21
0,99.9,0.94000006,1026.82,0.0,3.57 04:23:04 16/01/21
0,99.9,0.89500004,1026.87,0.0,3.58 04:28:17 16/01/21
0,99.9,0.93500006,1026.73,0.0,3.57 04:33:29 16/01/21
0,99.9,0.94000006,1026.7,0.0,3.57 04:38:42 16/01/21
0,99.9,0.89000005,1026.67,0.0,3.57 04:43:53 16/01/21
0,99.9,0.88500005,1026.64,0.0,3.57 04:49:05 16/01/21
0,99.9,0.89000005,1026.59,0.0,3.57 04:54:22 16/01/21
0,99.9,0.93500006,1026.46,0.0,3.57 04:59:38 16/01/21
0,99.9,0.88500005,1026.49,0.0,3.58 05:04:50 16/01/21
0,99.9,0.88,1026.39,0.0,3.58 05:10:06 16/01/21
0,99.9,0.93500006,1026.37,0.0,3.57 05:15:23 16/01/21
0,99.9,0.92999995,1026.44,0.0,3.57 05:20:34 16/01/21
0,99.9,0.88500005,1026.46,0.0,3.57 05:25:47 16/01/21
0,99.9,0.88500005,1026.44,0.0,3.58 05:31:00 16/01/21
0,99.9,0.88500005,1026.41,0.0,3.57 05:36:12 16/01/21
0,99.9,0.88500005,1026.34,0.0,3.57 05:41:25 16/01/21
0,99.9,0.88500005,1026.35,0.0,3.57 05:46:36 16/01/21
0,99.9,0.88,1026.16,0.0,3.57 05:51:47 16/01/21
0,99.9,0.87,1026.15,0.0,3.57 05:57:04 16/01/21
0,99.9,0.875,1026.08,0.0,3.57 06:02:21 16/01/21
0,99.9,0.88,1026.03,0.0,3.57 06:07:32 16/01/21
0,99.9,0.88,1025.93,0.0,3.57 06:12:47 16/01/21
0,99.9,0.93500006,1025.9,0.0,3.57 06:17:58 16/01/21
0,99.9,0.89500004,1025.84,0.0,3.57 06:23:10 16/01/21
0,99.9,0.93500006,1025.74,0.0,3.57 06:28:20 16/01/21
0,99.9,0.95000005,1025.74,0.0,3.57 06:33:34 16/01/21
0,99.9,0.94500005,1025.53,0.0,3.57 06:38:48 16/01/21
0,99.9,0.94500005,1025.47,0.0,3.57 06:43:59 16/01/21
0,99.9,0.94500005,1025.47,0.0,3.57 06:49:09 16/01/21
0,99.9,0.94500005,1025.48,0.0,3.58 06:54:24 16/01/21
0,99.9,0.90500003,1025.48,0.0,3.57 06:59:33 16/01/21
0,99.9,0.94500005,1025.43,0.0,3.57 07:04:47 16/01/21
0,99.9,0.94500005,1025.46,0.0,3.57 07:10:01 16/01/21
0,99.9,0.94500005,1025.41,0.0,3.57 07:15:16 16/01/21
0,99.9,0.94000006,1025.34,0.0,3.57 07:20:32 16/01/21
0,99.9,0.88,1025.23,0.0,3.57 07:25:44 16/01/21
0,99.9,0.93500006,1025.29,0.0,3.57 07:30:57 16/01/21
0,99.9,0.88500005,1025.3,0.01,3.57 07:36:09 16/01/21
0,99.9,0.89000005,1025.3,0.02,3.57 07:41:22 16/01/21
0,99.9,0.93500006,1025.18,0.06,3.57 07:46:31 16/01/21
0,99.9,0.94500005,1025.28,0.11,3.57 07:51:45 16/01/21
0,99.9,0.95000005,1025.23,0.22,3.57 07:57:01 16/01/21
0,99.9,0.95500004,1025.14,0.48,3.57 08:02:16 16/01/21
0,99.9,0.96000004,1025.08,1.05,3.57 08:07:30 16/01/21
0,99.9,0.96000004,1024.99,1.93,3.57 08:12:42 16/01/21
1,99.9,0.96000004,1024.92,3.59,3.57 08:17:55 16/01/21
3,99.9,0.97,1024.89,3.72,3.57 08:23:10 16/01/21
6,99.9,0.975,1024.77,3.79,3.57 08:28:19 16/01/21
7,99.9,0.98,1024.83,4.34,3.57 08:33:30 16/01/21
11,99.9,0.98,1024.77,4.49,3.57 08:38:44 16/01/21
9,99.9,0.99,1024.78,3.66,3.57 08:43:57 16/01/21
10,99.9,0.995,1024.73,4.17,3.57 08:49:06 16/01/21
14,99.9,1.0450001,1024.72,4.83,3.57 08:54:21 16/01/21
14,99.9,1.0500001,1024.75,4.9,3.57 08:59:36 16/01/21
16,99.9,1.0600001,1024.71,4.24,3.57 09:04:51 16/01/21
17,99.9,1.065,1024.69,5.0,3.57 09:10:03 16/01/21
21,99.9,1.07,1024.72,3.71,3.57 09:15:18 16/01/21
21,99.9,1.085,1024.59,5.0,3.58 09:20:30 16/01/21
20,99.9,1.14,1024.5,3.7,3.57 09:25:42 16/01/21
22,99.9,1.155,1024.48,4.87,3.57 09:30:54 16/01/21
22,99.9,1.165,1024.53,4.32,3.57 09:36:07 16/01/21
26,99.9,1.175,1024.35,5.0,3.57 09:41:18 16/01/21
31,99.9,1.245,1024.31,4.54,3.58 09:46:31 16/01/21
29,99.9,1.26,1024.26,4.86,3.58 09:51:41 16/01/21
34,99.9,1.28,1024.26,5.0,3.58 09:56:55 16/01/21
35,99.9,1.355,1024.23,4.52,3.58 10:02:08 16/01/21
36,99.9,1.37,1024.14,4.79,3.58 10:07:18 16/01/21
36,99.9,1.39,1024.07,4.56,3.58 10:12:31 16/01/21
38,99.9,1.465,1024.09,4.25,3.58 10:17:42 16/01/21
50,99.9,1.475,1023.94,3.63,3.58 10:22:57 16/01/21
41,99.9,1.5550001,1023.95,3.97,3.58 10:28:12 16/01/21
36,99.9,1.585,1023.96,3.78,3.58 10:33:27 16/01/21
42,99.9,1.5999999,1024.0,5.0,3.59 10:38:41 16/01/21
40,99.9,1.67,1023.94,3.78,3.58 10:43:53 16/01/21
54,99.9,1.69,1023.98,3.63,3.59 10:49:06 16/01/21
49,99.9,1.76,1023.96,3.77,3.58 10:54:19 16/01/21
47,99.9,1.7750001,1024.01,3.71,3.58 10:59:28 16/01/21
44,99.9,1.78,1023.91,3.72,3.58 11:04:42 16/01/21
45,99.9,1.7950001,1023.84,5.0,3.59 11:09:55 16/01/21
49,99.9,1.86,1023.73,5.0,3.59 11:15:08 16/01/21
47,99.9,1.865,1023.73,3.64,3.59 11:20:17 16/01/21
49,99.9,1.875,1023.65,3.77,3.59 11:25:35 16/01/21
47,99.9,1.89,1023.7,3.63,3.59 11:30:50 16/01/21
69,99.9,1.905,1023.65,4.19,3.6 11:36:06 16/01/21
55,99.9,1.905,1023.55,3.67,3.58 11:41:17 16/01/21
53,99.9,1.98,1023.45,3.78,3.6 11:46:29 16/01/21
49,99.9,2.0,1023.36,3.7,3.6 11:51:40 16/01/21
52,99.9,2.01,1023.37,4.24,3.6 11:56:54 16/01/21
53,99.9,2.06,1023.24,3.75,3.6 12:02:07 16/01/21
52,99.9,2.01,1023.13,5.0,3.6 12:07:18 16/01/21
67,99.9,2.01,1023.12,5.0,3.6 12:12:33 16/01/21
49,99.9,2.07,1022.97,3.72,3.6 12:17:43 16/01/21
49,99.9,2.07,1022.89,5.0,3.6 12:22:55 16/01/21
47,99.9,2.08,1022.79,5.0,3.6 12:28:07 16/01/21
50,99.9,2.09,1022.64,4.03,3.6 12:33:20 16/01/21
46,99.9,2.155,1022.54,5.0,3.6 12:38:32 16/01/21
49,99.9,2.105,1022.41,3.79,3.57 12:43:45 16/01/21
53,99.9,2.115,1022.27,5.0,3.61 12:48:55 16/01/21
46,99.9,2.095,1022.14,3.68,3.6 12:54:08 16/01/21
47,99.9,2.075,1022.02,5.0,3.61 12:59:21 16/01/21
46,99.9,2.01,1021.89,5.0,3.61 13:04:33 16/01/21
66,99.9,2.01,1021.73,5.0,3.61 13:09:46 16/01/21
49,99.9,2.005,1021.5,4.38,3.6 13:15:02 16/01/21
45,99.9,1.99,1021.33,3.84,3.59 13:20:22 16/01/21
42,99.9,2.0,1021.18,4.55,3.61 13:25:31 16/01/21
49,99.9,2.0,1021.17,5.0,3.61 13:30:47 16/01/21
38,99.9,1.9549999,1021.03,5.0,3.61 13:36:02 16/01/21
40,99.9,1.91,1020.93,3.64,3.6 13:41:16 16/01/21
37,99.9,1.89,1020.78,4.58,3.59 13:46:29 16/01/21
36,99.9,1.895,1020.71,5.0,3.6 13:51:41 16/01/21
35,99.9,1.89,1020.65,3.98,3.6 13:56:53 16/01/21
37,99.9,1.885,1020.51,5.0,3.6 14:02:06 16/01/21
32,99.9,1.87,1020.41,4.44,3.6 14:07:17 16/01/21
33,99.9,1.81,1020.35,4.02,3.6 14:12:30 16/01/21
34,99.9,1.7950001,1020.21,5.0,3.6 14:17:43 16/01/21
38,99.9,1.81,1020.11,5.0,3.59 14:22:55 16/01/21
33,99.9,1.8050001,1020.1,4.28,3.6 14:28:06 16/01/21
31,99.9,1.78,1019.98,4.87,3.6 14:33:18 16/01/21
39,99.9,1.78,1019.9,5.0,3.6 14:38:31 16/01/21
35,99.9,1.77,1019.82,3.82,3.6 14:43:42 16/01/21
30,99.9,1.7,1019.61,4.92,3.6 14:48:57 16/01/21
29,99.9,1.7,1019.51,4.61,3.6 14:54:07 16/01/21
27,99.9,1.685,1019.37,3.73,3.6 14:59:20 16/01/21
21,99.9,1.685,1019.3,4.36,3.6 15:04:33 16/01/21
21,99.9,1.675,1019.26,5.0,3.59 15:09:49 16/01/21
20,99.9,1.6199999,1019.33,4.94,3.59 15:15:06 16/01/21
18,99.9,1.655,1019.25,5.0,3.6 15:20:17 16/01/21
22,99.9,1.595,1019.29,4.42,3.6 15:25:30 16/01/21
20,99.9,1.55,1019.18,4.55,3.59 15:30:46 16/01/21
18,99.9,1.485,1019.21,4.51,3.59 15:36:02 16/01/21
19,99.9,1.395,1019.03,4.0,3.6 15:41:15 16/01/21
20,99.9,1.31,1019.0,3.75,3.59 15:46:28 16/01/21
23,99.9,1.2850001,1018.91,4.66,3.6 15:51:43 16/01/21
23,99.9,1.22,1018.75,4.1,3.59 15:57:01 16/01/21
18,99.9,1.19,1018.7,4.11,3.59 16:02:11 16/01/21
17,99.9,1.165,1018.51,3.88,3.59 16:07:24 16/01/21
16,99.9,1.095,1018.33,3.75,3.59 16:12:37 16/01/21
16,99.9,1.08,1018.21,3.74,3.59 16:17:48 16/01/21
15,99.9,1.065,1018.12,3.74,3.59 16:23:05 16/01/21
15,99.9,1.005,1018.06,3.75,3.59 16:28:20 16/01/21
14,99.9,0.985,1017.87,3.69,3.59 16:33:34 16/01/21
11,99.9,0.96500003,1017.63,3.4,3.59 16:38:46 16/01/21
10,99.9,0.90000004,1017.51,3.12,3.59 16:43:59 16/01/21
7,99.9,0.88500005,1017.5,2.69,3.59 16:49:11 16/01/21
6,99.9,0.87,1017.37,2.29,3.59 16:54:24 16/01/21
4,99.9,0.86,1017.3,1.85,3.59 16:59:33 16/01/21
2,99.9,0.8,1017.2,1.42,3.58 17:04:47 16/01/21
3,99.9,0.79,1017.13,1.46,3.59 17:09:59 16/01/21
1,99.9,0.78000003,1016.97,1.23,3.59 17:15:12 16/01/21
0,99.9,0.765,1016.85,0.66,3.59 17:20:22 16/01/21
0,99.9,0.715,1016.76,0.26,3.59 17:25:37 16/01/21
0,99.9,0.715,1016.69,0.15,3.59 17:30:49 16/01/21
0,99.9,0.705,1016.65,0.09,3.59 17:36:00 16/01/21
0,99.9,0.755,1016.6,0.05,3.59 17:41:16 16/01/21
0,99.9,0.71,1016.44,0.01,3.59 17:46:37 16/01/21
0,99.9,0.695,1016.45,0.0,3.59 17:51:53 16/01/21
0,99.9,0.69,1016.24,0.0,3.58 17:57:07 16/01/21
0,99.9,0.69,1016.16,0.0,3.58 18:02:18 16/01/21
0,99.9,0.69,1016.18,0.0,3.59 18:07:30 16/01/21
0,99.9,0.68,1015.97,0.0,3.59 18:12:45 16/01/21
0,99.9,0.675,1015.98,0.0,3.59 18:17:53 16/01/21
0,99.9,0.66,1015.95,0.0,3.59 18:23:07 16/01/21
0,99.9,0.66,1015.88,0.0,3.59 18:28:18 16/01/21
0,99.9,0.59999996,1015.9,0.0,3.58 18:33:30 16/01/21
0,99.9,0.59499997,1015.85,0.0,3.59 18:38:44 16/01/21
0,99.9,0.59499997,1015.8,0.0,3.59 18:43:55 16/01/21
0,99.9,0.59499997,1015.67,0.0,3.58 18:49:07 16/01/21
0,99.9,0.585,1015.61,0.0,3.58 18:54:20 16/01/21
0,99.9,0.515,1015.56,0.0,3.59 18:59:30 16/01/21
0,99.9,0.56,1015.49,0.0,3.59 19:04:44 16/01/21
0,99.9,0.56,1015.48,0.0,3.59 19:09:57 16/01/21
0,99.9,0.505,1015.58,0.0,3.59 19:15:08 16/01/21
0,99.9,0.505,1015.52,0.0,3.58 19:20:20 16/01/21
0,99.9,0.555,1015.51,0.0,3.59 19:25:33 16/01/21
0,99.9,0.55,1015.66,0.0,3.58 19:30:45 16/01/21
0,99.9,0.56,1015.66,0.0,3.59 19:35:57 16/01/21
0,99.9,0.57,1015.58,0.0,3.59 19:41:09 16/01/21
0,99.9,0.51,1015.48,0.0,3.59 19:46:20 16/01/21
0,99.9,0.56,1015.46,0.0,3.58 19:51:31 16/01/21
0,99.9,0.51,1015.43,0.0,3.58 19:56:45 16/01/21
0,99.9,0.51,1015.3,0.0,3.59 20:01:58 16/01/21
0,99.9,0.555,1015.27,0.0,3.58 20:07:10 16/01/21
0,99.9,0.555,1015.31,0.0,3.59 20:12:22 16/01/21
0,99.9,0.555,1015.29,0.0,3.58 20:17:35 16/01/21
0,99.9,0.56,1015.19,0.0,3.58 20:22:45 16/01/21
0,99.9,0.55,1015.18,0.0,3.58 20:27:56 16/01/21
0,99.9,0.505,1015.1,0.0,3.58 20:33:11 16/01/21
0,99.9,0.55,1015.07,0.0,3.58 20:38:21 16/01/21
0,99.9,0.555,1015.05,0.0,3.58 20:43:38 16/01/21
0,99.9,0.555,1014.98,0.0,3.58 20:48:53 16/01/21
0,99.9,0.56,1015.01,0.0,3.58 20:54:07 16/01/21
0,99.9,0.57,1014.99,0.0,3.58 20:59:19 16/01/21
0,99.9,0.575,1014.9,0.0,3.58 21:04:42 16/01/21
0,99.9,0.59499997,1014.83,0.0,3.58 21:09:51 16/01/21
0,99.9,0.635,1014.75,0.0,3.58 21:15:03 16/01/21
0,99.9,0.585,1014.77,0.0,3.58 21:20:16 16/01/21
0,99.9,0.585,1014.7,0.0,3.58 21:25:32 16/01/21
0,99.9,0.585,1014.66,0.0,3.58 21:30:50 16/01/21
0,99.9,0.585,1014.59,0.0,3.58 21:36:01 16/01/21
0,99.9,0.58,1014.62,0.0,3.58 21:41:13 16/01/21
0,99.9,0.585,1014.65,0.0,3.58 21:46:26 16/01/21
0,99.9,0.59,1014.72,0.0,3.58 21:51:38 16/01/21
0,99.9,0.585,1014.73,0.0,3.58 21:56:50 16/01/21
0,99.9,0.59,1014.71,0.0,3.58 22:02:03 16/01/21
0,99.9,0.59,1014.64,0.0,3.58 22:07:14 16/01/21
0,99.9,0.64,1014.62,0.0,3.58 22:12:26 16/01/21
0,99.9,0.585,1014.57,0.0,3.58 22:17:39 16/01/21
0,99.9,0.64,1014.55,0.0,3.58 22:22:50 16/01/21
0,99.9,0.65,1014.62,0.0,3.58 22:28:01 16/01/21
0,99.9,0.665,1014.64,0.0,3.58 22:33:15 16/01/21
0,99.9,0.665,1014.59,0.0,3.58 22:38:32 16/01/21
3,99.9,0.67,1014.58,0.0,3.58 22:43:48 16/01/21
0,99.9,0.68,1014.66,0.0,3.58 22:48:58 16/01/21
0,99.9,0.685,1014.65,0.0,3.58 22:54:11 16/01/21
0,99.9,0.685,1014.66,0.0,3.58 22:59:25 16/01/21
0,99.9,0.74,1014.62,0.0,3.58 23:04:36 16/01/21
0,99.9,0.69,1014.52,0.0,3.58 23:09:48 16/01/21
0,99.9,0.745,1014.41,0.0,3.58 23:15:00 16/01/21
0,99.9,0.695,1014.34,0.0,3.58 23:20:11 16/01/21
0,99.9,0.745,1014.34,0.0,3.61 23:25:23 16/01/21
0,99.9,0.69,1014.18,0.0,3.58 23:30:45 16/01/21
0,99.9,0.755,1014.03,0.0,3.58 23:35:58 16/01/21
0,99.9,0.755,1014.02,0.0,3.58 23:41:10 16/01/21
0,99.9,0.755,1014.05,0.0,3.58 23:46:20 16/01/21
0,99.9,0.76,1014.09,0.0,3.58 23:51:33 16/01/21
0,99.9,0.76,1014.01,0.0,3.58 23:56:46 16/01/21
