0,99.9,0.76,1013.94,0.0,3.58 00:02:01 17/01/21
0,99.9,0.77000004,1013.94,0.0,3.58 00:07:20 17/01/21
0,99.9,0.77500004,1013.86,0.0,3.58 00:12:29 17/01/21
0,99.9,0.77000004,1013.84,0.0,3.58 00:17:41 17/01/21
0,99.9,0.77500004,1013.89,0.0,3.58 00:22:54 17/01/21
0,99.9,0.77500004,1013.85,0.0,3.58 00:28:07 17/01/21
0,99.9,0.77000004,1013.71,0.0,3.58 00:33:18 17/01/21
0,99.9,0.78000003,1013.58,0.0,3.58 00:38:32 17/01/21
0,99.9,0.83500004,1013.5,0.0,3.58 00:43:43 17/01/21
0,99.9,0.845,1013.53,0.0,3.58 00:48:54 17/01/21
0,99.9,0.845,1013.49,0.0,3.57 00:54:07 17/01/21
1,99.9,0.86,1013.53,0.0,3.58 00:59:21 17/01/21
1,99.9,0.86,1013.47,0.0,3.57 01:04:33 17/01/21
1,99.9,0.865,1013.48,0.0,3.58 01:09:43 17/01/21
2,99.9,0.87,1013.41,0.0,3.58 01:14:59 17/01/21
2,99.9,0.93500006,1013.44,0.0,3.57 01:20:09 17/01/21
3,99.9,0.94000006,1013.43,0.0,3.58 01:25:20 17/01/21
5,99.9,0.94500005,1013.52,0.0,3.57 01:30:33 17/01/21
6,99.9,0.94500005,1013.47,0.0,3.58 01:35:44 17/01/21
8,99.9,0.95500004,1013.42,0.0,3.57 01:40:56 17/01/21
8,99.9,0.96000004,1013.53,0.0,3.57 01:46:09 17/01/21
9,99.9,0.96500003,1013.58,0.0,3.58 01:51:21 17/01/21
9,99.9,0.97,1013.47,0.0,3.57 01:56:34 17/01/21
9,99.9,0.98,1013.41,0.0,3.58 02:01:47 17/01/21
9,99.9,0.99,1013.42,0.0,3.58 02:06:59 17/01/21
9,99.9,1.0450001,1013.32,0.0,3.57 02:12:09 17/01/21
9,99.9,1.0500001,1013.34,0.0,3.57 02:17:26 17/01/21
8,99.9,1.0500001,1013.27,0.0,3.57 02:22:35 17/01/21
9,99.9,1.0600001,1013.24,0.0,3.57 02:27:47 17/01/21
8,99.9,1.065,1013.27,0.0,3.57 02:32:59 17/01/21
9,99.9,1.0600001,1013.25,0.0,3.57 02:38:21 17/01/21
8,99.9,1.07,1013.16,0.0,3.58 02:43:33 17/01/21
8,99.9,1.08,1013.14,0.0,3.57 02:48:45 17/01/21
7,99.9,1.085,1013.14,0.0,3.57 02:53:57 17/01/21
6,99.9,1.085,1013.14,0.0,3.57 02:59:08 17/01/21
5,99.9,1.08,1013.11,0.0,3.57 03:04:21 17/01/21
6,99.9,1.09,1013.27,0.0,3.58 03:09:34 17/01/21
5,99.9,1.14,1013.29,0.0,3.57 03:14:46 17/01/21
5,99.9,1.145,1013.21,0.0,3.57 03:19:58 17/01/21
4,99.9,1.15,1013.16,0.0,3.57 03:25:08 17/01/21
3,99.9,1.145,1013.23,0.0,3.57 03:30:21 17/01/21
5,99.9,1.1600001,1013.22,0.0,3.57 03:35:43 17/01/21
4,99.9,1.165,1013.18,0.0,3.58 03:40:53 17/01/21
3,99.9,1.1600001,1013.2,0.0,3.57 03:46:06 17/01/21
3,99.9,1.165,1013.13,0.0,3.58 03:51:19 17/01/21
3,99.9,1.165,1013.09,0.0,3.57 03:56:30 17/01/21
4,99.9,1.165,1013.05,0.0,3.57 04:01:45 17/01/21
4,99.9,1.175,1013.04,0.0,3.57 04:06:57 17/01/21
3,99.9,1.1800001,1013.01,0.0,3.57 04:12:08 17/01/21
3,99.9,1.25,1013.08,0.0,3.57 04:17:20 17/01/21
3,99.9,1.25,1013.09,0.0,3.57 04:22:31 17/01/21
3,99.9,1.25,1013.11,0.0,3.57 04:27:46 17/01/21
2,99.9,1.255,1013.02,0.0,3.57 04:32:55 17/01/21
3,99.9,1.25,1013.0,0.0,3.57 04:38:09 17/01/21
2,99.9,1.26,1013.04,0.0,3.57 04:43:22 17/01/21
2,99.9,1.265,1012.98,0.0,3.57 04:48:34 17/01/21
2,99.9,1.2750001,1013.07,0.0,3.57 04:53:45 17/01/21
2,99.9,1.2750001,1013.13,0.0,3.57 04:58:58 17/01/21
2,99.9,1.33,1013.17,0.0,3.57 05:04:11 17/01/21
2,99.9,1.335,1013.2,0.0,3.57 05:09:21 17/01/21
2,99.9,1.2950001,1013.19,0.0,3.57 05:14:36 17/01/21
2,99.9,1.2950001,1013.15,0.0,3.57 05:19:51 17/01/21
2,99.9,1.355,1013.15,0.0,3.57 05:25:08 17/01/21
2,99.9,1.37,1013.12,0.0,3.57 05:30:21 17/01/21
2,99.9,1.375,1013.04,0.0,3.57 05:35:32 17/01/21
2,99.9,1.385,1013.07,0.0,3.57 05:40:43 17/01/21
1,99.9,1.4449999,1013.13,0.0,3.57 05:45:56 17/01/21
3,99.9,1.4599999,1013.18,0.0,3.57 05:51:20 17/01/21
2,99.9,1.5350001,1013.17,0.0,3.52 05:56:30 17/01/21
2,99.9,1.55,1013.16,0.0,3.57 06:01:43 17/01/21
2,99.9,1.56,1013.16,0.0,3.57 06:06:54 17/01/21
2,99.9,1.5699999,1013.2,0.0,3.57 06:12:11 17/01/21
2,99.9,1.645,1013.2,0.0,3.57 06:17:28 17/01/21
2,99.9,1.66,1013.2,0.0,3.57 06:22:39 17/01/21
2,99.9,1.67,1013.18,0.0,3.57 06:27:52 17/01/21
2,99.9,1.67,1013.21,0.0,3.57 06:33:12 17/01/21
2,99.9,1.74,1013.16,0.0,3.57 06:38:25 17/01/21
2,99.9,1.75,1013.23,0.0,3.57 06:43:41 17/01/21
1,99.9,1.7650001,1013.19,0.0,3.57 06:48:56 17/01/21
2,99.9,1.77,1013.35,0.0,3.57 06:54:11 17/01/21
2,99.9,1.7750001,1013.37,0.0,3.57 06:59:21 17/01/21
2,99.9,1.835,1013.4,0.0,3.57 07:04:33 17/01/21
2,99.9,1.845,1013.49,0.0,3.57 07:09:47 17/01/21
2,99.9,1.865,1013.5,0.0,3.57 07:14:59 17/01/21
2,99.9,1.93,1013.54,0.0,3.57 07:20:11 17/01/21
1,99.9,1.9449999,1013.65,0.0,3.57 07:25:22 17/01/21
2,99.9,1.9599999,1013.73,0.0,3.57 07:30:37 17/01/21
2,99.9,2.035,1013.75,0.0,3.57 07:35:47 17/01/21
2,99.9,2.06,1013.81,0.0,3.57 07:41:01 17/01/21
2,99.9,2.135,1013.86,0.0,3.57 07:46:12 17/01/21
2,99.9,2.155,1013.89,0.01,3.57 07:51:25 17/01/21
4,99.9,2.23,1013.92,0.02,3.57 07:56:38 17/01/21
3,99.9,2.25,1014.03,0.06,3.57 08:01:50 17/01/21
2,99.9,2.265,1014.1,0.12,3.54 08:07:02 17/01/21
5,99.9,2.33,1014.11,0.42,3.57 08:12:18 17/01/21
5,99.9,2.345,1014.2,0.74,3.57 08:17:34 17/01/21
9,99.9,2.355,1014.29,1.53,3.57 08:22:48 17/01/21
10,99.9,2.375,1014.3,2.14,3.57 08:27:59 17/01/21
15,99.9,2.445,1014.42,2.68,3.57 08:33:12 17/01/21
20,99.9,2.455,1014.52,3.14,3.57 08:38:25 17/01/21
22,99.9,2.455,1014.53,3.5,3.57 08:43:37 17/01/21
26,99.9,2.46,1014.62,3.7,3.57 08:48:49 17/01/21
31,99.9,2.455,1014.69,3.71,3.56 08:54:02 17/01/21
34,99.9,2.47,1014.8,3.72,3.57 08:59:14 17/01/21
38,99.9,2.55,1014.88,4.17,3.57 09:04:27 17/01/21
42,99.9,2.58,1015.01,4.28,3.57 09:09:39 17/01/21
36,99.9,2.67,1015.16,3.87,3.57 09:14:51 17/01/21
44,99.9,2.735,1015.22,4.14,3.57 09:20:07 17/01/21
50,99.9,2.81,1015.25,3.66,3.57 09:25:24 17/01/21
55,99.9,2.835,1015.4,4.2,3.57 09:30:37 17/01/21
61,99.9,2.8600001,1015.38,3.73,3.57 09:35:49 17/01/21
66,99.9,2.9299998,1015.39,5.0,3.58 09:41:02 17/01/21
70,99.9,2.945,1015.5,4.2,3.57 09:46:17 17/01/21
70,99.9,2.975,1015.49,5.0,3.58 09:51:26 17/01/21
72,99.9,3.0500002,1015.55,4.56,3.58 09:56:37 17/01/21
86,99.9,3.125,1015.6,5.0,3.58 10:01:58 17/01/21
93,99.9,3.17,1015.73,3.67,3.58 10:07:17 17/01/21
85,99.9,3.255,1015.77,5.0,3.57 10:12:32 17/01/21
87,99.9,3.3400002,1015.82,3.77,3.58 10:17:52 17/01/21
80,99.9,3.42,1015.92,4.01,3.58 10:23:08 17/01/21
84,99.9,3.455,1016.08,3.92,3.58 10:28:19 17/01/21
78,99.9,3.48,1016.15,5.0,3.58 10:33:31 17/01/21
76,99.9,3.545,1016.24,5.0,3.59 10:38:42 17/01/21
75,99.9,3.555,1016.28,5.0,3.59 10:43:54 17/01/21
85,99.9,3.63,1016.36,3.77,3.59 10:49:07 17/01/21
83,99.9,3.64,1016.42,3.78,3.6 10:54:19 17/01/21
98,99.9,3.735,1016.55,5.0,3.6 10:59:37 17/01/21
121,99.9,3.8449998,1016.62,4.54,3.61 11:04:54 17/01/21
85,99.9,3.935,1016.71,3.68,3.62 11:10:06 17/01/21
94,99.9,4.025,1016.68,5.0,3.62 11:15:19 17/01/21
125,99.9,4.135,1016.74,5.0,3.62 11:20:33 17/01/21
93,99.9,4.2349997,1016.82,5.0,3.61 11:25:45 17/01/21
86,99.9,4.33,1016.79,4.57,3.61 11:30:56 17/01/21
91,99.9,4.37,1016.84,4.44,3.64 11:36:08 17/01/21
67,99.9,4.5150003,1016.94,3.77,3.65 11:41:21 17/01/21
71,99.9,4.62,1016.95,3.75,3.65 11:46:35 17/01/21
89,99.9,4.73,1016.95,3.75,3.66 11:51:47 17/01/21
79,99.9,4.925,1017.04,3.87,3.64 11:56:58 17/01/21
73,99.9,5.085,1017.04,3.76,3.64 12:02:13 17/01/21
85,99.9,5.2,1017.03,4.26,3.62 12:07:24 17/01/21
92,99.9,5.24,1017.02,3.75,3.63 12:12:39 17/01/21
112,99.9,5.255,1017.1,3.84,3.63 12:17:52 17/01/21
87,99.9,5.3199997,1017.22,5.0,3.62 12:23:02 17/01/21
75,99.9,5.355,1017.25,3.68,3.62 12:28:17 17/01/21
60,99.9,5.345,1017.31,4.85,3.61 12:33:27 17/01/21
77,99.9,5.3599997,1017.35,5.0,3.64 12:38:41 17/01/21
59,99.9,5.42,1017.43,3.71,3.63 12:43:53 17/01/21
54,99.9,5.4300003,1017.48,5.0,3.63 12:49:06 17/01/21
56,99.9,5.445,1017.5,4.51,3.62 12:54:18 17/01/21
45,99.9,5.46,1017.5,3.87,3.62 12:59:33 17/01/21
53,99.9,5.46,1017.56,4.89,3.63 13:04:45 17/01/21
39,99.9,5.5299997,1017.62,4.25,3.61 13:09:58 17/01/21
44,99.9,5.4750004,1017.61,3.76,3.62 13:15:11 17/01/21
60,99.9,5.5299997,1017.55,3.71,3.64 13:20:23 17/01/21
47,99.9,5.5550003,1017.53,4.13,3.63 13:25:35 17/01/21
49,99.9,5.62,1017.58,3.69,3.62 13:30:46 17/01/21
46,99.9,5.645,1017.63,3.75,3.62 13:36:00 17/01/21
53,99.9,5.725,1017.55,3.74,3.64 13:41:12 17/01/21
53,99.9,5.8199997,1017.55,3.75,3.67 13:46:26 17/01/21
43,99.9,5.915,1017.58,3.8,3.64 13:51:43 17/01/21
52,99.9,5.95,1017.55,3.86,3.64 13:57:00 17/01/21
66,99.9,6.02,1017.64,3.7,3.64 14:02:14 17/01/21
51,99.9,6.1099997,1017.57,3.75,3.63 14:07:26 17/01/21
44,99.9,6.1400003,1017.59,3.75,3.63 14:12:37 17/01/21
42,99.9,6.2200003,1017.71,3.79,3.63 14:17:51 17/01/21
38,99.9,6.24,1017.74,3.73,3.63 14:23:02 17/01/21
48,99.9,6.25,1017.7,3.75,3.65 14:28:18 17/01/21
44,99.9,6.35,1017.72,3.97,3.66 14:33:28 17/01/21
44,99.9,6.5150003,1017.78,4.0,3.64 14:38:49 17/01/21
57,99.9,6.55,1017.91,4.79,3.65 14:44:02 17/01/21
45,99.9,6.625,1018.02,4.95,3.64 14:49:15 17/01/21
48,99.9,6.635,1018.17,4.51,3.63 14:54:30 17/01/21
71,99.9,6.625,1018.18,5.0,3.64 14:59:41 17/01/21
79,99.9,6.4750004,1018.26,3.73,3.63 15:04:54 17/01/21
91,99.9,6.375,1018.28,3.71,3.65 15:10:12 17/01/21
74,99.9,6.35,1018.22,5.0,3.65 15:15:27 17/01/21
69,99.9,6.27,1018.3,3.74,3.65 15:20:41 17/01/21
56,99.9,6.2749996,1018.44,5.0,3.63 15:25:55 17/01/21
50,99.9,6.345,1018.62,3.71,3.64 15:31:07 17/01/21
48,99.9,6.35,1018.79,4.8,3.63 15:36:19 17/01/21
59,99.9,6.2749996,1018.69,5.0,3.63 15:41:33 17/01/21
40,99.9,6.25,1018.79,5.0,3.63 15:46:45 17/01/21
55,99.9,6.165,1018.97,5.0,3.63 15:51:59 17/01/21
45,99.9,6.15,1018.99,4.09,3.63 15:57:11 17/01/21
54,99.9,6.075,1019.05,4.24,3.63 16:02:24 17/01/21
45,99.9,6.05,1019.17,4.34,3.63 16:07:36 17/01/21
42,99.9,5.985,1019.22,5.0,3.63 16:12:48 17/01/21
58,99.9,5.965,1019.25,3.69,3.63 16:18:02 17/01/21
51,99.9,5.95,1019.31,3.79,3.63 16:23:15 17/01/21
46,99.9,5.9350004,1019.35,5.0,3.63 16:28:27 17/01/21
41,99.9,5.87,1019.45,4.99,3.63 16:33:41 17/01/21
33,99.9,5.855,1019.5,4.8,3.63 16:38:52 17/01/21
33,99.9,5.85,1019.5,3.83,3.63 16:44:07 17/01/21
33,99.9,5.855,1019.57,4.27,3.63 16:49:19 17/01/21
26,99.9,5.8599997,1019.62,3.87,3.63 16:54:31 17/01/21
21,99.9,5.855,1019.73,3.7,3.62 16:59:44 17/01/21
15,99.9,5.845,1019.87,3.31,3.63 17:04:58 17/01/21
12,99.9,5.85,1019.88,2.68,3.62 17:10:14 17/01/21
11,99.9,5.8599997,1019.91,2.66,3.62 17:15:32 17/01/21
7,99.9,5.865,1020.04,1.9,3.62 17:20:44 17/01/21
6,99.9,5.865,1020.01,1.53,3.62 17:25:57 17/01/21
4,99.9,5.8599997,1020.09,0.83,3.63 17:31:09 17/01/21
3,99.9,5.845,1020.13,0.46,3.63 17:36:21 17/01/21
2,99.9,5.77,1020.23,0.21,3.63 17:41:35 17/01/21
2,99.9,5.745,1020.25,0.21,3.62 17:46:47 17/01/21
2,99.9,5.67,1020.28,0.02,3.62 17:51:59 17/01/21
2,99.9,5.6549997,1020.35,0.01,3.62 17:57:13 17/01/21
2,99.9,5.665,1020.41,0.0,3.62 18:02:25 17/01/21
2,99.9,5.66,1020.54,0.0,3.62 18:07:38 17/01/21
1,99.9,5.66,1020.6,0.0,3.62 18:12:49 17/01/21
2,99.9,5.6549997,1020.6,0.0,3.62 18:18:04 17/01/21
1,99.9,5.66,1020.63,0.0,3.62 18:23:16 17/01/21
2,99.9,5.6549997,1020.72,0.0,3.62 18:28:38 17/01/21
2,99.9,5.67,1020.79,0.0,3.62 18:33:50 17/01/21
2,99.9,5.66,1020.88,0.0,3.63 18:39:02 17/01/21
2,99.9,5.67,1020.87,0.0,3.62 18:44:16 17/01/21
2,99.9,5.67,1020.95,0.0,3.62 18:49:27 17/01/21
2,99.9,5.67,1021.03,0.0,3.62 18:54:42 17/01/21
3,99.9,5.66,1021.04,0.0,3.62 18:59:54 17/01/21
2,99.9,5.6549997,1021.13,0.0,3.62 19:05:11 17/01/21
2,99.9,5.6549997,1021.17,0.0,3.62 19:10:29 17/01/21
2,99.9,5.6549997,1021.23,0.0,3.62 19:15:41 17/01/21
2,99.9,5.645,1021.24,0.0,3.62 19:20:55 17/01/21
1,99.9,5.645,1021.3,0.0,3.62 19:26:04 17/01/21
2,99.9,5.6400003,1021.31,0.0,3.62 19:31:23 17/01/21
1,99.9,5.65,1021.46,0.0,3.62 19:36:38 17/01/21
0,99.9,5.59,1021.44,0.0,3.62 19:41:52 17/01/21
0,99.9,5.59,1021.53,0.0,3.62 19:47:06 17/01/21
0,99.9,5.585,1021.51,0.0,3.62 19:52:18 17/01/21
0,99.9,5.585,1021.43,0.0,3.62 19:57:30 17/01/21
0,99.9,5.585,1021.43,0.0,3.62 20:02:41 17/01/21
0,99.9,5.6400003,1021.53,0.0,3.62 20:07:56 17/01/21
0,99.9,5.59,1021.61,0.0,3.62 20:13:09 17/01/21
2,99.9,5.645,1021.65,0.0,3.62 20:18:22 17/01/21
1,99.9,5.6400003,1021.7,0.0,3.62 20:23:35 17/01/21
1,99.9,5.585,1021.75,0.0,3.62 20:28:45 17/01/21
0,99.9,5.59,1021.76,0.0,3.62 20:34:00 17/01/21
0,99.9,5.575,1021.85,0.0,3.62 20:39:11 17/01/21
0,99.9,5.5699997,1021.93,0.0,3.62 20:44:23 17/01/21
0,99.9,5.565,1021.82,0.0,3.62 20:49:37 17/01/21
0,99.9,5.5550003,1021.69,0.0,3.62 20:54:49 17/01/21
0,99.9,5.5,1021.71,0.0,3.62 21:00:02 17/01/21
0,99.9,5.485,1021.79,0.0,3.62 21:05:14 17/01/21
0,99.9,5.4750004,1021.71,0.0,3.62 21:10:26 17/01/21
0,99.9,5.4700003,1021.79,0.0,3.61 21:15:40 17/01/21
0,99.9,5.465,1021.77,0.0,3.62 21:21:02 17/01/21
0,99.9,5.4750004,1021.8,0.0,3.61 21:26:13 17/01/21
0,99.9,5.48,1021.87,0.0,3.61 21:31:27 17/01/21
0,99.9,5.4750004,1021.88,0.0,3.62 21:36:42 17/01/21
0,99.9,5.48,1021.96,0.0,3.62 21:41:53 17/01/21
0,99.9,5.4700003,1021.9,0.0,3.61 21:47:06 17/01/21
0,99.9,5.4700003,1021.9,0.0,3.62 21:52:19 17/01/21
0,99.9,5.4700003,1021.94,0.0,3.62 21:57:32 17/01/21
0,99.9,5.46,1021.96,0.0,3.61 22:02:42 17/01/21
0,99.9,5.46,1021.93,0.0,3.61 22:07:55 17/01/21
0,99.9,5.3999996,1022.01,0.0,3.62 22:13:08 17/01/21
0,99.9,5.395,1022.02,0.0,3.61 22:18:22 17/01/21
0,99.9,5.395,1022.06,0.0,3.61 22:23:36 17/01/21
0,99.9,5.385,1022.03,0.0,3.61 22:28:46 17/01/21
0,99.9,5.38,1022.06,0.0,3.61 22:34:00 17/01/21
0,99.9,5.38,1022.1,0.0,3.61 22:39:13 17/01/21
0,99.9,5.315,1022.07,0.0,3.61 22:44:24 17/01/21
0,99.9,5.3599997,1022.15,0.0,3.61 22:49:37 17/01/21
0,99.9,5.345,1022.14,0.0,3.61 22:54:51 17/01/21
0,99.9,5.345,1022.12,0.0,3.61 23:00:01 17/01/21
0,99.9,5.2799997,1022.07,0.0,3.61 23:05:20 17/01/21
0,99.9,5.285,1022.16,0.0,3.62 23:10:35 17/01/21
0,99.9,5.27,1022.13,0.0,3.61 23:15:54 17/01/21
0,99.9,5.2749996,1022.11,0.0,3.61 23:21:11 17/01/21
0,99.9,5.27,1022.19,0.0,3.61 23:26:22 17/01/21
0,99.9,5.255,1022.16,0.0,3.61 23:31:35 17/01/21
0,99.9,5.205,1022.16,0.0,3.61 23:36:49 17/01/21
0,99.9,5.2,1022.24,0.0,3.61 23:42:01 17/01/21
0,99.9,5.1949997,1022.28,0.0,3.61 23:47:13 17/01/21
0,99.9,5.19,1022.28,0.0,3.61 23:52:25 17/01/21
0,99.9,5.19,1022.31,0.0,3.61 23:57:39 17/01/21
