0,99.9,5.865,1016.05,0.0,3.64 00:04:45 19/01/21
0,99.9,5.8050003,1016.05,0.0,3.64 00:10:08 19/01/21
0,99.9,5.8599997,1015.92,0.0,3.64 00:15:19 19/01/21
0,99.9,5.81,1015.87,0.0,3.64 00:20:34 19/01/21
0,99.9,5.8,1015.83,0.0,3.64 00:25:45 19/01/21
0,99.9,5.79,1015.78,0.0,3.64 00:30:58 19/01/21
0,99.9,5.7799997,1015.74,0.0,3.64 00:36:12 19/01/21
0,99.9,5.755,1015.59,0.0,3.64 00:41:24 19/01/21
0,99.9,5.77,1015.49,0.0,3.64 00:46:36 19/01/21
0,99.9,5.76,1015.31,0.0,3.64 00:51:49 19/01/21
0,99.9,5.765,1015.23,0.0,3.64 00:57:01 19/01/21
0,99.9,5.7,1015.19,0.0,3.64 01:02:15 19/01/21
0,99.9,5.6949997,1015.02,0.0,3.64 01:07:30 19/01/21
0,99.9,5.6800003,1014.91,0.0,3.64 01:12:41 19/01/21
0,99.9,5.675,1015.02,0.0,3.64 01:17:52 19/01/21
0,99.9,5.6000004,1014.91,0.0,3.64 01:23:05 19/01/21
0,99.9,5.585,1014.75,0.0,3.64 01:28:18 19/01/21
0,99.9,5.565,1014.6,0.0,3.64 01:33:32 19/01/21
0,99.9,5.49,1014.57,0.0,3.64 01:38:44 19/01/21
0,99.9,5.41,1014.5,0.0,3.64 01:43:57 19/01/21
0,99.9,5.3199997,1014.36,0.0,3.64 01:49:10 19/01/21
0,99.9,5.31,1014.42,0.0,3.64 01:54:25 19/01/21
0,99.9,5.2749996,1014.24,0.0,3.64 01:59:35 19/01/21
0,99.9,5.255,1014.07,0.0,3.64 02:04:52 19/01/21
0,99.9,5.185,1013.94,0.0,3.64 02:10:12 19/01/21
0,99.9,5.12,1013.72,0.0,3.64 02:15:29 19/01/21
0,99.9,5.085,1013.63,0.0,3.64 02:20:41 19/01/21
0,99.9,5.02,1013.58,0.0,3.64 02:25:55 19/01/21
0,99.9,4.99,1013.51,0.0,3.64 02:31:09 19/01/21
0,99.9,4.98,1013.41,0.0,3.63 02:36:21 19/01/21
0,99.9,4.925,1013.4,0.0,3.64 02:41:33 19/01/21
0,99.9,4.8999996,1013.2,0.0,3.64 02:46:47 19/01/21
0,99.9,4.89,1013.11,0.0,3.64 02:51:58 19/01/21
0,99.9,4.895,1013.06,0.0,3.64 02:57:15 19/01/21
0,99.9,4.9049997,1013.08,0.0,3.64 03:02:31 19/01/21
0,99.9,4.965,1012.98,0.0,3.64 03:07:46 19/01/21
0,99.9,4.9750004,1012.91,0.0,3.64 03:12:58 19/01/21
0,99.9,4.9750004,1012.65,0.0,3.64 03:18:10 19/01/21
0,99.9,5.0550003,1012.54,0.0,3.64 03:23:23 19/01/21
0,99.9,5.065,1012.38,0.0,3.64 03:28:37 19/01/21
0,99.9,5.065,1012.19,0.0,3.64 03:33:48 19/01/21
0,99.9,5.085,1012.11,0.0,3.64 03:38:59 19/01/21
0,99.9,5.085,1011.93,0.0,3.64 03:44:13 19/01/21
0,99.9,5.09,1011.8,0.0,3.64 03:49:24 19/01/21
0,99.9,5.0950003,1011.64,0.0,3.64 03:54:37 19/01/21
0,99.9,5.1549997,1011.58,0.0,3.64 03:59:50 19/01/21
0,99.9,5.175,1011.56,0.0,3.63 04:05:05 19/01/21
0,99.9,5.19,1011.37,0.0,3.64 04:10:15 19/01/21
0,99.9,5.19,1011.21,0.0,3.64 04:15:30 19/01/21
0,99.9,5.26,1011.17,0.0,3.64 04:20:43 19/01/21
0,99.9,5.2749996,1011.03,0.0,3.63 04:25:55 19/01/21
0,99.9,5.27,1010.85,0.0,3.64 04:31:07 19/01/21
1,99.9,5.285,1010.68,0.0,3.63 04:36:20 19/01/21
1,99.9,5.34,1010.62,0.0,3.63 04:41:31 19/01/21
1,99.9,5.355,1010.43,0.0,3.63 04:46:46 19/01/21
2,99.9,5.37,1010.46,0.0,3.64 04:51:58 19/01/21
3,99.9,5.395,1010.26,0.0,3.64 04:57:10 19/01/21
2,99.9,5.395,1010.05,0.0,3.63 05:02:23 19/01/21
2,99.9,5.46,1009.84,0.0,3.63 05:07:36 19/01/21
2,99.9,5.4700003,1009.81,0.0,3.63 05:12:49 19/01/21
3,99.9,5.48,1009.73,0.0,3.63 05:18:02 19/01/21
2,99.9,5.485,1009.66,0.0,3.63 05:23:13 19/01/21
1,99.9,5.485,1009.43,0.0,3.63 05:28:26 19/01/21
2,99.9,5.49,1009.28,0.0,3.63 05:33:40 19/01/21
2,99.9,5.5,1009.21,0.0,3.63 05:38:52 19/01/21
2,99.9,5.5699997,1009.08,0.0,3.63 05:44:05 19/01/21
2,99.9,5.58,1008.74,0.0,3.63 05:49:18 19/01/21
2,99.9,5.5950003,1008.71,0.0,3.63 05:54:30 19/01/21
3,99.9,5.66,1008.74,0.0,3.63 05:59:47 19/01/21
2,99.9,5.6800003,1008.58,0.0,3.63 06:05:04 19/01/21
1,99.9,5.685,1008.48,0.0,3.63 06:10:18 19/01/21
2,99.9,5.6949997,1008.39,0.0,3.63 06:15:39 19/01/21
1,99.9,5.765,1008.28,0.0,3.63 06:20:49 19/01/21
1,99.9,5.755,1008.15,0.0,3.63 06:26:04 19/01/21
3,99.9,5.77,1008.04,0.0,3.63 06:31:15 19/01/21
1,99.9,5.785,1007.95,0.0,3.63 06:36:29 19/01/21
0,99.9,5.8050003,1007.83,0.0,3.63 06:41:43 19/01/21
1,99.9,5.8599997,1007.82,0.0,3.63 06:46:56 19/01/21
0,99.9,5.87,1007.75,0.0,3.63 06:52:11 19/01/21
0,99.9,5.88,1007.71,0.0,3.63 06:57:29 19/01/21
0,99.9,5.88,1007.61,0.0,3.63 07:02:43 19/01/21
0,99.9,5.885,1007.71,0.0,3.63 07:07:52 19/01/21
0,99.9,5.885,1007.51,0.0,3.63 07:13:06 19/01/21
0,99.9,5.89,1007.45,0.0,3.63 07:18:23 19/01/21
5,99.9,5.895,1007.3,0.0,3.63 07:23:41 19/01/21
0,99.9,5.9049997,1007.15,0.0,3.63 07:28:52 19/01/21
0,99.9,5.895,1007.03,0.0,3.63 07:34:06 19/01/21
0,99.9,5.885,1006.94,0.0,3.63 07:39:17 19/01/21
0,99.9,5.875,1006.8,0.0,3.63 07:44:31 19/01/21
0,99.9,5.875,1006.72,0.02,3.63 07:49:47 19/01/21
0,99.9,5.885,1006.53,0.03,3.63 07:54:57 19/01/21
0,99.9,5.885,1006.41,0.07,3.63 08:00:10 19/01/21
0,99.9,5.89,1006.29,0.19,3.63 08:05:28 19/01/21
0,99.9,5.89,1006.27,0.27,3.63 08:10:44 19/01/21
1,99.9,5.895,1005.99,0.79,3.63 08:15:58 19/01/21
4,99.9,5.8999996,1006.18,1.62,3.61 08:21:10 19/01/21
4,99.9,5.95,1006.24,1.46,3.63 08:26:25 19/01/21
3,99.9,5.96,1006.27,1.71,3.63 08:31:44 19/01/21
9,99.9,5.9700003,1006.04,2.94,3.63 08:36:57 19/01/21
6,99.9,5.985,1006.07,2.61,3.63 08:42:07 19/01/21
13,99.9,6.005,1005.78,3.64,3.63 08:47:23 19/01/21
12,99.9,6.0699997,1005.78,3.58,3.63 08:52:33 19/01/21
17,99.9,6.145,1005.71,3.73,3.63 08:57:47 19/01/21
17,99.9,6.165,1005.73,3.73,3.63 09:03:02 19/01/21
20,99.9,6.175,1005.58,3.84,3.63 09:08:14 19/01/21
24,99.9,6.175,1005.59,4.0,3.63 09:13:26 19/01/21
19,99.9,6.265,1005.58,3.78,3.63 09:18:39 19/01/21
27,99.9,6.265,1005.29,4.32,3.63 09:23:50 19/01/21
41,99.9,6.295,1005.51,3.74,3.63 09:29:07 19/01/21
26,99.9,6.31,1005.36,3.7,3.63 09:34:16 19/01/21
24,99.9,6.3599997,1005.19,4.4,3.63 09:39:29 19/01/21
50,99.9,6.38,1005.43,5.0,3.63 09:44:43 19/01/21
28,99.9,6.39,1005.46,4.45,3.63 09:49:55 19/01/21
39,99.9,6.455,1005.38,5.0,3.63 09:55:07 19/01/21
41,99.9,6.415,1005.42,5.0,3.63 10:00:22 19/01/21
42,99.9,6.48,1005.36,3.94,3.63 10:05:32 19/01/21
45,99.9,6.5,1005.34,4.56,3.63 10:10:47 19/01/21
35,99.9,6.5699997,1005.38,4.74,3.63 10:15:59 19/01/21
49,99.9,6.59,1005.28,4.87,3.63 10:21:11 19/01/21
39,99.9,6.66,1005.48,4.24,3.63 10:26:25 19/01/21
49,99.9,6.69,1005.54,4.12,3.63 10:31:38 19/01/21
48,99.9,6.755,1005.21,5.0,3.63 10:37:00 19/01/21
43,99.9,6.795,1005.49,4.65,3.63 10:42:10 19/01/21
44,99.9,6.8599997,1005.42,3.71,3.63 10:47:26 19/01/21
53,99.9,6.9350004,1005.38,3.73,3.63 10:52:38 19/01/21
46,99.9,6.9700003,1005.39,5.0,3.63 10:57:50 19/01/21
52,99.9,7.06,1005.52,4.05,3.63 11:03:06 19/01/21
58,99.9,7.0950003,1005.56,5.0,3.63 11:08:18 19/01/21
53,99.9,7.245,1005.43,5.0,3.63 11:13:29 19/01/21
53,99.9,7.2799997,1005.58,3.7,3.63 11:18:41 19/01/21
64,99.9,7.355,1005.5,4.5,3.64 11:23:55 19/01/21
61,99.9,7.455,1005.58,4.32,3.63 11:29:10 19/01/21
55,99.9,7.54,1005.63,4.66,3.64 11:34:20 19/01/21
61,99.9,7.5600004,1005.55,4.26,3.63 11:39:35 19/01/21
59,99.9,7.67,1005.59,4.87,3.64 11:44:48 19/01/21
69,99.9,7.76,1005.62,4.51,3.63 11:50:01 19/01/21
62,99.9,7.855,1005.52,5.0,3.63 11:55:14 19/01/21
65,99.9,8.015,1005.69,4.35,3.63 12:00:24 19/01/21
64,99.9,8.115,1005.69,3.95,3.64 12:05:44 19/01/21
72,99.9,8.16,1005.5,5.0,3.63 12:11:00 19/01/21
61,99.9,8.245,1005.57,5.0,3.63 12:16:13 19/01/21
59,99.9,8.395,1005.51,4.13,3.64 12:21:26 19/01/21
74,99.9,8.52,1005.52,4.25,3.64 12:26:43 19/01/21
62,99.9,8.645,1005.48,4.69,3.63 12:32:02 19/01/21
63,99.9,8.795,1005.45,3.71,3.64 12:37:14 19/01/21
62,99.9,8.835,1005.48,5.0,3.63 12:42:27 19/01/21
67,99.9,8.925,1005.38,5.0,3.64 12:47:40 19/01/21
60,99.9,9.025,1005.43,5.0,3.63 12:52:53 19/01/21
62,99.9,9.049999,1005.48,3.96,3.64 12:58:11 19/01/21
75,99.9,9.135,1005.42,5.0,3.64 13:03:28 19/01/21
98,99.9,9.155001,1005.3,3.76,3.64 13:08:48 19/01/21
79,99.9,9.23,1005.42,5.0,3.64 13:14:05 19/01/21
109,99.9,9.245001,1005.47,5.0,3.65 13:19:20 19/01/21
45,99.9,9.245001,1005.39,4.58,3.64 13:24:39 19/01/21
63,99.9,9.24,1005.3,5.0,3.64 13:29:56 19/01/21
52,99.9,9.235001,1005.25,3.71,3.65 13:35:17 19/01/21
47,99.9,9.25,1005.21,5.0,3.65 13:40:36 19/01/21
39,99.9,9.255,1005.08,5.0,3.64 13:45:47 19/01/21
43,99.9,9.26,1005.1,4.75,3.64 13:51:01 19/01/21
31,99.9,9.27,1005.17,5.0,3.64 13:56:14 19/01/21
42,99.9,9.33,1005.26,3.92,3.65 14:01:25 19/01/21
32,99.9,9.335,1005.14,5.0,3.64 14:06:40 19/01/21
25,99.9,9.344999,1005.1,5.0,3.64 14:11:53 19/01/21
32,99.9,9.35,1005.19,5.0,3.64 14:17:06 19/01/21
26,99.9,9.360001,1005.13,5.0,3.64 14:22:21 19/01/21
23,99.9,9.355,1005.02,5.0,3.64 14:27:32 19/01/21
25,99.9,9.365,1005.13,4.34,3.64 14:32:52 19/01/21
26,99.9,9.365,1005.21,4.72,3.64 14:38:08 19/01/21
22,99.9,9.37,1005.23,5.0,3.64 14:43:21 19/01/21
33,99.9,9.360001,1005.16,4.02,3.64 14:48:34 19/01/21
32,99.9,9.38,1005.1,4.09,3.65 14:53:45 19/01/21
23,99.9,9.360001,1005.04,4.97,3.64 14:58:59 19/01/21
21,99.9,9.365,1005.2,5.0,3.64 15:04:14 19/01/21
23,99.9,9.385,1005.22,4.76,3.64 15:09:27 19/01/21
26,99.9,9.38,1005.12,4.43,3.64 15:14:39 19/01/21
28,99.9,9.440001,1005.26,5.0,3.64 15:19:53 19/01/21
22,99.9,9.440001,1005.3,4.5,3.64 15:25:06 19/01/21
20,99.9,9.440001,1005.24,4.18,3.64 15:30:19 19/01/21
16,99.9,9.385,1005.23,4.61,3.63 15:35:33 19/01/21
15,99.9,9.440001,1005.33,4.83,3.64 15:40:47 19/01/21
18,99.9,9.37,1005.36,4.85,3.64 15:46:02 19/01/21
23,99.9,9.38,1005.3,5.0,3.64 15:51:13 19/01/21
15,99.9,9.375,1005.37,5.0,3.64 15:56:25 19/01/21
22,99.9,9.38,1005.4,4.87,3.64 16:01:39 19/01/21
19,99.9,9.37,1005.4,5.0,3.64 16:06:52 19/01/21
15,99.9,9.360001,1005.66,4.02,3.63 16:12:09 19/01/21
7,99.9,9.355,1005.68,4.03,3.64 16:17:33 19/01/21
8,99.9,9.275,1005.66,3.71,3.63 16:22:49 19/01/21
11,99.9,9.2,1005.63,3.75,3.63 16:28:08 19/01/21
8,99.9,9.184999,1005.7,3.72,3.64 16:33:23 19/01/21
9,99.9,9.155001,1005.59,3.77,3.63 16:38:37 19/01/21
7,99.9,9.085,1005.69,3.72,3.63 16:43:49 19/01/21
10,99.9,9.065,1005.67,3.67,3.64 16:49:03 19/01/21
8,99.9,9.0,1005.85,2.94,3.63 16:54:15 19/01/21
7,99.9,8.975,1005.75,2.71,3.64 16:59:28 19/01/21
4,99.9,8.885,1005.78,2.45,3.63 17:04:43 19/01/21
3,99.9,8.82,1005.78,1.82,3.63 17:09:55 19/01/21
1,99.9,8.79,1005.85,1.5,3.63 17:15:07 19/01/21
1,99.9,8.765,1005.86,1.02,3.63 17:20:20 19/01/21
0,99.9,8.690001,1005.99,0.58,3.63 17:25:36 19/01/21
0,99.9,8.68,1005.82,0.29,3.63 17:30:56 19/01/21
0,99.9,8.675,1005.8,0.15,3.63 17:36:08 19/01/21
0,99.9,8.6,1005.84,0.07,3.63 17:41:21 19/01/21
0,99.9,8.585,1005.77,0.03,3.63 17:46:35 19/01/21
0,99.9,8.505,1005.71,0.02,3.63 17:51:49 19/01/21
0,99.9,8.485001,1005.77,0.02,3.63 17:57:01 19/01/21
0,99.9,8.46,1005.71,0.01,3.63 18:02:13 19/01/21
0,99.9,8.385,1005.91,0.01,3.63 18:07:28 19/01/21
0,99.9,8.32,1005.9,0.01,3.63 18:12:39 19/01/21
0,99.9,8.295,1005.85,0.01,3.63 18:17:52 19/01/21
0,99.9,8.205,1005.87,0.01,3.63 18:23:07 19/01/21
0,99.9,8.18,1005.88,0.01,3.63 18:28:20 19/01/21
0,99.9,8.115,1005.94,0.01,3.63 18:33:31 19/01/21
0,99.9,8.08,1005.91,0.01,3.63 18:38:51 19/01/21
0,99.9,8.0,1005.86,0.01,3.63 18:44:07 19/01/21
0,99.9,7.915,1005.77,0.01,3.63 18:49:20 19/01/21
0,99.9,7.8849998,1005.78,0.01,3.63 18:54:33 19/01/21
0,99.9,7.8,1005.8,0.0,3.63 18:59:46 19/01/21
0,99.9,7.73,1005.77,0.01,3.63 19:04:59 19/01/21
0,99.9,7.6499996,1005.84,0.01,3.63 19:10:13 19/01/21
0,99.9,7.62,1005.91,0.01,3.63 19:15:24 19/01/21
0,99.9,7.515,1005.82,0.0,3.63 19:20:38 19/01/21
0,99.9,7.4900002,1005.73,0.0,3.63 19:25:51 19/01/21
1,99.9,7.485,1005.85,0.01,3.63 19:31:03 19/01/21
0,99.9,7.4249997,1005.82,0.0,3.63 19:36:16 19/01/21
0,99.9,7.4,1005.76,0.01,3.63 19:41:29 19/01/21
0,99.9,7.3149996,1005.77,0.0,3.63 19:46:43 19/01/21
0,99.9,7.3100004,1005.85,0.0,3.63 19:51:54 19/01/21
0,99.9,7.2349997,1005.75,0.0,3.63 19:57:09 19/01/21
0,99.9,7.215,1005.8,0.0,3.63 20:02:22 19/01/21
0,99.9,7.21,1005.79,0.0,3.63 20:07:37 19/01/21
0,99.9,7.175,1005.67,0.0,3.63 20:12:47 19/01/21
0,99.9,7.1800003,1005.63,0.0,3.63 20:18:01 19/01/21
0,99.9,7.185,1005.65,0.0,3.62 20:23:12 19/01/21
0,99.9,7.115,1005.53,0.0,3.63 20:28:24 19/01/21
0,99.9,7.12,1005.52,0.0,3.63 20:33:39 19/01/21
0,99.9,7.115,1005.55,0.0,3.62 20:38:53 19/01/21
0,99.9,7.105,1005.43,0.0,3.63 20:44:05 19/01/21
0,99.9,7.0950003,1005.34,0.0,3.63 20:49:17 19/01/21
0,99.9,7.1000004,1005.35,0.0,3.63 20:54:33 19/01/21
0,99.9,7.1000004,1005.29,0.0,3.62 20:59:42 19/01/21
0,99.9,7.0950003,1005.2,0.0,3.62 21:04:57 19/01/21
0,99.9,7.0950003,1005.19,0.0,3.62 21:10:08 19/01/21
0,99.9,7.105,1005.12,0.0,3.63 21:15:20 19/01/21
0,99.9,7.0950003,1004.98,0.0,3.62 21:20:33 19/01/21
0,99.9,7.0950003,1004.85,0.0,3.63 21:25:47 19/01/21
0,99.9,7.1000004,1004.68,0.0,3.63 21:31:02 19/01/21
0,99.9,7.0950003,1004.65,0.0,3.62 21:36:14 19/01/21
0,99.9,7.11,1004.62,0.0,3.63 21:41:32 19/01/21
0,99.9,7.105,1004.56,0.0,3.62 21:46:47 19/01/21
0,99.9,7.1000004,1004.48,0.0,3.62 21:52:00 19/01/21
0,99.9,7.09,1004.41,0.0,3.62 21:57:12 19/01/21
0,99.9,7.085,1004.31,0.0,3.62 22:02:28 19/01/21
0,99.9,7.085,1004.3,0.0,3.62 22:07:42 19/01/21
0,99.9,7.085,1004.33,0.0,3.62 22:12:52 19/01/21
0,99.9,7.09,1004.13,0.0,3.62 22:18:06 19/01/21
0,99.9,7.08,1004.26,0.0,3.62 22:23:20 19/01/21
0,99.9,7.09,1003.99,0.0,3.62 22:28:31 19/01/21
0,99.9,7.0950003,1004.04,0.0,3.62 22:33:43 19/01/21
0,99.9,7.09,1003.87,0.0,3.62 22:38:58 19/01/21
0,99.9,7.085,1003.77,0.0,3.62 22:44:10 19/01/21
0,99.9,7.08,1003.65,0.0,3.62 22:49:23 19/01/21
0,99.9,7.085,1003.51,0.0,3.62 22:54:35 19/01/21
0,99.9,7.075,1003.43,0.0,3.62 23:00:03 19/01/21
0,99.9,7.0950003,1003.36,0.0,3.62 23:05:17 19/01/21
0,99.9,7.08,1003.22,0.0,3.62 23:10:31 19/01/21
0,99.9,7.09,1003.2,0.0,3.62 23:15:42 19/01/21
0,99.9,7.075,1003.08,0.0,3.62 23:20:56 19/01/21
0,99.9,7.025,1003.07,0.0,3.62 23:26:11 19/01/21
0,99.9,6.995,1002.97,0.0,3.62 23:31:21 19/01/21
0,99.9,6.9750004,1002.96,0.0,3.62 23:36:36 19/01/21
0,99.9,6.98,1002.92,0.0,3.62 23:41:47 19/01/21
3,99.9,6.9700003,1003.0,0.0,3.62 23:47:02 19/01/21
0,99.9,6.96,1002.87,0.0,3.62 23:52:14 19/01/21
0,99.9,6.8999996,1002.75,0.0,3.62 23:57:25 19/01/21
