0,99.9,10.610001,987.16,0.0,3.67 00:02:58 21/01/21
0,99.9,10.63,987.06,0.0,3.67 00:08:12 21/01/21
0,99.9,10.62,986.86,0.0,3.67 00:13:24 21/01/21
0,99.9,10.625,986.64,0.0,3.66 00:18:38 21/01/21
0,99.9,10.685,986.56,0.0,3.66 00:23:52 21/01/21
0,99.9,10.695,986.43,0.0,3.66 00:29:03 21/01/21
0,99.9,10.700001,986.33,0.0,3.67 00:34:22 21/01/21
0,99.9,10.715,986.23,0.0,3.66 00:39:40 21/01/21
0,99.9,10.715,986.06,0.0,3.67 00:44:56 21/01/21
0,99.9,10.71,985.96,0.0,3.66 00:50:06 21/01/21
0,99.9,10.71,985.7,0.0,3.67 00:55:20 21/01/21
0,99.9,10.65,985.47,0.0,3.66 01:00:34 21/01/21
0,99.9,10.695,985.35,0.0,3.66 01:05:48 21/01/21
0,99.9,10.63,985.23,0.0,3.66 01:11:00 21/01/21
0,99.9,10.625,985.08,0.0,3.66 01:16:13 21/01/21
0,99.9,10.635,984.83,0.0,3.66 01:21:34 21/01/21
0,99.9,10.71,984.75,0.0,3.66 01:26:48 21/01/21
0,99.9,10.700001,984.53,0.0,3.66 01:32:00 21/01/21
0,99.9,10.79,984.37,0.0,3.66 01:37:16 21/01/21
0,99.9,10.885,984.31,0.0,3.66 01:42:30 21/01/21
0,99.6,10.91,984.11,0.0,3.66 01:47:40 21/01/21
0,99.6,11.004999,983.81,0.0,3.66 01:52:53 21/01/21
0,99.3,11.08,983.89,0.0,3.66 01:58:09 21/01/21
0,99.1,11.1,983.74,0.0,3.66 02:03:21 21/01/21
0,99.0,11.110001,983.62,0.0,3.66 02:08:35 21/01/21
0,98.8,11.195,983.58,0.0,3.66 02:13:49 21/01/21
0,98.7,11.285,983.52,0.0,3.66 02:19:02 21/01/21
0,98.3,11.455,983.41,0.0,3.66 02:24:16 21/01/21
0,98.9,11.57,983.35,0.0,3.66 02:29:29 21/01/21
0,97.8,11.715,983.4,0.0,3.66 02:34:47 21/01/21
0,97.8,11.77,983.2,0.0,3.66 02:40:05 21/01/21
0,97.7,11.85,983.13,0.0,3.66 02:45:18 21/01/21
0,97.5,11.87,983.1,0.0,3.66 02:50:32 21/01/21
0,97.4,11.885,983.21,0.0,3.66 02:55:43 21/01/21
0,97.8,11.965,983.08,0.0,3.66 03:00:59 21/01/21
0,97.6,12.025,982.86,0.0,3.66 03:06:10 21/01/21
0,97.5,12.04,982.87,0.0,3.66 03:11:35 21/01/21
0,97.6,12.065001,983.0,0.0,3.66 03:16:46 21/01/21
0,97.7,12.07,982.86,0.0,3.66 03:22:01 21/01/21
0,98.0,12.065001,982.87,0.0,3.66 03:27:15 21/01/21
0,98.0,12.059999,982.68,0.0,3.66 03:32:28 21/01/21
0,98.1,12.059999,982.77,0.0,3.66 03:37:43 21/01/21
0,97.9,12.055,982.93,0.0,3.66 03:43:00 21/01/21
0,98.7,12.02,982.79,0.0,3.66 03:48:17 21/01/21
0,99.5,11.975,982.72,0.0,3.66 03:53:30 21/01/21
0,99.4,11.815001,982.69,0.0,3.66 03:58:48 21/01/21
0,99.6,11.809999,982.65,0.0,3.66 04:03:59 21/01/21
0,99.6,11.73,982.63,0.0,3.66 04:09:12 21/01/21
0,99.9,11.72,982.79,0.0,3.66 04:14:30 21/01/21
0,99.9,11.645,982.76,0.0,3.66 04:19:45 21/01/21
0,99.9,11.639999,982.78,0.0,3.66 04:24:59 21/01/21
0,99.9,11.615,982.57,0.0,3.66 04:30:19 21/01/21
0,99.9,11.62,982.93,0.0,3.66 04:35:37 21/01/21
0,99.9,11.615,982.46,0.0,3.66 04:40:54 21/01/21
0,99.9,11.63,982.95,0.0,3.66 04:46:13 21/01/21
1,99.9,11.525,983.96,0.0,3.66 04:51:26 21/01/21
0,99.9,11.02,984.9,0.0,3.66 04:56:39 21/01/21
0,99.9,10.455,985.31,0.0,3.66 05:01:52 21/01/21
0,99.9,9.674999,985.68,0.01,3.66 05:07:10 21/01/21
0,99.9,9.145,985.8,0.01,3.65 05:12:25 21/01/21
0,99.9,8.77,985.8,0.01,3.66 05:17:41 21/01/21
0,99.9,8.469999,985.76,0.0,3.65 05:22:54 21/01/21
0,99.9,8.27,986.06,0.01,3.65 05:28:06 21/01/21
0,99.9,8.145,986.36,0.01,3.65 05:33:19 21/01/21
0,99.9,8.04,986.36,0.01,3.66 05:38:32 21/01/21
0,99.9,8.02,986.0,0.01,3.65 05:43:45 21/01/21
0,99.9,7.8549995,986.36,0.0,3.66 05:48:56 21/01/21
0,99.9,7.73,986.35,0.0,3.65 05:54:11 21/01/21
0,99.9,7.71,986.85,0.0,3.65 05:59:22 21/01/21
0,99.9,7.6499996,986.54,0.0,3.65 06:04:41 21/01/21
0,99.9,7.625,986.73,0.0,3.65 06:09:59 21/01/21
2,99.9,7.6050005,987.09,0.0,3.65 06:15:12 21/01/21
0,99.9,7.515,987.25,0.0,3.65 06:20:31 21/01/21
0,99.9,7.525,987.3,0.0,3.65 06:25:47 21/01/21
0,99.9,7.5,987.19,0.0,3.65 06:31:00 21/01/21
0,99.9,7.485,987.22,0.0,3.65 06:36:11 21/01/21
0,99.9,7.485,987.47,0.0,3.65 06:41:25 21/01/21
0,99.9,7.4249997,987.64,0.0,3.65 06:46:42 21/01/21
1,99.9,7.42,987.77,0.0,3.65 06:51:59 21/01/21
1,99.9,7.42,987.8,0.0,3.65 06:57:10 21/01/21
1,99.9,7.395,988.13,0.0,3.65 07:02:25 21/01/21
0,99.9,7.39,988.21,0.0,3.65 07:07:39 21/01/21
1,99.9,7.325,988.3,0.0,3.65 07:12:56 21/01/21
1,99.9,7.3100004,988.44,0.0,3.65 07:18:13 21/01/21
1,99.9,7.2349997,988.49,0.0,3.65 07:23:25 21/01/21
1,99.9,7.2,988.64,0.0,3.65 07:28:37 21/01/21
1,99.9,7.12,988.75,0.0,3.65 07:33:49 21/01/21
1,99.9,7.09,988.8,0.01,3.65 07:39:03 21/01/21
2,99.9,7.08,988.97,0.04,3.65 07:44:15 21/01/21
3,99.9,7.0150003,988.99,0.12,3.65 07:49:30 21/01/21
3,99.9,7.0,989.08,0.26,3.65 07:54:43 21/01/21
3,99.9,6.985,989.18,0.53,3.65 07:59:55 21/01/21
5,99.9,6.98,989.37,1.07,3.65 08:05:08 21/01/21
7,99.9,6.9750004,989.41,2.06,3.65 08:10:21 21/01/21
8,99.9,6.965,989.51,3.03,3.65 08:15:32 21/01/21
13,99.9,6.895,989.52,3.76,3.65 08:20:46 21/01/21
19,99.9,6.87,989.6,3.74,3.64 08:26:01 21/01/21
21,99.9,6.8,989.68,3.72,3.65 08:31:11 21/01/21
29,99.9,6.725,989.76,4.21,3.65 08:36:26 21/01/21
30,99.9,6.715,989.82,3.96,3.65 08:41:39 21/01/21
38,99.9,6.705,989.94,5.0,3.65 08:46:51 21/01/21
39,99.9,6.71,990.05,4.14,3.65 08:52:03 21/01/21
39,99.9,6.71,990.06,4.49,3.65 08:57:16 21/01/21
41,99.9,6.785,990.12,4.56,3.65 09:02:29 21/01/21
56,99.9,6.87,990.17,4.13,3.65 09:07:41 21/01/21
33,99.9,6.89,990.16,5.0,3.65 09:12:55 21/01/21
25,99.9,6.915,990.31,3.94,3.66 09:18:08 21/01/21
31,99.9,6.985,990.32,5.0,3.65 09:23:20 21/01/21
25,99.9,7.005,990.22,5.0,3.65 09:28:35 21/01/21
36,99.9,7.065,990.44,5.0,3.65 09:33:46 21/01/21
31,99.9,7.08,990.47,5.0,3.65 09:38:59 21/01/21
33,99.9,7.105,990.49,4.37,3.66 09:44:13 21/01/21
29,99.9,7.185,990.54,4.12,3.65 09:49:28 21/01/21
36,99.9,7.205,990.63,5.0,3.65 09:54:43 21/01/21
30,99.9,7.29,990.61,3.71,3.67 09:59:59 21/01/21
33,99.9,7.3100004,990.66,5.0,3.66 10:05:12 21/01/21
33,99.9,7.39,990.75,4.28,3.66 10:10:25 21/01/21
35,99.9,7.465,990.92,3.73,3.67 10:15:39 21/01/21
21,99.9,7.48,990.97,3.75,3.66 10:20:53 21/01/21
41,99.9,7.5550003,991.05,3.99,3.66 10:26:11 21/01/21
51,99.9,7.5649996,991.0,3.85,3.67 10:31:28 21/01/21
35,99.9,7.6050005,991.17,5.0,3.67 10:36:39 21/01/21
37,99.9,7.615,991.07,5.0,3.66 10:41:50 21/01/21
42,99.9,7.625,991.07,3.8,3.68 10:47:03 21/01/21
48,99.9,7.685,991.05,5.0,3.68 10:52:19 21/01/21
45,99.9,7.7749996,991.07,3.75,3.67 10:57:39 21/01/21
47,99.9,7.865,991.12,3.96,3.69 11:02:53 21/01/21
42,99.9,7.8849998,991.12,3.85,3.68 11:08:05 21/01/21
44,99.9,7.9,991.03,3.81,3.69 11:13:18 21/01/21
55,99.9,7.9049997,991.03,3.77,3.69 11:18:31 21/01/21
48,99.9,7.98,990.97,3.82,3.69 11:23:48 21/01/21
41,99.9,8.0,991.04,4.39,3.69 11:28:58 21/01/21
54,99.9,7.995,991.11,4.48,3.69 11:34:11 21/01/21
50,99.9,8.055,991.05,4.16,3.7 11:39:22 21/01/21
57,99.9,8.08,991.21,4.16,3.7 11:44:40 21/01/21
53,99.9,8.16,991.16,3.79,3.7 11:50:04 21/01/21
54,99.9,8.17,991.13,3.87,3.71 11:55:18 21/01/21
56,99.9,8.195,991.13,3.85,3.71 12:00:33 21/01/21
46,99.9,8.265,991.08,4.22,3.71 12:05:44 21/01/21
49,99.9,8.29,991.17,5.0,3.71 12:10:57 21/01/21
51,99.9,8.355,991.05,3.8,3.71 12:16:10 21/01/21
50,99.9,8.365,991.07,3.79,3.72 12:21:24 21/01/21
50,99.9,8.389999,991.1,3.85,3.71 12:26:39 21/01/21
47,99.9,8.455,991.06,3.84,3.72 12:31:50 21/01/21
61,99.9,8.395,991.07,4.28,3.72 12:37:04 21/01/21
47,99.9,8.38,991.01,5.0,3.71 12:42:17 21/01/21
49,99.9,8.389999,991.04,3.81,3.72 12:47:34 21/01/21
51,99.9,8.389999,990.97,5.0,3.72 12:52:53 21/01/21
42,99.9,8.389999,990.87,3.9,3.72 12:58:03 21/01/21
58,99.9,8.395,990.89,5.0,3.72 13:03:19 21/01/21
45,99.9,8.465,990.89,3.77,3.72 13:08:33 21/01/21
33,99.9,8.47,990.76,5.0,3.72 13:13:42 21/01/21
43,99.9,8.475,990.82,3.83,3.71 13:18:57 21/01/21
44,99.9,8.48,990.7,5.0,3.72 13:24:10 21/01/21
45,99.9,8.49,990.76,4.01,3.72 13:29:23 21/01/21
50,99.9,8.565,990.65,4.38,3.73 13:34:36 21/01/21
50,99.9,8.585,990.56,3.95,3.73 13:39:54 21/01/21
54,99.9,8.66,990.47,3.84,3.74 13:45:11 21/01/21
45,99.9,8.75,990.38,4.72,3.74 13:50:22 21/01/21
45,99.9,8.76,990.4,3.83,3.75 13:55:36 21/01/21
60,99.9,8.82,990.34,3.86,3.77 14:00:53 21/01/21
50,99.9,8.83,990.27,3.86,3.74 14:06:07 21/01/21
44,99.9,8.860001,990.28,5.0,3.76 14:11:23 21/01/21
47,99.9,8.875,990.32,3.85,3.75 14:16:37 21/01/21
47,99.9,8.889999,990.14,3.82,3.75 14:21:51 21/01/21
52,99.9,8.950001,990.09,3.96,3.82 14:27:04 21/01/21
56,99.9,8.97,990.16,3.89,3.79 14:32:22 21/01/21
52,99.9,9.075,990.22,3.89,3.78 14:37:39 21/01/21
65,99.9,9.139999,990.16,3.95,3.83 14:42:56 21/01/21
56,99.9,9.225,990.22,3.95,3.82 14:48:14 21/01/21
49,99.9,9.175,990.27,4.04,3.79 14:53:27 21/01/21
50,99.9,9.17,990.25,3.86,3.78 14:58:40 21/01/21
42,99.9,9.16,990.21,3.87,3.77 15:04:02 21/01/21
37,99.9,9.184999,990.35,3.91,3.77 15:09:15 21/01/21
36,99.9,9.15,990.18,5.0,3.76 15:14:37 21/01/21
32,99.9,9.09,990.22,4.43,3.76 15:19:54 21/01/21
28,99.9,9.065,990.15,5.0,3.76 15:25:12 21/01/21
26,99.9,8.97,990.04,3.84,3.76 15:30:24 21/01/21
31,99.9,8.9,990.02,5.0,3.75 15:35:39 21/01/21
27,99.9,8.844999,989.89,3.84,3.76 15:40:50 21/01/21
27,99.9,8.84,989.81,5.0,3.75 15:46:05 21/01/21
25,99.9,8.825,989.8,5.0,3.75 15:51:17 21/01/21
30,99.9,8.780001,989.73,4.14,3.75 15:56:31 21/01/21
31,99.9,8.82,989.7,5.0,3.75 16:01:42 21/01/21
22,99.9,8.75,989.7,5.0,3.75 16:06:56 21/01/21
20,99.9,8.76,989.64,5.0,3.75 16:12:09 21/01/21
19,99.9,8.75,989.61,3.9,3.75 16:17:24 21/01/21
16,99.9,8.74,989.52,5.0,3.75 16:22:36 21/01/21
15,99.9,8.74,989.52,5.0,3.75 16:27:51 21/01/21
14,99.9,8.735001,989.44,4.41,3.75 16:33:02 21/01/21
14,99.9,8.73,989.44,4.12,3.75 16:38:16 21/01/21
11,99.9,8.68,989.4,4.17,3.75 16:43:27 21/01/21
9,99.9,8.72,989.4,4.14,3.75 16:48:40 21/01/21
6,99.9,8.675,989.32,3.87,3.75 16:53:58 21/01/21
5,99.9,8.73,989.21,3.65,3.75 16:59:16 21/01/21
4,99.9,8.66,989.12,3.4,3.75 17:04:29 21/01/21
3,99.9,8.72,989.07,3.06,3.75 17:09:43 21/01/21
1,99.9,8.66,989.0,2.56,3.75 17:14:56 21/01/21
1,99.9,8.66,988.9,2.08,3.75 17:20:10 21/01/21
0,99.9,8.645,988.86,1.52,3.75 17:25:22 21/01/21
0,99.9,8.65,988.77,0.92,3.75 17:30:35 21/01/21
0,99.9,8.65,988.67,0.49,3.75 17:35:47 21/01/21
0,99.9,8.645,988.57,0.22,3.75 17:41:01 21/01/21
0,99.9,8.65,988.58,0.09,3.75 17:46:14 21/01/21
0,99.9,8.645,988.45,0.03,3.74 17:51:35 21/01/21
0,99.9,8.645,988.28,0.01,3.74 17:56:53 21/01/21
0,99.9,8.639999,988.33,0.0,3.74 18:02:15 21/01/21
0,99.9,8.58,988.32,0.0,3.74 18:07:31 21/01/21
0,99.9,8.49,988.28,0.0,3.74 18:12:47 21/01/21
0,99.9,8.405,988.18,0.0,3.74 18:18:01 21/01/21
0,99.9,8.38,987.97,0.0,3.74 18:23:12 21/01/21
0,99.9,8.3,987.74,0.0,3.74 18:28:25 21/01/21
1,99.9,8.26,987.57,0.0,3.74 18:33:38 21/01/21
1,99.9,8.18,987.35,0.0,3.74 18:38:51 21/01/21
1,99.9,8.145,987.12,0.0,3.74 18:44:02 21/01/21
1,99.9,8.065,986.91,0.0,3.74 18:49:17 21/01/21
1,99.9,8.035,986.7,0.0,3.74 18:54:29 21/01/21
1,99.9,7.96,986.55,0.0,3.74 18:59:44 21/01/21
1,99.9,7.94,986.36,0.0,3.74 19:04:57 21/01/21
1,99.9,7.875,986.19,0.0,3.74 19:10:10 21/01/21
0,99.9,7.855,985.83,0.0,3.74 19:15:21 21/01/21
0,99.9,7.845,985.5,0.0,3.74 19:20:34 21/01/21
1,99.9,7.785,985.21,0.0,3.74 19:25:49 21/01/21
0,99.9,7.7799997,984.84,0.0,3.74 19:31:00 21/01/21
0,99.9,7.7699995,984.92,0.0,3.74 19:36:15 21/01/21
0,99.9,7.76,984.37,0.0,3.74 19:41:26 21/01/21
0,99.9,7.755,984.34,0.0,3.74 19:46:41 21/01/21
0,99.9,7.76,983.94,0.0,3.74 19:51:57 21/01/21
0,99.9,7.7749996,984.05,0.0,3.74 19:57:14 21/01/21
0,99.9,7.7799997,984.02,0.0,3.74 20:02:28 21/01/21
0,99.9,7.7749996,983.68,0.0,3.74 20:07:39 21/01/21
0,99.9,7.7650003,983.39,0.0,3.74 20:12:52 21/01/21
0,99.9,7.7799997,983.4,0.0,3.74 20:18:05 21/01/21
0,99.9,7.85,983.37,0.0,3.73 20:23:18 21/01/21
0,99.9,7.85,983.23,0.0,3.74 20:28:31 21/01/21
0,99.9,7.865,983.0,0.0,3.74 20:33:44 21/01/21
0,99.9,7.8849998,982.83,0.0,3.74 20:38:59 21/01/21
0,99.9,7.96,982.73,0.0,3.74 20:44:11 21/01/21
0,99.9,8.045,982.55,0.0,3.74 20:49:24 21/01/21
0,99.9,8.12,982.33,0.0,3.74 20:54:37 21/01/21
0,99.9,8.15,982.2,0.0,3.74 20:59:50 21/01/21
0,99.9,8.25,982.09,0.0,3.74 21:05:03 21/01/21
0,99.9,8.285,981.96,0.0,3.73 21:10:16 21/01/21
0,99.9,8.360001,981.94,0.0,3.74 21:15:29 21/01/21
0,99.9,8.455,981.73,0.0,3.74 21:20:43 21/01/21
0,99.9,8.555,981.66,0.0,3.74 21:25:56 21/01/21
0,99.9,8.65,981.52,0.0,3.73 21:31:09 21/01/21
0,99.9,8.815001,981.36,0.0,3.74 21:36:22 21/01/21
0,99.9,8.84,981.25,0.0,3.73 21:41:39 21/01/21
0,99.9,8.934999,981.21,0.0,3.73 21:46:57 21/01/21
0,99.9,8.955,981.23,0.0,3.73 21:52:10 21/01/21
0,99.9,9.03,981.16,0.0,3.73 21:57:23 21/01/21
0,99.9,9.15,981.37,0.0,3.73 22:02:37 21/01/21
0,99.9,9.23,981.32,0.0,3.73 22:07:47 21/01/21
3,99.9,9.33,981.33,0.0,3.73 22:13:02 21/01/21
0,99.9,9.434999,981.27,0.0,3.73 22:18:18 21/01/21
0,99.9,9.52,981.28,0.0,3.73 22:23:29 21/01/21
0,99.9,9.625,981.38,0.0,3.73 22:28:43 21/01/21
0,99.9,9.65,981.48,0.0,3.73 22:33:55 21/01/21
0,99.9,9.67,981.34,0.0,3.73 22:39:08 21/01/21
0,99.9,9.74,981.24,0.0,3.73 22:44:23 21/01/21
0,99.9,9.75,981.12,0.0,3.73 22:49:37 21/01/21
0,99.9,9.780001,981.23,0.0,3.73 22:54:46 21/01/21
0,99.9,9.780001,981.21,0.0,3.73 23:00:01 21/01/21
0,99.9,9.77,981.09,0.0,3.73 23:05:19 21/01/21
0,99.9,9.765,981.12,0.0,3.73 23:10:36 21/01/21
0,99.9,9.71,981.09,0.0,3.73 23:15:48 21/01/21
0,99.9,9.74,981.11,0.0,3.73 23:21:03 21/01/21
0,99.9,9.684999,980.98,0.0,3.73 23:26:20 21/01/21
0,99.9,9.74,981.13,0.0,3.73 23:31:41 21/01/21
0,99.9,9.690001,981.15,0.0,3.73 23:36:49 21/01/21
0,99.9,9.684999,981.18,0.0,3.73 23:42:03 21/01/21
0,99.9,9.67,981.18,0.0,3.73 23:47:17 21/01/21
0,99.9,9.67,981.17,0.0,3.73 23:52:29 21/01/21
0,99.9,9.655001,981.15,0.0,3.73 23:57:45 21/01/21
