0,99.9,9.65,981.12,0.0,3.73 00:02:57 22/01/21
0,99.9,9.575,980.95,0.0,3.73 00:08:11 22/01/21
0,99.9,9.58,980.92,0.0,3.73 00:13:24 22/01/21
0,99.9,9.575,980.82,0.0,3.73 00:18:37 22/01/21
0,99.9,9.559999,980.63,0.0,3.73 00:23:48 22/01/21
0,99.9,9.559999,980.46,0.0,3.73 00:29:03 22/01/21
0,99.9,9.505,980.28,0.0,3.73 00:34:16 22/01/21
0,99.9,9.5,980.19,0.0,3.73 00:39:30 22/01/21
0,99.9,9.549999,980.22,0.0,3.73 00:44:44 22/01/21
0,99.9,9.555,981.34,0.0,3.73 00:49:55 22/01/21
0,99.9,9.245,981.64,0.0,3.73 00:55:09 22/01/21
0,99.9,9.04,981.81,0.0,3.73 01:00:28 22/01/21
0,99.9,8.745,982.21,0.0,3.73 01:05:42 22/01/21
0,99.9,8.37,982.43,0.0,3.73 01:10:58 22/01/21
0,99.9,8.065001,982.6,0.0,3.73 01:16:10 22/01/21
0,99.9,7.78,982.81,0.0,3.72 01:21:23 22/01/21
0,99.9,7.565,983.0,0.0,3.72 01:26:36 22/01/21
0,99.9,7.335,983.29,0.0,3.72 01:31:49 22/01/21
0,99.9,6.96,983.53,0.0,3.72 01:37:06 22/01/21
0,99.9,6.685,983.81,0.0,3.72 01:42:23 22/01/21
0,99.9,6.385,983.87,0.0,3.72 01:47:35 22/01/21
0,99.9,6.105,984.13,0.0,3.73 01:52:47 22/01/21
0,99.9,5.955,984.38,0.0,3.72 01:58:01 22/01/21
0,99.9,5.85,984.5,0.0,3.73 02:03:15 22/01/21
0,99.9,5.75,984.64,0.0,3.72 02:08:27 22/01/21
0,99.9,5.705,984.83,0.0,3.72 02:13:46 22/01/21
0,99.9,5.62,984.97,0.0,3.72 02:19:01 22/01/21
0,99.9,5.535,985.1,0.0,3.72 02:24:15 22/01/21
0,99.9,5.435,985.33,0.0,3.72 02:29:27 22/01/21
0,99.9,5.4049997,985.42,0.0,3.72 02:34:39 22/01/21
0,99.9,5.31,985.43,0.0,3.72 02:39:52 22/01/21
0,99.9,5.29,985.54,0.0,3.72 02:45:03 22/01/21
0,99.9,5.2200003,985.58,0.0,3.72 02:50:21 22/01/21
0,99.9,5.2,985.65,0.0,3.72 02:55:39 22/01/21
0,99.9,5.19,985.69,0.0,3.72 03:00:51 22/01/21
0,99.9,5.12,985.87,0.0,3.72 03:06:03 22/01/21
0,99.9,5.1000004,985.94,0.0,3.72 03:11:15 22/01/21
0,99.9,5.08,986.0,0.0,3.72 03:16:29 22/01/21
0,99.9,5.0150003,986.11,0.0,3.72 03:21:43 22/01/21
0,99.9,4.99,986.1,0.0,3.72 03:26:55 22/01/21
0,99.9,4.98,986.12,0.0,3.72 03:32:07 22/01/21
0,99.9,4.9049997,986.35,0.0,3.72 03:37:18 22/01/21
0,99.9,4.89,986.27,0.0,3.72 03:42:41 22/01/21
0,99.9,4.885,986.33,0.0,3.72 03:47:52 22/01/21
0,99.9,4.875,986.45,0.0,3.72 03:53:07 22/01/21
0,99.9,4.8599997,986.57,0.0,3.72 03:58:18 22/01/21
0,99.9,4.8,986.67,0.0,3.72 04:03:32 22/01/21
0,99.9,4.79,986.74,0.0,3.72 04:08:42 22/01/21
0,99.9,4.7749996,986.93,0.0,3.72 04:14:02 22/01/21
0,99.9,4.77,986.95,0.0,3.72 04:19:23 22/01/21
0,99.9,4.75,986.99,0.0,3.72 04:24:40 22/01/21
0,99.9,4.6949997,987.2,0.0,3.72 04:29:56 22/01/21
0,99.9,4.69,987.26,0.0,3.72 04:35:13 22/01/21
0,99.9,4.675,987.31,0.0,3.72 04:40:25 22/01/21
0,99.9,4.67,987.21,0.0,3.72 04:45:39 22/01/21
0,99.9,4.62,987.29,0.0,3.71 04:50:51 22/01/21
0,99.9,4.665,987.24,0.0,3.72 04:56:01 22/01/21
0,99.9,4.67,987.3,0.0,3.71 05:01:16 22/01/21
0,99.9,4.675,987.33,0.0,3.72 05:06:28 22/01/21
0,99.9,4.685,987.42,0.0,3.72 05:11:41 22/01/21
0,99.9,4.6949997,987.47,0.0,3.71 05:16:54 22/01/21
0,99.9,4.6949997,987.45,0.0,3.72 05:22:06 22/01/21
0,99.9,4.705,987.44,0.0,3.72 05:27:18 22/01/21
0,99.9,4.71,987.56,0.0,3.72 05:32:30 22/01/21
0,99.9,4.715,987.59,0.0,3.72 05:37:42 22/01/21
0,99.9,4.715,987.56,0.0,3.71 05:43:06 22/01/21
0,99.9,4.7749996,987.66,0.0,3.71 05:48:20 22/01/21
0,99.9,4.7799997,987.66,0.0,3.71 05:53:35 22/01/21
0,99.9,4.785,987.72,0.0,3.71 05:58:56 22/01/21
0,99.9,4.8050003,987.69,0.0,3.71 06:04:11 22/01/21
0,99.9,4.865,987.68,0.0,3.71 06:09:27 22/01/21
0,99.9,4.875,987.85,0.0,3.71 06:14:36 22/01/21
0,99.9,4.88,987.8,0.0,3.71 06:19:51 22/01/21
0,99.9,4.89,987.87,0.0,3.71 06:25:02 22/01/21
0,99.9,4.89,987.78,0.0,3.71 06:30:15 22/01/21
0,99.9,4.8999996,987.87,0.0,3.72 06:35:27 22/01/21
0,99.9,4.89,987.84,0.0,3.71 06:40:39 22/01/21
0,99.9,4.89,987.93,0.0,3.71 06:45:52 22/01/21
0,99.9,4.88,987.97,0.0,3.71 06:51:06 22/01/21
0,99.9,4.875,988.0,0.0,3.71 06:56:24 22/01/21
0,99.9,4.88,988.07,0.0,3.71 07:01:40 22/01/21
0,99.9,4.875,988.14,0.0,3.71 07:06:51 22/01/21
0,99.9,4.87,988.16,0.0,3.71 07:12:05 22/01/21
0,99.9,4.855,988.25,0.0,3.71 07:17:16 22/01/21
0,99.9,4.855,988.26,0.0,3.71 07:22:34 22/01/21
0,99.9,4.855,988.29,0.0,3.71 07:27:44 22/01/21
0,99.9,4.85,988.37,0.0,3.71 07:32:54 22/01/21
0,99.9,4.795,988.36,0.0,3.71 07:38:11 22/01/21
0,99.9,4.795,988.4,0.01,3.71 07:43:20 22/01/21
1,99.9,4.785,988.45,0.05,3.71 07:48:33 22/01/21
2,99.9,4.7799997,988.51,0.14,3.71 07:53:45 22/01/21
0,99.9,4.76,988.62,0.28,3.71 07:58:58 22/01/21
0,99.9,4.69,988.61,0.63,3.71 08:04:10 22/01/21
2,99.9,4.685,988.73,1.16,3.71 08:09:27 22/01/21
4,99.9,4.69,988.73,1.87,3.71 08:14:36 22/01/21
6,99.9,4.6800003,988.85,2.48,3.71 08:19:48 22/01/21
9,99.9,4.675,988.94,2.92,3.71 08:25:02 22/01/21
11,99.9,4.665,989.07,3.31,3.71 08:30:15 22/01/21
12,99.9,4.665,989.11,3.75,3.71 08:35:27 22/01/21
19,99.9,4.675,989.22,3.85,3.71 08:40:40 22/01/21
22,99.9,4.675,989.25,3.99,3.71 08:45:51 22/01/21
29,99.9,4.6800003,989.37,4.03,3.71 08:51:05 22/01/21
41,99.9,4.67,989.47,5.0,3.71 08:56:19 22/01/21
41,99.9,4.675,989.53,5.0,3.71 09:01:30 22/01/21
49,99.9,4.69,989.6,4.03,3.72 09:06:43 22/01/21
58,99.9,4.6949997,989.64,4.33,3.72 09:11:56 22/01/21
63,99.9,4.7200003,989.69,3.78,3.72 09:17:08 22/01/21
63,99.9,4.79,989.83,5.0,3.73 09:22:20 22/01/21
70,99.9,4.8599997,989.92,5.0,3.72 09:27:37 22/01/21
74,99.9,4.89,989.99,3.84,3.73 09:32:55 22/01/21
73,99.9,4.9750004,990.07,4.14,3.73 09:38:07 22/01/21
77,99.9,4.99,990.1,3.89,3.72 09:43:21 22/01/21
71,99.9,5.065,990.22,4.82,3.73 09:48:31 22/01/21
73,99.9,5.09,990.29,4.17,3.73 09:53:45 22/01/21
78,99.9,5.11,990.32,5.0,3.73 09:58:59 22/01/21
73,99.9,5.17,990.36,4.8,3.68 10:04:12 22/01/21
84,99.9,5.19,990.42,3.91,3.74 10:09:23 22/01/21
81,99.9,5.205,990.51,4.31,3.74 10:14:35 22/01/21
82,99.9,5.27,990.6,4.54,3.75 10:19:47 22/01/21
84,99.9,5.295,990.77,5.0,3.75 10:25:00 22/01/21
82,99.9,5.37,990.85,5.0,3.75 10:30:13 22/01/21
90,99.9,5.3999996,990.94,3.83,3.75 10:35:27 22/01/21
86,99.9,5.4750004,991.05,3.85,3.75 10:40:39 22/01/21
89,99.9,5.5,991.11,3.87,3.75 10:45:57 22/01/21
61,99.9,5.575,991.18,5.0,3.75 10:51:13 22/01/21
57,99.9,5.6000004,991.22,4.68,3.76 10:56:25 22/01/21
60,99.9,5.6800003,991.29,3.91,3.78 11:01:39 22/01/21
60,99.9,5.765,991.34,3.96,3.77 11:06:51 22/01/21
61,99.9,5.8050003,991.39,5.0,3.78 11:12:06 22/01/21
83,99.9,5.885,991.44,3.9,3.79 11:17:16 22/01/21
54,99.9,5.965,991.46,4.92,3.78 11:22:29 22/01/21
53,99.9,6.0,991.5,4.22,3.79 11:27:41 22/01/21
55,99.9,6.0699997,991.46,3.94,3.79 11:32:55 22/01/21
59,99.9,6.1000004,991.46,3.9,3.81 11:38:07 22/01/21
52,99.9,6.165,991.4,4.17,3.8 11:43:20 22/01/21
55,99.9,6.19,991.52,3.93,3.8 11:48:34 22/01/21
59,99.9,6.215,991.59,4.39,3.8 11:53:48 22/01/21
54,99.9,6.3,991.65,3.88,3.8 11:58:59 22/01/21
52,99.9,6.38,991.8,4.02,3.8 12:04:13 22/01/21
53,99.9,6.46,991.89,3.99,3.8 12:09:34 22/01/21
52,99.9,6.4750004,991.86,5.0,3.8 12:14:45 22/01/21
53,99.9,6.48,991.96,3.91,3.81 12:19:57 22/01/21
56,99.9,6.5,991.99,3.93,3.81 12:25:13 22/01/21
62,99.9,6.565,991.97,4.11,3.84 12:30:26 22/01/21
62,99.9,6.645,992.0,3.93,3.82 12:35:38 22/01/21
64,99.9,6.685,992.0,3.98,3.83 12:40:58 22/01/21
60,99.9,6.7799997,992.07,3.9,3.83 12:46:13 22/01/21
57,99.9,6.7799997,992.05,3.92,3.83 12:51:24 22/01/21
63,99.9,6.785,992.05,3.97,3.83 12:56:36 22/01/21
67,99.9,6.85,991.97,4.14,3.86 13:01:50 22/01/21
60,99.9,6.87,992.02,3.99,3.86 13:07:03 22/01/21
63,99.9,6.955,991.99,3.98,3.87 13:12:16 22/01/21
62,99.9,7.06,992.04,3.98,3.87 13:17:29 22/01/21
64,99.9,7.1549997,992.0,4.01,3.9 13:22:41 22/01/21
69,99.9,7.19,992.1,4.07,3.93 13:27:56 22/01/21
64,99.9,7.285,992.15,4.1,3.94 13:33:07 22/01/21
67,99.9,7.375,992.17,4.08,3.94 13:38:19 22/01/21
62,99.9,7.455,992.25,4.04,3.93 13:43:32 22/01/21
63,99.9,7.475,992.25,4.1,3.95 13:48:46 22/01/21
64,99.9,7.5649996,992.31,4.13,3.96 13:53:59 22/01/21
57,99.9,7.65,992.27,4.0,3.91 13:59:12 22/01/21
58,99.9,7.655,992.25,4.05,3.94 14:04:25 22/01/21
62,99.9,7.76,992.35,4.17,3.99 14:09:38 22/01/21
54,99.9,7.85,992.39,4.21,3.92 14:14:51 22/01/21
55,99.9,7.795,992.39,4.06,3.91 14:20:04 22/01/21
61,99.9,7.785,992.36,4.17,4.0 14:25:18 22/01/21
55,99.9,7.94,992.36,4.14,3.99 14:30:30 22/01/21
59,99.9,7.975,992.39,4.13,3.98 14:35:47 22/01/21
57,99.9,8.065,992.47,4.15,4.0 14:41:06 22/01/21
59,99.9,8.145,992.5,4.17,4.01 14:46:17 22/01/21
55,99.9,8.22,992.54,4.16,4.01 14:51:30 22/01/21
47,99.9,8.26,992.54,4.52,3.93 14:56:46 22/01/21
44,99.9,8.26,992.64,4.06,3.94 15:01:57 22/01/21
45,99.9,8.17,992.66,4.31,3.94 15:07:12 22/01/21
43,99.9,8.075,992.63,4.03,3.94 15:12:23 22/01/21
46,99.9,7.91,992.63,5.0,3.94 15:17:40 22/01/21
49,99.9,7.86,992.75,4.07,3.97 15:22:59 22/01/21
45,99.9,7.7799997,992.75,5.0,3.96 15:28:09 22/01/21
39,99.9,7.67,992.77,5.0,3.94 15:33:22 22/01/21
42,99.9,7.59,992.81,5.0,3.94 15:38:37 22/01/21
43,99.9,7.58,992.85,4.11,3.94 15:43:48 22/01/21
46,99.9,7.5,992.91,4.35,3.94 15:49:03 22/01/21
36,99.9,7.43,992.95,4.46,3.93 15:54:15 22/01/21
32,99.9,7.4,992.88,4.72,3.93 15:59:37 22/01/21
31,99.9,7.38,992.89,4.0,3.93 16:04:49 22/01/21
31,99.9,7.295,992.79,4.02,3.94 16:10:02 22/01/21
31,99.9,7.2,992.75,5.0,3.94 16:15:14 22/01/21
29,99.9,7.105,992.75,5.0,3.94 16:20:27 22/01/21
38,99.9,7.0150003,992.77,5.0,3.93 16:25:40 22/01/21
28,99.9,6.9750004,992.84,5.0,3.93 16:30:54 22/01/21
21,99.9,6.87,992.92,5.0,3.93 16:36:06 22/01/21
19,99.9,6.76,992.87,5.0,3.93 16:41:20 22/01/21
21,99.9,6.605,992.93,4.12,3.93 16:46:33 22/01/21
14,99.9,6.49,992.95,5.0,3.92 16:51:47 22/01/21
12,99.9,6.31,992.92,4.03,3.93 16:56:59 22/01/21
9,99.9,6.185,992.96,4.71,3.92 17:02:10 22/01/21
8,99.9,5.985,992.97,4.18,3.93 17:07:23 22/01/21
2,99.9,5.8,992.96,4.0,3.92 17:12:35 22/01/21
4,99.9,5.6000004,992.9,3.55,3.92 17:17:53 22/01/21
2,99.9,5.46,992.99,3.05,3.92 17:23:16 22/01/21
1,99.9,5.2799997,993.03,2.4,3.92 17:28:32 22/01/21
0,99.9,5.1549997,993.17,1.75,3.92 17:33:43 22/01/21
0,99.9,4.9700003,993.17,1.09,3.92 17:38:57 22/01/21
0,99.9,4.79,993.14,0.66,3.92 17:44:13 22/01/21
0,99.9,4.665,993.16,0.36,3.92 17:49:31 22/01/21
0,99.9,4.485,993.27,0.17,3.92 17:54:43 22/01/21
0,99.9,4.3650002,993.38,0.06,3.92 17:59:57 22/01/21
0,99.9,4.2,993.41,0.03,3.92 18:05:11 22/01/21
0,99.9,4.0699997,993.39,0.01,3.92 18:10:20 22/01/21
0,99.9,3.915,993.55,0.0,3.92 18:15:32 22/01/21
0,99.9,3.8,993.54,0.0,3.92 18:20:45 22/01/21
0,99.9,3.685,993.57,0.0,3.92 18:25:57 22/01/21
0,99.9,3.585,993.63,0.0,3.92 18:31:10 22/01/21
0,99.9,3.4850001,993.71,0.0,3.92 18:36:28 22/01/21
0,99.9,3.3850002,993.79,0.0,3.92 18:41:46 22/01/21
0,99.9,3.29,993.91,0.0,3.92 18:47:04 22/01/21
0,99.9,3.2,993.91,0.0,3.92 18:52:19 22/01/21
0,99.9,3.155,994.0,0.0,3.92 18:57:30 22/01/21
0,99.9,3.06,993.99,0.0,3.92 19:02:43 22/01/21
0,99.9,2.97,994.03,0.0,3.92 19:07:56 22/01/21
0,99.9,2.87,994.08,0.0,3.92 19:13:06 22/01/21
1,99.9,2.7649999,994.13,0.0,3.91 19:18:25 22/01/21
3,99.9,2.685,994.14,0.0,3.92 19:23:43 22/01/21
4,99.9,2.595,994.28,0.0,3.92 19:28:54 22/01/21
4,99.9,2.505,994.31,0.0,3.91 19:34:06 22/01/21
4,99.9,2.4650002,994.23,0.0,3.91 19:39:21 22/01/21
4,99.9,2.395,994.21,0.0,3.92 19:44:30 22/01/21
5,99.9,2.3600001,994.23,0.0,3.92 19:49:43 22/01/21
5,99.9,2.285,994.23,0.0,3.91 19:54:59 22/01/21
5,99.9,2.265,994.26,0.0,3.91 20:00:16 22/01/21
5,99.9,2.17,994.35,0.0,3.91 20:05:27 22/01/21
5,99.9,2.09,994.44,0.0,3.91 20:10:41 22/01/21
5,99.9,2.06,994.47,0.0,3.91 20:15:55 22/01/21
5,99.9,1.995,994.47,0.0,3.91 20:21:06 22/01/21
6,99.9,1.9599999,994.44,0.0,3.91 20:26:22 22/01/21
6,99.9,1.89,994.49,0.0,3.94 20:31:44 22/01/21
4,99.9,1.875,994.42,0.0,3.92 20:36:58 22/01/21
5,99.9,1.85,994.51,0.0,3.91 20:42:13 22/01/21
4,99.9,1.78,994.53,0.0,3.91 20:47:23 22/01/21
4,99.9,1.76,994.54,0.0,3.91 20:52:35 22/01/21
4,99.9,1.7550001,994.61,0.0,3.91 20:57:51 22/01/21
4,99.9,1.695,994.56,0.0,3.91 21:03:01 22/01/21
4,99.9,1.68,994.64,0.0,3.91 21:08:17 22/01/21
3,99.9,1.665,994.62,0.0,3.91 21:13:34 22/01/21
3,99.9,1.665,994.65,0.0,3.91 21:18:47 22/01/21
4,99.9,1.5999999,994.74,0.0,3.91 21:24:04 22/01/21
3,99.9,1.5899999,994.73,0.0,3.91 21:29:18 22/01/21
3,99.9,1.5799999,994.68,0.0,3.91 21:34:31 22/01/21
3,99.9,1.565,994.62,0.0,3.91 21:39:44 22/01/21
3,99.9,1.5550001,994.67,0.0,3.91 21:44:55 22/01/21
3,99.9,1.56,994.75,0.0,3.91 21:50:12 22/01/21
2,99.9,1.585,994.76,0.0,3.91 21:55:20 22/01/21
2,99.9,1.66,994.83,0.0,3.91 22:00:31 22/01/21
3,99.9,1.7349999,994.8,0.0,3.91 22:05:49 22/01/21
2,99.9,1.7650001,994.68,0.0,3.91 22:11:05 22/01/21
2,99.9,1.78,994.6,0.0,3.91 22:16:17 22/01/21
2,99.9,1.77,994.57,0.0,3.91 22:21:29 22/01/21
2,99.9,1.7750001,994.54,0.0,3.91 22:26:43 22/01/21
2,99.9,1.7550001,994.42,0.0,3.91 22:31:55 22/01/21
0,99.9,1.75,994.45,0.0,3.91 22:37:06 22/01/21
0,99.9,1.69,994.43,0.0,3.91 22:42:19 22/01/21
0,99.9,1.7450001,994.38,0.0,3.91 22:47:31 22/01/21
0,99.9,1.74,994.5,0.0,3.91 22:52:49 22/01/21
0,99.9,1.7450001,994.47,0.0,3.91 22:58:05 22/01/21
0,99.9,1.7450001,994.42,0.0,3.91 23:03:18 22/01/21
0,99.9,1.695,994.42,0.0,3.91 23:08:31 22/01/21
0,99.9,1.7450001,994.35,0.0,3.91 23:13:40 22/01/21
0,99.9,1.69,994.46,0.0,3.91 23:18:54 22/01/21
0,99.9,1.695,994.51,0.0,3.91 23:24:07 22/01/21
0,99.9,1.7550001,994.57,0.0,3.91 23:29:20 22/01/21
0,99.9,1.7550001,994.54,0.0,3.91 23:34:34 22/01/21
0,99.9,1.7550001,994.46,0.0,3.91 23:39:52 22/01/21
0,99.9,1.75,994.53,0.0,3.91 23:45:04 22/01/21
0,99.9,1.75,994.6,0.0,3.91 23:50:26 22/01/21
0,99.9,1.7550001,994.61,0.0,3.91 23:55:38 22/01/21
