0,99.9,3.13,998.1,0.0,3.71 07:26:28 25/01/21
0,99.9,2.705,998.2,0.0,3.71 07:31:39 25/01/21
0,99.9,2.3899999,998.34,0.01,3.71 07:36:50 25/01/21
0,99.9,2.22,998.41,0.02,3.71 07:42:04 25/01/21
0,99.9,2.13,998.47,0.06,3.71 07:47:19 25/01/21
1,99.9,2.06,998.61,0.14,3.71 07:52:32 25/01/21
1,99.9,2.045,998.77,0.36,3.71 07:57:41 25/01/21
1,99.9,2.03,998.92,0.75,3.71 08:02:53 25/01/21
3,99.9,1.975,999.05,1.27,3.71 08:08:09 25/01/21
4,99.9,1.9599999,999.08,1.85,3.71 08:13:25 25/01/21
6,99.9,1.9499999,999.21,2.15,3.71 08:18:39 25/01/21
7,99.9,1.9449999,999.34,2.61,3.71 08:23:49 25/01/21
8,99.9,1.89,999.47,2.8,3.71 08:29:03 25/01/21
10,99.9,1.885,999.62,3.13,3.71 08:34:14 25/01/21
15,99.9,1.88,999.76,3.73,3.71 08:39:28 25/01/21
17,99.9,1.875,999.86,3.82,3.71 08:44:41 25/01/21
20,99.9,1.88,999.96,3.85,3.71 08:49:51 25/01/21
25,99.9,1.88,1000.1,4.31,3.71 08:55:06 25/01/21
27,99.9,1.925,1000.15,4.36,3.71 09:00:17 25/01/21
28,99.9,1.885,1000.28,4.3,3.71 09:05:34 25/01/21
31,99.9,1.895,1000.4,4.39,3.71 09:10:54 25/01/21
36,99.9,1.9549999,1000.52,4.68,3.71 09:16:11 25/01/21
41,99.9,1.9549999,1000.63,4.83,3.71 09:21:33 25/01/21
39,99.9,1.965,1000.72,5.0,3.71 09:26:44 25/01/21
36,99.9,1.97,1000.89,4.03,3.71 09:32:01 25/01/21
40,99.9,1.98,1001.0,4.0,3.71 09:37:18 25/01/21
45,99.9,1.98,1001.12,4.13,3.71 09:42:30 25/01/21
47,99.9,1.985,1001.2,5.0,3.72 09:47:42 25/01/21
50,99.9,1.985,1001.25,4.66,3.72 09:52:55 25/01/21
48,99.9,1.995,1001.36,5.0,3.72 09:58:07 25/01/21
50,99.9,2.0,1001.44,5.0,3.71 10:03:20 25/01/21
61,99.9,2.01,1001.59,3.85,3.71 10:08:30 25/01/21
77,99.9,2.07,1001.63,4.58,3.72 10:13:44 25/01/21
68,99.9,2.08,1001.77,5.0,3.72 10:18:57 25/01/21
63,99.9,2.155,1001.89,3.83,3.72 10:24:07 25/01/21
60,99.9,2.17,1002.02,5.0,3.72 10:29:20 25/01/21
56,99.9,2.19,1002.24,5.0,3.72 10:34:32 25/01/21
60,99.9,2.24,1002.33,4.77,3.72 10:39:44 25/01/21
76,99.9,2.25,1002.32,4.22,3.72 10:44:56 25/01/21
87,99.9,2.265,1002.41,3.86,3.73 10:50:11 25/01/21
97,99.9,2.285,1002.54,3.79,3.74 10:55:21 25/01/21
93,99.9,2.38,1002.74,3.81,3.74 11:00:33 25/01/21
94,99.9,2.46,1002.86,3.85,3.74 11:05:47 25/01/21
106,99.9,2.56,1002.96,3.91,3.75 11:11:02 25/01/21
111,99.9,2.6,1003.07,5.0,3.75 11:16:10 25/01/21
95,99.9,2.675,1003.21,3.86,3.74 11:21:24 25/01/21
91,99.9,2.755,1003.21,3.79,3.74 11:26:40 25/01/21
83,99.9,2.775,1003.4,5.0,3.74 11:31:50 25/01/21
78,99.9,2.78,1003.53,4.58,3.74 11:37:01 25/01/21
85,99.9,2.7849998,1003.58,4.51,3.74 11:42:14 25/01/21
69,99.9,2.7849998,1003.69,5.0,3.73 11:47:25 25/01/21
92,99.9,2.8400002,1003.77,5.0,3.75 11:52:39 25/01/21
108,99.9,2.795,1003.92,3.84,3.76 11:57:51 25/01/21
105,99.9,2.865,1003.91,3.9,3.77 12:03:03 25/01/21
92,99.9,2.9499998,1003.93,3.9,3.77 12:08:15 25/01/21
79,99.9,2.9850001,1004.01,3.87,3.77 12:13:27 25/01/21
60,99.9,3.065,1004.13,5.0,3.76 12:18:39 25/01/21
62,99.9,3.155,1004.28,3.85,3.77 12:23:53 25/01/21
62,99.9,3.175,1004.23,3.91,3.78 12:29:06 25/01/21
60,99.9,3.255,1004.31,3.87,3.78 12:34:18 25/01/21
45,99.9,3.27,1004.39,3.86,3.77 12:39:30 25/01/21
45,99.9,3.2849998,1004.48,3.87,3.77 12:44:42 25/01/21
47,99.9,3.29,1004.45,3.88,3.78 12:49:55 25/01/21
40,99.9,3.295,1004.54,4.43,3.77 12:55:09 25/01/21
62,99.9,3.29,1004.53,3.92,3.82 13:00:20 25/01/21
71,99.9,3.35,1004.66,3.96,3.84 13:05:34 25/01/21
76,99.9,3.455,1004.59,3.97,3.86 13:10:45 25/01/21
70,99.9,3.635,1004.58,3.98,3.86 13:15:59 25/01/21
59,99.9,3.855,1004.69,4.13,3.93 13:21:10 25/01/21
58,99.9,4.065,1004.69,3.98,3.87 13:26:32 25/01/21
42,99.9,4.245,1004.74,3.95,3.86 13:31:43 25/01/21
56,99.9,4.335,1004.77,4.16,3.95 13:36:57 25/01/21
59,99.9,4.465,1004.84,4.21,3.98 13:42:09 25/01/21
61,99.9,4.79,1004.85,4.21,3.99 13:47:26 25/01/21
78,99.9,4.965,1004.98,4.26,4.02 13:52:48 25/01/21
73,99.9,5.1549997,1004.95,4.27,4.03 13:58:05 25/01/21
62,99.9,5.345,1004.99,4.25,4.03 14:03:15 25/01/21
56,99.9,5.52,1004.91,4.24,4.03 14:08:29 25/01/21
55,99.9,5.615,1005.02,4.24,4.03 14:13:42 25/01/21
56,99.9,5.725,1005.1,4.23,4.03 14:18:56 25/01/21
55,99.9,5.745,1005.13,4.21,4.03 14:24:13 25/01/21
51,99.9,5.7749996,1005.14,4.23,4.05 14:29:27 25/01/21
56,99.9,5.7749996,1005.16,4.25,4.06 14:34:42 25/01/21
56,99.9,5.765,1005.15,4.25,4.06 14:39:54 25/01/21
48,99.9,5.785,1005.19,4.26,4.07 14:45:05 25/01/21
52,99.9,5.7749996,1005.24,4.22,4.06 14:50:19 25/01/21
45,99.9,5.77,1005.42,4.09,3.99 14:55:32 25/01/21
39,99.9,5.67,1005.49,4.31,3.96 15:00:44 25/01/21
37,99.9,5.51,1005.49,5.0,3.96 15:05:59 25/01/21
46,99.9,5.385,1005.61,5.0,3.96 15:11:09 25/01/21
36,99.9,5.2,1005.59,4.02,3.96 15:16:22 25/01/21
46,99.9,5.0950003,1005.66,4.09,4.0 15:21:35 25/01/21
46,99.9,4.995,1005.67,4.15,4.02 15:26:49 25/01/21
33,99.9,4.9700003,1005.61,4.02,3.97 15:32:01 25/01/21
33,99.9,4.8999996,1005.74,4.02,3.97 15:37:19 25/01/21
32,99.9,4.88,1005.76,4.66,3.96 15:42:39 25/01/21
30,99.9,4.81,1005.85,4.12,3.96 15:47:56 25/01/21
29,99.9,4.785,1005.84,4.65,3.96 15:53:09 25/01/21
26,99.9,4.7,1005.97,4.14,3.96 15:58:21 25/01/21
28,99.9,4.615,1006.07,4.07,3.96 16:03:39 25/01/21
32,99.9,4.585,1006.11,4.72,3.96 16:08:57 25/01/21
32,99.9,4.5699997,1006.18,4.23,3.97 16:14:08 25/01/21
29,99.9,4.56,1006.21,4.74,3.96 16:19:20 25/01/21
27,99.9,4.5099998,1006.34,4.15,3.96 16:24:34 25/01/21
31,99.9,4.5,1006.38,5.0,3.96 16:29:50 25/01/21
54,99.9,4.56,1006.33,5.0,3.97 16:35:10 25/01/21
40,99.9,4.575,1006.5,4.82,3.97 16:40:26 25/01/21
31,99.9,4.585,1006.51,4.02,3.96 16:45:39 25/01/21
27,99.9,4.58,1006.65,4.06,3.96 16:50:52 25/01/21
22,99.9,4.56,1006.69,4.85,3.96 16:56:05 25/01/21
24,99.9,4.49,1006.78,4.86,3.96 17:01:21 25/01/21
27,99.9,4.48,1006.79,5.0,3.96 17:06:37 25/01/21
14,99.9,4.405,1006.89,4.55,3.96 17:11:52 25/01/21
9,99.9,4.37,1006.84,4.52,3.96 17:17:03 25/01/21
6,99.9,4.29,1007.0,4.03,3.96 17:22:15 25/01/21
4,99.9,4.19,1007.01,3.67,3.96 17:27:29 25/01/21
2,99.9,4.1000004,1007.12,3.11,3.96 17:32:41 25/01/21
1,99.9,4.0,1007.09,2.21,3.96 17:37:54 25/01/21
0,99.9,3.915,1007.16,1.42,3.95 17:43:11 25/01/21
0,99.9,3.8850002,1007.18,0.88,3.96 17:48:29 25/01/21
0,99.9,3.805,1007.27,0.46,3.96 17:53:43 25/01/21
0,99.9,3.77,1007.31,0.2,3.96 17:58:54 25/01/21
0,99.9,3.685,1007.34,0.08,3.96 18:04:08 25/01/21
0,99.9,3.615,1007.34,0.03,3.96 18:09:16 25/01/21
0,99.9,3.5900002,1007.48,0.01,3.96 18:14:31 25/01/21
0,99.9,3.5800002,1007.48,0.0,3.96 18:19:41 25/01/21
0,99.9,3.5099998,1007.69,0.0,3.96 18:24:55 25/01/21
0,99.9,3.4899998,1007.74,0.0,3.95 18:30:09 25/01/21
0,99.9,3.415,1007.78,0.0,3.95 18:35:23 25/01/21
0,99.9,3.395,1007.8,0.0,3.96 18:40:34 25/01/21
0,99.9,3.325,1007.84,0.0,3.96 18:45:46 25/01/21
0,99.9,3.3,1007.94,0.0,3.95 18:50:59 25/01/21
0,99.9,3.2849998,1007.88,0.0,3.95 18:56:10 25/01/21
0,99.9,3.275,1007.97,0.0,3.95 19:01:27 25/01/21
0,99.9,3.21,1007.97,0.0,3.96 19:06:43 25/01/21
0,99.9,3.2,1008.02,0.0,3.95 19:11:55 25/01/21
0,99.9,3.19,1008.08,0.0,3.95 19:17:07 25/01/21
0,99.9,3.175,1008.01,0.0,3.95 19:22:21 25/01/21
0,99.9,3.165,1008.13,0.0,3.95 19:27:41 25/01/21
0,99.9,3.165,1008.19,0.0,3.96 19:32:58 25/01/21
0,99.9,3.155,1008.28,0.0,3.95 19:38:15 25/01/21
0,99.9,3.1,1008.34,0.0,3.95 19:43:28 25/01/21
0,99.9,3.155,1008.33,0.0,3.95 19:48:39 25/01/21
0,99.9,3.17,1008.32,0.0,3.95 19:53:57 25/01/21
0,99.9,3.19,1008.36,0.0,3.95 19:59:12 25/01/21
0,99.9,3.2,1008.37,0.01,3.95 20:04:24 25/01/21
0,99.9,3.205,1008.39,0.0,3.95 20:09:37 25/01/21
0,99.9,3.205,1008.53,0.01,3.95 20:14:52 25/01/21
0,99.9,3.185,1008.49,0.01,3.95 20:20:06 25/01/21
0,99.9,3.1950002,1008.58,0.0,3.95 20:25:15 25/01/21
0,99.9,3.2649999,1008.61,0.0,3.95 20:30:28 25/01/21
0,99.9,3.2849998,1008.62,0.0,3.96 20:35:39 25/01/21
0,99.9,3.3,1008.69,0.0,3.95 20:40:52 25/01/21
0,99.9,3.31,1008.61,0.0,3.95 20:46:06 25/01/21
0,99.9,3.38,1008.67,0.0,3.95 20:51:16 25/01/21
0,99.9,3.3899999,1008.72,0.0,3.95 20:56:29 25/01/21
1,99.9,3.46,1008.73,0.0,3.95 21:01:41 25/01/21
2,99.9,3.4850001,1008.76,0.0,3.95 21:06:54 25/01/21
2,99.9,3.5,1008.78,0.0,3.95 21:12:07 25/01/21
1,99.9,3.565,1008.87,0.0,3.95 21:17:20 25/01/21
1,99.9,3.575,1008.85,0.0,3.95 21:22:32 25/01/21
0,99.9,3.5800002,1008.78,0.0,3.95 21:27:50 25/01/21
0,99.9,3.645,1008.83,0.01,3.95 21:33:06 25/01/21
0,99.9,3.64,1008.95,0.0,3.95 21:38:20 25/01/21
0,99.9,3.665,1008.99,0.0,3.95 21:43:31 25/01/21
0,99.9,3.665,1009.0,0.0,3.95 21:48:43 25/01/21
0,99.9,3.69,1008.96,0.0,3.95 21:53:56 25/01/21
0,99.9,3.745,1009.04,0.0,3.95 21:59:10 25/01/21
0,99.9,3.77,1009.09,0.0,3.95 22:04:21 25/01/21
0,99.9,3.78,1009.09,0.0,3.95 22:09:33 25/01/21
0,99.9,3.7749999,1009.07,0.0,3.95 22:14:47 25/01/21
0,99.9,3.79,1009.05,0.01,3.95 22:19:58 25/01/21
0,99.9,3.78,1009.17,0.0,3.95 22:25:25 25/01/21
0,99.9,3.855,1009.12,0.01,3.95 22:30:40 25/01/21
0,99.9,3.8449998,1009.1,0.0,3.95 22:35:53 25/01/21
0,99.9,3.7949998,1009.16,0.0,3.95 22:41:07 25/01/21
0,99.9,3.7949998,1009.23,0.0,3.95 22:46:23 25/01/21
0,99.9,3.855,1009.25,0.01,3.95 22:51:44 25/01/21
0,99.9,3.875,1009.34,0.0,3.95 22:57:06 25/01/21
0,99.9,3.88,1009.32,0.0,3.95 23:02:26 25/01/21
0,99.9,3.8850002,1009.32,0.0,3.95 23:07:45 25/01/21
0,99.9,3.88,1009.4,0.0,3.94 23:13:09 25/01/21
0,99.9,3.9450002,1009.42,0.0,3.95 23:18:29 25/01/21
0,99.9,3.96,1009.41,0.0,3.94 23:23:53 25/01/21
0,99.9,3.9699998,1009.5,0.0,3.95 23:29:06 25/01/21
0,99.9,3.9699998,1009.61,0.0,3.95 23:34:17 25/01/21
0,99.9,3.9850001,1009.54,0.0,3.95 23:39:34 25/01/21
0,99.9,4.06,1009.64,0.0,3.95 23:44:42 25/01/21
0,99.9,4.065,1009.6,0.0,3.95 23:49:57 25/01/21
0,99.9,4.08,1009.62,0.0,3.95 23:55:09 25/01/21
