0,99.9,4.075,1009.65,0.01,3.95 00:00:20 26/01/21
0,99.9,4.085,1009.65,0.0,3.95 00:05:34 26/01/21
0,99.9,4.085,1009.69,0.0,3.95 00:10:48 26/01/21
0,99.9,4.0950003,1009.7,0.0,3.94 00:16:00 26/01/21
0,99.9,4.1000004,1009.71,0.0,3.94 00:21:13 26/01/21
0,99.9,4.145,1009.81,0.0,3.95 00:26:25 26/01/21
0,99.9,4.16,1009.83,0.0,3.95 00:31:38 26/01/21
0,99.9,4.165,1009.89,0.0,3.94 00:36:50 26/01/21
0,99.9,4.175,1009.93,0.0,3.94 00:42:06 26/01/21
0,99.9,4.2349997,1009.94,0.0,3.94 00:47:22 26/01/21
0,99.9,4.24,1009.94,0.0,3.95 00:52:34 26/01/21
0,99.9,4.245,1009.93,0.0,3.94 00:57:48 26/01/21
0,99.9,4.25,1009.98,0.0,3.94 01:03:02 26/01/21
0,99.9,4.255,1010.03,0.0,3.95 01:08:13 26/01/21
0,99.9,4.26,1010.06,0.0,3.94 01:13:25 26/01/21
0,99.9,4.26,1010.07,0.0,3.94 01:18:39 26/01/21
0,99.9,4.265,1010.1,0.0,3.94 01:23:55 26/01/21
0,99.9,4.29,1010.17,0.0,3.94 01:29:12 26/01/21
0,99.9,4.285,1010.21,0.0,3.95 01:34:23 26/01/21
0,99.9,4.295,1010.26,0.0,3.94 01:39:36 26/01/21
0,99.9,4.295,1010.28,0.0,3.94 01:44:51 26/01/21
0,99.9,4.35,1010.37,0.0,3.94 01:50:02 26/01/21
0,99.9,4.36,1010.46,0.0,3.94 01:55:16 26/01/21
0,99.9,4.36,1010.43,0.0,3.94 02:00:28 26/01/21
0,99.9,4.375,1010.53,0.0,3.94 02:05:38 26/01/21
0,99.9,4.38,1010.59,0.0,3.94 02:10:51 26/01/21
0,99.9,4.38,1010.57,0.0,3.94 02:16:05 26/01/21
0,99.9,4.385,1010.65,0.0,3.94 02:21:19 26/01/21
0,99.9,4.385,1010.72,0.0,3.94 02:26:30 26/01/21
0,99.9,4.4,1010.85,0.0,3.94 02:31:41 26/01/21
0,99.9,4.395,1010.82,0.0,3.94 02:36:56 26/01/21
0,99.9,4.395,1010.88,0.0,3.94 02:42:08 26/01/21
3,99.9,4.39,1010.96,0.0,3.94 02:47:21 26/01/21
2,99.9,4.39,1011.0,0.0,3.94 02:52:33 26/01/21
3,99.9,4.375,1011.05,0.0,3.94 02:57:47 26/01/21
2,99.9,4.37,1011.06,0.0,3.94 03:03:03 26/01/21
0,99.9,4.375,1011.1,0.0,3.94 03:08:19 26/01/21
0,99.9,4.37,1011.16,0.0,3.94 03:13:30 26/01/21
0,99.9,4.37,1011.17,0.0,3.94 03:18:45 26/01/21
0,99.9,4.3650002,1011.2,0.0,3.94 03:23:57 26/01/21
0,99.9,4.38,1011.3,0.0,3.94 03:29:10 26/01/21
0,99.9,4.36,1011.26,0.0,3.94 03:34:23 26/01/21
0,99.9,4.3650002,1011.29,0.0,3.94 03:39:36 26/01/21
0,99.9,4.37,1011.39,0.0,3.94 03:44:53 26/01/21
0,99.9,4.375,1011.42,0.0,3.94 03:50:07 26/01/21
0,99.9,4.385,1011.53,0.0,3.94 03:55:21 26/01/21
0,99.9,4.38,1011.57,0.0,3.94 04:00:34 26/01/21
0,99.9,4.38,1011.57,0.0,3.94 04:05:47 26/01/21
0,99.9,4.39,1011.61,0.0,3.94 04:10:58 26/01/21
0,99.9,4.395,1011.74,0.0,3.94 04:16:11 26/01/21
0,99.9,4.4,1011.75,0.0,3.94 04:21:24 26/01/21
0,99.9,4.455,1011.79,0.0,3.94 04:26:35 26/01/21
0,99.9,4.395,1011.8,0.0,3.94 04:31:49 26/01/21
0,99.9,4.445,1011.74,0.0,3.94 04:37:00 26/01/21
0,99.9,4.405,1011.83,0.0,3.94 04:42:13 26/01/21
0,99.9,4.395,1011.92,0.0,3.94 04:47:28 26/01/21
0,99.9,4.39,1011.96,0.0,3.94 04:52:39 26/01/21
2,99.9,4.38,1012.07,0.0,3.94 04:57:50 26/01/21
0,99.9,4.37,1012.08,0.0,3.93 05:03:05 26/01/21
0,99.9,4.37,1012.18,0.0,3.94 05:08:15 26/01/21
0,99.9,4.355,1012.25,0.0,3.94 05:13:28 26/01/21
0,99.9,4.345,1012.32,0.0,3.94 05:18:41 26/01/21
0,99.9,4.295,1012.38,0.0,3.94 05:23:55 26/01/21
0,99.9,4.29,1012.39,0.0,3.94 05:29:08 26/01/21
0,99.9,4.29,1012.48,0.0,3.94 05:34:19 26/01/21
0,99.9,4.265,1012.58,0.0,3.94 05:39:36 26/01/21
0,99.9,4.265,1012.69,0.0,3.94 05:44:43 26/01/21
0,99.9,4.205,1012.74,0.0,3.93 05:49:58 26/01/21
0,99.9,4.1949997,1012.74,0.0,3.94 05:55:09 26/01/21
0,99.9,4.17,1012.81,0.0,3.94 06:00:23 26/01/21
0,99.9,4.1000004,1012.85,0.0,3.93 06:05:35 26/01/21
0,99.9,4.0699997,1012.86,0.0,3.93 06:10:53 26/01/21
0,99.9,4.0099998,1013.0,0.0,3.94 06:16:10 26/01/21
0,99.9,4.0550003,1012.96,0.0,3.94 06:21:21 26/01/21
0,99.9,3.9899998,1012.98,0.0,3.94 06:26:33 26/01/21
0,99.9,3.9850001,1013.02,0.0,3.93 06:31:46 26/01/21
0,99.9,3.9099998,1013.07,0.0,3.93 06:36:58 26/01/21
0,99.9,3.9,1013.14,0.0,3.93 06:42:11 26/01/21
0,99.9,3.8850002,1013.2,0.0,3.93 06:47:25 26/01/21
0,99.9,3.85,1013.22,0.0,3.93 06:52:42 26/01/21
0,99.9,3.805,1013.3,0.0,3.93 06:58:03 26/01/21
0,99.9,3.79,1013.31,0.0,3.94 07:03:18 26/01/21
0,99.9,3.695,1013.24,0.0,3.93 07:08:32 26/01/21
0,99.9,3.68,1013.34,0.0,3.94 07:13:43 26/01/21
0,99.9,3.5800002,1013.38,0.0,3.93 07:18:56 26/01/21
0,99.9,3.4899998,1013.5,0.0,3.93 07:24:17 26/01/21
0,99.9,3.475,1013.61,0.01,3.94 07:29:30 26/01/21
0,99.9,3.4099998,1013.66,0.02,3.93 07:34:43 26/01/21
0,99.9,3.455,1013.8,0.04,3.93 07:39:54 26/01/21
0,99.9,3.4499998,1013.87,0.08,3.93 07:45:07 26/01/21
0,99.9,3.4050002,1014.01,0.2,3.93 07:50:19 26/01/21
0,99.9,3.4050002,1014.07,0.45,3.93 07:55:37 26/01/21
0,99.9,3.4650002,1014.1,0.84,3.93 08:00:53 26/01/21
0,99.9,3.46,1014.19,1.74,3.93 08:06:07 26/01/21
1,99.9,3.4099998,1014.3,3.64,3.93 08:11:18 26/01/21
3,99.9,3.4650002,1014.33,4.03,3.93 08:16:32 26/01/21
5,99.9,3.4050002,1014.43,4.31,3.93 08:21:43 26/01/21
8,99.9,3.4050002,1014.54,4.23,3.93 08:26:59 26/01/21
9,99.9,3.4050002,1014.66,4.29,3.93 08:32:16 26/01/21
13,99.9,3.3899999,1014.78,4.53,3.93 08:37:29 26/01/21
11,99.9,3.3850002,1014.83,4.56,3.93 08:42:40 26/01/21
19,99.9,3.3899999,1014.91,5.0,3.93 08:47:53 26/01/21
14,99.9,3.3899999,1014.93,5.0,3.93 08:53:05 26/01/21
18,99.9,3.395,1015.0,5.0,3.93 08:58:17 26/01/21
23,99.9,3.4050002,1014.94,5.0,3.94 09:03:31 26/01/21
24,99.9,3.4250002,1015.08,5.0,3.94 09:08:43 26/01/21
22,99.9,3.4850001,1015.13,4.0,3.93 09:13:54 26/01/21
25,99.9,3.4899998,1015.16,5.0,3.93 09:19:08 26/01/21
29,99.9,3.505,1015.11,4.19,3.94 09:24:19 26/01/21
39,99.9,3.57,1015.18,5.0,3.94 09:29:32 26/01/21
37,99.9,3.57,1015.27,4.02,3.94 09:34:46 26/01/21
34,99.9,3.5900002,1015.3,4.98,3.94 09:39:56 26/01/21
59,99.9,3.6000001,1015.28,5.0,3.94 09:45:11 26/01/21
39,99.9,3.67,1015.3,4.44,3.94 09:50:23 26/01/21
43,99.9,3.69,1015.36,5.0,3.95 09:55:34 26/01/21
46,99.9,3.705,1015.42,5.0,3.95 10:00:48 26/01/21
48,99.9,3.7849998,1015.43,5.0,3.96 10:06:01 26/01/21
62,99.9,3.81,1015.49,4.9,3.96 10:11:12 26/01/21
43,99.9,3.88,1015.55,4.02,3.96 10:16:24 26/01/21
46,99.9,3.9,1015.66,5.0,3.96 10:21:38 26/01/21
44,99.9,3.9699998,1015.72,5.0,3.96 10:26:49 26/01/21
44,99.9,3.9850001,1015.82,5.0,3.96 10:32:04 26/01/21
43,99.9,4.06,1015.95,4.56,3.96 10:37:14 26/01/21
43,99.9,4.075,1016.03,5.0,3.96 10:42:28 26/01/21
47,99.9,4.085,1016.04,5.0,3.96 10:47:42 26/01/21
49,99.9,4.115,1016.06,4.09,3.97 10:52:54 26/01/21
52,99.9,4.19,1016.17,4.13,3.98 10:58:07 26/01/21
54,99.9,4.2799997,1016.25,4.1,3.98 11:03:19 26/01/21
49,99.9,4.355,1016.28,5.0,3.98 11:08:29 26/01/21
47,99.9,4.39,1016.48,4.24,3.98 11:13:44 26/01/21
49,99.9,4.395,1016.51,4.34,3.98 11:18:56 26/01/21
39,99.9,4.465,1016.44,4.06,3.97 11:24:07 26/01/21
60,99.9,4.5099998,1016.49,4.31,3.99 11:29:22 26/01/21
61,99.9,4.665,1016.56,4.12,4.02 11:34:33 26/01/21
62,99.9,4.83,1016.58,4.12,4.02 11:39:45 26/01/21
53,99.9,4.88,1016.67,4.07,4.0 11:44:59 26/01/21
47,99.9,4.9700003,1016.59,4.62,3.99 11:50:12 26/01/21
59,99.9,5.05,1016.56,4.99,4.01 11:55:27 26/01/21
54,99.9,5.15,1016.56,4.14,4.0 12:00:35 26/01/21
56,99.9,5.17,1016.61,4.11,4.02 12:05:48 26/01/21
58,99.9,5.24,1016.49,4.15,4.01 12:11:02 26/01/21
52,99.9,5.2749996,1016.52,5.0,4.01 12:16:18 26/01/21
51,99.9,5.3599997,1016.41,4.12,4.01 12:21:35 26/01/21
57,99.9,5.385,1016.33,4.49,4.02 12:26:50 26/01/21
52,99.9,5.445,1016.34,5.0,4.01 12:32:02 26/01/21
52,99.9,5.45,1016.28,4.08,4.02 12:37:15 26/01/21
56,99.9,5.4700003,1016.36,5.0,4.02 12:42:28 26/01/21
50,99.9,5.4700003,1016.3,4.14,4.02 12:47:40 26/01/21
50,99.9,5.4750004,1016.34,5.0,4.02 12:52:57 26/01/21
53,99.9,5.545,1016.4,4.17,4.04 12:58:12 26/01/21
60,99.9,5.56,1016.36,4.17,4.07 13:03:31 26/01/21
58,99.9,5.6549997,1016.26,4.17,4.07 13:08:48 26/01/21
52,99.9,5.7349997,1016.26,4.25,4.07 13:14:00 26/01/21
50,99.9,5.83,1016.27,4.22,4.1 13:19:11 26/01/21
59,99.9,5.945,1016.29,4.39,4.17 13:24:26 26/01/21
58,99.9,6.335,1016.17,5.0,4.17 13:29:37 26/01/21
57,99.9,6.89,1016.2,5.0,4.17 13:34:51 26/01/21
57,99.9,7.4,1016.13,5.0,4.17 13:40:04 26/01/21
54,99.9,7.67,1016.1,5.0,4.18 13:45:16 26/01/21
55,99.9,7.92,1016.01,5.0,4.18 13:50:30 26/01/21
55,99.9,7.935,1015.97,4.39,4.19 13:55:43 26/01/21
55,99.9,7.95,1016.01,5.0,4.18 14:00:59 26/01/21
54,99.9,8.16,1016.02,5.0,4.18 14:06:08 26/01/21
54,99.9,8.325,1015.95,5.0,4.18 14:11:22 26/01/21
55,99.9,8.32,1015.94,5.0,4.18 14:16:35 26/01/21
55,99.9,8.275,1015.92,5.0,4.18 14:21:47 26/01/21
60,99.9,8.264999,1015.96,5.0,4.18 14:27:01 26/01/21
57,99.9,8.455,1016.07,5.0,4.18 14:32:15 26/01/21
63,99.9,8.55,1016.02,5.0,4.18 14:37:27 26/01/21
57,99.9,8.635,1016.0,5.0,4.18 14:42:40 26/01/21
63,99.9,8.67,1015.99,5.0,4.19 14:47:54 26/01/21
57,99.9,8.55,1016.09,4.31,4.18 14:53:06 26/01/21
39,99.9,8.15,1016.13,4.27,4.12 14:58:20 26/01/21
41,99.9,7.735,1016.19,4.16,4.1 15:03:33 26/01/21
42,99.9,7.325,1016.23,4.16,4.1 15:08:44 26/01/21
55,99.9,7.09,1016.36,4.24,4.11 15:13:59 26/01/21
51,99.9,6.88,1016.29,5.0,4.11 15:19:17 26/01/21
37,99.9,6.795,1016.39,4.26,4.1 15:24:34 26/01/21
32,99.9,6.7200003,1016.48,5.0,4.1 15:29:46 26/01/21
26,99.9,6.6549997,1016.52,4.17,4.09 15:34:57 26/01/21
28,99.9,6.435,1016.42,4.15,4.09 15:40:15 26/01/21
31,99.9,6.38,1016.48,4.25,4.09 15:45:31 26/01/21
40,99.9,6.295,1016.47,4.29,4.09 15:50:54 26/01/21
34,99.9,6.3050003,1016.47,4.18,4.1 15:56:07 26/01/21
33,99.9,6.29,1016.53,4.23,4.09 16:01:20 26/01/21
31,99.9,6.2749996,1016.47,5.0,4.09 16:06:34 26/01/21
36,99.9,6.21,1016.49,5.0,4.09 16:11:44 26/01/21
24,99.9,6.175,1016.47,4.32,4.09 16:16:58 26/01/21
24,99.9,6.0950003,1016.48,5.0,4.09 16:22:10 26/01/21
22,99.9,6.005,1016.52,4.66,4.08 16:27:24 26/01/21
21,99.9,5.91,1016.54,4.81,4.09 16:32:37 26/01/21
20,99.9,5.865,1016.49,4.62,4.09 16:37:52 26/01/21
20,99.9,5.7799997,1016.39,5.0,4.08 16:43:11 26/01/21
19,99.9,5.6800003,1016.38,4.6,4.08 16:48:21 26/01/21
16,99.9,5.585,1016.33,5.0,4.08 16:53:36 26/01/21
14,99.9,5.48,1016.34,4.24,4.08 16:58:47 26/01/21
12,99.9,5.385,1016.3,4.27,4.08 17:04:00 26/01/21
12,99.9,5.295,1016.33,4.61,4.08 17:09:13 26/01/21
9,99.9,5.26,1016.43,4.23,4.08 17:14:25 26/01/21
6,99.9,5.165,1016.47,4.08,4.08 17:19:38 26/01/21
4,99.9,5.08,1016.42,3.58,4.08 17:24:56 26/01/21
2,99.9,5.06,1016.41,3.04,4.08 17:30:11 26/01/21
1,99.9,4.98,1016.34,2.4,4.08 17:35:24 26/01/21
0,99.9,4.965,1016.4,1.69,4.08 17:40:38 26/01/21
0,99.9,4.945,1016.34,0.95,4.08 17:45:51 26/01/21
0,99.9,4.865,1016.33,0.44,4.08 17:51:04 26/01/21
0,99.9,4.845,1016.4,0.18,4.07 17:56:16 26/01/21
0,99.9,4.7749996,1016.41,0.05,4.07 18:01:28 26/01/21
0,99.9,4.76,1016.42,0.02,4.07 18:06:41 26/01/21
0,99.9,4.7349997,1016.25,0.01,4.07 18:11:54 26/01/21
0,99.9,4.74,1016.29,0.0,4.07 18:17:05 26/01/21
0,99.9,4.74,1016.36,0.0,4.07 18:22:20 26/01/21
0,99.9,4.685,1016.37,0.0,4.07 18:27:33 26/01/21
0,99.9,4.6800003,1016.37,0.0,4.07 18:32:43 26/01/21
0,99.9,4.6800003,1016.38,0.0,4.07 18:37:55 26/01/21
0,99.9,4.6800003,1016.4,0.0,4.07 18:43:10 26/01/21
0,99.9,4.685,1016.33,0.0,4.07 18:48:22 26/01/21
0,99.9,4.6949997,1016.41,0.0,4.07 18:53:37 26/01/21
0,99.9,4.745,1016.33,0.0,4.07 18:58:48 26/01/21
0,99.9,4.74,1016.25,0.01,4.07 19:04:00 26/01/21
0,99.9,4.675,1016.28,0.0,4.07 19:09:12 26/01/21
0,99.9,4.67,1016.33,0.0,4.07 19:14:26 26/01/21
0,99.9,4.665,1016.34,0.0,4.07 19:19:36 26/01/21
0,99.9,4.6000004,1016.19,0.0,4.07 19:24:51 26/01/21
0,99.9,4.58,1016.23,0.01,4.07 19:30:03 26/01/21
0,99.9,4.5,1016.15,0.0,4.07 19:35:17 26/01/21
0,99.9,4.415,1016.1,0.0,4.07 19:40:29 26/01/21
0,99.9,4.395,1016.09,0.0,4.07 19:45:41 26/01/21
0,99.9,4.3650002,1016.1,0.0,4.07 19:50:54 26/01/21
0,99.9,4.3,1016.15,0.0,4.07 19:56:05 26/01/21
0,99.9,4.29,1016.16,0.01,4.07 20:01:17 26/01/21
0,99.9,4.2799997,1016.24,0.0,4.07 20:06:32 26/01/21
0,99.9,4.27,1016.17,0.0,4.07 20:11:45 26/01/21
0,99.9,4.205,1016.19,0.0,4.07 20:16:57 26/01/21
0,99.9,4.1949997,1016.14,0.0,4.07 20:22:09 26/01/21
0,99.9,4.185,1016.09,0.01,4.07 20:27:20 26/01/21
0,99.9,4.17,1016.16,0.01,4.07 20:32:34 26/01/21
0,99.9,4.105,1016.16,0.0,4.07 20:37:45 26/01/21
0,99.9,4.085,1016.09,0.0,4.07 20:43:00 26/01/21
0,99.9,4.0699997,1016.19,0.0,4.07 20:48:11 26/01/21
0,99.9,4.0,1016.29,0.01,4.07 20:53:29 26/01/21
0,99.9,3.9899998,1016.28,0.01,4.07 20:58:50 26/01/21
0,99.9,3.9699998,1016.21,0.01,4.07 21:04:09 26/01/21
0,99.9,3.9050002,1016.23,0.01,4.07 21:09:19 26/01/21
0,99.9,3.88,1015.99,0.01,4.07 21:14:30 26/01/21
0,99.9,3.815,1015.91,0.01,4.06 21:19:51 26/01/21
0,99.9,3.8,1015.82,0.01,4.07 21:25:05 26/01/21
0,99.9,3.79,1015.81,0.0,4.07 21:30:19 26/01/21
0,99.9,3.77,1015.61,0.01,4.07 21:35:28 26/01/21
0,99.9,3.69,1015.54,0.02,4.06 21:40:47 26/01/21
0,99.9,3.685,1015.62,0.01,4.07 21:46:04 26/01/21
0,99.9,3.665,1015.41,0.01,4.07 21:51:15 26/01/21
0,99.9,3.65,1015.21,0.01,4.06 21:56:27 26/01/21
0,99.9,3.5800002,1015.33,0.01,4.07 22:01:41 26/01/21
0,99.9,3.5800002,1015.36,0.01,4.07 22:06:52 26/01/21
0,99.9,3.56,1015.26,0.01,4.06 22:12:06 26/01/21
0,99.9,3.56,1015.25,0.01,4.06 22:17:17 26/01/21
0,99.9,3.55,1015.15,0.01,4.07 22:22:31 26/01/21
0,99.9,3.545,1015.11,0.01,4.07 22:27:44 26/01/21
0,99.9,3.5,1015.08,0.01,4.06 22:32:54 26/01/21
0,99.9,3.495,1015.01,0.01,4.07 22:38:07 26/01/21
0,99.9,3.4850001,1015.03,0.01,4.06 22:43:21 26/01/21
0,99.9,3.4850001,1014.91,0.01,4.06 22:48:48 26/01/21
0,99.9,3.5,1014.89,0.01,4.07 22:54:03 26/01/21
0,99.9,3.4899998,1014.83,0.01,4.06 22:59:16 26/01/21
0,99.9,3.4850001,1015.03,0.01,4.06 23:04:27 26/01/21
0,99.9,3.48,1014.93,0.01,4.06 23:09:40 26/01/21
0,99.9,3.4650002,1014.78,0.0,4.06 23:14:51 26/01/21
0,99.9,3.4099998,1014.92,0.01,4.06 23:20:04 26/01/21
0,99.9,3.4,1014.92,0.0,4.06 23:25:16 26/01/21
0,99.9,3.3899999,1014.91,0.0,4.06 23:30:28 26/01/21
0,99.9,3.3850002,1014.87,0.0,4.06 23:35:43 26/01/21
0,99.9,3.3899999,1014.83,0.0,4.06 23:40:55 26/01/21
0,99.9,3.38,1014.58,0.0,4.06 23:46:08 26/01/21
0,99.9,3.375,1014.82,0.0,4.06 23:51:21 26/01/21
0,99.9,3.375,1014.87,0.0,4.06 23:56:35 26/01/21
