0,99.9,3.375,1014.91,0.0,4.06 00:01:49 27/01/21
0,99.9,3.375,1014.98,0.0,4.06 00:07:05 27/01/21
0,99.9,3.37,1014.84,0.0,4.06 00:12:18 27/01/21
0,99.9,3.3650002,1014.73,0.0,4.06 00:17:31 27/01/21
0,99.9,3.315,1014.67,0.0,4.06 00:22:42 27/01/21
0,99.9,3.3650002,1014.58,0.0,4.06 00:27:56 27/01/21
0,99.9,3.32,1014.62,0.0,4.06 00:33:07 27/01/21
0,99.9,3.31,1014.42,0.0,4.06 00:38:19 27/01/21
0,99.9,3.3600001,1014.33,0.0,4.06 00:43:31 27/01/21
0,99.9,3.3650002,1014.26,0.0,4.06 00:48:46 27/01/21
0,99.9,3.3650002,1014.26,0.0,4.06 00:53:57 27/01/21
0,99.9,3.375,1014.25,0.0,4.06 00:59:15 27/01/21
0,99.9,3.375,1014.29,0.0,4.06 01:04:31 27/01/21
0,99.9,3.38,1014.18,0.0,4.06 01:09:43 27/01/21
1,99.9,3.3850002,1014.1,0.0,4.06 01:14:55 27/01/21
0,99.9,3.395,1014.17,0.0,4.06 01:20:07 27/01/21
0,99.9,3.32,1014.2,0.0,4.06 01:25:20 27/01/21
2,99.9,3.305,1014.3,0.0,4.06 01:30:32 27/01/21
5,99.9,3.225,1014.3,0.0,4.06 01:35:44 27/01/21
4,99.9,3.185,1014.41,0.0,4.06 01:40:59 27/01/21
6,99.9,3.1,1014.29,0.0,4.06 01:46:12 27/01/21
7,99.9,3.025,1014.26,0.0,4.06 01:51:23 27/01/21
8,99.9,2.995,1014.23,0.0,4.06 01:56:37 27/01/21
8,99.9,2.975,1014.04,0.0,4.06 02:01:48 27/01/21
6,99.9,2.9499998,1013.85,0.0,4.06 02:07:00 27/01/21
6,99.9,2.88,1013.9,0.0,4.06 02:12:13 27/01/21
6,99.9,2.8249998,1013.84,0.0,4.06 02:17:24 27/01/21
6,99.9,2.8,1013.89,0.0,4.06 02:22:37 27/01/21
6,99.9,2.7849998,1013.81,0.0,4.06 02:27:50 27/01/21
7,99.9,2.78,1013.79,0.0,4.06 02:33:03 27/01/21
6,99.9,2.775,1013.63,0.0,4.06 02:38:13 27/01/21
7,99.9,2.76,1013.48,0.0,4.06 02:43:28 27/01/21
6,99.9,2.7,1013.13,0.0,4.06 02:48:39 27/01/21
6,99.9,2.7,1012.98,0.0,4.06 02:53:52 27/01/21
7,99.9,2.6799998,1012.76,0.0,4.06 02:59:03 27/01/21
7,99.9,2.625,1012.58,0.0,4.06 03:04:17 27/01/21
6,99.9,2.615,1012.41,0.0,4.06 03:09:37 27/01/21
6,99.9,2.605,1012.37,0.0,4.05 03:14:50 27/01/21
5,99.9,2.58,1012.28,0.0,4.06 03:20:02 27/01/21
5,99.9,2.53,1012.15,0.0,4.06 03:25:15 27/01/21
5,99.9,2.52,1012.12,0.0,4.06 03:30:27 27/01/21
5,99.9,2.58,1011.85,0.0,4.06 03:35:41 27/01/21
5,99.9,2.58,1011.63,0.0,4.06 03:40:52 27/01/21
5,99.9,2.585,1011.69,0.0,4.06 03:46:05 27/01/21
5,99.9,2.585,1011.55,0.0,4.06 03:51:17 27/01/21
5,99.9,2.6,1011.55,0.0,4.05 03:56:32 27/01/21
5,99.9,2.6,1011.49,0.0,4.06 04:01:40 27/01/21
6,99.9,2.605,1011.35,0.0,4.06 04:06:56 27/01/21
2,99.9,2.61,1011.21,0.0,4.06 04:12:05 27/01/21
6,99.9,2.61,1011.17,0.0,4.06 04:17:18 27/01/21
6,99.9,2.6599998,1011.08,0.0,4.06 04:22:31 27/01/21
7,99.9,2.67,1011.07,0.0,4.06 04:27:44 27/01/21
7,99.9,2.67,1010.83,0.0,4.06 04:32:56 27/01/21
7,99.9,2.67,1010.77,0.0,4.05 04:38:13 27/01/21
8,99.9,2.675,1010.49,0.0,4.06 04:43:30 27/01/21
8,99.9,2.675,1010.35,0.0,4.05 04:48:44 27/01/21
8,99.9,2.685,1010.41,0.0,4.06 04:53:52 27/01/21
8,99.9,2.6799998,1010.42,0.0,4.06 04:59:05 27/01/21
8,99.9,2.69,1010.54,0.0,4.06 05:04:18 27/01/21
10,99.9,2.685,1010.37,0.0,4.05 05:09:31 27/01/21
10,99.9,2.685,1010.25,0.0,4.06 05:14:42 27/01/21
11,99.9,2.6950002,1010.25,0.0,4.06 05:19:56 27/01/21
11,99.9,2.7,1010.14,0.0,4.05 05:25:13 27/01/21
11,99.9,2.76,1009.95,0.0,4.05 05:30:36 27/01/21
11,99.9,2.77,1009.97,0.0,4.06 05:35:49 27/01/21
12,99.9,2.775,1009.98,0.0,4.05 05:41:06 27/01/21
12,99.9,2.78,1009.91,0.0,4.05 05:46:32 27/01/21
10,99.9,2.79,1009.84,0.0,4.05 05:51:48 27/01/21
7,99.9,2.8400002,1009.79,0.0,4.05 05:57:04 27/01/21
3,99.9,2.8,1009.8,0.0,4.06 06:02:18 27/01/21
2,99.9,2.8600001,1009.7,0.0,4.05 06:07:30 27/01/21
6,99.9,2.865,1009.69,0.0,4.05 06:12:43 27/01/21
14,99.9,2.87,1009.51,0.0,4.05 06:17:55 27/01/21
17,99.9,2.87,1009.31,0.0,4.06 06:23:07 27/01/21
18,99.9,2.875,1009.08,0.0,4.05 06:28:20 27/01/21
19,99.9,2.875,1008.92,0.0,4.05 06:33:32 27/01/21
21,99.9,2.885,1008.99,0.0,4.06 06:38:47 27/01/21
19,99.9,2.88,1009.04,0.0,4.05 06:43:58 27/01/21
18,99.9,2.885,1009.01,0.0,4.05 06:49:09 27/01/21
18,99.9,2.885,1009.03,0.0,4.05 06:54:22 27/01/21
17,99.9,2.8899999,1008.91,0.0,4.06 06:59:34 27/01/21
18,99.9,2.885,1008.94,0.0,4.05 07:04:51 27/01/21
16,99.9,2.9499998,1009.01,0.0,4.05 07:10:08 27/01/21
15,99.9,2.905,1008.96,0.01,4.05 07:15:18 27/01/21
16,99.9,2.94,1008.84,0.01,4.05 07:20:32 27/01/21
17,99.9,2.955,1008.68,0.01,4.05 07:25:45 27/01/21
17,99.9,2.955,1008.71,0.01,4.05 07:30:57 27/01/21
19,99.9,2.9650002,1008.74,0.01,4.05 07:36:16 27/01/21
15,99.9,2.975,1008.67,0.03,4.05 07:41:30 27/01/21
15,99.9,2.97,1008.62,0.06,4.05 07:46:43 27/01/21
13,99.9,2.98,1008.78,0.14,4.05 07:51:55 27/01/21
12,99.9,2.98,1008.69,0.39,4.05 07:57:06 27/01/21
11,99.9,2.975,1008.83,0.78,4.05 08:02:19 27/01/21
12,99.9,2.9850001,1009.06,1.25,4.05 08:07:32 27/01/21
13,99.9,2.995,1009.18,1.58,4.05 08:12:45 27/01/21
13,99.9,2.995,1009.17,2.22,4.05 08:17:56 27/01/21
14,99.9,3.045,1008.97,3.0,4.05 08:23:08 27/01/21
18,99.9,2.995,1008.8,3.44,4.05 08:28:23 27/01/21
21,99.9,3.0500002,1008.75,3.73,4.05 08:33:39 27/01/21
22,99.9,3.06,1008.78,3.92,4.05 08:39:00 27/01/21
22,99.9,3.0700002,1008.81,4.14,4.05 08:44:16 27/01/21
24,99.9,3.075,1008.9,4.13,4.05 08:49:29 27/01/21
25,99.9,3.08,1008.74,4.17,4.05 08:54:41 27/01/21
27,99.9,3.095,1008.87,4.19,4.05 08:59:54 27/01/21
28,99.9,3.15,1008.91,4.28,4.05 09:05:05 27/01/21
33,99.9,3.1599998,1008.97,4.35,4.05 09:10:28 27/01/21
33,99.9,3.1799998,1008.95,5.0,4.05 09:15:40 27/01/21
33,99.9,3.1950002,1008.88,4.74,4.05 09:20:52 27/01/21
36,99.9,3.1950002,1008.79,5.0,4.05 09:26:03 27/01/21
40,99.9,3.26,1008.82,5.0,4.05 09:31:15 27/01/21
33,99.9,3.27,1008.76,4.92,4.05 09:36:29 27/01/21
37,99.9,3.2849998,1008.79,5.0,4.05 09:41:42 27/01/21
40,99.9,3.3,1008.85,5.0,4.05 09:46:54 27/01/21
48,99.9,3.3600001,1009.06,5.0,4.05 09:52:11 27/01/21
52,99.9,3.38,1009.11,4.12,4.05 09:57:35 27/01/21
44,99.9,3.4,1009.01,4.12,4.05 10:02:49 27/01/21
52,99.9,3.46,1008.98,4.47,4.05 10:08:01 27/01/21
58,99.9,3.4650002,1008.89,5.0,4.06 10:13:13 27/01/21
64,99.9,3.4899998,1008.94,4.91,4.06 10:18:30 27/01/21
47,99.9,3.565,1008.94,5.0,4.06 10:23:47 27/01/21
36,99.9,3.5800002,1009.13,4.89,4.05 10:28:57 27/01/21
55,99.9,3.5800002,1009.15,5.0,4.06 10:34:10 27/01/21
48,99.9,3.645,1009.09,4.84,4.06 10:39:22 27/01/21
50,99.9,3.67,1009.14,5.0,4.06 10:44:37 27/01/21
71,99.9,3.685,1009.07,5.0,4.06 10:49:50 27/01/21
73,99.9,3.7749999,1009.2,4.29,4.06 10:55:02 27/01/21
62,99.9,3.855,1009.27,5.0,4.06 11:00:12 27/01/21
75,99.9,3.8850002,1009.3,5.0,4.06 11:05:27 27/01/21
64,99.9,3.9699998,1009.44,4.18,4.06 11:10:39 27/01/21
71,99.9,4.045,1009.44,5.0,4.06 11:15:52 27/01/21
72,99.9,4.08,1009.5,5.0,4.06 11:21:04 27/01/21
64,99.9,4.105,1009.47,5.0,4.06 11:26:15 27/01/21
69,99.9,4.175,1009.5,4.41,4.06 11:31:29 27/01/21
55,99.9,4.19,1009.43,5.0,4.06 11:36:43 27/01/21
56,99.9,4.25,1009.43,5.0,4.06 11:41:54 27/01/21
75,99.9,4.285,1009.44,5.0,4.05 11:47:08 27/01/21
81,99.9,4.36,1009.35,4.75,4.06 11:52:20 27/01/21
78,99.9,4.445,1009.47,5.0,4.07 11:57:30 27/01/21
53,99.9,4.535,1009.47,5.0,4.06 12:02:43 27/01/21
56,99.9,4.56,1009.5,5.0,4.06 12:07:57 27/01/21
56,99.9,4.58,1009.5,5.0,4.06 12:13:09 27/01/21
59,99.9,4.59,1009.54,5.0,4.06 12:18:23 27/01/21
59,99.9,4.66,1009.54,4.57,4.05 12:23:33 27/01/21
60,99.9,4.6800003,1009.5,4.54,4.07 12:28:47 27/01/21
53,99.9,4.6800003,1009.52,4.32,4.06 12:33:59 27/01/21
55,99.9,4.755,1009.46,4.97,4.06 12:39:12 27/01/21
53,99.9,4.76,1009.48,5.0,4.06 12:44:24 27/01/21
69,99.9,4.7749996,1009.41,5.0,4.06 12:49:41 27/01/21
65,99.9,4.7799997,1009.38,5.0,4.06 12:54:49 27/01/21
63,99.9,4.855,1009.45,4.16,4.07 13:00:04 27/01/21
69,99.9,4.87,1009.48,5.0,4.07 13:05:16 27/01/21
58,99.9,4.885,1009.48,5.0,4.07 13:10:27 27/01/21
61,99.9,4.895,1009.6,4.16,4.06 13:15:41 27/01/21
73,99.9,4.955,1009.59,4.63,4.07 13:20:55 27/01/21
62,99.9,5.01,1009.53,5.0,4.06 13:26:07 27/01/21
51,99.9,5.04,1009.49,5.0,4.06 13:31:19 27/01/21
50,99.9,5.0550003,1009.5,5.0,4.06 13:36:33 27/01/21
43,99.9,5.065,1009.45,4.54,4.06 13:41:43 27/01/21
52,99.9,5.065,1009.53,4.3,4.06 13:46:57 27/01/21
52,99.9,5.08,1009.58,5.0,4.07 13:52:08 27/01/21
58,99.9,5.085,1009.56,4.93,4.07 13:57:23 27/01/21
68,99.9,5.1000004,1009.5,4.81,4.07 14:02:35 27/01/21
66,99.9,5.15,1009.49,4.12,4.07 14:07:46 27/01/21
71,99.9,5.19,1009.44,4.12,4.07 14:13:00 27/01/21
65,99.9,5.26,1009.52,5.0,4.06 14:18:13 27/01/21
60,99.9,5.265,1009.55,4.98,4.07 14:23:26 27/01/21
57,99.9,5.3,1009.61,5.0,4.07 14:28:38 27/01/21
46,99.9,5.35,1009.58,5.0,4.06 14:33:49 27/01/21
56,99.9,5.345,1009.59,5.0,4.07 14:39:02 27/01/21
59,99.9,5.355,1009.55,4.83,4.06 14:44:25 27/01/21
43,99.9,5.38,1009.65,5.0,4.06 14:49:36 27/01/21
58,99.9,5.375,1009.54,5.0,4.07 14:54:51 27/01/21
64,99.9,5.44,1009.62,4.56,4.07 15:00:03 27/01/21
52,99.9,5.455,1009.61,5.0,4.06 15:05:16 27/01/21
48,99.9,5.46,1009.64,4.77,4.06 15:10:28 27/01/21
48,99.9,5.4700003,1009.66,4.86,4.06 15:15:41 27/01/21
42,99.9,5.5299997,1009.76,5.0,4.06 15:20:55 27/01/21
44,99.9,5.54,1009.64,5.0,4.06 15:26:07 27/01/21
43,99.9,5.5699997,1009.63,5.0,4.06 15:31:19 27/01/21
44,99.9,5.5699997,1009.63,5.0,4.06 15:36:31 27/01/21
52,99.9,5.63,1009.64,5.0,4.06 15:41:45 27/01/21
51,99.9,5.65,1009.68,4.7,4.06 15:46:57 27/01/21
44,99.9,5.67,1009.69,5.0,4.06 15:52:10 27/01/21
43,99.9,5.74,1009.73,5.0,4.06 15:57:24 27/01/21
45,99.9,5.745,1009.67,5.0,4.06 16:02:36 27/01/21
40,99.9,5.77,1009.71,5.0,4.06 16:07:49 27/01/21
41,99.9,5.7749996,1009.71,4.78,4.06 16:13:04 27/01/21
36,99.9,5.84,1009.75,4.56,4.06 16:18:25 27/01/21
35,99.9,5.865,1009.71,4.81,4.06 16:23:35 27/01/21
33,99.9,5.8599997,1009.74,4.6,4.06 16:28:48 27/01/21
36,99.9,5.9350004,1009.76,4.22,4.06 16:34:01 27/01/21
32,99.9,5.95,1009.76,4.74,4.06 16:39:12 27/01/21
27,99.9,5.965,1009.74,4.25,4.06 16:44:26 27/01/21
31,99.9,6.02,1009.74,4.37,4.06 16:49:39 27/01/21
28,99.9,6.035,1009.69,4.24,4.06 16:54:59 27/01/21
27,99.9,6.0550003,1009.67,4.35,4.06 17:00:13 27/01/21
23,99.9,6.115,1009.74,4.14,4.06 17:05:30 27/01/21
19,99.9,6.13,1009.76,3.96,4.06 17:10:48 27/01/21
14,99.9,6.13,1009.83,3.32,4.06 17:15:58 27/01/21
13,99.9,6.13,1009.82,3.1,4.06 17:21:12 27/01/21
12,99.9,6.08,1009.83,2.65,4.06 17:26:27 27/01/21
7,99.9,6.08,1009.9,1.89,4.06 17:31:37 27/01/21
6,99.9,6.08,1009.82,1.44,4.06 17:36:51 27/01/21
5,99.9,6.1400003,1009.89,0.82,4.06 17:42:08 27/01/21
4,99.9,6.1549997,1009.79,0.51,4.06 17:47:25 27/01/21
3,99.9,6.165,1009.86,0.16,4.06 17:52:36 27/01/21
3,99.9,6.15,1009.8,0.06,4.06 17:57:51 27/01/21
3,99.9,6.1549997,1009.87,0.03,4.06 18:03:01 27/01/21
2,99.9,6.1549997,1009.72,0.01,4.06 18:08:15 27/01/21
2,99.9,6.15,1009.8,0.01,4.06 18:13:29 27/01/21
3,99.9,6.15,1009.77,0.01,4.05 18:18:51 27/01/21
2,99.9,6.2200003,1009.8,0.01,4.06 18:24:01 27/01/21
3,99.9,6.175,1009.9,0.0,4.06 18:29:16 27/01/21
3,99.9,6.1800003,1009.86,0.0,4.06 18:34:29 27/01/21
3,99.9,6.17,1009.92,0.0,4.06 18:39:41 27/01/21
3,99.9,6.175,1009.88,0.0,4.05 18:44:54 27/01/21
3,99.9,6.245,1009.94,0.0,4.05 18:50:12 27/01/21
3,99.9,6.26,1010.04,0.01,4.06 18:55:29 27/01/21
3,99.9,6.255,1009.92,0.01,4.06 19:00:39 27/01/21
3,99.9,6.265,1010.0,0.01,4.06 19:05:52 27/01/21
3,99.9,6.265,1009.91,0.01,4.05 19:11:14 27/01/21
0,99.9,6.325,1009.85,0.01,4.06 19:16:28 27/01/21
3,99.9,6.345,1009.87,0.01,4.05 19:21:41 27/01/21
3,99.9,6.355,1009.81,0.01,4.05 19:26:54 27/01/21
3,99.9,6.35,1009.65,0.01,4.05 19:32:06 27/01/21
3,99.9,6.345,1009.61,0.01,4.05 19:37:20 27/01/21
3,99.9,6.35,1009.68,0.01,4.05 19:42:32 27/01/21
2,99.9,6.35,1009.7,0.01,4.06 19:47:43 27/01/21
3,99.9,6.37,1009.74,0.01,4.06 19:52:58 27/01/21
3,99.9,6.3599997,1009.74,0.01,4.05 19:58:10 27/01/21
3,99.9,6.3599997,1009.73,0.01,4.05 20:03:23 27/01/21
3,99.9,6.3599997,1009.82,0.01,4.05 20:08:41 27/01/21
3,99.9,6.3599997,1009.75,0.01,4.05 20:13:57 27/01/21
2,99.9,6.365,1009.79,0.0,4.06 20:19:09 27/01/21
3,99.9,6.365,1009.66,0.0,4.05 20:24:23 27/01/21
3,99.9,6.37,1009.79,0.01,4.05 20:29:34 27/01/21
3,99.9,6.365,1009.83,0.01,4.05 20:34:47 27/01/21
2,99.9,6.375,1009.88,0.01,4.05 20:39:59 27/01/21
2,99.9,6.375,1009.87,0.0,4.06 20:45:15 27/01/21
1,99.9,6.37,1009.88,0.01,4.05 20:50:25 27/01/21
2,99.9,6.375,1009.8,0.01,4.05 20:55:40 27/01/21
2,99.9,6.375,1009.76,0.01,4.05 21:00:52 27/01/21
2,99.9,6.37,1009.74,0.0,4.05 21:06:05 27/01/21
2,99.9,6.375,1009.75,0.0,4.05 21:11:19 27/01/21
2,99.9,6.375,1009.65,0.01,4.05 21:16:35 27/01/21
1,99.9,6.385,1009.65,0.0,4.05 21:21:50 27/01/21
2,99.9,6.4300003,1009.69,0.01,4.05 21:27:06 27/01/21
2,99.9,6.385,1009.63,0.01,4.05 21:32:16 27/01/21
2,99.9,6.385,1009.64,0.01,4.05 21:37:31 27/01/21
2,99.9,6.395,1009.62,0.01,4.05 21:42:43 27/01/21
2,99.9,6.44,1009.63,0.01,4.05 21:47:58 27/01/21
2,99.9,6.455,1009.68,0.02,4.05 21:53:08 27/01/21
2,99.9,6.46,1009.7,0.01,4.05 21:58:22 27/01/21
2,99.9,6.46,1009.63,0.01,4.06 22:03:33 27/01/21
2,99.9,6.455,1009.49,0.01,4.06 22:08:47 27/01/21
2,99.9,6.465,1009.49,0.01,4.05 22:14:00 27/01/21
2,99.9,6.465,1009.54,0.01,4.05 22:19:17 27/01/21
2,99.9,6.485,1009.57,0.01,4.05 22:24:35 27/01/21
2,99.9,6.4700003,1009.5,0.01,4.05 22:29:47 27/01/21
2,99.9,6.4700003,1009.35,0.01,4.05 22:35:00 27/01/21
2,99.9,6.485,1009.38,0.01,4.05 22:40:14 27/01/21
2,99.9,6.485,1009.36,0.01,4.05 22:45:24 27/01/21
2,99.9,6.4750004,1009.44,0.01,4.05 22:50:38 27/01/21
2,99.9,6.48,1009.46,0.01,4.05 22:55:51 27/01/21
1,99.9,6.48,1009.35,0.01,4.05 23:01:02 27/01/21
2,99.9,6.49,1009.31,0.01,4.05 23:06:18 27/01/21
2,99.9,6.545,1009.42,0.01,4.05 23:11:28 27/01/21
1,99.9,6.56,1009.44,0.01,4.05 23:16:41 27/01/21
2,99.9,6.56,1009.43,0.01,4.05 23:22:00 27/01/21
1,99.9,6.565,1009.38,0.01,4.05 23:27:15 27/01/21
2,99.9,6.58,1009.39,0.01,4.05 23:32:33 27/01/21
2,99.9,6.58,1009.4,0.01,4.05 23:37:51 27/01/21
1,99.9,6.58,1009.32,0.01,4.05 23:43:02 27/01/21
1,99.9,6.58,1009.21,0.01,4.05 23:48:16 27/01/21
2,99.9,6.5950003,1009.1,0.01,4.05 23:53:29 27/01/21
1,99.9,6.645,1009.06,0.01,4.05 23:58:41 27/01/21
