0,99.9,1.8,999.35,0.0,4.13 00:04:52 31/01/21
0,99.9,1.8050001,999.41,0.0,4.13 00:10:07 31/01/21
0,99.9,1.8,999.49,0.0,4.13 00:15:17 31/01/21
0,99.9,1.79,999.51,0.0,4.13 00:20:35 31/01/21
0,99.9,1.8,999.47,0.0,4.12 00:25:50 31/01/21
0,99.9,1.79,999.4,0.0,4.12 00:31:04 31/01/21
0,99.9,1.78,999.49,0.0,4.12 00:36:16 31/01/21
0,99.9,1.78,999.56,0.0,4.12 00:41:32 31/01/21
0,99.9,1.78,999.61,0.01,4.13 00:46:49 31/01/21
0,99.9,1.7750001,999.7,0.01,4.12 00:51:59 31/01/21
0,99.9,1.71,999.74,0.01,4.12 00:57:13 31/01/21
0,99.9,1.705,999.63,0.01,4.12 01:02:26 31/01/21
0,99.9,1.675,999.67,0.0,4.13 01:07:36 31/01/21
0,99.9,1.6099999,999.79,0.0,4.12 01:12:50 31/01/21
0,99.9,1.54,999.74,0.01,4.12 01:18:01 31/01/21
0,99.9,1.505,999.78,0.02,4.13 01:23:13 31/01/21
0,99.9,1.4250001,999.88,0.01,4.13 01:28:25 31/01/21
0,99.9,1.395,999.83,0.02,4.12 01:33:40 31/01/21
0,99.9,1.315,999.84,0.02,4.12 01:38:51 31/01/21
0,99.9,1.235,999.96,0.02,4.12 01:44:03 31/01/21
0,99.9,1.145,1000.03,0.02,4.12 01:49:14 31/01/21
0,99.9,1.11,1000.03,0.02,4.12 01:54:28 31/01/21
0,99.9,1.085,1000.01,0.02,4.12 01:59:38 31/01/21
0,99.9,1.01,1000.04,0.03,4.12 02:04:51 31/01/21
0,99.9,0.985,1000.08,0.03,4.12 02:10:07 31/01/21
0,99.9,0.97,1000.13,0.03,4.12 02:15:17 31/01/21
0,99.9,0.89000005,1000.15,0.03,4.12 02:20:29 31/01/21
0,99.9,0.87,1000.17,0.02,4.12 02:25:40 31/01/21
0,99.9,0.8,1000.13,0.03,4.12 02:30:51 31/01/21
0,99.9,0.77500004,1000.08,0.02,4.12 02:36:05 31/01/21
0,99.9,0.7,1000.1,0.02,4.12 02:41:18 31/01/21
0,99.9,0.695,1000.06,0.03,4.12 02:46:28 31/01/21
0,99.9,0.62,1000.05,0.03,4.12 02:51:46 31/01/21
0,99.9,0.59999996,1000.03,0.03,4.12 02:57:02 31/01/21
0,99.9,0.575,1000.03,0.03,4.12 03:02:14 31/01/21
0,99.9,0.5,999.97,0.03,4.12 03:07:27 31/01/21
0,99.9,0.48499998,1000.05,0.03,4.11 03:12:39 31/01/21
0,99.9,0.41,1000.15,0.03,4.11 03:17:51 31/01/21
0,99.9,0.39000002,1000.07,0.03,4.12 03:23:02 31/01/21
0,99.9,0.36999997,999.99,0.03,4.12 03:28:13 31/01/21
0,99.9,0.3,1000.14,0.03,4.12 03:33:25 31/01/21
0,99.9,0.22,1000.11,0.03,4.11 03:38:39 31/01/21
0,99.9,0.215,1000.1,0.02,4.11 03:43:51 31/01/21
0,99.9,0.18,1000.01,0.03,4.11 03:49:08 31/01/21
0,99.9,0.185,1000.03,0.02,4.11 03:54:24 31/01/21
0,99.9,0.17500001,1000.05,0.03,4.11 03:59:36 31/01/21
0,99.9,0.10499999,1000.08,0.03,4.11 04:04:47 31/01/21
0,99.9,0.08499998,1000.22,0.03,4.11 04:10:00 31/01/21
0,99.9,0.02000001,1000.22,0.02,4.11 04:15:12 31/01/21
0,99.9,0.004999995,1000.18,0.02,4.11 04:20:25 31/01/21
0,99.9,-0.014999986,1000.11,0.02,4.11 04:25:39 31/01/21
0,99.9,-0.014999986,1000.16,0.02,4.11 04:30:49 31/01/21
0,99.9,-0.08000001,1000.21,0.02,4.11 04:36:06 31/01/21
0,99.9,-0.10500002,1000.17,0.02,4.11 04:41:20 31/01/21
0,99.9,-0.120000005,1000.22,0.02,4.11 04:46:37 31/01/21
0,99.9,-0.185,1000.24,0.02,4.11 04:51:54 31/01/21
0,99.9,-0.19999999,1000.18,0.02,4.11 04:57:07 31/01/21
0,99.9,-0.21999998,1000.14,0.02,4.11 05:02:16 31/01/21
0,99.9,-0.22999999,1000.08,0.02,4.11 05:07:30 31/01/21
0,99.9,0.57,1000.27,0.01,4.09 05:41:34 31/01/21
0,99.9,0.245,1000.46,0.01,4.08 06:15:23 31/01/21
0,99.9,-0.035000026,1000.45,0.01,4.09 06:20:36 31/01/21
0,99.9,-0.34,1000.57,0.01,4.09 06:25:48 31/01/21
0,99.9,-0.465,1000.52,0.01,4.09 06:31:05 31/01/21
0,99.9,-0.54,1000.55,0.01,4.09 06:36:20 31/01/21
0,99.9,-0.63,1000.46,0.0,4.09 06:41:33 31/01/21
0,99.9,-0.7,1000.54,0.01,4.09 06:46:46 31/01/21
0,99.9,-0.72499996,1000.65,0.01,4.08 06:51:57 31/01/21
0,99.9,-0.79,1000.7,0.01,4.09 06:57:07 31/01/21
0,99.9,-0.81,1000.83,0.0,4.09 07:02:21 31/01/21
0,99.9,-0.835,1000.8,0.0,4.09 07:07:33 31/01/21
0,99.9,-0.895,1000.73,0.01,4.09 07:12:45 31/01/21
1,99.9,-0.91,1000.69,0.01,4.09 07:18:01 31/01/21
3,99.9,-0.925,1000.65,0.02,4.09 07:23:23 31/01/21
4,99.9,-0.94,1000.66,0.05,4.09 07:28:39 31/01/21
0,99.9,-0.96000004,1000.65,0.11,4.09 07:33:51 31/01/21
0,99.9,-1.015,1000.78,0.23,4.09 07:39:01 31/01/21
0,99.9,-1.04,1000.82,0.5,4.09 07:44:14 31/01/21
0,99.9,-1.1,1000.87,1.04,4.09 07:49:24 31/01/21
1,99.9,-1.115,1000.89,1.92,4.09 07:54:38 31/01/21
1,99.9,-1.125,1000.9,2.88,4.08 07:59:48 31/01/21
4,99.9,-1.145,1000.87,3.78,4.09 08:05:00 31/01/21
7,99.9,-1.2049999,1000.85,4.2,4.09 08:10:14 31/01/21
9,99.9,-1.2149999,1000.85,4.56,4.08 08:15:30 31/01/21
13,99.9,-1.22,1000.97,4.21,4.09 08:20:46 31/01/21
17,99.9,-1.23,1000.74,4.72,4.09 08:25:57 31/01/21
20,99.9,-1.24,1000.69,5.0,4.09 08:31:11 31/01/21
25,99.9,-1.245,1000.74,4.62,4.09 08:36:21 31/01/21
28,99.9,-1.235,1000.74,4.56,4.09 08:41:39 31/01/21
31,99.9,-1.2149999,1000.91,4.37,4.09 08:46:54 31/01/21
33,99.9,-1.145,1000.92,5.0,4.1 08:52:06 31/01/21
42,99.9,-1.125,1000.83,4.17,4.1 08:57:23 31/01/21
37,99.9,-1.04,1000.94,4.16,4.11 09:02:37 31/01/21
40,99.9,-1.0,1001.01,4.18,4.13 09:07:52 31/01/21
41,99.9,-0.90000004,1001.14,4.17,4.12 09:13:03 31/01/21
53,99.9,-0.805,1001.13,4.34,4.17 09:18:26 31/01/21
54,99.9,-0.645,1001.22,4.39,4.18 09:23:35 31/01/21
41,99.9,1.19,1001.3,5.0,4.21 09:43:07 31/01/21
38,99.9,1.3399999,1001.15,4.31,4.2 09:48:20 31/01/21
39,99.9,1.355,1001.06,4.3,4.2 09:53:33 31/01/21
40,99.9,1.39,1001.01,5.0,4.21 09:58:42 31/01/21
47,99.9,1.4849999,1000.99,5.0,4.21 10:04:01 31/01/21
48,99.9,1.59,1000.88,5.0,4.21 10:09:19 31/01/21
47,99.9,1.5450001,1000.7,5.0,4.21 10:14:30 31/01/21
44,99.9,1.5350001,1000.67,5.0,4.15 10:19:42 31/01/21
45,99.9,1.48,1000.73,5.0,4.15 10:24:55 31/01/21
46,99.9,1.335,1000.65,5.0,4.15 10:30:06 31/01/21
42,99.9,1.24,1000.47,5.0,4.15 10:35:18 31/01/21
45,99.9,1.215,1000.49,5.0,4.14 10:40:31 31/01/21
44,99.9,1.135,1000.44,5.0,4.14 10:45:43 31/01/21
46,99.9,1.065,1000.39,5.0,4.15 10:50:53 31/01/21
44,99.9,1.0450001,1000.26,5.0,4.14 10:56:07 31/01/21
45,99.9,1.03,1000.29,5.0,4.14 11:01:20 31/01/21
45,99.9,0.985,1000.29,5.0,4.14 11:06:30 31/01/21
47,99.9,1.0500001,1000.3,5.0,4.14 11:11:46 31/01/21
46,99.9,1.07,1000.28,5.0,4.14 11:16:55 31/01/21
46,99.9,1.135,1000.27,5.0,4.14 11:22:07 31/01/21
47,99.9,1.14,1000.22,5.0,4.14 11:27:23 31/01/21
48,99.9,1.1600001,1000.41,5.0,4.14 11:32:33 31/01/21
57,99.9,1.23,1000.24,5.0,4.14 11:37:46 31/01/21
55,99.9,1.26,1000.18,5.0,4.14 11:42:57 31/01/21
49,99.9,1.34,1000.07,5.0,4.14 11:48:09 31/01/21
47,99.9,1.365,1000.02,5.0,4.14 11:53:20 31/01/21
50,99.9,1.4399999,999.94,5.0,4.14 11:58:36 31/01/21
45,99.9,1.5250001,999.9,5.0,4.14 12:03:44 31/01/21
49,99.9,1.625,999.99,5.0,4.14 12:09:04 31/01/21
48,99.9,1.7149999,999.82,5.0,4.14 12:14:23 31/01/21
49,99.9,1.7550001,999.86,5.0,4.14 12:19:39 31/01/21
57,99.9,1.76,999.72,5.0,4.14 12:24:51 31/01/21
51,99.9,1.83,999.66,5.0,4.13 12:30:10 31/01/21
49,99.9,1.865,999.41,5.0,4.14 12:35:24 31/01/21
40,99.9,1.9449999,999.39,5.0,4.14 12:40:38 31/01/21
42,99.9,1.965,999.3,5.0,4.13 12:45:51 31/01/21
44,99.9,2.045,999.29,5.0,4.13 12:51:05 31/01/21
46,99.9,2.135,999.26,5.0,4.13 12:56:23 31/01/21
54,99.9,2.15,999.19,5.0,4.13 13:01:34 31/01/21
44,99.9,2.225,999.12,5.0,4.13 13:06:47 31/01/21
61,99.9,2.23,999.0,5.0,4.13 13:11:59 31/01/21
69,99.9,2.275,998.9,5.0,4.13 13:17:12 31/01/21
63,99.9,2.5,998.77,5.0,4.13 13:22:25 31/01/21
64,99.9,2.7849998,998.81,5.0,4.13 13:27:38 31/01/21
64,99.9,2.99,998.75,5.0,4.14 13:32:49 31/01/21
58,99.9,3.12,998.62,5.0,4.13 13:38:00 31/01/21
63,99.9,3.205,998.48,5.0,4.13 13:43:17 31/01/21
74,99.9,3.235,998.39,5.0,4.13 13:48:30 31/01/21
57,99.9,3.26,998.34,5.0,4.13 13:53:37 31/01/21
68,99.9,3.1599998,998.07,5.0,4.13 13:58:56 31/01/21
64,99.9,3.065,997.88,5.0,4.13 14:04:19 31/01/21
59,99.9,2.98,997.78,5.0,4.13 14:09:34 31/01/21
52,99.9,2.885,997.66,5.0,4.13 14:14:46 31/01/21
59,99.9,2.8600001,997.64,5.0,4.13 14:20:00 31/01/21
48,99.9,2.79,997.69,5.0,4.13 14:25:10 31/01/21
36,99.9,2.77,997.75,5.0,4.13 14:30:22 31/01/21
45,99.9,2.69,997.63,5.0,4.13 14:35:35 31/01/21
41,99.9,2.6799998,997.51,5.0,4.13 14:40:46 31/01/21
43,99.9,2.665,997.41,5.0,4.13 14:46:00 31/01/21
44,99.9,2.6599998,997.49,5.0,4.13 14:51:17 31/01/21
45,99.9,2.665,997.36,5.0,4.13 14:56:37 31/01/21
43,99.9,2.73,997.21,5.0,4.13 15:01:52 31/01/21
42,99.9,2.74,997.1,5.0,4.13 15:07:07 31/01/21
44,99.9,2.75,996.99,5.0,4.13 15:12:20 31/01/21
40,99.9,2.76,996.94,5.0,4.13 15:17:31 31/01/21
40,99.9,2.7649999,996.82,5.0,4.13 15:22:48 31/01/21
44,99.9,2.77,996.8,5.0,4.12 15:28:05 31/01/21
42,99.9,2.775,996.67,5.0,4.13 15:33:18 31/01/21
40,99.9,2.83,996.66,5.0,4.13 15:38:29 31/01/21
41,99.9,2.8400002,996.64,5.0,4.12 15:43:42 31/01/21
36,99.9,2.845,996.59,5.0,4.12 15:48:54 31/01/21
34,99.9,2.845,996.56,5.0,4.12 15:54:05 31/01/21
37,99.9,2.8400002,996.44,5.0,4.12 15:59:20 31/01/21
36,99.9,2.78,996.32,5.0,4.12 16:04:31 31/01/21
34,99.9,2.7849998,996.17,5.0,4.12 16:09:44 31/01/21
43,99.9,2.835,996.04,5.0,4.12 16:14:54 31/01/21
37,99.9,2.79,995.94,5.0,4.12 16:20:09 31/01/21
34,99.9,2.78,995.85,5.0,4.12 16:25:22 31/01/21
32,99.9,2.775,995.77,5.0,4.12 16:30:33 31/01/21
29,99.9,2.775,995.74,5.0,4.12 16:35:46 31/01/21
26,99.9,2.76,995.65,5.0,4.12 16:40:56 31/01/21
21,99.9,2.755,995.6,5.0,4.12 16:46:11 31/01/21
20,99.9,2.69,995.55,5.0,4.12 16:51:24 31/01/21
18,99.9,2.67,995.63,5.0,4.12 16:56:35 31/01/21
14,99.9,2.595,995.46,4.75,4.12 17:01:48 31/01/21
12,99.9,2.575,995.41,4.31,4.12 17:07:00 31/01/21
11,99.9,2.51,995.37,4.24,4.12 17:12:13 31/01/21
9,99.9,2.495,995.25,4.2,4.12 17:17:25 31/01/21
8,99.9,2.4850001,995.18,3.83,4.12 17:22:37 31/01/21
6,99.9,2.47,995.09,3.41,4.12 17:27:50 31/01/21
4,99.9,2.4,995.04,3.02,4.12 17:33:07 31/01/21
3,99.9,2.44,995.07,2.58,4.12 17:38:23 31/01/21
1,99.9,2.3600001,994.92,2.01,4.12 17:43:35 31/01/21
0,99.9,2.3600001,994.69,1.45,4.11 17:48:52 31/01/21
0,99.9,2.355,994.66,0.79,4.12 17:54:08 31/01/21
0,99.9,2.355,994.61,0.34,4.12 17:59:19 31/01/21
0,99.9,2.3,994.47,0.13,4.11 18:04:34 31/01/21
0,99.9,2.35,994.41,0.05,4.11 18:09:45 31/01/21
0,99.9,2.29,994.3,0.02,4.12 18:14:56 31/01/21
0,99.9,2.3,994.22,0.0,4.12 18:20:11 31/01/21
0,99.9,2.305,994.14,0.0,4.12 18:25:22 31/01/21
0,99.9,2.3600001,994.0,0.0,4.11 18:30:35 31/01/21
0,99.9,2.37,993.85,0.0,4.11 18:35:48 31/01/21
0,99.9,2.365,993.77,0.0,4.11 18:41:00 31/01/21
0,99.9,2.37,993.69,0.0,4.11 18:46:12 31/01/21
0,99.9,2.37,993.57,0.0,4.11 18:51:24 31/01/21
0,99.9,2.375,993.44,0.0,4.11 18:56:36 31/01/21
0,99.9,2.38,993.41,0.0,4.11 19:01:49 31/01/21
0,99.9,2.385,993.28,0.0,4.11 19:07:01 31/01/21
2,99.9,2.385,993.17,0.0,4.11 19:12:16 31/01/21
3,99.9,2.385,993.04,0.0,4.11 19:17:26 31/01/21
4,99.9,2.395,993.03,0.0,4.11 19:22:38 31/01/21
4,99.9,2.435,992.89,0.0,4.11 19:27:51 31/01/21
4,99.9,2.3899999,992.79,0.0,4.11 19:33:04 31/01/21
4,99.9,2.3899999,992.67,0.0,4.11 19:38:14 31/01/21
4,99.9,2.38,992.59,0.0,4.11 19:43:26 31/01/21
4,99.9,2.375,992.55,0.0,4.11 19:48:41 31/01/21
4,99.9,2.38,992.53,0.0,4.11 19:53:52 31/01/21
4,99.9,2.3899999,992.47,0.0,4.11 19:59:05 31/01/21
3,99.9,2.3899999,992.43,0.0,4.11 20:04:16 31/01/21
4,99.9,2.385,992.39,0.0,4.11 20:09:29 31/01/21
3,99.9,2.38,992.3,0.0,4.11 20:14:40 31/01/21
3,99.9,2.3899999,992.18,0.0,4.11 20:19:55 31/01/21
3,99.9,2.385,992.09,0.0,4.11 20:25:06 31/01/21
3,99.9,2.4,992.08,0.0,4.11 20:30:19 31/01/21
3,99.9,2.4,992.01,0.0,4.11 20:35:31 31/01/21
2,99.9,2.4499998,991.92,0.0,4.11 20:40:43 31/01/21
3,99.9,2.4,991.78,0.0,4.11 20:45:56 31/01/21
2,99.9,2.4499998,991.66,0.0,4.11 20:51:08 31/01/21
1,99.9,2.455,991.52,0.0,4.11 20:56:21 31/01/21
1,99.9,2.46,991.49,0.0,4.11 21:01:33 31/01/21
1,99.9,2.475,991.41,0.0,4.11 21:06:45 31/01/21
1,99.9,2.48,991.34,0.0,4.11 21:11:57 31/01/21
1,99.9,2.4850001,991.22,0.0,4.11 21:17:10 31/01/21
1,99.9,2.54,991.19,0.0,4.11 21:22:22 31/01/21
1,99.9,2.545,991.14,0.0,4.11 21:27:34 31/01/21
1,99.9,2.505,991.08,0.0,4.11 21:32:47 31/01/21
1,99.9,2.555,991.03,0.0,4.1 21:37:59 31/01/21
1,99.9,2.55,990.95,0.0,4.1 21:43:12 31/01/21
1,99.9,2.565,990.86,0.0,4.11 21:48:25 31/01/21
1,99.9,2.57,990.76,0.0,4.11 21:53:36 31/01/21
1,99.9,2.57,990.65,0.0,4.11 21:58:49 31/01/21
0,99.9,2.58,990.64,0.0,4.11 22:03:59 31/01/21
1,99.9,2.58,990.52,0.0,4.11 22:09:14 31/01/21
0,99.9,2.635,990.44,0.0,4.1 22:14:26 31/01/21
0,99.9,2.6,990.37,0.0,4.11 22:19:36 31/01/21
1,99.9,2.65,990.3,0.0,4.1 22:24:55 31/01/21
0,99.9,2.665,990.14,0.0,4.11 22:30:10 31/01/21
1,99.9,2.67,990.07,0.0,4.1 22:35:24 31/01/21
0,99.9,2.675,990.04,0.0,4.11 22:40:36 31/01/21
0,99.9,2.685,989.96,0.0,4.1 22:45:48 31/01/21
0,99.9,2.6799998,989.89,0.0,4.1 22:51:01 31/01/21
0,99.9,2.6799998,989.89,0.0,4.1 22:56:11 31/01/21
0,99.9,2.6799998,989.83,0.0,4.1 23:01:28 31/01/21
0,99.9,2.69,989.76,0.0,4.1 23:06:39 31/01/21
0,99.9,2.74,989.69,0.0,4.1 23:11:49 31/01/21
0,99.9,2.69,989.62,0.0,4.1 23:17:03 31/01/21
0,99.9,2.74,989.6,0.0,4.1 23:22:15 31/01/21
0,99.9,2.69,989.49,0.0,4.1 23:27:28 31/01/21
0,99.9,2.75,989.42,0.0,4.1 23:32:38 31/01/21
0,99.9,2.7,989.36,0.0,4.1 23:37:52 31/01/21
0,99.9,2.6950002,989.36,0.0,4.1 23:43:05 31/01/21
0,99.9,2.75,989.3,0.0,4.1 23:48:16 31/01/21
0,99.9,2.76,989.24,0.0,4.1 23:53:28 31/01/21
0,99.9,2.7649999,989.22,0.0,4.1 23:58:40 31/01/21
