787,79.7,24.869999,1009.82,5.0,3.41 19:44:46 08/08/19
772,81.8,25.075,1009.86,3.79,3.47 19:55:27 08/08/19
733,81.3,24.92,1009.87,4.6,3.5 20:06:06 08/08/19
712,81.5,24.795,1009.81,5.0,3.51 20:16:46 08/08/19
668,81.9,24.7,1009.79,5.0,3.51 20:27:26 08/08/19
618,82.9,24.59,1009.68,4.6,3.5 20:38:04 08/08/19
573,84.0,24.505001,1009.72,4.2,3.49 20:48:47 08/08/19
549,84.2,24.310001,1009.78,3.75,3.47 20:59:26 08/08/19
530,83.9,24.205,1009.76,3.67,3.47 21:04:42 08/08/19
490,84.8,24.154999,1009.71,3.46,3.46 21:09:57 08/08/19
448,84.5,24.060001,1009.7,2.88,3.45 21:15:14 08/08/19
421,84.9,23.96,1009.74,2.49,3.44 21:20:33 08/08/19
390,85.0,23.88,1009.73,2.01,3.43 21:25:51 08/08/19
343,85.3,23.785,1009.76,1.19,3.42 21:31:08 08/08/19
309,85.8,23.705,1009.79,0.58,3.41 21:36:24 08/08/19
285,86.7,23.619999,1009.75,0.26,3.4 21:41:40 08/08/19
255,85.9,23.58,1009.84,0.09,3.39 21:46:56 08/08/19
241,86.8,23.515,1009.91,0.03,3.38 21:52:11 08/08/19
235,86.8,23.485,1009.86,0.01,3.36 21:57:26 08/08/19
228,87.3,23.415,1009.85,0.0,3.35 22:02:40 08/08/19
221,87.4,23.395,1009.89,0.0,3.34 22:07:57 08/08/19
214,86.9,23.315,1009.91,0.0,3.33 22:13:13 08/08/19
213,88.0,23.23,1009.85,0.0,3.32 22:18:28 08/08/19
213,86.5,23.2,1009.81,0.0,3.3 22:23:43 08/08/19
209,87.0,23.105,1009.88,0.0,3.28 22:28:59 08/08/19
205,88.2,23.025,1009.84,0.0,3.26 22:34:19 08/08/19
206,88.2,22.994999,1009.84,0.0,3.24 22:39:39 08/08/19
204,88.5,22.89,1009.71,0.0,3.22 22:44:54 08/08/19
200,87.5,22.810001,1009.66,0.0,3.19 22:50:14 08/08/19
202,88.5,22.720001,1009.64,0.0,3.16 22:55:37 08/08/19
201,87.8,22.69,1009.64,0.0,3.12 23:01:01 08/08/19
198,89.6,22.605,1009.59,0.0,3.07 23:06:21 08/08/19
194,87.8,22.595001,1009.5,0.0,2.97 23:11:37 08/08/19
195,88.1,22.525,1009.52,0.0,2.88 23:16:50 08/08/19
194,89.9,22.5,1009.56,0.0,2.68 23:22:06 08/08/19
