38,99.9,6.15,1012.57,0.0,3.64 00:00:51 01/12/20
39,99.9,6.215,1012.54,0.0,3.64 00:06:04 01/12/20
42,99.9,6.2200003,1012.49,0.0,3.58 00:11:18 01/12/20
44,99.9,6.24,1012.28,0.02,3.64 00:16:31 01/12/20
37,99.9,6.245,1012.16,0.01,3.65 00:21:42 01/12/20
40,99.9,6.24,1012.13,0.0,3.65 00:26:56 01/12/20
46,99.9,6.31,1012.18,0.0,3.64 00:32:15 01/12/20
44,99.9,6.33,1012.17,0.0,3.64 00:37:31 01/12/20
44,99.9,6.355,1012.16,0.0,3.64 00:42:47 01/12/20
45,99.9,6.4300003,1012.13,0.0,3.64 00:47:58 01/12/20
47,99.9,6.455,1012.08,0.0,3.63 00:53:13 01/12/20
41,99.9,6.525,1012.03,0.0,3.63 00:58:21 01/12/20
41,99.9,6.615,1012.0,0.0,3.63 01:03:34 01/12/20
47,99.9,6.705,1011.96,0.0,3.63 01:08:49 01/12/20
44,99.9,6.805,1011.95,0.01,3.63 01:14:01 01/12/20
47,99.9,6.8149996,1011.86,0.01,3.63 01:19:15 01/12/20
46,99.9,6.905,1011.91,0.01,3.62 01:24:27 01/12/20
44,99.9,6.92,1011.9,0.02,3.62 01:29:39 01/12/20
47,99.9,6.9350004,1011.86,0.01,3.62 01:34:53 01/12/20
40,99.9,7.01,1011.86,0.0,3.62 01:40:04 01/12/20
49,99.9,7.04,1011.92,0.0,3.61 01:45:23 01/12/20
41,99.9,7.12,1011.85,0.0,3.61 01:50:39 01/12/20
46,99.9,7.185,1011.84,0.0,3.61 01:55:57 01/12/20
46,99.9,7.2200003,1011.79,0.0,3.6 02:01:16 01/12/20
40,99.9,7.3,1011.84,0.0,3.53 02:06:37 01/12/20
46,99.9,7.25,1011.82,0.0,3.59 02:06:48 01/12/20
44,99.9,7.395,1011.82,0.0,3.53 02:12:03 01/12/20
48,99.9,7.405,1011.87,0.0,3.53 02:17:31 01/12/20
45,99.9,7.4849997,1011.87,0.01,3.51 02:22:58 01/12/20
44,99.9,7.5,1011.93,0.01,3.58 02:28:11 01/12/20
38,99.9,7.5,1011.98,0.0,3.57 02:33:22 01/12/20
47,99.9,7.505,1012.05,0.0,3.57 02:38:37 01/12/20
40,99.9,7.51,1012.1,0.0,3.56 02:43:48 01/12/20
48,99.9,7.5249996,1012.07,0.0,3.55 02:49:03 01/12/20
49,99.9,7.5150003,1011.94,0.0,3.54 02:54:16 01/12/20
49,99.9,7.5,1012.07,0.0,3.54 02:59:29 01/12/20
50,99.9,7.445,1012.1,0.0,3.53 03:04:42 01/12/20
50,99.9,7.435,1012.1,0.0,3.52 03:09:55 01/12/20
51,99.9,7.425,1012.07,0.0,3.51 03:15:08 01/12/20
43,99.9,7.36,1012.14,0.0,3.51 03:20:19 01/12/20
54,99.9,7.34,1012.09,0.0,3.49 03:25:36 01/12/20
51,99.9,7.325,1012.11,0.0,3.49 03:30:47 01/12/20
43,99.9,7.25,1012.05,0.0,3.48 03:35:58 01/12/20
44,99.9,7.23,1012.05,0.0,3.47 03:41:11 01/12/20
52,99.9,7.165,1012.08,0.0,3.45 03:46:26 01/12/20
53,99.9,7.1400003,1012.0,0.0,3.44 03:51:40 01/12/20
47,99.9,7.075,1011.95,0.0,3.43 03:56:52 01/12/20
48,99.9,7.115,1012.01,0.01,3.41 04:02:04 01/12/20
49,99.9,7.04,1011.98,0.0,3.4 04:07:17 01/12/20
49,99.9,7.0299997,1011.97,0.0,3.38 04:12:29 01/12/20
49,99.9,7.02,1012.01,0.0,3.36 04:17:43 01/12/20
50,99.9,6.955,1011.94,0.01,3.36 04:22:55 01/12/20
56,99.9,6.9350004,1011.95,0.01,3.33 04:28:10 01/12/20
56,99.9,6.88,1011.91,0.01,3.32 04:33:23 01/12/20
50,99.9,6.845,1011.85,0.01,3.3 04:38:34 01/12/20
59,99.9,6.835,1011.87,0.0,3.27 04:43:52 01/12/20
53,99.9,6.84,1011.86,0.0,3.25 04:49:01 01/12/20
56,99.9,6.835,1011.81,0.0,3.22 04:54:15 01/12/20
54,99.9,6.85,1011.87,0.0,3.19 04:59:26 01/12/20
57,99.9,6.845,1011.93,0.0,3.15 05:04:40 01/12/20
58,99.9,6.85,1011.88,0.0,3.1 05:09:53 01/12/20
58,99.9,6.855,1011.91,0.0,3.02 05:15:06 01/12/20
58,99.9,6.855,1011.81,0.01,2.86 05:20:19 01/12/20
264,99.9,9.15,1014.78,4.06,3.97 12:46:44 01/12/20
283,99.9,9.315001,1014.74,4.09,4.03 12:52:01 01/12/20
276,99.9,9.265,1014.76,4.16,4.03 12:57:13 01/12/20
261,99.9,9.265,1014.84,4.94,4.02 13:02:29 01/12/20
297,99.9,9.265,1014.75,4.22,4.06 13:07:39 01/12/20
300,99.9,9.255,1014.72,4.84,4.08 13:12:54 01/12/20
277,99.9,9.265,1014.75,5.0,4.07 13:18:08 01/12/20
269,99.9,9.26,1014.78,4.14,4.06 13:23:21 01/12/20
247,99.9,9.245001,1014.82,4.37,4.04 13:28:38 01/12/20
266,99.9,9.17,1014.8,4.1,4.05 13:33:56 01/12/20
251,99.9,9.15,1014.81,4.14,4.06 13:39:10 01/12/20
228,99.9,9.15,1014.72,4.1,4.06 13:44:22 01/12/20
220,99.9,9.094999,1014.73,5.0,4.04 13:49:35 01/12/20
209,99.9,9.08,1014.82,4.18,4.05 13:54:47 01/12/20
222,99.9,9.059999,1014.84,5.0,4.05 14:00:02 01/12/20
222,99.9,9.055,1014.79,4.16,4.06 14:05:15 01/12/20
224,99.9,9.059999,1014.77,4.13,4.07 14:10:28 01/12/20
214,99.9,9.049999,1014.74,4.24,4.06 14:15:41 01/12/20
221,99.9,9.059999,1014.81,5.0,4.07 14:21:01 01/12/20
207,99.9,9.059999,1014.84,4.69,4.06 14:26:18 01/12/20
202,99.9,9.065,1014.9,5.0,4.05 14:31:33 01/12/20
200,99.9,9.055,1014.88,4.18,4.06 14:36:51 01/12/20
218,99.9,9.0,1014.88,4.85,4.06 14:42:05 01/12/20
216,99.9,8.995,1014.93,5.0,4.07 14:47:16 01/12/20
219,99.9,9.055,1015.01,4.15,4.08 14:52:32 01/12/20
217,99.9,9.059999,1014.98,4.96,4.07 14:57:44 01/12/20
208,99.9,9.065,1015.09,5.0,4.09 15:03:01 01/12/20
188,99.9,9.07,1015.09,4.51,4.09 15:08:17 01/12/20
166,99.9,9.07,1015.23,4.15,4.08 15:13:31 01/12/20
160,99.9,9.059999,1015.23,4.58,4.07 15:18:44 01/12/20
158,99.9,8.995,1015.3,4.31,4.06 15:23:59 01/12/20
164,99.9,8.975,1015.34,4.14,4.05 15:29:11 01/12/20
165,99.9,8.97,1015.31,5.0,4.05 15:34:25 01/12/20
166,99.9,8.895,1015.31,4.15,4.06 15:39:40 01/12/20
157,99.9,8.950001,1015.37,5.0,4.04 15:44:52 01/12/20
151,99.9,8.945,1015.38,5.0,4.04 15:50:05 01/12/20
137,99.9,8.940001,1015.51,4.8,4.04 15:55:19 01/12/20
145,99.9,8.889999,1015.45,4.37,4.03 16:00:31 01/12/20
132,99.9,8.875,1015.46,5.0,4.02 16:05:48 01/12/20
122,99.9,8.87,1015.64,5.0,4.02 16:11:06 01/12/20
113,99.9,8.875,1015.59,4.42,4.02 16:16:18 01/12/20
93,99.9,8.85,1015.63,4.64,4.02 16:21:36 01/12/20
59,99.9,8.860001,1015.59,3.8,4.01 16:26:54 01/12/20
49,99.9,8.835,1015.58,3.29,4.01 16:32:07 01/12/20
44,99.9,8.785,1015.52,3.03,4.01 16:37:21 01/12/20
39,99.9,8.775,1015.61,2.88,4.0 16:42:33 01/12/20
31,99.9,8.76,1015.59,2.53,4.0 16:47:48 01/12/20
22,99.9,8.75,1015.56,1.93,4.0 16:53:00 01/12/20
12,99.9,8.74,1015.54,1.1,3.94 16:58:13 01/12/20
6,99.9,8.684999,1015.66,0.44,3.99 17:03:27 01/12/20
4,99.9,8.68,1015.6,0.25,3.99 17:08:40 01/12/20
3,99.9,8.684999,1015.63,0.09,3.99 17:13:53 01/12/20
1,99.9,8.725,1015.7,0.05,3.99 17:19:04 01/12/20
0,99.9,8.665,1015.68,0.02,3.99 17:24:19 01/12/20
0,99.9,8.675,1015.7,0.0,3.98 17:29:33 01/12/20
0,99.9,8.684999,1015.77,0.0,3.98 17:34:46 01/12/20
0,99.9,8.68,1015.72,0.0,3.98 17:39:58 01/12/20
0,99.9,8.684999,1015.85,0.0,3.98 17:45:10 01/12/20
0,99.9,8.73,1015.95,0.0,3.98 17:50:23 01/12/20
0,99.9,8.675,1015.9,0.0,3.97 17:55:38 01/12/20
0,99.9,8.67,1015.94,0.0,3.97 18:00:52 01/12/20
0,99.9,8.67,1015.94,0.0,3.97 18:06:05 01/12/20
0,99.9,8.665,1015.99,0.0,3.96 18:11:33 01/12/20
0,99.9,8.725,1016.07,0.0,3.97 18:16:48 01/12/20
0,99.9,8.715,1016.05,0.0,3.96 18:22:01 01/12/20
0,99.9,8.66,1016.11,0.0,3.96 18:27:18 01/12/20
0,99.9,8.639999,1016.12,0.0,3.96 18:32:36 01/12/20
0,99.9,8.58,1016.12,0.0,3.96 18:37:49 01/12/20
0,99.9,8.55,1016.14,0.0,3.96 18:43:07 01/12/20
0,99.9,8.54,1016.27,0.0,3.96 18:48:22 01/12/20
0,99.9,8.46,1016.26,0.0,3.96 18:53:36 01/12/20
0,99.9,8.455,1016.29,0.0,3.96 18:58:51 01/12/20
0,99.9,8.389999,1016.25,0.0,3.96 19:04:06 01/12/20
0,99.9,8.389999,1016.32,0.0,3.96 19:09:17 01/12/20
0,99.9,8.445,1016.37,0.0,3.96 19:14:30 01/12/20
0,99.9,8.445,1016.45,0.0,3.95 19:19:44 01/12/20
0,99.9,8.46,1016.45,0.0,3.95 19:24:56 01/12/20
0,99.9,8.47,1016.52,0.0,3.95 19:30:09 01/12/20
0,99.9,8.47,1016.59,0.0,3.96 19:35:22 01/12/20
0,99.9,8.47,1016.64,0.0,3.95 19:40:36 01/12/20
0,99.9,8.53,1016.65,0.0,3.95 19:45:49 01/12/20
0,99.9,8.535,1016.68,0.0,3.95 19:51:03 01/12/20
0,99.9,8.535,1016.67,0.0,3.94 19:56:17 01/12/20
0,99.9,8.535,1016.68,0.0,3.95 20:01:28 01/12/20
0,99.9,8.485001,1016.72,0.0,3.95 20:06:42 01/12/20
0,99.9,8.525,1016.78,0.0,3.95 20:11:55 01/12/20
0,99.9,8.53,1016.78,0.0,3.95 20:17:08 01/12/20
0,99.9,8.475,1016.86,0.0,3.94 20:22:22 01/12/20
1,99.9,8.47,1016.96,0.0,3.94 20:27:35 01/12/20
1,99.9,8.455,1016.97,0.0,3.94 20:32:45 01/12/20
1,99.9,8.455,1017.1,0.0,3.94 20:38:00 01/12/20
1,99.9,8.450001,1017.13,0.0,3.94 20:43:14 01/12/20
0,99.9,8.385,1017.14,0.0,3.94 20:48:27 01/12/20
1,99.9,8.375,1017.17,0.0,3.94 20:53:38 01/12/20
0,99.9,8.360001,1017.18,0.0,3.94 20:58:53 01/12/20
0,99.9,8.29,1017.22,0.0,3.94 21:04:06 01/12/20
1,99.9,8.335,1017.28,0.0,3.94 21:09:18 01/12/20
0,99.9,8.275,1017.28,0.0,3.94 21:14:32 01/12/20
0,99.9,8.265,1017.31,0.0,3.93 21:19:45 01/12/20
0,99.9,8.265,1017.39,0.0,3.93 21:25:02 01/12/20
0,99.9,8.25,1017.41,0.0,3.93 21:30:20 01/12/20
1,99.9,8.245,1017.42,0.0,3.93 21:35:31 01/12/20
1,99.9,8.24,1017.54,0.0,3.93 21:40:46 01/12/20
1,99.9,8.18,1017.48,0.0,3.93 21:46:00 01/12/20
0,99.9,8.175,1017.5,0.0,3.93 21:51:13 01/12/20
0,99.9,8.17,1017.51,0.0,3.93 21:56:26 01/12/20
0,99.9,8.165,1017.5,0.0,3.93 22:01:39 01/12/20
1,99.9,8.16,1017.51,0.0,3.93 22:06:53 01/12/20
0,99.9,8.16,1017.54,0.01,3.92 22:12:09 01/12/20
1,99.9,8.155001,1017.62,0.0,3.92 22:17:25 01/12/20
0,99.9,8.155001,1017.62,0.0,3.92 22:22:40 01/12/20
0,99.9,8.145,1017.67,0.0,3.92 22:27:51 01/12/20
1,99.9,8.139999,1017.75,0.0,3.92 22:33:05 01/12/20
0,99.9,8.135,1017.74,0.0,3.92 22:38:17 01/12/20
1,99.9,8.135,1017.83,0.0,3.86 22:43:30 01/12/20
0,99.9,8.13,1017.78,0.0,3.92 22:48:45 01/12/20
0,99.9,8.08,1017.79,0.0,3.92 22:53:58 01/12/20
1,99.9,8.12,1017.76,0.0,3.92 22:59:12 01/12/20
1,99.9,8.07,1017.84,0.0,3.91 23:04:25 01/12/20
1,99.9,8.065,1017.82,0.0,3.91 23:09:36 01/12/20
1,99.9,8.06,1017.87,0.0,3.91 23:14:49 01/12/20
1,99.9,8.065,1017.87,0.0,3.91 23:20:05 01/12/20
1,99.9,8.06,1017.97,0.0,3.91 23:25:16 01/12/20
0,99.9,8.055,1018.0,0.0,3.91 23:30:30 01/12/20
1,99.9,8.055,1018.06,0.0,3.91 23:35:41 01/12/20
1,99.9,8.05,1018.1,0.0,3.91 23:40:56 01/12/20
0,99.9,8.045,1018.07,0.0,3.9 23:46:12 01/12/20
0,99.9,8.045,1018.03,0.0,3.91 23:51:23 01/12/20
0,99.9,8.045,1018.07,0.0,3.91 23:56:37 01/12/20
