0,99.9,8.045,1018.05,0.0,3.91 00:01:49 02/12/20
0,99.9,8.04,1018.06,0.0,3.9 00:07:06 02/12/20
0,99.9,8.035,1017.97,0.0,3.9 00:12:22 02/12/20
1,99.9,8.035,1017.98,0.0,3.9 00:17:36 02/12/20
1,99.9,7.98,1018.05,0.0,3.9 00:22:50 02/12/20
0,99.9,7.98,1017.97,0.0,3.9 00:28:02 02/12/20
1,99.9,7.9700003,1018.04,0.0,3.9 00:33:18 02/12/20
1,99.9,7.965,1018.01,0.0,3.84 00:38:45 02/12/20
0,99.9,8.02,1017.93,0.0,3.87 00:43:59 02/12/20
1,99.9,7.965,1017.97,0.0,3.9 00:49:12 02/12/20
1,99.9,7.9500003,1017.88,0.0,3.91 00:54:24 02/12/20
0,99.9,7.875,1017.93,0.0,3.9 00:59:39 02/12/20
1,99.9,7.87,1018.02,0.0,3.9 01:04:51 02/12/20
1,99.9,7.86,1018.01,0.0,3.9 01:10:02 02/12/20
1,99.9,7.795,1018.05,0.0,3.9 01:15:17 02/12/20
1,99.9,7.83,1017.98,0.0,3.9 01:20:29 02/12/20
0,99.9,7.7699995,1017.95,0.0,3.89 01:25:43 02/12/20
1,99.9,7.7650003,1017.95,0.0,3.9 01:30:56 02/12/20
1,99.9,7.76,1017.89,0.0,3.9 01:36:10 02/12/20
0,99.9,7.75,1017.87,0.0,3.89 01:41:23 02/12/20
1,99.9,7.685,1017.84,0.0,3.89 01:46:35 02/12/20
1,99.9,7.68,1017.88,0.0,3.89 01:51:49 02/12/20
1,99.9,7.675,1017.9,0.0,3.89 01:57:00 02/12/20
1,99.9,7.665,1017.86,0.0,3.89 02:02:13 02/12/20
1,99.9,7.66,1017.89,0.0,3.89 02:07:32 02/12/20
1,99.9,7.655,1017.89,0.0,3.9 02:12:47 02/12/20
1,99.9,7.65,1017.86,0.0,3.89 02:18:02 02/12/20
1,99.9,7.635,1017.9,0.0,3.89 02:23:15 02/12/20
1,99.9,7.575,1017.94,0.0,3.89 02:28:27 02/12/20
1,99.9,7.58,1017.93,0.0,3.84 02:33:49 02/12/20
0,99.9,7.63,1017.98,0.0,3.83 02:39:03 02/12/20
1,99.9,7.5649996,1017.94,0.0,3.89 02:44:16 02/12/20
1,99.9,7.5550003,1017.86,0.0,3.89 02:49:29 02/12/20
1,99.9,7.545,1017.94,0.0,3.89 02:54:43 02/12/20
1,99.9,7.545,1017.97,0.0,3.89 02:59:54 02/12/20
1,99.9,7.54,1018.03,0.0,3.89 03:05:09 02/12/20
1,99.9,7.485,1018.08,0.0,3.89 03:10:20 02/12/20
1,99.9,7.48,1018.1,0.0,3.89 03:15:35 02/12/20
1,99.9,7.48,1018.1,0.0,3.89 03:20:46 02/12/20
1,99.9,7.475,1017.97,0.0,3.89 03:26:01 02/12/20
1,99.9,7.4700003,1017.92,0.0,3.89 03:31:12 02/12/20
0,99.9,7.46,1017.9,0.0,3.89 03:36:30 02/12/20
0,99.9,7.465,1017.93,0.0,3.88 03:41:51 02/12/20
1,99.9,7.46,1017.9,0.0,3.89 03:47:08 02/12/20
1,99.9,7.4500003,1017.92,0.0,3.89 03:52:23 02/12/20
1,99.9,7.445,1017.91,0.0,3.88 03:57:36 02/12/20
1,99.9,7.39,1017.93,0.0,3.88 04:02:49 02/12/20
1,99.9,7.425,1017.85,0.0,3.88 04:08:00 02/12/20
1,99.9,7.375,1017.9,0.0,3.88 04:13:15 02/12/20
1,99.9,7.425,1017.87,0.0,3.88 04:18:26 02/12/20
1,99.9,7.365,1017.85,0.0,3.88 04:23:41 02/12/20
1,99.9,7.365,1017.79,0.0,3.89 04:28:52 02/12/20
1,99.9,7.365,1017.75,0.0,3.88 04:34:11 02/12/20
1,99.9,7.36,1017.66,0.0,3.88 04:39:27 02/12/20
1,99.9,7.35,1017.64,0.0,3.88 04:44:40 02/12/20
1,99.9,7.345,1017.63,0.0,3.88 04:49:53 02/12/20
1,99.9,7.34,1017.59,0.0,3.88 04:55:06 02/12/20
1,99.9,7.285,1017.57,0.0,3.88 05:00:24 02/12/20
1,99.9,7.2799997,1017.53,0.0,3.88 05:05:42 02/12/20
1,99.9,7.325,1017.49,0.0,3.88 05:10:55 02/12/20
0,99.9,7.265,1017.55,0.0,3.88 05:16:08 02/12/20
1,99.9,7.27,1017.56,0.0,3.88 05:21:29 02/12/20
1,99.9,7.3199997,1017.52,0.0,3.88 05:26:41 02/12/20
1,99.9,7.27,1017.49,0.0,3.88 05:31:58 02/12/20
1,99.9,7.26,1017.51,0.0,3.88 05:37:17 02/12/20
1,99.9,7.26,1017.45,0.0,3.88 05:42:30 02/12/20
1,99.9,7.26,1017.42,0.0,3.88 05:47:43 02/12/20
2,99.9,7.26,1017.33,0.0,3.88 05:52:54 02/12/20
1,99.9,7.25,1017.35,0.0,3.88 05:58:07 02/12/20
1,99.9,7.25,1017.37,0.0,3.88 06:03:21 02/12/20
2,99.9,7.25,1017.31,0.0,3.88 06:08:32 02/12/20
2,99.9,7.255,1017.3,0.0,3.87 06:13:47 02/12/20
2,99.9,7.25,1017.25,0.0,3.88 06:18:58 02/12/20
2,99.9,7.25,1017.21,0.0,3.87 06:24:11 02/12/20
2,99.9,7.245,1017.11,0.0,3.87 06:29:29 02/12/20
3,99.9,7.24,1017.12,0.0,3.81 06:34:56 02/12/20
3,99.9,7.255,1017.1,0.0,3.88 06:40:07 02/12/20
13,99.9,7.24,1017.1,0.0,3.88 06:45:22 02/12/20
15,99.9,7.24,1017.21,0.0,3.87 06:50:37 02/12/20
15,99.9,7.2349997,1017.22,0.0,3.88 06:55:51 02/12/20
30,99.9,7.24,1017.18,0.0,3.87 07:01:10 02/12/20
35,99.9,7.1800003,1017.07,0.0,3.87 07:06:23 02/12/20
43,99.9,7.1800003,1017.0,0.0,3.87 07:11:36 02/12/20
43,99.9,7.175,1017.02,0.0,3.87 07:16:46 02/12/20
49,99.9,7.175,1017.02,0.01,3.87 07:22:01 02/12/20
51,99.9,7.17,1016.97,0.01,3.87 07:27:14 02/12/20
50,99.9,7.17,1017.03,0.01,3.87 07:32:28 02/12/20
50,99.9,7.165,1016.91,0.02,3.87 07:37:45 02/12/20
47,99.9,7.17,1016.93,0.03,3.87 07:43:01 02/12/20
48,99.9,7.16,1016.96,0.07,3.87 07:48:14 02/12/20
49,99.9,7.165,1016.96,0.19,3.87 07:53:26 02/12/20
46,99.9,7.1549997,1016.94,0.43,3.87 07:58:38 02/12/20
49,99.9,7.1549997,1016.9,0.84,3.87 08:03:51 02/12/20
60,99.9,7.1549997,1016.88,1.39,3.87 08:09:06 02/12/20
68,99.9,7.1549997,1016.83,2.05,3.87 08:14:19 02/12/20
79,99.9,7.15,1016.83,2.5,3.86 08:19:34 02/12/20
81,99.9,7.15,1016.78,2.75,3.86 08:24:48 02/12/20
87,99.9,7.15,1016.81,3.12,3.86 08:29:58 02/12/20
102,99.9,7.15,1016.85,3.38,3.86 08:35:16 02/12/20
106,99.9,7.1549997,1016.87,3.74,3.86 08:40:34 02/12/20
103,99.9,7.1549997,1016.88,3.87,3.86 08:45:46 02/12/20
108,99.9,7.15,1016.89,3.93,3.87 08:50:58 02/12/20
115,99.9,7.15,1016.87,3.96,3.87 08:56:11 02/12/20
127,99.9,7.15,1016.89,4.05,3.86 09:01:24 02/12/20
128,99.9,7.1549997,1016.84,4.11,3.87 09:06:36 02/12/20
136,99.9,7.1549997,1016.78,4.28,3.87 09:11:52 02/12/20
144,99.9,7.16,1016.71,4.4,3.86 09:17:03 02/12/20
148,99.9,7.16,1016.71,4.14,3.86 09:22:15 02/12/20
161,99.9,7.16,1016.72,4.65,3.86 09:27:31 02/12/20
158,99.9,7.225,1016.71,4.58,3.86 09:32:41 02/12/20
161,99.9,7.175,1016.69,4.76,3.86 09:37:55 02/12/20
167,99.9,7.23,1016.63,4.35,3.87 09:43:08 02/12/20
166,99.9,7.2349997,1016.69,4.82,3.86 09:48:21 02/12/20
163,99.9,7.185,1016.55,4.62,3.87 09:53:32 02/12/20
173,99.9,7.185,1016.47,4.05,3.86 09:58:47 02/12/20
173,99.9,7.24,1016.43,4.77,3.86 10:04:00 02/12/20
178,99.9,7.24,1016.39,4.97,3.86 10:09:13 02/12/20
173,99.9,7.25,1016.41,4.63,3.86 10:14:26 02/12/20
171,99.9,7.25,1016.27,4.75,3.8 10:19:38 02/12/20
173,99.9,7.25,1016.31,4.66,3.86 10:24:53 02/12/20
174,99.9,7.255,1016.32,3.92,3.86 10:30:06 02/12/20
170,99.9,7.255,1016.34,4.78,3.86 10:35:19 02/12/20
175,99.9,7.26,1016.21,4.13,3.86 10:40:35 02/12/20
186,99.9,7.26,1016.15,5.0,3.86 10:45:56 02/12/20
180,99.9,7.27,1016.12,4.95,3.86 10:51:13 02/12/20
180,99.9,7.33,1016.09,4.38,3.86 10:56:28 02/12/20
178,99.9,7.2799997,1015.96,4.74,3.86 11:01:39 02/12/20
181,99.9,7.285,1016.03,3.99,3.85 11:06:52 02/12/20
195,99.9,7.34,1015.98,4.24,3.86 11:12:09 02/12/20
194,99.9,7.345,1015.97,4.64,3.86 11:17:19 02/12/20
198,99.9,7.345,1015.76,5.0,3.86 11:22:32 02/12/20
190,99.9,7.35,1015.7,4.2,3.86 11:27:43 02/12/20
203,99.9,7.355,1015.56,5.0,3.86 11:32:56 02/12/20
222,99.9,7.355,1015.54,4.03,3.86 11:38:12 02/12/20
226,99.9,7.37,1015.49,5.0,3.86 11:43:25 02/12/20
221,99.9,7.375,1015.43,4.0,3.87 11:48:40 02/12/20
226,99.9,7.44,1015.38,5.0,3.86 11:54:04 02/12/20
243,99.9,7.455,1015.32,4.31,3.86 11:59:25 02/12/20
225,99.9,7.46,1015.2,3.92,3.87 12:04:41 02/12/20
234,99.9,7.465,1015.07,4.41,3.87 12:09:54 02/12/20
253,99.9,7.465,1015.04,4.82,3.87 12:15:09 02/12/20
232,99.9,7.475,1014.9,3.95,3.87 12:20:20 02/12/20
227,99.9,7.5299997,1014.86,4.61,3.8 12:25:33 02/12/20
225,99.9,7.48,1014.77,4.89,3.87 12:30:50 02/12/20
228,99.9,7.545,1014.73,5.0,3.86 12:36:16 02/12/20
209,99.9,7.545,1014.68,4.85,3.86 12:41:28 02/12/20
212,99.9,7.535,1014.67,4.09,3.87 12:46:42 02/12/20
232,99.9,7.5299997,1014.6,4.46,3.86 12:51:56 02/12/20
228,99.9,7.535,1014.54,5.0,3.87 12:57:09 02/12/20
220,99.9,7.54,1014.46,5.0,3.87 13:02:20 02/12/20
232,99.9,7.54,1014.31,5.0,3.87 13:07:35 02/12/20
223,99.9,7.55,1014.3,4.14,3.87 13:12:48 02/12/20
229,99.9,7.545,1014.16,4.46,3.87 13:18:01 02/12/20
230,99.9,7.5550003,1014.15,5.0,3.87 13:23:18 02/12/20
232,99.9,7.5600004,1014.03,3.96,3.87 13:28:38 02/12/20
221,99.9,7.5600004,1013.95,4.93,3.87 13:33:57 02/12/20
204,99.9,7.5550003,1013.85,4.21,3.86 13:39:14 02/12/20
199,99.9,7.5600004,1013.84,4.66,3.86 13:44:31 02/12/20
200,99.9,7.55,1013.76,5.0,3.86 13:49:42 02/12/20
204,99.9,7.5,1013.68,4.41,3.86 13:54:57 02/12/20
218,99.9,7.54,1013.68,4.97,3.87 14:00:09 02/12/20
224,99.9,7.535,1013.66,5.0,3.87 14:05:22 02/12/20
222,99.9,7.48,1013.54,3.93,3.87 14:10:35 02/12/20
231,99.9,7.48,1013.5,4.91,3.87 14:15:49 02/12/20
227,99.9,7.485,1013.33,5.0,3.86 14:21:01 02/12/20
231,99.9,7.54,1013.35,5.0,3.86 14:26:14 02/12/20
238,99.9,7.55,1013.32,4.21,3.82 14:31:33 02/12/20
222,99.9,7.5600004,1013.2,5.0,3.81 14:36:50 02/12/20
233,99.9,7.615,1013.13,4.04,3.88 14:42:03 02/12/20
244,99.9,7.575,1013.07,5.0,3.87 14:47:16 02/12/20
230,99.9,7.63,1012.99,5.0,3.87 14:52:29 02/12/20
229,99.9,7.59,1012.93,5.0,3.87 14:57:47 02/12/20
209,99.9,7.635,1012.94,5.0,3.87 15:03:03 02/12/20
205,99.9,7.635,1012.95,5.0,3.87 15:08:17 02/12/20
206,99.9,7.58,1012.93,3.98,3.86 15:13:33 02/12/20
196,99.9,7.635,1012.91,4.54,3.87 15:18:52 02/12/20
171,99.9,7.635,1012.91,4.92,3.86 15:24:03 02/12/20
144,99.9,7.575,1012.89,4.07,3.85 15:29:18 02/12/20
130,99.9,7.5600004,1012.84,3.99,3.85 15:34:29 02/12/20
133,99.9,7.5550003,1012.8,3.97,3.85 15:39:44 02/12/20
129,99.9,7.55,1012.83,3.91,3.85 15:45:00 02/12/20
121,99.9,7.545,1012.75,3.93,3.85 15:50:20 02/12/20
116,99.9,7.54,1012.6,3.93,3.85 15:55:29 02/12/20
116,99.9,7.5249996,1012.59,3.92,3.85 16:00:44 02/12/20
99,99.9,7.4700003,1012.66,3.82,3.85 16:05:55 02/12/20
91,99.9,7.455,1012.63,3.65,3.84 16:11:08 02/12/20
97,99.9,7.455,1012.65,3.63,3.84 16:16:21 02/12/20
94,99.9,7.44,1012.59,3.4,3.84 16:21:34 02/12/20
85,99.9,7.4300003,1012.48,2.84,3.84 16:26:49 02/12/20
81,99.9,7.37,1012.36,2.63,3.78 16:32:02 02/12/20
73,99.9,7.36,1012.33,2.32,3.84 16:37:15 02/12/20
64,99.9,7.35,1012.19,1.88,3.84 16:42:28 02/12/20
54,99.9,7.29,1012.07,1.32,3.84 16:47:44 02/12/20
50,99.9,7.265,1012.03,0.9,3.84 16:53:03 02/12/20
48,99.9,7.255,1011.91,0.75,3.84 16:58:16 02/12/20
45,99.9,7.24,1011.87,0.43,3.83 17:03:29 02/12/20
41,99.9,7.1800003,1011.86,0.17,3.83 17:08:42 02/12/20
40,99.9,7.165,1011.89,0.06,3.83 17:13:55 02/12/20
42,99.9,7.1549997,1011.77,0.03,3.83 17:19:08 02/12/20
43,99.9,7.145,1011.75,0.01,3.83 17:24:21 02/12/20
45,99.9,7.1400003,1011.72,0.0,3.83 17:29:33 02/12/20
45,99.9,7.12,1011.69,0.0,3.83 17:34:46 02/12/20
46,99.9,7.0550003,1011.63,0.0,3.83 17:39:59 02/12/20
48,99.9,7.04,1011.49,0.0,3.83 17:45:10 02/12/20
50,99.9,6.9700003,1011.43,0.0,3.83 17:50:25 02/12/20
49,99.9,6.955,1011.41,0.0,3.83 17:55:36 02/12/20
51,99.9,6.89,1011.5,0.0,3.82 18:00:51 02/12/20
51,99.9,6.87,1011.42,0.0,3.82 18:06:03 02/12/20
51,99.9,6.855,1011.42,0.0,3.82 18:11:16 02/12/20
52,99.9,6.7799997,1011.47,0.0,3.82 18:16:30 02/12/20
53,99.9,6.755,1011.59,0.0,3.77 18:21:49 02/12/20
50,99.9,6.745,1011.55,0.0,3.76 18:27:15 02/12/20
51,99.9,6.725,1011.54,0.0,3.75 18:32:32 02/12/20
52,99.9,6.645,1011.42,0.0,3.81 18:37:50 02/12/20
50,99.9,6.565,1011.31,0.0,3.81 18:43:06 02/12/20
51,99.9,6.54,1011.24,0.0,3.81 18:48:19 02/12/20
54,99.9,6.465,1011.15,0.0,3.81 18:53:34 02/12/20
53,99.9,6.44,1011.17,0.0,3.81 18:58:51 02/12/20
53,99.9,6.37,1011.05,0.0,3.81 19:04:08 02/12/20
54,99.9,6.295,1011.01,0.0,3.81 19:09:21 02/12/20
53,99.9,6.26,1010.95,0.0,3.81 19:14:34 02/12/20
51,99.9,6.175,1010.78,0.0,3.81 19:19:46 02/12/20
53,99.9,6.09,1010.78,0.0,3.81 19:24:59 02/12/20
47,99.9,6.0550003,1010.69,0.0,3.81 19:30:10 02/12/20
54,99.9,5.9700003,1010.76,0.0,3.8 19:35:26 02/12/20
49,99.9,5.9300003,1010.6,0.0,3.8 19:40:36 02/12/20
51,99.9,5.8599997,1010.67,0.0,3.8 19:45:50 02/12/20
51,99.9,5.785,1010.61,0.0,3.8 19:51:05 02/12/20
53,99.9,5.76,1010.54,0.0,3.8 19:56:16 02/12/20
53,99.9,5.74,1010.49,0.0,3.8 20:01:30 02/12/20
54,99.9,5.73,1010.5,0.0,3.79 20:06:42 02/12/20
55,99.9,5.6800003,1010.52,0.0,3.79 20:11:58 02/12/20
53,99.9,5.6800003,1010.49,0.0,3.79 20:17:07 02/12/20
52,99.9,5.6800003,1010.44,0.0,3.79 20:22:20 02/12/20
53,99.9,5.69,1010.4,0.0,3.73 20:27:42 02/12/20
45,99.9,5.765,1010.37,0.0,3.79 20:32:52 02/12/20
53,99.9,5.825,1010.26,0.0,3.79 20:38:08 02/12/20
53,99.9,5.84,1010.22,0.0,3.79 20:43:20 02/12/20
55,99.9,5.8599997,1010.14,0.0,3.78 20:48:37 02/12/20
52,99.9,5.87,1010.02,0.0,3.79 20:53:55 02/12/20
52,99.9,5.945,1009.97,0.0,3.78 20:59:07 02/12/20
54,99.9,5.955,1009.94,0.0,3.78 21:04:20 02/12/20
52,99.9,5.9700003,1009.86,0.0,3.78 21:09:33 02/12/20
46,99.9,5.98,1009.79,0.0,3.78 21:14:43 02/12/20
53,99.9,5.98,1009.75,0.0,3.78 21:19:59 02/12/20
53,99.9,6.04,1009.66,0.0,3.78 21:25:11 02/12/20
53,99.9,6.04,1009.65,0.0,3.78 21:30:24 02/12/20
55,99.9,6.0299997,1009.59,0.0,3.77 21:35:38 02/12/20
54,99.9,6.035,1009.58,0.0,3.78 21:40:51 02/12/20
54,99.9,6.04,1009.51,0.0,3.78 21:46:04 02/12/20
52,99.9,6.0299997,1009.45,0.0,3.78 21:51:16 02/12/20
52,99.9,5.9750004,1009.4,0.0,3.77 21:56:28 02/12/20
47,99.9,6.0299997,1009.29,0.0,3.77 22:01:39 02/12/20
53,99.9,6.035,1009.17,0.0,3.77 22:06:55 02/12/20
52,99.9,6.05,1009.07,0.0,3.77 22:12:07 02/12/20
52,99.9,6.0550003,1009.07,0.0,3.76 22:17:19 02/12/20
54,99.9,6.06,1009.03,0.0,3.76 22:22:37 02/12/20
49,99.9,6.06,1008.93,0.0,3.77 22:27:53 02/12/20
51,99.9,6.0699997,1008.91,0.0,3.76 22:33:08 02/12/20
52,99.9,6.0699997,1008.81,0.0,3.76 22:38:19 02/12/20
48,99.9,6.075,1008.8,0.0,3.76 22:43:31 02/12/20
53,99.9,6.08,1008.78,0.0,3.76 22:48:45 02/12/20
53,99.9,6.09,1008.48,0.0,3.76 22:53:58 02/12/20
55,99.9,6.15,1008.49,0.0,3.75 22:59:19 02/12/20
47,99.9,6.16,1008.37,0.0,3.76 23:04:30 02/12/20
52,99.9,6.165,1008.27,0.0,3.76 23:09:45 02/12/20
52,99.9,6.175,1008.24,0.0,3.75 23:14:58 02/12/20
52,99.9,6.1800003,1008.16,0.0,3.76 23:20:11 02/12/20
52,99.9,6.1800003,1008.1,0.0,3.75 23:25:23 02/12/20
52,99.9,6.1800003,1008.12,0.0,3.75 23:30:36 02/12/20
53,99.9,6.17,1008.16,0.0,3.75 23:35:50 02/12/20
47,99.9,6.16,1008.14,0.0,3.75 23:41:02 02/12/20
53,99.9,6.15,1008.08,0.0,3.75 23:46:15 02/12/20
48,99.9,6.135,1008.12,0.0,3.75 23:51:26 02/12/20
50,99.9,6.085,1008.02,0.0,3.75 23:56:40 02/12/20
