55,99.9,2.325,997.35,0.0,3.85 00:04:33 07/12/20
49,99.9,2.3400002,997.34,0.0,3.86 00:09:44 07/12/20
47,99.9,2.35,997.49,0.0,3.86 00:14:54 07/12/20
51,99.9,2.35,997.44,0.0,3.85 00:20:07 07/12/20
54,99.9,2.35,997.28,0.0,3.86 00:25:22 07/12/20
47,99.9,2.3600001,997.24,0.0,3.86 00:30:31 07/12/20
54,99.9,2.365,997.1,0.0,3.86 00:35:47 07/12/20
51,99.9,2.4099998,997.01,0.0,3.86 00:40:58 07/12/20
55,99.9,2.355,996.97,0.0,3.86 00:46:13 07/12/20
44,99.9,2.3600001,996.99,0.0,3.85 00:51:28 07/12/20
52,99.9,2.355,997.03,0.0,3.85 00:56:43 07/12/20
45,99.9,2.345,997.02,0.0,3.85 01:01:53 07/12/20
48,99.9,2.33,996.76,0.0,3.86 01:07:07 07/12/20
46,99.9,2.335,996.78,0.0,3.85 01:12:18 07/12/20
48,99.9,2.335,996.72,0.0,3.85 01:17:32 07/12/20
45,99.9,2.335,996.7,0.0,3.85 01:22:43 07/12/20
41,99.9,2.325,996.68,0.0,3.85 01:27:55 07/12/20
46,99.9,2.325,996.76,0.0,3.85 01:33:10 07/12/20
47,99.9,2.33,996.73,0.0,3.85 01:38:27 07/12/20
42,99.9,2.33,996.72,0.0,3.85 01:43:41 07/12/20
46,99.9,2.335,996.69,0.0,3.85 01:48:55 07/12/20
45,99.9,2.335,996.67,0.0,3.85 01:54:14 07/12/20
38,99.9,2.345,996.65,0.0,3.85 01:59:28 07/12/20
39,99.9,2.3600001,996.55,0.0,3.85 02:04:41 07/12/20
37,99.9,2.355,996.43,0.0,3.85 02:09:54 07/12/20
37,99.9,2.365,996.41,0.0,3.85 02:15:09 07/12/20
27,99.9,2.42,996.27,0.0,3.85 02:20:16 07/12/20
27,99.9,2.365,996.31,0.0,3.82 02:25:33 07/12/20
25,99.9,2.425,996.22,0.0,3.85 02:30:44 07/12/20
23,99.9,2.42,996.14,0.0,3.85 02:35:55 07/12/20
24,99.9,2.425,996.08,0.0,3.85 02:41:08 07/12/20
18,99.9,2.425,996.16,0.0,3.85 02:46:18 07/12/20
20,99.9,2.37,996.17,0.0,3.85 02:51:31 07/12/20
24,99.9,2.42,996.19,0.0,3.85 02:56:46 07/12/20
21,99.9,2.425,996.21,0.0,3.85 03:01:56 07/12/20
20,99.9,2.38,996.17,0.0,3.85 03:07:08 07/12/20
24,99.9,2.4299998,996.18,0.0,3.85 03:12:22 07/12/20
25,99.9,2.4299998,996.22,0.0,3.85 03:17:35 07/12/20
25,99.9,2.435,996.2,0.0,3.85 03:22:47 07/12/20
25,99.9,2.435,996.17,0.0,3.84 03:28:00 07/12/20
26,99.9,2.445,996.23,0.0,3.85 03:33:13 07/12/20
23,99.9,2.44,996.22,0.0,3.84 03:38:23 07/12/20
26,99.9,2.445,996.08,0.0,3.85 03:43:37 07/12/20
36,99.9,2.455,995.96,0.0,3.85 03:48:47 07/12/20
48,99.9,2.46,995.97,0.0,3.84 03:54:02 07/12/20
45,99.9,2.52,995.94,0.0,3.84 03:59:13 07/12/20
50,99.9,2.475,995.96,0.0,3.84 04:04:27 07/12/20
47,99.9,2.53,995.89,0.0,3.84 04:09:38 07/12/20
44,99.9,2.535,995.7,0.0,3.84 04:14:49 07/12/20
53,99.9,2.54,995.64,0.0,3.85 04:20:04 07/12/20
55,99.9,2.545,995.74,0.0,3.84 04:25:20 07/12/20
46,99.9,2.55,995.6,0.0,3.84 04:30:36 07/12/20
51,99.9,2.545,995.46,0.0,3.84 04:35:49 07/12/20
51,99.9,2.555,995.49,0.0,3.84 04:41:02 07/12/20
50,99.9,2.555,995.56,0.0,3.84 04:46:14 07/12/20
50,99.9,2.555,995.7,0.0,3.84 04:51:27 07/12/20
42,99.9,2.545,995.71,0.0,3.84 04:56:37 07/12/20
45,99.9,2.545,995.75,0.0,3.84 05:01:50 07/12/20
50,99.9,2.55,995.88,0.0,3.84 05:07:05 07/12/20
47,99.9,2.55,995.85,0.0,3.84 05:12:16 07/12/20
53,99.9,2.55,995.79,0.0,3.84 05:17:34 07/12/20
52,99.9,2.555,995.67,0.0,3.84 05:22:54 07/12/20
48,99.9,2.555,995.67,0.0,3.84 05:28:11 07/12/20
43,99.9,2.555,995.68,0.0,3.84 05:33:22 07/12/20
50,99.9,2.55,995.67,0.0,3.84 05:38:38 07/12/20
43,99.9,2.55,995.65,0.0,3.84 05:43:47 07/12/20
48,99.9,2.55,995.62,0.0,3.84 05:49:01 07/12/20
49,99.9,2.55,995.54,0.0,3.84 05:54:13 07/12/20
45,99.9,2.55,995.56,0.0,3.84 05:59:24 07/12/20
51,99.9,2.55,995.51,0.0,3.84 06:04:41 07/12/20
47,99.9,2.55,995.46,0.0,3.81 06:09:50 07/12/20
48,99.9,2.56,995.45,0.0,3.84 06:15:03 07/12/20
39,99.9,2.565,995.43,0.0,3.84 06:20:13 07/12/20
45,99.9,2.565,995.45,0.0,3.84 06:25:27 07/12/20
48,99.9,2.56,995.36,0.0,3.84 06:30:41 07/12/20
44,99.9,2.565,995.32,0.0,3.83 06:35:51 07/12/20
48,99.9,2.565,995.28,0.0,3.83 06:41:05 07/12/20
44,99.9,2.625,995.29,0.0,3.83 06:46:16 07/12/20
48,99.9,2.62,995.37,0.0,3.83 06:51:30 07/12/20
39,99.9,2.625,995.41,0.0,3.83 06:56:40 07/12/20
49,99.9,2.63,995.46,0.0,3.83 07:01:55 07/12/20
43,99.9,2.63,995.5,0.0,3.83 07:07:06 07/12/20
45,99.9,2.63,995.51,0.0,3.83 07:12:19 07/12/20
50,99.9,2.635,995.52,0.0,3.84 07:17:33 07/12/20
49,99.9,2.63,995.43,0.0,3.83 07:22:44 07/12/20
54,99.9,2.635,995.5,0.0,3.83 07:28:02 07/12/20
49,99.9,2.6399999,995.52,0.01,3.83 07:33:18 07/12/20
48,99.9,2.635,995.58,0.02,3.83 07:38:30 07/12/20
43,99.9,2.63,995.55,0.04,3.83 07:43:41 07/12/20
49,99.9,2.575,995.48,0.09,3.83 07:48:55 07/12/20
57,99.9,2.565,995.58,0.23,3.83 07:54:12 07/12/20
48,99.9,2.565,995.63,0.66,3.83 07:59:28 07/12/20
63,99.9,2.55,995.7,1.13,3.83 08:04:46 07/12/20
52,99.9,2.555,995.66,1.69,3.83 08:10:00 07/12/20
65,99.9,2.545,995.72,2.27,3.8 08:15:14 07/12/20
70,99.9,2.545,995.86,2.59,3.83 08:20:27 07/12/20
85,99.9,2.53,995.89,3.04,3.83 08:25:44 07/12/20
81,99.9,2.535,995.9,3.41,3.83 08:31:01 07/12/20
88,99.9,2.4650002,995.82,3.91,3.83 08:36:13 07/12/20
81,99.9,2.455,995.83,3.91,3.83 08:41:23 07/12/20
91,99.9,2.445,995.91,4.12,3.83 08:46:37 07/12/20
96,99.9,2.44,995.94,4.33,3.83 08:51:48 07/12/20
112,99.9,2.445,995.99,4.38,3.83 08:57:03 07/12/20
111,99.9,2.385,996.07,4.91,3.83 09:02:14 07/12/20
126,99.9,2.435,996.09,4.0,3.83 09:07:26 07/12/20
140,99.9,2.445,996.03,4.14,3.83 09:12:38 07/12/20
149,99.9,2.46,996.07,3.91,3.83 09:17:52 07/12/20
146,99.9,2.455,996.17,5.0,3.83 09:23:04 07/12/20
147,99.9,2.47,996.23,4.96,3.83 09:28:16 07/12/20
155,99.9,2.4850001,996.39,3.92,3.83 09:33:30 07/12/20
159,99.9,2.49,996.37,4.55,3.83 09:38:41 07/12/20
161,99.9,2.545,996.38,4.01,3.83 09:43:54 07/12/20
153,99.9,2.555,996.4,5.0,3.83 09:49:04 07/12/20
155,99.9,2.55,996.47,5.0,3.83 09:54:17 07/12/20
167,99.9,2.56,996.47,4.18,3.84 09:59:30 07/12/20
180,99.9,2.57,996.54,5.0,3.8 10:04:48 07/12/20
178,99.9,2.6399999,996.63,5.0,3.8 10:10:14 07/12/20
192,99.9,2.665,996.66,3.9,3.84 10:15:28 07/12/20
195,99.9,2.675,996.69,3.96,3.84 10:20:44 07/12/20
217,99.9,2.685,996.7,5.0,3.84 10:25:57 07/12/20
219,99.9,2.745,996.75,4.01,3.85 10:31:09 07/12/20
227,99.9,2.76,996.7,3.95,3.85 10:36:23 07/12/20
233,99.9,2.795,996.81,3.92,3.85 10:41:37 07/12/20
221,99.9,2.875,996.83,4.8,3.84 10:46:48 07/12/20
226,99.9,2.955,996.79,5.0,3.84 10:52:02 07/12/20
221,99.9,3.035,996.78,4.0,3.85 10:57:13 07/12/20
242,99.9,3.06,996.69,3.96,3.85 11:02:24 07/12/20
245,99.9,3.075,996.67,4.47,3.86 11:07:38 07/12/20
263,99.9,3.155,996.64,5.0,3.87 11:12:54 07/12/20
252,99.9,3.185,996.67,4.78,3.87 11:18:02 07/12/20
237,99.9,3.26,996.71,4.21,3.87 11:23:14 07/12/20
248,99.9,3.2849998,996.68,4.33,3.87 11:28:27 07/12/20
236,99.9,3.35,996.73,4.39,3.86 11:33:41 07/12/20
244,99.9,3.37,996.8,5.0,3.87 11:38:52 07/12/20
190,99.9,6.025,996.9,3.91,3.82 15:36:59 07/12/20
203,99.9,6.255,996.95,4.36,3.81 15:37:53 07/12/20
52,99.9,4.37,997.64,0.0,3.76 17:48:25 07/12/20
45,99.9,4.025,997.78,0.0,3.76 18:10:30 07/12/20
44,99.9,4.395,997.77,0.0,3.76 18:11:01 07/12/20
41,99.9,4.135,997.77,0.0,3.76 18:11:58 07/12/20
41,99.9,4.05,997.74,0.0,3.77 18:12:57 07/12/20
63,99.9,2.71,998.88,0.0,3.7 21:54:29 07/12/20
69,99.9,2.62,998.86,0.0,3.7 21:55:41 07/12/20
60,99.9,2.08,998.88,0.0,3.69 22:36:00 07/12/20
58,99.9,2.235,998.91,0.0,3.69 22:36:20 07/12/20
58,99.9,2.4650002,998.72,0.0,3.66 22:55:59 07/12/20
74,99.9,2.6,998.62,0.0,3.68 22:58:10 07/12/20
57,99.9,2.3899999,998.65,0.0,3.69 23:03:28 07/12/20
56,99.9,1.91,998.68,0.0,3.65 23:08:39 07/12/20
54,99.9,1.64,998.75,0.0,3.65 23:13:52 07/12/20
47,99.9,1.4549999,998.72,0.0,3.65 23:19:03 07/12/20
55,99.9,1.35,998.8,0.0,3.64 23:24:16 07/12/20
48,99.9,1.255,998.76,0.0,3.65 23:29:28 07/12/20
52,99.9,1.15,998.7,0.0,3.64 23:34:41 07/12/20
51,99.9,1.0550001,998.69,0.0,3.64 23:39:53 07/12/20
50,99.9,0.96000004,998.74,0.0,3.64 23:45:05 07/12/20
48,99.9,0.875,998.78,0.0,3.63 23:50:17 07/12/20
58,99.9,0.795,998.82,0.0,3.64 23:55:31 07/12/20
