2,99.9,3.4850001,1006.54,0.0,3.48 00:01:15 10/12/20
2,99.9,3.4850001,1006.46,0.0,3.49 00:06:27 10/12/20
1,99.9,3.475,1006.43,0.0,3.48 00:11:38 10/12/20
2,99.9,3.48,1006.33,0.0,3.48 00:16:52 10/12/20
2,99.9,3.48,1006.31,0.0,3.48 00:22:09 10/12/20
2,99.9,3.475,1006.27,0.0,3.49 00:27:24 10/12/20
2,99.9,3.475,1006.23,0.0,3.49 00:32:38 10/12/20
1,99.9,3.48,1006.18,0.0,3.49 00:37:51 10/12/20
2,99.9,3.4850001,1006.02,0.0,3.49 00:43:03 10/12/20
1,99.9,3.48,1006.04,0.0,3.48 00:48:16 10/12/20
1,99.9,3.54,1006.0,0.0,3.48 00:53:28 10/12/20
1,99.9,3.505,1005.92,0.0,3.48 00:58:41 10/12/20
1,99.9,3.555,1005.92,0.0,3.48 01:03:53 10/12/20
1,99.9,3.56,1005.82,0.0,3.48 01:09:04 10/12/20
2,99.9,3.575,1005.77,0.0,3.48 01:14:18 10/12/20
2,99.9,3.5800002,1005.8,0.0,3.48 01:19:34 10/12/20
2,99.9,3.5900002,1005.72,0.0,3.48 01:24:55 10/12/20
1,99.9,3.63,1005.57,0.0,3.48 01:30:13 10/12/20
1,99.9,3.5800002,1005.55,0.0,3.48 01:35:24 10/12/20
1,99.9,3.575,1005.4,0.0,3.48 01:40:37 10/12/20
2,99.9,3.5800002,1005.28,0.0,3.48 01:45:51 10/12/20
1,99.9,3.585,1005.29,0.0,3.48 01:51:02 10/12/20
1,99.9,3.5900002,1005.23,0.0,3.48 01:56:14 10/12/20
1,99.9,3.585,1005.11,0.0,3.48 02:01:27 10/12/20
2,99.9,3.5800002,1005.14,0.0,3.48 02:06:41 10/12/20
1,99.9,3.5800002,1005.12,0.0,3.48 02:11:54 10/12/20
1,99.9,3.57,1005.0,0.0,3.48 02:17:08 10/12/20
1,99.9,3.55,1005.05,0.0,3.48 02:22:21 10/12/20
1,99.9,3.495,1005.01,0.0,3.48 02:27:38 10/12/20
1,99.9,3.46,1004.94,0.0,3.48 02:32:51 10/12/20
1,99.9,3.38,1004.98,0.0,3.48 02:38:03 10/12/20
1,99.9,3.29,1005.0,0.0,3.48 02:43:14 10/12/20
1,99.9,3.19,1005.04,0.0,3.48 02:48:27 10/12/20
3,99.9,3.085,1005.06,0.0,3.48 02:53:39 10/12/20
9,99.9,2.995,1005.08,0.0,3.48 02:58:51 10/12/20
17,99.9,2.9650002,1005.1,0.0,3.48 03:04:05 10/12/20
21,99.9,2.9,1004.97,0.0,3.48 03:09:19 10/12/20
20,99.9,2.9499998,1005.0,0.0,3.48 03:14:30 10/12/20
15,99.9,2.97,1004.91,0.0,3.48 03:19:41 10/12/20
11,99.9,2.97,1004.8,0.0,3.48 03:24:53 10/12/20
20,99.9,2.97,1004.73,0.0,3.48 03:30:10 10/12/20
11,99.9,2.955,1004.66,0.0,3.48 03:35:18 10/12/20
20,99.9,2.895,1004.64,0.0,3.47 03:40:36 10/12/20
17,99.9,2.885,1004.55,0.0,3.48 03:45:53 10/12/20
17,99.9,2.88,1004.46,0.0,3.48 03:51:06 10/12/20
20,99.9,2.88,1004.45,0.0,3.47 03:56:22 10/12/20
20,99.9,2.885,1004.26,0.0,3.47 04:01:51 10/12/20
15,99.9,2.88,1004.19,0.0,3.47 04:07:09 10/12/20
12,99.9,2.865,1004.11,0.0,3.48 04:12:19 10/12/20
15,99.9,2.85,1004.0,0.0,3.47 04:17:34 10/12/20
11,99.9,2.835,1003.94,0.0,3.47 04:22:44 10/12/20
15,99.9,2.7849998,1003.92,0.0,3.47 04:27:58 10/12/20
17,99.9,2.7649999,1003.89,0.0,3.47 04:33:12 10/12/20
10,99.9,2.7649999,1003.92,0.0,3.47 04:38:22 10/12/20
13,99.9,2.7,1003.89,0.0,3.47 04:43:35 10/12/20
13,99.9,2.71,1003.78,0.0,3.47 04:48:49 10/12/20
7,99.9,2.76,1003.78,0.0,3.47 04:53:58 10/12/20
14,99.9,2.76,1003.58,0.0,3.47 04:59:14 10/12/20
11,99.9,2.705,1003.6,0.0,3.47 05:04:25 10/12/20
8,99.9,2.69,1003.64,0.0,3.47 05:09:36 10/12/20
11,99.9,2.665,1003.61,0.0,3.47 05:14:50 10/12/20
13,99.9,2.605,1003.62,0.0,3.47 05:20:06 10/12/20
10,99.9,2.59,1003.65,0.0,3.47 05:25:24 10/12/20
8,99.9,2.565,1003.63,0.0,3.47 05:30:34 10/12/20
11,99.9,2.55,1003.67,0.0,3.47 05:35:48 10/12/20
7,99.9,2.505,1003.65,0.0,3.47 05:40:58 10/12/20
9,99.9,2.4850001,1003.62,0.0,3.47 05:46:12 10/12/20
11,99.9,2.49,1003.66,0.0,3.47 05:51:25 10/12/20
14,99.9,2.49,1003.69,0.0,3.47 05:56:41 10/12/20
11,99.9,2.48,1003.78,0.0,3.47 06:02:00 10/12/20
9,99.9,2.54,1003.83,0.0,3.47 06:07:10 10/12/20
9,99.9,2.495,1003.84,0.0,3.47 06:12:24 10/12/20
9,99.9,2.495,1003.89,0.0,3.47 06:17:35 10/12/20
11,99.9,2.475,1003.94,0.0,3.47 06:22:51 10/12/20
9,99.9,2.49,1004.03,0.0,3.47 06:28:08 10/12/20
9,99.9,2.5,1003.99,0.0,3.47 06:33:21 10/12/20
9,99.9,2.57,1004.02,0.0,3.47 06:38:33 10/12/20
10,99.9,2.59,1004.03,0.0,3.47 06:43:49 10/12/20
7,99.9,2.67,1003.96,0.0,3.47 06:49:06 10/12/20
7,99.9,2.69,1003.98,0.0,3.46 06:54:19 10/12/20
6,99.9,2.76,1003.95,0.0,3.47 06:59:31 10/12/20
8,99.9,2.775,1004.02,0.0,3.46 07:04:44 10/12/20
5,99.9,2.8400002,1003.96,0.0,3.47 07:09:55 10/12/20
5,99.9,2.855,1003.99,0.0,3.47 07:15:08 10/12/20
6,99.9,2.875,1003.99,0.0,3.47 07:20:22 10/12/20
5,99.9,2.945,1003.93,0.0,3.47 07:25:33 10/12/20
4,99.9,2.955,1003.99,0.0,3.47 07:30:46 10/12/20
5,99.9,2.9650002,1004.08,0.01,3.47 07:36:01 10/12/20
4,99.9,3.035,1004.04,0.02,3.46 07:41:11 10/12/20
5,99.9,3.055,1004.08,0.05,3.47 07:46:23 10/12/20
6,99.9,3.0700002,1004.11,0.11,3.47 07:51:35 10/12/20
8,99.9,3.135,1004.14,0.26,3.47 07:56:48 10/12/20
11,99.9,3.145,1004.12,0.59,3.47 08:02:00 10/12/20
18,99.9,3.135,1004.06,1.38,3.47 08:07:13 10/12/20
28,99.9,3.0700002,1004.09,2.33,3.47 08:12:25 10/12/20
42,99.9,2.99,1004.12,3.22,3.46 08:17:38 10/12/20
56,99.9,2.9650002,1004.16,3.75,3.47 08:22:48 10/12/20
77,99.9,2.875,1004.16,3.99,3.46 08:28:06 10/12/20
89,99.9,2.845,1004.21,4.04,3.46 08:33:23 10/12/20
99,99.9,2.77,1004.22,4.52,3.47 08:38:36 10/12/20
118,99.9,2.7,1004.32,4.5,3.47 08:43:48 10/12/20
121,99.9,2.6799998,1004.32,3.92,3.47 08:48:59 10/12/20
122,99.9,2.67,1004.35,5.0,3.46 08:54:14 10/12/20
123,99.9,2.665,1004.3,4.76,3.46 08:59:25 10/12/20
134,99.9,2.665,1004.29,3.99,3.47 09:04:38 10/12/20
144,99.9,2.655,1004.24,3.76,3.47 09:09:50 10/12/20
159,99.9,2.665,1004.21,5.0,3.47 09:15:03 10/12/20
162,99.9,2.675,1004.21,5.0,3.47 09:20:14 10/12/20
172,99.9,2.69,1004.24,5.0,3.47 09:25:27 10/12/20
177,99.9,2.755,1004.23,4.32,3.47 09:30:42 10/12/20
177,99.9,2.77,1004.12,4.79,3.47 09:35:52 10/12/20
192,99.9,2.78,1004.18,5.0,3.47 09:41:05 10/12/20
204,99.9,2.855,1004.19,5.0,3.47 09:46:16 10/12/20
207,99.9,2.855,1004.22,3.76,3.48 09:51:30 10/12/20
215,99.9,2.8600001,1004.26,5.0,3.47 09:56:42 10/12/20
224,99.9,2.88,1004.33,5.0,3.48 10:01:54 10/12/20
220,99.9,2.8899999,1004.39,5.0,3.48 10:07:07 10/12/20
234,99.9,2.97,1004.39,5.0,3.47 10:12:19 10/12/20
228,99.9,2.9850001,1004.44,3.69,3.48 10:17:32 10/12/20
258,99.9,3.06,1004.49,3.91,3.48 10:22:45 10/12/20
264,99.9,3.085,1004.56,5.0,3.49 10:28:00 10/12/20
266,99.9,3.17,1004.48,3.62,3.49 10:33:17 10/12/20
263,99.9,3.2649999,1004.56,5.0,3.49 10:38:30 10/12/20
257,99.9,3.305,1004.57,4.06,3.48 10:43:42 10/12/20
257,99.9,3.38,1004.53,5.0,3.49 10:48:55 10/12/20
254,99.9,3.455,1004.57,3.67,3.49 10:54:07 10/12/20
257,99.9,3.4650002,1004.41,5.0,3.47 10:59:20 10/12/20
269,99.9,3.48,1004.42,3.98,3.49 11:04:32 10/12/20
265,99.9,3.495,1004.39,3.62,3.49 11:09:45 10/12/20
256,99.9,3.565,1004.3,5.0,3.5 11:14:57 10/12/20
265,99.9,3.575,1004.28,5.0,3.5 11:20:10 10/12/20
264,99.9,3.5900002,1004.11,5.0,3.5 11:25:22 10/12/20
266,99.9,3.65,1004.01,5.0,3.5 11:30:35 10/12/20
267,99.9,3.67,1003.94,3.97,3.49 11:35:47 10/12/20
274,99.9,3.685,1003.88,4.54,3.5 11:41:00 10/12/20
277,99.9,3.77,1003.91,3.69,3.49 11:46:14 10/12/20
272,99.9,3.7849998,1003.93,5.0,3.51 11:51:25 10/12/20
262,99.9,3.87,1003.98,3.69,3.5 11:56:37 10/12/20
255,99.9,3.94,1004.04,5.0,3.51 12:01:50 10/12/20
262,99.9,3.8899999,1004.05,5.0,3.51 12:07:02 10/12/20
272,99.9,3.955,1004.08,5.0,3.51 12:12:15 10/12/20
277,99.9,3.9699998,1004.07,5.0,3.51 12:17:27 10/12/20
278,99.9,3.995,1004.07,3.67,3.5 12:22:40 10/12/20
277,99.9,3.995,1004.11,4.11,3.52 12:27:53 10/12/20
296,99.9,4.065,1004.03,5.0,3.52 12:33:06 10/12/20
295,99.9,4.08,1004.0,3.89,3.52 12:38:21 10/12/20
301,99.9,4.15,1003.96,3.69,3.53 12:43:39 10/12/20
312,99.9,4.1800003,1003.85,5.0,3.55 12:48:51 10/12/20
325,99.9,4.335,1003.81,3.68,3.59 12:54:04 10/12/20
328,99.9,4.445,1003.83,3.73,3.61 12:59:14 10/12/20
325,99.9,4.56,1003.73,3.74,3.62 13:04:29 10/12/20
314,99.9,4.7200003,1003.66,3.73,3.62 13:09:42 10/12/20
294,99.9,4.825,1003.61,3.67,3.59 13:14:55 10/12/20
282,99.9,4.91,1003.53,3.74,3.57 13:20:07 10/12/20
273,99.9,4.865,1003.57,5.0,3.57 13:25:19 10/12/20
278,99.9,4.85,1003.47,5.0,3.58 13:30:33 10/12/20
289,99.9,4.84,1003.44,3.71,3.62 13:35:45 10/12/20
278,99.9,4.84,1003.38,3.68,3.61 13:40:57 10/12/20
285,99.9,4.8599997,1003.51,3.72,3.63 13:46:10 10/12/20
305,99.9,4.94,1003.45,3.83,3.68 13:51:26 10/12/20
315,99.9,5.1099997,1003.52,3.92,3.73 13:56:44 10/12/20
311,99.9,5.3149996,1003.34,3.92,3.73 14:01:56 10/12/20
306,99.9,5.5,1003.3,3.86,3.71 14:07:09 10/12/20
304,99.9,5.6099997,1003.35,3.83,3.7 14:12:22 10/12/20
255,99.9,5.6400003,1003.33,5.0,3.62 14:17:38 10/12/20
248,99.9,5.605,1003.23,5.0,3.6 14:22:56 10/12/20
254,99.9,5.46,1003.22,3.71,3.63 14:28:09 10/12/20
256,99.9,5.38,1003.15,5.0,3.64 14:33:21 10/12/20
267,99.9,5.355,1003.13,4.01,3.64 14:38:34 10/12/20
222,99.9,5.345,1003.05,4.91,3.61 14:43:47 10/12/20
206,99.9,5.26,1003.07,3.68,3.61 14:48:59 10/12/20
199,99.9,5.1549997,1003.04,3.75,3.6 14:54:13 10/12/20
200,99.9,5.0699997,1003.03,5.0,3.61 14:59:25 10/12/20
201,99.9,4.8999996,1003.06,5.0,3.61 15:04:37 10/12/20
200,99.9,4.8050003,1003.18,5.0,3.61 15:09:51 10/12/20
200,99.9,4.77,1003.13,4.76,3.61 15:15:03 10/12/20
194,99.9,4.685,1003.13,3.68,3.61 15:20:15 10/12/20
198,99.9,4.6000004,1003.25,4.11,3.6 15:25:28 10/12/20
201,99.9,4.5550003,1003.24,5.0,3.61 15:30:41 10/12/20
193,99.9,4.48,1003.33,3.71,3.6 15:35:54 10/12/20
175,99.9,4.405,1003.26,5.0,3.6 15:41:06 10/12/20
176,99.9,4.3650002,1003.39,3.84,3.61 15:46:18 10/12/20
171,99.9,4.29,1003.36,4.74,3.6 15:51:31 10/12/20
164,99.9,4.265,1003.37,3.69,3.6 15:56:43 10/12/20
156,99.9,4.1800003,1003.33,5.0,3.6 16:01:57 10/12/20
144,99.9,4.0950003,1003.35,4.59,3.6 16:07:12 10/12/20
134,99.9,4.06,1003.36,4.6,3.6 16:12:31 10/12/20
128,99.9,3.975,1003.39,4.12,3.6 16:17:42 10/12/20
114,99.9,3.8850002,1003.32,3.68,3.6 16:22:55 10/12/20
99,99.9,3.79,1003.2,4.23,3.6 16:28:07 10/12/20
84,99.9,3.75,1003.31,4.05,3.6 16:33:20 10/12/20
69,99.9,3.655,1003.29,3.8,3.6 16:38:32 10/12/20
54,99.9,3.57,1003.26,3.72,3.6 16:43:45 10/12/20
39,99.9,3.4699998,1003.22,3.38,3.59 16:48:57 10/12/20
25,99.9,3.3899999,1003.23,2.51,3.59 16:54:10 10/12/20
12,99.9,3.3600001,1003.25,1.42,3.59 16:59:22 10/12/20
7,99.9,3.35,1003.24,0.67,3.59 17:04:35 10/12/20
3,99.9,3.28,1003.21,0.32,3.59 17:09:46 10/12/20
2,99.9,3.1950002,1003.19,0.15,3.59 17:14:59 10/12/20
0,99.9,3.1599998,1003.2,0.06,3.59 17:20:13 10/12/20
0,99.9,3.06,1003.11,0.02,3.59 17:25:24 10/12/20
0,99.9,2.975,1003.15,0.0,3.59 17:30:37 10/12/20
0,99.9,2.885,1003.24,0.0,3.59 17:35:49 10/12/20
0,99.9,2.79,1003.22,0.0,3.59 17:41:02 10/12/20
0,99.9,2.71,1003.22,0.0,3.59 17:46:15 10/12/20
0,99.9,2.665,1003.17,0.0,3.59 17:51:27 10/12/20
0,99.9,2.555,1003.19,0.0,3.59 17:56:39 10/12/20
1,99.9,2.405,1003.14,0.0,3.59 18:01:51 10/12/20
14,99.9,2.355,1003.16,0.0,3.59 18:07:07 10/12/20
25,99.9,2.27,1003.15,0.0,3.59 18:12:24 10/12/20
40,99.9,2.205,1003.2,0.0,3.59 18:17:37 10/12/20
44,99.9,2.2450001,1003.2,0.0,3.59 18:22:50 10/12/20
44,99.9,2.185,1003.05,0.0,3.59 18:28:01 10/12/20
45,99.9,2.17,1002.98,0.0,3.59 18:33:14 10/12/20
43,99.9,2.17,1002.93,0.0,3.59 18:38:26 10/12/20
41,99.9,2.17,1002.82,0.0,3.59 18:43:38 10/12/20
37,99.9,2.17,1002.7,0.0,3.59 18:48:51 10/12/20
34,99.9,2.1799998,1002.77,0.0,3.59 18:54:03 10/12/20
31,99.9,2.17,1002.65,0.0,3.58 18:59:15 10/12/20
33,99.9,2.11,1002.68,0.0,3.59 19:04:28 10/12/20
32,99.9,2.15,1002.64,0.0,3.59 19:09:40 10/12/20
32,99.9,2.09,1002.74,0.0,3.59 19:14:53 10/12/20
33,99.9,2.075,1002.55,0.0,3.59 19:20:05 10/12/20
31,99.9,2.075,1002.41,0.0,3.59 19:25:17 10/12/20
32,99.9,2.07,1002.47,0.0,3.58 19:30:33 10/12/20
27,99.9,2.075,1002.44,0.0,3.58 19:35:50 10/12/20
27,99.9,2.065,1002.47,0.0,3.59 19:41:03 10/12/20
26,99.9,2.065,1002.39,0.0,3.59 19:46:15 10/12/20
25,99.9,1.99,1002.41,0.0,3.59 19:51:27 10/12/20
28,99.9,1.965,1002.47,0.0,3.58 19:56:43 10/12/20
24,99.9,1.89,1002.47,0.0,3.58 20:02:00 10/12/20
25,99.9,1.87,1002.5,0.0,3.59 20:07:13 10/12/20
20,99.9,1.8,1002.6,0.0,3.58 20:12:24 10/12/20
23,99.9,1.78,1002.56,0.0,3.58 20:17:37 10/12/20
26,99.9,1.7650001,1002.66,0.0,3.59 20:22:53 10/12/20
22,99.9,1.7550001,1002.64,0.0,3.58 20:28:10 10/12/20
23,99.9,1.69,1002.64,0.0,3.59 20:33:23 10/12/20
18,99.9,1.68,1002.65,0.0,3.58 20:38:33 10/12/20
22,99.9,1.665,1002.7,0.0,3.59 20:43:47 10/12/20
21,99.9,1.595,1002.69,0.0,3.58 20:48:59 10/12/20
22,99.9,1.5799999,1002.71,0.0,3.58 20:54:12 10/12/20
22,99.9,1.5550001,1002.59,0.0,3.59 20:59:25 10/12/20
21,99.9,1.495,1002.5,0.0,3.58 21:04:36 10/12/20
24,99.9,1.48,1002.47,0.0,3.58 21:09:53 10/12/20
19,99.9,1.475,1002.33,0.0,3.58 21:15:08 10/12/20
21,99.9,1.48,1002.24,0.0,3.58 21:20:22 10/12/20
21,99.9,1.5450001,1002.14,0.0,3.58 21:25:34 10/12/20
20,99.9,1.56,1001.95,0.0,3.58 21:30:47 10/12/20
19,99.9,1.64,1001.78,0.0,3.58 21:35:58 10/12/20
18,99.9,1.665,1001.69,0.0,3.58 21:41:11 10/12/20
17,99.9,1.7450001,1001.7,0.0,3.58 21:46:23 10/12/20
15,99.9,1.7750001,1001.64,0.0,3.58 21:51:35 10/12/20
12,99.9,1.835,1001.69,0.0,3.58 21:56:47 10/12/20
15,99.9,1.84,1001.57,0.0,3.58 22:02:00 10/12/20
14,99.9,1.84,1001.49,0.0,3.58 22:07:13 10/12/20
11,99.9,1.79,1001.46,0.0,3.58 22:12:23 10/12/20
13,99.9,1.835,1001.22,0.0,3.58 22:17:37 10/12/20
9,99.9,1.84,1001.16,0.0,3.58 22:22:48 10/12/20
12,99.9,1.845,1001.08,0.0,3.58 22:28:01 10/12/20
10,99.9,1.845,1001.08,0.0,3.58 22:33:13 10/12/20
11,99.9,1.86,1001.02,0.0,3.57 22:38:26 10/12/20
7,99.9,1.865,1001.0,0.0,3.58 22:43:36 10/12/20
9,99.9,1.865,1000.96,0.0,3.58 22:48:53 10/12/20
6,99.9,1.875,1000.94,0.0,3.58 22:54:01 10/12/20
8,99.9,1.865,1001.05,0.0,3.58 22:59:15 10/12/20
8,99.9,1.865,1001.12,0.0,3.58 23:04:27 10/12/20
8,99.9,1.7950001,1001.02,0.0,3.58 23:09:40 10/12/20
8,99.9,1.77,1000.99,0.0,3.58 23:14:53 10/12/20
5,99.9,1.7550001,1000.92,0.0,3.57 23:20:02 10/12/20
8,99.9,1.695,1000.88,0.0,3.57 23:25:20 10/12/20
6,99.9,1.68,1000.76,0.0,3.58 23:30:37 10/12/20
8,99.9,1.605,1000.65,0.0,3.58 23:35:53 10/12/20
5,99.9,1.585,1000.59,0.0,3.57 23:41:10 10/12/20
7,99.9,1.505,1000.44,0.0,3.58 23:46:26 10/12/20
6,99.9,1.485,1000.37,0.0,3.58 23:51:45 10/12/20
7,99.9,1.465,1000.2,0.0,3.58 23:56:59 10/12/20
