5,99.9,1.4549999,999.97,0.0,3.57 00:02:16 11/12/20
7,99.9,1.4,999.87,0.0,3.57 00:07:32 11/12/20
5,99.9,1.39,999.79,0.0,3.58 00:12:49 11/12/20
4,99.9,1.375,999.65,0.0,3.57 00:18:01 11/12/20
4,99.9,1.365,999.41,0.0,3.57 00:23:12 11/12/20
5,99.9,1.2950001,999.38,0.0,3.58 00:28:27 11/12/20
5,99.9,1.29,999.29,0.0,3.57 00:33:38 11/12/20
5,99.9,1.27,999.14,0.0,3.58 00:38:51 11/12/20
6,99.9,1.28,999.08,0.0,3.57 00:44:03 11/12/20
5,99.9,1.28,998.97,0.0,3.57 00:49:16 11/12/20
5,99.9,1.27,999.01,0.0,3.57 00:54:27 11/12/20
6,99.9,1.255,998.97,0.0,3.57 00:59:40 11/12/20
6,99.9,1.1949999,998.81,0.0,3.57 01:04:52 11/12/20
6,99.9,1.24,998.72,0.0,3.57 01:10:05 11/12/20
6,99.9,1.255,998.72,0.0,3.57 01:15:16 11/12/20
6,99.9,1.265,998.64,0.0,3.57 01:20:29 11/12/20
6,99.9,1.2850001,998.53,0.0,3.57 01:25:41 11/12/20
5,99.9,1.34,998.38,0.0,3.57 01:30:53 11/12/20
4,99.9,1.375,998.35,0.0,3.57 01:36:05 11/12/20
4,99.9,1.43,998.14,0.0,3.57 01:41:18 11/12/20
4,99.9,1.4449999,997.98,0.0,3.57 01:46:30 11/12/20
3,99.9,1.4599999,997.92,0.0,3.57 01:51:41 11/12/20
2,99.9,1.465,997.88,0.0,3.57 01:56:52 11/12/20
2,99.9,1.4599999,997.8,0.0,3.57 02:02:06 11/12/20
2,99.9,1.4499999,997.78,0.0,3.57 02:07:17 11/12/20
3,99.9,1.39,997.55,0.0,3.57 02:12:32 11/12/20
2,99.9,1.4449999,997.44,0.0,3.57 02:17:43 11/12/20
2,99.9,1.375,997.45,0.0,3.57 02:22:55 11/12/20
3,99.9,1.36,997.2,0.0,3.57 02:28:11 11/12/20
2,99.9,1.355,997.11,0.0,3.57 02:33:20 11/12/20
3,99.9,1.28,996.9,0.0,3.57 02:38:32 11/12/20
1,99.9,1.2750001,996.92,0.0,3.57 02:43:43 11/12/20
2,99.9,1.26,996.83,0.0,3.57 02:48:57 11/12/20
2,99.9,1.2,996.91,0.0,3.57 02:54:09 11/12/20
2,99.9,1.19,996.83,0.0,3.57 02:59:21 11/12/20
2,99.9,1.1600001,996.66,0.0,3.57 03:04:33 11/12/20
2,99.9,1.145,996.52,0.0,3.57 03:09:46 11/12/20
2,99.9,1.1600001,996.63,0.0,3.57 03:14:59 11/12/20
2,99.9,1.165,996.5,0.0,3.57 03:20:11 11/12/20
1,99.9,1.1800001,996.46,0.0,3.57 03:25:22 11/12/20
2,99.9,1.19,996.54,0.0,3.56 03:30:35 11/12/20
2,99.9,1.1800001,996.56,0.0,3.57 03:35:48 11/12/20
2,99.9,1.165,996.47,0.0,3.56 03:40:59 11/12/20
2,99.9,1.175,996.4,0.0,3.57 03:46:11 11/12/20
2,99.9,1.1700001,996.21,0.0,3.56 03:51:24 11/12/20
1,99.9,1.165,996.19,0.0,3.57 03:56:34 11/12/20
0,99.9,1.165,996.06,0.0,3.57 04:01:46 11/12/20
1,99.9,1.1600001,995.98,0.0,3.56 04:06:59 11/12/20
2,99.9,1.1700001,995.83,0.0,3.57 04:12:11 11/12/20
1,99.9,1.24,995.63,0.0,3.56 04:17:23 11/12/20
2,99.9,1.265,995.52,0.0,3.56 04:22:37 11/12/20
3,99.9,1.36,995.34,0.0,3.57 04:27:49 11/12/20
2,99.9,1.4549999,995.19,0.0,3.56 04:33:01 11/12/20
2,99.9,1.54,995.12,0.0,3.57 04:38:12 11/12/20
3,99.9,1.63,994.86,0.0,3.57 04:43:26 11/12/20
1,99.9,1.66,994.85,0.0,3.56 04:48:38 11/12/20
1,99.9,1.7349999,994.69,0.0,3.57 04:53:51 11/12/20
1,99.9,1.815,994.61,0.0,3.56 04:59:04 11/12/20
1,99.9,1.85,994.47,0.0,3.56 05:04:13 11/12/20
1,99.9,1.875,994.4,0.0,3.57 05:09:27 11/12/20
2,99.9,1.9549999,994.22,0.0,3.56 05:14:40 11/12/20
1,99.9,2.025,994.05,0.0,3.56 05:19:52 11/12/20
0,99.9,2.05,994.07,0.0,3.57 05:25:04 11/12/20
0,99.9,2.05,993.96,0.0,3.57 05:30:20 11/12/20
0,99.9,2.05,993.76,0.0,3.56 05:35:27 11/12/20
0,99.9,2.055,993.65,0.0,3.56 05:40:41 11/12/20
1,99.9,2.065,993.64,0.0,3.56 05:45:54 11/12/20
1,99.9,2.12,993.47,0.0,3.56 05:51:04 11/12/20
2,99.9,2.125,993.36,0.0,3.56 05:56:19 11/12/20
2,99.9,2.13,993.24,0.0,3.56 06:01:29 11/12/20
2,99.9,2.08,993.08,0.0,3.56 06:06:43 11/12/20
3,99.9,2.15,993.06,0.0,3.56 06:11:56 11/12/20
4,99.9,2.215,992.96,0.0,3.56 06:17:08 11/12/20
3,99.9,2.2450001,992.89,0.0,3.56 06:22:18 11/12/20
3,99.9,2.265,992.84,0.0,3.56 06:27:36 11/12/20
3,99.9,2.345,992.78,0.0,3.56 06:32:52 11/12/20
3,99.9,2.35,992.72,0.0,3.56 06:38:06 11/12/20
2,99.9,2.425,992.7,0.0,3.56 06:43:19 11/12/20
2,99.9,2.4499998,992.59,0.0,3.56 06:48:30 11/12/20
2,99.9,2.46,992.47,0.0,3.56 06:53:43 11/12/20
15,99.9,2.525,992.41,0.0,3.56 06:58:53 11/12/20
16,99.9,2.545,992.32,0.0,3.56 07:04:07 11/12/20
16,99.9,2.56,992.17,0.0,3.56 07:09:20 11/12/20
51,99.9,2.625,992.08,0.0,3.56 07:14:31 11/12/20
56,99.9,2.645,992.07,0.0,3.56 07:19:48 11/12/20
55,99.9,2.655,992.17,0.0,3.56 07:25:07 11/12/20
49,99.9,2.67,992.09,0.0,3.56 07:30:17 11/12/20
54,99.9,2.73,992.02,0.01,3.56 07:35:34 11/12/20
53,99.9,2.75,991.98,0.04,3.56 07:40:51 11/12/20
49,99.9,2.7649999,991.9,0.08,3.56 07:46:03 11/12/20
40,99.9,2.815,991.81,0.17,3.56 07:51:15 11/12/20
35,99.9,2.815,991.82,0.36,3.56 07:56:28 11/12/20
35,99.9,2.83,991.88,0.7,3.56 08:01:41 11/12/20
28,99.9,2.835,991.8,1.2,3.56 08:06:52 11/12/20
33,99.9,2.845,991.7,1.88,3.56 08:12:04 11/12/20
42,99.9,2.8600001,991.65,2.12,3.56 08:17:19 11/12/20
51,99.9,2.945,991.61,2.75,3.56 08:22:31 11/12/20
63,99.9,3.005,991.6,3.7,3.56 08:27:44 11/12/20
82,99.9,3.04,991.51,4.04,3.56 08:32:54 11/12/20
113,99.9,3.1100001,991.51,4.52,3.56 08:38:09 11/12/20
116,99.9,3.135,991.5,4.32,3.56 08:43:20 11/12/20
106,99.9,3.1599998,991.36,4.31,3.56 08:48:31 11/12/20
114,99.9,3.2199998,991.33,4.29,3.56 08:53:46 11/12/20
121,99.9,3.24,991.25,4.31,3.56 08:58:57 11/12/20
139,99.9,3.26,991.14,4.93,3.56 09:04:09 11/12/20
146,99.9,3.28,991.03,5.0,3.56 09:09:22 11/12/20
157,99.9,3.3600001,991.02,4.5,3.56 09:14:35 11/12/20
163,99.9,3.4299998,990.97,3.83,3.56 09:19:46 11/12/20
180,99.9,3.455,990.91,4.51,3.56 09:25:00 11/12/20
187,99.9,3.53,990.92,5.0,3.56 09:30:11 11/12/20
184,99.9,3.555,990.84,3.62,3.56 09:35:25 11/12/20
195,99.9,3.63,990.74,5.0,3.56 09:40:37 11/12/20
197,99.9,3.645,990.73,5.0,3.56 09:45:49 11/12/20
189,99.9,3.73,990.65,3.75,3.56 09:51:02 11/12/20
183,99.9,3.76,990.66,4.51,3.56 09:56:15 11/12/20
188,99.9,3.8400002,990.64,5.0,3.56 10:01:27 11/12/20
192,99.9,3.87,990.62,4.3,3.56 10:06:40 11/12/20
193,99.9,3.94,990.53,4.66,3.56 10:11:53 11/12/20
193,99.9,4.0299997,990.57,3.69,3.56 10:17:04 11/12/20
213,99.9,4.06,990.52,4.52,3.56 10:22:21 11/12/20
224,99.9,4.15,990.57,3.74,3.57 10:27:42 11/12/20
220,99.9,4.2349997,990.59,5.0,3.57 10:33:00 11/12/20
236,99.9,4.265,990.57,4.36,3.56 10:38:10 11/12/20
256,99.9,4.34,990.59,4.04,3.58 10:43:25 11/12/20
265,99.9,4.42,990.6,3.62,3.57 10:48:37 11/12/20
261,99.9,4.535,990.59,5.0,3.58 10:53:48 11/12/20
261,99.9,4.605,990.5,5.0,3.58 10:59:06 11/12/20
261,99.9,4.71,990.46,5.0,3.58 11:04:22 11/12/20
263,99.9,4.7349997,990.36,4.36,3.58 11:09:36 11/12/20
259,99.9,4.8149996,990.32,5.0,3.58 11:14:47 11/12/20
264,99.9,4.84,990.22,4.57,3.58 11:20:03 11/12/20
260,99.9,4.915,990.13,4.27,3.58 11:25:12 11/12/20
245,99.9,4.94,990.08,5.0,3.58 11:30:25 11/12/20
282,99.9,5.0150003,990.03,4.64,3.58 11:35:39 11/12/20
296,99.9,5.035,989.91,5.0,3.58 11:40:55 11/12/20
287,99.9,5.065,989.86,5.0,3.58 11:46:03 11/12/20
287,99.9,5.125,989.82,3.77,3.58 11:51:17 11/12/20
290,99.9,5.13,989.68,5.0,3.58 11:56:30 11/12/20
294,99.9,5.145,989.65,5.0,3.59 12:01:41 11/12/20
310,99.9,5.205,989.53,4.7,3.59 12:07:00 11/12/20
310,99.9,5.23,989.41,4.26,3.59 12:12:17 11/12/20
317,99.9,5.305,989.35,3.63,3.58 12:17:29 11/12/20
307,99.9,5.3199997,989.3,5.0,3.59 12:22:41 11/12/20
313,99.9,5.345,989.15,5.0,3.59 12:27:56 11/12/20
300,99.9,5.41,989.08,5.0,3.59 12:33:08 11/12/20
288,99.9,5.4300003,989.08,3.69,3.58 12:38:19 11/12/20
301,99.9,5.44,989.09,4.1,3.58 12:43:34 11/12/20
313,99.9,5.45,988.89,5.0,3.59 12:48:46 11/12/20
319,99.9,5.51,988.81,3.63,3.59 12:53:58 11/12/20
301,99.9,5.54,988.88,5.0,3.59 12:59:11 11/12/20
319,99.9,5.6099997,988.8,5.0,3.59 13:04:29 11/12/20
316,99.9,5.635,988.75,5.0,3.59 13:09:46 11/12/20
325,99.9,5.6400003,988.57,5.0,3.59 13:14:58 11/12/20
335,99.9,5.67,988.55,3.67,3.59 13:20:15 11/12/20
335,99.9,5.745,988.5,5.0,3.6 13:25:32 11/12/20
336,99.9,5.77,988.45,5.0,3.6 13:30:44 11/12/20
332,99.9,5.84,988.37,3.68,3.59 13:35:57 11/12/20
315,99.9,5.85,988.34,3.96,3.6 13:41:09 11/12/20
316,99.9,5.92,988.28,3.64,3.6 13:46:23 11/12/20
319,99.9,5.875,988.18,3.84,3.6 13:51:41 11/12/20
312,99.9,5.885,988.11,4.29,3.6 13:56:55 11/12/20
330,99.9,5.94,988.04,3.7,3.59 14:02:14 11/12/20
308,99.9,5.96,988.02,4.9,3.6 14:07:30 11/12/20
293,99.9,5.965,987.93,3.83,3.59 14:12:43 11/12/20
294,99.9,5.965,987.96,4.0,3.59 14:17:56 11/12/20
296,99.9,5.96,987.85,5.0,3.6 14:23:10 11/12/20
279,99.9,5.96,987.83,3.75,3.6 14:28:20 11/12/20
270,99.9,5.95,987.8,5.0,3.6 14:33:35 11/12/20
264,99.9,5.95,987.72,3.93,3.59 14:38:48 11/12/20
258,99.9,5.89,987.69,3.88,3.6 14:43:58 11/12/20
266,99.9,5.885,987.72,5.0,3.6 14:49:12 11/12/20
267,99.9,5.885,987.62,3.85,3.6 14:54:24 11/12/20
266,99.9,5.9300003,987.69,3.68,3.6 14:59:38 11/12/20
263,99.9,5.885,987.63,4.06,3.6 15:04:51 11/12/20
248,99.9,5.89,987.69,5.0,3.59 15:10:02 11/12/20
249,99.9,5.9300003,987.69,5.0,3.59 15:15:17 11/12/20
235,99.9,5.94,987.66,3.75,3.59 15:20:29 11/12/20
229,99.9,5.875,987.67,5.0,3.6 15:25:42 11/12/20
227,99.9,5.875,987.64,3.83,3.59 15:30:55 11/12/20
232,99.9,5.865,987.66,3.66,3.59 15:36:09 11/12/20
222,99.9,5.8599997,987.69,5.0,3.59 15:41:21 11/12/20
211,99.9,5.855,987.67,5.0,3.59 15:46:33 11/12/20
205,99.9,5.85,987.71,5.0,3.59 15:51:46 11/12/20
194,99.9,5.845,987.68,3.66,3.59 15:56:58 11/12/20
193,99.9,5.795,987.66,4.57,3.59 16:02:16 11/12/20
161,99.9,5.785,987.67,4.32,3.59 16:07:32 11/12/20
142,99.9,5.785,987.69,3.78,3.59 16:12:44 11/12/20
134,99.9,5.7799997,987.69,3.78,3.59 16:18:01 11/12/20
120,99.9,5.77,987.61,3.71,3.59 16:23:11 11/12/20
111,99.9,5.76,987.59,3.66,3.59 16:28:27 11/12/20
93,99.9,5.77,987.58,3.27,3.59 16:33:44 11/12/20
77,99.9,5.745,987.51,2.77,3.58 16:38:57 11/12/20
67,99.9,5.745,987.54,2.26,3.59 16:44:11 11/12/20
54,99.9,5.69,987.54,1.76,3.59 16:49:23 11/12/20
44,99.9,5.6949997,987.51,1.18,3.58 16:54:36 11/12/20
36,99.9,5.745,987.55,0.63,3.59 16:59:52 11/12/20
30,99.9,5.75,987.49,0.26,3.59 17:05:10 11/12/20
28,99.9,5.755,987.51,0.11,3.58 17:10:28 11/12/20
28,99.9,5.755,987.54,0.04,3.59 17:15:46 11/12/20
29,99.9,5.76,987.53,0.02,3.58 17:20:58 11/12/20
29,99.9,5.76,987.49,0.01,3.59 17:26:08 11/12/20
30,99.9,5.77,987.52,0.0,3.58 17:31:23 11/12/20
31,99.9,5.76,987.51,0.0,3.59 17:36:35 11/12/20
32,99.9,5.765,987.51,0.0,3.58 17:41:49 11/12/20
33,99.9,5.77,987.53,0.0,3.58 17:47:01 11/12/20
32,99.9,5.77,987.55,0.0,3.58 17:52:18 11/12/20
32,99.9,5.765,987.49,0.0,3.58 17:57:33 11/12/20
34,99.9,5.77,987.58,0.0,3.58 18:02:48 11/12/20
32,99.9,5.7749996,987.52,0.0,3.58 18:07:58 11/12/20
35,99.9,5.765,987.54,0.0,3.58 18:13:14 11/12/20
35,99.9,5.7749996,987.55,0.0,3.58 18:18:26 11/12/20
35,99.9,5.77,987.49,0.0,3.58 18:23:38 11/12/20
33,99.9,5.77,987.53,0.01,3.58 18:28:49 11/12/20
34,99.9,5.7749996,987.56,0.01,3.58 18:34:03 11/12/20
35,99.9,5.7749996,987.47,0.01,3.58 18:39:23 11/12/20
37,99.9,5.835,987.44,0.0,3.58 18:44:43 11/12/20
38,99.9,5.79,987.51,0.0,3.58 18:50:03 11/12/20
39,99.9,5.79,987.56,0.0,3.58 18:55:22 11/12/20
39,99.9,5.855,987.5,0.0,3.58 19:00:33 11/12/20
37,99.9,5.845,987.39,0.0,3.58 19:05:45 11/12/20
38,99.9,5.855,987.46,0.0,3.58 19:10:58 11/12/20
39,99.9,5.855,987.42,0.0,3.58 19:16:11 11/12/20
39,99.9,5.865,987.39,0.0,3.58 19:21:23 11/12/20
40,99.9,5.865,987.41,0.0,3.58 19:26:41 11/12/20
35,99.9,5.87,987.37,0.0,3.58 19:31:56 11/12/20
37,99.9,5.885,987.41,0.0,3.58 19:37:11 11/12/20
41,99.9,5.945,987.42,0.0,3.58 19:42:25 11/12/20
42,99.9,5.945,987.41,0.0,3.58 19:47:37 11/12/20
38,99.9,5.95,987.45,0.0,3.58 19:52:48 11/12/20
33,99.9,5.965,987.47,0.0,3.57 19:58:01 11/12/20
40,99.9,5.96,987.46,0.0,3.58 20:03:20 11/12/20
40,99.9,5.98,987.45,0.0,3.58 20:08:36 11/12/20
40,99.9,6.0299997,987.49,0.0,3.58 20:13:50 11/12/20
41,99.9,5.99,987.47,0.0,3.58 20:19:02 11/12/20
42,99.9,6.06,987.47,0.0,3.57 20:24:18 11/12/20
41,99.9,6.075,987.53,0.0,3.57 20:29:36 11/12/20
39,99.9,6.075,987.52,0.0,3.57 20:34:47 11/12/20
41,99.9,6.135,987.64,0.0,3.58 20:40:02 11/12/20
35,99.9,6.1000004,987.55,0.0,3.58 20:45:12 11/12/20
42,99.9,6.1549997,987.49,0.0,3.58 20:50:28 11/12/20
42,99.9,6.165,987.57,0.0,3.58 20:55:40 11/12/20
40,99.9,6.17,987.53,0.0,3.57 21:00:56 11/12/20
42,99.9,6.225,987.58,0.0,3.57 21:06:14 11/12/20
42,99.9,6.175,987.61,0.0,3.57 21:11:27 11/12/20
40,99.9,6.17,987.59,0.0,3.57 21:16:39 11/12/20
40,99.9,6.1549997,987.62,0.0,3.58 21:21:51 11/12/20
43,99.9,6.165,987.62,0.0,3.57 21:27:06 11/12/20
39,99.9,6.17,987.61,0.0,3.58 21:32:17 11/12/20
45,99.9,6.175,987.65,0.0,3.57 21:37:31 11/12/20
39,99.9,6.24,987.7,0.0,3.58 21:42:42 11/12/20
44,99.9,6.245,987.69,0.0,3.57 21:47:56 11/12/20
36,99.9,6.26,987.77,0.0,3.57 21:53:10 11/12/20
45,99.9,6.27,987.78,0.0,3.57 21:58:23 11/12/20
44,99.9,6.33,987.81,0.0,3.57 22:03:35 11/12/20
46,99.9,6.355,987.85,0.0,3.57 22:08:51 11/12/20
44,99.9,6.37,987.92,0.0,3.57 22:14:10 11/12/20
37,99.9,6.4300003,987.92,0.0,3.57 22:19:20 11/12/20
44,99.9,6.44,987.98,0.0,3.57 22:24:35 11/12/20
45,99.9,6.45,988.0,0.0,3.57 22:29:51 11/12/20
44,99.9,6.46,988.03,0.0,3.57 22:35:09 11/12/20
44,99.9,6.455,987.98,0.0,3.57 22:40:22 11/12/20
45,99.9,6.455,988.02,0.0,3.57 22:45:39 11/12/20
44,99.9,6.46,988.06,0.0,3.57 22:50:56 11/12/20
38,99.9,6.455,988.03,0.0,3.57 22:56:07 11/12/20
41,99.9,6.46,987.97,0.0,3.57 23:01:21 11/12/20
44,99.9,6.4750004,987.93,0.0,3.57 23:06:34 11/12/20
43,99.9,6.54,987.99,0.0,3.57 23:11:48 11/12/20
44,99.9,6.545,987.96,0.0,3.57 23:17:01 11/12/20
45,99.9,6.55,987.96,0.0,3.57 23:22:13 11/12/20
46,99.9,6.565,988.01,0.0,3.57 23:27:31 11/12/20
46,99.9,6.62,988.02,0.0,3.57 23:32:51 11/12/20
43,99.9,6.6400003,987.98,0.0,3.57 23:38:08 11/12/20
35,99.9,6.645,987.98,0.0,3.57 23:43:19 11/12/20
48,99.9,6.6400003,987.98,0.0,3.57 23:48:38 11/12/20
41,99.9,6.66,988.03,0.0,3.57 23:53:55 11/12/20
41,99.9,6.67,988.02,0.0,3.57 23:59:07 11/12/20
