45,99.9,6.73,988.08,0.0,3.57 00:04:21 12/12/20
47,99.9,6.73,988.15,0.0,3.56 00:09:36 12/12/20
45,99.9,6.73,988.18,0.0,3.57 00:14:48 12/12/20
39,99.9,6.74,988.21,0.0,3.57 00:19:58 12/12/20
46,99.9,6.74,988.27,0.0,3.57 00:25:13 12/12/20
47,99.9,6.74,988.25,0.0,3.57 00:30:28 12/12/20
44,99.9,6.74,988.25,0.0,3.57 00:35:38 12/12/20
44,99.9,6.74,988.27,0.0,3.57 00:40:52 12/12/20
34,99.9,6.725,988.36,0.0,3.57 00:46:02 12/12/20
47,99.9,6.6549997,988.35,0.0,3.57 00:51:20 12/12/20
38,99.9,6.6549997,988.33,0.0,3.57 00:56:29 12/12/20
38,99.9,6.65,988.38,0.0,3.57 01:01:41 12/12/20
48,99.9,6.65,988.39,0.0,3.56 01:07:00 12/12/20
46,99.9,6.65,988.37,0.0,3.57 01:12:18 12/12/20
38,99.9,6.6549997,988.3,0.0,3.57 01:17:28 12/12/20
47,99.9,6.675,988.37,0.0,3.56 01:22:43 12/12/20
46,99.9,6.745,988.39,0.0,3.57 01:27:56 12/12/20
46,99.9,6.805,988.4,0.0,3.56 01:33:08 12/12/20
46,99.9,6.765,988.47,0.0,3.56 01:38:21 12/12/20
46,99.9,6.845,988.49,0.0,3.56 01:43:34 12/12/20
48,99.9,6.855,988.53,0.0,3.56 01:48:48 12/12/20
39,99.9,6.855,988.57,0.0,3.56 01:53:59 12/12/20
48,99.9,6.8599997,988.56,0.0,3.56 01:59:14 12/12/20
48,99.9,6.925,988.6,0.0,3.56 02:04:27 12/12/20
50,99.9,6.94,988.64,0.0,3.56 02:09:42 12/12/20
47,99.9,6.955,988.71,0.0,3.56 02:15:01 12/12/20
48,99.9,6.96,988.79,0.0,3.56 02:20:14 12/12/20
48,99.9,6.96,988.8,0.0,3.56 02:25:26 12/12/20
49,99.9,7.0150003,988.86,0.0,3.56 02:30:39 12/12/20
49,99.9,7.025,988.89,0.0,3.56 02:35:53 12/12/20
44,99.9,7.0299997,988.95,0.0,3.56 02:41:05 12/12/20
48,99.9,7.02,988.95,0.0,3.56 02:46:17 12/12/20
45,99.9,7.0299997,989.04,0.0,3.56 02:51:29 12/12/20
49,99.9,7.0299997,989.07,0.0,3.56 02:56:46 12/12/20
48,99.9,7.045,989.18,0.0,3.56 03:01:57 12/12/20
38,99.9,7.0550003,989.23,0.0,3.56 03:07:07 12/12/20
42,99.9,7.0550003,989.21,0.0,3.56 03:12:21 12/12/20
50,99.9,7.0550003,989.23,0.0,3.56 03:17:38 12/12/20
49,99.9,7.065,989.21,0.0,3.56 03:22:56 12/12/20
49,99.9,7.075,989.18,0.0,3.56 03:28:09 12/12/20
38,99.9,7.135,989.23,0.0,3.56 03:33:20 12/12/20
43,99.9,7.1400003,989.23,0.0,3.56 03:38:34 12/12/20
51,99.9,7.1400003,989.25,0.0,3.56 03:43:48 12/12/20
42,99.9,7.15,989.22,0.0,3.56 03:48:59 12/12/20
51,99.9,7.145,989.28,0.0,3.56 03:54:14 12/12/20
51,99.9,7.145,989.31,0.0,3.56 03:59:27 12/12/20
50,99.9,7.16,989.39,0.0,3.56 04:04:40 12/12/20
49,99.9,7.145,989.41,0.0,3.56 04:09:53 12/12/20
50,99.9,7.145,989.44,0.0,3.56 04:15:05 12/12/20
50,99.9,7.135,989.5,0.0,3.56 04:20:18 12/12/20
53,99.9,7.0699997,989.5,0.0,3.56 04:25:33 12/12/20
38,99.9,7.06,989.55,0.0,3.56 04:30:42 12/12/20
43,99.9,7.04,989.6,0.0,3.56 04:35:56 12/12/20
52,99.9,7.035,989.69,0.0,3.56 04:41:13 12/12/20
50,99.9,7.035,989.72,0.0,3.56 04:46:31 12/12/20
51,99.9,7.045,989.79,0.0,3.56 04:51:44 12/12/20
51,99.9,7.045,989.87,0.0,3.56 04:56:57 12/12/20
53,99.9,7.045,989.87,0.0,3.56 05:02:11 12/12/20
52,99.9,7.06,989.89,0.0,3.56 05:07:25 12/12/20
53,99.9,7.0699997,989.92,0.0,3.56 05:12:36 12/12/20
53,99.9,7.08,989.92,0.0,3.56 05:17:49 12/12/20
53,99.9,7.15,990.06,0.0,3.56 05:23:02 12/12/20
54,99.9,7.165,990.13,0.0,3.56 05:28:15 12/12/20
56,99.9,7.165,990.18,0.0,3.55 05:33:29 12/12/20
49,99.9,7.23,990.27,0.0,3.56 05:38:40 12/12/20
48,99.9,7.24,990.24,0.0,3.55 05:43:52 12/12/20
49,99.9,7.25,990.32,0.0,3.55 05:49:06 12/12/20
41,99.9,7.26,990.32,0.0,3.55 05:54:17 12/12/20
53,99.9,7.27,990.33,0.0,3.55 05:59:33 12/12/20
54,99.9,7.335,990.31,0.0,3.55 06:04:45 12/12/20
54,99.9,7.335,990.42,0.0,3.55 06:09:58 12/12/20
55,99.9,7.35,990.49,0.0,3.56 06:15:12 12/12/20
54,99.9,7.355,990.53,0.0,3.56 06:20:25 12/12/20
54,99.9,7.35,990.58,0.0,3.55 06:25:38 12/12/20
46,99.9,7.34,990.69,0.0,3.56 06:30:48 12/12/20
55,99.9,7.335,990.65,0.0,3.55 06:36:03 12/12/20
56,99.9,7.33,990.76,0.0,3.56 06:41:16 12/12/20
54,99.9,7.2799997,990.82,0.0,3.55 06:46:29 12/12/20
55,99.9,7.265,990.79,0.0,3.55 06:51:42 12/12/20
46,99.9,7.255,990.9,0.0,3.55 06:56:53 12/12/20
47,99.9,7.245,990.92,0.0,3.55 07:02:06 12/12/20
57,99.9,7.24,991.08,0.0,3.55 07:07:23 12/12/20
55,99.9,7.25,991.13,0.0,3.55 07:12:34 12/12/20
50,99.9,7.265,991.22,0.0,3.55 07:17:45 12/12/20
50,99.9,7.325,991.28,0.0,3.56 07:22:58 12/12/20
55,99.9,7.34,991.34,0.0,3.55 07:28:12 12/12/20
55,99.9,7.35,991.41,0.0,3.55 07:33:25 12/12/20
51,99.9,7.37,991.5,0.0,3.55 07:38:37 12/12/20
55,99.9,7.435,991.55,0.01,3.55 07:43:51 12/12/20
57,99.9,7.445,991.66,0.02,3.55 07:49:05 12/12/20
57,99.9,7.46,991.7,0.05,3.55 07:54:18 12/12/20
58,99.9,7.46,991.77,0.1,3.55 07:59:31 12/12/20
64,99.9,7.475,991.87,0.27,3.55 08:04:46 12/12/20
54,99.9,7.535,991.95,0.65,3.55 08:09:54 12/12/20
72,99.9,7.545,991.95,1.37,3.55 08:15:09 12/12/20
86,99.9,7.5600004,992.04,2.01,3.55 08:20:25 12/12/20
91,99.9,7.64,992.08,2.57,3.55 08:25:38 12/12/20
93,99.9,7.655,992.14,3.03,3.55 08:30:56 12/12/20
108,99.9,7.665,992.22,3.35,3.55 08:36:12 12/12/20
121,99.9,7.74,992.34,3.61,3.55 08:41:31 12/12/20
133,99.9,7.74,992.42,3.72,3.55 08:46:44 12/12/20
158,99.9,7.755,992.57,3.66,3.55 08:52:01 12/12/20
160,99.9,7.755,992.53,4.09,3.55 08:57:18 12/12/20
182,99.9,7.8199997,992.6,4.63,3.55 09:02:31 12/12/20
204,99.9,7.8399997,992.63,5.0,3.55 09:07:44 12/12/20
210,99.9,7.865,992.79,3.85,3.55 09:13:00 12/12/20
211,99.9,7.9300003,992.83,3.62,3.55 09:18:10 12/12/20
232,99.9,7.955,992.97,3.63,3.55 09:23:23 12/12/20
229,99.9,8.015,993.05,3.98,3.55 09:28:35 12/12/20
249,99.9,8.035,993.09,5.0,3.55 09:33:49 12/12/20
266,99.9,8.055,993.22,5.0,3.56 09:39:03 12/12/20
272,99.9,8.135,993.29,4.4,3.56 09:44:16 12/12/20
277,99.9,8.155001,993.26,4.1,3.55 09:49:32 12/12/20
282,99.9,8.23,993.4,5.0,3.56 09:54:51 12/12/20
265,99.9,8.265,993.49,4.63,3.56 10:00:03 12/12/20
264,99.9,8.335,993.52,3.67,3.56 10:05:14 12/12/20
289,99.9,8.360001,993.58,3.89,3.55 10:10:29 12/12/20
287,99.9,8.434999,993.67,3.99,3.56 10:15:41 12/12/20
277,99.9,8.46,993.77,4.21,3.56 10:20:55 12/12/20
279,99.9,8.535,993.84,3.82,3.56 10:26:09 12/12/20
272,99.9,8.565,993.96,3.61,3.56 10:31:20 12/12/20
251,99.9,8.635,994.01,3.61,3.56 10:36:35 12/12/20
232,99.9,8.665,994.11,3.95,3.56 10:41:48 12/12/20
217,99.9,8.71,994.18,4.89,3.56 10:47:01 12/12/20
207,99.9,8.73,994.25,5.0,3.55 10:52:15 12/12/20
226,99.9,8.755,994.33,5.0,3.55 10:57:25 12/12/20
229,99.9,8.74,994.42,3.62,3.56 11:02:41 12/12/20
223,99.9,8.755,994.47,4.73,3.56 11:07:52 12/12/20
217,99.9,8.805,994.6,5.0,3.56 11:13:11 12/12/20
211,99.9,8.825,994.63,4.08,3.56 11:18:26 12/12/20
208,99.9,8.825,994.66,4.62,3.56 11:23:44 12/12/20
222,99.9,8.825,994.67,4.73,3.56 11:28:54 12/12/20
240,99.9,8.844999,994.61,3.71,3.56 11:34:08 12/12/20
227,99.9,8.844999,994.64,5.0,3.56 11:39:21 12/12/20
250,99.9,8.875,994.72,3.62,3.56 11:44:35 12/12/20
233,99.9,8.934999,994.85,3.76,3.56 11:49:47 12/12/20
232,99.9,8.940001,994.9,3.89,3.56 11:55:01 12/12/20
238,99.9,8.945,994.89,5.0,3.56 12:00:13 12/12/20
260,99.9,8.950001,994.9,5.0,3.55 12:05:26 12/12/20
274,99.9,8.955,994.97,4.04,3.56 12:10:40 12/12/20
274,99.9,8.96,995.04,4.14,3.56 12:15:53 12/12/20
260,99.9,9.035,995.07,3.62,3.57 12:21:04 12/12/20
249,99.9,9.059999,995.17,3.7,3.57 12:26:24 12/12/20
247,99.9,9.139999,995.25,4.69,3.56 12:31:46 12/12/20
240,99.9,9.155001,995.22,3.79,3.57 12:37:00 12/12/20
220,99.9,9.23,995.26,5.0,3.56 12:42:15 12/12/20
243,99.9,9.245001,995.36,3.62,3.57 12:47:32 12/12/20
274,99.9,9.255,995.42,3.62,3.57 12:52:50 12/12/20
243,99.9,9.325,995.53,4.46,3.56 12:58:07 12/12/20
240,99.9,9.355,995.62,5.0,3.57 13:03:26 12/12/20
249,99.9,9.355,995.62,5.0,3.57 13:08:38 12/12/20
248,99.9,9.365,995.63,4.47,3.57 13:13:53 12/12/20
251,99.9,9.425,995.65,4.6,3.57 13:19:06 12/12/20
254,99.9,9.440001,995.67,5.0,3.57 13:24:19 12/12/20
244,99.9,9.455,995.81,3.71,3.57 13:29:31 12/12/20
243,99.9,9.53,995.9,5.0,3.57 13:34:45 12/12/20
244,99.9,9.49,995.87,5.0,3.57 13:40:02 12/12/20
258,99.9,9.555,995.85,4.13,3.58 13:45:19 12/12/20
257,99.9,9.559999,995.92,4.66,3.58 13:50:33 12/12/20
250,99.9,9.639999,996.01,4.4,3.56 13:55:50 12/12/20
215,99.9,9.655001,996.07,5.0,3.57 14:01:07 12/12/20
213,99.9,9.655001,996.18,3.86,3.57 14:06:21 12/12/20
214,99.9,9.66,996.14,5.0,3.57 14:11:34 12/12/20
215,99.9,9.66,996.25,4.44,3.57 14:16:47 12/12/20
209,99.9,9.665,996.31,3.63,3.57 14:22:00 12/12/20
215,99.9,9.66,996.3,4.49,3.57 14:27:14 12/12/20
201,99.9,9.655001,996.39,3.63,3.57 14:32:28 12/12/20
212,99.9,9.655001,996.39,5.0,3.57 14:37:40 12/12/20
219,99.9,9.66,996.48,4.91,3.57 14:42:53 12/12/20
194,99.9,9.65,996.58,5.0,3.57 14:48:10 12/12/20
201,99.9,9.66,996.73,5.0,3.57 14:53:28 12/12/20
205,99.9,9.66,996.72,3.96,3.57 14:58:45 12/12/20
189,99.9,9.665,996.75,5.0,3.57 15:04:03 12/12/20
196,99.9,9.66,996.81,5.0,3.57 15:09:16 12/12/20
169,99.9,9.66,996.98,4.15,3.57 15:14:28 12/12/20
184,99.9,9.66,997.02,4.04,3.57 15:19:44 12/12/20
176,99.9,9.655001,997.06,3.67,3.57 15:24:54 12/12/20
166,99.9,9.655001,997.1,4.47,3.57 15:30:09 12/12/20
185,99.9,9.665,997.21,5.0,3.56 15:35:23 12/12/20
170,99.9,9.655001,997.27,3.73,3.57 15:40:36 12/12/20
168,99.9,9.66,997.37,5.0,3.57 15:45:49 12/12/20
140,99.9,9.655001,997.44,4.77,3.57 15:51:02 12/12/20
126,99.9,9.605,997.51,4.51,3.57 15:56:17 12/12/20
111,99.9,9.6,997.52,3.85,3.57 16:01:29 12/12/20
130,99.9,9.575,997.55,4.08,3.57 16:06:43 12/12/20
109,99.9,9.575,997.6,3.86,3.56 16:11:55 12/12/20
94,99.9,9.559999,997.63,3.69,3.56 16:17:11 12/12/20
73,99.9,9.549999,997.81,3.39,3.57 16:22:23 12/12/20
71,99.9,9.495,997.87,3.27,3.57 16:27:36 12/12/20
70,99.9,9.48,998.01,3.05,3.56 16:32:48 12/12/20
54,99.9,9.46,998.04,2.56,3.56 16:38:01 12/12/20
44,99.9,9.465,998.14,2.23,3.56 16:43:13 12/12/20
36,99.9,9.450001,998.13,1.84,3.56 16:48:28 12/12/20
28,99.9,9.445,998.18,1.53,3.56 16:53:42 12/12/20
18,99.9,9.434999,998.3,0.74,3.56 16:58:59 12/12/20
11,99.9,9.43,998.38,0.3,3.56 17:04:16 12/12/20
8,99.9,9.38,998.43,0.14,3.56 17:09:33 12/12/20
6,99.9,9.37,998.52,0.05,3.56 17:14:51 12/12/20
7,99.9,9.360001,998.53,0.02,3.56 17:20:05 12/12/20
6,99.9,9.35,998.54,0.0,3.56 17:25:20 12/12/20
6,99.9,9.355,998.62,0.0,3.56 17:30:30 12/12/20
6,99.9,9.344999,998.67,0.0,3.56 17:35:44 12/12/20
5,99.9,9.35,998.7,0.0,3.56 17:40:57 12/12/20
12,99.9,9.295,998.73,0.0,3.56 17:46:11 12/12/20
17,99.9,9.29,998.79,0.0,3.56 17:51:23 12/12/20
21,99.9,9.285,998.81,0.0,3.56 17:56:36 12/12/20
23,99.9,9.335,998.89,0.0,3.56 18:01:55 12/12/20
25,99.9,9.29,998.92,0.0,3.56 18:07:11 12/12/20
26,99.9,9.335,999.01,0.0,3.56 18:12:25 12/12/20
28,99.9,9.280001,999.01,0.0,3.56 18:17:38 12/12/20
28,99.9,9.275,999.08,0.0,3.56 18:22:51 12/12/20
28,99.9,9.265,999.13,0.0,3.56 18:28:04 12/12/20
27,99.9,9.27,999.15,0.0,3.56 18:33:15 12/12/20
30,99.9,9.26,999.2,0.0,3.56 18:38:31 12/12/20
31,99.9,9.27,999.23,0.0,3.56 18:43:44 12/12/20
31,99.9,9.265,999.29,0.0,3.56 18:48:57 12/12/20
31,99.9,9.265,999.35,0.0,3.56 18:54:11 12/12/20
31,99.9,9.27,999.39,0.0,3.55 18:59:23 12/12/20
31,99.9,9.27,999.54,0.0,3.56 19:04:36 12/12/20
32,99.9,9.280001,999.62,0.0,3.55 19:09:50 12/12/20
32,99.9,9.285,999.68,0.0,3.56 19:15:03 12/12/20
30,99.9,9.285,999.73,0.0,3.56 19:20:15 12/12/20
28,99.9,9.285,999.77,0.0,3.56 19:25:27 12/12/20
32,99.9,9.285,999.81,0.0,3.56 19:30:42 12/12/20
31,99.9,9.29,999.92,0.0,3.56 19:35:55 12/12/20
33,99.9,9.295,1000.0,0.0,3.56 19:41:09 12/12/20
33,99.9,9.3,1000.07,0.0,3.56 19:46:23 12/12/20
29,99.9,9.295,1000.12,0.0,3.55 19:51:34 12/12/20
33,99.9,9.29,1000.15,0.0,3.56 19:56:48 12/12/20
32,99.9,9.295,1000.16,0.0,3.55 20:02:02 12/12/20
35,99.9,9.355,1000.27,0.0,3.55 20:07:19 12/12/20
33,99.9,9.360001,1000.28,0.0,3.55 20:12:35 12/12/20
35,99.9,9.355,1000.34,0.0,3.55 20:17:54 12/12/20
35,99.9,9.360001,1000.35,0.0,3.55 20:23:11 12/12/20
37,99.9,9.360001,1000.47,0.0,3.55 20:28:26 12/12/20
36,99.9,9.35,1000.56,0.0,3.55 20:33:38 12/12/20
37,99.9,9.360001,1000.68,0.0,3.55 20:38:51 12/12/20
37,99.9,9.344999,1000.68,0.0,3.55 20:44:05 12/12/20
36,99.9,9.3,1000.73,0.0,3.55 20:49:16 12/12/20
36,99.9,9.35,1000.75,0.0,3.55 20:54:30 12/12/20
36,99.9,9.34,1000.78,0.0,3.55 20:59:43 12/12/20
38,99.9,9.35,1000.86,0.0,3.55 21:04:57 12/12/20
39,99.9,9.295,1000.95,0.0,3.55 21:10:11 12/12/20
38,99.9,9.295,1000.93,0.0,3.55 21:15:23 12/12/20
36,99.9,9.295,1001.0,0.0,3.55 21:20:36 12/12/20
35,99.9,9.285,1000.98,0.0,3.55 21:25:48 12/12/20
39,99.9,9.275,1001.06,0.0,3.55 21:31:04 12/12/20
39,99.9,9.275,1001.13,0.0,3.55 21:36:17 12/12/20
38,99.9,9.275,1001.17,0.0,3.55 21:41:29 12/12/20
38,99.9,9.280001,1001.22,0.0,3.55 21:46:42 12/12/20
38,99.9,9.27,1001.23,0.0,3.55 21:51:57 12/12/20
38,99.9,9.265,1001.29,0.0,3.55 21:57:09 12/12/20
38,99.9,9.265,1001.43,0.0,3.55 22:02:23 12/12/20
31,99.9,9.27,1001.5,0.0,3.55 22:07:33 12/12/20
35,99.9,9.25,1001.54,0.0,3.55 22:12:47 12/12/20
38,99.9,9.205,1001.61,0.0,3.54 22:18:02 12/12/20
38,99.9,9.25,1001.71,0.0,3.55 22:23:15 12/12/20
33,99.9,9.245001,1001.77,0.0,3.55 22:28:27 12/12/20
31,99.9,9.2,1001.79,0.0,3.55 22:33:39 12/12/20
37,99.9,9.190001,1001.91,0.0,3.55 22:38:54 12/12/20
36,99.9,9.190001,1001.98,0.0,3.55 22:44:07 12/12/20
38,99.9,9.195,1001.97,0.0,3.55 22:49:21 12/12/20
33,99.9,9.190001,1002.03,0.0,3.55 22:54:32 12/12/20
33,99.9,9.195,1002.13,0.0,3.55 22:59:46 12/12/20
37,99.9,9.18,1002.21,0.0,3.54 23:05:00 12/12/20
38,99.9,9.175,1002.31,0.0,3.55 23:10:14 12/12/20
35,99.9,9.17,1002.33,0.0,3.55 23:15:26 12/12/20
38,99.9,9.165,1002.37,0.0,3.54 23:20:40 12/12/20
34,99.9,9.16,1002.53,0.0,3.54 23:25:51 12/12/20
39,99.9,9.15,1002.66,0.0,3.55 23:31:07 12/12/20
38,99.9,9.09,1002.72,0.0,3.55 23:36:19 12/12/20
36,99.9,9.09,1002.78,0.0,3.55 23:41:31 12/12/20
36,99.9,9.085,1002.89,0.0,3.54 23:46:45 12/12/20
34,99.9,9.085,1002.95,0.0,3.55 23:51:57 12/12/20
33,99.9,9.08,1002.98,0.0,3.54 23:57:10 12/12/20
