22,99.9,6.7749996,1019.85,0.0,3.55 00:02:51 18/12/20
22,99.9,6.6949997,1019.87,0.0,3.55 00:08:04 18/12/20
21,99.9,6.675,1019.92,0.0,3.56 00:13:17 18/12/20
20,99.9,6.5950003,1019.87,0.0,3.55 00:18:30 18/12/20
19,99.9,6.565,1019.76,0.0,3.55 00:23:42 18/12/20
22,99.9,6.495,1019.77,0.0,3.55 00:29:00 18/12/20
21,99.9,6.4750004,1019.76,0.0,3.55 00:34:17 18/12/20
21,99.9,6.395,1019.77,0.0,3.55 00:39:31 18/12/20
17,99.9,6.375,1019.73,0.0,3.56 00:44:41 18/12/20
21,99.9,6.295,1019.74,0.0,3.55 00:50:00 18/12/20
21,99.9,6.26,1019.76,0.0,3.55 00:55:18 18/12/20
22,99.9,6.1949997,1019.76,0.0,3.55 01:00:30 18/12/20
20,99.9,6.1800003,1019.74,0.0,3.55 01:05:42 18/12/20
22,99.9,6.1549997,1019.73,0.0,3.55 01:10:55 18/12/20
22,99.9,6.1000004,1019.71,0.0,3.55 01:16:08 18/12/20
21,99.9,6.085,1019.72,0.0,3.55 01:21:20 18/12/20
18,99.9,6.075,1019.66,0.0,3.55 01:26:32 18/12/20
21,99.9,6.0699997,1019.64,0.0,3.55 01:31:50 18/12/20
22,99.9,6.0699997,1019.61,0.0,3.55 01:37:12 18/12/20
21,99.9,6.065,1019.61,0.0,3.55 01:42:32 18/12/20
19,99.9,6.06,1019.6,0.0,3.55 01:47:50 18/12/20
20,99.9,5.995,1019.56,0.0,3.55 01:53:05 18/12/20
21,99.9,5.985,1019.58,0.0,3.55 01:58:16 18/12/20
20,99.9,5.9750004,1019.52,0.0,3.55 02:03:29 18/12/20
21,99.9,5.96,1019.46,0.0,3.55 02:08:42 18/12/20
14,99.9,5.9049997,1019.41,0.0,3.55 02:13:52 18/12/20
18,99.9,5.895,1019.4,0.0,3.55 02:19:05 18/12/20
19,99.9,5.88,1019.44,0.0,3.54 02:24:21 18/12/20
21,99.9,5.875,1019.44,0.0,3.55 02:29:33 18/12/20
20,99.9,5.865,1019.42,0.0,3.55 02:34:45 18/12/20
19,99.9,5.8050003,1019.42,0.0,3.55 02:39:57 18/12/20
16,99.9,5.8050003,1019.45,0.0,3.55 02:45:12 18/12/20
25,99.9,5.865,1019.43,0.0,3.55 02:50:27 18/12/20
23,99.9,5.865,1019.45,0.0,3.55 02:55:47 18/12/20
23,99.9,5.8599997,1019.41,0.0,3.55 03:01:01 18/12/20
18,99.9,5.8599997,1019.46,0.0,3.55 03:06:18 18/12/20
21,99.9,5.795,1019.37,0.0,3.55 03:11:32 18/12/20
23,99.9,5.79,1019.3,0.0,3.55 03:16:49 18/12/20
18,99.9,5.79,1019.29,0.0,3.54 03:22:05 18/12/20
1,99.9,5.835,1019.27,0.0,3.55 03:27:16 18/12/20
2,99.9,5.79,1019.24,0.0,3.55 03:32:30 18/12/20
24,99.9,5.785,1019.23,0.0,3.54 03:37:51 18/12/20
20,99.9,5.855,1019.21,0.0,3.54 03:43:06 18/12/20
24,99.9,5.855,1019.11,0.0,3.54 03:48:30 18/12/20
19,99.9,5.87,1019.08,0.0,3.54 03:53:47 18/12/20
16,99.9,5.875,1019.04,0.0,3.54 03:59:00 18/12/20
20,99.9,5.875,1019.03,0.0,3.54 04:04:14 18/12/20
21,99.9,5.87,1018.98,0.0,3.54 04:09:30 18/12/20
19,99.9,5.88,1019.06,0.0,3.54 04:14:48 18/12/20
15,99.9,5.88,1019.09,0.0,3.54 04:19:58 18/12/20
19,99.9,5.875,1018.87,0.0,3.54 04:25:13 18/12/20
19,99.9,5.875,1018.85,0.0,3.54 04:30:26 18/12/20
22,99.9,5.875,1018.97,0.0,3.54 04:35:43 18/12/20
20,99.9,5.885,1018.95,0.0,3.54 04:40:59 18/12/20
23,99.9,5.885,1019.03,0.0,3.54 04:46:16 18/12/20
22,99.9,5.885,1018.99,0.0,3.54 04:51:33 18/12/20
21,99.9,5.885,1018.91,0.0,3.54 04:56:47 18/12/20
9,99.9,5.885,1018.89,0.0,3.54 05:01:57 18/12/20
22,99.9,5.88,1018.89,0.0,3.54 05:07:14 18/12/20
17,99.9,5.89,1018.91,0.0,3.54 05:12:31 18/12/20
18,99.9,5.94,1018.84,0.0,3.54 05:17:45 18/12/20
23,99.9,5.895,1018.85,0.0,3.54 05:23:01 18/12/20
18,99.9,5.895,1018.74,0.0,3.54 05:28:19 18/12/20
16,99.9,5.9049997,1018.76,0.0,3.54 05:33:30 18/12/20
17,99.9,5.96,1018.73,0.0,3.54 05:38:44 18/12/20
20,99.9,5.955,1018.71,0.0,3.54 05:43:58 18/12/20
17,99.9,5.95,1018.74,0.0,3.54 05:49:10 18/12/20
11,99.9,5.95,1018.66,0.0,3.54 05:54:21 18/12/20
21,99.9,5.955,1018.7,0.0,3.54 05:59:37 18/12/20
21,99.9,5.965,1018.64,0.0,3.54 06:04:50 18/12/20
21,99.9,5.9700003,1018.65,0.0,3.54 06:10:04 18/12/20
17,99.9,5.965,1018.53,0.0,3.54 06:15:13 18/12/20
19,99.9,5.9700003,1018.49,0.0,3.54 06:20:27 18/12/20
20,99.9,5.96,1018.42,0.0,3.54 06:25:43 18/12/20
19,99.9,5.9750004,1018.35,0.0,3.54 06:31:04 18/12/20
16,99.9,5.965,1018.41,0.0,3.54 06:36:12 18/12/20
15,99.9,5.9700003,1018.47,0.0,3.54 06:41:26 18/12/20
18,99.9,5.9750004,1018.44,0.0,3.54 06:46:39 18/12/20
19,99.9,5.98,1018.39,0.0,3.54 06:51:55 18/12/20
9,99.9,6.035,1018.34,0.0,3.54 06:57:04 18/12/20
18,99.9,5.995,1018.34,0.0,3.54 07:02:18 18/12/20
16,99.9,6.0550003,1018.31,0.0,3.54 07:07:29 18/12/20
18,99.9,6.06,1018.29,0.0,3.54 07:12:42 18/12/20
23,99.9,6.075,1018.34,0.0,3.54 07:18:01 18/12/20
11,99.9,6.135,1018.34,0.0,3.54 07:23:17 18/12/20
14,99.9,6.13,1018.12,0.0,3.54 07:28:28 18/12/20
15,99.9,6.075,1018.2,0.0,3.54 07:33:42 18/12/20
26,99.9,6.085,1018.31,0.02,3.54 07:39:05 18/12/20
19,99.9,6.21,1018.32,0.06,3.54 07:44:16 18/12/20
19,99.9,6.1800003,1018.36,0.13,3.54 07:49:28 18/12/20
27,99.9,6.24,1018.44,0.33,3.54 07:54:53 18/12/20
26,99.9,6.31,1018.47,0.61,3.54 08:00:05 18/12/20
30,99.9,6.27,1018.42,0.86,3.54 08:05:22 18/12/20
33,99.9,6.27,1018.43,0.88,3.54 08:05:45 18/12/20
26,99.9,6.425,1018.27,1.18,3.54 08:10:54 18/12/20
36,99.9,6.465,1018.14,2.02,3.54 08:16:09 18/12/20
46,99.9,6.545,1018.26,2.95,3.54 08:21:24 18/12/20
44,99.9,6.63,1018.34,3.53,3.54 08:26:41 18/12/20
57,99.9,6.705,1018.21,3.75,3.54 08:31:57 18/12/20
72,99.9,6.71,1018.24,3.8,3.54 08:37:09 18/12/20
79,99.9,6.675,1018.22,3.62,3.54 08:42:19 18/12/20
84,99.9,6.715,1018.11,4.69,3.54 08:47:32 18/12/20
100,99.9,6.6549997,1018.2,4.9,3.54 08:52:49 18/12/20
93,99.9,6.6400003,1018.17,4.67,3.54 08:57:58 18/12/20
98,99.9,6.635,1018.22,3.62,3.54 09:03:11 18/12/20
107,99.9,6.625,1018.34,3.95,3.54 09:08:25 18/12/20
114,99.9,6.5699997,1018.47,5.0,3.54 09:13:39 18/12/20
117,99.9,6.5699997,1018.52,3.61,3.54 09:18:52 18/12/20
122,99.9,6.565,1018.55,3.97,3.54 09:24:03 18/12/20
132,99.9,6.56,1018.61,3.89,3.54 09:29:16 18/12/20
145,99.9,6.5550003,1018.59,4.57,3.56 09:34:30 18/12/20
154,99.9,6.565,1018.6,5.0,3.56 09:39:40 18/12/20
149,99.9,6.6400003,1018.61,3.85,3.56 09:44:55 18/12/20
151,99.9,6.73,1018.68,5.0,3.55 09:50:06 18/12/20
152,99.9,6.85,1018.73,3.78,3.55 09:55:19 18/12/20
160,99.9,6.955,1018.8,4.42,3.55 10:00:37 18/12/20
175,99.9,7.065,1018.79,4.97,3.55 10:05:58 18/12/20
168,99.9,7.16,1018.68,5.0,3.55 10:11:06 18/12/20
202,99.9,7.325,1018.75,4.47,3.59 10:16:24 18/12/20
194,99.9,7.4300003,1018.73,5.0,3.56 10:21:35 18/12/20
239,99.9,7.6,1018.86,3.82,3.61 10:26:46 18/12/20
246,99.9,7.665,1018.92,3.72,3.61 10:32:08 18/12/20
211,99.9,7.825,1018.95,3.75,3.61 10:37:21 18/12/20
258,99.9,7.925,1018.97,3.72,3.59 10:42:34 18/12/20
261,99.9,8.035,1019.02,4.17,3.61 10:47:46 18/12/20
218,99.9,8.13,1019.05,3.67,3.57 10:53:00 18/12/20
218,99.9,8.24,1019.03,5.0,3.58 10:58:13 18/12/20
225,99.9,8.34,1018.92,4.54,3.58 11:03:34 18/12/20
211,99.9,8.49,1018.99,4.16,3.58 11:08:50 18/12/20
219,99.9,8.53,1019.0,3.74,3.6 11:14:03 18/12/20
232,99.9,8.605,1018.95,3.74,3.6 11:19:16 18/12/20
227,99.9,8.635,1018.98,4.76,3.6 11:24:27 18/12/20
207,99.9,8.71,1018.89,3.85,3.59 11:29:40 18/12/20
209,99.9,8.75,1018.83,3.64,3.59 11:34:53 18/12/20
216,99.9,8.83,1018.8,3.63,3.59 11:40:07 18/12/20
202,99.9,8.934999,1018.7,3.68,3.6 11:45:18 18/12/20
212,99.9,9.085,1018.6,4.05,3.6 11:50:34 18/12/20
172,99.9,9.13,1018.45,5.0,3.6 11:55:44 18/12/20
180,99.9,9.21,1018.29,3.73,3.61 12:00:58 18/12/20
179,99.9,9.309999,1018.28,4.51,3.6 12:06:12 18/12/20
189,99.9,9.415,1018.29,3.82,3.59 12:11:24 18/12/20
177,99.9,9.455,1018.26,5.0,3.6 12:16:44 18/12/20
182,99.9,9.59,1018.19,5.0,3.65 12:22:00 18/12/20
179,99.9,9.610001,1018.14,3.67,3.59 12:27:14 18/12/20
175,99.9,9.645,1017.94,3.69,3.59 12:32:26 18/12/20
188,99.9,9.74,1017.76,5.0,3.6 12:37:40 18/12/20
179,99.9,9.82,1017.55,4.3,3.58 12:42:54 18/12/20
176,99.9,9.905001,1017.49,3.7,3.59 12:48:05 18/12/20
243,99.9,9.950001,1017.32,3.96,3.75 12:53:19 18/12/20
243,99.9,10.110001,1017.17,3.99,3.77 12:58:31 18/12/20
250,99.9,10.24,1017.18,3.99,3.77 13:03:48 18/12/20
247,99.9,10.43,1017.16,3.99,3.77 13:09:01 18/12/20
247,99.9,10.690001,1016.98,4.0,3.78 13:14:13 18/12/20
233,99.9,10.889999,1016.94,4.0,3.78 13:19:27 18/12/20
250,99.9,11.049999,1016.86,4.0,3.79 13:24:41 18/12/20
246,99.9,11.23,1016.78,4.01,3.8 13:29:53 18/12/20
243,99.9,11.395,1016.66,4.01,3.8 13:35:08 18/12/20
234,99.9,11.514999,1016.54,4.02,3.81 13:40:20 18/12/20
237,99.9,11.54,1016.38,4.0,3.81 13:45:39 18/12/20
241,99.9,11.635,1016.35,4.02,3.82 13:50:56 18/12/20
238,99.9,11.65,1016.14,4.03,3.83 13:56:09 18/12/20
229,99.9,11.655001,1016.03,4.01,3.82 14:01:22 18/12/20
231,99.9,11.65,1015.86,4.01,3.83 14:06:37 18/12/20
225,99.9,11.559999,1015.85,3.98,3.82 14:11:49 18/12/20
219,99.9,11.47,1015.73,3.89,3.78 14:17:03 18/12/20
198,99.9,11.360001,1015.74,3.82,3.74 14:22:17 18/12/20
192,99.9,11.265,1015.7,3.84,3.74 14:27:30 18/12/20
179,99.9,11.094999,1015.59,3.89,3.74 14:32:42 18/12/20
182,99.9,11.059999,1015.46,4.34,3.75 14:37:55 18/12/20
185,99.9,11.04,1015.51,3.91,3.74 14:43:11 18/12/20
173,99.9,10.945,1015.4,4.0,3.72 14:48:23 18/12/20
176,99.9,10.885,1015.48,3.83,3.72 14:53:40 18/12/20
174,99.9,10.860001,1015.44,3.93,3.72 14:58:51 18/12/20
173,99.9,10.77,1015.42,5.0,3.72 15:04:03 18/12/20
169,99.9,10.66,1015.39,5.0,3.72 15:09:19 18/12/20
165,99.9,10.6,1015.43,5.0,3.73 15:14:30 18/12/20
173,99.9,10.545,1015.37,3.87,3.72 15:19:44 18/12/20
160,99.9,10.475,1015.39,3.79,3.72 15:24:57 18/12/20
158,99.9,10.434999,1015.44,4.87,3.72 15:30:12 18/12/20
154,99.9,10.375,1015.56,4.79,3.72 15:35:25 18/12/20
157,99.9,10.355,1015.64,5.0,3.71 15:40:38 18/12/20
155,99.9,10.29,1015.63,5.0,3.71 15:45:51 18/12/20
139,99.9,10.255,1015.75,5.0,3.72 15:51:04 18/12/20
140,99.9,10.175,1015.77,5.0,3.71 15:56:16 18/12/20
130,99.9,10.145,1015.88,3.84,3.71 16:01:35 18/12/20
116,99.9,10.059999,1015.81,4.1,3.71 16:06:53 18/12/20
105,99.9,9.98,1015.88,4.93,3.71 16:12:04 18/12/20
97,99.9,9.889999,1015.94,3.77,3.71 16:17:19 18/12/20
88,99.9,9.79,1015.97,4.46,3.71 16:22:35 18/12/20
77,99.9,9.745001,1015.98,3.98,3.71 16:27:51 18/12/20
64,99.9,9.585,1015.98,3.82,3.71 16:33:07 18/12/20
50,99.9,9.395,1015.94,3.83,3.71 16:38:20 18/12/20
38,99.9,9.265,1015.95,3.36,3.71 16:43:34 18/12/20
29,99.9,9.09,1016.09,3.04,3.71 16:48:47 18/12/20
18,99.9,8.955,1016.07,2.33,3.71 16:54:00 18/12/20
10,99.9,8.79,1016.01,1.43,3.71 16:59:13 18/12/20
5,99.9,8.67,1015.97,0.75,3.71 17:04:26 18/12/20
2,99.9,8.57,1016.0,0.37,3.7 17:09:38 18/12/20
1,99.9,8.48,1016.0,0.17,3.7 17:14:51 18/12/20
0,99.9,8.389999,1015.91,0.07,3.7 17:20:09 18/12/20
0,99.9,8.295,1015.94,0.03,3.7 17:25:20 18/12/20
0,99.9,8.26,1015.81,0.01,3.7 17:30:30 18/12/20
0,99.9,8.17,1015.78,0.0,3.7 17:35:44 18/12/20
0,99.9,8.095,1015.73,0.0,3.7 17:40:58 18/12/20
0,99.9,8.07,1015.75,0.0,3.7 17:46:14 18/12/20
0,99.9,8.06,1015.77,0.0,3.7 17:51:26 18/12/20
0,99.9,7.9900002,1015.64,0.0,3.7 17:56:37 18/12/20
0,99.9,7.975,1015.64,0.0,3.7 18:01:53 18/12/20
0,99.9,7.965,1015.64,0.0,3.7 18:07:06 18/12/20
0,99.9,7.8849998,1015.53,0.0,3.7 18:12:18 18/12/20
0,99.9,7.865,1015.46,0.0,3.7 18:17:29 18/12/20
0,99.9,7.865,1015.42,0.0,3.7 18:22:48 18/12/20
0,99.9,7.87,1015.39,0.0,3.7 18:28:07 18/12/20
0,99.9,7.875,1015.25,0.0,3.7 18:33:26 18/12/20
0,99.9,7.89,1015.23,0.0,3.7 18:38:45 18/12/20
0,99.9,7.975,1015.22,0.0,3.7 18:43:59 18/12/20
0,99.9,8.005,1015.21,0.0,3.7 18:49:14 18/12/20
0,99.9,8.075,1015.17,0.0,3.7 18:54:24 18/12/20
0,99.9,8.095,1015.26,0.0,3.7 18:59:39 18/12/20
0,99.9,8.155001,1015.24,0.0,3.7 19:04:51 18/12/20
0,99.9,8.17,1015.26,0.0,3.69 19:10:04 18/12/20
0,99.9,8.18,1015.23,0.0,3.7 19:15:18 18/12/20
0,99.9,8.18,1015.26,0.0,3.7 19:20:31 18/12/20
0,99.9,8.175,1015.27,0.0,3.7 19:25:44 18/12/20
0,99.9,8.165,1015.27,0.0,3.7 19:30:57 18/12/20
0,99.9,8.155001,1015.18,0.0,3.68 19:36:10 18/12/20
0,99.9,8.09,1015.16,0.0,3.69 19:41:24 18/12/20
2,99.9,8.08,1015.1,0.0,3.69 19:46:35 18/12/20
0,99.9,8.07,1015.12,0.0,3.69 19:51:50 18/12/20
0,99.9,8.07,1015.2,0.0,3.69 19:57:07 18/12/20
0,99.9,8.08,1015.09,0.0,3.7 20:02:22 18/12/20
0,99.9,8.690001,1014.78,0.0,3.69 20:21:58 18/12/20
0,99.9,8.5,1014.77,0.0,3.69 20:27:14 18/12/20
0,99.9,8.335,1014.78,0.0,3.69 20:32:26 18/12/20
0,99.9,8.25,1014.72,0.0,3.69 20:37:43 18/12/20
0,99.9,8.245,1014.7,0.0,3.69 20:43:00 18/12/20
0,99.9,8.18,1014.59,0.0,3.69 20:48:15 18/12/20
0,99.9,8.184999,1014.55,0.0,3.69 20:53:28 18/12/20
0,99.9,8.175,1014.55,0.0,3.69 20:58:40 18/12/20
1,99.9,8.41,1014.18,0.0,3.68 21:32:48 18/12/20
1,99.9,8.26,1014.14,0.0,3.68 21:38:12 18/12/20
0,99.9,8.06,1014.11,0.0,3.68 21:43:21 18/12/20
3,99.9,7.96,1014.05,0.0,3.68 21:48:36 18/12/20
1,99.9,7.89,1014.02,0.0,3.68 21:53:47 18/12/20
1,99.9,7.88,1014.05,0.0,3.68 21:59:00 18/12/20
2,99.9,7.875,1013.95,0.0,3.68 22:04:15 18/12/20
2,99.9,7.87,1013.9,0.0,3.68 22:09:34 18/12/20
0,99.9,7.865,1013.96,0.0,3.68 22:14:48 18/12/20
0,99.9,7.85,1013.96,0.0,3.68 22:20:00 18/12/20
1,99.9,7.7799997,1013.91,0.0,3.68 22:25:16 18/12/20
1,99.9,7.7699995,1013.88,0.0,3.68 22:30:28 18/12/20
3,99.9,7.695,1013.83,0.0,3.68 22:35:50 18/12/20
3,99.9,7.685,1013.86,0.0,3.68 22:41:23 18/12/20
1,99.9,7.675,1013.83,0.0,3.68 22:46:31 18/12/20
4,99.9,7.585,1013.87,0.0,3.68 22:51:46 18/12/20
5,99.9,7.495,1013.82,0.0,3.68 22:56:58 18/12/20
13,99.9,7.4049997,1013.89,0.0,3.68 23:02:13 18/12/20
25,99.9,7.38,1013.83,0.0,3.68 23:07:27 18/12/20
26,99.9,7.295,1013.82,0.0,3.68 23:12:41 18/12/20
24,99.9,7.27,1013.79,0.0,3.68 23:17:57 18/12/20
26,99.9,7.1949997,1013.68,0.0,3.68 23:23:13 18/12/20
23,99.9,7.175,1013.67,0.0,3.68 23:28:24 18/12/20
26,99.9,7.11,1013.72,0.0,3.68 23:33:39 18/12/20
24,99.9,7.09,1013.65,0.0,3.68 23:38:49 18/12/20
27,99.9,6.99,1013.6,0.0,3.68 23:44:02 18/12/20
27,99.9,6.98,1013.55,0.0,3.68 23:49:15 18/12/20
26,99.9,6.96,1013.52,0.0,3.68 23:54:29 18/12/20
25,99.9,6.89,1013.52,0.0,3.68 23:59:41 18/12/20
