0,99.9,12.6,1006.1,0.0,3.55 00:04:43 22/12/20
0,99.9,12.62,1006.13,0.0,3.55 00:09:56 22/12/20
0,99.9,12.645,1006.1,0.0,3.55 00:15:10 22/12/20
0,99.9,12.715,1006.05,0.0,3.55 00:20:29 22/12/20
0,99.9,13.37,1005.98,0.0,3.55 00:40:10 22/12/20
0,99.9,13.345,1006.06,0.0,3.55 00:45:27 22/12/20
0,99.9,13.200001,1005.98,0.0,3.55 00:50:43 22/12/20
0,99.9,13.135,1005.91,0.0,3.55 00:56:05 22/12/20
0,99.9,13.139999,1006.06,0.0,3.55 01:01:24 22/12/20
0,99.9,13.225,1006.13,0.0,3.55 01:06:39 22/12/20
0,99.9,13.309999,1006.1,0.0,3.55 01:11:52 22/12/20
0,99.9,13.41,1006.22,0.0,3.55 01:17:08 22/12/20
0,99.9,13.455,1006.23,0.0,3.55 01:22:19 22/12/20
0,99.9,13.594999,1006.19,0.0,3.55 01:27:32 22/12/20
0,99.9,13.625,1006.11,0.0,3.55 01:32:47 22/12/20
0,99.9,13.71,1006.18,0.0,3.55 01:38:01 22/12/20
0,99.9,13.725,1006.22,0.0,3.55 01:43:14 22/12/20
0,99.9,13.79,1006.03,0.0,3.55 01:48:29 22/12/20
0,99.9,13.805,1006.04,0.0,3.55 01:53:40 22/12/20
0,99.9,13.765,1006.08,0.0,3.55 01:58:58 22/12/20
0,99.9,13.83,1006.02,0.0,3.55 02:04:09 22/12/20
0,99.9,13.835,1006.01,0.0,3.55 02:09:23 22/12/20
0,99.9,13.83,1006.0,0.0,3.55 02:14:38 22/12/20
0,99.9,13.84,1006.0,0.0,3.55 02:19:50 22/12/20
0,99.9,13.84,1006.08,0.0,3.55 02:25:04 22/12/20
0,99.9,13.844999,1006.15,0.0,3.55 02:30:18 22/12/20
0,99.9,13.915,1006.32,0.0,3.55 02:35:30 22/12/20
0,99.9,13.93,1006.25,0.0,3.55 02:40:45 22/12/20
0,99.9,13.934999,1006.3,0.0,3.55 02:46:00 22/12/20
0,99.9,13.940001,1006.22,0.0,3.55 02:51:13 22/12/20
0,99.9,13.945,1006.41,0.0,3.55 02:56:26 22/12/20
0,99.9,13.940001,1006.34,0.0,3.55 03:01:41 22/12/20
0,99.9,13.945,1006.44,0.0,3.55 03:06:56 22/12/20
0,99.9,13.945,1006.35,0.0,3.55 03:12:09 22/12/20
0,99.9,13.965,1006.36,0.0,3.54 03:17:27 22/12/20
0,99.9,14.035,1006.59,0.0,3.54 03:22:48 22/12/20
0,99.9,14.055,1006.51,0.0,3.55 03:28:05 22/12/20
0,99.9,14.065,1006.57,0.0,3.54 03:33:20 22/12/20
0,99.9,14.12,1006.72,0.0,3.54 03:38:36 22/12/20
0,99.9,14.125,1006.8,0.0,3.55 03:43:47 22/12/20
0,99.9,14.075,1006.74,0.0,3.55 03:49:04 22/12/20
0,99.9,14.07,1006.78,0.0,3.54 03:54:18 22/12/20
0,99.9,14.049999,1006.78,0.0,3.55 03:59:30 22/12/20
0,99.9,14.049999,1006.83,0.0,3.54 04:04:43 22/12/20
0,99.9,13.985001,1006.77,0.0,3.54 04:09:57 22/12/20
0,99.9,13.975,1006.79,0.0,3.55 04:15:12 22/12/20
0,99.9,13.975,1006.97,0.0,3.54 04:20:25 22/12/20
0,99.9,13.96,1006.97,0.0,3.54 04:25:39 22/12/20
0,99.9,13.965,1007.02,0.0,3.55 04:30:55 22/12/20
0,99.9,13.955,1006.98,0.0,3.54 04:36:08 22/12/20
0,99.9,13.945,1006.9,0.0,3.54 04:41:21 22/12/20
0,99.9,13.96,1007.02,0.0,3.54 04:46:39 22/12/20
0,99.9,13.96,1007.1,0.0,3.55 04:51:55 22/12/20
0,99.9,13.945,1007.11,0.0,3.54 04:57:11 22/12/20
0,99.9,13.96,1007.13,0.0,3.54 05:02:24 22/12/20
0,99.9,13.945,1007.03,0.0,3.55 05:07:37 22/12/20
0,99.9,13.945,1007.16,0.0,3.54 05:12:52 22/12/20
0,99.9,13.955,1007.14,0.0,3.54 05:18:12 22/12/20
0,99.9,13.96,1007.16,0.0,3.54 05:23:29 22/12/20
0,99.9,13.965,1007.21,0.0,3.54 05:28:41 22/12/20
0,99.9,13.965,1007.15,0.0,3.54 05:33:56 22/12/20
0,99.9,13.965,1007.2,0.0,3.54 05:39:10 22/12/20
0,99.9,13.975,1007.24,0.0,3.54 05:44:27 22/12/20
0,99.9,13.97,1007.29,0.0,3.54 05:49:44 22/12/20
0,99.9,13.965,1007.34,0.0,3.54 05:55:00 22/12/20
0,99.9,13.98,1007.45,0.0,3.54 06:00:16 22/12/20
0,99.9,13.985001,1007.44,0.0,3.54 06:05:29 22/12/20
0,99.9,13.985001,1007.6,0.0,3.54 06:10:41 22/12/20
0,99.9,13.98,1007.63,0.0,3.54 06:15:54 22/12/20
0,99.9,14.0,1007.75,0.0,3.54 06:21:10 22/12/20
0,99.9,14.049999,1007.79,0.0,3.54 06:26:23 22/12/20
0,99.9,14.04,1007.78,0.0,3.54 06:31:37 22/12/20
0,99.9,14.049999,1007.87,0.0,3.54 06:36:49 22/12/20
0,99.9,14.059999,1007.96,0.0,3.54 06:42:04 22/12/20
0,99.9,14.07,1008.17,0.0,3.54 06:47:19 22/12/20
0,99.9,14.065,1008.11,0.0,3.54 06:52:30 22/12/20
0,99.9,14.07,1008.13,0.0,3.54 06:57:44 22/12/20
0,99.9,14.075,1008.1,0.0,3.54 07:03:03 22/12/20
0,99.9,14.08,1008.16,0.0,3.54 07:08:20 22/12/20
0,99.9,14.13,1008.21,0.0,3.54 07:13:36 22/12/20
0,99.9,14.08,1008.2,0.0,3.54 07:18:51 22/12/20
0,99.9,14.07,1008.29,0.0,3.54 07:24:04 22/12/20
0,99.9,14.07,1008.3,0.0,3.54 07:29:15 22/12/20
0,99.9,14.07,1008.5,0.0,3.54 07:34:32 22/12/20
0,99.9,14.139999,1008.5,0.0,3.54 07:39:55 22/12/20
0,99.9,14.139999,1008.52,0.0,3.54 07:45:09 22/12/20
0,99.9,14.09,1008.58,0.0,3.54 07:50:20 22/12/20
0,99.9,14.075,1008.62,0.02,3.54 07:55:40 22/12/20
0,99.9,14.075,1008.52,0.07,3.54 08:01:01 22/12/20
0,99.9,14.065,1008.74,0.15,3.54 08:06:18 22/12/20
0,99.9,14.049999,1008.78,0.44,3.54 08:11:34 22/12/20
0,99.9,14.049999,1008.91,0.63,3.54 08:16:47 22/12/20
0,99.9,13.995,1008.96,1.04,3.54 08:22:02 22/12/20
1,99.9,13.985001,1009.01,1.88,3.54 08:27:16 22/12/20
1,99.9,13.99,1009.02,2.59,3.54 08:32:27 22/12/20
1,99.9,14.03,1009.2,2.16,3.54 08:37:42 22/12/20
5,99.9,13.985001,1009.34,3.63,3.54 08:42:57 22/12/20
8,99.9,13.975,1009.4,3.72,3.54 08:48:10 22/12/20
10,99.9,13.955,1009.46,4.36,3.54 08:53:23 22/12/20
13,99.9,13.889999,1009.55,4.48,3.54 08:58:38 22/12/20
10,99.9,13.87,1009.67,4.19,3.54 09:03:50 22/12/20
15,99.9,13.860001,1009.78,4.73,3.54 09:09:06 22/12/20
14,99.9,13.805,1009.87,4.48,3.54 09:14:19 22/12/20
17,99.9,13.785,1009.89,5.0,3.54 09:19:32 22/12/20
14,99.9,13.765,1009.97,5.0,3.55 09:24:48 22/12/20
19,99.9,13.765,1010.08,5.0,3.54 09:29:59 22/12/20
22,99.9,13.755,1010.17,4.71,3.55 09:35:14 22/12/20
41,99.9,13.745001,1010.28,4.28,3.55 09:40:31 22/12/20
29,99.9,13.755,1010.28,5.0,3.54 09:45:41 22/12/20
28,99.9,13.77,1010.28,3.61,3.54 09:50:56 22/12/20
28,99.9,13.77,1010.51,3.71,3.54 09:56:12 22/12/20
30,99.9,13.775,1010.6,3.65,3.54 10:01:24 22/12/20
35,99.9,13.775,1010.6,4.79,3.55 10:06:41 22/12/20
39,99.9,13.79,1010.65,4.03,3.55 10:12:01 22/12/20
38,99.9,13.85,1010.68,4.1,3.56 10:17:13 22/12/20
43,99.9,13.805,1010.74,4.18,3.54 10:22:27 22/12/20
26,99.9,13.855,1010.88,5.0,3.55 10:27:40 22/12/20
35,99.9,13.795,1010.98,5.0,3.56 10:32:54 22/12/20
36,99.9,13.79,1011.06,5.0,3.56 10:38:08 22/12/20
44,99.9,13.785,1011.02,5.0,3.56 10:43:22 22/12/20
28,99.9,13.795,1011.24,5.0,3.56 10:48:35 22/12/20
52,99.9,13.780001,1011.34,5.0,3.55 10:53:58 22/12/20
59,99.9,13.785,1011.34,4.07,3.57 10:59:11 22/12/20
78,99.9,13.79,1011.34,5.0,3.56 11:04:27 22/12/20
61,99.9,13.785,1011.34,3.63,3.55 11:09:41 22/12/20
68,99.9,13.79,1011.39,3.62,3.56 11:14:55 22/12/20
59,99.9,13.785,1011.52,5.0,3.55 11:20:10 22/12/20
64,99.9,13.780001,1011.58,3.7,3.56 11:25:25 22/12/20
61,99.9,13.77,1011.47,4.18,3.55 11:30:43 22/12/20
51,99.9,13.765,1011.56,3.71,3.55 11:35:56 22/12/20
48,99.9,13.705,1011.59,3.78,3.56 11:41:11 22/12/20
57,99.9,13.675,1011.59,5.0,3.56 11:46:24 22/12/20
48,99.9,13.68,1011.64,5.0,3.55 11:51:37 22/12/20
59,99.9,13.61,1011.75,5.0,3.56 11:56:54 22/12/20
57,99.9,13.6,1011.71,3.91,3.55 12:02:05 22/12/20
50,99.9,13.585,1011.78,5.0,3.56 12:07:19 22/12/20
64,99.9,13.505,1011.68,4.55,3.56 12:12:32 22/12/20
78,99.9,13.495,1011.68,5.0,3.57 12:17:47 22/12/20
102,99.9,13.49,1011.69,5.0,3.56 12:23:00 22/12/20
98,99.9,13.51,1011.6,5.0,3.57 12:28:14 22/12/20
105,99.9,13.525,1011.67,3.67,3.57 12:33:29 22/12/20
107,99.9,13.59,1011.65,4.21,3.57 12:38:43 22/12/20
112,99.9,13.59,1011.69,4.32,3.58 12:43:56 22/12/20
95,99.9,13.6,1011.75,5.0,3.58 12:49:08 22/12/20
97,99.9,13.594999,1011.78,3.66,3.58 12:54:23 22/12/20
91,99.9,13.66,1011.75,5.0,3.58 12:59:41 22/12/20
113,99.9,13.594999,1011.82,5.0,3.59 13:04:58 22/12/20
107,99.9,13.665,1011.88,4.26,3.59 13:10:14 22/12/20
113,99.9,13.68,1011.89,3.71,3.61 13:15:27 22/12/20
117,99.9,13.735001,1011.84,3.85,3.69 13:20:43 22/12/20
114,99.9,13.85,1011.8,3.94,3.74 13:25:56 22/12/20
107,99.9,14.13,1011.87,3.9,3.73 13:31:07 22/12/20
114,99.9,14.355,1011.92,3.86,3.71 13:36:27 22/12/20
