0,99.9,10.075,1004.52,0.0,3.45 00:05:18 24/12/20
0,99.9,10.065,1004.59,0.0,3.45 00:10:32 24/12/20
0,99.9,9.99,1004.63,0.0,3.45 00:15:49 24/12/20
0,99.9,10.035,1004.65,0.0,3.45 00:21:06 24/12/20
0,99.9,9.985001,1004.61,0.0,3.45 00:26:21 24/12/20
0,99.9,9.99,1004.62,0.0,3.45 00:31:34 24/12/20
0,99.9,10.04,1004.63,0.0,3.46 00:36:45 24/12/20
0,99.9,9.98,1004.52,0.0,3.45 00:42:04 24/12/20
0,99.9,9.975,1004.47,0.0,3.45 00:47:22 24/12/20
0,99.9,9.97,1004.48,0.0,3.45 00:52:40 24/12/20
0,99.9,9.965,1004.54,0.0,3.45 00:57:56 24/12/20
0,99.9,9.895,1004.48,0.0,3.45 01:03:11 24/12/20
0,99.9,9.895,1004.49,0.0,3.45 01:08:27 24/12/20
0,99.9,9.885,1004.35,0.0,3.45 01:13:35 24/12/20
0,99.9,9.860001,1004.33,0.0,3.45 01:18:54 24/12/20
0,99.9,9.85,1004.3,0.0,3.45 01:24:12 24/12/20
0,99.9,9.860001,1004.31,0.0,3.45 01:29:26 24/12/20
0,99.9,9.860001,1004.22,0.0,3.45 01:34:39 24/12/20
0,99.9,9.844999,1004.21,0.0,3.45 01:39:53 24/12/20
0,99.9,9.79,1004.39,0.0,3.45 01:45:04 24/12/20
0,99.9,9.775,1004.3,0.0,3.45 01:50:23 24/12/20
0,99.9,9.785,1004.28,0.0,3.45 01:55:39 24/12/20
0,99.9,9.719999,1004.29,0.0,3.45 02:00:52 24/12/20
0,99.9,9.71,1004.25,0.0,3.45 02:06:06 24/12/20
0,99.9,9.665,1004.09,0.0,3.45 02:11:18 24/12/20
0,99.9,9.6,1004.08,0.0,3.45 02:16:32 24/12/20
0,99.9,9.58,1004.05,0.0,3.45 02:21:47 24/12/20
0,99.9,9.555,1004.05,0.0,3.45 02:26:58 24/12/20
0,99.9,9.49,1004.17,0.0,3.45 02:32:12 24/12/20
0,99.9,9.41,1004.12,0.0,3.45 02:37:28 24/12/20
0,99.9,9.395,1004.18,0.0,3.45 02:42:43 24/12/20
0,99.9,9.385,1004.23,0.0,3.45 02:47:59 24/12/20
0,99.9,9.37,1004.21,0.0,3.45 02:53:15 24/12/20
0,99.9,9.355,1004.23,0.0,3.45 02:58:28 24/12/20
0,99.9,9.295,1004.25,0.0,3.45 03:03:41 24/12/20
0,99.9,9.280001,1004.1,0.0,3.45 03:08:53 24/12/20
0,99.9,9.27,1004.06,0.0,3.45 03:14:05 24/12/20
0,99.9,9.265,1004.09,0.0,3.45 03:19:20 24/12/20
0,99.9,9.265,1004.19,0.0,3.44 03:24:38 24/12/20
0,99.9,9.265,1004.13,0.0,3.45 03:29:58 24/12/20
0,99.9,9.26,1004.01,0.0,3.45 03:35:08 24/12/20
0,99.9,9.205,1003.94,0.0,3.45 03:40:20 24/12/20
0,99.9,9.195,1003.85,0.0,3.45 03:45:33 24/12/20
0,99.9,9.195,1003.83,0.0,3.45 03:50:47 24/12/20
0,99.9,9.175,1003.78,0.0,3.45 03:56:02 24/12/20
0,99.9,9.17,1003.82,0.0,3.45 04:01:15 24/12/20
0,99.9,9.165,1003.71,0.0,3.45 04:06:28 24/12/20
0,99.9,9.1,1003.72,0.0,3.45 04:11:39 24/12/20
0,99.9,9.139999,1003.71,0.0,3.45 04:16:52 24/12/20
0,99.9,9.085,1003.68,0.0,3.45 04:22:07 24/12/20
0,99.9,9.08,1003.58,0.0,3.45 04:27:21 24/12/20
0,99.9,9.075,1003.57,0.0,3.45 04:32:33 24/12/20
0,99.9,9.065,1003.51,0.0,3.45 04:37:50 24/12/20
0,99.9,9.065,1003.57,0.0,3.44 04:43:07 24/12/20
0,99.9,9.0,1003.59,0.0,3.45 04:48:21 24/12/20
0,99.9,9.049999,1003.52,0.0,3.45 04:53:33 24/12/20
0,99.9,8.98,1003.44,0.0,3.45 04:58:48 24/12/20
0,99.9,8.995,1003.44,0.0,3.45 05:03:59 24/12/20
0,99.9,8.995,1003.59,0.0,3.45 05:09:12 24/12/20
0,99.9,8.985001,1003.6,0.0,3.44 05:14:38 24/12/20
0,99.9,9.045,1003.67,0.0,3.45 05:19:48 24/12/20
0,99.9,8.995,1003.76,0.0,3.44 05:25:03 24/12/20
0,99.9,8.985001,1003.82,0.0,3.45 05:30:15 24/12/20
0,99.9,8.965,1003.7,0.0,3.44 05:35:29 24/12/20
0,99.9,8.96,1003.72,0.0,3.45 05:40:41 24/12/20
0,99.9,8.950001,1003.7,0.0,3.45 05:45:54 24/12/20
0,99.9,8.945,1003.58,0.0,3.45 05:51:07 24/12/20
0,99.9,8.934999,1003.6,0.0,3.44 05:56:20 24/12/20
0,99.9,8.875,1003.68,0.0,3.44 06:01:32 24/12/20
0,99.9,8.860001,1003.56,0.0,3.45 06:06:45 24/12/20
0,99.9,8.860001,1003.61,0.0,3.44 06:12:00 24/12/20
0,99.9,8.85,1003.57,0.0,3.44 06:17:12 24/12/20
0,99.9,8.844999,1003.67,0.0,3.44 06:22:26 24/12/20
0,99.9,8.835,1003.71,0.0,3.45 06:27:40 24/12/20
0,99.9,8.835,1003.69,0.0,3.44 06:32:55 24/12/20
0,99.9,8.82,1003.62,0.0,3.45 06:38:05 24/12/20
0,99.9,8.765,1003.61,0.0,3.45 06:43:18 24/12/20
0,99.9,8.76,1003.56,0.0,3.45 06:48:32 24/12/20
0,99.9,8.74,1003.61,0.0,3.44 06:53:45 24/12/20
0,99.9,8.675,1003.59,0.0,3.44 06:58:56 24/12/20
0,99.9,8.59,1003.65,0.0,3.44 07:04:10 24/12/20
0,99.9,8.55,1003.77,0.0,3.44 07:09:25 24/12/20
0,99.9,8.465,1003.83,0.0,3.44 07:14:39 24/12/20
0,99.9,8.385,1003.91,0.0,3.44 07:19:50 24/12/20
0,99.9,8.344999,1003.88,0.0,3.45 07:25:04 24/12/20
0,99.9,8.265,1003.85,0.0,3.44 07:30:16 24/12/20
0,99.9,8.25,1004.05,0.0,3.44 07:35:33 24/12/20
0,99.9,8.25,1004.09,0.0,3.44 07:40:49 24/12/20
0,99.9,8.245,1004.14,0.0,3.44 07:46:02 24/12/20
0,99.9,8.255,1004.29,0.01,3.44 07:51:22 24/12/20
0,99.9,8.2699995,1004.29,0.03,3.44 07:56:37 24/12/20
0,99.9,8.325,1004.34,0.06,3.44 08:01:51 24/12/20
0,99.9,8.335,1004.41,0.11,3.44 08:07:05 24/12/20
0,99.9,8.355,1004.59,0.25,3.44 08:12:19 24/12/20
0,99.9,8.365,1004.63,0.47,3.44 08:17:31 24/12/20
1,99.9,8.375,1004.76,1.1,3.44 08:22:46 24/12/20
2,99.9,8.385,1004.81,2.03,3.44 08:27:55 24/12/20
3,99.9,8.385,1004.97,2.74,3.44 08:33:10 24/12/20
3,99.9,8.434999,1005.05,3.05,3.44 08:38:28 24/12/20
3,99.9,8.395,1005.12,3.34,3.44 08:43:44 24/12/20
2,99.9,8.385,1005.54,2.69,3.44 08:49:00 24/12/20
4,99.9,8.305,1005.81,3.71,3.44 08:54:14 24/12/20
4,99.9,8.17,1005.98,3.76,3.44 08:59:23 24/12/20
7,99.9,7.93,1006.28,3.83,3.44 09:04:41 24/12/20
4,99.9,7.74,1006.34,3.79,3.44 09:09:58 24/12/20
8,99.9,7.56,1006.65,3.96,3.44 09:15:11 24/12/20
7,99.9,7.4249997,1006.85,4.45,3.44 09:20:25 24/12/20
13,99.9,7.245,1007.09,4.66,3.44 09:25:37 24/12/20
13,99.9,7.075,1007.24,5.0,3.44 09:30:48 24/12/20
12,99.9,6.935,1007.46,4.38,3.44 09:36:04 24/12/20
15,99.9,6.825,1007.59,5.0,3.44 09:41:15 24/12/20
11,99.9,6.7200003,1007.8,4.48,3.44 09:46:30 24/12/20
13,99.9,6.55,1008.11,3.7,3.44 09:51:42 24/12/20
15,99.9,6.53,1008.21,5.0,3.44 09:56:57 24/12/20
15,99.9,6.505,1008.41,4.92,3.44 10:02:08 24/12/20
29,99.9,6.495,1008.62,4.31,3.44 10:07:33 24/12/20
21,99.9,6.43,1008.89,4.7,3.44 10:12:51 24/12/20
21,99.9,6.415,1009.06,3.7,3.44 10:18:10 24/12/20
18,99.9,6.3999996,1009.17,5.0,3.44 10:23:24 24/12/20
17,99.9,6.39,1009.38,4.41,3.44 10:28:36 24/12/20
26,99.9,6.385,1009.46,5.0,3.44 10:33:51 24/12/20
18,99.9,6.3199997,1009.71,4.4,3.45 10:39:01 24/12/20
23,99.9,6.31,1009.75,5.0,3.45 10:44:15 24/12/20
34,99.9,6.31,1009.86,4.54,3.45 10:49:30 24/12/20
29,99.9,6.295,1009.95,5.0,3.45 10:54:44 24/12/20
41,99.9,6.3050003,1010.04,4.33,3.45 10:59:56 24/12/20
27,99.9,6.31,1010.18,5.0,3.45 11:05:06 24/12/20
22,99.9,6.3199997,1010.41,3.91,3.45 11:10:19 24/12/20
41,99.9,6.325,1010.52,4.11,3.45 11:15:36 24/12/20
33,99.9,6.33,1010.64,5.0,3.44 11:20:59 24/12/20
44,99.9,6.385,1010.67,5.0,3.45 11:26:18 24/12/20
35,99.9,6.39,1010.75,3.87,3.45 11:31:30 24/12/20
45,99.9,6.39,1010.87,4.69,3.45 11:36:39 24/12/20
25,99.9,6.385,1010.82,3.83,3.44 11:41:54 24/12/20
38,99.9,6.3999996,1010.88,4.43,3.44 11:47:10 24/12/20
31,99.9,6.46,1010.99,4.84,3.45 11:52:26 24/12/20
27,99.9,6.455,1011.04,4.15,3.44 11:57:41 24/12/20
33,99.9,6.465,1010.99,3.96,3.45 12:02:53 24/12/20
46,99.9,6.4700003,1011.05,5.0,3.45 12:08:06 24/12/20
54,99.9,6.485,1011.02,4.35,3.45 12:13:19 24/12/20
50,99.9,6.5550003,1010.98,3.75,3.45 12:18:35 24/12/20
50,99.9,6.58,1011.06,4.12,3.45 12:23:45 24/12/20
30,99.9,6.5950003,1011.07,3.75,3.46 12:28:56 24/12/20
51,99.9,6.605,1011.13,3.63,3.46 12:34:10 24/12/20
50,99.9,6.67,1011.18,5.0,3.46 12:39:23 24/12/20
44,99.9,6.685,1011.18,5.0,3.45 12:44:36 24/12/20
36,99.9,6.685,1011.21,5.0,3.46 12:49:49 24/12/20
41,99.9,6.69,1011.11,3.87,3.46 12:55:03 24/12/20
38,99.9,6.6949997,1011.25,5.0,3.45 13:00:15 24/12/20
36,99.9,6.71,1011.19,3.99,3.46 13:05:26 24/12/20
66,99.9,6.715,1011.21,4.89,3.45 13:10:45 24/12/20
40,99.9,6.785,1011.18,5.0,3.46 13:16:03 24/12/20
38,99.9,6.795,1011.14,5.0,3.45 13:21:15 24/12/20
42,99.9,6.8050003,1011.23,3.61,3.46 13:26:28 24/12/20
51,99.9,6.81,1011.22,5.0,3.46 13:31:41 24/12/20
46,99.9,6.875,1011.24,5.0,3.45 13:36:57 24/12/20
35,99.9,6.88,1011.2,5.0,3.46 13:42:15 24/12/20
44,99.9,6.885,1011.17,5.0,3.45 13:47:28 24/12/20
42,99.9,6.895,1011.29,3.61,3.46 13:52:39 24/12/20
34,99.9,6.94,1011.31,5.0,3.46 13:57:53 24/12/20
24,99.9,6.89,1011.32,5.0,3.45 14:03:06 24/12/20
38,99.9,6.885,1011.38,4.04,3.46 14:08:19 24/12/20
54,99.9,6.89,1011.42,4.23,3.46 14:13:32 24/12/20
40,99.9,6.89,1011.46,3.83,3.46 14:18:46 24/12/20
43,99.9,6.895,1011.41,5.0,3.46 14:23:59 24/12/20
45,99.9,6.8999996,1011.43,5.0,3.46 14:29:09 24/12/20
46,99.9,6.895,1011.43,5.0,3.46 14:34:22 24/12/20
38,99.9,6.955,1011.52,3.95,3.46 14:39:37 24/12/20
49,99.9,6.96,1011.57,5.0,3.45 14:44:51 24/12/20
48,99.9,6.965,1011.6,5.0,3.47 14:50:01 24/12/20
60,99.9,6.96,1011.64,3.63,3.47 14:55:15 24/12/20
33,99.9,6.965,1011.64,5.0,3.46 15:00:26 24/12/20
34,99.9,6.9700003,1011.66,4.14,3.47 15:05:42 24/12/20
29,99.9,6.965,1011.62,5.0,3.46 15:10:53 24/12/20
49,99.9,6.9750004,1011.69,4.82,3.46 15:16:07 24/12/20
44,99.9,6.9750004,1011.76,5.0,3.47 15:21:20 24/12/20
59,99.9,6.98,1011.89,5.0,3.47 15:26:33 24/12/20
60,99.9,7.01,1011.94,4.56,3.48 15:31:49 24/12/20
83,99.9,7.1000004,1012.02,4.54,3.48 15:37:12 24/12/20
35,99.9,7.2,1012.1,4.06,3.47 15:42:27 24/12/20
26,99.9,7.205,1012.09,4.19,3.46 15:47:39 24/12/20
21,99.9,7.185,1012.08,4.58,3.46 15:52:54 24/12/20
28,99.9,7.085,1012.14,5.0,3.46 15:58:06 24/12/20
13,99.9,6.99,1012.21,4.12,3.46 16:03:19 24/12/20
9,99.9,6.8999996,1012.21,3.61,3.46 16:08:33 24/12/20
10,99.9,6.875,1012.23,3.74,3.46 16:13:44 24/12/20
11,99.9,6.85,1012.39,3.61,3.46 16:18:59 24/12/20
9,99.9,6.7749996,1012.57,3.68,3.46 16:24:15 24/12/20
7,99.9,6.7749996,1012.81,3.21,3.46 16:29:31 24/12/20
8,99.9,6.745,1012.71,3.72,3.46 16:34:48 24/12/20
8,99.9,6.5950003,1012.68,3.77,3.46 16:39:58 24/12/20
7,99.9,6.4750004,1012.74,3.6,3.46 16:45:11 24/12/20
3,99.9,6.355,1012.82,2.26,3.45 16:50:24 24/12/20
2,99.9,6.26,1012.82,1.44,3.46 16:55:36 24/12/20
2,99.9,6.175,1012.88,1.89,3.46 17:00:50 24/12/20
1,99.9,6.1549997,1012.94,1.45,3.46 17:06:03 24/12/20
0,99.9,6.065,1013.0,0.74,3.46 17:11:15 24/12/20
0,99.9,5.9750004,1013.1,0.37,3.45 17:16:28 24/12/20
0,99.9,5.94,1013.16,0.13,3.45 17:21:42 24/12/20
0,99.9,5.865,1013.2,0.08,3.45 17:26:52 24/12/20
0,99.9,5.795,1013.32,0.03,3.46 17:32:06 24/12/20
0,99.9,5.77,1013.47,0.01,3.45 17:37:19 24/12/20
0,99.9,5.745,1013.44,0.01,3.45 17:42:32 24/12/20
0,99.9,5.6800003,1013.52,0.0,3.45 17:47:44 24/12/20
0,99.9,5.6000004,1013.58,0.0,3.45 17:52:56 24/12/20
0,99.9,5.58,1013.58,0.0,3.45 17:58:09 24/12/20
0,99.9,5.565,1013.72,0.0,3.45 18:03:23 24/12/20
0,99.9,5.5550003,1013.74,0.0,3.45 18:08:35 24/12/20
0,99.9,5.505,1013.85,0.0,3.45 18:13:46 24/12/20
0,99.9,5.49,1013.91,0.0,3.45 18:19:02 24/12/20
0,99.9,5.46,1013.96,0.0,3.45 18:24:14 24/12/20
0,99.9,5.37,1014.04,0.0,3.45 18:29:26 24/12/20
0,99.9,5.2200003,1014.03,0.0,3.45 18:34:38 24/12/20
0,99.9,5.175,1014.17,0.0,3.45 18:39:52 24/12/20
0,99.9,5.0699997,1014.26,0.0,3.45 18:45:03 24/12/20
0,99.9,4.92,1014.4,0.0,3.45 18:50:20 24/12/20
0,99.9,4.8999996,1014.43,0.0,3.45 18:55:42 24/12/20
0,99.9,4.87,1014.49,0.0,3.45 19:00:57 24/12/20
0,99.9,4.785,1014.55,0.0,3.45 19:06:21 24/12/20
0,99.9,4.765,1014.64,0.0,3.45 19:11:32 24/12/20
0,99.9,4.755,1014.69,0.0,3.45 19:16:45 24/12/20
0,99.9,4.765,1014.72,0.0,3.45 19:21:58 24/12/20
0,99.9,4.76,1014.8,0.01,3.45 19:27:11 24/12/20
0,99.9,4.75,1014.88,0.0,3.45 19:32:22 24/12/20
0,99.9,4.765,1014.87,0.01,3.45 19:37:41 24/12/20
0,99.9,4.7749996,1014.88,0.01,3.45 19:42:56 24/12/20
0,99.9,4.77,1015.0,0.0,3.44 19:48:10 24/12/20
0,99.9,4.755,1015.05,0.0,3.44 19:53:22 24/12/20
0,99.9,4.73,1015.08,0.0,3.45 19:58:34 24/12/20
0,99.9,4.66,1015.13,0.0,3.44 20:03:47 24/12/20
0,99.9,4.645,1015.15,0.0,3.45 20:08:58 24/12/20
0,99.9,4.6400003,1015.24,0.0,3.44 20:14:11 24/12/20
1,99.9,4.6400003,1015.24,0.0,3.44 20:19:25 24/12/20
0,99.9,4.65,1015.38,0.0,3.44 20:24:39 24/12/20
0,99.9,4.645,1015.37,0.0,3.44 20:29:54 24/12/20
0,99.9,4.6400003,1015.46,0.0,3.44 20:35:12 24/12/20
0,99.9,4.565,1015.53,0.0,3.45 20:40:24 24/12/20
0,99.9,4.535,1015.55,0.0,3.44 20:45:35 24/12/20
0,99.9,4.45,1015.61,0.01,3.44 20:50:49 24/12/20
0,99.9,4.38,1015.67,0.0,3.44 20:56:03 24/12/20
0,99.9,4.355,1015.63,0.0,3.44 21:01:15 24/12/20
0,99.9,4.34,1015.65,0.0,3.44 21:06:28 24/12/20
0,99.9,4.2749996,1015.73,0.0,3.44 21:11:40 24/12/20
0,99.9,4.27,1015.81,0.0,3.44 21:16:50 24/12/20
0,99.9,4.27,1015.87,0.0,3.44 21:22:05 24/12/20
0,99.9,4.26,1015.87,0.0,3.44 21:27:17 24/12/20
0,99.9,4.265,1015.92,0.0,3.44 21:32:30 24/12/20
0,99.9,4.27,1015.9,0.0,3.44 21:37:42 24/12/20
0,99.9,4.34,1016.06,0.0,3.44 21:42:54 24/12/20
0,99.9,4.36,1016.1,0.0,3.44 21:48:11 24/12/20
0,99.9,4.36,1016.1,0.0,3.44 21:53:28 24/12/20
0,99.9,4.35,1016.17,0.0,3.44 21:58:41 24/12/20
0,99.9,4.29,1016.33,0.0,3.44 22:03:54 24/12/20
0,99.9,4.2799997,1016.31,0.0,3.44 22:09:05 24/12/20
0,99.9,4.295,1016.34,0.0,3.44 22:14:22 24/12/20
0,99.9,4.385,1016.44,0.01,3.44 22:19:45 24/12/20
0,99.9,4.5299997,1016.58,0.0,3.44 22:25:02 24/12/20
0,99.9,4.565,1016.53,0.0,3.44 22:30:12 24/12/20
0,99.9,4.645,1016.56,0.0,3.44 22:35:26 24/12/20
0,99.9,4.73,1016.55,0.0,3.44 22:40:39 24/12/20
0,99.9,4.765,1016.54,0.0,3.44 22:45:53 24/12/20
0,99.9,4.845,1016.63,0.0,3.44 22:51:07 24/12/20
0,99.9,4.9300003,1016.62,0.0,3.44 22:56:19 24/12/20
0,99.9,4.95,1016.67,0.0,3.44 23:01:30 24/12/20
0,99.9,4.9700003,1016.78,0.0,3.44 23:06:42 24/12/20
0,99.9,5.02,1016.8,0.0,3.44 23:11:55 24/12/20
0,99.9,4.965,1016.89,0.0,3.44 23:17:15 24/12/20
0,99.9,4.98,1017.04,0.0,3.44 23:22:28 24/12/20
0,99.9,4.96,1017.04,0.0,3.44 23:27:39 24/12/20
0,99.9,4.89,1017.1,0.0,3.44 23:32:54 24/12/20
0,99.9,4.875,1017.17,0.0,3.44 23:38:08 24/12/20
0,99.9,4.855,1017.1,0.0,3.44 23:43:19 24/12/20
0,99.9,4.785,1017.2,0.0,3.44 23:48:30 24/12/20
0,99.9,4.765,1017.4,0.0,3.44 23:53:44 24/12/20
0,99.9,4.6949997,1017.35,0.0,3.44 23:59:01 24/12/20
