0,99.9,4.7349997,1017.49,0.0,3.44 00:04:18 25/12/20
0,99.9,4.67,1017.52,0.0,3.44 00:09:31 25/12/20
0,99.9,4.665,1017.59,0.0,3.44 00:14:43 25/12/20
0,99.9,4.65,1017.66,0.0,3.44 00:19:55 25/12/20
0,99.9,4.645,1017.75,0.0,3.44 00:25:09 25/12/20
0,99.9,4.59,1017.77,0.0,3.44 00:30:21 25/12/20
0,99.9,4.59,1017.77,0.0,3.44 00:35:32 25/12/20
0,99.9,4.575,1017.82,0.0,3.44 00:40:46 25/12/20
0,99.9,4.5699997,1017.81,0.0,3.44 00:45:57 25/12/20
0,99.9,4.575,1017.87,0.0,3.44 00:51:12 25/12/20
0,99.9,4.5699997,1017.93,0.0,3.44 00:56:24 25/12/20
0,99.9,4.56,1018.0,0.0,3.44 01:01:35 25/12/20
0,99.9,4.485,1017.99,0.0,3.43 01:06:50 25/12/20
0,99.9,4.465,1018.1,0.0,3.44 01:12:07 25/12/20
0,99.9,4.445,1018.12,0.0,3.44 01:17:21 25/12/20
0,99.9,4.37,1018.11,0.0,3.43 01:22:36 25/12/20
0,99.9,4.35,1018.09,0.0,3.44 01:27:47 25/12/20
0,99.9,4.2799997,1018.12,0.0,3.43 01:33:06 25/12/20
0,99.9,4.265,1018.21,0.0,3.43 01:38:20 25/12/20
0,99.9,4.245,1018.28,0.0,3.44 01:43:36 25/12/20
0,99.9,4.17,1018.19,0.0,3.43 01:48:48 25/12/20
0,99.9,4.1549997,1018.33,0.0,3.43 01:53:58 25/12/20
0,99.9,4.075,1018.34,0.0,3.44 01:59:11 25/12/20
0,99.9,3.9899998,1018.34,0.0,3.44 02:04:25 25/12/20
0,99.9,3.9650002,1018.41,0.0,3.44 02:09:37 25/12/20
0,99.9,3.875,1018.5,0.0,3.43 02:14:50 25/12/20
0,99.9,3.7849998,1018.45,0.0,3.43 02:20:06 25/12/20
0,99.9,3.7649999,1018.56,0.0,3.43 02:25:24 25/12/20
0,99.9,3.675,1018.58,0.0,3.44 02:30:34 25/12/20
1,99.9,3.645,1018.8,0.0,3.43 02:35:48 25/12/20
1,99.9,3.565,1018.98,0.0,3.44 02:41:01 25/12/20
1,99.9,3.4899998,1019.03,0.0,3.44 02:46:13 25/12/20
1,99.9,3.46,1019.11,0.0,3.43 02:51:26 25/12/20
1,99.9,3.4450002,1019.12,0.0,3.44 02:56:36 25/12/20
1,99.9,3.375,1019.16,0.0,3.43 03:01:51 25/12/20
0,99.9,3.35,1019.29,0.0,3.44 03:07:01 25/12/20
2,99.9,3.28,1019.29,0.0,3.43 03:12:20 25/12/20
1,99.9,3.26,1019.39,0.0,3.43 03:17:40 25/12/20
1,99.9,3.185,1019.49,0.0,3.43 03:22:58 25/12/20
1,99.9,3.165,1019.56,0.0,3.44 03:28:11 25/12/20
1,99.9,3.15,1019.65,0.0,3.44 03:33:21 25/12/20
1,99.9,3.08,1019.6,0.0,3.43 03:38:35 25/12/20
0,99.9,3.06,1019.63,0.0,3.43 03:43:46 25/12/20
1,99.9,3.045,1019.63,0.0,3.44 03:49:00 25/12/20
0,99.9,2.975,1019.7,0.0,3.43 03:54:10 25/12/20
2,99.9,2.9499998,1019.9,0.0,3.43 03:59:28 25/12/20
1,99.9,2.935,1019.98,0.0,3.43 04:04:45 25/12/20
1,99.9,2.875,1019.97,0.0,3.43 04:09:58 25/12/20
1,99.9,2.87,1019.91,0.0,3.43 04:15:10 25/12/20
1,99.9,2.855,1020.0,0.0,3.43 04:20:23 25/12/20
1,99.9,2.835,1019.92,0.0,3.43 04:25:36 25/12/20
0,99.9,2.775,1019.97,0.0,3.43 04:30:47 25/12/20
1,99.9,2.76,1019.95,0.0,3.43 04:36:00 25/12/20
0,99.9,2.745,1019.92,0.0,3.43 04:41:10 25/12/20
1,99.9,2.685,1020.0,0.0,3.43 04:46:25 25/12/20
1,99.9,2.69,1020.04,0.0,3.43 04:51:38 25/12/20
1,99.9,2.685,1020.09,0.0,3.43 04:56:49 25/12/20
1,99.9,2.67,1020.27,0.0,3.43 05:02:02 25/12/20
1,99.9,2.665,1020.31,0.0,3.37 05:07:14 25/12/20
1,99.9,2.65,1020.37,0.0,3.43 05:12:28 25/12/20
0,99.9,2.585,1020.46,0.0,3.43 05:17:42 25/12/20
1,99.9,2.63,1020.42,0.0,3.43 05:23:00 25/12/20
1,99.9,2.6399999,1020.42,0.0,3.43 05:28:12 25/12/20
1,99.9,2.655,1020.63,0.0,3.43 05:33:28 25/12/20
1,99.9,2.6599998,1020.59,0.0,3.43 05:38:44 25/12/20
0,99.9,2.67,1020.6,0.0,3.43 05:43:56 25/12/20
0,99.9,2.735,1020.67,0.0,3.43 05:49:10 25/12/20
1,99.9,2.745,1020.57,0.0,3.43 05:54:23 25/12/20
1,99.9,2.745,1020.74,0.0,3.43 05:59:33 25/12/20
1,99.9,2.69,1020.87,0.0,3.43 06:04:47 25/12/20
0,99.9,2.67,1020.86,0.0,3.43 06:10:00 25/12/20
0,99.9,2.65,1020.89,0.0,3.43 06:15:13 25/12/20
0,99.9,2.58,1021.0,0.0,3.43 06:20:24 25/12/20
0,99.9,2.56,1020.97,0.0,3.43 06:25:37 25/12/20
0,99.9,2.54,1020.97,0.0,3.43 06:30:51 25/12/20
0,99.9,2.48,1021.07,0.0,3.43 06:36:01 25/12/20
0,99.9,2.455,1021.03,0.0,3.43 06:41:14 25/12/20
0,99.9,2.435,1021.11,0.0,3.43 06:46:26 25/12/20
0,99.9,2.365,1021.22,0.0,3.42 06:51:47 25/12/20
0,99.9,2.35,1021.29,0.0,3.43 06:56:58 25/12/20
0,99.9,2.33,1021.42,0.0,3.43 07:02:10 25/12/20
0,99.9,2.26,1021.45,0.0,3.43 07:07:23 25/12/20
0,99.9,2.2450001,1021.49,0.0,3.43 07:12:36 25/12/20
0,99.9,2.17,1021.5,0.0,3.43 07:17:49 25/12/20
0,99.9,2.155,1021.56,0.0,3.42 07:23:02 25/12/20
0,99.9,2.15,1021.67,0.0,3.43 07:28:13 25/12/20
0,99.9,2.135,1021.72,0.0,3.43 07:33:26 25/12/20
0,99.9,2.07,1021.83,0.0,3.42 07:38:39 25/12/20
0,99.9,2.055,1021.87,0.01,3.43 07:43:50 25/12/20
0,99.9,1.99,1021.89,0.03,3.43 07:49:03 25/12/20
0,99.9,2.04,1021.95,0.09,3.43 07:54:15 25/12/20
0,99.9,1.985,1022.04,0.21,3.43 07:59:34 25/12/20
0,99.9,1.98,1022.04,0.47,3.43 08:04:49 25/12/20
0,99.9,2.03,1022.11,0.87,3.43 08:10:00 25/12/20
0,99.9,1.98,1022.17,1.59,3.43 08:15:11 25/12/20
2,99.9,1.98,1022.1,2.62,3.43 08:20:23 25/12/20
8,99.9,1.98,1022.12,3.5,3.43 08:25:37 25/12/20
12,99.9,2.025,1022.25,3.66,3.42 08:30:50 25/12/20
19,99.9,2.03,1022.27,3.79,3.43 08:36:02 25/12/20
23,99.9,2.03,1022.28,3.97,3.43 08:41:13 25/12/20
25,99.9,2.05,1022.4,3.79,3.43 08:46:25 25/12/20
24,99.9,2.12,1022.44,3.9,3.43 08:51:43 25/12/20
30,99.9,2.165,1022.49,5.0,3.43 08:56:59 25/12/20
25,99.9,2.265,1022.63,4.81,3.43 09:02:12 25/12/20
30,99.9,2.29,1022.67,3.75,3.43 09:07:26 25/12/20
28,99.9,2.37,1022.73,4.5,3.43 09:12:36 25/12/20
27,99.9,2.3899999,1022.67,5.0,3.43 09:17:49 25/12/20
32,99.9,2.455,1022.71,5.0,3.42 09:23:01 25/12/20
34,99.9,2.475,1022.76,5.0,3.43 09:28:14 25/12/20
33,99.9,2.545,1022.84,5.0,3.44 09:33:26 25/12/20
30,99.9,2.56,1022.92,4.0,3.45 09:38:42 25/12/20
33,99.9,2.595,1022.92,4.49,3.44 09:44:00 25/12/20
33,99.9,2.725,1022.92,5.0,3.45 09:49:11 25/12/20
41,99.9,2.83,1022.93,4.7,3.45 09:54:24 25/12/20
31,99.9,2.87,1022.92,5.0,3.45 09:59:34 25/12/20
31,99.9,2.955,1022.98,3.61,3.45 10:04:48 25/12/20
46,99.9,3.045,1023.09,3.75,3.44 10:10:08 25/12/20
50,99.9,3.135,1023.04,5.0,3.44 10:15:22 25/12/20
36,99.9,3.245,1023.12,4.07,3.45 10:20:34 25/12/20
40,99.9,3.3400002,1023.13,5.0,3.46 10:25:45 25/12/20
46,99.9,3.4299998,1023.12,4.02,3.45 10:31:04 25/12/20
54,99.9,3.535,1023.17,5.0,3.47 10:36:20 25/12/20
48,99.9,3.635,1023.19,3.6,3.47 10:41:37 25/12/20
30,99.9,3.735,1023.21,3.75,3.46 10:46:54 25/12/20
40,99.9,3.7549999,1023.31,3.67,3.49 10:52:11 25/12/20
31,99.9,3.85,1023.29,5.0,3.46 10:57:34 25/12/20
42,99.9,3.9250002,1023.25,3.62,3.46 11:02:53 25/12/20
38,99.9,3.935,1023.27,5.0,3.46 11:08:10 25/12/20
43,99.9,4.025,1023.27,5.0,3.48 11:13:21 25/12/20
58,99.9,4.0550003,1023.28,5.0,3.48 11:18:35 25/12/20
33,99.9,4.1549997,1023.32,3.91,3.51 11:23:45 25/12/20
65,99.9,4.255,1023.43,3.61,3.47 11:28:59 25/12/20
20,99.9,4.34,1023.46,4.99,3.48 11:34:12 25/12/20
39,99.9,4.425,1023.45,5.0,3.46 11:39:24 25/12/20
50,99.9,4.46,1023.46,3.93,3.47 11:44:37 25/12/20
77,99.9,4.55,1023.45,5.0,3.49 11:49:50 25/12/20
68,99.9,4.63,1023.41,5.0,3.48 11:55:01 25/12/20
61,99.9,4.665,1023.35,5.0,3.48 12:00:15 25/12/20
60,99.9,4.7349997,1023.32,3.61,3.48 12:05:25 25/12/20
64,99.9,4.8149996,1023.4,4.84,3.47 12:10:38 25/12/20
66,99.9,4.84,1023.44,5.0,3.48 12:15:52 25/12/20
69,99.9,4.87,1023.46,3.95,3.48 12:21:06 25/12/20
87,99.9,4.95,1023.47,3.78,3.51 12:26:18 25/12/20
69,99.9,5.05,1023.46,5.0,3.49 12:31:30 25/12/20
71,99.9,5.13,1023.45,4.99,3.49 12:36:44 25/12/20
77,99.9,5.1549997,1023.38,5.0,3.49 12:41:56 25/12/20
80,99.9,5.25,1023.38,4.3,3.48 12:47:08 25/12/20
98,99.9,5.33,1023.22,5.0,3.5 12:52:22 25/12/20
119,99.9,5.415,1023.17,3.84,3.63 12:57:34 25/12/20
120,99.9,5.54,1023.19,3.85,3.64 13:02:46 25/12/20
126,99.9,5.73,1023.22,3.87,3.65 13:07:59 25/12/20
127,99.9,5.9300003,1023.26,3.88,3.67 13:13:12 25/12/20
131,99.9,6.2200003,1023.15,3.88,3.67 13:18:25 25/12/20
123,99.9,6.5150003,1023.15,3.89,3.68 13:23:38 25/12/20
76,99.9,6.77,1023.03,3.8,3.61 13:28:48 25/12/20
72,99.9,6.81,1023.0,3.72,3.57 13:34:01 25/12/20
105,99.9,6.7349997,1023.02,3.87,3.68 13:39:17 25/12/20
104,99.9,6.785,1023.01,3.88,3.69 13:44:27 25/12/20
127,99.9,6.835,1022.94,3.89,3.7 13:49:42 25/12/20
133,99.9,7.0699997,1022.93,3.89,3.7 13:54:59 25/12/20
119,99.9,7.205,1023.0,3.88,3.7 14:00:17 25/12/20
121,99.9,7.295,1022.95,3.87,3.7 14:05:30 25/12/20
106,99.9,7.31,1022.92,3.86,3.7 14:10:40 25/12/20
102,99.9,7.23,1022.87,4.56,3.61 14:15:53 25/12/20
125,99.9,7.12,1022.91,3.64,3.59 14:21:08 25/12/20
109,99.9,7.005,1022.91,3.7,3.61 14:26:21 25/12/20
81,99.9,6.845,1022.84,5.0,3.6 14:31:33 25/12/20
71,99.9,6.7349997,1022.84,5.0,3.6 14:36:45 25/12/20
89,99.9,6.48,1022.94,3.78,3.61 14:41:59 25/12/20
82,99.9,6.39,1022.88,5.0,3.61 14:47:11 25/12/20
83,99.9,6.365,1022.83,4.18,3.58 14:52:25 25/12/20
84,99.9,6.29,1022.82,3.73,3.6 14:57:38 25/12/20
74,99.9,6.19,1022.83,4.1,3.59 15:02:50 25/12/20
64,99.9,6.16,1022.86,5.0,3.59 15:08:03 25/12/20
67,99.9,6.065,1022.9,5.0,3.59 15:13:17 25/12/20
62,99.9,5.94,1022.87,3.86,3.59 15:18:29 25/12/20
74,99.9,5.94,1022.87,5.0,3.6 15:23:45 25/12/20
75,99.9,5.87,1022.87,4.5,3.59 15:29:07 25/12/20
69,99.9,5.8,1022.84,3.9,3.6 15:34:23 25/12/20
64,99.9,5.77,1022.89,5.0,3.59 15:39:37 25/12/20
64,99.9,5.75,1022.87,3.63,3.59 15:44:50 25/12/20
53,99.9,5.675,1022.87,4.76,3.59 15:50:00 25/12/20
48,99.9,5.65,1022.95,4.33,3.59 15:55:15 25/12/20
44,99.9,5.565,1022.89,4.97,3.59 16:00:26 25/12/20
51,99.9,5.48,1023.07,3.65,3.59 16:05:40 25/12/20
46,99.9,5.45,1023.09,5.0,3.59 16:10:54 25/12/20
44,99.9,5.37,1023.08,4.79,3.59 16:16:06 25/12/20
27,99.9,5.355,1023.14,5.0,3.59 16:21:18 25/12/20
25,99.9,5.29,1023.24,4.3,3.59 16:26:31 25/12/20
5,99.9,5.265,1023.37,4.03,3.59 16:31:42 25/12/20
4,99.9,5.25,1023.36,3.77,3.58 16:36:56 25/12/20
4,99.9,5.165,1023.42,3.76,3.59 16:42:09 25/12/20
1,99.9,5.13,1023.49,3.75,3.59 16:47:20 25/12/20
1,99.9,4.9700003,1023.53,3.32,3.58 16:52:34 25/12/20
0,99.9,4.875,1023.64,2.79,3.59 16:57:45 25/12/20
0,99.9,4.755,1023.65,2.24,3.58 17:03:01 25/12/20
0,99.9,4.645,1023.76,1.67,3.58 17:08:12 25/12/20
0,99.9,4.545,1023.73,0.93,3.59 17:13:26 25/12/20
0,99.9,4.445,1023.75,0.38,3.58 17:18:38 25/12/20
0,99.9,4.36,1023.8,0.18,3.58 17:23:50 25/12/20
0,99.9,4.34,1023.85,0.08,3.58 17:29:03 25/12/20
0,99.9,4.27,1023.88,0.04,3.58 17:34:19 25/12/20
0,99.9,4.25,1023.86,0.02,3.58 17:39:35 25/12/20
0,99.9,4.165,1023.9,0.01,3.58 17:44:49 25/12/20
0,99.9,4.125,1023.87,0.0,3.58 17:50:00 25/12/20
0,99.9,4.045,1023.82,0.0,3.58 17:55:12 25/12/20
0,99.9,3.9650002,1023.78,0.0,3.58 18:00:26 25/12/20
0,99.9,3.92,1023.82,0.0,3.58 18:05:38 25/12/20
0,99.9,3.7749999,1023.8,0.0,3.58 18:10:52 25/12/20
0,99.9,3.67,1023.82,0.0,3.58 18:16:03 25/12/20
0,99.9,3.565,1023.89,0.0,3.58 18:21:17 25/12/20
0,99.9,3.46,1023.92,0.0,3.58 18:26:28 25/12/20
1,99.9,3.37,1023.91,0.0,3.58 18:31:41 25/12/20
1,99.9,3.29,1023.93,0.0,3.58 18:36:52 25/12/20
1,99.9,3.2649999,1024.01,0.01,3.58 18:42:05 25/12/20
2,99.9,3.25,1023.99,0.0,3.58 18:47:21 25/12/20
1,99.9,3.245,1024.06,0.01,3.58 18:52:29 25/12/20
2,99.9,3.17,1023.94,0.01,3.58 18:57:42 25/12/20
1,99.9,3.1599998,1024.04,0.01,3.57 19:02:56 25/12/20
2,99.9,3.135,1024.03,0.01,3.58 19:08:07 25/12/20
2,99.9,3.06,1024.02,0.01,3.58 19:13:21 25/12/20
2,99.9,2.9850001,1023.97,0.01,3.58 19:18:35 25/12/20
2,99.9,2.9499998,1024.13,0.01,3.58 19:23:49 25/12/20
2,99.9,2.865,1024.17,0.01,3.57 19:28:59 25/12/20
2,99.9,2.7649999,1024.13,0.0,3.58 19:34:11 25/12/20
2,99.9,2.675,1024.09,0.01,3.58 19:39:22 25/12/20
1,99.9,2.575,1024.11,0.01,3.57 19:44:36 25/12/20
1,99.9,2.54,1024.12,0.01,3.57 19:49:47 25/12/20
2,99.9,2.445,1024.07,0.01,3.57 19:55:04 25/12/20
0,99.9,2.37,1024.05,0.0,3.58 20:00:20 25/12/20
1,99.9,2.345,1024.02,0.01,3.57 20:05:34 25/12/20
1,99.9,2.28,1024.04,0.0,3.58 20:10:47 25/12/20
1,99.9,2.28,1024.03,0.0,3.57 20:15:57 25/12/20
1,99.9,2.275,1024.03,0.0,3.57 20:21:11 25/12/20
0,99.9,2.325,1024.01,0.0,3.57 20:26:22 25/12/20
0,99.9,2.285,1024.09,0.01,3.57 20:31:35 25/12/20
1,99.9,2.35,1024.06,0.01,3.57 20:36:48 25/12/20
1,99.9,2.345,1024.06,0.01,3.57 20:42:04 25/12/20
1,99.9,2.335,1024.2,0.01,3.57 20:47:22 25/12/20
0,99.9,2.27,1024.2,0.01,3.57 20:52:32 25/12/20
1,99.9,2.2450001,1024.17,0.01,3.57 20:57:46 25/12/20
0,99.9,2.175,1024.22,0.01,3.58 21:02:59 25/12/20
0,99.9,2.135,1024.24,0.01,3.57 21:08:09 25/12/20
0,99.9,2.045,1024.07,0.01,3.58 21:13:21 25/12/20
0,99.9,1.9499999,1023.93,0.01,3.57 21:18:36 25/12/20
0,99.9,1.865,1023.92,0.01,3.57 21:23:47 25/12/20
0,99.9,1.835,1023.94,0.01,3.57 21:29:00 25/12/20
0,99.9,1.7550001,1023.81,0.01,3.57 21:34:12 25/12/20
0,99.9,1.7450001,1023.94,0.01,3.57 21:39:27 25/12/20
0,99.9,1.665,1023.86,0.01,3.58 21:44:36 25/12/20
0,99.9,1.575,1023.78,0.01,3.57 21:49:47 25/12/20
0,99.9,1.49,1023.85,0.01,3.57 21:55:00 25/12/20
0,99.9,1.4449999,1024.14,0.01,3.57 22:00:13 25/12/20
0,99.9,1.375,1024.12,0.01,3.57 22:05:26 25/12/20
0,99.9,1.365,1024.15,0.01,3.57 22:10:41 25/12/20
0,99.9,1.345,1024.14,0.0,3.57 22:15:48 25/12/20
0,99.9,1.2750001,1024.06,0.01,3.57 22:21:01 25/12/20
0,99.9,1.26,1024.0,0.01,3.57 22:26:14 25/12/20
0,99.9,1.245,1023.89,0.01,3.57 22:31:27 25/12/20
0,99.9,1.1700001,1023.91,0.01,3.57 22:36:38 25/12/20
0,99.9,1.09,1023.92,0.01,3.57 22:41:51 25/12/20
0,99.9,1.08,1023.9,0.01,3.57 22:47:03 25/12/20
0,99.9,1.0550001,1023.94,0.01,3.57 22:52:16 25/12/20
0,99.9,1.0450001,1023.99,0.01,3.57 22:57:27 25/12/20
0,99.9,0.97,1023.98,0.01,3.57 23:02:38 25/12/20
0,99.9,0.95000005,1024.06,0.01,3.57 23:07:51 25/12/20
0,99.9,0.92999995,1024.1,0.01,3.57 23:13:04 25/12/20
0,99.9,0.87,1024.13,0.01,3.57 23:18:17 25/12/20
0,99.9,0.86,1024.23,0.0,3.57 23:23:29 25/12/20
0,99.9,0.875,1024.31,0.0,3.57 23:28:41 25/12/20
0,99.9,0.96000004,1024.39,0.01,3.57 23:33:51 25/12/20
0,99.9,1.04,1024.3,0.01,3.57 23:39:06 25/12/20
0,99.9,1.13,1024.24,0.0,3.57 23:44:16 25/12/20
0,99.9,1.165,1024.16,0.01,3.57 23:49:30 25/12/20
0,99.9,1.265,1024.19,0.0,3.57 23:54:40 25/12/20
4,99.9,1.36,1024.19,0.0,3.57 23:59:53 25/12/20
