165,99.9,14.094999,1019.26,0.0,4.04 00:02:51 08/09/19
164,99.9,14.01,1019.29,0.0,4.04 00:08:05 08/09/19
164,99.9,13.925,1019.3,0.0,4.04 00:13:19 08/09/19
163,99.9,13.84,1019.28,0.0,4.04 00:18:33 08/09/19
162,99.9,13.82,1019.27,0.0,4.03 00:23:48 08/09/19
163,99.9,13.75,1019.26,0.0,4.03 00:29:05 08/09/19
160,99.9,13.72,1019.25,0.0,4.04 00:34:25 08/09/19
162,99.9,13.639999,1019.29,0.0,4.03 00:39:38 08/09/19
158,99.9,13.605,1019.35,0.0,4.03 00:44:52 08/09/19
158,99.9,13.514999,1019.26,0.0,4.03 00:50:06 08/09/19
159,99.9,13.42,1019.18,0.0,4.03 00:55:20 08/09/19
158,99.9,13.325,1019.2,0.0,4.03 01:00:32 08/09/19
158,99.9,13.24,1019.2,0.0,4.03 01:05:48 08/09/19
159,99.9,13.200001,1019.21,0.0,4.03 01:11:01 08/09/19
161,99.9,13.12,1019.24,0.0,4.03 01:16:17 08/09/19
160,99.9,13.094999,1019.21,0.0,4.03 01:21:31 08/09/19
159,99.9,13.02,1019.18,0.0,4.03 01:26:44 08/09/19
162,99.9,12.950001,1019.16,0.0,4.03 01:31:58 08/09/19
163,99.9,12.93,1019.04,0.0,4.03 01:37:10 08/09/19
165,99.9,12.91,1019.01,0.0,4.03 01:42:26 08/09/19
164,99.9,12.91,1019.07,0.0,4.03 01:47:39 08/09/19
170,99.9,12.915,1018.99,0.0,4.02 01:52:54 08/09/19
173,99.9,12.940001,1019.04,0.0,4.02 01:58:07 08/09/19
170,99.9,13.014999,1019.04,0.0,4.03 02:03:20 08/09/19
168,99.9,13.105,1019.1,0.0,4.02 02:08:35 08/09/19
167,99.9,13.190001,1019.04,0.0,4.02 02:13:49 08/09/19
165,99.9,13.215,1019.02,0.0,4.02 02:19:03 08/09/19
164,99.9,13.285,1018.99,0.0,4.02 02:24:17 08/09/19
163,99.9,13.295,1018.97,0.0,4.02 02:29:31 08/09/19
166,99.9,13.299999,1018.97,0.0,4.02 02:34:48 08/09/19
168,99.9,13.299999,1018.92,0.0,4.02 02:40:00 08/09/19
167,99.9,13.305,1018.83,0.0,4.02 02:45:14 08/09/19
166,99.9,13.309999,1018.89,0.0,4.02 02:50:28 08/09/19
166,99.9,13.315001,1018.85,0.0,4.02 02:55:41 08/09/19
167,99.9,13.32,1018.74,0.0,4.02 03:00:55 08/09/19
168,99.9,13.33,1018.75,0.0,4.02 03:06:09 08/09/19
168,99.9,13.344999,1018.81,0.0,4.02 03:11:23 08/09/19
169,99.9,13.389999,1018.81,0.0,4.02 03:16:37 08/09/19
170,99.9,13.395,1018.78,0.0,4.02 03:21:51 08/09/19
172,99.9,13.335,1018.81,0.0,4.02 03:27:03 08/09/19
175,99.9,13.335,1018.82,0.0,4.01 03:32:19 08/09/19
171,99.9,13.389999,1018.76,0.0,4.01 03:37:31 08/09/19
172,99.9,13.325,1018.68,0.0,4.01 03:42:47 08/09/19
168,99.9,13.315001,1018.66,0.0,4.01 03:48:01 08/09/19
170,99.9,13.309999,1018.76,0.0,4.01 03:53:18 08/09/19
165,99.9,13.295,1018.68,0.0,4.01 03:58:36 08/09/19
166,99.9,13.295,1018.87,0.0,4.01 04:03:50 08/09/19
166,99.9,13.23,1018.87,0.0,4.01 04:09:05 08/09/19
169,99.9,13.225,1018.85,0.0,4.01 04:14:17 08/09/19
165,99.9,13.215,1018.84,0.0,4.01 04:19:33 08/09/19
173,99.9,13.21,1018.86,0.0,4.01 04:24:51 08/09/19
169,99.9,13.215,1018.86,0.0,4.01 04:30:07 08/09/19
168,99.9,13.200001,1018.82,0.0,4.01 04:35:23 08/09/19
167,99.9,13.195,1018.81,0.0,4.01 04:40:35 08/09/19
165,99.9,13.125,1018.83,0.0,4.01 04:45:52 08/09/19
166,99.9,13.1,1018.8,0.0,4.01 04:51:06 08/09/19
169,99.9,13.01,1018.78,0.0,4.01 04:56:19 08/09/19
166,99.9,12.91,1018.72,0.0,4.01 05:01:31 08/09/19
171,99.9,12.82,1018.68,0.0,4.0 05:06:50 08/09/19
168,99.9,12.72,1018.67,0.0,4.0 05:12:09 08/09/19
169,99.9,12.62,1018.76,0.0,4.0 05:17:24 08/09/19
169,99.9,12.514999,1018.76,0.0,4.0 05:22:37 08/09/19
167,99.9,12.425,1018.76,0.0,4.0 05:27:51 08/09/19
166,99.9,12.32,1018.83,0.0,4.0 05:33:06 08/09/19
164,99.9,12.22,1018.81,0.0,4.0 05:38:18 08/09/19
164,99.9,12.110001,1018.79,0.0,4.0 05:43:32 08/09/19
165,99.9,12.004999,1018.83,0.0,4.0 05:48:47 08/09/19
168,99.9,11.85,1018.87,0.0,4.0 05:54:00 08/09/19
168,99.9,11.745001,1018.78,0.0,4.0 05:59:20 08/09/19
171,99.9,11.645,1018.75,0.0,4.0 06:04:36 08/09/19
176,99.9,11.594999,1018.72,0.0,4.0 06:09:51 08/09/19
181,99.9,11.51,1018.77,0.0,4.0 06:15:03 08/09/19
191,99.9,11.440001,1018.85,0.01,4.0 06:20:18 08/09/19
205,99.9,11.42,1018.8,0.04,4.0 06:25:31 08/09/19
220,99.9,11.405001,1018.73,0.11,4.0 06:30:45 08/09/19
240,99.9,11.344999,1018.82,0.28,4.0 06:35:58 08/09/19
265,99.9,11.385,1018.87,0.65,4.0 06:41:10 08/09/19
308,99.9,11.32,1018.93,1.37,4.0 06:46:25 08/09/19
345,99.9,11.325,1018.95,2.11,4.0 06:51:37 08/09/19
405,99.9,11.309999,1018.98,3.04,4.0 06:56:51 08/09/19
464,99.9,11.299999,1018.89,3.95,4.0 07:02:06 08/09/19
514,99.9,11.235001,1018.89,4.12,4.0 07:07:20 08/09/19
546,99.9,11.215,1019.07,4.39,4.0 07:12:32 08/09/19
586,99.9,11.200001,1019.06,4.79,3.99 07:17:51 08/09/19
615,99.9,11.195,1019.0,4.6,4.0 07:23:10 08/09/19
653,99.9,11.200001,1019.01,4.62,4.0 07:28:23 08/09/19
670,99.9,11.200001,1018.98,4.08,4.0 07:33:38 08/09/19
675,99.9,11.215,1018.92,4.72,4.0 07:38:51 08/09/19
674,99.9,11.225,1018.99,5.0,4.0 07:44:05 08/09/19
717,99.9,11.299999,1018.95,4.18,4.01 07:49:18 08/09/19
731,99.9,11.32,1018.96,4.19,4.01 07:54:32 08/09/19
749,99.9,11.41,1018.92,4.26,4.02 07:59:46 08/09/19
743,99.9,11.52,1018.96,4.37,4.02 08:04:59 08/09/19
749,99.9,11.635,1018.92,4.17,4.03 08:10:11 08/09/19
746,99.9,11.73,1018.92,4.29,4.03 08:15:27 08/09/19
750,99.9,11.835,1018.93,5.0,4.03 08:20:40 08/09/19
751,99.9,11.925,1018.85,5.0,4.03 08:25:54 08/09/19
756,99.9,12.004999,1018.91,4.65,4.03 08:31:07 08/09/19
765,99.9,12.035,1018.86,4.25,4.04 08:36:20 08/09/19
773,99.9,12.12,1018.8,4.16,4.04 08:41:39 08/09/19
789,99.9,12.215,1018.81,5.0,4.05 08:46:58 08/09/19
793,99.9,12.315001,1018.71,4.17,4.06 08:52:16 08/09/19
790,99.9,12.415,1018.67,4.26,4.07 08:57:35 08/09/19
784,99.9,12.52,1018.74,5.0,4.07 09:02:48 08/09/19
784,99.9,12.610001,1018.74,4.16,4.07 09:08:02 08/09/19
784,99.9,12.645,1018.75,4.24,4.08 09:13:24 08/09/19
769,99.9,12.79,1018.8,5.0,4.08 09:18:39 08/09/19
789,99.9,12.805,1018.73,4.16,4.09 09:23:52 08/09/19
806,99.9,12.83,1018.83,4.16,4.1 09:29:06 08/09/19
815,99.9,12.915,1018.85,4.22,4.14 09:34:18 08/09/19
840,99.9,13.004999,1018.86,4.37,4.18 09:39:37 08/09/19
853,99.9,13.205,1018.93,5.0,4.13 09:44:57 08/09/19
874,99.9,13.395,1018.83,4.28,4.18 09:50:11 08/09/19
872,99.9,13.715,1018.84,5.0,4.14 09:55:25 08/09/19
842,99.9,14.004999,1018.82,5.0,4.12 10:00:39 08/09/19
848,99.9,14.200001,1018.85,4.4,4.16 10:05:52 08/09/19
848,99.9,14.33,1018.84,5.0,4.14 10:11:06 08/09/19
852,99.9,14.504999,1018.92,5.0,4.12 10:16:25 08/09/19
858,99.9,14.605,1018.94,5.0,4.11 10:21:43 08/09/19
854,99.9,14.764999,1018.95,4.29,4.17 10:26:57 08/09/19
859,99.9,14.895,1018.98,5.0,4.14 10:32:12 08/09/19
863,99.9,15.055,1018.94,5.0,4.13 10:37:26 08/09/19
881,99.9,15.17,1018.89,5.0,4.12 10:42:40 08/09/19
881,99.9,15.34,1018.82,5.0,4.11 10:47:54 08/09/19
884,99.9,15.525,1018.83,5.0,4.23 10:53:09 08/09/19
890,99.9,15.690001,1018.78,5.0,4.14 10:58:23 08/09/19
887,99.9,15.934999,1018.8,5.0,4.13 11:03:35 08/09/19
885,99.9,16.135,1018.77,5.0,4.12 11:08:51 08/09/19
890,99.9,16.3,1018.72,5.0,4.11 11:14:06 08/09/19
890,99.9,16.43,1018.75,5.0,4.11 11:19:20 08/09/19
893,99.9,16.68,1018.75,5.0,4.21 11:24:35 08/09/19
847,99.9,16.92,1018.68,5.0,4.14 11:29:50 08/09/19
841,99.9,17.035,1018.74,5.0,4.13 11:35:04 08/09/19
848,99.9,17.11,1018.72,5.0,4.13 11:40:18 08/09/19
842,99.9,17.05,1018.78,5.0,4.12 11:45:33 08/09/19
841,99.9,16.965,1018.82,5.0,4.12 11:50:47 08/09/19
829,99.9,16.925,1018.82,5.0,4.11 11:56:02 08/09/19
825,99.9,16.845,1018.91,4.24,4.15 12:01:16 08/09/19
830,99.9,16.76,1018.88,5.0,4.15 12:06:31 08/09/19
836,99.9,16.68,1018.89,5.0,4.13 12:11:46 08/09/19
839,99.9,16.650002,1018.84,5.0,4.12 12:17:03 08/09/19
844,99.9,16.635,1018.83,5.0,4.12 12:22:23 08/09/19
838,99.9,16.635,1018.76,5.0,4.12 12:27:36 08/09/19
845,99.9,16.64,1018.72,4.29,4.17 12:32:51 08/09/19
839,99.9,16.675,1018.71,5.0,4.15 12:38:06 08/09/19
817,99.9,16.740002,1018.62,5.0,4.14 12:43:20 08/09/19
801,99.9,16.735,1018.56,5.0,4.13 12:48:35 08/09/19
808,99.9,16.665,1018.57,5.0,4.12 12:53:49 08/09/19
825,99.9,16.585,1018.57,5.0,4.12 12:59:04 08/09/19
832,99.9,16.575,1018.53,4.23,4.16 13:04:18 08/09/19
847,99.9,16.58,1018.45,5.0,4.15 13:09:36 08/09/19
846,99.9,16.595001,1018.32,5.0,4.13 13:14:59 08/09/19
851,99.9,16.654999,1018.29,5.0,4.13 13:20:22 08/09/19
850,99.9,16.745,1018.34,5.0,4.12 13:25:42 08/09/19
862,99.9,16.825,1018.31,5.0,4.12 13:30:57 08/09/19
868,99.9,16.935,1018.23,4.3,4.19 13:36:14 08/09/19
870,99.9,17.125,1018.23,5.0,4.15 13:41:34 08/09/19
879,99.9,17.255001,1018.24,5.0,4.14 13:46:49 08/09/19
881,99.9,17.51,1018.13,5.0,4.13 13:52:03 08/09/19
873,99.9,17.775,1018.14,5.0,4.13 13:57:17 08/09/19
871,99.4,17.91,1018.09,5.0,4.12 14:02:32 08/09/19
875,99.9,18.075,1018.08,5.0,4.12 14:07:47 08/09/19
862,99.7,18.185001,1018.04,4.29,4.19 14:13:01 08/09/19
853,98.5,18.235,1018.0,5.0,4.15 14:18:16 08/09/19
835,98.8,18.240002,1018.04,5.0,4.14 14:23:30 08/09/19
863,98.2,18.14,1017.98,5.0,4.13 14:28:45 08/09/19
872,98.9,18.205,1017.93,5.0,4.13 14:34:00 08/09/19
879,98.1,18.325,1017.95,5.0,4.12 14:39:15 08/09/19
873,99.0,18.425,1017.9,5.0,4.12 14:44:29 08/09/19
897,98.6,18.68,1017.82,5.0,4.22 14:49:44 08/09/19
885,98.6,18.98,1017.78,5.0,4.15 14:54:59 08/09/19
895,98.5,19.185001,1017.71,5.0,4.14 15:00:12 08/09/19
894,98.1,19.529999,1017.67,5.0,4.13 15:05:30 08/09/19
851,98.3,19.795,1017.59,5.0,4.13 15:10:44 08/09/19
897,97.1,19.785,1017.55,5.0,4.12 15:15:58 08/09/19
896,97.6,19.875,1017.54,5.0,4.12 15:21:13 08/09/19
853,95.7,20.025002,1017.49,4.29,4.19 15:26:27 08/09/19
823,93.0,19.82,1017.41,5.0,4.15 15:31:43 08/09/19
819,95.1,19.58,1017.4,5.0,4.14 15:36:57 08/09/19
816,94.4,19.425,1017.43,5.0,4.14 15:42:12 08/09/19
815,93.3,19.145,1017.34,5.0,4.13 15:47:28 08/09/19
824,94.4,18.939999,1017.36,5.0,4.12 15:52:43 08/09/19
891,96.2,18.835,1017.34,5.0,4.12 15:57:58 08/09/19
892,94.3,19.065,1017.25,5.0,4.12 16:03:12 08/09/19
888,96.2,19.345001,1017.24,4.37,4.22 16:08:27 08/09/19
869,96.2,19.73,1017.21,5.0,4.15 16:13:43 08/09/19
858,93.6,19.93,1017.22,5.0,4.14 16:18:58 08/09/19
832,93.6,20.055,1017.13,5.0,4.13 16:24:13 08/09/19
828,94.2,20.150002,1017.16,5.0,4.13 16:29:26 08/09/19
817,94.3,20.24,1017.26,5.0,4.12 16:34:43 08/09/19
823,92.0,20.105,1017.24,5.0,4.12 16:39:58 08/09/19
808,92.9,19.935,1017.18,5.0,4.12 16:45:13 08/09/19
793,92.1,19.725,1017.14,4.99,4.14 16:50:28 08/09/19
796,93.0,19.474998,1017.15,5.0,4.14 16:55:45 08/09/19
800,93.9,19.27,1017.13,5.0,4.14 17:00:57 08/09/19
806,93.2,19.075,1017.09,5.0,4.13 17:06:12 08/09/19
810,93.7,18.970001,1017.01,5.0,4.12 17:11:30 08/09/19
837,94.4,18.939999,1017.0,5.0,4.12 17:16:50 08/09/19
852,95.5,19.085,1016.95,5.0,4.17 17:22:05 08/09/19
860,95.4,19.245,1016.98,5.0,4.15 17:27:23 08/09/19
825,93.3,19.380001,1016.96,5.0,4.14 17:32:44 08/09/19
855,93.3,19.325,1016.91,5.0,4.13 17:37:58 08/09/19
829,93.3,19.325,1016.85,5.0,4.13 17:43:13 08/09/19
796,94.3,19.325,1016.95,5.0,4.12 17:48:28 08/09/19
791,94.3,19.25,1016.99,5.0,4.12 17:53:43 08/09/19
775,93.2,19.25,1017.0,4.24,4.14 17:58:57 08/09/19
775,93.8,19.175,1016.93,5.0,4.15 18:04:12 08/09/19
780,91.8,19.055,1016.96,5.0,4.14 18:09:28 08/09/19
779,91.3,18.970001,1016.91,5.0,4.13 18:14:42 08/09/19
785,89.0,18.855,1016.89,5.0,4.12 18:19:57 08/09/19
821,90.5,18.695,1016.97,5.0,4.12 18:25:15 08/09/19
817,91.9,18.59,1017.0,5.0,4.11 18:30:35 08/09/19
816,92.3,18.545,1016.98,5.0,4.11 18:35:50 08/09/19
810,92.5,18.470001,1017.02,4.38,4.17 18:41:04 08/09/19
803,93.0,18.455,1017.04,5.0,4.15 18:46:19 08/09/19
799,92.2,18.36,1017.08,5.0,4.14 18:51:34 08/09/19
782,92.5,18.2,1017.07,5.0,4.13 18:56:49 08/09/19
776,92.5,18.145,1017.09,5.0,4.13 19:02:03 08/09/19
774,91.6,17.974998,1017.09,5.0,4.12 19:07:19 08/09/19
765,92.2,17.875,1017.18,5.0,4.12 19:12:33 08/09/19
752,92.3,17.76,1017.17,5.0,4.12 19:17:45 08/09/19
710,92.5,17.595001,1017.14,4.83,4.12 19:23:02 08/09/19
699,92.6,17.485,1017.12,4.97,4.14 19:28:17 08/09/19
690,92.7,17.384998,1017.18,4.22,4.15 19:33:32 08/09/19
672,92.7,17.27,1017.16,5.0,4.15 19:38:46 08/09/19
652,92.9,17.16,1017.23,5.0,4.15 19:44:00 08/09/19
631,92.6,17.045,1017.17,4.34,4.14 19:49:15 08/09/19
604,92.7,16.869999,1017.19,5.0,4.13 19:54:29 08/09/19
572,92.8,16.7,1017.17,4.9,4.13 19:59:44 08/09/19
533,92.9,16.564999,1017.2,4.51,4.13 20:04:58 08/09/19
491,92.9,16.39,1017.23,4.22,4.12 20:10:13 08/09/19
445,93.1,16.195,1017.28,4.04,4.12 20:15:28 08/09/19
391,93.1,16.01,1017.37,3.29,4.11 20:20:41 08/09/19
340,93.3,15.82,1017.42,2.49,4.11 20:25:54 08/09/19
295,93.5,15.615,1017.38,1.51,4.11 20:31:11 08/09/19
256,93.6,15.43,1017.38,0.55,4.1 20:36:25 08/09/19
229,93.8,15.29,1017.45,0.21,4.1 20:41:39 08/09/19
210,93.8,15.1,1017.43,0.07,4.1 20:46:54 08/09/19
196,94.4,14.92,1017.51,0.02,4.09 20:52:07 08/09/19
186,94.3,14.795,1017.55,0.0,4.09 20:57:21 08/09/19
180,94.5,14.625,1017.59,0.0,4.09 21:02:38 08/09/19
175,94.5,14.51,1017.57,0.0,4.09 21:07:50 08/09/19
172,94.6,14.41,1017.66,0.0,4.08 21:13:05 08/09/19
171,94.8,14.295,1017.62,0.0,4.08 21:18:18 08/09/19
171,95.1,14.195,1017.63,0.0,4.08 21:23:30 08/09/19
170,95.1,14.045,1017.6,0.0,4.08 21:28:46 08/09/19
170,95.3,13.995,1017.56,0.0,4.08 21:34:01 08/09/19
169,95.1,13.9,1017.54,0.0,4.08 21:39:15 08/09/19
169,95.1,13.815001,1017.53,0.0,4.08 21:44:28 08/09/19
168,95.5,13.73,1017.54,0.0,4.07 21:49:43 08/09/19
169,95.6,13.690001,1017.6,0.0,4.07 21:54:57 08/09/19
171,95.7,13.605,1017.58,0.0,4.07 22:00:11 08/09/19
171,95.9,13.514999,1017.62,0.0,4.07 22:05:25 08/09/19
171,95.8,13.41,1017.58,0.0,4.06 22:10:39 08/09/19
171,95.9,13.305,1017.58,0.0,4.06 22:15:53 08/09/19
171,96.0,13.155001,1017.57,0.0,4.06 22:21:07 08/09/19
171,96.2,13.049999,1017.51,0.0,4.06 22:26:21 08/09/19
171,96.1,13.01,1017.54,0.0,4.06 22:31:35 08/09/19
170,96.4,12.92,1017.49,0.0,4.06 22:36:52 08/09/19
170,96.3,12.765,1017.5,0.0,4.06 22:42:12 08/09/19
170,96.5,12.71,1017.47,0.0,4.06 22:47:25 08/09/19
170,96.6,12.610001,1017.43,0.0,4.05 22:52:39 08/09/19
170,96.5,12.52,1017.43,0.0,4.05 22:57:53 08/09/19
169,96.7,12.434999,1017.44,0.0,4.05 23:03:10 08/09/19
169,96.9,12.4,1017.4,0.0,4.05 23:08:29 08/09/19
169,96.8,12.309999,1017.48,0.0,4.05 23:13:43 08/09/19
169,97.1,12.225,1017.56,0.0,4.05 23:18:57 08/09/19
168,97.0,12.125,1017.43,0.0,4.05 23:24:14 08/09/19
166,97.4,12.04,1017.34,0.0,4.05 23:29:33 08/09/19
166,96.9,12.01,1017.31,0.0,4.05 23:34:45 08/09/19
165,97.2,11.915,1017.31,0.0,4.04 23:40:01 08/09/19
165,97.2,11.84,1017.35,0.0,4.04 23:45:14 08/09/19
165,97.1,11.755,1017.35,0.0,4.04 23:50:29 08/09/19
164,97.5,11.71,1017.31,0.0,4.04 23:55:42 08/09/19
