160,98.2,18.935,1008.99,0.0,4.03 00:05:02 23/09/19
159,99.0,18.925,1009.14,0.0,4.03 00:10:22 23/09/19
159,97.4,18.855,1009.14,0.0,4.03 00:15:37 23/09/19
157,97.3,18.83,1009.16,0.0,4.03 00:20:52 23/09/19
158,97.9,18.810001,1009.31,0.0,4.03 00:26:06 23/09/19
160,98.5,18.73,1009.42,0.0,4.03 00:31:19 23/09/19
162,98.3,18.66,1009.53,0.0,4.03 00:36:34 23/09/19
162,99.0,18.64,1009.59,0.0,4.02 00:41:51 23/09/19
163,99.9,18.625,1009.56,0.0,4.02 00:47:06 23/09/19
163,99.2,18.56,1009.6,0.0,4.02 00:52:21 23/09/19
164,99.8,18.55,1009.61,0.0,4.02 00:57:35 23/09/19
165,98.3,18.529999,1009.57,0.0,4.02 01:02:49 23/09/19
165,99.3,18.455,1009.53,0.0,4.02 01:08:05 23/09/19
166,99.2,18.439999,1009.66,0.0,4.02 01:13:20 23/09/19
165,99.2,18.42,1009.65,0.0,4.02 01:18:34 23/09/19
164,98.1,18.35,1009.7,0.0,4.02 01:23:49 23/09/19
164,99.8,18.34,1009.61,0.0,4.02 01:29:04 23/09/19
164,99.4,18.32,1009.75,0.0,4.02 01:34:19 23/09/19
163,99.9,18.25,1009.64,0.0,4.02 01:39:33 23/09/19
162,98.6,18.225,1009.7,0.0,4.02 01:44:48 23/09/19
162,98.9,18.154999,1009.85,0.0,4.02 01:50:03 23/09/19
162,99.9,18.130001,1009.82,0.0,4.01 01:55:22 23/09/19
163,99.7,18.06,1009.93,0.0,4.02 02:00:41 23/09/19
163,99.9,18.045,1009.81,0.0,4.01 02:05:59 23/09/19
163,99.7,18.02,1009.76,0.0,4.02 02:11:19 23/09/19
163,99.9,17.95,1009.77,0.0,4.01 02:16:34 23/09/19
163,99.9,17.93,1009.82,0.0,4.01 02:21:48 23/09/19
163,99.9,17.915,1009.87,0.0,4.01 02:27:03 23/09/19
163,99.8,17.85,1009.83,0.0,4.01 02:32:21 23/09/19
164,99.5,17.84,1009.89,0.0,4.01 02:37:41 23/09/19
164,99.3,17.835,1009.95,0.0,4.01 02:42:55 23/09/19
164,99.8,17.82,1010.08,0.0,4.01 02:48:10 23/09/19
165,99.9,17.744999,1010.11,0.0,4.01 02:53:25 23/09/19
165,99.9,17.74,1010.23,0.0,4.01 02:58:39 23/09/19
165,99.8,17.73,1010.27,0.0,4.01 03:03:52 23/09/19
164,99.9,17.71,1010.26,0.0,4.01 03:09:09 23/09/19
164,99.9,17.66,1010.14,0.0,4.01 03:14:23 23/09/19
164,99.9,17.64,1009.92,0.0,4.01 03:19:39 23/09/19
163,99.9,17.625,1010.1,0.0,4.01 03:24:57 23/09/19
163,99.9,17.6,1010.13,0.0,4.01 03:30:16 23/09/19
163,99.9,17.54,1010.12,0.0,4.0 03:35:31 23/09/19
162,99.9,17.525,1010.14,0.0,4.0 03:40:44 23/09/19
161,99.9,17.45,1010.1,0.0,4.01 03:46:00 23/09/19
161,99.9,17.439999,1010.19,0.0,4.0 03:51:14 23/09/19
161,99.9,17.42,1010.35,0.0,4.0 03:56:30 23/09/19
162,99.9,17.355,1010.36,0.0,4.0 04:01:44 23/09/19
161,99.9,17.34,1010.33,0.0,4.0 04:06:56 23/09/19
159,99.9,17.279999,1010.17,0.0,4.0 04:12:22 23/09/19
162,99.9,17.325,1010.38,0.0,4.0 04:17:36 23/09/19
160,99.9,17.255001,1010.26,0.0,4.0 04:22:51 23/09/19
162,99.9,17.244999,1010.38,0.0,4.0 04:28:06 23/09/19
161,99.9,17.23,1010.34,0.0,4.0 04:33:20 23/09/19
159,99.9,17.225,1010.33,0.0,4.0 04:38:34 23/09/19
162,99.9,17.205,1010.4,0.0,4.0 04:43:53 23/09/19
161,99.9,17.185001,1010.36,0.0,4.0 04:49:10 23/09/19
162,99.9,17.115,1010.31,0.0,4.0 04:54:26 23/09/19
161,99.9,17.115,1010.4,0.0,4.0 04:59:42 23/09/19
161,99.9,17.115,1010.32,0.0,4.0 05:04:56 23/09/19
162,99.9,17.105,1010.39,0.0,4.0 05:10:10 23/09/19
161,99.9,17.11,1010.39,0.0,4.0 05:15:23 23/09/19
160,99.9,17.1,1010.31,0.0,4.0 05:20:39 23/09/19
162,99.9,17.095001,1010.38,0.0,4.0 05:25:54 23/09/19
160,99.9,17.09,1010.33,0.0,4.0 05:31:08 23/09/19
160,99.9,17.09,1010.38,0.0,3.99 05:36:23 23/09/19
159,99.9,17.025,1010.34,0.0,3.99 05:41:37 23/09/19
160,99.9,17.015,1010.4,0.0,3.99 05:46:53 23/09/19
160,99.9,17.005001,1010.4,0.0,3.99 05:52:06 23/09/19
159,99.9,17.0,1010.48,0.0,3.99 05:57:22 23/09/19
159,99.9,16.994999,1010.43,0.0,3.99 06:02:39 23/09/19
159,99.9,16.994999,1010.36,0.0,3.99 06:07:59 23/09/19
159,99.9,16.935,1010.4,0.0,3.99 06:13:13 23/09/19
160,99.9,16.92,1010.37,0.0,3.99 06:18:28 23/09/19
160,99.9,16.915,1010.4,0.0,3.99 06:23:42 23/09/19
161,99.9,16.91,1010.39,0.0,3.99 06:28:57 23/09/19
163,99.9,16.91,1010.48,0.0,3.99 06:34:11 23/09/19
165,99.9,16.915,1010.49,0.0,3.99 06:39:24 23/09/19
168,99.9,16.904999,1010.53,0.0,3.99 06:44:40 23/09/19
177,99.9,16.915,1010.46,0.02,3.99 06:49:53 23/09/19
194,99.9,16.904999,1010.5,0.07,3.99 06:55:09 23/09/19
204,99.9,16.845001,1010.55,0.12,3.99 07:00:22 23/09/19
234,99.9,16.835,1010.63,0.36,3.99 07:05:38 23/09/19
277,99.9,16.825,1010.63,0.9,3.99 07:10:51 23/09/19
319,99.9,16.810001,1010.73,1.55,3.99 07:16:07 23/09/19
356,99.9,16.8,1010.95,2.26,3.99 07:21:22 23/09/19
432,99.9,16.735,1010.92,3.36,3.99 07:26:36 23/09/19
478,99.9,16.725,1011.11,3.95,3.99 07:31:51 23/09/19
520,99.9,16.71,1011.12,4.06,3.99 07:37:03 23/09/19
552,99.9,16.705,1011.23,4.36,3.99 07:42:18 23/09/19
580,99.9,16.65,1011.27,4.65,3.99 07:47:34 23/09/19
608,99.9,16.7,1011.34,5.0,3.99 07:52:49 23/09/19
646,99.9,16.71,1011.4,5.0,3.99 07:58:03 23/09/19
648,99.9,16.720001,1011.53,4.1,3.99 08:03:18 23/09/19
663,99.9,16.73,1011.56,4.16,3.99 08:08:32 23/09/19
666,99.9,16.735,1011.58,4.46,3.99 08:13:47 23/09/19
687,99.9,16.74,1011.56,5.0,3.99 08:19:01 23/09/19
720,99.9,16.8,1011.63,4.16,4.0 08:24:14 23/09/19
728,99.9,16.755001,1011.54,4.39,4.0 08:29:30 23/09/19
728,99.9,16.82,1011.72,4.18,4.01 08:34:45 23/09/19
738,99.9,16.825,1011.82,4.07,4.01 08:39:59 23/09/19
736,99.9,16.845001,1011.98,4.16,4.02 08:45:14 23/09/19
739,99.9,16.865002,1012.01,5.0,4.02 08:50:28 23/09/19
750,99.9,16.925,1012.07,5.0,4.02 08:55:43 23/09/19
757,99.9,16.939999,1012.07,4.19,4.02 09:00:57 23/09/19
741,99.9,17.015,1012.14,5.0,4.03 09:06:12 23/09/19
724,99.9,17.029999,1012.31,5.0,4.02 09:11:26 23/09/19
724,99.9,17.04,1012.37,5.0,4.02 09:16:41 23/09/19
753,99.9,17.045,1012.51,5.0,4.03 09:21:55 23/09/19
764,99.9,17.05,1012.44,5.0,4.04 09:27:10 23/09/19
780,99.9,17.06,1012.51,4.81,4.05 09:32:24 23/09/19
789,99.9,17.119999,1012.52,4.58,4.06 09:37:44 23/09/19
757,99.9,17.145,1012.59,4.1,4.05 09:43:01 23/09/19
804,99.9,17.145,1012.81,4.18,4.07 09:48:25 23/09/19
777,99.9,17.235,1012.9,4.2,4.07 09:53:38 23/09/19
804,99.9,17.17,1012.88,4.17,4.09 09:58:54 23/09/19
840,99.9,17.235,1012.94,4.39,4.15 10:04:09 23/09/19
833,99.9,17.365002,1012.96,4.29,4.2 10:09:23 23/09/19
795,99.9,17.49,1013.08,5.0,4.13 10:14:38 23/09/19
811,99.9,17.5,1013.1,5.0,4.13 10:19:54 23/09/19
832,99.9,17.564999,1013.12,5.0,4.14 10:25:07 23/09/19
798,99.9,17.58,1013.2,5.0,4.14 10:30:22 23/09/19
836,99.9,17.635,1013.23,5.0,4.14 10:35:37 23/09/19
849,99.9,17.654999,1013.18,5.0,4.12 10:40:51 23/09/19
853,99.9,17.775002,1013.19,4.29,4.18 10:46:06 23/09/19
843,99.9,17.945,1013.22,5.0,4.14 10:51:20 23/09/19
826,99.9,18.029999,1013.16,5.0,4.12 10:56:35 23/09/19
840,99.9,18.029999,1013.15,4.26,4.17 11:01:50 23/09/19
821,99.9,17.98,1013.21,5.0,4.14 11:07:04 23/09/19
832,99.9,17.965,1013.18,5.0,4.13 11:12:19 23/09/19
828,99.9,17.955,1013.12,5.0,4.12 11:17:32 23/09/19
837,99.9,18.015,1013.14,5.0,4.17 11:22:49 23/09/19
833,99.9,18.06,1013.21,5.0,4.15 11:28:02 23/09/19
864,99.9,18.115,1013.27,5.0,4.13 11:33:19 23/09/19
863,99.9,18.14,1013.3,5.0,4.12 11:38:33 23/09/19
851,99.9,18.23,1013.3,5.0,4.12 11:43:47 23/09/19
873,99.9,18.33,1013.34,4.3,4.18 11:49:02 23/09/19
841,99.9,18.5,1013.28,5.0,4.14 11:54:17 23/09/19
846,99.9,18.619999,1013.27,5.0,4.13 11:59:30 23/09/19
840,99.9,18.705,1013.3,5.0,4.13 12:04:46 23/09/19
850,99.9,18.725,1013.31,5.0,4.12 12:10:01 23/09/19
839,99.9,18.805,1013.28,4.28,4.17 12:15:17 23/09/19
817,99.9,18.884998,1013.27,5.0,4.14 12:20:31 23/09/19
792,99.9,18.835,1013.18,5.0,4.13 12:25:46 23/09/19
812,99.9,18.865,1013.22,5.0,4.13 12:31:01 23/09/19
890,99.9,18.815,1013.23,5.0,4.12 12:36:13 23/09/19
841,99.9,18.895,1013.2,4.37,4.17 12:41:30 23/09/19
817,99.9,19.064999,1013.27,5.0,4.15 12:46:45 23/09/19
831,99.9,19.09,1013.26,5.0,4.13 12:52:00 23/09/19
793,99.9,19.1,1013.34,5.0,4.13 12:57:15 23/09/19
799,99.9,19.015,1013.29,5.0,4.12 13:02:30 23/09/19
834,99.9,19.0,1013.26,4.26,4.17 13:07:44 23/09/19
888,99.9,19.145,1013.23,5.0,4.15 13:12:59 23/09/19
887,99.9,19.365,1013.24,5.0,4.14 13:18:14 23/09/19
813,99.9,19.595001,1013.28,5.0,4.13 13:23:30 23/09/19
805,99.9,19.675,1013.34,5.0,4.13 13:28:42 23/09/19
862,99.9,19.615,1013.39,5.0,4.12 13:33:57 23/09/19
847,99.9,19.67,1013.31,5.0,4.17 13:39:14 23/09/19
844,99.9,19.625,1013.39,5.0,4.15 13:44:27 23/09/19
832,99.9,19.61,1013.4,5.0,4.14 13:49:42 23/09/19
806,99.9,19.595001,1013.4,5.0,4.13 13:54:59 23/09/19
776,99.9,19.45,1013.43,5.0,4.12 14:00:17 23/09/19
770,99.9,19.415,1013.44,4.22,4.13 14:05:38 23/09/19
773,99.9,19.33,1013.41,5.0,4.16 14:10:52 23/09/19
798,99.9,19.295,1013.44,5.0,4.14 14:16:07 23/09/19
842,99.9,19.28,1013.37,5.0,4.13 14:21:26 23/09/19
838,99.9,19.305,1013.39,5.0,4.13 14:26:49 23/09/19
801,99.9,19.375,1013.38,4.24,4.14 14:32:10 23/09/19
793,99.9,19.34,1013.43,5.0,4.14 14:37:27 23/09/19
799,99.9,19.38,1013.42,5.0,4.13 14:42:47 23/09/19
803,99.9,19.32,1013.51,5.0,4.13 14:48:02 23/09/19
810,99.9,19.355,1013.53,5.0,4.12 14:53:17 23/09/19
813,99.9,19.305,1013.57,4.34,4.15 14:58:31 23/09/19
814,99.9,19.295,1013.53,5.0,4.15 15:03:46 23/09/19
801,99.9,19.295,1013.52,5.0,4.14 15:09:01 23/09/19
789,99.9,19.3,1013.49,5.0,4.13 15:14:16 23/09/19
791,99.9,19.295,1013.54,5.0,4.13 15:19:31 23/09/19
812,99.9,19.29,1013.51,5.0,4.12 15:24:44 23/09/19
831,99.9,19.3,1013.47,4.23,4.17 15:30:05 23/09/19
844,99.9,19.395,1013.49,5.0,4.15 15:35:24 23/09/19
880,99.9,19.635,1013.46,5.0,4.14 15:40:39 23/09/19
877,99.9,19.945,1013.44,5.0,4.13 15:45:54 23/09/19
867,99.9,20.255001,1013.36,5.0,4.13 15:51:09 23/09/19
788,99.9,20.45,1013.31,5.0,4.12 15:56:24 23/09/19
788,99.9,20.555,1013.23,4.22,4.15 16:01:39 23/09/19
820,99.9,20.555,1013.31,5.0,4.14 16:06:54 23/09/19
813,99.9,20.474998,1013.32,5.0,4.13 16:12:09 23/09/19
815,99.9,20.465,1013.33,5.0,4.13 16:17:24 23/09/19
821,99.9,20.529999,1013.35,4.3,4.15 16:22:40 23/09/19
796,99.9,20.560001,1013.33,5.0,4.15 16:27:53 23/09/19
798,99.3,20.485,1013.35,5.0,4.14 16:33:10 23/09/19
808,99.9,20.485,1013.35,5.0,4.14 16:38:25 23/09/19
812,99.9,20.485,1013.25,5.0,4.13 16:43:40 23/09/19
803,98.1,20.39,1013.28,5.0,4.12 16:48:56 23/09/19
805,99.3,20.3,1013.31,4.24,4.16 16:54:11 23/09/19
808,99.1,20.27,1013.33,5.0,4.14 16:59:25 23/09/19
806,99.7,20.195,1013.32,5.0,4.13 17:04:40 23/09/19
804,99.0,20.2,1013.31,5.0,4.13 17:09:55 23/09/19
795,99.5,20.18,1013.3,4.23,4.15 17:15:10 23/09/19
784,98.6,20.125,1013.37,5.0,4.14 17:20:25 23/09/19
782,98.5,20.1,1013.42,5.0,4.14 17:25:38 23/09/19
794,98.7,20.064999,1013.38,5.0,4.13 17:30:55 23/09/19
800,98.5,20.01,1013.37,4.26,4.15 17:36:14 23/09/19
789,98.2,20.064999,1013.31,5.0,4.14 17:41:34 23/09/19
782,98.4,20.0,1013.41,5.0,4.13 17:46:49 23/09/19
780,98.4,19.994999,1013.4,5.0,4.12 17:52:04 23/09/19
770,99.2,19.99,1013.37,5.0,4.12 17:57:19 23/09/19
766,99.2,20.0,1013.51,4.22,4.13 18:02:34 23/09/19
759,99.5,20.005001,1013.49,4.28,4.17 18:07:49 23/09/19
746,98.7,20.005001,1013.47,5.0,4.17 18:13:02 23/09/19
732,98.1,19.974998,1013.5,5.0,4.15 18:18:18 23/09/19
736,98.4,19.895,1013.56,5.0,4.14 18:23:34 23/09/19
733,99.0,19.884998,1013.56,5.0,4.13 18:28:49 23/09/19
732,99.2,19.835,1013.53,5.0,4.13 18:34:04 23/09/19
726,99.3,19.865,1013.53,5.0,4.12 18:39:19 23/09/19
749,99.0,19.805,1013.56,5.0,4.12 18:44:34 23/09/19
737,99.1,19.78,1013.48,4.34,4.13 18:49:49 23/09/19
735,99.0,19.765,1013.47,5.0,4.14 18:55:02 23/09/19
729,99.0,19.685001,1013.44,5.0,4.13 19:00:19 23/09/19
659,98.9,19.654999,1013.47,5.0,4.12 19:05:37 23/09/19
620,98.7,19.564999,1013.57,4.44,4.13 19:10:58 23/09/19
593,98.6,19.384998,1013.47,4.76,4.12 19:16:12 23/09/19
571,98.4,19.205,1013.53,4.43,4.12 19:21:27 23/09/19
541,98.4,19.01,1013.47,4.2,4.11 19:26:42 23/09/19
505,98.5,18.825,1013.5,4.17,4.11 19:32:00 23/09/19
461,98.5,18.619999,1013.51,3.95,4.1 19:37:20 23/09/19
407,98.4,18.415,1013.53,3.3,4.1 19:42:35 23/09/19
341,98.5,18.215,1013.59,2.22,4.1 19:47:48 23/09/19
285,98.6,18.015,1013.6,1.25,4.1 19:53:03 23/09/19
243,98.7,17.805,1013.54,0.62,4.09 19:58:17 23/09/19
212,98.8,17.615,1013.57,0.27,4.09 20:03:33 23/09/19
188,98.9,17.435,1013.59,0.11,4.09 20:08:49 23/09/19
171,99.0,17.315,1013.62,0.03,4.08 20:14:06 23/09/19
160,99.1,17.195,1013.65,0.0,4.08 20:19:30 23/09/19
154,99.1,17.075,1013.65,0.0,4.08 20:24:47 23/09/19
148,99.3,16.915,1013.69,0.0,4.08 20:30:03 23/09/19
145,99.3,16.810001,1013.69,0.0,4.07 20:35:18 23/09/19
144,99.4,16.71,1013.76,0.0,4.07 20:40:32 23/09/19
143,99.4,16.61,1013.85,0.0,4.07 20:45:45 23/09/19
143,99.5,16.49,1013.86,0.0,4.07 20:50:59 23/09/19
142,99.6,16.35,1013.93,0.0,4.07 20:56:16 23/09/19
142,99.5,16.305,1013.95,0.0,4.07 21:01:30 23/09/19
141,99.7,16.21,1013.91,0.0,4.07 21:06:45 23/09/19
141,99.7,16.119999,1013.97,0.0,4.06 21:12:00 23/09/19
141,99.9,16.09,1013.96,0.0,4.06 21:17:13 23/09/19
141,99.9,16.01,1014.0,0.0,4.06 21:22:28 23/09/19
141,99.9,15.92,1014.01,0.0,4.06 21:27:40 23/09/19
141,99.9,15.834999,1013.95,0.0,4.06 21:32:56 23/09/19
142,99.8,15.795,1014.0,0.0,4.06 21:38:09 23/09/19
141,99.9,15.715,1014.0,0.0,4.06 21:43:25 23/09/19
140,99.9,15.645,1013.9,0.0,4.05 21:48:48 23/09/19
141,99.9,15.68,1013.85,0.0,4.05 21:54:02 23/09/19
141,99.9,15.615,1013.87,0.0,4.05 21:59:17 23/09/19
142,99.9,15.61,1013.89,0.0,4.05 22:04:32 23/09/19
142,99.9,15.535,1013.89,0.0,4.05 22:09:45 23/09/19
141,99.9,15.57,1013.96,0.0,4.05 22:15:00 23/09/19
141,99.9,15.505,1013.92,0.0,4.05 22:20:15 23/09/19
141,99.9,15.434999,1013.99,0.0,4.05 22:25:28 23/09/19
141,99.9,15.42,1014.07,0.0,4.05 22:30:42 23/09/19
141,99.9,15.4,1014.03,0.0,4.04 22:35:57 23/09/19
142,99.9,15.395,1014.02,0.0,4.04 22:41:12 23/09/19
143,99.9,15.33,1014.0,0.0,4.04 22:46:24 23/09/19
144,99.9,15.32,1013.91,0.0,4.04 22:51:38 23/09/19
143,99.9,15.309999,1013.88,0.0,4.04 22:56:52 23/09/19
141,99.9,15.309999,1013.81,0.0,4.04 23:02:08 23/09/19
140,99.9,15.315001,1013.82,0.0,4.04 23:07:22 23/09/19
140,99.9,15.32,1013.76,0.0,4.04 23:12:37 23/09/19
141,99.9,15.315001,1013.84,0.0,4.04 23:17:52 23/09/19
140,99.9,15.305,1013.76,0.0,4.04 23:23:05 23/09/19
140,99.9,15.29,1013.7,0.0,4.04 23:28:20 23/09/19
138,99.9,15.24,1013.68,0.0,4.03 23:33:34 23/09/19
138,99.9,15.22,1013.68,0.0,4.03 23:38:49 23/09/19
139,99.9,15.215,1013.65,0.0,4.03 23:44:02 23/09/19
139,99.9,15.200001,1013.58,0.0,4.03 23:49:17 23/09/19
140,99.9,15.135,1013.5,0.0,4.03 23:54:31 23/09/19
140,99.9,15.18,1013.46,0.0,4.03 23:59:50 23/09/19
