155,99.9,14.54,1003.92,0.0,4.03 00:04:09 25/09/19
157,99.9,14.53,1003.88,0.0,4.03 00:09:23 25/09/19
167,99.9,14.52,1003.83,0.0,4.03 00:14:41 25/09/19
159,99.9,14.52,1003.8,0.0,4.03 00:20:00 25/09/19
157,99.9,14.514999,1003.86,0.0,4.03 00:25:14 25/09/19
156,99.9,14.504999,1003.86,0.0,4.03 00:30:28 25/09/19
166,99.9,14.455,1003.89,0.0,4.02 00:35:46 25/09/19
159,99.9,14.5,1003.87,0.0,4.02 00:41:05 25/09/19
162,99.9,14.5,1003.68,0.0,4.02 00:46:19 25/09/19
159,99.9,14.504999,1003.67,0.0,4.02 00:51:33 25/09/19
168,99.9,14.52,1003.66,0.0,4.02 00:56:51 25/09/19
162,99.9,14.59,1003.72,0.0,4.02 01:02:10 25/09/19
157,99.9,14.610001,1003.81,0.0,4.02 01:07:23 25/09/19
164,99.9,14.625,1003.82,0.0,4.02 01:12:39 25/09/19
166,99.9,14.695,1003.74,0.0,4.02 01:17:53 25/09/19
167,99.9,14.725,1003.77,0.0,4.02 01:23:07 25/09/19
164,99.9,14.73,1003.69,0.0,4.02 01:28:22 25/09/19
162,99.9,14.78,1003.72,0.0,4.02 01:33:35 25/09/19
159,99.9,14.73,1003.69,0.0,4.02 01:38:49 25/09/19
160,99.9,14.725,1003.76,0.0,4.01 01:44:04 25/09/19
161,99.9,14.715,1003.78,0.0,4.01 01:49:18 25/09/19
164,99.9,14.715,1003.82,0.0,4.01 01:54:32 25/09/19
163,99.9,14.639999,1003.77,0.0,4.02 01:59:46 25/09/19
158,99.9,14.615,1003.79,0.0,4.01 02:05:00 25/09/19
160,99.9,14.605,1003.81,0.0,4.01 02:10:14 25/09/19
157,99.9,14.535,1003.9,0.0,4.01 02:15:27 25/09/19
166,99.9,14.514999,1003.93,0.0,4.01 02:20:46 25/09/19
163,99.9,14.495,1003.88,0.0,4.01 02:26:05 25/09/19
160,99.9,14.43,1003.93,0.0,4.01 02:31:19 25/09/19
157,99.9,14.41,1003.9,0.0,4.01 02:36:33 25/09/19
166,99.9,14.35,1003.86,0.0,4.01 02:41:51 25/09/19
163,99.9,14.344999,1003.93,0.0,4.01 02:47:14 25/09/19
160,99.9,14.395,1003.93,0.0,4.01 02:52:33 25/09/19
162,99.9,14.34,1003.89,0.0,4.01 02:57:47 25/09/19
165,99.9,14.33,1003.94,0.0,4.01 03:03:02 25/09/19
165,99.9,14.315001,1003.84,0.0,4.01 03:08:15 25/09/19
162,99.9,14.32,1003.78,0.0,4.01 03:13:29 25/09/19
162,99.9,14.389999,1003.78,0.0,4.01 03:18:43 25/09/19
166,99.9,14.395,1003.7,0.0,4.01 03:23:57 25/09/19
162,99.9,14.405001,1003.83,0.0,4.01 03:29:12 25/09/19
165,99.9,14.415,1003.81,0.0,4.0 03:34:29 25/09/19
161,99.9,14.42,1003.84,0.0,4.0 03:39:48 25/09/19
162,99.9,14.415,1003.85,0.0,4.0 03:45:02 25/09/19
167,99.9,14.405001,1003.82,0.0,4.0 03:50:16 25/09/19
165,99.9,14.34,1003.81,0.0,4.0 03:55:34 25/09/19
158,99.9,14.325,1003.75,0.0,4.0 04:00:53 25/09/19
159,99.9,14.24,1003.78,0.0,4.0 04:06:07 25/09/19
164,99.9,14.21,1003.77,0.0,4.0 04:11:21 25/09/19
158,99.9,14.195,1003.78,0.0,4.0 04:16:34 25/09/19
158,99.9,14.125,1003.74,0.0,4.0 04:21:50 25/09/19
159,99.9,14.059999,1003.79,0.0,4.0 04:27:03 25/09/19
165,99.9,14.035,1003.73,0.0,4.0 04:32:18 25/09/19
164,99.9,14.025,1003.8,0.0,4.0 04:37:32 25/09/19
167,99.9,14.01,1003.85,0.0,4.0 04:42:46 25/09/19
169,99.9,14.004999,1003.87,0.0,4.0 04:47:58 25/09/19
173,99.9,14.014999,1003.91,0.0,4.0 04:53:14 25/09/19
175,99.9,14.035,1003.86,0.0,4.0 04:58:28 25/09/19
171,99.9,14.049999,1003.81,0.0,3.99 05:03:43 25/09/19
169,99.9,14.12,1003.79,0.0,3.99 05:08:56 25/09/19
170,99.9,14.185,1003.7,0.0,3.99 05:14:10 25/09/19
170,99.9,14.195,1003.67,0.0,3.99 05:19:24 25/09/19
171,99.9,14.205,1003.69,0.0,3.99 05:24:38 25/09/19
172,99.9,14.275,1003.57,0.0,4.0 05:29:51 25/09/19
171,99.9,14.29,1003.57,0.0,4.0 05:35:06 25/09/19
169,99.9,14.245001,1003.52,0.0,3.99 05:40:19 25/09/19
174,99.9,14.295,1003.58,0.0,3.99 05:45:35 25/09/19
176,99.9,14.305,1003.57,0.0,3.99 05:50:49 25/09/19
177,99.9,14.305,1003.61,0.0,3.99 05:56:03 25/09/19
171,99.9,14.305,1003.6,0.0,3.99 06:01:18 25/09/19
177,99.9,14.299999,1003.57,0.0,3.99 06:06:32 25/09/19
173,99.9,14.245001,1003.5,0.0,3.99 06:11:45 25/09/19
176,99.9,14.29,1003.56,0.0,3.99 06:16:59 25/09/19
173,99.9,14.235001,1003.63,0.0,3.99 06:22:13 25/09/19
172,99.9,14.235001,1003.66,0.0,3.99 06:27:27 25/09/19
177,99.9,14.23,1003.67,0.0,3.99 06:32:42 25/09/19
169,99.9,14.23,1003.69,0.0,3.99 06:37:54 25/09/19
179,99.9,14.23,1003.72,0.0,3.99 06:43:10 25/09/19
190,99.9,14.28,1003.71,0.0,3.99 06:48:24 25/09/19
198,99.9,14.28,1003.81,0.03,3.99 06:53:38 25/09/19
203,99.9,14.28,1003.82,0.07,3.99 06:58:52 25/09/19
222,99.9,14.24,1003.86,0.2,3.99 07:04:07 25/09/19
258,99.9,14.295,1003.78,0.6,3.99 07:09:20 25/09/19
299,99.9,14.305,1003.95,1.29,3.99 07:14:34 25/09/19
350,99.9,14.309999,1003.91,2.38,3.98 07:19:47 25/09/19
427,99.9,14.375,1003.88,3.55,3.99 07:25:02 25/09/19
509,99.9,14.389999,1003.93,4.23,3.98 07:30:18 25/09/19
567,99.9,14.415,1003.92,4.63,3.99 07:35:31 25/09/19
623,99.9,14.425,1003.88,4.95,3.99 07:40:45 25/09/19
655,99.9,14.5,1003.94,5.0,3.99 07:45:59 25/09/19
664,99.9,14.52,1003.97,4.67,3.99 07:51:14 25/09/19
680,99.9,14.59,1004.01,4.08,4.0 07:56:27 25/09/19
706,99.9,14.615,1003.91,4.53,4.0 08:01:41 25/09/19
720,99.9,14.700001,1003.97,4.42,4.0 08:06:55 25/09/19
738,99.9,14.785,1003.99,5.0,4.0 08:12:13 25/09/19
746,99.9,14.82,1003.97,4.08,4.02 08:17:32 25/09/19
750,99.9,14.9,1003.94,4.14,4.02 08:22:45 25/09/19
751,99.9,14.925,1003.95,4.35,4.02 08:28:00 25/09/19
760,99.9,15.004999,1003.97,4.67,4.03 08:33:15 25/09/19
765,99.9,15.09,1004.04,4.19,4.04 08:38:27 25/09/19
765,99.9,15.110001,1004.05,4.3,4.04 08:43:43 25/09/19
753,99.9,15.139999,1004.06,5.0,4.04 08:48:57 25/09/19
747,99.9,15.22,1004.05,4.37,4.04 08:54:15 25/09/19
724,99.9,15.29,1004.18,5.0,4.04 08:59:34 25/09/19
750,99.9,15.295,1004.16,4.2,4.04 09:04:49 25/09/19
772,99.9,15.32,1004.18,5.0,4.06 09:10:03 25/09/19
784,99.9,15.33,1004.13,4.58,4.07 09:15:22 25/09/19
778,99.9,15.41,1004.21,5.0,4.08 09:20:40 25/09/19
772,99.9,15.424999,1004.22,4.18,4.07 09:25:53 25/09/19
780,99.9,15.440001,1004.35,4.15,4.08 09:31:08 25/09/19
782,99.9,15.450001,1004.28,4.41,4.09 09:36:26 25/09/19
772,99.9,15.514999,1004.3,5.0,4.08 09:41:45 25/09/19
783,99.9,15.505,1004.31,4.16,4.1 09:47:00 25/09/19
796,99.9,15.5199995,1004.34,4.17,4.12 09:52:14 25/09/19
812,99.9,15.535,1004.35,4.24,4.16 09:57:32 25/09/19
815,99.9,15.615,1004.36,4.29,4.15 10:02:52 25/09/19
817,99.9,15.635,1004.37,4.34,4.16 10:08:05 25/09/19
851,99.9,15.72,1004.37,4.3,4.17 10:13:23 25/09/19
838,99.9,16.02,1004.47,5.0,4.13 10:18:41 25/09/19
811,99.9,16.145,1004.48,4.31,4.15 10:23:57 25/09/19
856,99.9,16.225,1004.38,5.0,4.14 10:29:09 25/09/19
830,99.9,16.235,1004.44,5.0,4.13 10:34:25 25/09/19
829,99.9,16.25,1004.46,4.33,4.16 10:39:40 25/09/19
805,99.9,16.31,1004.48,5.0,4.13 10:44:54 25/09/19
821,99.9,16.26,1004.59,4.22,4.16 10:50:09 25/09/19
826,99.9,16.25,1004.56,5.0,4.13 10:55:23 25/09/19
823,99.9,16.305,1004.67,5.0,4.12 11:00:38 25/09/19
863,99.9,16.26,1004.6,4.3,4.2 11:05:52 25/09/19
880,99.9,16.35,1004.6,5.0,4.14 11:11:06 25/09/19
866,99.9,16.58,1004.62,5.0,4.13 11:16:21 25/09/19
853,99.9,16.71,1004.59,4.28,4.19 11:21:35 25/09/19
842,99.9,16.825,1004.55,5.0,4.14 11:26:50 25/09/19
842,99.9,16.915,1004.66,5.0,4.13 11:32:02 25/09/19
847,99.9,16.915,1004.55,4.28,4.17 11:37:22 25/09/19
847,99.9,16.994999,1004.6,5.0,4.14 11:42:45 25/09/19
850,99.9,17.01,1004.59,5.0,4.13 11:48:08 25/09/19
848,99.9,17.154999,1004.63,5.0,4.12 11:53:28 25/09/19
838,99.9,17.175,1004.56,4.33,4.18 11:58:40 25/09/19
858,99.9,17.21,1004.65,5.0,4.14 12:03:57 25/09/19
841,99.9,17.310001,1004.6,5.0,4.13 12:09:09 25/09/19
831,99.9,17.39,1004.59,5.0,4.13 12:14:26 25/09/19
818,99.9,17.4,1004.61,5.0,4.12 12:19:40 25/09/19
827,99.9,17.395,1004.61,4.22,4.16 12:24:55 25/09/19
819,99.9,17.34,1004.6,5.0,4.14 12:30:08 25/09/19
820,99.9,17.375,1004.56,5.0,4.13 12:35:24 25/09/19
803,99.9,17.315,1004.59,5.0,4.13 12:40:38 25/09/19
814,99.9,17.295,1004.61,4.25,4.16 12:45:53 25/09/19
846,99.9,17.23,1004.52,5.0,4.15 12:51:08 25/09/19
854,99.9,17.305,1004.46,5.0,4.13 12:56:23 25/09/19
846,99.9,17.474998,1004.39,5.0,4.13 13:01:37 25/09/19
843,99.9,17.675,1004.38,5.0,4.12 13:06:51 25/09/19
841,99.9,17.845,1004.32,4.26,4.17 13:12:06 25/09/19
821,99.9,17.875,1004.33,5.0,4.14 13:17:20 25/09/19
817,99.9,17.869999,1004.32,5.0,4.13 13:22:35 25/09/19
815,99.9,17.795,1004.23,5.0,4.13 13:27:50 25/09/19
807,99.9,17.765,1004.26,5.0,4.12 13:33:04 25/09/19
839,99.9,17.685001,1004.25,4.39,4.18 13:38:19 25/09/19
843,99.9,17.695,1004.22,5.0,4.14 13:43:34 25/09/19
832,99.9,17.79,1004.23,5.0,4.14 13:48:48 25/09/19
794,99.9,17.875,1004.28,5.0,4.13 13:54:03 25/09/19
751,99.9,17.89,1004.3,5.0,4.14 13:59:17 25/09/19
787,99.9,17.810001,1004.28,5.0,4.15 14:04:33 25/09/19
798,99.9,17.720001,1004.2,5.0,4.14 14:09:47 25/09/19
823,99.9,17.685001,1004.18,5.0,4.13 14:15:01 25/09/19
840,99.9,17.69,1004.15,5.0,4.12 14:20:16 25/09/19
847,99.9,17.775002,1004.13,5.0,4.12 14:25:30 25/09/19
803,99.9,17.849998,1004.1,4.23,4.15 14:30:44 25/09/19
785,99.9,17.869999,1004.05,5.0,4.14 14:35:58 25/09/19
791,99.9,17.8,1003.99,5.0,4.13 14:41:14 25/09/19
787,99.9,17.79,1004.04,4.28,4.14 14:46:27 25/09/19
730,99.9,17.785,1004.08,5.0,4.16 14:51:44 25/09/19
765,99.9,17.78,1004.11,5.0,4.16 14:56:59 25/09/19
768,99.9,17.77,1004.13,5.0,4.15 15:02:13 25/09/19
776,99.9,17.695,1004.16,5.0,4.14 15:07:27 25/09/19
801,99.9,17.61,1004.16,5.0,4.13 15:12:40 25/09/19
821,99.9,17.61,1004.1,5.0,4.13 15:17:55 25/09/19
794,99.9,17.68,1004.14,5.0,4.12 15:23:12 25/09/19
822,99.9,17.7,1004.11,4.27,4.16 15:28:26 25/09/19
843,99.9,17.785,1004.08,5.0,4.14 15:33:40 25/09/19
829,99.9,17.895,1004.09,5.0,4.14 15:38:55 25/09/19
838,99.9,18.015,1004.05,5.0,4.13 15:44:17 25/09/19
777,99.9,18.165,1004.0,5.0,4.12 15:49:33 25/09/19
734,99.9,18.165,1003.96,4.43,4.13 15:54:47 25/09/19
707,99.9,18.1,1003.96,4.34,4.13 16:00:02 25/09/19
689,99.9,18.015,1003.96,5.0,4.13 16:05:17 25/09/19
704,99.9,17.92,1003.94,5.0,4.14 16:10:31 25/09/19
745,99.9,17.84,1003.93,4.39,4.16 16:15:47 25/09/19
774,99.9,17.815,1003.89,5.0,4.15 16:21:01 25/09/19
792,99.9,17.810001,1003.87,5.0,4.14 16:26:15 25/09/19
840,99.9,17.875,1003.9,5.0,4.13 16:31:33 25/09/19
805,99.9,17.970001,1003.83,5.0,4.13 16:36:46 25/09/19
758,99.9,17.99,1003.89,5.0,4.12 16:41:59 25/09/19
798,99.9,17.994999,1003.91,5.0,4.12 16:47:14 25/09/19
792,99.9,18.01,1003.9,4.22,4.14 16:52:29 25/09/19
786,99.9,18.085,1003.86,5.0,4.15 16:57:43 25/09/19
782,99.9,18.045,1003.85,5.0,4.13 17:02:58 25/09/19
778,99.9,18.105,1003.97,5.0,4.13 17:08:13 25/09/19
757,99.9,18.115,1003.98,5.0,4.14 17:13:27 25/09/19
776,99.9,18.115,1003.92,5.0,4.16 17:18:42 25/09/19
762,99.9,18.185001,1004.06,5.0,4.14 17:24:00 25/09/19
755,99.9,18.165,1004.0,5.0,4.13 17:29:20 25/09/19
756,99.9,18.115,1004.02,5.0,4.13 17:34:34 25/09/19
751,99.9,18.045,1004.04,5.0,4.13 17:39:50 25/09/19
722,99.9,18.029999,1003.96,4.28,4.16 17:45:02 25/09/19
772,99.9,18.015,1003.95,5.0,4.16 17:50:18 25/09/19
800,99.9,18.01,1003.96,5.0,4.15 17:55:34 25/09/19
780,99.9,18.01,1003.88,5.0,4.14 18:00:48 25/09/19
735,99.9,18.01,1003.92,5.0,4.13 18:06:02 25/09/19
728,99.9,17.99,1003.93,5.0,4.13 18:11:17 25/09/19
720,99.9,17.92,1003.93,5.0,4.13 18:16:33 25/09/19
701,99.9,17.895,1003.94,5.0,4.14 18:21:46 25/09/19
675,99.9,17.815,1003.95,5.0,4.14 18:27:01 25/09/19
684,99.9,17.735,1003.89,5.0,4.14 18:32:16 25/09/19
670,99.9,17.705,1003.97,5.0,4.14 18:37:31 25/09/19
680,99.9,17.630001,1003.95,4.84,4.15 18:42:45 25/09/19
653,99.9,17.6,1003.98,5.0,4.15 18:47:59 25/09/19
640,99.9,17.529999,1003.95,5.0,4.15 18:53:12 25/09/19
627,99.9,17.515,1004.06,4.65,4.14 18:58:28 25/09/19
626,99.9,17.439999,1004.05,4.75,4.14 19:03:43 25/09/19
609,99.9,17.43,1004.0,4.79,4.13 19:09:01 25/09/19
607,99.9,17.42,1003.99,5.0,4.13 19:14:21 25/09/19
596,99.9,17.404999,1003.96,4.59,4.13 19:19:35 25/09/19
548,99.9,17.4,1004.0,4.39,4.12 19:24:50 25/09/19
513,99.9,17.384998,1004.09,4.2,4.12 19:30:04 25/09/19
434,99.9,17.32,1004.06,3.48,4.11 19:35:19 25/09/19
659,99.9,17.310001,1004.09,2.95,4.11 19:40:33 25/09/19
606,99.9,17.310001,1004.1,2.16,4.11 19:45:48 25/09/19
668,99.9,17.235,1004.05,1.16,4.1 19:51:01 25/09/19
622,99.9,17.23,1004.06,0.34,4.1 19:56:17 25/09/19
547,99.9,17.220001,1004.1,0.11,4.1 20:01:32 25/09/19
465,99.9,17.215,1004.15,0.05,4.09 20:06:47 25/09/19
724,99.9,17.21,1004.21,0.01,4.09 20:12:04 25/09/19
729,99.9,17.205,1004.27,0.0,4.09 20:17:27 25/09/19
656,99.9,17.205,1004.42,0.0,4.09 20:22:47 25/09/19
633,99.9,17.2,1004.45,0.0,4.08 20:28:01 25/09/19
686,99.9,17.195,1004.4,0.0,4.08 20:33:16 25/09/19
621,99.9,17.185001,1004.52,0.0,4.08 20:38:34 25/09/19
583,99.9,17.18,1004.54,0.0,4.08 20:43:53 25/09/19
656,99.9,17.130001,1004.58,0.0,4.07 20:49:08 25/09/19
639,99.9,17.119999,1004.59,0.0,4.07 20:54:22 25/09/19
441,99.9,17.11,1004.53,0.0,4.07 20:59:37 25/09/19
414,99.9,17.105,1004.62,0.0,4.07 21:04:51 25/09/19
666,99.9,17.1,1004.64,0.0,4.07 21:10:06 25/09/19
430,99.9,17.095001,1004.71,0.0,4.07 21:15:20 25/09/19
441,99.9,17.1,1004.66,0.0,4.07 21:20:33 25/09/19
518,99.9,17.04,1004.73,0.0,4.07 21:25:49 25/09/19
469,99.9,17.035,1004.73,0.0,4.06 21:31:04 25/09/19
466,99.9,17.025,1004.78,0.0,4.06 21:36:18 25/09/19
380,99.9,17.005001,1004.72,0.0,4.06 21:41:33 25/09/19
455,99.9,16.939999,1004.79,0.0,4.06 21:46:47 25/09/19
658,99.9,16.915,1004.77,0.0,4.06 21:52:02 25/09/19
616,99.9,16.855,1004.8,0.0,4.06 21:57:16 25/09/19
647,99.9,16.845001,1004.84,0.0,4.05 22:02:31 25/09/19
627,99.9,16.845001,1005.01,0.0,4.05 22:07:45 25/09/19
636,99.9,16.825,1004.92,0.0,4.05 22:13:00 25/09/19
611,99.9,16.815,1004.88,0.0,4.05 22:18:14 25/09/19
637,99.9,16.805,1004.94,0.0,4.05 22:23:29 25/09/19
645,99.9,16.744999,1004.96,0.0,4.05 22:28:44 25/09/19
588,99.9,16.725,1004.91,0.0,4.05 22:33:58 25/09/19
597,99.9,16.65,1004.91,0.0,4.05 22:39:10 25/09/19
550,99.9,16.64,1004.89,0.0,4.05 22:44:26 25/09/19
614,99.9,16.625,1004.93,0.0,4.04 22:49:45 25/09/19
583,99.9,16.619999,1005.0,0.0,4.04 22:55:04 25/09/19
596,99.9,16.6,1004.92,0.0,4.04 23:00:18 25/09/19
578,99.9,16.529999,1004.96,0.0,4.04 23:05:33 25/09/19
645,99.9,16.54,1004.99,0.0,4.04 23:10:48 25/09/19
648,99.9,16.529999,1005.0,0.0,4.04 23:16:01 25/09/19
661,99.9,16.529999,1004.97,0.0,4.04 23:21:16 25/09/19
705,99.9,16.545,1005.08,0.0,4.04 23:26:34 25/09/19
653,99.9,16.535,1005.04,0.0,4.04 23:31:53 25/09/19
584,99.9,16.52,1005.06,0.0,4.04 23:37:08 25/09/19
630,99.9,16.51,1005.08,0.0,4.04 23:42:23 25/09/19
627,99.9,16.5,1005.08,0.0,4.03 23:47:40 25/09/19
630,99.9,16.49,1005.14,0.0,4.03 23:52:59 25/09/19
636,99.9,16.44,1005.15,0.0,4.03 23:58:14 25/09/19
