760,99.9,15.65,1007.6,0.0,4.03 00:04:04 27/09/19
720,99.9,15.64,1007.61,0.0,4.03 00:09:20 27/09/19
759,99.9,15.63,1007.82,0.0,4.03 00:14:34 27/09/19
738,99.9,15.575,1007.95,0.0,4.03 00:19:47 27/09/19
725,99.9,15.565,1007.87,0.0,4.02 00:25:03 27/09/19
750,99.9,15.559999,1007.91,0.0,4.03 00:30:17 27/09/19
696,99.9,15.55,1008.03,0.0,4.03 00:35:32 27/09/19
736,99.9,15.55,1008.1,0.0,4.02 00:40:46 27/09/19
744,99.9,15.55,1008.03,0.0,4.02 00:46:01 27/09/19
648,99.9,15.54,1008.09,0.0,4.02 00:51:14 27/09/19
834,99.9,15.54,1008.27,0.0,4.02 00:56:28 27/09/19
838,99.9,15.535,1008.25,0.0,4.02 01:01:43 27/09/19
793,99.9,15.535,1008.14,0.0,4.02 01:06:58 27/09/19
829,99.9,15.53,1007.74,0.0,4.02 01:12:11 27/09/19
826,99.9,15.525,1007.71,0.0,4.02 01:17:27 27/09/19
815,99.9,15.525,1007.73,0.0,4.02 01:22:40 27/09/19
808,99.9,15.455,1007.82,0.0,4.02 01:27:55 27/09/19
796,99.9,15.434999,1007.96,0.0,4.02 01:33:07 27/09/19
838,99.9,15.355,1008.0,0.0,4.01 01:38:26 27/09/19
758,99.9,15.34,1007.91,0.0,4.02 01:43:43 27/09/19
814,99.9,15.325,1007.92,0.0,4.02 01:48:59 27/09/19
820,99.9,15.32,1007.85,0.0,4.01 01:54:14 27/09/19
727,99.9,15.325,1008.0,0.0,4.01 01:59:28 27/09/19
784,99.9,15.265,1008.03,0.0,4.01 02:04:42 27/09/19
764,99.9,15.305,1007.98,0.0,4.01 02:09:56 27/09/19
745,99.9,15.265,1007.97,0.0,4.01 02:15:14 27/09/19
741,99.9,15.315001,1007.87,0.0,4.01 02:20:33 27/09/19
749,99.9,15.26,1007.88,0.0,4.01 02:25:47 27/09/19
829,99.9,15.295,1007.9,0.0,4.01 02:31:02 27/09/19
773,99.9,15.190001,1007.94,0.0,4.01 02:36:16 27/09/19
768,99.9,15.22,1007.81,0.0,4.01 02:41:30 27/09/19
723,99.9,15.15,1007.82,0.0,4.01 02:46:44 27/09/19
743,99.9,15.13,1007.69,0.0,4.01 02:51:59 27/09/19
762,99.9,15.13,1007.72,0.0,4.01 02:57:13 27/09/19
733,99.9,15.125,1007.71,0.0,4.01 03:02:27 27/09/19
734,99.9,15.105,1007.71,0.0,4.01 03:07:41 27/09/19
758,99.9,15.045,1007.66,0.0,4.01 03:12:55 27/09/19
742,99.9,15.03,1007.63,0.0,4.01 03:18:10 27/09/19
792,99.9,15.02,1007.56,0.0,4.01 03:23:24 27/09/19
792,99.9,15.02,1007.6,0.0,4.01 03:28:38 27/09/19
783,99.9,15.014999,1007.49,0.0,4.0 03:33:53 27/09/19
770,99.9,14.96,1007.56,0.0,4.0 03:39:06 27/09/19
744,99.9,14.96,1007.57,0.0,4.0 03:44:20 27/09/19
732,99.9,14.950001,1007.63,0.0,4.0 03:49:34 27/09/19
752,99.9,14.945,1007.62,0.0,4.0 03:54:49 27/09/19
748,99.9,14.940001,1007.6,0.0,4.0 04:00:03 27/09/19
769,99.9,14.93,1007.6,0.0,4.0 04:05:18 27/09/19
745,99.9,14.925,1007.58,0.0,4.0 04:10:31 27/09/19
737,99.9,14.915,1007.53,0.0,4.0 04:15:44 27/09/19
757,99.9,14.860001,1007.46,0.0,4.0 04:20:59 27/09/19
794,99.9,14.915,1007.43,0.0,4.0 04:26:12 27/09/19
757,99.9,14.85,1007.47,0.0,4.0 04:31:28 27/09/19
790,99.9,14.84,1007.49,0.0,4.0 04:36:42 27/09/19
704,99.9,14.83,1007.44,0.0,4.0 04:41:57 27/09/19
733,99.9,14.76,1007.48,0.0,4.0 04:47:10 27/09/19
732,99.9,14.799999,1007.45,0.0,4.0 04:52:24 27/09/19
770,99.9,14.725,1007.48,0.0,4.0 04:57:39 27/09/19
774,99.9,14.66,1007.44,0.0,4.0 05:02:52 27/09/19
785,99.9,14.635,1007.48,0.0,3.99 05:08:07 27/09/19
797,99.9,14.625,1007.41,0.0,3.99 05:13:25 27/09/19
741,99.9,14.62,1007.28,0.0,3.99 05:18:44 27/09/19
713,99.9,14.610001,1007.16,0.0,3.99 05:23:57 27/09/19
734,99.9,14.610001,1007.26,0.0,3.99 05:29:10 27/09/19
704,99.9,14.555,1007.19,0.0,4.0 05:34:24 27/09/19
761,99.9,14.605,1007.26,0.0,3.99 05:39:40 27/09/19
735,99.9,14.594999,1007.19,0.0,3.99 05:44:55 27/09/19
710,99.9,14.53,1007.2,0.0,3.99 05:50:08 27/09/19
645,99.9,14.514999,1007.18,0.0,3.99 05:55:22 27/09/19
612,99.9,14.455,1007.17,0.0,3.99 06:00:34 27/09/19
703,99.9,14.434999,1007.27,0.0,3.99 06:05:50 27/09/19
696,99.9,14.43,1007.31,0.0,3.99 06:11:05 27/09/19
766,99.9,14.360001,1007.24,0.0,3.99 06:16:18 27/09/19
738,99.9,14.34,1007.29,0.0,3.99 06:21:33 27/09/19
692,99.9,14.315001,1007.25,0.0,3.99 06:26:45 27/09/19
841,99.9,14.235001,1007.26,0.0,3.99 06:32:01 27/09/19
795,99.9,14.21,1007.33,0.0,3.99 06:37:15 27/09/19
756,99.9,14.139999,1007.35,0.0,3.99 06:42:29 27/09/19
785,99.9,14.13,1007.24,0.0,3.98 06:47:43 27/09/19
810,99.9,14.12,1007.21,0.01,3.99 06:52:58 27/09/19
847,99.9,14.045,1007.17,0.06,3.99 06:58:12 27/09/19
866,99.9,14.04,1007.16,0.18,3.99 07:03:25 27/09/19
855,99.9,14.035,1007.15,0.36,3.98 07:08:39 27/09/19
736,99.9,14.045,1007.15,0.76,3.98 07:13:53 27/09/19
789,99.9,14.12,1007.15,1.41,3.98 07:19:09 27/09/19
786,99.9,14.135,1007.13,2.16,3.98 07:24:21 27/09/19
793,99.9,14.205,1007.17,3.07,3.98 07:29:34 27/09/19
781,99.9,14.215,1007.1,3.8,3.98 07:34:49 27/09/19
909,99.9,14.24,1007.16,4.06,3.98 07:40:22 27/09/19
850,99.9,14.375,1007.27,4.32,3.98 07:45:37 27/09/19
842,99.9,14.389999,1007.21,4.59,3.99 07:50:49 27/09/19
847,99.9,14.41,1007.31,4.26,3.98 07:56:03 27/09/19
856,99.9,14.360001,1007.33,4.21,3.98 08:01:15 27/09/19
853,99.9,14.42,1007.37,4.23,3.99 08:06:32 27/09/19
860,99.9,14.41,1007.38,5.0,3.99 08:11:44 27/09/19
874,99.9,14.35,1007.44,4.67,3.99 08:16:59 27/09/19
869,99.9,14.355,1007.4,5.0,3.99 08:22:13 27/09/19
882,99.9,14.360001,1007.42,4.08,3.99 08:27:27 27/09/19
885,99.9,14.415,1007.41,4.97,4.0 08:32:41 27/09/19
866,99.9,14.440001,1007.45,4.07,4.0 08:37:57 27/09/19
828,99.9,14.514999,1007.4,4.12,4.01 08:43:10 27/09/19
823,99.9,14.605,1007.48,5.0,4.02 08:48:24 27/09/19
819,99.9,14.655001,1007.37,4.74,4.04 08:53:36 27/09/19
790,99.9,14.809999,1007.4,4.35,4.03 08:58:53 27/09/19
821,99.9,14.905001,1007.38,5.0,4.04 09:04:06 27/09/19
831,99.9,15.004999,1007.39,4.16,4.06 09:09:20 27/09/19
837,99.9,15.18,1007.37,5.0,4.06 09:14:35 27/09/19
842,99.9,15.345,1007.43,4.18,4.09 09:19:49 27/09/19
820,99.9,15.610001,1007.42,4.23,4.09 09:25:03 27/09/19
847,99.9,15.8949995,1007.38,5.0,4.14 09:30:17 27/09/19
854,99.9,16.225,1007.44,4.25,4.19 09:35:32 27/09/19
855,99.9,16.545,1007.49,5.0,4.14 09:40:46 27/09/19
811,99.9,16.845,1007.55,4.27,4.13 09:45:59 27/09/19
802,99.9,16.865,1007.6,5.0,4.13 09:51:15 27/09/19
822,99.9,16.775002,1007.61,4.3,4.14 09:56:29 27/09/19
840,99.9,16.685001,1007.63,5.0,4.14 10:01:44 27/09/19
798,99.9,16.535,1007.67,4.3,4.14 10:06:58 27/09/19
794,99.9,16.44,1007.69,5.0,4.15 10:12:13 27/09/19
823,99.9,16.34,1007.81,5.0,4.12 10:17:28 27/09/19
821,99.9,16.25,1007.84,4.28,4.15 10:22:41 27/09/19
831,99.9,16.244999,1007.82,5.0,4.14 10:27:56 27/09/19
832,99.9,16.255001,1007.79,5.0,4.12 10:33:10 27/09/19
864,99.9,16.305,1007.8,4.41,4.19 10:38:25 27/09/19
874,99.9,16.41,1007.71,5.0,4.14 10:43:39 27/09/19
877,99.9,16.635,1007.65,5.0,4.13 10:48:53 27/09/19
882,99.9,16.835,1007.52,5.0,4.22 10:54:08 27/09/19
874,99.9,17.045,1007.45,5.0,4.14 10:59:22 27/09/19
888,99.9,17.21,1007.51,5.0,4.12 11:04:42 27/09/19
847,99.9,17.325,1007.54,4.36,4.17 11:10:01 27/09/19
874,99.9,17.415,1007.47,5.0,4.14 11:15:18 27/09/19
853,99.9,17.52,1007.45,5.0,4.13 11:20:38 27/09/19
840,99.9,17.66,1007.44,4.31,4.15 11:25:56 27/09/19
881,99.9,17.635,1007.52,5.0,4.14 11:31:15 27/09/19
887,99.9,17.685001,1007.46,5.0,4.13 11:36:35 27/09/19
854,99.9,17.71,1007.53,5.0,4.12 11:41:54 27/09/19
830,99.9,17.78,1007.53,5.0,4.16 11:47:08 27/09/19
842,99.9,17.695,1007.5,5.0,4.14 11:52:22 27/09/19
836,99.9,17.705,1007.45,5.0,4.13 11:57:37 27/09/19
828,99.9,17.785,1007.48,5.0,4.13 12:02:51 27/09/19
844,99.9,17.810001,1007.45,5.0,4.12 12:08:07 27/09/19
858,99.9,17.865,1007.41,4.3,4.18 12:13:19 27/09/19
855,99.9,17.9,1007.44,5.0,4.14 12:18:35 27/09/19
838,99.9,17.9,1007.46,5.0,4.13 12:23:50 27/09/19
860,99.9,17.965,1007.43,5.0,4.13 12:29:04 27/09/19
842,99.9,18.045,1007.35,5.0,4.12 12:34:20 27/09/19
883,99.9,18.130001,1007.42,5.0,4.21 12:39:34 27/09/19
895,99.9,18.165,1007.41,5.0,4.14 12:44:48 27/09/19
897,99.9,18.265,1007.36,5.0,4.13 12:50:04 27/09/19
895,99.9,18.349998,1007.29,5.0,4.13 12:55:18 27/09/19
884,99.9,18.46,1007.38,5.0,4.12 13:00:32 27/09/19
874,99.9,18.470001,1007.22,5.0,4.22 13:05:48 27/09/19
895,99.9,18.630001,1007.28,5.0,4.14 13:11:02 27/09/19
888,99.9,18.73,1007.37,5.0,4.13 13:16:20 27/09/19
896,99.9,18.740002,1007.37,5.0,4.13 13:21:40 27/09/19
899,99.9,18.875,1007.31,5.0,4.21 13:26:58 27/09/19
899,99.9,19.04,1007.38,5.0,4.15 13:32:18 27/09/19
891,99.9,19.135,1007.17,5.0,4.14 13:37:33 27/09/19
892,99.9,19.240002,1007.23,5.0,4.13 13:42:47 27/09/19
896,99.9,19.470001,1007.26,5.0,4.12 13:48:02 27/09/19
850,99.9,19.525,1007.26,4.3,4.17 13:53:17 27/09/19
842,99.9,19.355,1007.1,5.0,4.15 13:58:33 27/09/19
899,99.9,19.265,1007.01,5.0,4.14 14:03:47 27/09/19
855,99.9,19.240002,1007.09,5.0,4.13 14:09:02 27/09/19
847,99.9,19.245,1007.1,5.0,4.13 14:14:16 27/09/19
853,99.9,19.08,1007.06,4.27,4.18 14:19:31 27/09/19
835,99.9,19.05,1006.99,5.0,4.15 14:24:46 27/09/19
882,99.9,18.89,1006.95,5.0,4.14 14:30:01 27/09/19
860,99.9,19.02,1006.85,5.0,4.13 14:35:16 27/09/19
859,99.6,19.255,1006.85,5.0,4.13 14:40:31 27/09/19
894,99.9,19.385,1006.83,5.0,4.12 14:45:43 27/09/19
887,99.9,19.73,1006.81,5.0,4.2 14:50:58 27/09/19
847,98.6,19.66,1006.74,5.0,4.15 14:56:14 27/09/19
859,99.9,19.650002,1006.84,5.0,4.13 15:01:30 27/09/19
822,99.9,19.64,1006.74,5.0,4.13 15:06:45 27/09/19
788,99.3,19.46,1006.73,5.0,4.12 15:12:00 27/09/19
813,99.9,19.345,1006.83,4.41,4.14 15:17:18 27/09/19
817,99.9,19.265,1006.8,5.0,4.14 15:22:38 27/09/19
772,99.9,19.185001,1006.79,5.0,4.13 15:27:53 27/09/19
835,99.9,19.085,1006.94,5.0,4.13 15:33:08 27/09/19
836,99.9,19.060001,1006.82,5.0,4.12 15:38:22 27/09/19
848,99.9,19.055,1006.7,4.29,4.18 15:43:37 27/09/19
843,99.9,19.075,1006.65,5.0,4.14 15:48:53 27/09/19
840,99.9,19.130001,1006.49,5.0,4.14 15:54:05 27/09/19
851,99.9,19.235,1006.45,5.0,4.13 15:59:22 27/09/19
837,99.9,19.34,1006.33,4.34,4.17 16:04:40 27/09/19
845,99.9,19.36,1006.36,5.0,4.15 16:10:00 27/09/19
832,99.9,19.375,1006.38,5.0,4.14 16:15:15 27/09/19
853,99.9,19.375,1006.37,5.0,4.13 16:20:30 27/09/19
820,99.9,19.305,1006.42,5.0,4.12 16:25:48 27/09/19
836,99.9,19.28,1006.36,5.0,4.12 16:31:06 27/09/19
842,99.9,19.265,1006.4,4.39,4.17 16:36:23 27/09/19
822,99.9,19.355,1006.3,5.0,4.15 16:41:37 27/09/19
824,99.9,19.439999,1006.23,5.0,4.14 16:46:52 27/09/19
825,99.9,19.43,1006.3,5.0,4.13 16:52:07 27/09/19
828,99.9,19.38,1006.28,5.0,4.12 16:57:23 27/09/19
801,99.9,19.355,1006.25,5.0,4.12 17:02:37 27/09/19
795,99.9,19.29,1006.25,4.22,4.13 17:07:52 27/09/19
787,99.9,19.205,1006.24,4.88,4.18 17:13:07 27/09/19
756,99.9,19.19,1006.29,5.0,4.15 17:18:21 27/09/19
741,99.9,19.185001,1006.33,5.0,4.14 17:23:34 27/09/19
798,99.9,19.150002,1006.37,5.0,4.13 17:28:52 27/09/19
778,99.9,19.055,1006.31,5.0,4.13 17:34:06 27/09/19
815,99.9,18.970001,1006.33,5.0,4.12 17:39:21 27/09/19
780,99.9,18.96,1006.27,4.18,4.13 17:44:35 27/09/19
776,99.9,18.9,1006.28,4.27,4.16 17:49:50 27/09/19
786,99.9,18.88,1006.37,5.0,4.15 17:55:05 27/09/19
797,99.9,18.884998,1006.35,5.0,4.14 18:00:20 27/09/19
749,99.9,18.904999,1006.3,5.0,4.13 18:05:34 27/09/19
713,99.9,18.89,1006.22,5.0,4.13 18:10:49 27/09/19
714,99.9,18.795,1006.24,5.0,4.12 18:16:05 27/09/19
702,99.9,18.76,1006.19,5.0,4.13 18:21:19 27/09/19
704,99.9,18.68,1006.24,4.22,4.14 18:26:33 27/09/19
708,99.9,18.605,1006.27,5.0,4.13 18:31:48 27/09/19
651,99.9,18.585,1006.29,4.85,4.13 18:37:03 27/09/19
790,99.9,18.51,1006.38,4.22,4.12 18:42:18 27/09/19
824,99.9,18.49,1006.4,4.38,4.12 18:47:32 27/09/19
822,99.9,18.41,1006.44,4.19,4.12 18:52:48 27/09/19
802,99.9,18.4,1006.51,4.32,4.11 18:58:00 27/09/19
784,99.9,18.335,1006.59,4.18,4.11 19:03:16 27/09/19
801,99.9,18.315,1006.63,3.47,4.1 19:08:32 27/09/19
795,99.9,18.285,1006.66,3.55,4.1 19:13:44 27/09/19
806,99.9,18.2,1006.79,3.96,4.1 19:19:00 27/09/19
832,99.9,18.055,1006.97,2.73,4.1 19:24:16 27/09/19
811,99.9,18.01,1007.16,3.03,4.09 19:29:30 27/09/19
778,99.9,17.93,1006.99,2.45,4.09 19:34:44 27/09/19
798,99.9,17.84,1007.0,1.95,4.09 19:39:59 27/09/19
783,99.9,17.79,1007.04,1.22,4.09 19:45:13 27/09/19
794,99.9,17.69,1007.08,0.62,4.08 19:50:28 27/09/19
800,99.9,17.595001,1007.1,0.34,4.08 19:55:43 27/09/19
777,99.9,17.5,1007.08,0.15,4.08 20:00:57 27/09/19
817,99.9,17.404999,1007.02,0.05,4.08 20:06:12 27/09/19
816,99.9,17.325,1007.09,0.02,4.07 20:11:26 27/09/19
819,99.9,17.225,1007.15,0.0,4.07 20:16:41 27/09/19
817,99.9,17.195,1007.21,0.0,4.07 20:21:55 27/09/19
792,99.9,17.11,1007.28,0.0,4.07 20:27:10 27/09/19
806,99.9,17.07,1007.21,0.0,4.07 20:32:24 27/09/19
800,99.9,16.915,1007.23,0.0,4.06 20:37:39 27/09/19
787,99.9,16.82,1007.23,0.0,4.06 20:42:53 27/09/19
801,99.9,16.720001,1007.27,0.0,4.06 20:48:08 27/09/19
799,99.9,16.625,1007.25,0.0,4.06 20:53:22 27/09/19
810,99.9,16.58,1007.23,0.0,4.06 20:58:37 27/09/19
788,99.9,16.49,1007.27,0.0,4.06 21:03:51 27/09/19
784,99.9,16.41,1007.22,0.0,4.06 21:09:05 27/09/19
822,99.9,16.33,1007.23,0.0,4.05 21:14:20 27/09/19
779,99.9,16.289999,1007.15,0.0,4.06 21:19:35 27/09/19
826,99.9,16.205,1007.05,0.0,4.05 21:24:47 27/09/19
845,99.9,16.18,1007.09,0.0,4.05 21:30:03 27/09/19
860,99.9,16.105,1007.05,0.0,4.05 21:35:21 27/09/19
793,99.9,16.085,1007.1,0.0,4.05 21:40:41 27/09/19
847,99.9,16.02,1007.15,0.0,4.05 21:45:54 27/09/19
763,99.9,15.99,1007.17,0.0,4.05 21:51:09 27/09/19
773,99.9,15.924999,1007.08,0.0,4.05 21:56:24 27/09/19
822,99.9,15.915001,1007.12,0.0,4.04 22:01:37 27/09/19
801,99.9,15.915001,1007.07,0.0,4.04 22:06:52 27/09/19
775,99.9,15.834999,1007.06,0.0,4.04 22:12:07 27/09/19
740,99.9,15.825001,1007.1,0.0,4.04 22:17:20 27/09/19
836,99.9,15.809999,1007.16,0.0,4.04 22:22:38 27/09/19
794,99.9,15.805,1007.13,0.0,4.04 22:27:57 27/09/19
799,99.9,15.809999,1007.16,0.0,4.04 22:33:12 27/09/19
804,99.9,15.82,1007.29,0.0,4.03 22:38:27 27/09/19
806,99.9,15.84,1007.31,0.0,4.03 22:43:40 27/09/19
791,99.9,15.91,1007.37,0.0,4.04 22:48:55 27/09/19
822,99.9,15.93,1007.4,0.0,4.04 22:54:10 27/09/19
765,99.9,15.934999,1007.45,0.0,4.04 22:59:23 27/09/19
724,99.9,15.940001,1007.4,0.0,4.03 23:04:36 27/09/19
789,99.9,15.955,1007.42,0.0,4.03 23:09:52 27/09/19
796,99.9,15.965,1007.38,0.0,4.03 23:15:06 27/09/19
829,99.9,16.025,1007.38,0.0,4.03 23:20:24 27/09/19
791,99.9,16.029999,1007.46,0.0,4.03 23:25:43 27/09/19
752,99.9,16.025,1007.39,0.0,4.03 23:30:56 27/09/19
751,99.9,15.969999,1007.47,0.0,4.03 23:36:12 27/09/19
797,99.9,15.960001,1007.44,0.0,4.03 23:41:27 27/09/19
767,99.9,15.934999,1007.52,0.0,4.02 23:46:41 27/09/19
743,99.9,15.92,1007.44,0.0,4.03 23:51:55 27/09/19
699,99.9,15.915001,1007.38,0.0,4.03 23:57:08 27/09/19
