789,99.9,15.99,997.07,0.0,4.02 00:01:12 30/09/19
825,99.9,15.969999,997.25,0.0,4.02 00:06:25 30/09/19
803,99.9,15.975,997.26,0.0,4.02 00:11:38 30/09/19
831,99.9,15.960001,997.43,0.0,4.02 00:16:53 30/09/19
815,99.9,15.895,997.54,0.0,4.02 00:22:07 30/09/19
847,99.9,15.879999,997.65,0.0,4.02 00:27:23 30/09/19
822,99.9,15.875,997.77,0.0,4.02 00:32:38 30/09/19
792,99.9,15.855,997.88,0.0,4.02 00:37:50 30/09/19
827,99.9,15.844999,998.13,0.0,4.02 00:43:06 30/09/19
802,99.9,15.855,998.32,0.0,4.02 00:48:20 30/09/19
820,99.9,15.860001,998.58,0.0,4.01 00:53:34 30/09/19
842,99.9,15.865,998.75,0.0,4.02 00:58:52 30/09/19
787,99.9,15.870001,998.97,0.0,4.01 01:04:10 30/09/19
808,99.9,15.92,999.22,0.0,4.01 01:09:26 30/09/19
813,99.9,15.875,999.5,0.0,4.01 01:14:41 30/09/19
750,99.9,15.865,999.64,0.0,4.01 01:19:53 30/09/19
784,99.9,15.834999,999.82,0.0,4.01 01:25:09 30/09/19
806,99.9,15.83,1000.05,0.0,4.01 01:30:23 30/09/19
823,99.9,15.76,1000.19,0.0,4.01 01:35:37 30/09/19
779,99.9,15.75,1000.54,0.0,4.01 01:40:55 30/09/19
898,99.9,15.675,1000.65,0.0,4.01 01:46:18 30/09/19
776,99.9,15.64,1000.9,0.0,4.01 01:51:37 30/09/19
785,99.9,15.51,1001.1,0.0,4.01 01:56:50 30/09/19
800,99.9,15.4,1001.35,0.0,4.01 02:02:06 30/09/19
825,99.9,15.379999,1001.49,0.0,4.01 02:07:18 30/09/19
790,99.9,15.370001,1001.54,0.0,4.01 02:12:34 30/09/19
796,99.9,15.285,1001.68,0.0,4.0 02:17:48 30/09/19
849,99.9,15.275,1002.03,0.0,4.01 02:23:03 30/09/19
828,99.9,15.26,1002.27,0.0,4.01 02:28:15 30/09/19
799,99.9,15.17,1002.32,0.0,4.0 02:33:31 30/09/19
844,99.9,15.09,1002.48,0.0,4.0 02:38:45 30/09/19
851,99.9,15.055,1002.52,0.0,4.0 02:43:59 30/09/19
892,99.9,14.905,1002.78,0.0,4.0 02:49:14 30/09/19
866,99.9,14.875,1002.98,0.0,4.0 02:54:28 30/09/19
846,99.9,14.79,1003.05,0.0,4.0 02:59:41 30/09/19
872,99.9,14.780001,1003.13,0.0,4.0 03:04:56 30/09/19
831,99.9,14.7,1003.16,0.0,4.0 03:10:13 30/09/19
878,99.9,14.665,1003.21,0.0,4.0 03:15:34 30/09/19
863,99.9,14.58,1003.38,0.0,4.0 03:20:45 30/09/19
866,99.9,14.57,1003.51,0.0,4.0 03:25:59 30/09/19
865,99.9,14.48,1003.65,0.0,4.0 03:31:15 30/09/19
853,99.9,14.475,1003.69,0.0,4.0 03:36:30 30/09/19
811,99.9,14.440001,1003.82,0.0,4.0 03:41:42 30/09/19
855,99.9,14.360001,1003.94,0.0,4.0 03:46:58 30/09/19
869,99.9,14.26,1004.09,0.0,4.0 03:52:10 30/09/19
875,99.9,14.18,1004.18,0.0,4.0 03:57:26 30/09/19
838,99.9,14.09,1004.26,0.0,4.0 04:02:38 30/09/19
899,99.9,14.08,1004.4,0.0,4.0 04:07:55 30/09/19
861,99.9,14.075,1004.4,0.0,3.99 04:13:09 30/09/19
847,99.9,14.075,1004.44,0.0,3.99 04:18:23 30/09/19
872,99.9,14.135,1004.65,0.0,3.99 04:23:36 30/09/19
868,99.9,14.09,1004.78,0.0,3.99 04:28:50 30/09/19
820,99.9,14.139999,1004.85,0.0,3.99 04:34:02 30/09/19
782,99.9,14.085,1004.92,0.0,3.99 04:39:18 30/09/19
806,99.9,14.139999,1005.07,0.0,3.99 04:44:31 30/09/19
819,99.9,14.09,1005.12,0.0,3.99 04:49:46 30/09/19
838,99.9,14.09,1005.2,0.0,3.99 04:54:59 30/09/19
830,99.9,14.139999,1005.25,0.0,3.99 05:00:16 30/09/19
797,99.9,14.09,1005.37,0.0,3.99 05:05:29 30/09/19
837,99.9,14.085,1005.45,0.0,3.99 05:10:46 30/09/19
814,99.9,14.145,1005.64,0.0,3.99 05:16:05 30/09/19
809,99.9,14.15,1005.67,0.0,3.99 05:21:17 30/09/19
856,99.9,14.145,1005.63,0.0,3.99 05:26:37 30/09/19
862,99.9,14.155001,1005.76,0.0,3.99 05:31:57 30/09/19
860,99.9,14.094999,1005.79,0.0,3.99 05:37:10 30/09/19
824,99.9,14.139999,1005.87,0.0,3.99 05:42:23 30/09/19
845,99.9,14.075,1006.06,0.0,3.99 05:47:39 30/09/19
806,99.9,14.07,1006.16,0.0,3.98 05:52:50 30/09/19
866,99.9,14.055,1006.16,0.0,3.98 05:58:10 30/09/19
807,99.9,14.049999,1006.2,0.0,3.99 06:03:29 30/09/19
799,99.9,14.04,1006.31,0.0,3.98 06:08:41 30/09/19
866,99.9,13.97,1006.46,0.0,3.99 06:13:57 30/09/19
861,99.9,13.97,1006.57,0.0,3.98 06:19:11 30/09/19
887,99.9,13.955,1006.61,0.0,3.98 06:24:25 30/09/19
829,99.9,13.96,1006.69,0.0,3.98 06:29:39 30/09/19
733,99.9,13.955,1006.81,0.0,3.98 06:34:53 30/09/19
841,99.9,13.945,1006.87,0.0,3.98 06:40:06 30/09/19
829,99.9,13.940001,1006.97,0.0,3.98 06:45:20 30/09/19
855,99.9,13.934999,1007.07,0.0,3.98 06:50:36 30/09/19
819,99.9,13.940001,1007.09,0.0,3.98 06:55:50 30/09/19
859,99.9,13.940001,1007.16,0.03,3.98 07:01:04 30/09/19
841,99.9,13.940001,1007.18,0.09,3.98 07:06:17 30/09/19
805,99.9,13.945,1007.42,0.34,3.98 07:11:29 30/09/19
855,99.9,13.934999,1007.5,0.84,3.98 07:16:45 30/09/19
848,99.9,13.940001,1007.63,1.43,3.98 07:21:57 30/09/19
885,99.9,13.940001,1007.73,2.38,3.98 07:27:17 30/09/19
866,99.9,13.945,1007.9,2.67,3.98 07:32:34 30/09/19
890,99.9,13.96,1007.98,3.51,3.98 07:37:54 30/09/19
868,99.9,13.96,1008.06,4.11,3.98 07:43:12 30/09/19
886,99.9,13.96,1008.12,4.28,3.98 07:48:26 30/09/19
871,99.9,13.97,1008.25,4.09,3.98 07:53:40 30/09/19
883,99.9,13.975,1008.39,4.69,3.98 07:58:55 30/09/19
856,99.9,14.035,1008.45,4.93,3.98 08:04:09 30/09/19
861,99.9,14.04,1008.49,4.92,3.98 08:09:22 30/09/19
877,99.9,14.035,1008.59,5.0,3.98 08:14:40 30/09/19
872,99.9,14.049999,1008.65,4.36,3.98 08:19:59 30/09/19
881,99.9,14.049999,1008.69,5.0,3.99 08:25:13 30/09/19
897,99.9,14.049999,1008.76,5.0,3.98 08:30:31 30/09/19
888,99.9,14.065,1008.83,5.0,3.98 08:35:50 30/09/19
885,99.9,14.065,1008.85,5.0,3.99 08:41:04 30/09/19
896,99.9,14.059999,1008.92,4.28,3.99 08:46:18 30/09/19
891,99.9,14.059999,1009.04,4.27,4.0 08:51:37 30/09/19
918,99.9,14.135,1009.05,4.25,4.01 08:56:59 30/09/19
913,99.9,14.15,1009.1,4.4,4.02 09:02:18 30/09/19
914,99.9,14.15,1009.07,4.12,4.02 09:07:32 30/09/19
916,99.9,14.23,1009.18,4.08,4.03 09:12:45 30/09/19
918,99.9,14.315001,1009.22,4.21,4.06 09:17:59 30/09/19
937,99.9,14.485,1009.4,5.0,4.08 09:23:17 30/09/19
934,99.9,14.68,1009.41,4.19,4.1 09:28:39 30/09/19
930,99.9,15.030001,1009.57,4.38,4.17 09:33:50 30/09/19
899,99.9,15.26,1009.58,5.0,4.09 09:39:03 30/09/19
930,99.9,15.23,1009.61,4.36,4.21 09:44:19 30/09/19
914,99.9,15.49,1009.76,5.0,4.14 09:49:31 30/09/19
943,99.9,15.54,1009.78,4.3,4.2 09:54:47 30/09/19
923,99.9,15.735001,1009.74,5.0,4.13 10:00:01 30/09/19
945,99.9,15.755,1009.85,4.29,4.2 10:05:20 30/09/19
926,99.9,16.02,1009.92,5.0,4.13 10:10:41 30/09/19
936,99.9,16.215,1009.95,4.24,4.15 10:15:54 30/09/19
920,99.9,16.325,1010.02,5.0,4.13 10:21:07 30/09/19
924,99.9,16.095001,1010.11,4.26,4.15 10:26:22 30/09/19
934,99.9,15.995001,1010.2,5.0,4.13 10:31:36 30/09/19
936,99.9,15.91,1010.21,4.34,4.22 10:36:49 30/09/19
937,99.9,16.055,1010.36,5.0,4.13 10:42:06 30/09/19
920,99.9,16.154999,1010.48,5.0,4.12 10:47:18 30/09/19
945,99.9,16.15,1010.5,5.0,4.21 10:52:40 30/09/19
944,99.9,16.23,1010.64,5.0,4.13 10:57:57 30/09/19
940,99.9,16.24,1010.55,5.0,4.12 11:03:11 30/09/19
946,99.9,16.34,1010.69,5.0,4.22 11:08:26 30/09/19
927,99.9,16.34,1010.63,5.0,4.14 11:13:39 30/09/19
922,99.9,16.325,1010.72,5.0,4.13 11:18:54 30/09/19
937,99.9,16.235,1010.71,4.3,4.16 11:24:12 30/09/19
935,99.9,16.23,1010.8,5.0,4.14 11:29:32 30/09/19
929,99.9,16.2,1010.95,5.0,4.13 11:34:46 30/09/19
932,99.9,16.035,1010.95,4.25,4.16 11:40:01 30/09/19
932,99.9,16.029999,1011.03,5.0,4.14 11:45:15 30/09/19
935,99.9,16.01,1010.97,5.0,4.13 11:50:29 30/09/19
939,99.9,16.005001,1011.07,4.25,4.18 11:55:44 30/09/19
938,99.9,16.029999,1011.09,5.0,4.14 12:00:58 30/09/19
937,99.9,16.165,1011.12,5.0,4.13 12:06:12 30/09/19
933,99.9,16.265,1011.13,5.0,4.16 12:11:30 30/09/19
931,99.9,16.289999,1011.38,5.0,4.14 12:16:49 30/09/19
941,99.9,16.21,1011.35,5.0,4.12 12:22:04 30/09/19
939,99.9,16.220001,1011.34,4.35,4.18 12:27:18 30/09/19
941,99.9,16.375,1011.3,5.0,4.14 12:32:33 30/09/19
947,99.9,16.555,1011.31,5.0,4.13 12:37:48 30/09/19
935,99.9,16.75,1011.32,5.0,4.13 12:43:01 30/09/19
936,99.9,16.79,1011.28,4.89,4.17 12:48:16 30/09/19
930,99.9,16.78,1011.4,5.0,4.14 12:53:30 30/09/19
933,99.9,16.775002,1011.38,5.0,4.13 12:58:45 30/09/19
946,99.9,16.855,1011.42,5.0,4.12 13:03:59 30/09/19
942,99.9,17.045,1011.36,5.0,4.21 13:09:14 30/09/19
941,99.9,17.32,1011.36,5.0,4.14 13:14:28 30/09/19
947,99.9,17.529999,1011.34,5.0,4.13 13:19:43 30/09/19
940,99.9,17.740002,1011.36,5.0,4.12 13:24:58 30/09/19
937,99.9,17.82,1011.4,4.29,4.18 13:30:12 30/09/19
940,99.9,17.755001,1011.39,5.0,4.14 13:35:27 30/09/19
942,99.9,17.740002,1011.44,5.0,4.13 13:40:41 30/09/19
940,99.9,17.740002,1011.43,5.0,4.13 13:45:54 30/09/19
938,99.9,17.75,1011.39,4.36,4.18 13:51:11 30/09/19
951,99.9,17.825,1011.38,5.0,4.14 13:56:25 30/09/19
937,99.9,18.015,1011.35,5.0,4.13 14:01:40 30/09/19
940,99.9,18.205,1011.3,5.0,4.13 14:06:54 30/09/19
946,99.9,18.240002,1011.33,5.0,4.12 14:12:10 30/09/19
946,99.9,18.150002,1011.31,5.0,4.21 14:17:24 30/09/19
944,99.9,18.220001,1011.28,5.0,4.14 14:22:38 30/09/19
943,99.9,18.01,1011.27,5.0,4.13 14:27:54 30/09/19
944,99.9,17.970001,1011.21,5.0,4.13 14:33:08 30/09/19
942,99.9,17.955,1011.15,4.29,4.19 14:38:22 30/09/19
944,99.9,17.965,1011.17,5.0,4.14 14:43:38 30/09/19
946,99.9,17.965,1011.23,5.0,4.13 14:48:52 30/09/19
943,99.9,17.96,1011.27,5.0,4.13 14:54:06 30/09/19
942,99.9,18.029999,1011.26,4.3,4.2 14:59:19 30/09/19
942,99.9,18.130001,1011.25,5.0,4.14 15:04:35 30/09/19
942,99.9,18.16,1011.22,5.0,4.13 15:09:50 30/09/19
943,99.9,18.235,1011.26,5.0,4.13 15:15:03 30/09/19
941,99.9,18.265,1011.31,5.0,4.13 15:20:19 30/09/19
944,99.9,18.415,1011.3,5.0,4.21 15:25:34 30/09/19
942,99.9,18.535,1011.29,5.0,4.14 15:30:49 30/09/19
936,99.9,18.545,1011.25,5.0,4.13 15:36:04 30/09/19
942,99.9,18.46,1011.3,5.0,4.13 15:41:18 30/09/19
938,99.9,18.38,1011.28,4.35,4.18 15:46:34 30/09/19
941,99.9,18.265,1011.16,5.0,4.14 15:51:48 30/09/19
932,99.9,18.26,1011.18,5.0,4.14 15:57:02 30/09/19
933,99.9,18.25,1011.1,5.0,4.13 16:02:17 30/09/19
939,99.9,18.255001,1011.07,5.0,4.12 16:07:32 30/09/19
938,99.9,18.325,1011.03,4.32,4.18 16:12:47 30/09/19
936,99.9,18.349998,1011.05,5.0,4.14 16:18:01 30/09/19
932,99.9,18.425,1010.93,5.0,4.13 16:23:21 30/09/19
936,99.9,18.515,1010.83,5.0,4.13 16:28:40 30/09/19
935,99.9,18.535,1010.88,5.0,4.12 16:33:54 30/09/19
936,99.9,18.439999,1010.78,4.41,4.15 16:39:12 30/09/19
933,99.9,18.439999,1010.72,5.0,4.14 16:44:32 30/09/19
934,99.9,18.455,1010.67,5.0,4.14 16:49:47 30/09/19
933,99.9,18.535,1010.66,5.0,4.13 16:55:01 30/09/19
931,99.9,18.535,1010.66,5.0,4.12 17:00:16 30/09/19
929,99.9,18.465,1010.62,4.3,4.14 17:05:31 30/09/19
930,99.9,18.384998,1010.62,5.0,4.14 17:10:44 30/09/19
931,99.9,18.39,1010.59,5.0,4.13 17:16:01 30/09/19
930,99.9,18.39,1010.49,5.0,4.13 17:21:14 30/09/19
931,99.9,18.39,1010.35,5.0,4.12 17:26:29 30/09/19
930,99.9,18.39,1010.25,4.28,4.16 17:31:43 30/09/19
927,99.9,18.465,1010.26,5.0,4.14 17:36:59 30/09/19
925,99.9,18.465,1010.32,5.0,4.13 17:42:17 30/09/19
927,99.9,18.46,1010.41,5.0,4.13 17:47:35 30/09/19
921,99.9,18.325,1010.43,4.92,4.13 17:52:51 30/09/19
920,99.9,18.225,1010.39,5.0,4.15 17:58:04 30/09/19
914,99.9,18.130001,1010.37,4.23,4.15 18:03:21 30/09/19
916,99.9,18.09,1010.52,5.0,4.15 18:08:36 30/09/19
917,99.9,18.064999,1010.52,4.81,4.15 18:13:50 30/09/19
917,99.9,17.994999,1010.51,5.0,4.15 18:19:05 30/09/19
906,99.9,17.915,1010.6,4.54,4.14 18:24:19 30/09/19
907,99.9,17.79,1010.43,4.38,4.13 18:29:34 30/09/19
908,99.9,17.695,1010.41,4.68,4.13 18:34:49 30/09/19
908,99.9,17.595001,1010.3,4.36,4.12 18:40:03 30/09/19
910,99.9,17.494999,1010.26,4.28,4.12 18:45:18 30/09/19
911,99.9,17.404999,1010.12,4.47,4.12 18:50:32 30/09/19
912,99.9,17.38,1010.12,4.81,4.11 18:55:52 30/09/19
904,99.9,17.295,1010.16,4.2,4.11 19:01:11 30/09/19
909,99.9,17.255001,1010.09,4.17,4.1 19:06:28 30/09/19
905,99.9,17.19,1010.05,4.05,4.1 19:11:46 30/09/19
906,99.9,17.154999,1010.0,3.57,4.1 19:17:06 30/09/19
896,99.9,17.085,1009.86,2.86,4.1 19:22:25 30/09/19
902,99.9,17.005001,1009.78,2.38,4.09 19:27:40 30/09/19
900,99.9,16.98,1009.85,1.73,4.09 19:32:52 30/09/19
902,99.9,16.915,1009.89,0.79,4.08 19:38:12 30/09/19
902,99.9,16.9,1009.9,0.32,4.08 19:43:35 30/09/19
903,99.9,16.884998,1009.82,0.14,4.08 19:48:58 30/09/19
903,99.9,16.869999,1009.77,0.04,4.08 19:54:21 30/09/19
902,99.9,16.810001,1009.8,0.01,4.07 19:59:44 30/09/19
899,99.9,16.8,1009.82,0.0,4.07 20:05:07 30/09/19
901,99.9,16.8,1009.85,0.0,4.07 20:10:30 30/09/19
899,99.9,16.79,1009.77,0.0,4.06 20:15:53 30/09/19
900,99.9,16.78,1009.81,0.0,4.07 20:21:16 30/09/19
898,99.9,16.78,1009.84,0.0,4.06 20:26:36 30/09/19
898,99.9,16.77,1009.81,0.0,4.06 20:31:50 30/09/19
898,99.9,16.705,1009.69,0.0,4.06 20:37:04 30/09/19
898,99.9,16.71,1009.64,0.0,4.06 20:42:19 30/09/19
897,99.9,16.705,1009.61,0.0,4.06 20:47:33 30/09/19
896,99.9,16.69,1009.54,0.0,4.06 20:52:48 30/09/19
900,99.9,16.630001,1009.47,0.0,4.06 20:58:02 30/09/19
899,99.9,16.615,1009.48,0.0,4.06 21:03:17 30/09/19
898,99.9,16.55,1009.45,0.0,4.06 21:08:31 30/09/19
899,99.9,16.575,1009.35,0.0,4.05 21:13:45 30/09/19
898,99.9,16.494999,1009.32,0.0,4.05 21:19:00 30/09/19
899,99.9,16.48,1009.26,0.0,4.05 21:24:14 30/09/19
898,99.9,16.41,1009.26,0.0,4.05 21:29:29 30/09/19
898,99.9,16.34,1009.17,0.0,4.05 21:34:44 30/09/19
898,99.9,16.32,1009.05,0.0,4.05 21:39:57 30/09/19
898,99.9,16.3,1008.97,0.0,4.05 21:45:12 30/09/19
898,99.9,16.285,1009.0,0.0,4.05 21:50:26 30/09/19
896,99.9,16.23,1008.9,0.0,4.04 21:55:40 30/09/19
900,99.9,16.215,1008.76,0.0,4.04 22:00:55 30/09/19
897,99.9,16.2,1008.66,0.0,4.04 22:06:08 30/09/19
900,99.9,16.135,1008.57,0.0,4.04 22:11:24 30/09/19
899,99.9,16.130001,1008.66,0.0,4.04 22:16:39 30/09/19
896,99.9,16.17,1008.68,0.0,4.04 22:21:51 30/09/19
896,99.9,16.105,1008.74,0.0,4.04 22:27:05 30/09/19
900,99.9,16.095001,1008.57,0.0,4.04 22:32:22 30/09/19
898,99.9,16.09,1008.51,0.0,4.03 22:37:35 30/09/19
900,99.9,16.085,1008.42,0.0,4.03 22:42:54 30/09/19
896,99.9,16.085,1008.46,0.0,4.04 22:48:11 30/09/19
896,99.9,16.025,1008.35,0.0,4.03 22:53:28 30/09/19
898,99.9,16.02,1008.29,0.0,4.03 22:58:41 30/09/19
900,99.9,16.01,1008.21,0.0,4.03 23:03:58 30/09/19
899,99.9,16.015,1008.19,0.0,4.03 23:09:10 30/09/19
896,99.9,16.015,1008.14,0.0,4.03 23:14:23 30/09/19
895,99.9,16.01,1008.17,0.0,4.03 23:19:39 30/09/19
897,99.9,16.005001,1008.17,0.0,4.03 23:24:54 30/09/19
900,99.9,15.934999,1008.1,0.0,4.03 23:30:11 30/09/19
891,99.9,15.924999,1008.01,0.0,4.03 23:35:30 30/09/19
891,99.9,15.92,1007.99,0.0,4.03 23:40:45 30/09/19
889,99.9,15.9,1007.92,0.0,4.03 23:45:59 30/09/19
892,99.9,15.889999,1007.83,0.0,4.02 23:51:11 30/09/19
886,99.9,15.825001,1007.79,0.0,4.02 23:56:28 30/09/19
