0,75.1,17.95,1015.62,0.0,4.01 00:01:14 04/07/20
0,75.2,17.945,1015.64,0.0,4.01 00:06:34 04/07/20
0,75.2,17.93,1015.59,0.0,4.01 00:11:48 04/07/20
0,75.5,17.865002,1015.54,0.0,4.01 00:17:03 04/07/20
0,75.8,17.855,1015.58,0.0,4.01 00:22:18 04/07/20
0,75.4,17.845001,1015.59,0.0,4.0 00:27:33 04/07/20
0,75.2,17.76,1015.47,0.0,4.0 00:32:55 04/07/20
0,75.0,17.74,1015.55,0.0,4.0 00:38:10 04/07/20
0,74.9,17.645,1015.56,0.0,4.0 00:43:24 04/07/20
0,75.2,17.555,1015.56,0.0,4.0 00:48:44 04/07/20
0,75.2,17.474998,1015.54,0.0,4.0 00:54:03 04/07/20
0,76.3,17.46,1015.6,0.0,3.99 00:59:17 04/07/20
0,76.2,17.37,1015.54,0.0,3.99 01:04:31 04/07/20
0,77.8,17.365002,1015.61,0.0,3.99 01:09:46 04/07/20
0,77.1,17.34,1015.52,0.0,3.99 01:15:00 04/07/20
0,78.7,17.285,1015.53,0.0,3.99 01:20:15 04/07/20
0,78.6,17.33,1015.45,0.0,3.99 01:25:29 04/07/20
0,77.8,17.27,1015.45,0.0,3.99 01:30:44 04/07/20
0,78.6,17.275002,1015.4,0.0,3.99 01:35:58 04/07/20
0,79.6,17.275002,1015.41,0.0,3.99 01:41:13 04/07/20
0,79.5,17.285,1015.4,0.0,3.99 01:46:27 04/07/20
0,79.5,17.279999,1015.4,0.0,3.98 01:51:42 04/07/20
0,80.2,17.335,1015.32,0.0,3.98 01:57:00 04/07/20
0,81.0,17.285,1015.26,0.0,3.98 02:02:18 04/07/20
0,79.9,17.285,1015.27,0.0,3.98 02:07:35 04/07/20
0,80.2,17.279999,1015.24,0.0,3.98 02:12:48 04/07/20
0,80.6,17.275002,1015.27,0.0,3.98 02:18:01 04/07/20
0,80.4,17.26,1015.18,0.0,3.98 02:23:17 04/07/20
0,80.8,17.255001,1015.21,0.0,3.98 02:28:32 04/07/20
0,80.9,17.25,1015.17,0.0,3.97 02:33:46 04/07/20
0,81.2,17.195,1015.2,0.0,3.97 02:38:59 04/07/20
0,81.5,17.18,1015.22,0.0,3.97 02:44:19 04/07/20
0,81.0,17.17,1015.14,0.0,3.96 02:49:36 04/07/20
0,81.1,17.16,1015.11,0.0,3.97 02:54:51 04/07/20
0,81.9,17.145,1015.08,0.0,3.97 03:00:05 04/07/20
0,81.8,17.075,1015.04,0.0,3.97 03:05:22 04/07/20
0,82.9,17.075,1015.06,0.0,3.97 03:10:37 04/07/20
0,84.6,17.064999,1015.11,0.0,3.97 03:15:52 04/07/20
0,83.2,17.055,1015.09,0.0,3.97 03:21:06 04/07/20
0,83.9,17.06,1015.05,0.0,3.97 03:26:20 04/07/20
0,85.5,17.05,1015.03,0.0,3.97 03:31:34 04/07/20
0,85.8,17.035,1014.92,0.0,3.97 03:36:48 04/07/20
0,84.3,16.99,1014.98,0.0,3.97 03:42:01 04/07/20
0,85.1,16.985,1014.94,0.0,3.96 03:47:17 04/07/20
0,85.2,17.035,1014.88,0.0,3.96 03:52:32 04/07/20
0,85.6,17.025,1014.82,0.0,3.96 03:57:44 04/07/20
0,86.0,16.965,1014.83,0.0,3.96 04:03:01 04/07/20
0,86.0,16.965,1014.85,0.0,3.96 04:08:15 04/07/20
0,87.4,16.96,1014.79,0.0,3.96 04:13:33 04/07/20
0,86.1,16.955,1014.66,0.0,3.96 04:18:52 04/07/20
0,86.3,16.955,1014.65,0.0,3.96 04:24:08 04/07/20
0,86.3,16.945,1014.58,0.0,3.96 04:29:24 04/07/20
0,88.0,16.900002,1014.54,0.0,3.96 04:34:36 04/07/20
0,86.7,16.945,1014.5,0.01,3.96 04:39:50 04/07/20
0,88.0,16.939999,1014.42,0.04,3.93 04:45:03 04/07/20
0,88.5,16.880001,1014.39,0.08,3.96 04:50:19 04/07/20
0,88.1,16.875,1014.29,0.17,3.96 04:55:32 04/07/20
0,87.2,16.87,1014.21,0.28,3.96 05:00:49 04/07/20
2,89.8,16.87,1014.22,0.48,3.96 05:06:02 04/07/20
4,88.7,16.87,1014.26,0.86,3.95 05:11:18 04/07/20
7,88.0,16.86,1014.17,1.33,3.95 05:16:31 04/07/20
15,90.0,16.85,1014.16,1.94,3.95 05:21:51 04/07/20
21,90.0,16.855,1014.2,2.59,3.95 05:27:09 04/07/20
26,89.0,16.855,1014.19,2.99,3.95 05:32:23 04/07/20
29,89.1,16.845001,1014.13,3.24,3.95 05:37:42 04/07/20
38,89.9,16.785,1014.11,3.73,3.95 05:43:01 04/07/20
51,89.9,16.83,1014.09,4.06,3.95 05:48:13 04/07/20
63,89.8,16.775002,1014.04,4.39,3.95 05:53:29 04/07/20
71,90.3,16.77,1013.99,4.6,3.95 05:58:42 04/07/20
78,90.0,16.77,1013.96,4.62,3.95 06:03:57 04/07/20
66,91.0,16.775002,1013.97,4.71,3.95 06:09:13 04/07/20
74,90.7,16.835,1013.93,4.43,3.95 06:14:27 04/07/20
59,90.2,16.795,1013.89,4.48,3.94 06:19:45 04/07/20
64,90.2,16.845001,1013.91,4.11,3.94 06:25:05 04/07/20
75,90.1,16.85,1013.86,4.72,3.94 06:30:19 04/07/20
82,90.2,16.855,1013.9,4.61,3.94 06:35:32 04/07/20
90,91.1,16.865002,1013.87,4.75,3.95 06:40:48 04/07/20
95,91.5,16.865002,1013.87,4.26,3.94 06:46:02 04/07/20
91,91.1,16.925,1013.92,4.23,3.91 06:51:17 04/07/20
87,90.6,16.880001,1013.76,4.51,3.95 06:56:32 04/07/20
102,90.8,16.885,1013.72,4.6,3.95 07:01:49 04/07/20
125,91.2,16.95,1013.83,5.0,3.95 07:07:09 04/07/20
135,91.2,16.955,1013.82,5.0,3.95 07:12:23 04/07/20
130,91.0,16.965,1013.72,5.0,3.96 07:17:37 04/07/20
124,91.5,16.974998,1013.77,4.26,3.95 07:22:52 04/07/20
128,91.2,16.99,1013.78,5.0,3.95 07:28:06 04/07/20
167,91.3,17.045,1013.76,4.7,3.95 07:33:21 04/07/20
198,91.9,17.064999,1013.72,5.0,3.98 07:38:35 04/07/20
180,92.7,17.15,1013.78,4.06,3.97 07:43:50 04/07/20
199,91.8,17.175,1013.69,4.23,3.98 07:49:04 04/07/20
224,92.2,17.265,1013.68,5.0,4.0 07:54:19 04/07/20
239,92.2,17.355,1013.59,5.0,4.0 07:59:33 04/07/20
227,92.7,17.46,1013.56,5.0,4.01 08:04:48 04/07/20
215,93.1,17.555,1013.59,4.11,4.01 08:10:03 04/07/20
224,93.0,17.65,1013.59,4.16,4.02 08:15:17 04/07/20
245,92.9,17.744999,1013.59,4.14,4.04 08:20:31 04/07/20
236,93.2,17.855,1013.58,4.41,4.04 08:25:46 04/07/20
231,93.2,17.945,1013.47,5.0,4.04 08:30:59 04/07/20
236,92.4,17.974998,1013.39,5.0,4.04 08:36:13 04/07/20
238,93.4,18.055,1013.36,4.17,4.06 08:41:30 04/07/20
247,92.8,18.15,1013.42,4.99,4.06 08:46:42 04/07/20
262,93.0,18.18,1013.33,4.19,4.07 08:51:59 04/07/20
281,93.3,18.279999,1013.33,5.0,4.14 08:57:13 04/07/20
307,92.8,18.380001,1013.39,4.6,4.21 09:02:29 04/07/20
263,93.1,18.57,1013.37,5.0,4.12 09:07:43 04/07/20
276,92.7,18.67,1013.35,5.0,4.11 09:12:57 04/07/20
283,92.2,18.755001,1013.4,5.0,4.12 09:18:12 04/07/20
300,92.2,18.84,1013.35,5.0,4.12 09:23:25 04/07/20
290,91.5,18.87,1013.37,5.0,4.12 09:28:40 04/07/20
280,91.3,18.89,1013.29,5.0,4.12 09:33:56 04/07/20
333,91.8,19.025,1013.34,5.0,4.12 09:39:11 04/07/20
343,91.0,19.06,1013.18,5.0,4.12 09:44:26 04/07/20
351,90.6,19.16,1013.2,5.0,4.11 09:49:41 04/07/20
341,91.2,19.32,1013.27,5.0,4.13 09:54:55 04/07/20
338,91.2,19.515,1013.19,5.0,4.13 10:00:10 04/07/20
302,90.9,19.695,1013.22,5.0,4.14 10:05:23 04/07/20
289,90.3,19.735,1013.25,5.0,4.14 10:10:40 04/07/20
337,90.1,19.675,1013.24,5.0,4.12 10:15:55 04/07/20
323,91.2,19.665,1013.18,5.0,4.15 10:21:10 04/07/20
267,90.8,19.68,1013.29,5.0,4.15 10:26:28 04/07/20
300,91.9,19.485,1013.22,5.0,4.12 10:31:49 04/07/20
384,92.2,19.32,1013.31,5.0,4.21 10:37:03 04/07/20
293,93.3,19.39,1013.3,5.0,4.12 10:42:18 04/07/20
275,93.1,19.3,1013.35,4.24,4.15 10:47:38 04/07/20
290,94.5,19.175,1013.35,5.0,4.16 10:52:59 04/07/20
321,95.0,19.099998,1013.35,5.0,4.13 10:58:09 04/07/20
314,94.9,19.0,1013.34,5.0,4.11 11:03:24 04/07/20
312,95.5,18.994999,1013.22,5.0,4.13 11:08:40 04/07/20
353,95.7,19.07,1013.19,5.0,4.11 11:13:55 04/07/20
340,96.6,19.235,1013.22,5.0,4.13 11:19:08 04/07/20
360,96.0,19.35,1013.08,5.0,4.11 11:24:24 04/07/20
307,95.7,19.474998,1013.2,5.0,4.13 11:29:39 04/07/20
283,95.1,19.585,1013.23,5.0,4.13 11:34:54 04/07/20
279,94.8,19.58,1013.21,5.0,4.14 11:40:08 04/07/20
286,94.8,19.56,1013.1,5.0,4.13 11:45:24 04/07/20
311,94.6,19.494999,1013.18,5.0,4.12 11:50:37 04/07/20
298,94.7,19.494999,1013.24,5.0,4.13 11:55:57 04/07/20
307,94.3,19.515,1013.19,5.0,4.14 12:01:17 04/07/20
328,94.7,19.605,1013.04,5.0,4.12 12:06:32 04/07/20
323,94.8,19.77,1013.09,5.0,4.14 12:11:47 04/07/20
279,94.6,19.875,1013.28,5.0,4.13 12:17:10 04/07/20
291,93.6,19.815,1013.24,5.0,4.14 12:22:26 04/07/20
280,94.2,19.865002,1013.18,5.0,4.14 12:27:40 04/07/20
274,94.2,19.865002,1013.25,5.0,4.12 12:32:55 04/07/20
252,94.3,19.865002,1013.31,5.0,4.17 12:38:10 04/07/20
233,94.2,19.86,1013.39,5.0,4.13 12:43:28 04/07/20
261,94.1,19.785,1013.43,5.0,4.16 12:48:49 04/07/20
280,94.7,19.84,1013.42,5.0,4.12 12:54:03 04/07/20
253,94.5,19.87,1013.47,4.31,4.12 12:59:18 04/07/20
280,94.4,19.875,1013.56,5.0,4.13 13:04:37 04/07/20
323,95.6,19.810001,1013.53,5.0,4.13 13:09:57 04/07/20
317,96.4,19.810001,1013.53,5.0,4.12 13:15:11 04/07/20
303,97.3,19.735,1013.57,5.0,4.13 13:20:26 04/07/20
265,97.5,19.630001,1013.54,5.0,4.12 13:25:41 04/07/20
282,97.0,19.615,1013.46,5.0,4.12 13:30:59 04/07/20
323,97.8,19.705,1013.47,5.0,4.13 13:36:19 04/07/20
334,98.8,19.805,1013.3,5.0,4.12 13:41:32 04/07/20
291,98.5,19.895,1013.27,5.0,4.13 13:46:49 04/07/20
331,97.8,19.985,1013.15,5.0,4.12 13:52:04 04/07/20
287,97.4,20.07,1013.25,5.0,4.13 13:57:19 04/07/20
271,97.4,20.005,1013.18,5.0,4.12 14:02:33 04/07/20
302,97.7,20.02,1013.18,5.0,4.13 14:07:48 04/07/20
269,97.3,20.085,1013.01,5.0,4.14 14:13:03 04/07/20
242,97.1,20.075,1013.17,5.0,4.12 14:18:18 04/07/20
215,97.0,20.08,1013.2,5.0,4.13 14:23:31 04/07/20
264,96.7,20.075,1013.07,5.0,4.14 14:28:49 04/07/20
253,96.6,20.08,1013.11,5.0,4.12 14:34:02 04/07/20
276,96.5,20.08,1013.14,5.0,4.15 14:39:17 04/07/20
283,97.0,20.185001,1012.98,5.0,4.14 14:44:38 04/07/20
322,96.7,20.36,1012.94,5.0,4.12 14:49:56 04/07/20
313,96.0,20.529999,1012.85,5.0,4.21 14:55:11 04/07/20
298,96.4,20.654999,1012.74,5.0,4.12 15:00:26 04/07/20
285,95.7,20.755001,1012.86,4.27,4.18 15:05:41 04/07/20
261,95.2,20.755001,1012.85,4.28,4.13 15:10:58 04/07/20
254,94.9,20.695,1012.75,5.0,4.13 15:16:11 04/07/20
274,95.2,20.75,1012.94,5.0,4.12 15:21:27 04/07/20
286,95.1,20.75,1012.78,5.0,4.13 15:26:43 04/07/20
301,95.2,20.795,1012.78,5.0,4.12 15:31:57 04/07/20
311,95.5,20.955,1012.79,5.0,4.13 15:37:12 04/07/20
281,95.1,21.055,1012.87,5.0,4.12 15:42:25 04/07/20
275,94.8,21.08,1012.73,5.0,4.13 15:47:40 04/07/20
241,95.0,21.135,1012.75,5.0,4.12 15:52:57 04/07/20
224,95.1,21.055,1012.74,5.0,4.13 15:58:11 04/07/20
215,94.8,20.945,1012.85,5.0,4.14 16:03:28 04/07/20
235,95.0,20.880001,1012.84,5.0,4.12 16:08:42 04/07/20
276,95.2,20.865002,1012.72,5.0,4.12 16:14:01 04/07/20
316,95.3,20.95,1012.55,5.0,4.13 16:19:21 04/07/20
309,95.9,21.06,1012.48,5.0,4.12 16:24:36 04/07/20
267,95.9,21.23,1012.44,5.0,4.13 16:29:56 04/07/20
314,95.6,21.345001,1012.43,5.0,4.14 16:35:13 04/07/20
269,95.3,21.439999,1012.48,5.0,4.12 16:40:28 04/07/20
250,95.4,21.455,1012.37,5.0,4.14 16:45:45 04/07/20
231,94.9,21.465,1012.41,5.0,4.13 16:51:01 04/07/20
183,94.9,21.45,1012.58,5.0,4.14 16:56:15 04/07/20
174,95.0,21.37,1012.65,5.0,4.16 17:01:29 04/07/20
183,95.1,21.29,1012.6,5.0,4.13 17:06:45 04/07/20
166,95.1,21.279999,1012.69,5.0,4.12 17:12:01 04/07/20
168,95.2,21.265,1012.7,5.0,4.11 17:17:16 04/07/20
163,95.1,21.244999,1012.75,4.21,4.15 17:22:31 04/07/20
167,95.1,21.18,1012.73,4.23,4.15 17:27:46 04/07/20
191,95.0,21.08,1012.71,5.0,4.14 17:33:02 04/07/20
199,95.1,21.08,1012.63,5.0,4.13 17:38:16 04/07/20
191,95.2,21.095001,1012.63,5.0,4.14 17:43:31 04/07/20
217,95.2,21.15,1012.57,5.0,4.12 17:48:46 04/07/20
206,95.5,21.095001,1012.57,5.0,4.13 17:54:01 04/07/20
210,95.4,21.15,1012.46,5.0,4.12 17:59:16 04/07/20
190,95.6,21.105,1012.35,5.0,4.13 18:04:32 04/07/20
217,95.4,21.16,1012.28,5.0,4.14 18:09:47 04/07/20
250,95.7,21.175,1012.28,5.0,4.12 18:15:02 04/07/20
246,96.0,21.24,1012.21,5.0,4.14 18:20:18 04/07/20
219,95.9,21.285,1012.22,5.0,4.12 18:25:31 04/07/20
191,95.8,21.345001,1012.09,4.3,4.14 18:30:47 04/07/20
181,95.8,21.305,1012.08,5.0,4.13 18:36:00 04/07/20
155,95.8,21.36,1012.19,4.56,4.14 18:41:16 04/07/20
131,95.8,21.3,1012.14,4.52,4.13 18:46:32 04/07/20
120,95.9,21.285,1012.21,4.8,4.13 18:51:51 04/07/20
137,95.6,21.279999,1012.11,4.46,4.13 18:57:11 04/07/20
135,96.1,21.25,1012.15,4.86,4.13 19:02:26 04/07/20
149,96.2,21.189999,1012.02,5.0,4.13 19:07:41 04/07/20
114,96.4,21.175,1012.02,5.0,4.12 19:12:56 04/07/20
129,96.2,21.119999,1012.0,5.0,4.13 19:18:12 04/07/20
118,96.1,21.175,1012.01,4.84,4.13 19:23:27 04/07/20
115,96.4,21.175,1011.98,5.0,4.12 19:28:42 04/07/20
126,96.6,21.165,1011.99,4.22,4.12 19:33:57 04/07/20
167,96.6,21.17,1011.9,5.0,4.13 19:39:13 04/07/20
164,96.9,21.175,1011.81,5.0,4.14 19:44:27 04/07/20
148,96.8,21.189999,1011.82,5.0,4.16 19:49:42 04/07/20
125,97.0,21.195,1011.79,5.0,4.16 19:54:57 04/07/20
124,96.8,21.189999,1011.82,4.24,4.15 20:00:12 04/07/20
114,97.0,21.2,1011.83,4.64,4.14 20:05:31 04/07/20
105,97.0,21.195,1011.73,5.0,4.14 20:10:51 04/07/20
96,97.0,21.195,1011.7,4.82,4.13 20:16:06 04/07/20
93,96.9,21.195,1011.72,4.77,4.13 20:21:20 04/07/20
77,96.9,21.189999,1011.69,4.59,4.12 20:26:36 04/07/20
73,97.0,21.189999,1011.68,4.74,4.11 20:31:52 04/07/20
53,97.2,21.18,1011.6,4.19,4.1 20:37:07 04/07/20
64,97.2,21.18,1011.66,4.37,4.09 20:42:26 04/07/20
47,97.0,21.185001,1011.52,4.21,4.08 20:47:46 04/07/20
43,97.3,21.185001,1011.62,3.94,4.08 20:53:02 04/07/20
59,97.6,21.18,1011.75,4.21,4.08 20:58:14 04/07/20
45,98.4,21.17,1011.7,4.14,4.07 21:03:31 04/07/20
46,98.4,21.11,1011.56,4.15,4.07 21:08:46 04/07/20
25,98.1,21.105,1011.48,3.91,4.06 21:14:01 04/07/20
40,98.7,21.08,1011.59,3.89,4.06 21:19:15 04/07/20
31,98.4,21.02,1011.58,3.55,4.05 21:24:32 04/07/20
30,98.9,21.009998,1011.65,3.55,4.06 21:29:47 04/07/20
33,99.2,20.994999,1011.61,3.63,4.05 21:35:01 04/07/20
39,99.8,20.994999,1011.59,3.56,4.05 21:40:16 04/07/20
27,99.9,20.93,1011.6,2.7,4.05 21:45:30 04/07/20
23,99.9,20.915,1011.61,2.3,4.04 21:50:46 04/07/20
15,99.9,20.880001,1011.57,2.11,4.04 21:56:01 04/07/20
21,99.9,20.805,1011.73,2.08,4.04 22:01:17 04/07/20
16,99.9,20.79,1011.7,1.62,4.04 22:06:31 04/07/20
12,99.9,20.7,1011.68,1.28,4.03 22:11:47 04/07/20
9,99.9,20.555,1011.68,1.1,4.03 22:17:02 04/07/20
7,99.9,20.529999,1011.7,0.64,4.03 22:22:18 04/07/20
7,99.9,20.529999,1011.61,0.64,4.03 22:27:32 04/07/20
5,99.9,20.515,1011.59,0.28,4.03 22:32:47 04/07/20
3,99.9,20.505,1011.58,0.1,4.02 22:38:01 04/07/20
3,99.9,20.494999,1011.57,0.05,4.02 22:43:16 04/07/20
2,99.9,20.474998,1011.53,0.02,4.02 22:48:31 04/07/20
0,99.9,20.405,1011.56,0.01,4.02 22:53:46 04/07/20
0,99.9,20.41,1011.52,0.0,4.02 22:59:01 04/07/20
0,99.9,20.395,1011.49,0.0,4.01 23:04:16 04/07/20
0,99.9,20.39,1011.5,0.0,4.02 23:09:31 04/07/20
0,99.9,20.39,1011.41,0.0,4.01 23:14:44 04/07/20
0,99.9,20.32,1011.47,0.0,4.01 23:20:01 04/07/20
0,99.9,20.335,1011.41,0.0,4.01 23:25:17 04/07/20
0,99.9,20.385,1011.4,0.0,3.98 23:30:32 04/07/20
0,99.9,20.33,1011.43,0.0,4.01 23:35:47 04/07/20
0,99.9,20.400002,1011.43,0.0,4.01 23:41:01 04/07/20
0,99.9,20.400002,1011.38,0.0,4.01 23:46:16 04/07/20
0,99.9,20.39,1011.33,0.0,4.0 23:51:35 04/07/20
0,99.9,20.400002,1011.23,0.0,4.0 23:56:54 04/07/20
