0,99.9,20.405,1011.3,0.0,4.0 00:02:07 05/07/20
0,99.9,20.395,1011.25,0.0,4.0 00:07:24 05/07/20
0,99.9,20.405,1011.15,0.0,4.0 00:12:39 05/07/20
0,99.9,20.400002,1011.13,0.0,4.0 00:17:54 05/07/20
0,99.9,20.395,1011.15,0.0,3.99 00:23:13 05/07/20
0,99.9,20.405,1011.08,0.0,4.0 00:28:31 05/07/20
0,99.9,20.41,1011.08,0.0,4.0 00:33:48 05/07/20
0,99.9,20.400002,1011.09,0.0,3.99 00:39:02 05/07/20
0,99.9,20.415,1011.06,0.0,3.99 00:44:21 05/07/20
0,99.9,20.474998,1011.07,0.0,3.99 00:49:42 05/07/20
0,99.9,20.474998,1010.99,0.0,3.99 00:54:57 05/07/20
0,99.9,20.44,1011.07,0.0,3.99 01:00:12 05/07/20
0,99.9,20.485,1011.03,0.0,3.99 01:05:27 05/07/20
0,99.9,20.494999,1011.02,0.0,3.99 01:10:42 05/07/20
0,99.9,20.49,1010.95,0.0,3.99 01:15:55 05/07/20
0,99.9,20.5,1010.99,0.0,3.98 01:21:11 05/07/20
0,99.9,20.509998,1011.02,0.0,3.98 01:26:26 05/07/20
1,99.9,20.515,1011.16,0.0,3.98 01:31:39 05/07/20
3,99.9,20.509998,1011.3,0.0,3.98 01:36:56 05/07/20
2,99.9,20.43,1011.24,0.0,3.98 01:42:11 05/07/20
2,99.9,20.345001,1011.3,0.0,3.96 01:47:26 05/07/20
2,99.9,20.32,1011.28,0.0,3.98 01:52:41 05/07/20
2,99.9,20.235,1011.3,0.0,3.98 01:57:54 05/07/20
2,99.9,20.145,1011.17,0.0,3.98 02:03:11 05/07/20
2,99.9,20.06,1011.17,0.0,3.98 02:08:25 05/07/20
2,99.9,20.035,1011.19,0.0,3.98 02:13:41 05/07/20
1,99.9,20.015,1011.17,0.0,3.97 02:18:55 05/07/20
1,99.9,20.005,1011.22,0.0,3.97 02:24:14 05/07/20
2,99.9,19.935001,1011.11,0.0,3.97 02:29:34 05/07/20
2,99.9,19.905,1010.93,0.0,3.97 02:34:52 05/07/20
2,99.9,19.845001,1010.98,0.0,3.97 02:40:13 05/07/20
3,99.9,19.835,1010.88,0.0,3.97 02:45:27 05/07/20
3,99.9,19.82,1010.9,0.0,3.97 02:50:40 05/07/20
3,99.9,19.744999,1010.8,0.0,3.96 02:56:00 05/07/20
3,99.9,19.665,1010.81,0.0,3.96 03:01:20 05/07/20
3,99.9,19.630001,1010.74,0.0,3.96 03:06:39 05/07/20
3,99.9,19.619999,1010.71,0.0,3.96 03:11:58 05/07/20
4,99.9,19.54,1010.67,0.0,3.96 03:17:16 05/07/20
4,99.9,19.54,1010.68,0.0,3.96 03:22:28 05/07/20
2,99.9,19.5,1010.68,0.0,3.96 03:27:46 05/07/20
4,99.9,19.44,1010.69,0.0,3.96 03:33:06 05/07/20
4,99.9,19.42,1010.66,0.0,3.96 03:38:21 05/07/20
5,99.9,19.355,1010.48,0.0,3.96 03:43:39 05/07/20
5,99.9,19.34,1010.47,0.0,3.96 03:48:59 05/07/20
5,99.9,19.315,1010.47,0.0,3.96 03:54:18 05/07/20
5,99.9,19.244999,1010.45,0.0,3.96 03:59:38 05/07/20
5,99.9,19.25,1010.41,0.0,3.94 04:04:52 05/07/20
6,99.9,19.295,1010.42,0.0,3.96 04:10:10 05/07/20
6,99.9,19.225,1010.58,0.0,3.96 04:15:30 05/07/20
6,99.9,19.130001,1010.49,0.0,3.96 04:20:45 05/07/20
6,99.9,19.119999,1010.4,0.0,3.96 04:25:59 05/07/20
6,99.9,19.119999,1010.45,0.0,3.95 04:31:14 05/07/20
6,99.9,19.05,1010.45,0.01,3.96 04:36:27 05/07/20
6,99.9,19.015,1010.47,0.02,3.96 04:41:42 05/07/20
7,99.9,18.955,1010.38,0.04,3.95 04:46:58 05/07/20
8,99.9,18.955,1010.32,0.11,3.95 04:52:14 05/07/20
10,99.9,19.005,1010.31,0.31,3.95 04:57:28 05/07/20
10,99.9,18.935001,1010.08,0.5,3.95 05:02:43 05/07/20
7,99.9,18.92,1010.13,0.83,3.95 05:07:57 05/07/20
11,99.9,18.895,1010.13,1.35,3.95 05:13:13 05/07/20
13,99.9,18.900002,1010.12,1.67,3.95 05:18:27 05/07/20
15,99.9,18.845001,1010.2,1.93,3.95 05:23:41 05/07/20
20,99.9,18.91,1010.15,2.4,3.95 05:28:56 05/07/20
24,99.9,18.89,1010.17,2.65,3.95 05:34:11 05/07/20
29,99.9,18.905,1010.15,2.94,3.94 05:39:26 05/07/20
34,99.9,18.900002,1010.26,3.21,3.94 05:44:40 05/07/20
40,99.9,18.895,1010.23,3.69,3.94 05:49:56 05/07/20
45,99.9,18.84,1010.15,3.77,3.94 05:55:10 05/07/20
50,99.9,18.900002,1010.12,4.04,3.94 06:00:26 05/07/20
58,99.9,18.900002,1010.13,4.03,3.94 06:05:39 05/07/20
67,99.9,18.905,1010.18,4.12,3.94 06:10:54 05/07/20
68,99.9,18.905,1010.18,4.18,3.94 06:16:09 05/07/20
80,99.9,18.905,1010.21,4.35,3.94 06:21:23 05/07/20
84,99.9,18.905,1010.2,4.5,3.94 06:26:39 05/07/20
87,99.9,18.905,1010.16,4.68,3.94 06:31:51 05/07/20
119,99.9,18.92,1010.06,5.0,3.94 06:37:07 05/07/20
108,99.9,18.98,1010.12,4.56,3.94 06:42:22 05/07/20
113,99.9,18.985,1010.11,4.54,3.94 06:47:38 05/07/20
112,99.9,18.98,1010.12,4.71,3.94 06:52:52 05/07/20
130,99.9,19.02,1010.27,4.01,3.95 06:58:07 05/07/20
135,99.9,19.075,1010.17,4.1,3.95 07:03:21 05/07/20
142,99.9,19.11,1010.31,4.77,3.95 07:08:36 05/07/20
130,99.9,19.125,1010.12,4.07,3.95 07:13:51 05/07/20
134,99.9,19.189999,1010.22,5.0,3.95 07:19:06 05/07/20
130,99.9,19.205,1010.24,4.61,3.95 07:24:20 05/07/20
135,99.9,19.220001,1010.29,4.79,3.95 07:29:36 05/07/20
150,99.9,19.285,1010.27,4.35,3.95 07:34:50 05/07/20
139,99.9,19.305,1010.17,4.2,3.96 07:40:08 05/07/20
157,99.9,19.380001,1010.24,5.0,3.96 07:45:28 05/07/20
152,99.9,19.37,1010.16,4.03,3.96 07:50:43 05/07/20
158,99.9,19.400002,1010.34,5.0,3.96 07:55:57 05/07/20
193,99.9,19.41,1010.33,4.54,3.97 08:01:12 05/07/20
165,99.9,19.48,1010.41,5.0,3.97 08:06:32 05/07/20
155,99.9,19.5,1010.32,4.07,3.96 08:11:50 05/07/20
168,99.9,19.509998,1010.29,5.0,3.97 08:17:05 05/07/20
189,99.9,19.58,1010.34,4.11,3.97 08:22:21 05/07/20
166,99.9,19.58,1010.47,4.28,3.97 08:27:35 05/07/20
212,99.9,19.599998,1010.4,4.1,3.99 08:32:50 05/07/20
229,99.9,19.619999,1010.41,5.0,4.0 08:38:08 05/07/20
223,99.9,19.689999,1010.35,5.0,4.01 08:43:28 05/07/20
252,99.9,19.775002,1010.37,4.17,4.03 08:48:41 05/07/20
250,99.9,19.805,1010.23,4.25,4.03 08:53:58 05/07/20
374,99.9,19.95,1010.25,4.37,4.18 08:59:16 05/07/20
278,99.9,20.064999,1010.14,4.17,4.08 09:04:37 05/07/20
248,99.9,20.165,1010.3,4.16,4.08 09:09:51 05/07/20
228,99.9,20.255001,1010.21,4.59,4.08 09:15:06 05/07/20
219,99.9,20.2,1010.32,4.6,4.07 09:20:21 05/07/20
193,99.9,20.189999,1010.3,4.16,4.06 09:25:36 05/07/20
223,99.9,20.195,1010.4,4.67,4.08 09:30:51 05/07/20
248,99.9,20.2,1010.33,4.25,4.1 09:36:09 05/07/20
241,99.9,20.255001,1010.29,4.21,4.11 09:41:30 05/07/20
240,99.9,20.285,1010.29,4.23,4.14 09:46:45 05/07/20
237,99.9,20.305,1010.29,4.81,4.16 09:51:59 05/07/20
231,99.9,20.365002,1010.32,5.0,4.13 09:57:14 05/07/20
246,99.9,20.385,1010.29,4.26,4.15 10:02:29 05/07/20
242,99.9,20.39,1010.38,4.25,4.16 10:07:44 05/07/20
245,99.9,20.385,1010.38,4.25,4.15 10:12:59 05/07/20
253,99.9,20.46,1010.27,4.3,4.15 10:18:14 05/07/20
252,99.9,20.474998,1010.33,4.21,4.12 10:23:29 05/07/20
263,99.9,20.525,1010.21,5.0,4.12 10:28:44 05/07/20
234,99.9,20.555,1010.21,5.0,4.12 10:33:58 05/07/20
219,99.9,20.625,1010.25,5.0,4.11 10:39:17 05/07/20
211,99.9,20.66,1010.27,5.0,4.13 10:44:36 05/07/20
193,99.9,20.66,1010.34,5.0,4.17 10:49:53 05/07/20
192,99.9,20.665,1010.4,5.0,4.14 10:55:08 05/07/20
196,99.9,20.65,1010.35,5.0,4.12 11:00:22 05/07/20
215,99.9,20.59,1010.49,5.0,4.14 11:05:37 05/07/20
226,99.9,20.635,1010.42,5.0,4.12 11:10:53 05/07/20
217,99.9,20.595001,1010.46,5.0,4.13 11:16:08 05/07/20
197,99.9,20.595001,1010.52,5.0,4.12 11:21:23 05/07/20
216,99.9,20.599998,1010.54,5.0,4.14 11:26:36 05/07/20
258,99.9,20.564999,1010.49,5.0,4.11 11:31:53 05/07/20
239,99.9,20.595001,1010.57,5.0,4.13 11:37:08 05/07/20
232,99.9,20.595001,1010.58,5.0,4.13 11:42:23 05/07/20
252,99.9,20.585,1010.4,5.0,4.13 11:47:36 05/07/20
281,99.9,20.599998,1010.47,5.0,4.13 11:52:53 05/07/20
285,99.9,20.605,1010.4,5.0,4.14 11:58:08 05/07/20
264,99.9,20.675,1010.47,5.0,4.13 12:03:23 05/07/20
238,99.9,20.535,1010.55,5.0,4.16 12:08:38 05/07/20
279,99.9,20.515,1010.55,5.0,4.12 12:13:53 05/07/20
300,99.9,20.44,1010.65,4.32,4.17 12:19:10 05/07/20
283,99.9,20.425,1010.52,5.0,4.12 12:24:30 05/07/20
278,99.9,20.41,1010.57,4.25,4.15 12:29:46 05/07/20
261,99.9,20.405,1010.63,4.33,4.11 12:34:59 05/07/20
250,99.9,20.35,1010.67,5.0,4.12 12:40:15 05/07/20
251,99.9,20.41,1010.69,5.0,4.12 12:45:30 05/07/20
248,99.9,20.405,1010.69,5.0,4.13 12:50:45 05/07/20
286,99.9,20.33,1010.61,5.0,4.13 12:56:00 05/07/20
284,99.9,20.345001,1010.66,5.0,4.13 13:01:15 05/07/20
323,99.9,20.35,1010.65,5.0,4.13 13:06:31 05/07/20
315,99.9,20.425,1010.71,5.0,4.12 13:11:44 05/07/20
358,99.9,20.425,1010.67,5.0,4.13 13:16:59 05/07/20
325,99.9,20.505,1010.68,5.0,4.12 13:22:15 05/07/20
360,99.9,20.615,1010.79,5.0,4.13 13:27:28 05/07/20
322,99.9,20.65,1010.67,5.0,4.14 13:32:43 05/07/20
383,99.9,20.619999,1010.64,5.0,4.12 13:38:03 05/07/20
384,99.9,20.720001,1010.59,5.0,4.14 13:43:15 05/07/20
317,99.9,20.895,1010.58,5.0,4.14 13:48:35 05/07/20
281,99.9,20.91,1010.54,5.0,4.11 13:53:53 05/07/20
387,99.9,20.92,1010.62,5.0,4.11 13:59:09 05/07/20
373,99.9,20.985,1010.48,5.0,4.14 14:04:27 05/07/20
338,99.9,21.11,1010.44,5.0,4.14 14:09:47 05/07/20
351,99.9,21.27,1010.37,5.0,4.12 14:15:06 05/07/20
348,99.9,21.36,1010.41,5.0,4.21 14:20:26 05/07/20
346,99.9,21.365002,1010.53,5.0,4.12 14:25:41 05/07/20
345,99.9,21.385,1010.41,5.0,4.21 14:30:57 05/07/20
285,99.9,21.400002,1010.39,4.24,4.15 14:36:18 05/07/20
277,99.9,21.474998,1010.36,4.23,4.15 14:41:35 05/07/20
305,99.9,21.474998,1010.37,5.0,4.13 14:46:50 05/07/20
298,99.9,21.465,1010.43,5.0,4.12 14:52:06 05/07/20
381,99.9,21.48,1010.41,5.0,4.13 14:57:20 05/07/20
298,99.9,21.735,1010.33,5.0,4.12 15:02:35 05/07/20
339,99.9,21.74,1010.41,5.0,4.13 15:07:51 05/07/20
301,99.9,21.76,1010.47,5.0,4.13 15:13:06 05/07/20
376,99.9,21.744999,1010.46,5.0,4.12 15:18:21 05/07/20
457,99.9,21.915,1010.38,5.0,4.13 15:23:35 05/07/20
393,99.9,22.1,1010.56,5.0,4.12 15:28:49 05/07/20
276,99.7,22.055,1010.45,5.0,4.14 15:34:07 05/07/20
316,99.5,22.045,1010.49,5.0,4.12 15:39:22 05/07/20
313,98.7,22.04,1010.6,5.0,4.14 15:44:37 05/07/20
317,98.3,22.025,1010.55,5.0,4.12 15:49:52 05/07/20
455,98.7,21.974998,1010.54,5.0,4.14 15:55:07 05/07/20
283,98.6,22.045,1010.52,5.0,4.12 16:00:26 05/07/20
264,98.2,22.11,1010.43,5.0,4.15 16:05:46 05/07/20
287,98.8,22.115,1010.42,5.0,4.12 16:11:02 05/07/20
263,98.3,22.06,1010.32,4.4,4.19 16:16:17 05/07/20
213,99.3,22.14,1010.4,5.0,4.12 16:21:33 05/07/20
268,99.2,22.16,1010.46,4.25,4.19 16:26:47 05/07/20
288,98.0,22.135,1010.46,5.0,4.12 16:32:06 05/07/20
314,97.4,22.125,1010.33,4.26,4.16 16:37:26 05/07/20
416,98.6,22.325,1010.13,5.0,4.13 16:42:41 05/07/20
371,98.3,22.76,1010.18,5.0,4.13 16:47:55 05/07/20
344,95.7,22.89,1010.16,5.0,4.12 16:53:10 05/07/20
422,94.5,23.005001,1010.15,5.0,4.13 16:58:31 05/07/20
243,93.0,23.08,1010.07,5.0,4.12 17:03:52 05/07/20
412,93.4,23.015,1010.24,5.0,4.13 17:09:07 05/07/20
409,92.6,23.175,1010.08,5.0,4.13 17:14:22 05/07/20
401,90.9,23.195,1009.96,5.0,4.12 17:19:38 05/07/20
395,87.3,23.195,1009.85,5.0,4.13 17:24:53 05/07/20
397,87.3,23.18,1009.76,5.0,4.12 17:30:12 05/07/20
394,88.0,23.265,1009.91,5.0,4.13 17:35:34 05/07/20
411,87.4,23.28,1009.92,5.0,4.12 17:40:47 05/07/20
393,85.2,23.265,1009.85,5.0,4.14 17:46:02 05/07/20
397,85.3,23.19,1009.82,5.0,4.12 17:51:19 05/07/20
394,86.2,23.175,1009.84,5.0,4.13 17:56:34 05/07/20
389,85.9,23.125,1009.84,5.0,4.14 18:01:50 05/07/20
352,85.5,23.09,1009.78,5.0,4.12 18:07:06 05/07/20
386,86.2,23.08,1009.72,5.0,4.15 18:12:21 05/07/20
398,86.7,23.005001,1009.72,5.0,4.12 18:17:36 05/07/20
226,86.8,23.055,1009.71,4.25,4.16 18:22:51 05/07/20
272,86.6,22.895,1009.68,5.0,4.12 18:28:07 05/07/20
372,86.1,22.884998,1009.67,4.35,4.19 18:33:23 05/07/20
376,83.1,22.79,1009.7,5.0,4.12 18:38:37 05/07/20
366,84.8,22.8,1009.54,4.23,4.13 18:43:59 05/07/20
357,85.6,22.825,1009.65,4.23,4.13 18:49:17 05/07/20
359,84.4,22.715,1009.65,5.0,4.13 18:54:33 05/07/20
361,83.6,22.545,1009.65,5.0,4.14 18:59:46 05/07/20
355,84.3,22.5,1009.65,5.0,4.12 19:05:03 05/07/20
261,84.2,22.43,1009.64,5.0,4.12 19:10:23 05/07/20
237,83.6,22.395,1009.69,5.0,4.13 19:15:42 05/07/20
235,85.1,22.310001,1009.67,5.0,4.12 19:20:57 05/07/20
293,84.5,22.24,1009.6,5.0,4.13 19:26:13 05/07/20
336,85.2,22.145,1009.48,5.0,4.13 19:31:28 05/07/20
328,83.5,22.035,1009.54,5.0,4.12 19:36:44 05/07/20
253,83.8,21.955,1009.56,5.0,4.14 19:41:58 05/07/20
203,84.2,21.939999,1009.54,5.0,4.12 19:47:13 05/07/20
190,84.9,21.939999,1009.5,4.22,4.16 19:52:27 05/07/20
170,83.3,21.865002,1009.54,5.0,4.13 19:57:44 05/07/20
151,82.2,21.735,1009.54,5.0,4.12 20:02:58 05/07/20
146,81.1,21.545,1009.58,5.0,4.14 20:08:14 05/07/20
144,82.6,21.445,1009.52,5.0,4.15 20:13:28 05/07/20
138,82.7,21.365002,1009.74,4.21,4.16 20:18:48 05/07/20
133,82.7,21.17,1009.71,5.0,4.16 20:24:08 05/07/20
127,83.4,21.06,1009.63,5.0,4.15 20:29:22 05/07/20
124,83.6,20.95,1009.75,5.0,4.13 20:34:37 05/07/20
122,81.6,20.744999,1009.79,4.2,4.13 20:39:53 05/07/20
110,83.5,20.585,1009.81,4.2,4.12 20:45:08 05/07/20
97,83.5,20.47,1009.8,4.91,4.11 20:50:23 05/07/20
94,83.4,20.305,1009.91,4.91,4.07 20:55:38 05/07/20
87,83.4,20.119999,1009.96,4.65,4.1 21:00:53 05/07/20
87,83.9,20.009998,1010.02,4.26,4.1 21:06:08 05/07/20
95,81.3,19.795,1010.01,4.17,4.1 21:11:24 05/07/20
95,81.0,19.525,1010.1,4.38,4.09 21:16:37 05/07/20
93,80.8,19.33,1010.07,4.92,4.09 21:21:53 05/07/20
86,80.5,19.225,1010.18,4.52,4.08 21:27:12 05/07/20
79,80.0,19.09,1010.15,4.41,4.07 21:32:36 05/07/20
70,81.0,19.005,1010.26,4.32,4.07 21:37:54 05/07/20
61,80.4,18.89,1010.29,4.17,4.06 21:43:14 05/07/20
50,80.3,18.8,1010.37,4.17,4.06 21:48:32 05/07/20
44,80.8,18.695,1010.43,4.03,4.06 21:53:48 05/07/20
36,79.3,18.575,1010.65,3.76,4.05 21:59:02 05/07/20
28,79.1,18.494999,1010.68,3.52,4.05 22:04:15 05/07/20
21,79.4,18.380001,1010.73,2.99,4.05 22:09:32 05/07/20
13,80.2,18.365002,1010.75,2.12,4.04 22:14:44 05/07/20
7,80.3,18.285,1010.74,1.48,4.04 22:19:58 05/07/20
4,80.4,18.195,1010.75,0.91,4.04 22:25:15 05/07/20
2,79.8,18.105,1010.84,0.52,4.04 22:30:30 05/07/20
0,80.3,18.015,1011.02,0.27,4.03 22:35:44 05/07/20
0,80.5,17.925,1010.94,0.14,4.03 22:40:57 05/07/20
0,80.6,17.825,1010.92,0.07,4.03 22:46:13 05/07/20
0,80.6,17.795,1010.99,0.03,4.03 22:51:28 05/07/20
0,79.8,17.67,1011.01,0.01,3.99 22:56:48 05/07/20
0,80.6,17.595001,1011.04,0.0,3.99 23:02:06 05/07/20
0,80.8,17.564999,1010.98,0.0,4.02 23:07:19 05/07/20
0,81.0,17.465,1010.95,0.0,4.02 23:12:38 05/07/20
0,81.2,17.375,1011.03,0.0,4.02 23:17:59 05/07/20
0,80.2,17.185001,1010.95,0.0,4.02 23:23:12 05/07/20
0,80.1,17.029999,1010.95,0.0,4.01 23:28:30 05/07/20
0,80.4,16.900002,1010.92,0.0,4.01 23:33:53 05/07/20
0,80.5,16.82,1011.11,0.0,4.01 23:39:16 05/07/20
0,80.8,16.8,1011.07,0.0,4.01 23:44:36 05/07/20
0,81.3,16.71,1011.18,0.0,4.01 23:49:50 05/07/20
0,81.3,16.695,1011.12,0.0,4.0 23:55:04 05/07/20
