0,81.9,16.615,1011.2,0.0,4.0 00:00:19 06/07/20
0,82.5,16.59,1011.22,0.0,4.0 00:05:34 06/07/20
0,82.8,16.5,1011.22,0.0,4.0 00:10:48 06/07/20
0,83.4,16.48,1011.19,0.0,4.0 00:16:02 06/07/20
0,83.3,16.485,1011.28,0.0,4.0 00:21:14 06/07/20
0,83.2,16.405,1011.26,0.0,4.0 00:26:34 06/07/20
0,83.6,16.315,1011.38,0.0,3.99 00:31:53 06/07/20
0,84.0,16.295,1011.45,0.0,3.99 00:37:08 06/07/20
0,84.7,16.145,1011.53,0.0,3.99 00:42:23 06/07/20
0,85.2,16.130001,1011.52,0.0,3.99 00:47:36 06/07/20
0,86.0,16.04,1011.51,0.0,3.99 00:52:51 06/07/20
0,86.4,16.01,1011.44,0.0,3.98 00:58:10 06/07/20
0,87.2,16.0,1011.55,0.0,3.99 01:03:28 06/07/20
0,87.3,15.995001,1011.56,0.0,3.99 01:08:40 06/07/20
0,88.0,15.91,1011.56,0.0,3.98 01:13:56 06/07/20
0,88.4,15.84,1011.6,0.0,3.96 01:19:11 06/07/20
0,88.7,15.870001,1011.64,0.0,3.98 01:24:26 06/07/20
0,89.4,15.79,1011.49,0.0,3.98 01:29:39 06/07/20
0,88.9,15.795,1011.59,0.0,3.98 01:34:55 06/07/20
0,90.1,15.7,1011.62,0.0,3.98 01:40:08 06/07/20
0,90.3,15.695,1011.7,0.0,3.98 01:45:23 06/07/20
0,90.2,15.685,1011.77,0.0,3.98 01:50:36 06/07/20
0,90.4,15.68,1011.79,0.0,3.98 01:55:54 06/07/20
0,90.7,15.62,1011.75,0.0,3.98 02:01:13 06/07/20
0,90.8,15.595,1011.74,0.0,3.97 02:06:29 06/07/20
0,90.7,15.535,1011.75,0.0,3.97 02:11:42 06/07/20
0,91.4,15.49,1011.77,0.0,3.97 02:16:57 06/07/20
0,91.2,15.434999,1011.81,0.0,3.97 02:22:10 06/07/20
0,91.4,15.414999,1011.79,0.0,3.97 02:27:25 06/07/20
0,91.7,15.405001,1011.79,0.0,3.97 02:32:37 06/07/20
0,92.3,15.31,1011.77,0.0,3.97 02:37:51 06/07/20
0,92.6,15.219999,1011.72,0.0,3.97 02:43:06 06/07/20
0,92.6,15.215,1011.77,0.0,3.97 02:48:21 06/07/20
0,92.2,15.2,1011.74,0.0,3.96 02:53:35 06/07/20
0,92.6,15.18,1011.76,0.0,3.96 02:58:50 06/07/20
0,93.0,15.115,1011.76,0.0,3.96 03:04:04 06/07/20
0,93.4,15.094999,1011.76,0.0,3.96 03:09:19 06/07/20
0,93.0,15.085,1011.83,0.0,3.96 03:14:30 06/07/20
0,93.4,15.01,1011.84,0.0,3.94 03:19:44 06/07/20
0,93.8,14.940001,1011.83,0.0,3.96 03:25:00 06/07/20
0,93.9,14.92,1011.8,0.0,3.96 03:30:20 06/07/20
0,93.8,14.905,1011.83,0.0,3.96 03:35:37 06/07/20
0,94.1,14.875,1011.75,0.0,3.96 03:40:51 06/07/20
0,94.4,14.805,1011.71,0.0,3.96 03:46:05 06/07/20
0,94.6,14.719999,1011.72,0.0,3.96 03:51:23 06/07/20
0,94.3,14.7,1011.69,0.0,3.96 03:56:46 06/07/20
0,95.2,14.625,1011.73,0.0,3.96 04:02:05 06/07/20
0,95.1,14.61,1011.68,0.0,3.96 04:07:19 06/07/20
0,95.3,14.58,1011.71,0.0,3.96 04:12:34 06/07/20
0,94.9,14.505,1011.76,0.0,3.95 04:17:48 06/07/20
0,95.0,14.485001,1011.74,0.0,3.95 04:23:01 06/07/20
0,95.4,14.41,1011.68,0.01,3.95 04:28:15 06/07/20
0,96.3,14.385,1011.8,0.02,3.95 04:33:29 06/07/20
0,96.1,14.325001,1011.77,0.05,3.95 04:38:43 06/07/20
0,95.5,14.3,1011.82,0.1,3.95 04:43:57 06/07/20
0,95.7,14.219999,1011.8,0.2,3.95 04:49:11 06/07/20
0,96.4,14.2,1011.85,0.39,3.95 04:54:25 06/07/20
2,95.6,14.165,1011.85,0.71,3.94 04:59:41 06/07/20
4,95.8,14.1,1011.85,1.19,3.95 05:04:54 06/07/20
8,95.8,14.075,1011.83,1.79,3.95 05:10:07 06/07/20
13,95.3,14.0,1011.89,2.45,3.94 05:15:22 06/07/20
19,95.8,13.97,1011.91,3.02,3.94 05:20:35 06/07/20
26,96.0,13.885,1011.88,3.5,3.9 05:25:50 06/07/20
33,96.0,13.860001,1011.99,3.88,3.94 05:31:04 06/07/20
42,95.6,13.84,1011.98,4.01,3.95 05:36:17 06/07/20
50,95.6,13.765,1012.05,4.19,3.94 05:41:31 06/07/20
59,97.1,13.76,1012.11,4.41,3.94 05:46:44 06/07/20
68,96.3,13.705,1012.16,4.12,3.94 05:51:58 06/07/20
78,96.5,13.695,1012.2,4.99,3.94 05:57:13 06/07/20
86,97.5,13.695,1012.21,5.0,3.94 06:02:27 06/07/20
95,97.4,13.695,1012.25,4.43,3.94 06:07:42 06/07/20
101,97.7,13.71,1012.29,5.0,3.94 06:12:55 06/07/20
110,98.8,13.719999,1012.28,4.67,3.95 06:18:09 06/07/20
109,98.5,13.725,1012.22,5.0,3.94 06:23:24 06/07/20
122,99.0,13.725,1012.29,5.0,3.95 06:28:38 06/07/20
122,98.4,13.785,1012.32,5.0,3.95 06:33:52 06/07/20
127,98.3,13.79,1012.22,5.0,3.95 06:39:06 06/07/20
134,98.8,13.8,1012.3,4.06,3.96 06:44:19 06/07/20
140,99.0,13.815001,1012.35,4.92,3.96 06:49:31 06/07/20
146,98.9,13.825001,1012.42,4.47,3.96 06:54:47 06/07/20
177,98.8,13.905,1012.52,4.04,3.97 07:00:01 06/07/20
217,98.1,13.975,1012.55,5.0,3.99 07:05:15 06/07/20
226,98.8,13.995,1012.56,4.1,4.0 07:10:29 06/07/20
234,98.5,14.02,1012.66,4.6,4.01 07:15:41 06/07/20
249,98.4,14.1,1012.66,5.0,4.02 07:20:57 06/07/20
247,98.8,14.184999,1012.69,4.48,4.03 07:26:11 06/07/20
253,98.6,14.205,1012.74,4.14,4.05 07:31:25 06/07/20
260,98.3,14.29,1012.71,4.16,4.06 07:36:39 06/07/20
265,97.7,14.389999,1012.8,5.0,4.08 07:41:51 06/07/20
275,97.8,14.42,1012.76,4.19,4.11 07:47:07 06/07/20
278,97.3,14.57,1012.87,4.23,4.15 07:52:22 06/07/20
285,97.0,14.67,1012.93,4.29,4.2 07:57:36 06/07/20
301,97.1,14.865,1012.94,5.0,4.13 08:02:49 06/07/20
297,96.4,15.035,1012.99,4.27,4.17 08:08:01 06/07/20
302,96.3,15.155001,1012.97,4.32,4.18 08:13:17 06/07/20
316,96.0,15.4,1013.08,4.29,4.19 08:18:31 06/07/20
211,94.9,15.53,1013.14,4.23,4.14 08:23:46 06/07/20
315,95.0,15.59,1013.18,5.0,4.11 08:29:01 06/07/20
325,94.9,15.755,1013.21,5.0,4.14 08:34:14 06/07/20
211,94.7,15.889999,1013.19,5.0,4.13 08:39:29 06/07/20
332,94.8,16.03,1013.23,5.0,4.21 08:44:41 06/07/20
267,94.6,16.115,1013.28,5.0,4.14 08:49:58 06/07/20
363,94.7,16.225,1013.43,5.0,4.21 08:55:10 06/07/20
251,93.8,16.225,1013.45,4.26,4.18 09:00:24 06/07/20
369,94.3,16.255001,1013.52,5.0,4.11 09:05:41 06/07/20
304,94.4,16.275002,1013.53,4.29,4.16 09:10:53 06/07/20
283,93.7,16.355,1013.52,5.0,4.12 09:16:09 06/07/20
295,93.5,16.365,1013.59,5.0,4.12 09:21:24 06/07/20
376,93.8,16.455,1013.53,5.0,4.12 09:26:37 06/07/20
318,94.0,16.615,1013.61,5.0,4.11 09:31:52 06/07/20
335,93.8,16.75,1013.7,5.0,4.12 09:37:06 06/07/20
306,92.7,16.92,1013.7,5.0,4.12 09:42:19 06/07/20
281,92.4,16.885,1013.76,5.0,4.12 09:47:36 06/07/20
331,92.4,16.835,1013.79,5.0,4.11 09:52:51 06/07/20
292,92.2,16.855,1013.91,5.0,4.13 09:58:04 06/07/20
305,91.9,16.775002,1013.83,5.0,4.13 10:03:17 06/07/20
323,92.3,16.77,1013.94,5.0,4.12 10:08:33 06/07/20
368,92.6,16.845001,1013.95,5.0,4.13 10:13:47 06/07/20
391,93.0,16.935,1013.97,5.0,4.11 10:19:05 06/07/20
385,92.3,17.119999,1013.86,5.0,4.13 10:24:28 06/07/20
373,91.4,17.315,1013.8,5.0,4.13 10:29:47 06/07/20
406,92.0,17.51,1013.88,5.0,4.11 10:35:03 06/07/20
369,91.6,17.79,1013.94,5.0,4.13 10:40:20 06/07/20
320,91.1,17.99,1014.01,5.0,4.11 10:45:38 06/07/20
242,90.8,18.025,1014.05,5.0,4.15 10:50:54 06/07/20
254,87.4,17.915,1014.06,5.0,4.14 10:56:09 06/07/20
265,88.0,17.66,1014.12,5.0,4.12 11:01:22 06/07/20
275,88.7,17.555,1014.21,4.45,4.2 11:06:37 06/07/20
300,89.8,17.555,1014.3,5.0,4.12 11:11:52 06/07/20
263,88.2,17.545,1014.28,4.4,4.14 11:17:08 06/07/20
349,87.9,17.55,1014.42,5.0,4.12 11:22:25 06/07/20
258,85.5,17.615,1014.44,5.0,4.12 11:27:49 06/07/20
289,87.1,17.564999,1014.47,5.0,4.11 11:33:06 06/07/20
314,90.7,17.715,1014.59,5.0,4.13 11:38:22 06/07/20
272,88.1,17.810001,1014.66,5.0,4.13 11:43:37 06/07/20
424,86.5,17.825,1014.51,5.0,4.11 11:48:50 06/07/20
435,88.5,18.19,1014.53,5.0,4.12 11:54:07 06/07/20
376,83.3,18.48,1014.78,5.0,4.12 11:59:19 06/07/20
234,85.3,18.529999,1015.09,5.0,4.13 12:04:35 06/07/20
220,83.8,18.305,1015.04,5.0,4.12 12:09:50 06/07/20
257,85.6,17.965,1015.11,5.0,4.1 12:15:08 06/07/20
209,87.5,17.619999,1015.15,5.0,4.12 12:20:26 06/07/20
218,90.3,17.39,1015.31,5.0,4.14 12:25:42 06/07/20
320,91.0,17.11,1015.34,5.0,4.11 12:31:01 06/07/20
279,92.6,16.89,1015.49,5.0,4.13 12:36:18 06/07/20
349,92.7,16.79,1015.44,5.0,4.13 12:41:35 06/07/20
367,93.7,16.785,1015.44,5.0,4.12 12:46:48 06/07/20
436,94.9,16.96,1015.5,5.0,4.13 12:52:03 06/07/20
438,95.4,17.26,1015.56,5.0,4.12 12:57:17 06/07/20
423,96.6,17.630001,1015.54,5.0,4.14 13:02:32 06/07/20
424,95.1,18.075,1015.48,5.0,4.14 13:07:46 06/07/20
432,93.8,18.32,1015.49,5.0,4.12 13:13:02 06/07/20
423,94.0,18.545,1015.53,5.0,4.21 13:18:16 06/07/20
310,92.3,18.8,1015.52,4.3,4.18 13:23:29 06/07/20
276,91.7,18.86,1015.56,5.0,4.13 13:28:45 06/07/20
423,92.7,18.865002,1015.59,5.0,4.13 13:34:00 06/07/20
432,92.2,19.14,1015.51,5.0,4.13 13:39:15 06/07/20
236,91.5,19.404999,1015.63,5.0,4.13 13:44:29 06/07/20
239,86.5,19.16,1015.64,5.0,4.12 13:49:44 06/07/20
423,88.3,19.115,1015.7,5.0,4.13 13:54:58 06/07/20
421,84.6,19.235,1015.71,5.0,4.12 14:00:14 06/07/20
420,81.9,19.49,1015.62,5.0,4.13 14:05:30 06/07/20
423,81.3,19.84,1015.69,5.0,4.13 14:10:43 06/07/20
432,79.2,19.904999,1015.71,5.0,4.12 14:15:58 06/07/20
419,75.1,20.08,1015.9,5.0,4.14 14:21:11 06/07/20
418,75.2,20.255001,1015.86,5.0,4.12 14:26:28 06/07/20
418,76.5,20.285,1015.82,5.0,4.13 14:31:43 06/07/20
418,73.0,20.525,1015.78,5.0,4.14 14:36:56 06/07/20
419,70.7,20.635,1015.91,5.0,4.12 14:42:13 06/07/20
421,69.0,20.665,1015.8,5.0,4.14 14:47:28 06/07/20
188,58.7,20.474998,1018.4,5.0,3.96 19:32:01 06/07/20
193,61.2,19.985,1018.4,5.0,3.98 19:37:16 06/07/20
199,62.8,19.6,1018.48,4.1,3.97 19:42:31 06/07/20
182,64.8,19.36,1018.47,4.07,3.99 19:47:49 06/07/20
172,65.0,19.265,1018.55,4.72,3.99 19:53:09 06/07/20
180,65.4,19.235,1018.63,4.12,3.99 19:58:24 06/07/20
185,66.0,19.225,1018.69,4.39,4.0 20:03:42 06/07/20
185,66.8,19.15,1018.79,4.13,3.99 20:09:03 06/07/20
184,66.9,19.08,1018.78,4.29,3.99 20:14:17 06/07/20
168,66.7,19.07,1018.85,4.25,4.0 20:19:33 06/07/20
185,67.8,19.135,1018.91,5.0,3.97 20:24:46 06/07/20
198,67.4,19.14,1019.0,4.1,4.01 20:30:01 06/07/20
148,67.9,19.085,1018.99,5.0,4.01 20:35:14 06/07/20
128,67.9,19.055,1019.1,4.07,4.0 20:40:31 06/07/20
119,67.3,18.955,1019.1,5.0,4.0 20:45:46 06/07/20
114,67.5,18.85,1019.13,4.7,3.99 20:51:00 06/07/20
124,67.9,18.66,1019.11,4.89,4.0 20:56:16 06/07/20
102,68.8,18.56,1019.13,5.0,3.99 21:01:30 06/07/20
90,68.1,18.47,1019.18,4.44,3.99 21:06:45 06/07/20
78,68.4,18.43,1019.25,4.38,3.99 21:11:59 06/07/20
70,69.1,18.35,1019.25,4.07,3.98 21:17:14 06/07/20
57,68.9,18.285,1019.35,4.39,3.98 21:22:28 06/07/20
43,69.1,18.27,1019.39,4.13,3.98 21:27:43 06/07/20
38,69.4,18.25,1019.47,4.08,3.98 21:32:56 06/07/20
29,69.4,18.235,1019.53,3.7,3.98 21:38:12 06/07/20
21,70.1,18.220001,1019.53,3.21,3.98 21:43:27 06/07/20
14,70.4,18.154999,1019.62,2.59,3.97 21:48:42 06/07/20
14,72.2,18.14,1019.67,2.37,3.97 21:54:00 06/07/20
15,74.8,18.055,1019.68,2.72,3.97 21:59:20 06/07/20
16,73.0,18.045,1019.67,2.59,3.97 22:04:34 06/07/20
13,72.8,17.965,1019.69,2.3,3.96 22:09:49 06/07/20
9,72.4,17.939999,1019.72,1.75,3.96 22:15:07 06/07/20
4,72.7,17.855,1019.72,1.11,3.96 22:20:25 06/07/20
1,72.9,17.765,1019.71,0.65,3.94 22:25:41 06/07/20
1,72.7,17.67,1019.74,0.42,3.96 22:30:56 06/07/20
0,73.4,17.64,1019.85,0.25,3.96 22:36:14 06/07/20
0,73.8,17.555,1019.86,0.13,3.96 22:41:38 06/07/20
0,72.5,17.465,1019.91,0.06,3.96 22:46:55 06/07/20
0,74.4,17.36,1019.96,0.03,3.96 22:52:11 06/07/20
0,75.1,17.265,1020.0,0.01,3.96 22:57:26 06/07/20
0,75.9,17.145,1019.99,0.0,3.96 23:02:40 06/07/20
0,76.1,17.045,1020.05,0.0,3.96 23:07:55 06/07/20
0,76.6,16.945,1020.09,0.0,3.96 23:13:09 06/07/20
0,77.1,16.8,1020.1,0.0,3.96 23:18:24 06/07/20
0,77.5,16.7,1020.17,0.0,3.96 23:23:38 06/07/20
0,77.3,16.58,1020.2,0.0,3.96 23:28:56 06/07/20
0,77.7,16.455,1020.18,0.0,3.96 23:34:16 06/07/20
0,78.9,16.355,1020.24,0.0,3.95 23:39:28 06/07/20
0,79.3,16.26,1020.26,0.0,3.95 23:44:42 06/07/20
0,80.2,16.165,1020.27,0.0,3.95 23:50:02 06/07/20
0,80.6,16.145,1020.37,0.0,3.95 23:55:20 06/07/20
