1,90.0,14.865,1025.21,0.0,4.01 00:00:13 12/07/20
1,90.2,14.71,1025.25,0.0,4.01 00:05:25 12/07/20
1,90.2,14.61,1025.29,0.0,4.01 00:10:39 12/07/20
1,89.9,14.565,1025.24,0.0,4.0 00:15:55 12/07/20
1,90.3,14.485001,1025.31,0.0,4.0 00:21:09 12/07/20
1,90.4,14.405,1025.3,0.0,4.0 00:26:23 12/07/20
1,90.8,14.365,1025.3,0.0,4.0 00:31:37 12/07/20
1,90.5,14.29,1025.34,0.0,4.0 00:36:50 12/07/20
1,91.0,14.25,1025.3,0.0,4.0 00:42:05 12/07/20
1,91.4,14.184999,1025.34,0.0,4.0 00:47:19 12/07/20
1,91.5,14.165,1025.31,0.0,3.99 00:52:31 12/07/20
2,91.4,14.09,1025.35,0.0,3.99 00:57:47 12/07/20
2,92.1,14.07,1025.41,0.0,3.99 01:03:00 12/07/20
1,91.9,14.005,1025.38,0.0,3.99 01:08:16 12/07/20
1,91.9,13.99,1025.37,0.0,3.99 01:13:27 12/07/20
2,91.8,13.985001,1025.34,0.0,3.99 01:18:41 12/07/20
2,92.8,13.985001,1025.4,0.0,3.99 01:23:57 12/07/20
2,92.5,13.995,1025.36,0.0,3.99 01:29:09 12/07/20
2,93.0,14.0,1025.33,0.0,3.99 01:34:23 12/07/20
2,92.4,14.02,1025.35,0.0,3.98 01:39:42 12/07/20
2,93.6,14.08,1025.31,0.0,3.98 01:45:02 12/07/20
2,93.9,14.08,1025.29,0.0,3.98 01:50:15 12/07/20
2,93.4,14.065,1025.34,0.0,3.98 01:55:29 12/07/20
2,94.1,14.049999,1025.27,0.0,3.98 02:00:43 12/07/20
2,93.8,13.985001,1025.33,0.0,3.98 02:05:57 12/07/20
2,93.3,13.905,1025.28,0.0,3.98 02:11:11 12/07/20
2,92.9,13.865,1025.25,0.0,3.98 02:16:28 12/07/20
2,93.5,13.785,1025.25,0.0,3.97 02:21:48 12/07/20
2,93.5,13.695,1025.27,0.0,3.97 02:27:01 12/07/20
2,94.0,13.67,1025.36,0.0,3.97 02:32:15 12/07/20
1,93.7,13.58,1025.37,0.0,3.93 02:37:30 12/07/20
2,94.6,13.495,1025.37,0.0,3.97 02:42:46 12/07/20
1,94.2,13.415,1025.36,0.0,3.96 02:48:03 12/07/20
1,93.6,13.375,1025.39,0.0,3.96 02:53:19 12/07/20
2,93.9,13.29,1025.38,0.0,3.96 02:58:41 12/07/20
1,94.8,13.265,1025.35,0.0,3.96 03:03:55 12/07/20
1,94.7,13.190001,1025.28,0.0,3.96 03:09:09 12/07/20
1,94.5,13.105,1025.24,0.0,3.96 03:14:24 12/07/20
1,93.7,13.07,1025.21,0.0,3.96 03:19:36 12/07/20
1,94.4,13.035,1025.14,0.0,3.96 03:24:50 12/07/20
1,95.2,12.91,1025.15,0.0,3.96 03:30:04 12/07/20
1,95.6,12.875,1025.16,0.0,3.96 03:35:18 12/07/20
0,94.8,12.8,1025.21,0.0,3.95 03:40:31 12/07/20
0,95.4,12.765,1025.13,0.0,3.96 03:45:45 12/07/20
0,95.3,12.74,1025.21,0.0,3.95 03:51:00 12/07/20
1,95.6,12.6,1025.2,0.0,3.95 03:56:13 12/07/20
0,95.1,12.565,1025.16,0.0,3.95 04:01:25 12/07/20
1,94.7,12.48,1025.21,0.0,3.96 04:06:40 12/07/20
0,95.4,12.395,1025.28,0.0,3.95 04:11:54 12/07/20
1,95.5,12.360001,1025.3,0.0,3.95 04:17:11 12/07/20
1,95.9,12.280001,1025.21,0.0,3.95 04:22:30 12/07/20
1,95.8,12.190001,1025.27,0.0,3.95 04:27:44 12/07/20
1,95.3,12.115,1025.29,0.01,3.95 04:32:57 12/07/20
2,95.5,12.075,1025.28,0.02,3.95 04:38:11 12/07/20
1,95.6,11.99,1025.34,0.05,3.95 04:43:25 12/07/20
1,95.5,11.905,1025.34,0.09,3.92 04:48:36 12/07/20
2,95.6,11.865,1025.37,0.19,3.95 04:53:52 12/07/20
3,96.1,11.780001,1025.39,0.38,3.94 04:59:05 12/07/20
5,96.4,11.755,1025.43,0.72,3.94 05:04:20 12/07/20
6,95.8,11.68,1025.4,1.23,3.94 05:09:32 12/07/20
10,96.1,11.594999,1025.47,1.81,3.94 05:14:46 12/07/20
15,95.8,11.565,1025.45,2.38,3.94 05:20:00 12/07/20
20,96.1,11.49,1025.51,2.94,3.94 05:25:13 12/07/20
28,95.7,11.46,1025.38,3.44,3.94 05:30:30 12/07/20
36,96.7,11.389999,1025.42,3.87,3.93 05:35:41 12/07/20
44,96.0,11.31,1025.5,4.05,3.93 05:40:53 12/07/20
53,96.3,11.285,1025.49,4.13,3.92 05:46:11 12/07/20
64,96.9,11.265,1025.43,4.5,3.94 05:51:30 12/07/20
74,96.8,11.195,1025.49,4.7,3.94 05:56:43 12/07/20
84,97.0,11.184999,1025.51,4.14,3.94 06:01:57 12/07/20
90,96.2,11.165,1025.53,4.38,3.93 06:07:10 12/07/20
98,96.9,11.105,1025.61,4.05,3.94 06:12:28 12/07/20
105,96.7,11.085,1025.58,4.09,3.94 06:17:44 12/07/20
117,97.1,11.07,1025.64,5.0,3.92 06:22:58 12/07/20
118,97.2,11.049999,1025.67,4.38,3.94 06:28:13 12/07/20
124,96.9,11.045,1025.73,5.0,3.94 06:33:25 12/07/20
133,97.1,10.995,1025.73,4.98,3.94 06:38:40 12/07/20
134,97.3,11.005,1025.77,5.0,3.94 06:43:53 12/07/20
142,97.5,11.059999,1025.81,5.0,3.86 06:49:07 12/07/20
143,97.7,11.08,1025.79,4.44,3.94 06:54:20 12/07/20
152,98.1,11.094999,1025.91,5.0,3.95 06:59:32 12/07/20
212,97.8,11.165,1025.92,5.0,3.98 07:04:47 12/07/20
230,98.8,11.190001,1025.96,5.0,4.01 07:10:01 12/07/20
246,98.1,11.280001,1025.92,5.0,4.05 07:15:13 12/07/20
250,98.6,11.395,1025.93,4.16,4.08 07:20:28 12/07/20
259,99.1,11.57,1026.01,4.3,4.12 07:25:42 12/07/20
252,99.9,11.765,1026.09,5.0,4.16 07:30:56 12/07/20
255,99.9,11.975,1026.17,4.25,4.17 07:36:09 12/07/20
258,99.9,12.275,1026.21,4.25,4.14 07:41:22 12/07/20
259,99.9,12.555,1026.28,4.25,4.17 07:46:37 12/07/20
267,99.9,12.85,1026.23,5.0,4.17 07:51:50 12/07/20
275,99.9,13.12,1026.27,4.48,4.21 07:57:04 12/07/20
285,99.9,13.35,1026.33,5.0,4.21 08:02:17 12/07/20
291,99.9,13.610001,1026.44,5.0,4.21 08:07:31 12/07/20
299,99.9,13.84,1026.46,5.0,4.21 08:12:44 12/07/20
300,99.9,14.190001,1026.57,5.0,4.21 08:17:59 12/07/20
304,99.9,14.469999,1026.63,5.0,4.21 08:23:13 12/07/20
307,99.9,14.835,1026.77,5.0,4.21 08:28:27 12/07/20
311,99.9,15.275,1026.72,5.0,4.21 08:33:41 12/07/20
317,99.9,15.709999,1026.81,5.0,4.21 08:38:54 12/07/20
319,99.9,16.025,1026.76,5.0,4.21 08:44:09 12/07/20
322,99.9,16.31,1026.68,5.0,4.21 08:49:23 12/07/20
324,99.6,16.51,1026.75,5.0,4.21 08:54:38 12/07/20
327,99.9,16.615,1026.86,5.0,4.21 08:59:52 12/07/20
331,99.9,16.645,1026.93,5.0,4.21 09:05:06 12/07/20
334,99.9,16.65,1026.94,5.0,4.21 09:10:20 12/07/20
337,98.8,16.64,1026.93,5.0,4.21 09:15:35 12/07/20
345,99.1,16.64,1026.98,5.0,4.21 09:20:49 12/07/20
346,99.5,16.715,1026.93,5.0,4.21 09:26:03 12/07/20
223,98.4,16.8,1026.89,4.29,4.15 09:31:18 12/07/20
356,98.9,16.895,1026.88,5.0,4.21 09:36:33 12/07/20
361,97.2,16.965,1026.97,5.0,4.22 09:41:46 12/07/20
367,97.1,17.060001,1026.97,5.0,4.21 09:47:01 12/07/20
266,97.8,17.105,1027.0,4.34,4.17 09:52:15 12/07/20
282,97.0,17.195,1027.0,5.0,4.2 09:57:30 12/07/20
379,96.7,17.349998,1026.95,5.0,4.21 10:02:44 12/07/20
374,98.1,17.55,1026.98,5.0,4.21 10:07:58 12/07/20
229,97.0,17.675,1026.94,4.54,4.17 10:13:13 12/07/20
375,96.4,17.695,1026.91,5.0,4.21 10:18:27 12/07/20
215,96.2,17.765,1026.94,5.0,4.1 10:23:42 12/07/20
381,96.6,17.765,1026.86,5.0,4.21 10:28:56 12/07/20
376,97.2,17.955,1026.82,5.0,4.2 10:34:14 12/07/20
376,96.4,18.16,1026.77,5.0,4.21 10:39:34 12/07/20
375,95.9,18.349998,1026.79,5.0,4.21 10:44:48 12/07/20
378,94.9,18.525,1026.77,5.0,4.21 10:50:01 12/07/20
380,94.5,18.66,1026.77,5.0,4.21 10:55:17 12/07/20
385,94.9,18.835,1026.77,5.0,4.21 11:00:31 12/07/20
388,93.6,18.96,1026.73,5.0,4.21 11:05:46 12/07/20
388,93.7,19.205,1026.76,5.0,4.21 11:10:59 12/07/20
389,92.7,19.345,1026.85,5.0,4.21 11:16:16 12/07/20
388,91.3,19.39,1026.79,5.0,4.21 11:21:31 12/07/20
394,92.6,19.625,1026.83,5.0,4.21 11:26:49 12/07/20
398,92.6,19.835,1026.79,5.0,4.21 11:32:07 12/07/20
399,93.3,20.08,1026.83,5.0,4.21 11:37:25 12/07/20
400,92.8,20.3,1026.79,5.0,4.21 11:42:37 12/07/20
403,92.2,20.435,1026.8,5.0,4.21 11:47:53 12/07/20
401,90.9,20.535,1026.8,5.0,4.21 11:53:08 12/07/20
405,90.9,20.695,1026.75,5.0,4.21 11:58:23 12/07/20
412,88.9,20.725,1026.66,5.0,4.21 12:03:39 12/07/20
302,86.3,20.83,1026.65,5.0,4.21 12:08:54 12/07/20
239,84.3,20.755001,1026.68,5.0,4.18 12:14:09 12/07/20
240,87.5,20.585,1026.73,4.27,4.18 12:19:24 12/07/20
403,89.5,20.635,1026.69,5.0,4.21 12:24:38 12/07/20
407,87.3,20.75,1026.66,5.0,4.21 12:29:51 12/07/20
407,78.2,20.925,1026.62,5.0,4.21 12:35:08 12/07/20
409,86.1,21.11,1026.71,5.0,4.21 12:40:23 12/07/20
412,87.0,21.240002,1026.71,5.0,4.22 12:45:36 12/07/20
273,84.6,21.41,1026.74,5.0,4.21 12:50:53 12/07/20
408,83.9,21.51,1026.66,5.0,4.21 12:56:09 12/07/20
408,83.9,21.68,1026.54,5.0,4.21 13:01:24 12/07/20
267,82.6,21.745,1026.68,4.33,4.19 13:06:36 12/07/20
408,84.9,21.73,1026.62,5.0,4.2 13:11:57 12/07/20
409,83.4,21.91,1026.47,5.0,4.21 13:17:18 12/07/20
409,81.5,22.24,1026.45,5.0,4.21 13:22:32 12/07/20
407,78.7,22.485,1026.55,5.0,4.21 13:27:47 12/07/20
408,78.9,22.619999,1026.38,5.0,4.21 13:33:03 12/07/20
409,83.5,22.865,1026.29,5.0,4.21 13:38:18 12/07/20
408,73.7,23.135,1026.26,5.0,4.21 13:43:33 12/07/20
416,76.0,23.345001,1026.18,5.0,4.21 13:48:48 12/07/20
417,75.7,23.565,1026.23,5.0,4.21 13:54:03 12/07/20
260,79.1,23.655,1026.22,4.28,4.18 13:59:19 12/07/20
409,74.1,23.435,1026.12,5.0,4.21 14:04:35 12/07/20
410,77.3,23.575,1026.05,5.0,4.21 14:09:50 12/07/20
413,74.4,23.759998,1026.05,5.0,4.21 14:15:06 12/07/20
411,77.5,23.89,1026.06,5.0,4.22 14:20:21 12/07/20
410,77.2,24.08,1026.06,5.0,4.21 14:25:37 12/07/20
414,77.5,24.265,1025.9,5.0,4.21 14:30:52 12/07/20
415,72.1,24.52,1025.91,5.0,4.21 14:36:08 12/07/20
409,73.0,24.645,1025.9,5.0,4.21 14:41:22 12/07/20
407,74.9,24.765,1025.83,5.0,4.21 14:46:38 12/07/20
409,75.6,24.865,1025.75,5.0,4.21 14:51:55 12/07/20
409,67.1,25.025002,1025.74,5.0,4.21 14:57:10 12/07/20
408,68.6,25.105,1025.82,5.0,4.21 15:02:25 12/07/20
410,73.0,25.150002,1025.8,5.0,4.21 15:07:42 12/07/20
407,72.4,25.24,1025.71,5.0,4.2 15:12:57 12/07/20
406,73.3,25.275,1025.66,5.0,4.21 15:18:13 12/07/20
408,67.2,25.355,1025.55,5.0,4.22 15:23:27 12/07/20
387,62.2,25.305,1025.63,5.0,4.21 15:28:43 12/07/20
293,65.6,25.21,1025.61,5.0,4.21 15:34:00 12/07/20
403,67.4,25.015,1025.5,5.0,4.21 15:39:17 12/07/20
401,66.1,25.085,1025.52,5.0,4.21 15:44:32 12/07/20
397,68.3,25.18,1025.52,5.0,4.21 15:49:48 12/07/20
401,62.9,25.265,1025.47,5.0,4.21 15:55:03 12/07/20
392,64.5,25.29,1025.45,5.0,4.21 16:00:19 12/07/20
398,64.4,25.369999,1025.39,5.0,4.21 16:05:35 12/07/20
399,65.3,25.465,1025.39,5.0,4.22 16:10:50 12/07/20
397,62.6,25.425,1025.35,5.0,4.21 16:16:06 12/07/20
391,64.3,25.48,1025.3,5.0,4.21 16:21:23 12/07/20
386,59.9,25.494999,1025.19,5.0,4.21 16:26:38 12/07/20
391,65.5,25.494999,1025.09,5.0,4.21 16:31:53 12/07/20
384,64.1,25.575,1025.1,5.0,4.21 16:37:08 12/07/20
369,55.1,25.45,1025.08,5.0,4.21 16:42:25 12/07/20
381,63.8,25.525,1025.04,5.0,4.21 16:47:41 12/07/20
374,62.1,25.595001,1025.03,5.0,4.21 16:52:57 12/07/20
360,57.7,25.52,1025.01,5.0,4.21 16:58:11 12/07/20
402,54.7,25.34,1024.91,5.0,4.21 17:03:30 12/07/20
390,60.6,25.41,1024.83,5.0,4.21 17:08:45 12/07/20
326,60.5,25.505001,1024.85,5.0,4.21 17:13:58 12/07/20
335,57.7,25.365,1024.87,5.0,4.21 17:19:19 12/07/20
255,57.0,25.220001,1024.86,5.0,4.14 17:24:40 12/07/20
373,55.5,24.86,1024.79,5.0,4.21 17:29:55 12/07/20
366,55.7,24.765,1024.73,5.0,4.21 17:35:11 12/07/20
378,56.3,24.814999,1024.75,5.0,4.21 17:40:30 12/07/20
386,56.1,24.835,1024.68,5.0,4.22 17:45:50 12/07/20
381,56.1,24.95,1024.76,5.0,4.21 17:51:07 12/07/20
337,57.3,24.970001,1024.76,4.93,4.21 17:56:22 12/07/20
380,55.6,24.869999,1024.67,5.0,4.21 18:01:38 12/07/20
283,56.9,24.945,1024.75,4.34,4.17 18:06:54 12/07/20
247,56.2,24.855,1024.64,4.24,4.17 18:12:09 12/07/20
246,56.5,24.575,1024.64,4.36,4.16 18:17:25 12/07/20
348,56.6,24.349998,1024.61,4.37,4.21 18:22:45 12/07/20
361,55.7,24.265,1024.6,4.34,4.21 18:28:05 12/07/20
357,57.8,24.255001,1024.54,5.0,4.2 18:33:21 12/07/20
356,55.9,24.235,1024.53,4.19,4.11 18:38:37 12/07/20
346,57.1,24.154999,1024.49,5.0,4.16 18:43:50 12/07/20
344,55.4,24.0,1024.42,4.36,4.15 18:49:07 12/07/20
342,55.5,23.875,1024.39,4.27,4.16 18:54:23 12/07/20
314,57.5,23.775002,1024.28,5.0,4.11 18:59:38 12/07/20
321,56.5,23.68,1024.26,4.23,4.13 19:04:54 12/07/20
315,56.6,23.575,1024.21,4.6,4.12 19:10:10 12/07/20
324,55.8,23.465,1024.18,4.34,4.12 19:15:26 12/07/20
322,56.9,23.32,1024.17,4.17,4.11 19:20:41 12/07/20
289,56.8,23.220001,1024.15,4.22,4.13 19:25:55 12/07/20
308,56.5,23.105,1024.18,4.45,4.13 19:31:09 12/07/20
306,56.3,22.915,1024.08,4.18,4.13 19:36:24 12/07/20
184,57.5,22.82,1024.08,4.22,4.13 19:41:42 12/07/20
173,57.8,22.715,1024.02,5.0,4.13 19:46:57 12/07/20
172,58.1,22.615,1024.03,4.22,4.13 19:52:13 12/07/20
168,57.8,22.515,1023.92,5.0,4.13 19:57:27 12/07/20
162,57.2,22.415,1023.99,4.32,4.13 20:02:43 12/07/20
159,58.3,22.325,1024.03,5.0,4.12 20:08:01 12/07/20
158,58.9,22.235,1023.97,4.24,4.13 20:13:13 12/07/20
156,58.9,22.19,1023.88,5.0,4.13 20:18:29 12/07/20
151,58.5,22.1,1023.9,4.6,4.13 20:23:42 12/07/20
152,58.0,21.99,1023.9,4.78,4.14 20:28:59 12/07/20
140,59.1,21.84,1023.91,5.0,4.14 20:34:13 12/07/20
140,59.0,21.735,1023.92,5.0,4.15 20:39:29 12/07/20
129,58.7,21.625,1023.86,5.0,4.15 20:44:43 12/07/20
123,58.9,21.525,1023.94,4.54,4.15 20:49:59 12/07/20
115,59.5,21.41,1023.92,4.66,4.14 20:55:16 12/07/20
106,59.3,21.27,1024.0,4.94,4.13 21:00:30 12/07/20
100,59.4,21.14,1023.93,5.0,4.12 21:05:45 12/07/20
93,59.8,20.96,1023.96,4.92,4.11 21:10:58 12/07/20
86,59.6,20.825,1023.96,4.55,4.1 21:16:15 12/07/20
82,59.7,20.645,1024.0,4.77,4.09 21:21:30 12/07/20
76,59.8,20.46,1023.94,4.39,4.09 21:26:45 12/07/20
68,59.9,20.27,1023.91,4.32,4.08 21:31:58 12/07/20
58,60.3,20.14,1023.94,4.2,4.07 21:37:18 12/07/20
50,60.5,19.965,1024.01,4.15,4.07 21:42:36 12/07/20
42,60.9,19.84,1024.02,3.88,4.05 21:47:53 12/07/20
34,61.2,19.654999,1024.06,3.53,4.05 21:53:11 12/07/20
26,61.9,19.474998,1024.07,3.17,4.05 21:58:32 12/07/20
18,62.3,19.345001,1024.13,2.59,4.03 22:03:46 12/07/20
13,62.8,19.17,1024.17,2.06,4.05 22:09:04 12/07/20
7,62.7,18.97,1024.16,1.35,4.04 22:14:24 12/07/20
3,63.8,18.795,1024.24,0.8,4.04 22:19:39 12/07/20
1,64.1,18.67,1024.24,0.42,4.04 22:24:53 12/07/20
0,65.1,18.55,1024.29,0.2,4.04 22:30:08 12/07/20
0,65.3,18.375,1024.35,0.09,4.04 22:35:22 12/07/20
0,65.6,18.26,1024.3,0.04,4.03 22:40:38 12/07/20
0,66.9,18.105,1024.36,0.01,3.99 22:45:52 12/07/20
0,67.2,18.05,1024.44,0.0,4.03 22:51:06 12/07/20
0,67.9,17.945,1024.42,0.0,4.03 22:56:21 12/07/20
0,67.9,17.775002,1024.32,0.0,4.02 23:01:35 12/07/20
0,68.6,17.665,1024.29,0.0,4.02 23:06:50 12/07/20
0,68.9,17.5,1024.25,0.0,4.02 23:12:04 12/07/20
0,69.5,17.39,1024.23,0.0,4.02 23:17:19 12/07/20
0,69.6,17.279999,1024.17,0.0,4.01 23:22:34 12/07/20
0,70.2,17.17,1024.18,0.0,4.01 23:27:51 12/07/20
0,70.4,17.06,1024.1,0.0,4.01 23:33:11 12/07/20
0,70.7,16.905,1024.17,0.0,4.01 23:38:25 12/07/20
0,70.4,16.805,1024.18,0.0,4.01 23:43:39 12/07/20
0,71.1,16.695,1024.18,0.0,4.01 23:48:54 12/07/20
0,71.5,16.599998,1024.2,0.0,4.01 23:54:13 12/07/20
0,72.0,16.505,1024.2,0.0,4.0 23:59:31 12/07/20
