0,89.2,18.064999,1014.76,0.0,3.99 00:03:51 16/07/20
0,89.3,18.055,1014.75,0.0,3.99 00:09:05 16/07/20
0,90.1,18.045,1014.75,0.0,3.99 00:14:21 16/07/20
0,90.3,17.99,1014.79,0.0,3.99 00:19:34 16/07/20
0,88.9,17.98,1014.82,0.0,3.96 00:24:50 16/07/20
0,88.8,17.97,1014.78,0.0,3.99 00:30:08 16/07/20
0,90.1,17.965,1014.78,0.0,3.99 00:35:27 16/07/20
0,90.0,17.955,1014.79,0.0,3.98 00:40:41 16/07/20
0,90.1,17.945,1014.79,0.0,3.98 00:45:56 16/07/20
0,89.9,17.93,1014.76,0.0,3.98 00:51:10 16/07/20
0,90.2,17.865002,1014.74,0.0,3.98 00:56:26 16/07/20
0,90.2,17.865002,1014.8,0.0,3.98 01:01:43 16/07/20
0,90.1,17.86,1014.85,0.0,3.98 01:07:06 16/07/20
0,90.2,17.855,1014.85,0.0,3.98 01:12:24 16/07/20
0,90.6,17.77,1014.74,0.0,3.98 01:17:40 16/07/20
0,90.6,17.76,1014.71,0.0,3.98 01:22:55 16/07/20
0,91.2,17.75,1014.7,0.0,3.98 01:28:09 16/07/20
0,91.3,17.74,1014.77,0.0,3.97 01:33:24 16/07/20
0,91.4,17.68,1014.83,0.0,3.97 01:38:38 16/07/20
0,91.6,17.665,1014.78,0.0,3.97 01:43:53 16/07/20
0,92.1,17.654999,1014.71,0.0,3.97 01:49:07 16/07/20
0,91.5,17.64,1014.77,0.0,3.97 01:54:22 16/07/20
0,91.5,17.585,1014.75,0.0,3.97 01:59:36 16/07/20
0,92.4,17.58,1014.78,0.0,3.97 02:04:51 16/07/20
0,91.8,17.575,1014.76,0.0,3.97 02:10:03 16/07/20
0,91.8,17.56,1014.72,0.0,3.96 02:15:20 16/07/20
0,92.2,17.564999,1014.69,0.0,3.96 02:20:34 16/07/20
0,92.5,17.5,1014.66,0.0,3.96 02:25:49 16/07/20
0,92.5,17.54,1014.66,0.0,3.96 02:31:03 16/07/20
0,92.3,17.485,1014.66,0.0,3.93 02:36:18 16/07/20
0,92.5,17.485,1014.7,0.0,3.96 02:41:30 16/07/20
0,92.9,17.46,1014.65,0.0,3.96 02:46:45 16/07/20
0,92.2,17.395,1014.62,0.0,3.96 02:52:01 16/07/20
0,93.9,17.380001,1014.61,0.0,3.96 02:57:16 16/07/20
0,93.1,17.310001,1014.64,0.0,3.96 03:02:30 16/07/20
0,92.7,17.295,1014.59,0.0,3.96 03:07:43 16/07/20
0,92.7,17.27,1014.55,0.0,3.96 03:12:59 16/07/20
0,93.0,17.205,1014.51,0.0,3.96 03:18:14 16/07/20
0,92.6,17.189999,1014.52,0.0,3.96 03:23:28 16/07/20
0,92.7,17.17,1014.48,0.0,3.96 03:28:46 16/07/20
0,92.8,17.154999,1014.52,0.0,3.96 03:34:09 16/07/20
0,92.2,17.145,1014.45,0.0,3.96 03:39:29 16/07/20
0,92.3,17.064999,1014.38,0.0,3.96 03:44:43 16/07/20
0,92.7,17.055,1014.45,0.0,3.96 03:49:56 16/07/20
0,93.3,16.985,1014.41,0.0,3.95 03:55:12 16/07/20
0,93.6,16.98,1014.48,0.0,3.9 04:00:24 16/07/20
0,93.3,16.96,1014.44,0.0,3.95 04:05:41 16/07/20
0,93.6,16.895,1014.38,0.0,3.95 04:10:56 16/07/20
0,93.4,16.880001,1014.41,0.0,3.95 04:16:13 16/07/20
0,92.7,16.875,1014.34,0.0,3.95 04:21:31 16/07/20
0,93.6,16.86,1014.34,0.0,3.95 04:26:47 16/07/20
0,93.3,16.85,1014.38,0.0,3.95 04:32:01 16/07/20
0,93.2,16.785,1014.3,0.0,3.94 04:37:16 16/07/20
0,93.2,16.779999,1014.28,0.0,3.94 04:42:31 16/07/20
0,93.9,16.77,1014.29,0.0,3.95 04:47:44 16/07/20
0,93.7,16.765,1014.3,0.01,3.95 04:52:59 16/07/20
0,93.8,16.755001,1014.23,0.04,3.94 04:58:13 16/07/20
0,93.8,16.755001,1014.26,0.07,3.94 05:03:28 16/07/20
0,93.6,16.744999,1014.26,0.16,3.94 05:08:42 16/07/20
1,93.6,16.695,1014.25,0.29,3.94 05:13:56 16/07/20
0,94.4,16.685001,1014.28,0.24,3.94 05:19:11 16/07/20
2,95.9,16.695,1014.31,0.46,3.94 05:24:26 16/07/20
5,95.2,16.695,1014.28,0.91,3.94 05:29:39 16/07/20
6,96.3,16.695,1014.29,1.02,3.94 05:34:54 16/07/20
9,96.0,16.689999,1014.4,1.31,3.94 05:40:08 16/07/20
19,96.8,16.68,1014.28,2.13,3.94 05:45:26 16/07/20
26,96.1,16.67,1014.27,2.81,3.94 05:50:45 16/07/20
32,95.6,16.66,1014.32,3.23,3.94 05:56:00 16/07/20
40,96.7,16.595001,1014.24,3.63,3.94 06:01:14 16/07/20
47,95.7,16.575,1014.23,4.01,3.93 06:06:32 16/07/20
52,95.3,16.57,1014.25,4.01,3.93 06:11:51 16/07/20
52,96.6,16.56,1014.23,4.03,3.93 06:17:06 16/07/20
50,96.0,16.555,1014.28,4.0,3.93 06:22:20 16/07/20
53,95.7,16.545,1014.3,4.06,3.93 06:27:35 16/07/20
58,96.5,16.545,1014.29,4.07,3.93 06:32:49 16/07/20
55,96.4,16.54,1014.33,4.01,3.93 06:38:03 16/07/20
70,96.8,16.545,1014.41,4.4,3.93 06:43:21 16/07/20
90,97.3,16.555,1014.33,4.15,3.93 06:48:40 16/07/20
91,97.7,16.57,1014.38,5.0,3.93 06:53:57 16/07/20
97,98.6,16.59,1014.4,5.0,3.93 06:59:09 16/07/20
100,97.4,16.65,1014.4,4.04,3.94 07:04:24 16/07/20
108,97.5,16.654999,1014.42,4.21,3.94 07:09:36 16/07/20
117,99.0,16.67,1014.38,4.53,3.94 07:14:52 16/07/20
122,99.1,16.689999,1014.35,5.0,3.93 07:20:10 16/07/20
139,99.6,16.765,1014.35,5.0,3.94 07:25:30 16/07/20
139,99.9,16.795,1014.41,5.0,3.94 07:30:44 16/07/20
137,99.9,16.805,1014.36,4.06,3.95 07:35:58 16/07/20
138,99.9,16.865002,1014.49,5.0,3.94 07:41:13 16/07/20
145,99.9,16.875,1014.5,5.0,3.94 07:46:28 16/07/20
143,99.9,16.865002,1014.45,4.63,3.94 07:51:42 16/07/20
119,99.9,16.855,1014.55,4.27,3.94 07:56:56 16/07/20
122,99.9,16.845001,1014.53,4.76,3.93 08:02:10 16/07/20
128,98.9,16.765,1014.54,4.03,3.94 08:07:25 16/07/20
135,99.9,16.705,1014.63,5.0,3.94 08:12:38 16/07/20
128,99.9,16.75,1014.68,4.34,3.94 08:17:53 16/07/20
153,99.9,16.705,1014.72,5.0,3.93 08:23:08 16/07/20
152,99.9,16.695,1014.7,4.67,3.94 08:28:22 16/07/20
150,99.9,16.7,1014.72,4.85,3.94 08:33:37 16/07/20
145,99.9,16.7,1014.73,5.0,3.94 08:38:51 16/07/20
179,99.9,16.7,1014.78,4.4,3.95 08:44:05 16/07/20
174,99.9,16.7,1014.78,4.06,3.95 08:49:23 16/07/20
172,99.9,16.755001,1014.84,5.0,3.96 08:54:43 16/07/20
174,99.9,16.77,1014.84,4.57,3.96 08:59:59 16/07/20
190,99.9,16.785,1014.84,4.76,3.95 09:05:11 16/07/20
200,99.9,16.795,1014.89,5.0,3.97 09:10:29 16/07/20
206,99.9,16.87,1014.95,4.02,3.97 09:15:49 16/07/20
204,99.9,16.885,1014.95,4.43,3.96 09:21:03 16/07/20
249,99.9,16.895,1014.95,4.11,3.99 09:26:17 16/07/20
247,99.9,16.974998,1014.99,4.07,4.01 09:31:32 16/07/20
238,99.9,17.005,1015.04,4.14,4.0 09:36:46 16/07/20
210,99.9,17.075,1015.04,5.0,4.0 09:42:01 16/07/20
261,99.9,17.095001,1015.02,4.08,4.02 09:47:15 16/07/20
208,99.9,17.165,1015.02,5.0,4.01 09:52:29 16/07/20
186,99.9,17.185001,1015.05,5.0,4.0 09:57:44 16/07/20
227,99.9,17.2,1015.09,5.0,4.01 10:02:58 16/07/20
284,99.9,17.2,1015.05,4.32,4.05 10:08:11 16/07/20
215,99.9,17.225,1015.05,4.56,4.03 10:13:25 16/07/20
156,99.9,17.24,1015.08,5.0,4.0 10:18:45 16/07/20
200,99.9,17.24,1015.07,5.0,4.02 10:24:05 16/07/20
206,99.9,17.295,1015.14,4.8,4.03 10:29:19 16/07/20
264,99.9,17.29,1015.17,4.14,4.06 10:34:32 16/07/20
242,99.9,17.310001,1015.19,5.0,4.04 10:39:46 16/07/20
236,99.9,17.385,1015.18,4.38,4.07 10:45:02 16/07/20
222,99.9,17.47,1015.22,4.65,4.07 10:50:17 16/07/20
265,99.9,17.494999,1015.24,4.38,4.08 10:55:29 16/07/20
291,99.9,17.52,1015.28,5.0,4.16 11:00:46 16/07/20
284,99.9,17.665,1015.2,5.0,4.17 11:06:05 16/07/20
277,99.9,17.87,1015.24,4.28,4.15 11:11:23 16/07/20
265,99.9,18.07,1015.22,4.37,4.18 11:16:38 16/07/20
291,99.9,18.195,1015.29,4.29,4.2 11:21:51 16/07/20
228,99.9,18.285,1015.26,4.26,4.16 11:27:08 16/07/20
250,99.9,18.279999,1015.25,4.28,4.17 11:32:22 16/07/20
215,99.9,18.29,1015.34,5.0,4.14 11:37:36 16/07/20
248,99.9,18.220001,1015.36,4.23,4.16 11:42:49 16/07/20
277,99.9,18.29,1015.32,5.0,4.12 11:48:05 16/07/20
212,99.9,18.305,1015.38,5.0,4.12 11:53:21 16/07/20
223,99.9,18.37,1015.36,4.39,4.15 11:58:35 16/07/20
199,99.9,18.380001,1015.48,5.0,4.13 12:03:49 16/07/20
167,99.9,18.310001,1015.45,5.0,4.15 12:09:09 16/07/20
315,99.9,18.35,1015.37,5.0,4.13 12:14:26 16/07/20
332,99.9,18.445,1015.44,5.0,4.13 12:19:42 16/07/20
308,99.9,18.65,1015.46,5.0,4.13 12:24:56 16/07/20
181,99.9,18.84,1015.49,5.0,4.13 12:30:12 16/07/20
145,99.9,18.86,1015.46,4.22,4.14 12:35:25 16/07/20
153,99.9,18.775002,1015.53,5.0,4.15 12:40:46 16/07/20
170,99.9,18.67,1015.64,5.0,4.16 12:46:04 16/07/20
220,99.9,18.33,1015.71,5.0,4.13 12:51:22 16/07/20
263,99.9,18.06,1015.73,4.57,4.18 12:56:41 16/07/20
288,99.9,17.935001,1015.69,4.32,4.21 13:02:04 16/07/20
312,99.9,17.974998,1015.69,5.0,4.21 13:07:20 16/07/20
328,99.9,18.0,1015.63,4.25,4.17 13:12:32 16/07/20
291,99.9,18.095001,1015.63,5.0,4.13 13:17:46 16/07/20
288,99.9,18.11,1015.69,5.0,4.13 13:23:03 16/07/20
321,99.9,18.125,1015.66,5.0,4.13 13:28:17 16/07/20
311,99.9,18.2,1015.73,5.0,4.13 13:33:33 16/07/20
265,99.9,18.305,1015.71,5.0,4.12 13:38:50 16/07/20
260,99.9,18.400002,1015.77,5.0,4.13 13:44:10 16/07/20
292,99.9,18.405,1015.78,5.0,4.13 13:49:24 16/07/20
268,99.9,18.494999,1015.77,5.0,4.13 13:54:40 16/07/20
291,99.9,18.599998,1015.74,5.0,4.13 13:59:54 16/07/20
326,99.9,18.765,1015.75,5.0,4.13 14:05:06 16/07/20
302,99.9,18.87,1015.75,5.0,4.13 14:10:28 16/07/20
308,99.9,18.974998,1015.79,5.0,4.13 14:15:46 16/07/20
330,99.9,19.07,1015.78,5.0,4.13 14:21:01 16/07/20
293,99.9,19.105,1015.79,5.0,4.13 14:26:16 16/07/20
247,99.9,19.125,1015.88,5.0,4.13 14:31:30 16/07/20
230,99.9,19.115,1016.02,5.0,4.13 14:36:45 16/07/20
276,99.9,19.09,1015.93,5.0,4.14 14:41:58 16/07/20
281,99.9,19.02,1015.97,5.0,4.13 14:47:18 16/07/20
280,99.9,19.005,1015.9,5.0,4.14 14:52:38 16/07/20
295,99.9,19.025,1015.91,5.0,4.13 14:57:56 16/07/20
302,99.9,19.189999,1015.94,5.0,4.14 15:03:16 16/07/20
329,99.9,19.285,1015.89,5.0,4.14 15:08:34 16/07/20
317,99.9,19.465,1015.92,5.0,4.21 15:13:54 16/07/20
308,99.9,19.57,1015.85,5.0,4.21 15:19:09 16/07/20
249,99.9,19.665,1015.88,4.25,4.16 15:24:31 16/07/20
267,99.9,19.755001,1015.91,4.29,4.16 15:29:47 16/07/20
248,99.6,19.735,1015.97,5.0,4.13 15:35:02 16/07/20
228,99.5,19.665,1016.02,5.0,4.13 15:40:16 16/07/20
224,99.9,19.575,1016.09,5.0,4.13 15:45:31 16/07/20
264,99.9,19.575,1016.11,5.0,4.13 15:50:46 16/07/20
274,99.9,19.64,1016.06,5.0,4.13 15:56:01 16/07/20
217,99.9,19.725,1016.12,5.0,4.13 16:01:16 16/07/20
134,99.9,19.74,1016.11,5.0,4.12 16:06:30 16/07/20
85,99.9,19.675,1016.2,5.0,4.12 16:11:44 16/07/20
92,99.9,19.56,1016.25,4.25,4.11 16:17:01 16/07/20
143,99.9,19.380001,1016.3,4.4,4.12 16:22:16 16/07/20
175,99.9,19.185001,1016.35,5.0,4.14 16:27:30 16/07/20
181,99.9,19.075,1016.38,5.0,4.14 16:32:45 16/07/20
171,99.9,18.89,1016.42,4.3,4.16 16:37:59 16/07/20
188,99.9,18.77,1016.39,5.0,4.13 16:43:14 16/07/20
235,99.9,18.61,1016.45,5.0,4.12 16:48:32 16/07/20
256,99.9,18.58,1016.45,5.0,4.14 16:53:52 16/07/20
259,99.9,18.585,1016.47,5.0,4.14 16:59:06 16/07/20
245,99.9,18.645,1016.51,5.0,4.14 17:04:22 16/07/20
207,99.9,18.68,1016.6,5.0,4.13 17:09:36 16/07/20
195,99.9,18.7,1016.61,5.0,4.15 17:14:50 16/07/20
191,99.9,18.599998,1016.6,4.33,4.16 17:20:06 16/07/20
213,99.9,18.509998,1016.6,4.26,4.16 17:25:20 16/07/20
219,99.9,18.46,1016.58,4.22,4.12 17:30:34 16/07/20
201,99.9,18.400002,1016.68,5.0,4.12 17:35:49 16/07/20
196,99.9,18.395,1016.68,4.21,4.15 17:41:07 16/07/20
205,99.9,18.395,1016.74,5.0,4.12 17:46:27 16/07/20
208,99.9,18.405,1016.71,5.0,4.12 17:51:40 16/07/20
213,99.9,18.46,1016.74,5.0,4.14 17:56:57 16/07/20
227,99.9,18.55,1016.78,5.0,4.12 18:02:09 16/07/20
192,99.9,18.529999,1016.86,4.26,4.16 18:07:29 16/07/20
154,99.9,18.599998,1016.86,5.0,4.13 18:12:49 16/07/20
151,99.9,18.59,1017.0,5.0,4.15 18:18:01 16/07/20
171,99.9,18.58,1017.04,5.0,4.14 18:23:16 16/07/20
178,99.9,18.49,1017.04,5.0,4.14 18:28:31 16/07/20
178,99.9,18.5,1017.05,5.0,4.13 18:33:46 16/07/20
175,99.9,18.505,1017.0,5.0,4.14 18:39:02 16/07/20
172,99.9,18.57,1017.04,5.0,4.14 18:44:16 16/07/20
177,99.9,18.57,1017.03,5.0,4.13 18:49:31 16/07/20
163,99.9,18.58,1017.03,4.27,4.15 18:54:49 16/07/20
173,99.9,18.595001,1017.06,5.0,4.13 19:00:09 16/07/20
155,99.9,18.599998,1017.04,4.75,4.14 19:05:22 16/07/20
140,99.9,18.61,1017.08,5.0,4.14 19:10:39 16/07/20
145,99.9,18.605,1017.1,5.0,4.14 19:15:53 16/07/20
138,99.9,18.654999,1017.13,4.33,4.15 19:21:07 16/07/20
148,99.9,18.595001,1017.12,5.0,4.14 19:26:23 16/07/20
155,99.9,18.58,1017.17,4.3,4.14 19:31:37 16/07/20
150,99.9,18.57,1017.22,4.8,4.1 19:37:00 16/07/20
134,99.9,18.564999,1017.27,5.0,4.11 19:42:15 16/07/20
133,99.9,18.5,1017.24,5.0,4.14 19:47:29 16/07/20
118,99.9,18.47,1017.28,4.24,4.16 19:52:46 16/07/20
113,99.9,18.400002,1017.3,5.0,4.15 19:57:58 16/07/20
112,99.9,18.385,1017.36,5.0,4.15 20:03:14 16/07/20
108,99.9,18.365002,1017.32,5.0,4.14 20:08:26 16/07/20
126,99.9,18.355,1017.43,5.0,4.14 20:13:46 16/07/20
125,99.9,18.305,1017.43,5.0,4.15 20:19:05 16/07/20
130,99.9,18.35,1017.44,5.0,4.16 20:24:20 16/07/20
107,99.9,18.295,1017.51,5.0,4.15 20:29:38 16/07/20
92,99.9,18.3,1017.55,5.0,4.14 20:34:58 16/07/20
85,99.9,18.279999,1017.63,5.0,4.14 20:40:12 16/07/20
67,99.9,18.27,1017.61,4.99,4.13 20:45:27 16/07/20
46,99.9,18.205,1017.72,4.25,4.12 20:50:41 16/07/20
50,99.9,18.189999,1017.76,4.22,4.11 20:55:55 16/07/20
48,99.9,18.165,1017.76,4.21,4.1 21:01:10 16/07/20
55,99.9,18.095001,1017.78,4.92,4.09 21:06:25 16/07/20
43,99.9,18.085,1017.84,4.17,4.09 21:11:38 16/07/20
39,99.9,18.06,1017.8,4.2,4.08 21:16:54 16/07/20
33,99.9,17.994999,1017.87,3.95,4.07 21:22:09 16/07/20
29,99.9,17.974998,1017.97,3.68,4.07 21:27:23 16/07/20
23,99.9,17.96,1017.98,3.24,4.06 21:32:43 16/07/20
18,99.9,17.955,1018.02,2.93,4.06 21:38:02 16/07/20
16,99.9,17.880001,1018.09,2.68,4.06 21:43:19 16/07/20
13,99.9,17.865002,1018.15,2.38,4.05 21:48:42 16/07/20
10,99.9,17.8,1018.16,2.12,4.01 21:54:10 16/07/20
8,99.9,17.79,1018.26,1.79,4.05 21:59:23 16/07/20
5,99.9,17.765,1018.3,1.46,4.05 22:04:37 16/07/20
3,99.9,17.689999,1018.28,1.03,4.04 22:09:52 16/07/20
1,99.9,17.68,1018.31,0.61,4.04 22:15:06 16/07/20
0,99.9,17.61,1018.3,0.32,4.04 22:20:23 16/07/20
0,99.9,17.595001,1018.37,0.17,4.03 22:25:37 16/07/20
0,99.9,17.575,1018.38,0.09,4.03 22:30:52 16/07/20
0,99.9,17.515,1018.41,0.04,4.03 22:36:06 16/07/20
0,99.9,17.494999,1018.51,0.02,4.03 22:41:21 16/07/20
0,99.9,17.474998,1018.48,0.0,4.03 22:46:35 16/07/20
0,99.9,17.400002,1018.58,0.0,4.02 22:51:50 16/07/20
0,99.9,17.375,1018.55,0.0,4.02 22:57:04 16/07/20
0,99.9,17.310001,1018.59,0.0,4.02 23:02:22 16/07/20
0,99.9,17.279999,1018.6,0.0,4.02 23:07:45 16/07/20
0,99.9,17.215,1018.65,0.0,4.02 23:13:04 16/07/20
0,99.9,17.17,1018.59,0.0,4.01 23:18:19 16/07/20
0,99.9,17.075,1018.58,0.0,4.01 23:23:33 16/07/20
0,99.9,16.994999,1018.63,0.0,4.01 23:28:48 16/07/20
0,99.9,16.965,1018.64,0.0,4.01 23:34:02 16/07/20
0,99.9,16.885,1018.69,0.0,4.01 23:39:16 16/07/20
0,99.9,16.86,1018.78,0.0,4.0 23:44:31 16/07/20
0,99.9,16.795,1018.8,0.0,4.01 23:49:43 16/07/20
0,99.9,16.775002,1018.77,0.0,4.0 23:55:03 16/07/20
