0,99.9,16.775002,1018.78,0.0,4.0 00:00:23 17/07/20
0,99.9,16.765,1018.75,0.0,3.98 00:05:37 17/07/20
0,99.9,16.715,1018.77,0.0,4.0 00:10:51 17/07/20
0,99.9,16.765,1018.79,0.0,4.0 00:16:06 17/07/20
0,99.9,16.765,1018.85,0.0,4.0 00:21:20 17/07/20
0,99.9,16.76,1018.77,0.0,4.0 00:26:34 17/07/20
0,99.9,16.765,1018.83,0.0,3.99 00:31:52 17/07/20
0,99.9,16.77,1018.83,0.0,3.99 00:37:11 17/07/20
0,99.9,16.77,1018.79,0.0,3.99 00:42:26 17/07/20
0,99.9,16.775002,1018.75,0.0,3.99 00:47:40 17/07/20
0,99.9,16.779999,1018.79,0.0,3.99 00:52:54 17/07/20
0,99.9,16.775002,1018.76,0.0,3.99 00:58:09 17/07/20
0,99.9,16.785,1018.8,0.0,3.99 01:03:23 17/07/20
0,99.9,16.779999,1018.81,0.0,3.99 01:08:37 17/07/20
0,99.9,16.785,1018.81,0.0,3.98 01:13:52 17/07/20
0,99.9,16.779999,1018.76,0.0,3.98 01:19:06 17/07/20
0,99.9,16.779999,1018.79,0.0,3.98 01:24:21 17/07/20
0,99.9,16.779999,1018.8,0.0,3.98 01:29:34 17/07/20
0,99.9,16.779999,1018.78,0.0,3.98 01:34:49 17/07/20
0,99.9,16.779999,1018.8,0.0,3.98 01:40:04 17/07/20
0,99.9,16.775002,1018.85,0.0,3.98 01:45:19 17/07/20
0,99.9,16.765,1018.84,0.0,3.98 01:50:32 17/07/20
0,99.9,16.765,1018.96,0.0,3.98 01:55:45 17/07/20
0,99.9,16.71,1018.89,0.0,3.97 02:01:04 17/07/20
0,99.9,16.765,1018.87,0.0,3.94 02:06:34 17/07/20
0,99.9,16.775002,1018.83,0.0,3.97 02:11:47 17/07/20
0,99.9,16.765,1018.84,0.0,3.97 02:17:01 17/07/20
0,99.9,16.76,1018.81,0.0,3.97 02:22:16 17/07/20
0,99.9,16.755001,1018.89,0.0,3.97 02:27:30 17/07/20
0,99.9,16.695,1018.88,0.0,3.97 02:32:44 17/07/20
0,99.9,16.685001,1018.85,0.0,3.97 02:37:59 17/07/20
0,99.9,16.68,1018.82,0.0,3.97 02:43:14 17/07/20
0,99.9,16.675,1018.8,0.0,3.97 02:48:27 17/07/20
0,99.9,16.665,1018.81,0.0,3.96 02:53:42 17/07/20
0,99.9,16.654999,1018.74,0.0,3.96 02:58:57 17/07/20
0,99.9,16.605,1018.73,0.0,3.96 03:04:10 17/07/20
0,99.9,16.59,1018.75,0.0,3.96 03:09:25 17/07/20
0,99.9,16.585,1018.73,0.0,3.96 03:14:40 17/07/20
0,99.9,16.575,1018.76,0.0,3.96 03:19:52 17/07/20
0,99.9,16.57,1018.7,0.0,3.96 03:25:08 17/07/20
0,99.9,16.56,1018.7,0.0,3.96 03:30:23 17/07/20
0,99.9,16.555,1018.69,0.0,3.96 03:35:36 17/07/20
0,99.9,16.5,1018.65,0.0,3.96 03:40:51 17/07/20
0,99.9,16.485,1018.58,0.0,3.96 03:46:06 17/07/20
0,99.9,16.48,1018.64,0.0,3.96 03:51:19 17/07/20
1,99.9,16.465,1018.58,0.0,3.92 03:56:34 17/07/20
0,99.9,16.465,1018.66,0.0,3.96 04:01:49 17/07/20
0,99.9,16.455,1018.62,0.0,3.91 04:07:02 17/07/20
0,99.9,16.455,1018.66,0.0,3.96 04:12:21 17/07/20
0,99.9,16.45,1018.67,0.0,3.96 04:17:43 17/07/20
0,99.9,16.455,1018.66,0.0,3.96 04:23:01 17/07/20
0,99.9,16.445,1018.67,0.0,3.96 04:28:15 17/07/20
0,99.9,16.395,1018.65,0.0,3.96 04:33:32 17/07/20
0,99.9,16.39,1018.59,0.0,3.95 04:38:45 17/07/20
0,99.9,16.39,1018.66,0.01,3.95 04:44:00 17/07/20
0,99.9,16.39,1018.64,0.02,3.95 04:49:15 17/07/20
0,99.9,16.44,1018.66,0.04,3.95 04:54:28 17/07/20
1,99.9,16.39,1018.57,0.1,3.95 04:59:41 17/07/20
1,99.9,16.38,1018.54,0.22,3.95 05:05:02 17/07/20
2,99.9,16.385,1018.55,0.49,3.95 05:10:18 17/07/20
4,99.9,16.375,1018.59,0.93,3.95 05:15:35 17/07/20
7,99.9,16.365,1018.62,1.41,3.95 05:20:48 17/07/20
10,99.9,16.305,1018.6,1.9,3.95 05:26:03 17/07/20
14,99.9,16.3,1018.63,2.42,3.94 05:31:17 17/07/20
16,99.9,16.295,1018.76,2.81,3.94 05:36:31 17/07/20
22,99.9,16.285,1018.68,3.1,3.94 05:41:46 17/07/20
27,99.9,16.279999,1018.72,3.39,3.94 05:47:04 17/07/20
33,99.9,16.285,1018.78,3.74,3.94 05:52:23 17/07/20
41,99.9,16.279999,1018.77,4.06,3.94 05:57:42 17/07/20
48,99.9,16.279999,1018.75,4.09,3.94 06:03:00 17/07/20
55,99.9,16.279999,1018.8,4.03,3.9 06:08:24 17/07/20
58,99.9,16.285,1018.79,4.29,3.94 06:13:37 17/07/20
63,99.9,16.285,1018.87,4.66,3.94 06:18:49 17/07/20
72,99.9,16.279999,1018.9,4.01,3.94 06:24:04 17/07/20
80,99.9,16.279999,1018.9,4.3,3.94 06:29:20 17/07/20
83,99.9,16.285,1018.9,4.53,3.94 06:34:34 17/07/20
91,99.9,16.295,1018.96,4.19,3.95 06:39:48 17/07/20
101,99.9,16.345,1019.0,5.0,3.95 06:45:03 17/07/20
121,99.9,16.36,1019.05,5.0,3.95 06:50:15 17/07/20
113,99.9,16.37,1019.04,5.0,3.95 06:55:32 17/07/20
122,99.9,16.39,1019.11,5.0,3.95 07:00:45 17/07/20
137,99.9,16.455,1019.08,5.0,3.95 07:05:58 17/07/20
135,99.9,16.48,1019.09,4.02,3.96 07:11:14 17/07/20
143,99.9,16.5,1019.08,4.02,3.97 07:16:28 17/07/20
163,99.9,16.575,1019.12,5.0,3.98 07:21:43 17/07/20
159,99.9,16.65,1019.15,4.21,3.98 07:26:55 17/07/20
161,99.9,16.685001,1019.18,4.88,3.99 07:32:11 17/07/20
174,99.9,16.765,1019.23,4.06,3.99 07:37:26 17/07/20
189,99.9,16.795,1019.19,4.1,4.01 07:42:39 17/07/20
165,99.9,16.87,1019.23,5.0,4.0 07:47:54 17/07/20
181,99.9,16.900002,1019.33,5.0,4.01 07:53:09 17/07/20
203,99.9,16.97,1019.36,4.29,4.03 07:58:24 17/07/20
204,99.9,17.06,1019.42,5.0,4.04 08:03:38 17/07/20
196,99.9,17.15,1019.45,5.0,4.0 08:08:57 17/07/20
192,99.9,17.25,1019.48,4.16,4.0 08:14:15 17/07/20
205,99.9,17.27,1019.46,5.0,4.05 08:19:29 17/07/20
207,99.9,17.355,1019.47,5.0,4.06 08:24:44 17/07/20
209,99.9,17.39,1019.51,4.16,4.07 08:29:58 17/07/20
197,99.9,17.47,1019.5,4.16,4.07 08:35:16 17/07/20
195,99.9,17.55,1019.5,5.0,4.07 08:40:37 17/07/20
215,99.9,17.625,1019.52,5.0,4.08 08:45:51 17/07/20
222,99.9,17.66,1019.47,4.2,4.11 08:51:05 17/07/20
250,99.9,17.689999,1019.5,5.0,4.15 08:56:20 17/07/20
253,99.9,17.85,1019.52,4.38,4.21 09:01:35 17/07/20
260,99.9,17.98,1019.54,4.53,4.17 09:06:47 17/07/20
253,99.9,18.154999,1019.56,5.0,4.11 09:12:04 17/07/20
239,99.9,18.265,1019.56,5.0,4.13 09:17:17 17/07/20
246,99.9,18.35,1019.59,5.0,4.13 09:22:32 17/07/20
259,99.9,18.445,1019.55,5.0,4.13 09:27:46 17/07/20
243,99.9,18.535,1019.59,5.0,4.13 09:33:02 17/07/20
254,99.9,18.615,1019.56,5.0,4.14 09:38:16 17/07/20
255,99.9,18.65,1019.58,5.0,4.14 09:43:28 17/07/20
268,99.9,18.665,1019.58,5.0,4.14 09:48:45 17/07/20
263,99.9,18.75,1019.55,5.0,4.14 09:54:03 17/07/20
277,99.9,18.765,1019.57,5.0,4.21 09:59:21 17/07/20
288,99.9,18.76,1019.61,5.0,4.21 10:04:37 17/07/20
279,99.9,18.71,1019.64,5.0,4.21 10:09:53 17/07/20
270,99.9,18.775002,1019.63,4.35,4.21 10:15:07 17/07/20
306,99.9,18.785,1019.67,5.0,4.12 10:20:21 17/07/20
349,99.9,18.865002,1019.62,5.0,4.12 10:25:37 17/07/20
308,99.9,18.96,1019.67,5.0,4.12 10:30:51 17/07/20
322,99.9,19.135,1019.65,5.0,4.13 10:36:04 17/07/20
298,99.9,19.315,1019.63,5.0,4.13 10:41:18 17/07/20
295,99.9,19.505001,1019.69,5.0,4.13 10:46:35 17/07/20
316,99.9,19.54,1019.73,5.0,4.13 10:51:50 17/07/20
304,99.9,19.619999,1019.72,5.0,4.12 10:57:08 17/07/20
241,99.9,19.64,1019.74,5.0,4.13 11:02:28 17/07/20
219,99.9,19.585,1019.75,5.0,4.13 11:07:43 17/07/20
231,99.9,19.625,1019.74,5.0,4.12 11:12:57 17/07/20
258,99.9,19.55,1019.85,5.0,4.13 11:18:12 17/07/20
277,99.9,19.555,1019.85,5.0,4.13 11:23:28 17/07/20
255,99.9,19.619999,1019.75,5.0,4.13 11:28:42 17/07/20
234,99.9,19.645,1019.71,5.0,4.14 11:33:55 17/07/20
250,99.9,19.705,1019.68,5.0,4.13 11:39:12 17/07/20
252,99.9,19.79,1019.71,5.0,4.14 11:44:26 17/07/20
253,99.9,19.835,1019.73,5.0,4.14 11:49:41 17/07/20
235,99.9,19.84,1019.74,5.0,4.14 11:54:57 17/07/20
222,99.9,19.84,1019.7,5.0,4.14 12:00:11 17/07/20
266,99.9,19.84,1019.74,5.0,4.15 12:05:24 17/07/20
254,99.9,19.84,1019.77,4.34,4.2 12:10:44 17/07/20
218,99.9,19.855,1019.81,4.3,4.18 12:16:04 17/07/20
255,99.9,19.904999,1019.81,4.24,4.18 12:21:23 17/07/20
266,99.9,19.915,1019.8,4.26,4.15 12:26:40 17/07/20
261,99.9,19.92,1019.76,5.0,4.13 12:31:58 17/07/20
288,99.4,19.939999,1019.73,5.0,4.13 12:37:10 17/07/20
304,99.9,19.955,1019.73,5.0,4.13 12:42:27 17/07/20
300,99.9,20.125,1019.81,5.0,4.13 12:47:45 17/07/20
284,99.2,20.220001,1019.79,5.0,4.13 12:53:06 17/07/20
286,99.9,20.25,1019.77,5.0,4.13 12:58:21 17/07/20
289,98.9,20.325,1019.71,5.0,4.13 13:03:35 17/07/20
271,98.0,20.34,1019.74,5.0,4.13 13:08:54 17/07/20
257,99.7,20.355,1019.76,5.0,4.13 13:14:13 17/07/20
248,99.0,20.43,1019.8,5.0,4.13 13:19:28 17/07/20
252,99.4,20.43,1019.84,5.0,4.13 13:24:43 17/07/20
255,99.0,20.435,1019.84,5.0,4.13 13:29:59 17/07/20
252,98.1,20.425,1019.89,5.0,4.13 13:35:14 17/07/20
255,99.5,20.43,1019.86,5.0,4.13 13:40:28 17/07/20
241,98.6,20.45,1019.87,5.0,4.14 13:45:43 17/07/20
252,99.1,20.505001,1019.9,5.0,4.14 13:50:56 17/07/20
272,99.4,20.515,1019.85,5.0,4.14 13:56:13 17/07/20
283,98.8,20.61,1019.82,5.0,4.14 14:01:28 17/07/20
270,98.8,20.7,1019.76,5.0,4.14 14:06:43 17/07/20
251,99.8,20.73,1019.76,5.0,4.14 14:12:01 17/07/20
243,98.8,20.810001,1019.81,5.0,4.15 14:17:21 17/07/20
258,99.5,20.825,1019.74,4.25,4.2 14:22:37 17/07/20
271,99.3,20.9,1019.74,4.84,4.21 14:27:52 17/07/20
272,98.5,20.915,1019.71,4.3,4.2 14:33:12 17/07/20
281,99.4,20.935,1019.76,4.36,4.17 14:38:30 17/07/20
272,99.2,21.035,1019.76,5.0,4.13 14:43:49 17/07/20
259,99.2,21.119999,1019.73,5.0,4.13 14:49:08 17/07/20
254,98.4,21.125,1019.7,5.0,4.13 14:54:23 17/07/20
254,98.8,21.125,1019.7,5.0,4.13 14:59:38 17/07/20
275,98.7,21.125,1019.64,5.0,4.13 15:04:53 17/07/20
308,99.1,21.135,1019.65,5.0,4.13 15:10:08 17/07/20
304,98.7,21.220001,1019.61,5.0,4.13 15:15:22 17/07/20
288,99.2,21.325,1019.6,5.0,4.13 15:20:39 17/07/20
304,98.0,21.42,1019.53,5.0,4.13 15:25:57 17/07/20
324,99.1,21.525,1019.55,5.0,4.13 15:31:17 17/07/20
306,99.0,21.695,1019.59,5.0,4.13 15:36:32 17/07/20
297,97.8,21.74,1019.5,5.0,4.13 15:41:48 17/07/20
303,98.4,21.815,1019.52,5.0,4.14 15:47:03 17/07/20
304,99.1,21.91,1019.49,5.0,4.14 15:52:18 17/07/20
295,97.9,22.015,1019.45,5.0,4.14 15:57:34 17/07/20
286,98.4,22.1,1019.46,5.0,4.14 16:02:46 17/07/20
285,97.5,22.1,1019.48,5.0,4.14 16:08:03 17/07/20
296,97.4,22.095001,1019.47,5.0,4.14 16:13:22 17/07/20
300,97.5,22.1,1019.46,5.0,4.14 16:18:42 17/07/20
295,98.2,22.119999,1019.5,5.0,4.14 16:23:58 17/07/20
286,96.2,22.18,1019.55,5.0,4.21 16:29:13 17/07/20
288,97.2,22.15,1019.51,4.73,4.21 16:34:28 17/07/20
284,97.1,22.215,1019.51,4.26,4.16 16:39:54 17/07/20
279,97.4,22.215,1019.54,4.33,4.21 16:40:04 17/07/20
275,97.3,22.3,1019.52,4.4,4.21 16:45:25 17/07/20
272,98.1,22.315,1019.49,4.25,4.16 16:50:39 17/07/20
268,97.4,22.395,1019.57,5.0,4.13 16:55:54 17/07/20
264,97.3,22.34,1019.5,5.0,4.14 17:01:08 17/07/20
250,97.5,22.33,1019.47,5.0,4.13 17:06:25 17/07/20
241,97.3,22.32,1019.47,5.0,4.13 17:11:40 17/07/20
235,97.6,22.3,1019.4,5.0,4.13 17:16:55 17/07/20
227,97.4,22.215,1019.29,5.0,4.13 17:22:09 17/07/20
218,97.5,22.14,1019.2,5.0,4.13 17:27:26 17/07/20
228,97.4,22.115,1019.21,5.0,4.13 17:32:42 17/07/20
240,97.0,22.105,1019.21,5.0,4.14 17:37:56 17/07/20
246,96.8,21.974998,1019.2,5.0,4.13 17:43:11 17/07/20
253,97.2,21.965,1019.1,5.0,4.14 17:48:26 17/07/20
256,97.4,21.96,1019.09,5.0,4.13 17:53:42 17/07/20
261,97.6,22.029999,1019.06,5.0,4.13 17:59:02 17/07/20
259,97.7,22.105,1019.12,5.0,4.14 18:04:19 17/07/20
253,97.4,22.130001,1019.11,5.0,4.14 18:09:36 17/07/20
251,98.0,22.205,1019.05,5.0,4.14 18:14:52 17/07/20
256,97.8,22.244999,1019.01,5.0,4.14 18:20:06 17/07/20
250,97.8,22.325,1018.98,5.0,4.14 18:25:25 17/07/20
253,98.0,22.404999,1018.95,5.0,4.14 18:30:45 17/07/20
248,98.0,22.43,1018.93,5.0,4.14 18:36:04 17/07/20
244,97.6,22.494999,1018.87,4.34,4.19 18:41:23 17/07/20
247,98.0,22.494999,1018.83,4.28,4.19 18:46:39 17/07/20
246,96.9,22.51,1018.8,4.26,4.17 18:51:54 17/07/20
237,97.3,22.455,1018.83,5.0,4.11 18:57:11 17/07/20
229,97.3,22.45,1018.75,5.0,4.13 19:02:25 17/07/20
224,97.2,22.45,1018.81,5.0,4.12 19:07:44 17/07/20
213,96.5,22.45,1018.75,5.0,4.12 19:13:03 17/07/20
206,97.1,22.439999,1018.77,4.25,4.15 19:18:23 17/07/20
206,97.3,22.439999,1018.8,5.0,4.13 19:23:43 17/07/20
192,97.1,22.435,1018.83,5.0,4.13 19:28:59 17/07/20
193,97.0,22.42,1018.79,5.0,4.13 19:34:23 17/07/20
212,96.8,22.425,1018.79,5.0,4.13 19:39:38 17/07/20
219,97.3,22.415,1018.78,5.0,4.13 19:44:56 17/07/20
221,96.9,22.42,1018.7,5.0,4.12 19:50:17 17/07/20
214,97.0,22.42,1018.64,4.22,4.14 19:55:38 17/07/20
200,96.8,22.415,1018.63,5.0,4.13 20:01:00 17/07/20
185,96.6,22.36,1018.61,5.0,4.14 20:06:23 17/07/20
181,96.9,22.35,1018.66,4.23,4.16 20:11:43 17/07/20
177,96.3,22.33,1018.67,5.0,4.13 20:16:59 17/07/20
171,96.2,22.244999,1018.7,5.0,4.14 20:22:14 17/07/20
158,96.2,22.16,1018.7,5.0,4.16 20:27:30 17/07/20
151,96.1,22.125,1018.63,5.0,4.16 20:32:42 17/07/20
158,96.1,22.045,1018.68,5.0,4.15 20:37:59 17/07/20
146,96.3,21.97,1018.62,5.0,4.15 20:43:18 17/07/20
131,96.5,21.95,1018.65,5.0,4.15 20:48:38 17/07/20
124,96.2,21.855,1018.68,5.0,4.14 20:53:54 17/07/20
116,96.2,21.77,1018.71,5.0,4.14 20:59:09 17/07/20
110,96.1,21.68,1018.73,4.5,4.14 21:04:24 17/07/20
105,96.2,21.57,1018.69,4.66,4.13 21:09:39 17/07/20
96,96.1,21.46,1018.72,4.48,4.12 21:14:55 17/07/20
86,96.2,21.36,1018.75,4.32,4.08 21:20:09 17/07/20
75,96.2,21.244999,1018.78,4.7,4.11 21:25:24 17/07/20
65,96.2,21.130001,1018.8,4.5,4.1 21:30:39 17/07/20
53,96.3,20.965,1018.8,4.18,4.09 21:35:54 17/07/20
43,96.4,20.84,1018.75,4.03,4.09 21:41:09 17/07/20
35,96.4,20.67,1018.74,3.7,4.08 21:46:24 17/07/20
27,96.6,20.545,1018.74,3.29,4.08 21:51:39 17/07/20
20,96.6,20.37,1018.8,2.8,4.07 21:56:52 17/07/20
14,96.7,20.24,1018.8,2.22,4.07 22:02:08 17/07/20
8,96.8,20.064999,1018.82,1.52,4.06 22:07:24 17/07/20
5,96.9,19.900002,1018.84,0.85,4.06 22:12:39 17/07/20
3,97.2,19.785,1018.9,0.43,4.05 22:17:57 17/07/20
3,97.2,19.675,1019.01,0.21,4.05 22:23:17 17/07/20
3,97.3,19.5,1019.0,0.1,4.05 22:28:32 17/07/20
4,97.5,19.439999,1018.98,0.05,4.05 22:33:47 17/07/20
4,97.6,19.279999,1019.02,0.02,4.04 22:39:01 17/07/20
3,97.7,19.165,1018.95,0.01,4.04 22:44:17 17/07/20
3,97.5,19.009998,1018.99,0.0,4.04 22:49:31 17/07/20
3,98.0,18.895,1018.94,0.0,4.04 22:54:45 17/07/20
3,97.8,18.79,1018.98,0.0,4.03 22:59:59 17/07/20
2,98.1,18.689999,1019.05,0.0,4.03 23:05:15 17/07/20
3,98.1,18.59,1019.03,0.0,4.03 23:10:29 17/07/20
3,98.5,18.494999,1019.06,0.0,4.02 23:15:45 17/07/20
2,98.3,18.385,1018.95,0.0,3.98 23:21:02 17/07/20
3,98.3,18.295,1018.95,0.0,4.02 23:26:22 17/07/20
3,98.7,18.2,1018.94,0.0,4.02 23:31:36 17/07/20
3,98.8,18.11,1019.0,0.0,4.02 23:36:51 17/07/20
3,99.0,18.064999,1019.01,0.0,4.02 23:42:05 17/07/20
3,99.0,17.974998,1019.06,0.0,4.01 23:47:20 17/07/20
3,99.1,17.900002,1019.11,0.0,4.01 23:52:34 17/07/20
4,99.2,17.805,1019.04,0.0,4.01 23:57:50 17/07/20
