0,85.4,20.755001,1015.36,0.0,4.01 00:01:40 19/07/20
0,84.7,20.665,1015.38,0.0,4.01 00:06:55 19/07/20
0,85.8,20.575,1015.36,0.0,4.01 00:12:14 19/07/20
0,86.2,20.494999,1015.39,0.0,4.01 00:17:34 19/07/20
0,84.6,20.46,1015.37,0.0,4.01 00:22:47 19/07/20
0,83.7,20.37,1015.45,0.0,4.01 00:28:04 19/07/20
0,87.6,20.285,1015.49,0.0,4.0 00:33:19 19/07/20
0,87.4,20.235,1015.45,0.0,4.0 00:38:34 19/07/20
0,87.0,20.095001,1015.46,0.0,4.0 00:43:52 19/07/20
0,87.6,20.055,1015.53,0.0,4.0 00:49:13 19/07/20
0,89.3,19.895,1015.54,0.0,4.0 00:54:32 19/07/20
1,89.4,19.865002,1015.53,0.0,4.0 00:59:50 19/07/20
2,89.3,19.779999,1015.48,0.0,4.0 01:05:05 19/07/20
2,90.1,19.75,1015.45,0.0,3.99 01:10:21 19/07/20
3,90.3,19.665,1015.44,0.0,3.96 01:15:35 19/07/20
5,90.0,19.58,1015.4,0.0,3.99 01:20:50 19/07/20
5,90.9,19.5,1015.37,0.0,3.99 01:26:05 19/07/20
5,91.1,19.47,1015.41,0.0,3.99 01:31:19 19/07/20
4,90.6,19.39,1015.29,0.0,3.99 01:36:35 19/07/20
3,91.1,19.3,1015.24,0.0,3.99 01:41:49 19/07/20
4,91.3,19.205,1015.27,0.0,3.99 01:47:04 19/07/20
3,90.8,19.165,1015.24,0.0,3.99 01:52:18 19/07/20
3,91.6,19.07,1015.22,0.0,3.98 01:57:33 19/07/20
3,91.6,18.974998,1015.2,0.0,3.98 02:02:48 19/07/20
3,91.6,18.875,1015.19,0.0,3.98 02:08:03 19/07/20
2,91.9,18.785,1015.19,0.0,3.98 02:13:17 19/07/20
2,91.9,18.68,1015.21,0.0,3.98 02:18:33 19/07/20
3,92.0,18.58,1015.26,0.0,3.97 02:23:47 19/07/20
2,92.3,18.425,1015.23,0.0,3.98 02:29:01 19/07/20
2,92.1,18.315,1015.15,0.0,3.98 02:34:15 19/07/20
3,92.1,18.21,1015.18,0.0,3.97 02:39:34 19/07/20
2,92.5,18.17,1015.09,0.0,3.97 02:44:54 19/07/20
2,92.5,18.02,1015.06,0.0,3.97 02:50:08 19/07/20
2,92.7,17.915,1015.07,0.0,3.97 02:55:21 19/07/20
2,93.0,17.805,1015.01,0.0,3.97 03:00:37 19/07/20
2,92.5,17.715,1014.99,0.0,3.97 03:05:52 19/07/20
2,93.1,17.675,1014.89,0.0,3.96 03:11:07 19/07/20
0,93.3,17.52,1014.88,0.0,3.93 03:16:20 19/07/20
2,93.4,17.42,1014.86,0.0,3.96 03:21:39 19/07/20
2,93.3,17.375,1014.73,0.0,3.96 03:26:58 19/07/20
2,93.2,17.235,1014.76,0.0,3.96 03:32:13 19/07/20
2,93.4,17.195,1014.68,0.0,3.96 03:37:27 19/07/20
2,93.6,17.095001,1014.71,0.0,3.96 03:42:42 19/07/20
2,93.9,17.009998,1014.78,0.0,3.96 03:48:00 19/07/20
1,93.7,16.925,1014.75,0.0,3.96 03:53:19 19/07/20
2,93.7,16.825,1014.83,0.0,3.96 03:58:34 19/07/20
2,93.8,16.785,1014.82,0.0,3.96 04:03:49 19/07/20
1,93.9,16.705,1014.82,0.0,3.96 04:09:01 19/07/20
2,94.2,16.615,1014.76,0.0,3.96 04:14:17 19/07/20
2,94.3,16.58,1014.74,0.0,3.96 04:19:32 19/07/20
2,94.0,16.485,1014.71,0.0,3.96 04:24:45 19/07/20
2,94.5,16.39,1014.65,0.0,3.95 04:30:00 19/07/20
2,94.0,16.295,1014.65,0.0,3.96 04:35:15 19/07/20
2,94.6,16.215,1014.65,0.0,3.96 04:40:28 19/07/20
3,94.4,16.119999,1014.69,0.0,3.95 04:45:43 19/07/20
3,94.1,16.085,1014.6,0.02,3.95 04:50:58 19/07/20
3,94.1,16.0,1014.68,0.05,3.95 04:56:11 19/07/20
4,94.6,15.969999,1014.65,0.12,3.95 05:01:34 19/07/20
4,94.8,15.91,1014.54,0.23,3.95 05:06:48 19/07/20
5,95.1,15.895,1014.47,0.45,3.95 05:12:03 19/07/20
7,95.2,15.879999,1014.49,0.78,3.95 05:17:18 19/07/20
9,95.5,15.805,1014.5,1.22,3.95 05:22:29 19/07/20
13,95.6,15.72,1014.38,1.92,3.95 05:27:45 19/07/20
17,95.7,15.695,1014.34,2.41,3.95 05:32:58 19/07/20
24,95.5,15.62,1014.35,2.96,3.95 05:38:14 19/07/20
34,95.4,15.59,1014.28,3.84,3.95 05:43:28 19/07/20
44,95.4,15.51,1014.23,4.03,3.94 05:48:42 19/07/20
52,95.6,15.43,1014.21,4.27,3.94 05:54:00 19/07/20
65,96.2,15.41,1014.13,4.63,3.95 05:59:19 19/07/20
74,96.0,15.385,1014.14,4.36,3.94 06:04:34 19/07/20
84,95.9,15.315001,1014.1,4.01,3.95 06:09:48 19/07/20
89,95.9,15.29,1014.12,5.0,3.94 06:15:02 19/07/20
101,96.3,15.21,1014.06,5.0,3.95 06:20:15 19/07/20
115,96.4,15.195,1014.1,5.0,3.95 06:25:28 19/07/20
114,96.6,15.18,1014.05,4.87,3.95 06:30:43 19/07/20
123,96.5,15.12,1014.07,4.81,3.95 06:36:02 19/07/20
127,96.8,15.17,1014.08,5.0,3.95 06:41:21 19/07/20
133,97.2,15.17,1014.09,4.65,3.96 06:46:35 19/07/20
133,96.8,15.18,1014.12,5.0,3.96 06:51:53 19/07/20
141,97.3,15.255,1014.11,4.96,3.96 06:57:12 19/07/20
150,97.8,15.280001,1014.13,5.0,3.97 07:02:26 19/07/20
157,97.8,15.315001,1014.18,5.0,3.98 07:07:44 19/07/20
191,98.8,15.465,1014.24,5.0,3.99 07:13:03 19/07/20
184,99.9,15.575,1014.27,4.27,4.0 07:18:18 19/07/20
214,99.9,15.69,1014.31,4.11,4.01 07:23:32 19/07/20
189,99.9,15.870001,1014.34,4.96,4.0 07:28:47 19/07/20
228,99.9,15.98,1014.29,4.37,4.03 07:34:00 19/07/20
244,99.9,16.11,1014.24,4.11,4.02 07:39:15 19/07/20
246,99.9,16.3,1014.24,4.19,4.09 07:44:29 19/07/20
241,99.9,16.495,1014.25,4.25,4.11 07:49:45 19/07/20
228,99.9,16.68,1014.26,4.24,4.13 07:54:59 19/07/20
243,99.9,16.85,1014.24,4.35,4.19 08:00:12 19/07/20
253,99.9,17.02,1014.25,5.0,4.21 08:05:25 19/07/20
230,99.9,17.295,1014.35,4.25,4.16 08:10:41 19/07/20
261,99.9,17.47,1014.23,4.28,4.18 08:15:53 19/07/20
280,99.9,17.630001,1014.21,5.0,4.21 08:21:10 19/07/20
283,99.9,17.835,1014.3,5.0,4.21 08:26:24 19/07/20
292,99.9,18.119999,1014.23,5.0,4.21 08:31:37 19/07/20
291,99.9,18.33,1014.28,5.0,4.12 08:36:53 19/07/20
286,99.9,18.564999,1014.28,5.0,4.21 08:42:11 19/07/20
282,99.9,18.765,1014.24,5.0,4.12 08:47:23 19/07/20
256,99.5,18.885,1014.29,5.0,4.13 08:52:38 19/07/20
269,99.9,19.055,1014.28,5.0,4.13 08:57:52 19/07/20
298,99.4,19.175,1014.29,5.0,4.13 09:03:07 19/07/20
272,98.4,19.335,1014.29,5.0,4.13 09:08:22 19/07/20
312,99.2,19.445,1014.24,5.0,4.14 09:13:37 19/07/20
304,98.0,19.605,1014.26,5.0,4.14 09:18:51 19/07/20
311,98.1,19.720001,1014.29,5.0,4.21 09:24:06 19/07/20
305,97.5,19.895,1014.25,5.0,4.21 09:29:22 19/07/20
301,97.7,20.029999,1014.28,5.0,4.21 09:34:36 19/07/20
277,97.3,20.135,1014.25,4.27,4.18 09:39:53 19/07/20
294,97.1,20.28,1014.29,5.0,4.12 09:45:06 19/07/20
297,97.9,20.404999,1014.31,5.0,4.13 09:50:19 19/07/20
300,96.7,20.505001,1014.26,5.0,4.13 09:55:36 19/07/20
309,97.4,20.625,1014.25,5.0,4.13 10:00:51 19/07/20
315,96.8,20.78,1014.23,5.0,4.13 10:06:06 19/07/20
312,96.8,20.904999,1014.18,5.0,4.13 10:11:21 19/07/20
331,96.2,21.09,1014.21,5.0,4.13 10:16:36 19/07/20
322,96.4,21.275002,1014.25,5.0,4.13 10:21:51 19/07/20
336,96.1,21.455,1014.16,5.0,4.13 10:27:07 19/07/20
330,96.4,21.745,1014.14,5.0,4.13 10:32:21 19/07/20
318,95.7,21.939999,1014.12,5.0,4.13 10:37:36 19/07/20
296,94.6,22.045,1014.13,5.0,4.13 10:42:55 19/07/20
291,95.0,22.08,1014.14,5.0,4.13 10:48:15 19/07/20
280,94.8,22.095001,1014.04,5.0,4.13 10:53:31 19/07/20
277,94.3,22.105,1014.19,5.0,4.13 10:58:51 19/07/20
277,93.6,22.1,1014.14,5.0,4.14 11:04:10 19/07/20
276,94.3,22.09,1014.15,5.0,4.14 11:09:25 19/07/20
279,94.0,22.1,1014.15,5.0,4.14 11:14:40 19/07/20
282,94.2,22.115,1014.19,5.0,4.14 11:19:55 19/07/20
296,93.9,22.18,1014.23,5.0,4.14 11:25:11 19/07/20
309,93.9,22.21,1014.23,5.0,4.21 11:30:24 19/07/20
291,93.2,22.29,1014.27,5.0,4.21 11:35:41 19/07/20
310,94.0,22.38,1014.26,5.0,4.13 11:40:56 19/07/20
323,93.8,22.485,1014.26,5.0,4.13 11:46:12 19/07/20
335,94.1,22.650002,1014.35,5.0,4.13 11:51:28 19/07/20
356,93.1,22.775002,1014.32,5.0,4.13 11:56:41 19/07/20
344,93.6,23.029999,1014.16,5.0,4.13 12:01:58 19/07/20
336,92.6,23.245,1014.3,5.0,4.13 12:07:14 19/07/20
310,91.9,23.345,1014.33,5.0,4.13 12:12:32 19/07/20
338,87.1,23.145,1014.28,5.0,4.14 12:17:52 19/07/20
329,87.5,23.035,1014.28,5.0,4.13 12:23:13 19/07/20
298,89.3,23.09,1014.22,5.0,4.13 12:28:32 19/07/20
310,88.1,23.17,1014.22,5.0,4.13 12:33:47 19/07/20
310,89.8,23.185001,1014.31,5.0,4.13 12:39:03 19/07/20
357,84.1,23.115,1014.29,5.0,4.13 12:44:18 19/07/20
382,88.9,23.28,1014.28,5.0,4.14 12:49:33 19/07/20
373,83.6,23.619999,1014.34,5.0,4.14 12:54:48 19/07/20
375,85.9,23.915,1014.24,5.0,4.13 13:00:05 19/07/20
366,76.2,24.135,1014.25,5.0,4.14 13:05:21 19/07/20
361,76.0,24.395,1014.27,5.0,4.14 13:10:34 19/07/20
371,72.0,24.5,1014.27,5.0,4.14 13:15:51 19/07/20
354,71.1,24.435,1014.23,5.0,4.14 13:21:08 19/07/20
365,73.6,24.46,1014.32,5.0,4.14 13:26:23 19/07/20
373,67.3,24.625,1014.3,5.0,4.15 13:31:36 19/07/20
366,66.7,24.720001,1014.22,5.0,4.21 13:36:59 19/07/20
373,71.8,24.96,1014.21,5.0,4.21 13:42:18 19/07/20
375,71.2,25.16,1014.1,5.0,4.21 13:47:33 19/07/20
376,67.6,25.295,1014.13,5.0,4.13 13:52:50 19/07/20
378,68.3,25.470001,1014.07,5.0,4.13 13:58:09 19/07/20
373,63.3,25.665,1014.1,5.0,4.13 14:03:31 19/07/20
363,62.5,25.69,1014.07,5.0,4.13 14:08:44 19/07/20
317,62.5,25.795,1014.06,5.0,4.13 14:14:02 19/07/20
353,64.0,25.814999,1014.08,5.0,4.13 14:19:16 19/07/20
374,66.6,25.985,1014.03,5.0,4.14 14:24:33 19/07/20
373,65.8,26.165,1013.99,5.0,4.14 14:29:49 19/07/20
328,68.3,26.295,1014.01,5.0,4.13 14:35:05 19/07/20
367,62.4,26.445,1013.93,5.0,4.14 14:40:21 19/07/20
374,64.1,26.635,1013.87,5.0,4.14 14:45:37 19/07/20
378,66.7,26.89,1013.84,5.0,4.14 14:50:53 19/07/20
368,60.6,27.12,1013.87,5.0,4.14 14:56:10 19/07/20
362,64.0,27.17,1013.83,5.0,4.14 15:01:29 19/07/20
363,63.2,27.314999,1013.86,5.0,4.14 15:06:50 19/07/20
363,61.5,27.34,1013.87,5.0,4.14 15:12:06 19/07/20
361,61.5,27.295,1013.79,5.0,4.14 15:17:26 19/07/20
300,56.4,27.43,1013.7,5.0,4.14 15:22:47 19/07/20
372,62.1,27.439999,1013.75,5.0,4.14 15:28:07 19/07/20
368,57.7,27.45,1013.72,5.0,4.14 15:33:28 19/07/20
316,58.4,27.615002,1013.69,5.0,4.21 15:38:44 19/07/20
372,61.2,27.645,1013.76,5.0,4.21 15:44:01 19/07/20
248,56.4,27.655,1013.71,4.26,4.15 15:49:17 19/07/20
361,59.7,27.655,1013.69,5.0,4.14 15:54:34 19/07/20
358,57.1,27.75,1013.71,5.0,4.13 15:59:49 19/07/20
357,58.0,27.779999,1013.73,5.0,4.14 16:05:06 19/07/20
354,57.8,27.849998,1013.78,5.0,4.13 16:10:26 19/07/20
354,58.9,27.785,1013.72,5.0,4.13 16:15:50 19/07/20
355,58.9,27.925,1013.67,5.0,4.14 16:21:11 19/07/20
339,57.7,27.95,1013.66,5.0,4.14 16:26:26 19/07/20
353,57.9,27.885,1013.68,5.0,4.14 16:31:44 19/07/20
351,57.2,27.885,1013.7,5.0,4.14 16:37:00 19/07/20
348,57.6,27.73,1013.7,5.0,4.14 16:42:16 19/07/20
348,57.0,27.7,1013.67,5.0,4.14 16:47:36 19/07/20
348,56.5,27.535,1013.63,5.0,4.14 16:52:57 19/07/20
342,56.1,27.515,1013.68,5.0,4.14 16:58:18 19/07/20
341,55.9,27.349998,1013.68,5.0,4.14 17:03:38 19/07/20
338,55.7,27.33,1013.63,5.0,4.14 17:08:58 19/07/20
340,55.2,27.395,1013.59,5.0,4.14 17:14:19 19/07/20
338,55.9,27.435,1013.57,5.0,4.14 17:19:35 19/07/20
336,57.6,27.535,1013.55,5.0,4.14 17:24:52 19/07/20
334,56.0,27.54,1013.52,5.0,4.14 17:30:08 19/07/20
334,55.9,27.52,1013.46,5.0,4.15 17:35:23 19/07/20
329,57.7,27.28,1013.53,5.0,4.21 17:40:40 19/07/20
329,58.2,27.345,1013.5,5.0,4.13 17:45:56 19/07/20
325,58.9,27.42,1013.47,4.27,4.17 17:51:16 19/07/20
324,57.3,27.43,1013.47,5.0,4.13 17:56:37 19/07/20
322,57.6,27.355,1013.41,5.0,4.13 18:01:54 19/07/20
317,57.5,27.25,1013.44,5.0,4.13 18:07:10 19/07/20
316,57.8,27.09,1013.4,5.0,4.14 18:12:26 19/07/20
314,58.0,26.915,1013.44,5.0,4.14 18:17:42 19/07/20
311,57.7,26.78,1013.39,5.0,4.14 18:22:59 19/07/20
305,56.4,26.650002,1013.37,5.0,4.14 18:28:15 19/07/20
308,58.4,26.49,1013.38,5.0,4.14 18:33:31 19/07/20
303,57.5,26.32,1013.35,5.0,4.14 18:38:47 19/07/20
301,58.1,26.275002,1013.29,5.0,4.14 18:44:03 19/07/20
296,58.7,26.26,1013.29,5.0,4.13 18:49:19 19/07/20
278,58.8,26.19,1013.28,5.0,4.12 18:54:35 19/07/20
296,58.7,26.150002,1013.27,5.0,4.13 18:59:48 19/07/20
227,57.4,25.974998,1013.26,5.0,4.13 19:05:06 19/07/20
288,57.8,25.805,1013.32,5.0,4.13 19:10:22 19/07/20
277,58.2,25.67,1013.29,5.0,4.17 19:15:38 19/07/20
267,58.8,25.58,1013.36,4.23,4.15 19:20:57 19/07/20
262,58.8,25.435,1013.34,5.0,4.13 19:26:18 19/07/20
264,58.7,25.345001,1013.35,5.0,4.15 19:31:34 19/07/20
212,59.1,25.310001,1013.45,5.0,4.14 19:36:50 19/07/20
165,59.5,25.285,1013.48,4.36,4.14 19:42:05 19/07/20
167,59.8,25.19,1013.53,5.0,4.14 19:47:19 19/07/20
167,61.1,25.105,1013.6,4.56,4.1 19:52:38 19/07/20
154,63.3,25.11,1013.69,5.0,4.16 19:57:53 19/07/20
160,62.7,25.045,1013.71,5.0,4.15 20:03:08 19/07/20
160,64.7,25.025,1013.71,5.0,4.13 20:08:24 19/07/20
136,65.4,25.015,1013.8,5.0,4.15 20:13:41 19/07/20
142,64.7,24.935,1013.84,4.81,4.15 20:19:00 19/07/20
151,67.2,24.85,1013.89,5.0,4.15 20:24:21 19/07/20
153,66.6,24.74,1013.88,5.0,4.15 20:29:36 19/07/20
141,67.5,24.645,1014.03,5.0,4.13 20:34:55 19/07/20
135,66.6,24.54,1014.04,5.0,4.14 20:40:16 19/07/20
126,66.4,24.445,1014.05,5.0,4.14 20:45:32 19/07/20
100,67.0,24.315,1014.03,4.19,4.13 20:50:47 19/07/20
94,66.7,24.119999,1013.94,4.37,4.12 20:56:03 19/07/20
88,67.8,23.935,1014.0,4.93,4.11 21:01:18 19/07/20
80,68.3,23.744999,1014.0,4.26,4.11 21:06:34 19/07/20
73,68.1,23.54,1014.04,4.54,4.1 21:11:49 19/07/20
66,68.3,23.355,1014.09,4.45,4.09 21:17:05 19/07/20
62,68.6,23.220001,1014.1,4.29,4.09 21:22:20 19/07/20
59,70.6,23.035,1014.18,4.2,4.08 21:27:36 19/07/20
54,70.4,22.855,1014.28,4.16,4.08 21:32:49 19/07/20
45,71.4,22.71,1014.35,4.07,4.07 21:38:10 19/07/20
37,70.4,22.529999,1014.45,3.76,4.07 21:43:30 19/07/20
29,70.4,22.355,1014.52,3.34,4.06 21:48:46 19/07/20
21,70.5,22.185001,1014.55,2.69,4.06 21:54:02 19/07/20
13,71.1,22.064999,1014.65,2.02,4.05 21:59:16 19/07/20
8,71.5,21.95,1014.65,1.42,4.01 22:04:35 19/07/20
4,72.2,21.85,1014.76,0.89,4.05 22:09:55 19/07/20
2,73.9,21.744999,1014.85,0.48,4.04 22:15:14 19/07/20
0,73.7,21.645,1014.91,0.23,4.04 22:20:34 19/07/20
0,75.9,21.55,1014.94,0.13,4.04 22:25:49 19/07/20
0,75.8,21.455,1015.02,0.06,4.04 22:31:05 19/07/20
0,75.3,21.375,1014.99,0.03,4.04 22:36:18 19/07/20
0,75.3,21.275002,1014.98,0.01,4.03 22:41:33 19/07/20
0,74.7,21.189999,1015.0,0.0,4.03 22:46:51 19/07/20
0,75.1,21.105,1015.03,0.0,4.03 22:52:05 19/07/20
0,76.3,21.07,1015.04,0.0,4.03 22:57:20 19/07/20
0,77.4,20.994999,1015.1,0.0,4.02 23:02:35 19/07/20
0,75.9,20.965,1015.15,0.0,4.02 23:07:50 19/07/20
0,75.8,20.945,1015.1,0.0,4.02 23:13:05 19/07/20
0,76.3,20.875,1015.11,0.0,4.02 23:18:21 19/07/20
0,78.0,20.855,1015.04,0.0,4.02 23:23:39 19/07/20
0,78.5,20.795,1015.12,0.0,4.02 23:28:57 19/07/20
0,79.3,20.779999,1015.12,0.0,4.01 23:34:14 19/07/20
0,78.7,20.76,1015.2,0.0,4.01 23:39:29 19/07/20
0,78.7,20.675,1015.24,0.0,4.01 23:44:44 19/07/20
0,81.5,20.599998,1015.24,0.0,4.01 23:49:59 19/07/20
0,79.0,20.564999,1015.28,0.0,4.01 23:55:14 19/07/20
