0,68.5,17.064999,1021.23,0.0,4.0 00:03:48 21/07/20
0,69.3,16.97,1021.32,0.0,4.0 00:09:11 21/07/20
0,67.9,16.885,1021.32,0.0,3.99 00:14:34 21/07/20
0,70.8,16.8,1021.38,0.0,3.99 00:19:54 21/07/20
0,70.9,16.7,1021.4,0.0,3.99 00:25:08 21/07/20
0,71.0,16.599998,1021.44,0.0,3.99 00:30:21 21/07/20
0,72.8,16.5,1021.48,0.0,3.99 00:35:37 21/07/20
0,70.6,16.455,1021.42,0.0,3.99 00:40:51 21/07/20
0,71.7,16.365,1021.58,0.0,3.99 00:46:09 21/07/20
0,72.1,16.279999,1021.63,0.0,3.99 00:51:28 21/07/20
0,73.0,16.18,1021.58,0.0,3.99 00:56:43 21/07/20
0,72.5,16.025,1021.61,0.0,3.98 01:01:58 21/07/20
0,73.2,15.965,1021.64,0.0,3.98 01:07:11 21/07/20
0,73.0,15.81,1021.66,0.0,3.98 01:12:26 21/07/20
0,73.8,15.7,1021.68,0.0,3.98 01:17:41 21/07/20
0,74.3,15.599999,1021.62,0.0,3.98 01:22:52 21/07/20
1,74.9,15.424999,1021.59,0.0,3.98 01:28:09 21/07/20
3,74.4,15.315001,1021.67,0.0,3.97 01:33:23 21/07/20
3,74.6,15.21,1021.72,0.0,3.94 01:38:37 21/07/20
4,75.5,15.09,1021.73,0.0,3.97 01:43:52 21/07/20
4,75.8,14.98,1021.79,0.0,3.97 01:49:05 21/07/20
4,75.5,14.82,1021.86,0.0,3.97 01:54:19 21/07/20
3,76.6,14.705,1021.93,0.0,3.97 01:59:37 21/07/20
3,76.0,14.6,1022.03,0.0,3.97 02:04:56 21/07/20
3,76.1,14.49,1021.98,0.0,3.97 02:10:10 21/07/20
3,77.4,14.385,1022.0,0.0,3.97 02:15:24 21/07/20
3,77.3,14.285,1022.0,0.0,3.96 02:20:38 21/07/20
3,76.5,14.184999,1021.99,0.0,3.96 02:25:52 21/07/20
3,77.3,14.09,1022.02,0.0,3.96 02:31:07 21/07/20
3,77.0,13.985001,1022.0,0.0,3.96 02:36:21 21/07/20
3,76.9,13.885,1021.94,0.0,3.96 02:41:35 21/07/20
3,78.7,13.795,1021.96,0.0,3.96 02:46:49 21/07/20
3,78.3,13.7,1021.9,0.0,3.96 02:52:06 21/07/20
3,79.2,13.675,1021.93,0.0,3.96 02:57:25 21/07/20
3,78.7,13.585,1021.91,0.0,3.96 03:02:39 21/07/20
3,80.2,13.51,1021.96,0.0,3.96 03:07:53 21/07/20
3,79.7,13.485001,1021.97,0.0,3.96 03:13:07 21/07/20
3,80.3,13.46,1021.91,0.0,3.95 03:18:21 21/07/20
3,79.4,13.385,1021.96,0.0,3.95 03:23:35 21/07/20
3,81.1,13.3,1021.94,0.0,3.95 03:28:52 21/07/20
3,81.0,13.27,1021.97,0.0,3.95 03:34:12 21/07/20
3,80.6,13.190001,1021.95,0.0,3.96 03:39:25 21/07/20
2,81.4,13.1,1021.96,0.0,3.95 03:44:39 21/07/20
3,81.8,13.014999,1021.95,0.0,3.95 03:49:57 21/07/20
3,81.2,12.995,1021.94,0.0,3.95 03:55:16 21/07/20
2,82.2,12.91,1021.93,0.0,3.95 04:00:29 21/07/20
3,83.0,12.865,1021.93,0.0,3.95 04:05:43 21/07/20
1,82.3,12.725,1022.01,0.0,3.95 04:10:57 21/07/20
3,83.2,12.675,1022.02,0.0,3.94 04:16:10 21/07/20
3,82.7,12.585,1022.03,0.0,3.95 04:21:24 21/07/20
3,84.0,12.49,1022.02,0.0,3.95 04:26:39 21/07/20
3,84.1,12.395,1021.99,0.0,3.94 04:31:52 21/07/20
3,82.3,12.305,1021.94,0.0,3.94 04:37:06 21/07/20
3,82.6,12.280001,1021.95,0.0,3.94 04:42:19 21/07/20
3,84.1,12.2,1022.03,0.01,3.94 04:47:33 21/07/20
4,84.6,12.11,1022.04,0.03,3.94 04:52:47 21/07/20
4,84.8,12.075,1022.02,0.06,3.94 04:58:01 21/07/20
4,84.6,11.98,1021.99,0.13,3.94 05:03:13 21/07/20
5,84.7,11.875,1021.93,0.28,3.94 05:08:29 21/07/20
6,85.4,11.785,1022.02,0.57,3.94 05:13:42 21/07/20
8,85.4,11.76,1022.03,1.03,3.93 05:18:56 21/07/20
10,85.3,11.68,1021.97,1.64,3.93 05:24:07 21/07/20
15,85.8,11.65,1021.93,2.28,3.93 05:29:23 21/07/20
21,87.2,11.59,1022.0,2.82,3.93 05:34:37 21/07/20
29,87.9,11.51,1021.97,3.35,3.89 05:39:50 21/07/20
37,86.3,11.475,1021.93,3.81,3.93 05:45:04 21/07/20
44,87.1,11.4,1021.98,4.0,3.93 05:50:18 21/07/20
52,86.2,11.305,1021.98,4.02,3.93 05:55:31 21/07/20
61,86.7,11.215,1021.94,4.09,3.93 06:00:43 21/07/20
69,87.1,11.175,1021.96,4.24,3.93 06:05:58 21/07/20
77,87.8,11.09,1021.97,4.6,3.93 06:11:12 21/07/20
82,86.6,11.0,1021.91,4.65,3.93 06:16:29 21/07/20
87,87.8,10.98,1021.91,5.0,3.93 06:21:48 21/07/20
95,88.2,10.915,1021.95,4.41,3.93 06:27:01 21/07/20
101,90.0,10.895,1021.95,5.0,3.93 06:32:15 21/07/20
106,88.4,10.895,1021.89,4.29,3.93 06:37:28 21/07/20
110,89.4,10.895,1021.99,4.01,3.93 06:42:42 21/07/20
113,90.0,10.889999,1022.02,5.0,3.93 06:47:56 21/07/20
116,90.0,10.895,1022.11,5.0,3.94 06:53:10 21/07/20
120,90.5,10.96,1022.17,5.0,3.94 06:58:23 21/07/20
128,90.9,10.99,1022.18,5.0,3.94 07:03:36 21/07/20
133,91.5,11.07,1022.19,5.0,3.95 07:08:50 21/07/20
151,93.4,11.175,1022.28,5.0,3.95 07:14:02 21/07/20
178,93.4,11.275,1022.3,5.0,3.97 07:19:17 21/07/20
223,95.3,11.405,1022.41,4.07,4.01 07:24:34 21/07/20
237,95.0,11.594999,1022.5,4.12,4.03 07:29:53 21/07/20
244,97.3,11.780001,1022.47,4.28,4.04 07:35:06 21/07/20
241,98.5,11.985001,1022.59,4.45,4.06 07:40:20 21/07/20
237,98.8,12.18,1022.56,4.35,4.04 07:45:34 21/07/20
236,99.9,12.38,1022.58,4.17,4.11 07:50:48 21/07/20
245,97.0,12.565,1022.61,4.23,4.15 07:56:01 21/07/20
251,98.9,12.82,1022.61,4.35,4.2 08:01:15 21/07/20
258,98.0,13.055,1022.64,5.0,4.21 08:06:30 21/07/20
266,95.8,13.34,1022.56,4.45,4.18 08:11:43 21/07/20
272,96.6,13.635,1022.62,4.5,4.2 08:16:57 21/07/20
276,94.6,13.915,1022.6,4.3,4.2 08:22:11 21/07/20
279,99.9,14.285,1022.61,5.0,4.21 08:27:25 21/07/20
283,95.7,14.63,1022.64,5.0,4.21 08:32:39 21/07/20
286,98.2,15.02,1022.68,5.0,4.21 08:37:53 21/07/20
288,96.5,15.355,1022.65,5.0,4.21 08:43:08 21/07/20
293,95.4,15.625,1022.69,5.0,4.21 08:48:19 21/07/20
294,95.3,15.825001,1022.6,5.0,4.12 08:53:36 21/07/20
297,95.2,16.035,1022.65,5.0,4.12 08:58:50 21/07/20
299,94.9,16.18,1022.66,5.0,4.12 09:04:05 21/07/20
302,94.0,16.295,1022.64,5.0,4.12 09:09:18 21/07/20
304,93.7,16.44,1022.67,5.0,4.13 09:14:33 21/07/20
312,92.5,16.54,1022.77,5.0,4.13 09:19:48 21/07/20
311,93.1,16.69,1022.84,5.0,4.14 09:25:00 21/07/20
312,92.5,16.795,1022.82,5.0,4.21 09:30:16 21/07/20
314,92.5,16.92,1022.89,5.0,4.21 09:35:30 21/07/20
318,91.7,17.09,1022.87,5.0,4.21 09:40:45 21/07/20
319,91.5,17.26,1022.92,5.0,4.21 09:45:59 21/07/20
322,91.3,17.384998,1022.91,5.0,4.21 09:51:18 21/07/20
327,90.7,17.54,1022.93,5.0,4.21 09:56:37 21/07/20
330,90.4,17.59,1022.91,5.0,4.12 10:01:49 21/07/20
302,90.1,17.68,1022.93,5.0,4.12 10:07:06 21/07/20
335,89.7,17.865,1022.95,5.0,4.12 10:12:19 21/07/20
337,90.2,18.064999,1023.05,5.0,4.21 10:17:35 21/07/20
333,87.8,18.27,1022.97,5.0,4.21 10:22:53 21/07/20
335,86.9,18.439999,1023.0,5.0,4.13 10:28:13 21/07/20
340,84.4,18.555,1023.1,5.0,4.12 10:33:27 21/07/20
241,84.1,18.654999,1023.05,5.0,4.13 10:38:43 21/07/20
347,84.9,18.75,1023.0,5.0,4.13 10:43:57 21/07/20
341,85.4,18.86,1023.04,5.0,4.13 10:49:12 21/07/20
354,84.9,19.035,1023.04,5.0,4.13 10:54:26 21/07/20
341,82.6,19.235,1023.02,5.0,4.13 10:59:42 21/07/20
350,80.2,19.345,1023.1,5.0,4.13 11:04:56 21/07/20
306,79.5,19.3,1023.18,5.0,4.13 11:10:11 21/07/20
349,82.2,19.38,1023.16,5.0,4.13 11:15:25 21/07/20
353,81.2,19.615,1023.21,5.0,4.14 11:20:38 21/07/20
237,79.5,19.75,1023.23,5.0,4.14 11:25:55 21/07/20
359,78.6,19.935,1023.16,5.0,4.14 11:31:09 21/07/20
358,79.4,20.125,1023.2,5.0,4.21 11:36:23 21/07/20
355,78.2,20.325,1023.12,5.0,4.21 11:41:40 21/07/20
357,77.0,20.52,1023.22,5.0,4.21 11:46:53 21/07/20
357,76.0,20.705,1023.3,5.0,4.13 11:52:10 21/07/20
358,75.9,20.84,1023.3,5.0,4.12 11:57:25 21/07/20
362,75.7,21.01,1023.24,5.0,4.13 12:02:40 21/07/20
368,78.2,21.259998,1023.14,5.0,4.13 12:07:55 21/07/20
372,75.5,21.5,1023.26,5.0,4.13 12:13:11 21/07/20
245,77.8,21.77,1023.31,5.0,4.13 12:18:25 21/07/20
207,69.2,21.725,1023.34,5.0,4.13 12:23:41 21/07/20
373,72.8,21.49,1023.32,5.0,4.13 12:28:56 21/07/20
375,72.7,21.625,1023.25,5.0,4.13 12:34:11 21/07/20
261,75.1,21.814999,1023.24,5.0,4.13 12:39:27 21/07/20
217,69.6,21.814999,1023.25,5.0,4.13 12:44:41 21/07/20
376,72.6,21.58,1023.15,5.0,4.13 12:49:56 21/07/20
246,67.6,21.89,1023.15,5.0,4.13 12:55:11 21/07/20
377,68.9,21.88,1023.08,5.0,4.13 13:00:27 21/07/20
377,70.5,22.119999,1023.12,5.0,4.13 13:05:43 21/07/20
378,71.7,22.455,1023.01,5.0,4.14 13:10:57 21/07/20
380,73.0,22.845001,1023.02,5.0,4.14 13:16:13 21/07/20
264,71.7,23.165,1022.98,5.0,4.14 13:21:27 21/07/20
255,65.6,23.265,1022.93,5.0,4.14 13:26:44 21/07/20
337,69.9,23.195,1022.98,5.0,4.21 13:32:00 21/07/20
372,69.1,23.369999,1022.88,5.0,4.2 13:37:18 21/07/20
381,68.3,23.635,1022.85,5.0,4.12 13:42:42 21/07/20
387,69.1,23.77,1022.84,5.0,4.13 13:48:04 21/07/20
233,60.7,23.81,1022.79,5.0,4.13 13:53:18 21/07/20
376,65.1,23.645,1022.79,5.0,4.13 13:58:34 21/07/20
376,65.4,23.869999,1022.76,5.0,4.13 14:03:49 21/07/20
382,63.7,24.150002,1022.79,5.0,4.13 14:09:03 21/07/20
385,63.6,24.29,1022.66,5.0,4.13 14:14:20 21/07/20
369,56.1,24.165,1022.57,5.0,4.13 14:19:37 21/07/20
246,56.7,24.125,1022.67,5.0,4.13 14:24:52 21/07/20
307,55.7,23.875,1022.67,5.0,4.13 14:30:07 21/07/20
378,59.6,23.92,1022.56,5.0,4.13 14:35:23 21/07/20
378,62.5,24.25,1022.57,5.0,4.13 14:40:38 21/07/20
238,59.6,24.55,1022.64,5.0,4.13 14:45:55 21/07/20
347,61.6,24.425,1022.54,5.0,4.14 14:51:08 21/07/20
372,62.5,24.565,1022.61,5.0,4.14 14:56:25 21/07/20
373,61.9,24.755,1022.56,5.0,4.14 15:01:41 21/07/20
374,56.6,24.96,1022.49,5.0,4.14 15:06:57 21/07/20
379,61.1,25.015,1022.58,5.0,4.14 15:12:13 21/07/20
285,56.7,25.015,1022.53,5.0,4.14 15:17:28 21/07/20
366,56.8,24.67,1022.49,5.0,4.15 15:22:44 21/07/20
367,59.2,24.645,1022.52,5.0,4.21 15:28:00 21/07/20
366,59.3,24.885,1022.39,5.0,4.21 15:33:19 21/07/20
371,60.1,25.16,1022.34,5.0,4.21 15:38:41 21/07/20
251,52.8,25.220001,1022.35,5.0,4.13 15:43:56 21/07/20
256,53.3,24.869999,1022.25,5.0,4.13 15:49:12 21/07/20
225,54.7,24.575,1022.24,5.0,4.13 15:54:27 21/07/20
368,57.4,24.46,1022.25,5.0,4.13 15:59:43 21/07/20
366,60.9,24.759998,1022.12,5.0,4.13 16:05:02 21/07/20
370,57.6,25.08,1022.11,5.0,4.13 16:10:23 21/07/20
244,56.8,25.295,1022.03,5.0,4.13 16:15:39 21/07/20
337,55.8,25.240002,1022.08,5.0,4.13 16:20:58 21/07/20
342,57.7,25.21,1022.07,5.0,4.13 16:26:19 21/07/20
357,54.1,25.215,1021.99,5.0,4.13 16:31:39 21/07/20
361,56.7,25.314999,1021.95,5.0,4.13 16:36:59 21/07/20
362,58.9,25.5,1021.92,5.0,4.14 16:42:14 21/07/20
365,54.0,25.69,1021.94,5.0,4.13 16:47:31 21/07/20
279,56.3,25.8,1021.94,5.0,4.13 16:52:47 21/07/20
360,55.5,25.885,1021.94,5.0,4.14 16:58:03 21/07/20
349,57.0,25.93,1021.91,5.0,4.13 17:03:22 21/07/20
340,53.5,26.005001,1021.92,5.0,4.14 17:08:42 21/07/20
350,51.7,26.005001,1021.91,5.0,4.14 17:14:00 21/07/20
348,55.7,25.939999,1021.95,5.0,4.14 17:19:15 21/07/20
242,49.7,25.86,1021.82,5.0,4.14 17:24:31 21/07/20
191,50.4,25.585,1021.84,5.0,4.15 17:29:47 21/07/20
253,50.7,25.045,1021.81,4.29,4.18 17:35:03 21/07/20
337,52.4,24.939999,1021.76,5.0,4.21 17:40:18 21/07/20
335,52.0,25.029999,1021.67,5.0,4.13 17:45:34 21/07/20
332,52.3,25.08,1021.73,5.0,4.13 17:50:51 21/07/20
331,53.6,25.16,1021.71,5.0,4.13 17:56:06 21/07/20
328,53.1,25.175,1021.72,5.0,4.13 18:01:23 21/07/20
329,52.2,25.150002,1021.69,5.0,4.13 18:06:37 21/07/20
330,52.4,25.08,1021.67,5.0,4.13 18:11:53 21/07/20
332,51.7,25.135,1021.64,5.0,4.13 18:17:10 21/07/20
325,51.9,25.075,1021.54,5.0,4.13 18:22:25 21/07/20
319,50.4,24.985,1021.57,5.0,4.13 18:27:44 21/07/20
314,51.1,24.805,1021.54,5.0,4.13 18:33:05 21/07/20
311,51.8,24.605,1021.47,5.0,4.13 18:38:24 21/07/20
308,50.7,24.335,1021.39,5.0,4.13 18:43:45 21/07/20
305,51.8,24.21,1021.47,5.0,4.13 18:49:01 21/07/20
303,52.0,24.08,1021.41,5.0,4.12 18:54:16 21/07/20
300,51.9,23.91,1021.39,5.0,4.12 18:59:32 21/07/20
294,52.6,23.74,1021.45,5.0,4.13 19:04:47 21/07/20
293,52.4,23.619999,1021.45,5.0,4.16 19:10:03 21/07/20
288,52.6,23.494999,1021.38,4.24,4.15 19:15:17 21/07/20
285,52.2,23.255001,1021.38,4.23,4.15 19:20:34 21/07/20
283,53.1,23.21,1021.39,5.0,4.16 19:25:48 21/07/20
276,53.2,23.119999,1021.41,4.21,4.15 19:31:05 21/07/20
243,53.1,23.01,1021.34,4.21,4.15 19:36:20 21/07/20
156,53.2,22.915,1021.32,4.86,4.14 19:41:34 21/07/20
157,52.8,22.810001,1021.41,5.0,4.12 19:46:51 21/07/20
157,53.7,22.73,1021.48,5.0,4.14 19:52:07 21/07/20
162,54.1,22.645,1021.45,5.0,4.14 19:57:22 21/07/20
162,53.9,22.545,1021.5,5.0,4.14 20:02:37 21/07/20
150,54.5,22.455,1021.48,5.0,4.14 20:07:53 21/07/20
140,55.2,22.37,1021.48,5.0,4.15 20:13:07 21/07/20
130,54.7,22.279999,1021.55,4.85,4.16 20:18:23 21/07/20
131,54.8,22.17,1021.55,4.99,4.15 20:23:42 21/07/20
123,55.8,22.06,1021.62,5.0,4.16 20:29:02 21/07/20
125,56.3,21.935,1021.65,5.0,4.15 20:34:18 21/07/20
118,55.4,21.76,1021.64,5.0,4.15 20:39:33 21/07/20
110,56.0,21.615,1021.62,4.88,4.15 20:44:48 21/07/20
107,56.4,21.380001,1021.69,4.95,4.14 20:50:03 21/07/20
102,56.7,21.265,1021.67,4.27,4.14 20:55:19 21/07/20
98,57.6,21.085,1021.73,5.0,4.13 21:00:34 21/07/20
93,57.9,20.96,1021.77,4.71,4.12 21:05:49 21/07/20
90,58.3,20.785,1021.76,5.0,4.11 21:11:04 21/07/20
83,58.4,20.675,1021.87,4.9,4.11 21:16:19 21/07/20
74,58.6,20.494999,1021.83,4.58,4.1 21:21:34 21/07/20
68,59.2,20.375,1021.98,4.24,4.09 21:26:48 21/07/20
59,59.2,20.185001,1021.88,4.19,4.08 21:32:04 21/07/20
50,58.7,20.075,1022.02,4.09,4.08 21:37:19 21/07/20
40,58.8,19.89,1022.04,3.69,4.07 21:42:34 21/07/20
31,59.1,19.77,1022.19,3.21,4.07 21:47:49 21/07/20
23,59.5,19.58,1022.25,2.66,4.03 21:53:08 21/07/20
14,59.3,19.405,1022.29,1.94,4.06 21:58:27 21/07/20
8,59.6,19.279999,1022.39,1.25,4.06 22:03:42 21/07/20
4,59.5,19.165,1022.45,0.68,4.05 22:08:57 21/07/20
2,59.6,18.974998,1022.52,0.34,4.05 22:14:15 21/07/20
0,59.6,18.85,1022.53,0.16,4.05 22:19:35 21/07/20
0,59.7,18.68,1022.56,0.08,4.04 22:24:51 21/07/20
0,60.2,18.555,1022.54,0.03,4.04 22:30:04 21/07/20
0,60.3,18.37,1022.62,0.01,4.04 22:35:20 21/07/20
0,61.2,18.195,1022.57,0.0,4.03 22:40:34 21/07/20
0,61.2,18.095001,1022.58,0.0,4.03 22:45:48 21/07/20
0,61.1,17.97,1022.6,0.0,4.02 22:51:08 21/07/20
0,61.8,17.87,1022.6,0.0,4.02 22:56:26 21/07/20
0,62.9,17.695,1022.61,0.0,4.02 23:01:41 21/07/20
0,61.8,17.58,1022.64,0.0,4.02 23:06:55 21/07/20
0,61.5,17.47,1022.6,0.0,4.02 23:12:10 21/07/20
0,63.2,17.305,1022.65,0.0,4.01 23:17:24 21/07/20
0,62.7,17.185001,1022.69,0.0,4.01 23:22:40 21/07/20
0,62.9,17.015,1022.75,0.0,4.01 23:27:53 21/07/20
0,63.5,16.900002,1022.81,0.0,4.01 23:33:08 21/07/20
0,63.7,16.79,1022.82,0.0,4.01 23:38:22 21/07/20
0,64.1,16.619999,1022.85,0.0,4.0 23:43:37 21/07/20
0,64.4,16.51,1022.89,0.0,4.0 23:48:55 21/07/20
0,63.8,16.4,1022.88,0.0,4.0 23:54:14 21/07/20
0,64.1,16.29,1022.91,0.0,4.0 23:59:29 21/07/20
