0,63.2,16.29,1018.9,0.0,4.0 00:00:36 23/07/20
0,64.5,16.189999,1018.93,0.0,4.0 00:05:51 23/07/20
0,65.2,16.099998,1018.87,0.0,4.0 00:11:06 23/07/20
0,64.8,16.015,1018.95,0.0,3.99 00:16:19 23/07/20
0,65.4,15.965,1018.89,0.0,3.99 00:21:37 23/07/20
0,65.3,15.815001,1018.89,0.0,3.99 00:26:56 23/07/20
0,65.5,15.77,1018.85,0.0,3.99 00:32:11 23/07/20
0,65.0,15.685,1018.83,0.0,3.99 00:37:23 23/07/20
0,66.0,15.59,1018.89,0.0,3.98 00:42:39 23/07/20
0,66.4,15.495001,1018.87,0.0,3.95 00:47:52 23/07/20
0,67.3,15.405001,1018.88,0.0,3.99 00:53:08 23/07/20
0,67.1,15.365,1018.94,0.0,3.99 00:58:22 23/07/20
0,67.4,15.285,1018.9,0.0,3.98 01:03:37 23/07/20
0,67.9,15.265,1018.86,0.0,3.98 01:08:50 23/07/20
0,68.9,15.184999,1018.85,0.0,3.98 01:14:04 23/07/20
0,69.7,15.1,1018.87,0.0,3.98 01:19:22 23/07/20
0,69.7,15.075,1018.84,0.0,3.98 01:24:41 23/07/20
0,70.2,14.98,1018.88,0.0,3.98 01:29:55 23/07/20
0,69.5,14.915,1018.92,0.0,3.97 01:35:13 23/07/20
0,70.9,14.945,1018.9,0.0,3.97 01:40:32 23/07/20
0,70.5,14.87,1018.83,0.0,3.97 01:45:46 23/07/20
0,70.7,14.8,1018.91,0.0,3.97 01:51:01 23/07/20
0,72.6,14.775,1018.88,0.0,3.97 01:56:15 23/07/20
0,72.0,14.705,1018.85,0.0,3.97 02:01:29 23/07/20
0,71.3,14.665,1018.78,0.0,3.97 02:06:41 23/07/20
0,72.2,14.585,1018.8,0.0,3.97 02:11:57 23/07/20
0,72.2,14.5,1018.73,0.0,3.96 02:17:12 23/07/20
0,73.2,14.47,1018.72,0.0,3.96 02:22:24 23/07/20
0,72.1,14.395,1018.75,0.0,3.96 02:27:39 23/07/20
0,73.6,14.375,1018.76,0.0,3.96 02:32:53 23/07/20
0,73.6,14.3,1018.66,0.0,3.96 02:38:05 23/07/20
0,73.7,14.265,1018.53,0.0,3.96 02:43:21 23/07/20
0,75.1,14.184999,1018.48,0.0,3.93 02:48:35 23/07/20
0,76.0,14.11,1018.57,0.0,3.96 02:53:49 23/07/20
0,74.3,14.02,1018.5,0.0,3.96 02:59:03 23/07/20
0,75.7,13.995,1018.52,0.0,3.96 03:04:17 23/07/20
0,76.2,13.915,1018.45,0.0,3.96 03:09:31 23/07/20
0,75.1,13.875,1018.34,0.0,3.96 03:14:45 23/07/20
0,75.4,13.795,1018.4,0.0,3.96 03:19:59 23/07/20
2,76.8,13.705,1018.39,0.0,3.96 03:25:13 23/07/20
3,76.3,13.61,1018.41,0.0,3.96 03:30:25 23/07/20
5,76.7,13.565,1018.46,0.0,3.96 03:35:41 23/07/20
5,77.5,13.485001,1018.45,0.0,3.95 03:40:56 23/07/20
6,78.0,13.4,1018.45,0.0,3.95 03:46:09 23/07/20
5,77.5,13.295,1018.39,0.0,3.95 03:51:23 23/07/20
5,77.8,13.265,1018.42,0.0,3.95 03:56:37 23/07/20
5,78.3,13.17,1018.36,0.0,3.95 04:01:51 23/07/20
5,78.0,13.085,1018.34,0.0,3.95 04:07:05 23/07/20
5,79.0,12.99,1018.33,0.0,3.94 04:12:18 23/07/20
4,78.3,12.9,1018.34,0.0,3.95 04:17:32 23/07/20
4,79.2,12.81,1018.35,0.0,3.94 04:22:47 23/07/20
4,78.5,12.77,1018.23,0.0,3.94 04:28:00 23/07/20
4,79.6,12.684999,1018.24,0.0,3.94 04:33:14 23/07/20
4,79.2,12.59,1018.15,0.0,3.94 04:38:28 23/07/20
3,80.0,12.5,1018.16,0.0,3.94 04:43:42 23/07/20
3,79.6,12.41,1018.12,0.0,3.94 04:48:56 23/07/20
3,81.2,12.315001,1018.13,0.01,3.94 04:54:09 23/07/20
4,80.3,12.285,1018.05,0.03,3.94 04:59:26 23/07/20
4,81.8,12.2,1018.02,0.07,3.94 05:04:43 23/07/20
5,80.6,12.18,1017.94,0.15,3.94 05:10:02 23/07/20
5,82.0,12.16,1017.98,0.32,3.94 05:15:21 23/07/20
8,81.3,12.07,1017.83,0.64,3.94 05:20:38 23/07/20
10,83.3,11.99,1017.77,1.16,3.94 05:25:57 23/07/20
13,82.2,11.955,1017.75,1.8,3.93 05:31:11 23/07/20
19,83.4,11.875,1017.72,2.47,3.93 05:36:24 23/07/20
27,81.4,11.785,1017.67,3.05,3.93 05:41:38 23/07/20
34,82.1,11.765,1017.62,3.54,3.93 05:46:55 23/07/20
42,83.3,11.684999,1017.61,3.93,3.93 05:52:14 23/07/20
52,84.1,11.605,1017.6,4.04,3.93 05:57:26 23/07/20
60,83.5,11.530001,1017.62,4.18,3.93 06:02:42 23/07/20
67,83.7,11.505,1017.66,4.21,3.93 06:07:55 23/07/20
77,84.2,11.5,1017.66,4.67,3.93 06:13:08 23/07/20
85,83.4,11.485001,1017.63,4.35,3.93 06:18:21 23/07/20
90,85.2,11.47,1017.61,5.0,3.93 06:23:36 23/07/20
96,84.7,11.465,1017.45,5.0,3.93 06:28:49 23/07/20
103,85.5,11.405,1017.36,4.69,3.93 06:34:03 23/07/20
103,84.7,11.455,1017.36,3.99,3.93 06:39:20 23/07/20
113,86.8,11.41,1017.35,5.0,3.93 06:44:39 23/07/20
117,86.3,11.465,1017.33,4.61,3.93 06:49:54 23/07/20
129,85.6,11.48,1017.39,4.72,3.94 06:55:06 23/07/20
122,87.0,11.5,1017.3,5.0,3.93 07:00:23 23/07/20
138,87.1,11.58,1017.17,4.35,3.95 07:05:42 23/07/20
147,88.5,11.67,1017.19,4.83,3.95 07:10:55 23/07/20
155,90.1,11.765,1017.23,5.0,3.96 07:16:09 23/07/20
206,91.7,11.87,1017.16,4.38,3.99 07:21:23 23/07/20
212,87.8,11.975,1017.18,4.2,4.01 07:26:40 23/07/20
216,90.7,12.15,1017.14,4.77,4.01 07:31:57 23/07/20
213,90.1,12.275,1017.08,5.0,4.04 07:37:13 23/07/20
219,89.0,12.46,1017.13,5.0,4.06 07:42:26 23/07/20
227,88.2,12.655001,1017.03,5.0,4.08 07:47:41 23/07/20
239,90.1,12.87,1017.1,4.34,4.11 07:52:54 23/07/20
247,91.0,13.155001,1017.16,4.23,4.14 07:58:08 23/07/20
247,96.8,13.610001,1017.1,4.35,4.18 08:03:25 23/07/20
256,95.3,14.094999,1017.02,5.0,4.21 08:08:45 23/07/20
261,94.9,14.594999,1017.04,4.32,4.2 08:13:59 23/07/20
265,96.4,15.04,1017.09,5.0,4.12 08:19:12 23/07/20
269,95.4,15.485,1017.03,5.0,4.21 08:24:26 23/07/20
273,95.6,15.879999,1016.95,5.0,4.21 08:29:41 23/07/20
276,94.3,16.34,1017.01,5.0,4.21 08:34:55 23/07/20
280,93.2,16.735,1016.89,5.0,4.21 08:40:09 23/07/20
284,91.1,17.05,1016.85,5.0,4.21 08:45:23 23/07/20
286,90.4,17.21,1016.92,5.0,4.21 08:50:38 23/07/20
289,90.5,17.470001,1016.98,5.0,4.21 08:55:52 23/07/20
291,89.5,17.7,1016.98,5.0,4.21 09:01:15 23/07/20
293,89.5,18.015,1017.01,5.0,4.2 09:06:31 23/07/20
296,87.3,18.205,1017.02,5.0,4.21 09:11:45 23/07/20
300,86.1,18.285,1017.03,5.0,4.21 09:16:59 23/07/20
302,84.1,18.305,1017.03,5.0,4.21 09:22:14 23/07/20
303,90.1,18.5,1017.12,5.0,4.21 09:27:32 23/07/20
307,84.3,18.745,1016.97,5.0,4.12 09:32:52 23/07/20
310,83.9,18.865,1016.92,5.0,4.12 09:38:07 23/07/20
312,82.6,18.970001,1016.92,5.0,4.12 09:43:21 23/07/20
315,83.1,19.07,1016.94,5.0,4.21 09:48:36 23/07/20
317,83.4,19.235,1016.88,5.0,4.13 09:53:51 23/07/20
319,83.1,19.36,1016.88,5.0,4.12 09:59:06 23/07/20
321,82.4,19.525,1016.84,5.0,4.12 10:04:20 23/07/20
323,81.6,19.814999,1016.81,5.0,4.12 10:09:35 23/07/20
325,81.3,19.994999,1016.83,5.0,4.13 10:14:51 23/07/20
327,80.1,20.105,1016.79,5.0,4.13 10:20:05 23/07/20
329,80.3,20.3,1016.74,5.0,4.13 10:25:20 23/07/20
330,79.7,20.560001,1016.74,5.0,4.13 10:30:35 23/07/20
332,77.8,20.81,1016.7,5.0,4.13 10:35:50 23/07/20
334,75.9,21.060001,1016.62,5.0,4.13 10:41:05 23/07/20
336,77.2,21.279999,1016.64,5.0,4.13 10:46:20 23/07/20
337,75.6,21.485,1016.61,5.0,4.14 10:51:36 23/07/20
339,74.6,21.650002,1016.64,5.0,4.21 10:56:50 23/07/20
339,75.6,21.86,1016.64,5.0,4.21 11:02:05 23/07/20
343,72.8,22.165,1016.52,5.0,4.21 11:07:26 23/07/20
343,74.8,22.375,1016.54,5.0,4.21 11:12:44 23/07/20
344,67.3,22.560001,1016.45,5.0,4.12 11:18:00 23/07/20
345,71.9,22.615,1016.48,5.0,4.12 11:23:15 23/07/20
346,66.6,22.765,1016.3,5.0,4.13 11:28:30 23/07/20
347,64.3,22.945,1016.24,5.0,4.13 11:33:46 23/07/20
348,67.4,23.055,1016.26,5.0,4.13 11:39:02 23/07/20
349,65.4,23.11,1016.26,5.0,4.13 11:44:16 23/07/20
351,68.2,23.195,1016.25,5.0,4.13 11:49:32 23/07/20
352,67.6,23.295,1016.21,5.0,4.13 11:54:47 23/07/20
353,66.5,23.4,1016.11,5.0,4.13 12:00:03 23/07/20
354,66.3,23.57,1016.04,5.0,4.13 12:05:18 23/07/20
355,68.0,23.77,1016.07,5.0,4.13 12:10:34 23/07/20
356,68.3,24.015,1016.05,5.0,4.13 12:15:49 23/07/20
356,67.3,24.16,1015.97,5.0,4.13 12:21:05 23/07/20
358,65.8,24.42,1015.91,5.0,4.13 12:26:20 23/07/20
357,66.3,24.650002,1015.87,5.0,4.13 12:31:37 23/07/20
358,65.3,24.84,1015.76,5.0,4.14 12:36:52 23/07/20
358,58.1,25.035,1015.79,5.0,4.14 12:42:08 23/07/20
361,57.9,25.08,1015.72,5.0,4.14 12:47:23 23/07/20
361,60.3,25.165,1015.66,5.0,4.14 12:52:40 23/07/20
362,61.7,25.325,1015.63,5.0,4.21 12:57:55 23/07/20
361,61.3,25.54,1015.55,5.0,4.21 13:03:14 23/07/20
353,56.1,25.655,1015.48,5.0,4.21 13:08:38 23/07/20
363,54.6,25.57,1015.42,5.0,4.2 13:14:10 23/07/20
357,55.6,25.515,1015.38,5.0,4.2 13:14:20 23/07/20
360,52.1,25.445,1015.26,5.0,4.21 13:19:42 23/07/20
351,57.7,25.655,1015.21,5.0,4.13 13:24:57 23/07/20
342,56.0,25.77,1015.17,5.0,4.13 13:30:13 23/07/20
363,54.1,25.86,1015.11,5.0,4.13 13:35:29 23/07/20
365,55.1,25.96,1015.08,5.0,4.13 13:40:45 23/07/20
363,55.6,26.065,1014.95,5.0,4.13 13:46:04 23/07/20
364,57.7,26.325,1014.89,5.0,4.13 13:51:26 23/07/20
366,52.0,26.535,1014.78,5.0,4.13 13:56:42 23/07/20
361,52.1,26.575,1014.74,5.0,4.13 14:01:58 23/07/20
365,55.5,26.82,1014.8,5.0,4.13 14:07:13 23/07/20
339,57.0,27.095001,1014.7,5.0,4.13 14:12:27 23/07/20
358,54.8,27.325,1014.64,5.0,4.13 14:17:45 23/07/20
366,53.2,27.494999,1014.54,5.0,4.13 14:23:05 23/07/20
367,52.4,27.55,1014.59,5.0,4.13 14:28:26 23/07/20
367,51.5,27.57,1014.49,5.0,4.13 14:33:45 23/07/20
361,50.7,27.645,1014.37,5.0,4.13 14:38:59 23/07/20
367,51.0,27.735,1014.31,5.0,4.14 14:44:16 23/07/20
367,51.7,27.7,1014.22,5.0,4.14 14:49:31 23/07/20
362,50.9,27.83,1014.22,5.0,4.13 14:54:51 23/07/20
367,48.9,28.02,1014.18,5.0,4.14 15:00:11 23/07/20
365,51.3,27.975,1014.12,5.0,4.14 15:05:29 23/07/20
334,48.1,28.145,1014.05,5.0,4.14 15:10:46 23/07/20
353,51.2,28.2,1014.03,5.0,4.21 15:16:02 23/07/20
357,47.9,28.21,1013.95,5.0,4.21 15:21:24 23/07/20
333,45.4,28.025,1013.95,5.0,4.13 15:26:43 23/07/20
360,48.5,28.07,1013.88,5.0,4.13 15:31:59 23/07/20
355,49.7,28.32,1013.75,5.0,4.13 15:37:15 23/07/20
361,50.5,28.585,1013.69,5.0,4.13 15:42:32 23/07/20
356,46.4,28.575,1013.6,5.0,4.13 15:47:48 23/07/20
362,45.5,28.51,1013.48,5.0,4.13 15:53:04 23/07/20
361,49.8,28.630001,1013.45,5.0,4.13 15:58:21 23/07/20
358,47.6,28.675,1013.45,5.0,4.13 16:03:35 23/07/20
302,50.8,28.825,1013.32,5.0,4.13 16:08:57 23/07/20
351,44.2,28.735,1013.28,5.0,4.13 16:14:22 23/07/20
332,49.7,28.77,1013.23,5.0,4.13 16:19:44 23/07/20
352,50.1,28.779999,1013.12,5.0,4.13 16:25:05 23/07/20
352,44.5,28.775,1013.07,5.0,4.13 16:30:26 23/07/20
350,46.3,28.845001,1013.02,5.0,4.13 16:35:45 23/07/20
305,45.7,28.86,1012.91,5.0,4.13 16:41:08 23/07/20
328,46.9,28.795,1012.84,5.0,4.13 16:46:24 23/07/20
353,45.4,28.86,1012.81,5.0,4.13 16:51:42 23/07/20
338,43.5,28.935001,1012.73,5.0,4.14 16:56:57 23/07/20
280,44.8,28.825,1012.7,5.0,4.14 17:02:13 23/07/20
273,45.9,28.695,1012.62,5.0,4.14 17:07:29 23/07/20
249,45.5,28.465,1012.65,4.3,4.2 17:12:44 23/07/20
293,45.8,28.18,1012.56,5.0,4.21 17:18:06 23/07/20
336,46.3,28.14,1012.51,5.0,4.21 17:23:30 23/07/20
326,46.7,28.23,1012.44,5.0,4.21 17:28:56 23/07/20
306,46.1,28.33,1012.35,4.31,4.19 17:34:23 23/07/20
293,44.9,28.345,1012.3,4.27,4.17 17:39:41 23/07/20
273,45.6,28.255001,1012.22,5.0,4.13 17:44:59 23/07/20
280,46.0,28.225,1012.14,5.0,4.13 17:50:14 23/07/20
282,45.5,28.14,1012.06,5.0,4.13 17:55:34 23/07/20
238,45.4,28.11,1011.94,5.0,4.13 18:00:55 23/07/20
238,45.3,27.96,1011.88,5.0,4.13 18:06:10 23/07/20
261,44.9,27.79,1011.85,5.0,4.13 18:11:29 23/07/20
279,45.0,27.720001,1011.76,5.0,4.13 18:16:45 23/07/20
294,46.8,27.66,1011.73,5.0,4.13 18:22:01 23/07/20
317,46.7,27.725,1011.69,5.0,4.13 18:27:17 23/07/20
298,45.9,27.75,1011.66,4.3,4.18 18:32:38 23/07/20
234,45.2,27.705,1011.59,5.0,4.13 18:37:58 23/07/20
254,43.8,27.59,1011.61,5.0,4.12 18:43:14 23/07/20
275,45.7,27.474998,1011.56,5.0,4.13 18:48:30 23/07/20
281,46.5,27.45,1011.51,5.0,4.13 18:53:50 23/07/20
292,45.1,27.435,1011.46,5.0,4.13 18:59:11 23/07/20
299,45.8,27.275002,1011.44,5.0,4.13 19:04:31 23/07/20
281,45.2,27.26,1011.38,4.48,4.16 19:09:52 23/07/20
216,45.1,27.175,1011.32,5.0,4.16 19:15:10 23/07/20
215,46.4,27.1,1011.31,5.0,4.15 19:20:25 23/07/20
175,45.3,26.99,1011.24,4.23,4.15 19:25:41 23/07/20
230,46.5,26.88,1011.19,4.34,4.15 19:30:57 23/07/20
175,45.0,26.765,1011.08,4.22,4.14 19:36:14 23/07/20
174,45.5,26.619999,1011.1,4.33,4.1 19:41:35 23/07/20
165,45.9,26.564999,1011.05,4.18,4.11 19:46:54 23/07/20
161,46.3,26.485,1011.06,5.0,4.16 19:52:10 23/07/20
158,46.5,26.445,1011.0,5.0,4.14 19:57:26 23/07/20
166,46.9,26.365,1011.02,5.0,4.14 20:02:42 23/07/20
178,47.3,26.29,1011.02,5.0,4.14 20:07:58 23/07/20
179,47.6,26.27,1010.99,5.0,4.14 20:13:15 23/07/20
169,48.1,26.2,1010.98,5.0,4.14 20:18:30 23/07/20
152,48.1,26.130001,1010.94,5.0,4.16 20:23:46 23/07/20
141,47.8,26.015,1010.93,5.0,4.15 20:29:02 23/07/20
135,48.0,25.970001,1010.92,4.92,4.15 20:34:18 23/07/20
131,48.3,25.89,1010.94,5.0,4.15 20:39:34 23/07/20
123,48.7,25.795,1010.9,4.22,4.15 20:44:50 23/07/20
115,48.7,25.705,1010.84,4.67,4.14 20:50:09 23/07/20
108,49.0,25.619999,1010.84,4.64,4.14 20:55:31 23/07/20
105,49.5,25.51,1010.81,5.0,4.13 21:00:46 23/07/20
88,49.1,25.34,1010.79,4.89,4.12 21:06:02 23/07/20
81,49.0,25.21,1010.74,4.72,4.11 21:11:21 23/07/20
76,49.4,25.1,1010.74,4.48,4.11 21:16:42 23/07/20
73,49.8,24.945,1010.81,4.55,4.1 21:21:58 23/07/20
61,50.3,24.84,1010.8,4.21,4.09 21:27:13 23/07/20
47,50.7,24.725,1010.79,4.05,4.08 21:32:29 23/07/20
41,51.0,24.605,1010.77,3.97,4.08 21:37:45 23/07/20
30,50.9,24.435,1010.8,3.62,4.07 21:42:59 23/07/20
21,51.5,24.32,1010.79,2.81,4.07 21:48:16 23/07/20
14,51.7,24.145,1010.78,1.92,4.03 21:53:36 23/07/20
8,51.5,24.02,1010.87,1.26,4.06 21:58:56 23/07/20
4,52.8,23.85,1010.97,0.77,4.06 22:04:12 23/07/20
2,51.8,23.720001,1010.95,0.38,4.05 22:09:27 23/07/20
0,52.1,23.57,1010.95,0.2,4.05 22:14:43 23/07/20
0,52.2,23.51,1010.92,0.1,4.05 22:19:58 23/07/20
0,53.0,23.365002,1011.0,0.04,4.04 22:25:14 23/07/20
0,53.2,23.265,1011.0,0.02,4.04 22:30:29 23/07/20
0,53.1,23.23,1011.03,0.0,4.04 22:35:45 23/07/20
0,53.5,23.135,1011.02,0.0,4.03 22:41:00 23/07/20
0,53.9,23.06,1011.05,0.0,4.03 22:46:16 23/07/20
0,53.8,23.029999,1011.08,0.0,4.03 22:51:31 23/07/20
0,54.0,22.935,1011.04,0.0,4.02 22:56:50 23/07/20
0,55.3,22.87,1011.07,0.0,4.02 23:02:14 23/07/20
0,54.8,22.835,1011.07,0.0,4.02 23:07:35 23/07/20
0,54.9,22.744999,1011.13,0.0,4.02 23:12:50 23/07/20
0,55.2,22.654999,1011.12,0.0,4.02 23:18:05 23/07/20
0,56.2,22.56,1011.1,0.0,4.01 23:23:24 23/07/20
0,56.6,22.474998,1011.08,0.0,4.01 23:28:48 23/07/20
0,56.7,22.39,1011.03,0.0,4.01 23:34:08 23/07/20
0,56.9,22.35,1011.04,0.0,4.01 23:39:24 23/07/20
0,57.3,22.26,1010.99,0.0,4.01 23:44:40 23/07/20
0,57.8,22.175,1011.0,0.0,4.01 23:49:54 23/07/20
0,58.5,22.145,1011.05,0.0,4.0 23:55:10 23/07/20
