11,91.5,20.85,1005.66,0.0,3.99 00:01:11 26/07/20
13,92.0,20.785,1005.64,0.0,3.99 00:06:29 26/07/20
12,93.8,20.795,1005.67,0.0,3.98 00:11:50 26/07/20
13,92.6,20.775002,1005.72,0.0,3.98 00:17:05 26/07/20
13,92.8,20.765,1005.64,0.0,3.98 00:22:20 26/07/20
13,93.7,20.705,1005.65,0.0,3.98 00:27:34 26/07/20
14,94.4,20.689999,1005.64,0.0,3.98 00:32:50 26/07/20
15,95.2,20.67,1005.61,0.0,3.98 00:38:05 26/07/20
16,95.1,20.599998,1005.55,0.0,3.98 00:43:20 26/07/20
18,94.4,20.57,1005.62,0.0,3.98 00:48:35 26/07/20
19,95.4,20.509998,1005.68,0.0,3.98 00:53:50 26/07/20
21,96.3,20.494999,1005.71,0.0,3.97 00:59:05 26/07/20
21,96.5,20.435001,1005.62,0.0,3.97 01:04:20 26/07/20
18,96.3,20.42,1005.66,0.0,3.94 01:09:35 26/07/20
21,96.1,20.405,1005.68,0.0,3.97 01:14:49 26/07/20
22,95.7,20.385,1005.61,0.0,3.97 01:20:04 26/07/20
23,96.8,20.32,1005.61,0.0,3.97 01:25:19 26/07/20
25,97.2,20.305,1005.69,0.0,3.97 01:30:34 26/07/20
25,96.6,20.220001,1005.65,0.0,3.97 01:35:49 26/07/20
23,97.5,20.14,1005.65,0.0,3.97 01:41:04 26/07/20
23,96.6,20.11,1005.56,0.0,3.96 01:46:22 26/07/20
22,97.0,20.04,1005.55,0.0,3.96 01:51:43 26/07/20
21,98.7,19.95,1005.53,0.0,3.96 01:56:57 26/07/20
22,97.6,19.865,1005.51,0.0,3.96 02:02:12 26/07/20
19,98.7,19.825,1005.56,0.0,3.96 02:07:25 26/07/20
20,98.9,19.735,1005.5,0.0,3.96 02:12:42 26/07/20
20,98.3,19.66,1005.54,0.0,3.96 02:17:56 26/07/20
20,99.0,19.615,1005.44,0.0,3.96 02:23:11 26/07/20
22,97.7,19.52,1005.36,0.0,3.96 02:28:27 26/07/20
21,98.6,19.44,1005.25,0.0,3.96 02:33:41 26/07/20
23,97.7,19.415,1005.25,0.0,3.96 02:38:59 26/07/20
21,98.5,19.385,1005.25,0.0,3.96 02:44:19 26/07/20
21,98.5,19.32,1005.28,0.0,3.95 02:49:34 26/07/20
21,98.1,19.279999,1005.28,0.0,3.95 02:54:49 26/07/20
23,98.2,19.215,1005.36,0.0,3.95 03:00:05 26/07/20
22,98.0,19.195,1005.4,0.0,3.95 03:05:19 26/07/20
26,97.6,19.185001,1005.35,0.0,3.95 03:10:37 26/07/20
23,99.9,19.189999,1005.36,0.0,3.95 03:15:57 26/07/20
25,99.6,19.195,1005.23,0.0,3.95 03:21:11 26/07/20
23,97.8,19.185001,1005.18,0.0,3.95 03:26:25 26/07/20
24,97.7,19.175,1005.25,0.0,3.95 03:31:40 26/07/20
25,97.2,19.16,1005.23,0.0,3.95 03:36:56 26/07/20
26,98.0,19.154999,1005.32,0.0,3.95 03:42:10 26/07/20
27,97.7,19.16,1005.4,0.0,3.95 03:47:28 26/07/20
23,98.9,19.115,1005.4,0.0,3.95 03:52:48 26/07/20
23,98.6,19.11,1005.3,0.0,3.95 03:58:02 26/07/20
26,98.2,19.154999,1005.28,0.0,3.95 04:03:17 26/07/20
26,99.7,19.17,1005.23,0.0,3.95 04:08:33 26/07/20
24,98.9,19.165,1005.34,0.0,3.95 04:13:47 26/07/20
24,99.9,19.11,1005.34,0.0,3.95 04:19:02 26/07/20
24,99.1,19.154999,1005.39,0.0,3.95 04:24:16 26/07/20
26,98.5,19.105,1005.13,0.0,3.94 04:29:32 26/07/20
27,99.7,19.16,1005.03,0.0,3.94 04:34:46 26/07/20
26,99.5,19.11,1005.46,0.0,3.94 04:40:01 26/07/20
22,99.1,19.095001,1005.27,0.0,3.94 04:45:13 26/07/20
30,99.9,19.095001,1005.22,0.0,3.94 04:50:35 26/07/20
26,99.6,19.08,1005.06,0.0,3.94 04:55:53 26/07/20
27,99.9,19.08,1005.31,0.0,3.94 05:01:09 26/07/20
26,99.2,19.07,1005.22,0.0,3.94 05:06:23 26/07/20
24,98.6,19.0,1005.11,0.01,3.94 05:11:36 26/07/20
27,99.9,18.985,1005.25,0.04,3.94 05:16:52 26/07/20
28,99.9,18.98,1005.27,0.12,3.94 05:22:07 26/07/20
31,99.7,18.97,1005.24,0.23,3.93 05:27:25 26/07/20
30,99.9,18.95,1005.41,0.52,3.9 05:32:45 26/07/20
36,99.9,18.895,1005.34,1.16,3.93 05:38:03 26/07/20
38,99.9,18.895,1005.55,1.8,3.93 05:43:23 26/07/20
47,99.9,18.87,1005.56,2.47,3.93 05:48:39 26/07/20
48,99.9,18.8,1005.61,2.78,3.93 05:53:52 26/07/20
57,99.9,18.775002,1005.69,3.31,3.93 05:59:07 26/07/20
58,99.9,18.71,1005.66,3.53,3.93 06:04:21 26/07/20
56,99.9,18.7,1005.79,3.48,3.93 06:09:34 26/07/20
68,99.9,18.685001,1005.76,3.69,3.93 06:14:51 26/07/20
59,99.9,18.68,1005.82,3.55,3.93 06:20:05 26/07/20
82,99.9,18.68,1005.85,4.05,3.93 06:25:20 26/07/20
91,99.9,18.67,1005.85,4.35,3.93 06:30:35 26/07/20
99,99.9,18.615,1005.98,4.38,3.93 06:35:53 26/07/20
108,99.9,18.59,1005.99,4.86,3.93 06:41:13 26/07/20
121,99.9,18.52,1006.05,5.0,3.93 06:46:26 26/07/20
130,99.9,18.494999,1006.09,5.0,3.93 06:51:41 26/07/20
128,99.9,18.48,1006.18,5.0,3.93 06:56:57 26/07/20
141,99.9,18.47,1006.16,4.39,3.93 07:02:11 26/07/20
146,99.9,18.48,1006.2,4.16,3.94 07:07:26 26/07/20
147,99.9,18.48,1006.21,5.0,3.93 07:12:44 26/07/20
170,99.9,18.46,1006.21,4.08,3.95 07:18:04 26/07/20
191,99.9,18.405,1006.31,4.17,3.96 07:23:18 26/07/20
219,99.9,18.39,1006.27,4.11,3.99 07:28:38 26/07/20
225,99.9,18.400002,1006.31,4.13,4.0 07:33:56 26/07/20
229,99.9,18.425,1006.53,4.11,3.98 07:39:11 26/07/20
203,99.9,18.494999,1006.65,4.07,4.01 07:44:26 26/07/20
202,99.9,18.5,1006.67,5.0,4.01 07:49:40 26/07/20
218,99.9,18.515,1006.71,5.0,4.02 07:54:55 26/07/20
213,99.9,18.505,1006.8,4.2,4.05 08:00:08 26/07/20
241,99.9,18.455,1006.93,4.24,4.09 08:05:25 26/07/20
226,99.9,18.5,1006.99,4.5,4.11 08:10:39 26/07/20
239,99.9,18.505,1007.06,4.24,4.16 08:15:53 26/07/20
222,99.9,18.545,1007.13,4.32,4.17 08:21:09 26/07/20
258,99.9,18.619999,1007.3,5.0,4.21 08:26:23 26/07/20
200,99.9,18.65,1007.43,4.96,4.17 08:31:37 26/07/20
194,99.9,18.654999,1007.41,5.0,4.12 08:36:52 26/07/20
234,99.9,18.654999,1007.58,5.0,4.13 08:42:07 26/07/20
271,99.9,18.735,1007.73,5.0,4.13 08:47:21 26/07/20
213,99.9,18.84,1007.82,5.0,4.13 08:52:37 26/07/20
165,99.9,18.94,1007.86,5.0,4.13 08:57:51 26/07/20
290,99.9,19.045,1007.87,5.0,4.14 09:03:05 26/07/20
294,99.9,19.215,1007.96,5.0,4.14 09:08:20 26/07/20
297,99.9,19.295,1008.06,5.0,4.21 09:13:35 26/07/20
301,99.9,19.325,1008.21,5.0,4.21 09:18:50 26/07/20
305,99.7,19.405,1008.25,5.0,4.21 09:24:04 26/07/20
311,99.3,19.49,1008.28,5.0,4.21 09:29:17 26/07/20
309,98.3,19.505,1008.35,5.0,4.21 09:34:35 26/07/20
310,98.0,19.595001,1008.33,5.0,4.12 09:39:49 26/07/20
316,97.1,19.67,1008.41,5.0,4.21 09:45:04 26/07/20
328,96.7,19.705,1008.41,5.0,4.21 09:50:19 26/07/20
323,95.8,19.775002,1008.52,5.0,4.12 09:55:33 26/07/20
328,96.5,19.87,1008.64,5.0,4.12 10:00:48 26/07/20
260,95.8,19.87,1008.65,5.0,4.12 10:06:04 26/07/20
263,96.7,19.900002,1008.8,5.0,4.13 10:11:18 26/07/20
244,96.5,19.985,1008.83,5.0,4.13 10:16:31 26/07/20
358,95.4,19.98,1008.94,5.0,4.13 10:21:48 26/07/20
262,95.1,20.055,1008.98,5.0,4.13 10:27:03 26/07/20
243,94.5,20.07,1009.13,5.0,4.13 10:32:17 26/07/20
341,95.0,20.064999,1009.17,5.0,4.13 10:37:32 26/07/20
239,95.0,20.14,1009.16,5.0,4.12 10:42:51 26/07/20
212,95.3,20.23,1009.25,5.0,4.13 10:48:11 26/07/20
350,95.3,20.32,1009.28,5.0,4.13 10:53:29 26/07/20
252,95.1,20.439999,1009.24,5.0,4.13 10:58:48 26/07/20
366,94.3,20.455,1009.25,5.0,4.13 11:04:05 26/07/20
288,95.7,20.630001,1009.24,5.0,4.13 11:09:20 26/07/20
363,95.0,20.82,1009.24,5.0,4.14 11:14:35 26/07/20
358,94.9,21.029999,1009.29,5.0,4.14 11:19:50 26/07/20
370,92.3,21.225,1009.3,5.0,4.14 11:25:05 26/07/20
372,94.0,21.415,1009.25,5.0,4.14 11:30:19 26/07/20
363,93.6,21.505001,1009.3,5.0,4.21 11:35:34 26/07/20
347,94.7,21.67,1009.32,5.0,4.21 11:40:50 26/07/20
288,94.7,21.86,1009.33,4.32,4.21 11:46:05 26/07/20
359,92.7,21.98,1009.34,5.0,4.13 11:51:18 26/07/20
279,93.3,22.175,1009.47,5.0,4.13 11:56:36 26/07/20
243,94.4,22.369999,1009.61,5.0,4.13 12:01:50 26/07/20
225,92.1,22.33,1009.63,5.0,4.13 12:07:05 26/07/20
187,91.8,22.21,1009.73,5.0,4.13 12:12:21 26/07/20
210,91.9,21.955,1009.86,5.0,4.13 12:17:37 26/07/20
345,92.9,21.689999,1009.93,5.0,4.13 12:22:51 26/07/20
271,93.5,21.645,1009.95,5.0,4.13 12:28:06 26/07/20
332,93.6,21.545,1010.04,5.0,4.13 12:33:22 26/07/20
288,94.0,21.605,1010.0,5.0,4.13 12:38:37 26/07/20
89,57.5,23.585,1012.65,4.7,3.72 20:58:52 26/07/20
88,59.3,23.03,1012.69,4.51,3.77 21:04:08 26/07/20
86,60.5,22.505001,1012.85,4.66,3.79 21:09:22 26/07/20
79,61.5,22.17,1012.78,4.52,3.79 21:14:38 26/07/20
68,62.3,21.985,1012.94,4.08,3.8 21:19:53 26/07/20
46,63.1,21.8,1013.14,3.75,3.79 21:25:09 26/07/20
38,62.6,21.625,1013.16,3.26,3.8 21:30:24 26/07/20
31,62.8,21.49,1013.22,2.95,3.8 21:35:39 26/07/20
25,63.1,21.325,1013.25,2.57,3.8 21:40:52 26/07/20
18,63.2,21.19,1013.38,2.05,3.8 21:46:09 26/07/20
12,63.4,21.01,1013.35,1.49,3.8 21:51:24 26/07/20
7,63.5,20.84,1013.38,0.93,3.8 21:56:40 26/07/20
3,64.6,20.73,1013.51,0.51,3.8 22:02:08 26/07/20
1,64.0,20.619999,1013.58,0.25,3.8 22:07:27 26/07/20
0,64.0,20.51,1013.69,0.12,3.8 22:12:46 26/07/20
0,64.2,20.35,1013.74,0.05,3.8 22:18:05 26/07/20
0,64.5,20.23,1013.78,0.02,3.79 22:23:20 26/07/20
0,64.7,20.119999,1013.89,0.01,3.79 22:28:35 26/07/20
0,65.0,19.945,1013.98,0.0,3.79 22:33:50 26/07/20
0,65.3,19.83,1013.9,0.0,3.79 22:39:05 26/07/20
0,65.5,19.654999,1013.82,0.0,3.79 22:44:21 26/07/20
0,66.0,19.545,1013.89,0.0,3.79 22:49:35 26/07/20
0,66.2,19.439999,1013.93,0.0,3.79 22:54:50 26/07/20
0,66.6,19.335,1014.01,0.0,3.75 23:00:04 26/07/20
0,66.6,19.185001,1014.0,0.0,3.79 23:05:19 26/07/20
0,67.0,19.130001,1013.96,0.0,3.79 23:10:34 26/07/20
0,67.2,18.965,1014.07,0.0,3.8 23:15:49 26/07/20
0,67.8,18.87,1014.2,0.0,3.78 23:21:04 26/07/20
0,68.1,18.83,1014.28,0.0,3.78 23:26:19 26/07/20
0,68.5,18.74,1014.24,0.0,3.78 23:31:33 26/07/20
0,68.5,18.58,1014.09,0.0,3.78 23:36:48 26/07/20
0,68.9,18.54,1014.1,0.0,3.78 23:42:03 26/07/20
0,69.2,18.445,1014.11,0.0,3.78 23:47:17 26/07/20
0,69.8,18.35,1014.15,0.0,3.78 23:52:33 26/07/20
0,69.3,18.27,1014.14,0.0,3.78 23:57:47 26/07/20
