71,92.30,11.53,1010.29,0.00,3.87 00:00:52 12/11/18
67,93.00,11.32,1010.12,0.00,3.86 00:06:08 12/11/18
72,93.10,11.23,1010.22,0.00,3.87 00:11:22 12/11/18
71,93.30,11.16,1010.50,0.00,3.87 00:16:34 12/11/18
72,93.30,11.16,1010.51,0.00,3.84 00:21:43 12/11/18
69,93.60,11.15,1010.46,0.00,3.86 00:26:59 12/11/18
71,93.50,11.15,1010.68,0.00,3.86 00:32:15 12/11/18
70,93.40,11.15,1010.59,0.00,3.86 00:37:27 12/11/18
71,93.30,11.15,1010.69,0.00,3.86 00:42:38 12/11/18
75,92.30,11.47,1010.61,0.00,3.85 00:47:46 12/11/18
72,92.70,11.44,1010.45,0.00,3.86 00:52:59 12/11/18
70,93.30,11.31,1010.43,0.00,3.86 00:58:11 12/11/18
72,93.70,11.25,1010.60,0.00,3.86 01:03:22 12/11/18
73,93.60,11.24,1010.38,0.00,3.86 01:08:32 12/11/18
69,93.40,11.23,1010.21,0.00,3.86 01:13:48 12/11/18
73,94.10,11.24,1010.20,0.00,3.86 01:19:03 12/11/18
78,93.90,11.24,1010.44,0.00,3.85 01:24:12 12/11/18
73,93.80,11.24,1010.62,0.00,3.86 01:29:25 12/11/18
72,93.50,11.23,1010.52,0.00,3.85 01:34:37 12/11/18
72,93.50,11.23,1010.39,0.00,3.86 01:39:48 12/11/18
71,93.70,11.24,1010.38,0.00,3.85 01:44:59 12/11/18
72,94.20,11.24,1010.51,0.00,3.85 01:50:11 12/11/18
76,93.80,11.24,1010.43,0.00,3.85 01:55:20 12/11/18
73,93.80,11.24,1010.42,0.00,3.85 02:00:32 12/11/18
75,93.60,11.24,1010.43,0.00,3.85 02:05:43 12/11/18
74,93.60,11.24,1010.41,0.00,3.85 02:10:54 12/11/18
72,94.10,11.25,1010.44,0.00,3.85 02:16:05 12/11/18
70,94.30,11.26,1010.52,0.00,3.85 02:21:16 12/11/18
66,93.60,11.26,1010.60,0.00,3.85 02:26:28 12/11/18
67,93.70,11.31,1010.51,0.00,3.85 02:31:39 12/11/18
66,93.80,11.25,1010.35,0.00,3.85 02:36:49 12/11/18
67,93.80,11.25,1010.36,0.00,3.85 02:41:61 12/11/18
67,93.80,11.25,1010.37,0.00,3.85 02:47:12 12/11/18
67,93.80,11.23,1010.28,0.00,3.85 02:52:22 12/11/18
68,93.30,11.17,1010.21,0.00,3.85 02:57:33 12/11/18
69,93.60,11.16,1010.21,0.00,3.85 03:02:44 12/11/18
69,93.90,11.17,1010.31,0.00,3.85 03:07:55 12/11/18
68,94.20,11.22,1010.43,0.00,3.84 03:13:07 12/11/18
69,93.90,11.22,1010.45,0.00,3.84 03:18:18 12/11/18
69,93.80,11.23,1010.76,0.00,3.84 03:23:31 12/11/18
70,93.60,11.24,1010.85,0.00,3.84 03:28:48 12/11/18
74,93.70,11.23,1010.96,0.00,3.84 03:33:58 12/11/18
0,0.60,0.67,10.95,0.00,84.00 03:39:11 12/11/18
70,94.10,11.16,1010.89,0.00,3.84 03:44:22 12/11/18
70,93.60,11.16,1010.92,0.00,3.84 03:49:33 12/11/18
70,93.80,11.15,1010.76,0.00,3.84 03:54:43 12/11/18
70,93.60,11.15,1010.57,0.00,3.84 03:59:55 12/11/18
67,93.70,11.14,1010.56,0.00,3.84 04:05:10 12/11/18
67,93.60,11.13,1010.50,0.00,3.84 04:10:29 12/11/18
72,92.90,11.40,1010.50,0.00,3.83 04:15:45 12/11/18
65,92.70,11.35,1010.58,0.00,3.83 04:21:01 12/11/18
69,93.30,11.22,1010.38,0.00,3.83 04:26:16 12/11/18
73,93.30,11.12,1010.30,0.00,3.83 04:31:26 12/11/18
73,93.60,11.05,1010.45,0.00,3.83 04:36:36 12/11/18
67,93.50,11.03,1010.36,0.00,3.83 04:41:49 12/11/18
69,92.60,11.36,1010.41,0.00,3.83 04:46:60 12/11/18
70,92.50,11.34,1010.26,0.00,3.83 04:52:11 12/11/18
73,93.00,11.13,1010.25,0.00,3.83 04:57:19 12/11/18
65,93.40,11.05,1010.24,0.00,3.83 05:02:33 12/11/18
66,93.50,11.02,1010.31,0.00,3.83 05:07:44 12/11/18
65,93.50,11.02,1010.39,0.00,3.83 05:12:55 12/11/18
65,93.40,11.02,1010.27,0.00,3.83 05:18:06 12/11/18
69,93.50,11.03,1010.22,0.00,3.83 05:23:15 12/11/18
67,93.60,11.04,1010.38,0.00,3.83 05:28:28 12/11/18
66,93.60,11.04,1010.38,0.00,3.82 05:33:39 12/11/18
70,93.60,11.05,1010.47,0.00,3.83 05:38:48 12/11/18
65,93.60,11.06,1010.51,0.00,3.82 05:44:01 12/11/18
66,94.30,11.07,1010.61,0.00,3.82 05:49:12 12/11/18
70,93.70,11.13,1010.66,0.00,3.83 05:54:21 12/11/18
64,93.80,11.14,1010.63,0.00,3.83 05:59:34 12/11/18
66,93.70,11.16,1010.45,0.00,3.82 06:04:45 12/11/18
67,93.80,11.16,1010.51,0.00,3.82 06:09:57 12/11/18
73,93.00,11.55,1010.54,0.00,3.82 06:15:05 12/11/18
66,92.70,11.53,1010.48,0.00,3.82 06:20:18 12/11/18
71,93.40,11.40,1010.46,0.00,3.82 06:25:28 12/11/18
67,93.40,11.32,1010.52,0.00,3.82 06:30:41 12/11/18
72,93.60,11.31,1010.57,0.00,3.82 06:35:51 12/11/18
63,93.90,11.25,1010.59,0.00,3.82 06:41:16 12/11/18
66,93.50,11.31,1010.57,0.00,3.82 06:46:35 12/11/18
68,93.50,11.25,1010.61,0.00,3.82 06:51:51 12/11/18
67,93.70,11.25,1010.53,0.01,3.82 06:57:05 12/11/18
89,93.50,11.25,1010.46,0.04,3.82 07:02:18 12/11/18
96,93.50,11.24,1010.49,0.12,3.82 07:07:33 12/11/18
105,93.70,11.24,1010.64,0.19,3.82 07:12:43 12/11/18
136,93.50,11.25,1010.79,0.45,3.82 07:17:54 12/11/18
211,93.60,11.25,1010.71,1.07,3.82 07:23:03 12/11/18
303,93.60,11.24,1010.64,1.71,3.82 07:28:15 12/11/18
376,93.60,11.24,1010.51,2.18,3.82 07:33:27 12/11/18
393,93.60,11.24,1010.52,2.38,3.82 07:38:37 12/11/18
398,93.60,11.25,1010.54,2.55,3.82 07:43:48 12/11/18
408,93.60,11.25,1010.54,2.40,3.82 07:48:58 12/11/18
511,93.60,11.25,1010.44,3.36,3.82 07:54:11 12/11/18
552,93.60,11.25,1010.71,3.80,3.82 07:59:22 12/11/18
539,93.60,11.25,1010.91,3.58,3.82 08:04:34 12/11/18
538,93.90,11.31,1010.66,3.46,3.82 08:09:43 12/11/18
657,93.60,11.31,1010.39,3.92,3.82 08:14:54 12/11/18
691,93.70,11.32,1010.51,3.90,3.81 08:20:06 12/11/18
667,93.60,11.33,1010.81,3.88,3.82 08:25:17 12/11/18
735,93.60,11.33,1010.69,3.97,3.82 08:30:34 12/11/18
722,93.60,11.34,1010.70,4.04,3.81 08:35:48 12/11/18
711,93.70,11.34,1010.76,3.91,3.81 08:40:57 12/11/18
700,93.80,11.35,1010.98,3.90,3.81 08:46:10 12/11/18
763,94.00,11.36,1010.95,4.14,3.81 08:51:26 12/11/18
740,93.60,11.43,1011.04,4.09,3.81 08:56:41 12/11/18
752,93.90,11.43,1011.28,4.36,3.81 09:02:05 12/11/18
778,93.70,11.45,1011.43,4.42,3.81 09:07:21 12/11/18
849,94.90,11.46,1011.24,5.00,3.81 09:12:31 12/11/18
876,93.90,11.47,1011.00,4.18,3.81 09:17:42 12/11/18
833,93.70,11.52,1010.90,4.37,3.81 09:22:54 12/11/18
807,92.90,11.87,1010.88,4.77,3.81 09:28:04 12/11/18
779,92.90,11.85,1011.01,4.90,3.81 09:33:16 12/11/18
827,93.30,11.72,1010.93,4.86,3.81 09:38:27 12/11/18
850,93.50,11.65,1010.84,5.00,3.81 09:43:38 12/11/18
869,93.50,11.64,1010.76,3.87,3.81 09:48:49 12/11/18
833,93.60,11.64,1010.76,5.00,3.81 09:53:61 12/11/18
835,93.60,11.65,1010.92,5.00,3.81 09:59:11 12/11/18
849,93.60,11.65,1010.88,4.16,3.81 10:04:21 12/11/18
845,93.90,11.65,1011.14,5.00,3.81 10:09:45 12/11/18
847,93.70,11.73,1011.03,5.00,3.81 10:15:01 12/11/18
878,93.80,11.73,1010.88,5.00,3.81 10:20:12 12/11/18
884,93.70,11.74,1010.96,5.00,3.81 10:25:23 12/11/18
886,93.70,11.76,1010.85,5.00,3.82 10:30:35 12/11/18
884,94.00,11.77,1010.81,5.00,3.81 10:35:53 12/11/18
858,92.90,12.18,1010.83,5.00,3.81 10:41:09 12/11/18
841,93.00,12.23,1010.82,3.93,3.81 10:46:28 12/11/18
831,93.80,12.09,1011.05,4.19,3.81 10:51:52 12/11/18
870,93.50,12.02,1011.21,4.79,3.81 10:57:04 12/11/18
863,93.60,12.01,1011.33,5.00,3.81 11:02:15 12/11/18
848,93.60,12.00,1011.53,5.00,3.81 11:07:26 12/11/18
867,94.10,11.97,1011.67,5.00,3.81 11:12:42 12/11/18
868,94.10,12.01,1011.74,5.00,3.81 11:17:59 12/11/18
869,94.20,12.02,1011.72,5.00,3.81 11:23:18 12/11/18
868,94.40,12.02,1011.78,4.29,3.81 11:28:27 12/11/18
896,94.10,12.02,1011.73,5.00,3.81 11:33:41 12/11/18
886,94.10,12.04,1011.77,5.00,3.81 11:38:60 12/11/18
907,93.70,12.39,1011.64,4.25,3.81 11:44:17 12/11/18
909,92.50,12.70,1011.71,4.32,3.80 11:49:29 12/11/18
895,92.90,12.53,1011.88,5.00,3.81 11:54:41 12/11/18
885,93.40,12.36,1011.89,3.91,3.81 11:59:53 12/11/18
913,93.90,12.24,1011.87,5.00,3.81 12:05:04 12/11/18
892,93.20,12.50,1011.91,5.00,3.80 12:10:14 12/11/18
879,92.90,12.53,1012.07,5.00,3.80 12:15:26 12/11/18
858,93.60,12.39,1012.14,5.00,3.80 12:20:35 12/11/18
872,94.00,12.26,1012.29,4.00,3.81 12:25:52 12/11/18
854,94.10,12.25,1012.36,4.02,3.81 12:31:09 12/11/18
871,93.90,12.24,1012.41,5.00,3.80 12:36:19 12/11/18
919,94.00,6.24,12.49,56.00,81.00 12:41:31 12/11/18
916,94.90,12.26,1012.52,3.91,3.81 12:46:43 12/11/18
926,94.30,12.33,1012.61,5.00,3.82 12:51:53 12/11/18
935,94.80,12.41,1012.57,5.00,3.82 12:57:04 12/11/18
916,94.60,12.45,1012.45,3.91,3.82 13:02:16 12/11/18
929,93.80,12.89,1012.34,5.00,3.81 13:07:26 12/11/18
931,93.20,12.93,1012.17,5.00,3.82 13:12:38 12/11/18
932,93.80,12.86,1012.04,4.02,3.83 13:17:49 12/11/18
934,93.70,12.75,1011.97,4.16,3.83 13:22:61 12/11/18
932,93.90,12.81,1011.98,5.00,3.83 13:28:09 12/11/18
923,94.40,12.84,1011.94,3.91,3.83 13:33:23 12/11/18
926,94.20,12.85,1012.02,3.97,3.83 13:38:34 12/11/18
922,94.00,12.85,1012.18,3.91,3.83 13:43:49 12/11/18
911,93.50,13.18,1012.22,5.00,3.82 13:49:05 12/11/18
913,93.10,13.14,1012.40,4.61,3.83 13:54:16 12/11/18
899,93.70,13.01,1012.49,5.00,3.82 13:59:31 12/11/18
918,94.00,12.94,1012.55,4.04,3.83 14:04:47 12/11/18
913,94.10,12.92,1012.58,3.88,3.83 14:09:58 12/11/18
913,94.30,12.86,1012.51,5.00,3.82 14:15:22 12/11/18
913,93.90,12.93,1012.57,3.90,3.83 14:20:37 12/11/18
910,94.00,12.92,1012.53,4.33,3.83 14:25:53 12/11/18
893,93.90,12.91,1012.62,4.06,3.82 14:31:09 12/11/18
857,94.00,12.86,1012.78,5.00,3.83 14:36:21 12/11/18
860,93.90,12.84,1013.00,5.00,3.82 14:41:31 12/11/18
854,93.90,12.82,1013.14,5.00,3.83 14:46:44 12/11/18
846,94.10,12.75,1013.20,3.99,3.82 14:51:54 12/11/18
822,94.00,12.73,1013.36,4.92,3.82 14:57:04 12/11/18
835,94.10,12.66,1013.43,5.00,3.82 15:02:17 12/11/18
804,93.90,12.64,1013.33,4.59,3.82 15:07:28 12/11/18
810,94.00,12.57,1013.49,5.00,3.82 15:12:39 12/11/18
785,94.10,12.55,1013.63,4.31,3.82 15:17:51 12/11/18
781,94.10,12.47,1013.56,4.68,3.82 15:22:61 12/11/18
783,94.00,12.39,1013.56,4.92,3.81 15:28:13 12/11/18
783,93.80,12.35,1013.62,4.88,3.82 15:33:24 12/11/18
798,93.10,12.59,1013.78,4.70,3.81 15:38:35 12/11/18
812,93.10,12.55,1013.68,5.00,3.81 15:43:46 12/11/18
837,93.50,12.33,1013.80,5.00,3.81 15:48:58 12/11/18
796,93.00,12.50,1013.95,3.88,3.80 15:54:08 12/11/18
779,93.10,12.45,1014.06,4.93,3.81 15:59:21 12/11/18
800,93.50,12.30,1014.03,4.11,3.81 16:04:31 12/11/18
796,93.80,12.16,1013.99,5.00,3.80 16:09:42 12/11/18
768,93.80,12.13,1013.87,4.73,3.81 16:14:54 12/11/18
722,93.20,12.34,1013.84,4.34,3.80 16:20:07 12/11/18
693,92.90,12.34,1014.29,4.07,3.80 16:25:24 12/11/18
664,93.50,12.10,1014.42,3.91,3.80 16:30:36 12/11/18
632,94.00,11.96,1014.67,3.90,3.80 16:35:58 12/11/18
561,93.80,11.93,1014.50,3.87,3.80 16:41:13 12/11/18
468,94.00,11.85,1014.33,3.35,3.80 16:46:26 12/11/18
475,93.80,11.76,1014.41,3.93,3.80 16:51:37 12/11/18
472,94.10,11.76,1014.41,3.87,3.80 16:51:51 12/11/18
304,93.90,11.74,1014.53,2.32,3.80 16:57:02 12/11/18
210,93.90,11.65,1014.58,1.51,3.80 17:02:16 12/11/18
142,93.90,11.58,1014.55,0.95,3.80 17:07:27 12/11/18
106,93.80,11.55,1014.56,0.51,3.80 17:12:38 12/11/18
77,93.80,11.47,1014.62,0.18,3.80 17:18:08 12/11/18
68,93.70,11.46,1014.61,0.08,3.80 17:23:25 12/11/18
62,93.70,11.36,1014.56,0.03,3.80 17:28:36 12/11/18
56,93.70,11.28,1014.69,0.01,3.80 17:33:47 12/11/18
61,93.90,11.19,1015.10,0.00,3.79 17:38:59 12/11/18
51,93.90,11.16,1015.11,0.00,3.80 17:44:11 12/11/18
56,93.80,11.08,1015.36,0.00,3.80 17:49:19 12/11/18
52,93.90,11.06,1015.37,0.00,3.80 17:54:32 12/11/18
52,93.90,10.98,1015.56,0.00,3.80 17:59:42 12/11/18
54,94.10,10.96,1015.64,0.00,3.80 18:04:53 12/11/18
52,93.90,10.89,1015.89,0.00,3.79 18:10:04 12/11/18
58,94.00,10.86,1015.89,0.00,3.79 18:15:16 12/11/18
53,94.00,10.85,1015.84,0.00,3.79 18:20:27 12/11/18
50,94.00,10.78,1015.99,0.00,3.79 18:25:41 12/11/18
55,94.00,10.76,1015.94,0.00,3.79 18:30:58 12/11/18
58,93.90,10.68,1016.07,0.00,3.79 18:36:06 12/11/18
56,93.80,10.65,1016.32,0.00,3.79 18:41:19 12/11/18
51,94.40,10.59,1016.47,0.00,3.79 18:46:34 12/11/18
52,93.80,10.84,1016.52,0.00,3.79 18:51:55 12/11/18
56,93.20,10.84,1016.53,0.00,3.79 18:57:09 12/11/18
57,93.70,10.65,1016.39,0.00,3.79 19:02:20 12/11/18
51,94.30,10.56,1016.55,0.00,3.79 19:07:44 12/11/18
50,94.20,10.57,1016.60,0.00,3.79 19:07:50 12/11/18
56,93.80,10.56,1016.52,0.00,3.79 19:13:08 12/11/18
61,93.90,10.48,1016.73,0.00,3.79 19:18:17 12/11/18
59,93.90,10.45,1016.69,0.00,3.79 19:23:28 12/11/18
55,94.30,10.38,1016.71,0.00,3.78 19:28:45 12/11/18
58,94.30,10.37,1016.76,0.00,3.79 19:33:60 12/11/18
57,94.40,10.30,1016.74,0.00,3.78 19:39:11 12/11/18
57,94.20,10.27,1016.73,0.00,3.78 19:44:29 12/11/18
57,94.30,10.25,1016.72,0.00,3.78 19:49:40 12/11/18
60,94.10,10.17,1016.93,0.00,3.79 19:54:49 12/11/18
60,94.00,10.14,1016.95,0.00,3.78 20:00:01 12/11/18
58,94.30,10.07,1016.92,0.00,3.78 20:05:13 12/11/18
57,94.10,10.05,1016.90,0.00,3.78 20:10:23 12/11/18
54,94.00,9.98,1016.79,0.00,3.78 20:15:38 12/11/18
55,93.30,10.28,1016.90,0.00,3.78 20:20:57 12/11/18
56,93.20,10.18,1016.87,0.00,3.78 20:26:17 12/11/18
63,93.70,10.02,1016.91,0.00,3.78 20:31:29 12/11/18
61,93.90,9.88,1016.71,0.00,3.78 20:36:43 12/11/18
55,94.10,9.86,1016.91,0.00,3.78 20:41:58 12/11/18
55,94.10,9.84,1016.98,0.00,3.78 20:47:18 12/11/18
58,94.30,9.84,1017.01,0.00,3.78 20:52:32 12/11/18
57,94.10,9.78,1016.99,0.00,3.78 20:57:44 12/11/18
57,94.50,9.78,1017.14,0.00,3.78 21:03:06 12/11/18
59,94.20,9.77,1017.00,0.00,3.78 21:08:21 12/11/18
60,94.30,9.76,1016.96,0.00,3.77 21:13:32 12/11/18
61,94.20,9.76,1016.79,0.00,3.77 21:18:42 12/11/18
59,94.30,9.75,1016.62,0.00,3.77 21:23:54 12/11/18
59,93.20,10.09,1016.68,0.00,3.76 21:29:04 12/11/18
54,93.60,10.05,1016.70,0.00,3.77 21:34:24 12/11/18
54,94.10,9.90,1016.62,0.00,3.77 21:39:47 12/11/18
64,93.90,9.76,1016.71,0.00,3.77 21:45:03 12/11/18
71,94.10,9.73,1016.69,0.00,3.77 21:50:11 12/11/18
69,94.30,9.66,1016.87,0.00,3.77 21:55:25 12/11/18
70,94.40,9.59,1017.03,0.00,3.77 22:00:35 12/11/18
70,94.10,9.58,1017.05,0.00,3.76 22:05:46 12/11/18
68,94.60,9.58,1017.09,0.00,3.77 22:10:57 12/11/18
69,94.60,9.58,1017.18,0.00,3.76 22:16:07 12/11/18
69,94.30,9.65,1017.29,0.00,3.77 22:21:18 12/11/18
64,94.10,9.58,1017.28,0.00,3.77 22:26:33 12/11/18
67,94.10,9.59,1017.26,0.00,3.77 22:31:48 12/11/18
66,93.90,9.56,1017.17,0.00,3.76 22:36:59 12/11/18
64,94.10,9.55,1017.27,0.00,3.77 22:42:11 12/11/18
67,94.20,9.49,1017.31,0.00,3.76 22:47:21 12/11/18
71,94.10,9.48,1017.28,0.00,3.76 22:52:31 12/11/18
66,94.10,9.47,1017.46,0.00,3.76 22:57:42 12/11/18
69,94.50,9.47,1017.52,0.00,3.76 23:02:53 12/11/18
67,94.40,9.47,1017.65,0.00,3.76 23:08:04 12/11/18
65,94.60,9.47,1017.48,0.00,3.76 23:13:18 12/11/18
61,93.20,9.81,1017.51,0.00,3.75 23:18:35 12/11/18
63,93.30,9.83,1017.55,0.00,3.76 23:23:44 12/11/18
59,93.60,9.63,1017.50,0.00,3.76 23:28:56 12/11/18
62,94.00,9.55,1017.46,0.00,3.75 23:34:07 12/11/18
63,94.30,9.54,1017.48,0.00,3.75 23:39:17 12/11/18
70,94.50,9.53,1017.59,0.00,3.76 23:44:26 12/11/18
67,94.30,9.53,1017.56,0.00,3.76 23:49:39 12/11/18
64,94.50,9.55,1017.56,0.00,3.75 23:54:53 12/11/18
