151,91.50,4.84,998.81,0.00,4.01 00:00:36 04/04/19
154,91.90,4.65,998.85,0.00,4.01 00:11:11 04/04/19
158,92.20,4.51,998.88,0.00,4.01 00:21:60 04/04/19
157,90.60,5.08,998.61,0.00,3.98 00:32:37 04/04/19
162,91.60,4.51,998.39,0.00,3.99 00:43:09 04/04/19
161,92.00,4.30,998.16,0.00,3.99 00:53:53 04/04/19
163,92.00,4.14,998.18,0.00,3.99 01:04:28 04/04/19
164,92.60,3.97,998.21,0.00,3.98 01:15:12 04/04/19
163,92.70,3.92,998.09,0.00,3.99 01:25:44 04/04/19
164,93.20,3.84,998.17,0.00,3.99 01:36:14 04/04/19
159,93.50,3.85,997.60,0.00,3.99 01:46:41 04/04/19
160,93.40,3.83,997.87,0.00,3.99 01:57:10 04/04/19
158,93.20,3.81,998.09,0.00,3.99 02:07:38 04/04/19
161,93.60,3.66,998.22,0.00,3.98 02:18:18 04/04/19
161,93.30,3.65,997.86,0.00,3.98 02:28:51 04/04/19
158,94.40,3.64,997.80,0.00,3.98 02:39:27 04/04/19
165,94.10,3.63,997.90,0.00,3.98 02:49:56 04/04/19
168,94.50,3.65,997.76,0.00,3.98 03:00:30 04/04/19
166,93.80,3.72,997.56,0.00,3.98 03:10:60 04/04/19
164,92.40,4.32,997.42,0.00,3.96 03:21:37 04/04/19
166,92.80,3.88,997.35,0.00,3.97 03:32:06 04/04/19
170,91.60,4.28,997.35,0.00,3.95 03:42:39 04/04/19
173,92.50,3.78,997.24,0.00,3.96 03:53:11 04/04/19
178,93.80,3.63,997.12,0.00,3.96 04:03:51 04/04/19
179,92.50,4.36,996.91,0.00,3.95 04:14:31 04/04/19
184,92.40,4.37,996.89,0.00,3.95 04:14:38 04/04/19
182,93.70,3.96,996.95,0.00,3.96 04:25:09 04/04/19
175,91.70,4.47,996.78,0.00,3.95 04:35:38 04/04/19
175,93.60,3.99,997.03,0.00,3.96 04:46:08 04/04/19
171,92.60,4.48,997.03,0.00,3.94 04:56:43 04/04/19
173,94.20,4.07,996.97,0.00,3.96 05:07:11 04/04/19
175,92.50,4.56,997.02,0.00,3.93 05:17:39 04/04/19
174,93.80,4.13,996.91,0.00,3.95 05:28:06 04/04/19
178,93.40,3.90,997.03,0.01,3.96 05:38:37 04/04/19
206,93.70,3.83,997.03,0.08,3.96 05:49:05 04/04/19
250,94.10,3.84,997.09,0.45,3.96 05:59:33 04/04/19
343,94.10,3.89,997.13,1.81,3.96 06:10:02 04/04/19
448,95.30,3.84,996.97,3.36,3.95 06:20:34 04/04/19
534,94.40,3.83,997.20,4.06,3.96 06:31:07 04/04/19
593,94.00,3.81,997.36,4.16,3.96 06:41:44 04/04/19
644,95.20,3.88,997.35,4.56,3.96 06:52:19 04/04/19
667,94.80,3.92,997.22,4.82,3.96 07:02:56 04/04/19
698,95.10,3.99,997.30,5.00,3.96 07:13:25 04/04/19
736,91.60,4.66,997.34,4.08,3.95 07:23:61 04/04/19
748,93.30,4.36,997.63,5.00,3.97 07:34:30 04/04/19
763,93.90,4.27,997.81,4.22,3.98 07:44:58 04/04/19
775,93.90,4.33,997.94,5.00,3.99 07:55:31 04/04/19
775,94.30,4.33,997.90,5.00,3.99 07:55:36 04/04/19
790,94.30,4.53,997.93,4.50,4.00 08:06:11 04/04/19
814,93.80,4.72,997.74,4.17,4.02 08:16:41 04/04/19
807,93.70,4.91,997.87,4.10,4.02 08:27:16 04/04/19
822,94.60,5.17,997.51,5.00,4.05 08:37:46 04/04/19
814,93.70,5.37,997.76,5.00,4.06 08:48:12 04/04/19
820,92.00,6.23,997.77,4.18,4.06 08:58:42 04/04/19
832,92.60,6.01,997.74,4.31,4.13 09:09:11 04/04/19
839,93.40,6.07,997.94,5.00,4.12 09:19:45 04/04/19
842,93.10,6.26,998.09,4.20,4.11 09:30:18 04/04/19
837,93.40,6.41,998.29,4.29,4.14 09:40:57 04/04/19
842,94.10,6.58,998.29,4.28,4.14 09:51:33 04/04/19
858,93.90,6.72,998.36,4.28,4.17 10:02:10 04/04/19
871,93.70,6.98,998.39,5.00,4.10 10:12:44 04/04/19
861,93.70,7.32,998.58,4.24,4.14 10:23:16 04/04/19
858,93.40,7.57,998.70,4.27,4.16 10:33:55 04/04/19
873,93.60,7.78,998.53,5.00,4.10 10:44:30 04/04/19
897,94.00,8.14,998.51,5.00,4.21 10:54:59 04/04/19
877,92.20,9.41,998.41,5.00,4.10 11:05:29 04/04/19
870,92.20,9.20,998.36,5.00,4.09 11:15:58 04/04/19
874,92.70,9.20,998.49,4.29,4.18 11:26:28 04/04/19
878,92.80,9.34,998.44,5.00,4.11 11:37:05 04/04/19
886,93.20,9.52,998.40,4.60,4.22 11:47:34 04/04/19
880,92.90,9.74,998.44,5.00,4.11 11:58:05 04/04/19
891,92.80,9.92,998.51,5.00,4.22 12:08:38 04/04/19
879,91.70,9.99,998.65,5.00,4.11 12:19:14 04/04/19
880,92.10,10.07,998.58,5.00,4.10 12:29:51 04/04/19
875,92.10,10.14,998.35,4.28,4.17 12:40:19 04/04/19
868,92.00,10.27,998.57,5.00,4.12 12:50:50 04/04/19
872,91.80,10.32,998.59,5.00,4.10 13:01:20 04/04/19
875,91.80,10.36,998.89,4.27,4.17 13:11:50 04/04/19
885,91.70,10.53,998.84,5.00,4.12 13:22:19 04/04/19
877,91.50,10.63,998.79,5.00,4.10 13:32:51 04/04/19
884,90.90,10.82,998.95,5.00,4.22 13:43:33 04/04/19
885,91.90,11.22,998.99,5.00,4.12 13:54:06 04/04/19
869,91.10,11.41,998.80,5.00,4.10 14:04:42 04/04/19
893,90.40,11.35,998.73,5.00,4.09 14:15:17 04/04/19
897,91.30,11.78,998.69,5.00,4.21 14:25:56 04/04/19
877,90.30,12.20,998.88,5.00,4.12 14:36:34 04/04/19
878,90.50,12.20,998.91,5.00,4.11 14:36:41 04/04/19
895,89.60,12.29,998.92,5.00,4.10 14:47:11 04/04/19
879,85.10,12.49,999.09,5.00,4.10 14:57:41 04/04/19
901,85.40,12.32,999.23,5.00,4.21 15:08:16 04/04/19
884,88.80,12.67,999.20,5.00,4.12 15:18:53 04/04/19
891,86.70,12.72,999.27,5.00,4.11 15:29:29 04/04/19
877,88.10,12.65,999.40,5.00,4.09 15:40:03 04/04/19
863,87.00,12.68,999.42,4.25,4.17 15:50:39 04/04/19
855,82.80,12.47,999.27,5.00,4.12 16:01:09 04/04/19
858,85.40,12.27,999.26,5.00,4.10 16:11:42 04/04/19
868,83.40,11.99,999.00,5.00,4.10 16:22:18 04/04/19
805,79.40,11.78,999.63,5.00,4.11 16:32:48 04/04/19
833,84.00,11.50,999.79,5.00,4.12 16:43:18 04/04/19
828,81.40,11.38,999.81,5.00,4.11 16:53:51 04/04/19
878,84.00,11.38,999.93,5.00,4.10 17:04:28 04/04/19
867,84.70,11.81,1000.10,4.29,4.18 17:14:58 04/04/19
856,84.10,12.12,999.92,5.00,4.12 17:25:28 04/04/19
839,82.20,12.07,1000.07,5.00,4.10 17:36:07 04/04/19
854,82.90,12.08,1000.34,5.00,4.10 17:46:37 04/04/19
844,82.10,12.07,1000.22,4.26,4.17 17:57:09 04/04/19
804,83.20,11.98,1000.32,5.00,4.10 18:07:53 04/04/19
797,80.60,11.67,1000.47,5.00,4.10 18:18:27 04/04/19
775,80.50,11.32,1000.63,5.00,4.12 18:29:02 04/04/19
757,80.90,11.09,1000.84,5.00,4.13 18:39:34 04/04/19
745,81.40,10.89,1000.73,5.00,4.11 18:50:14 04/04/19
710,81.80,10.70,1000.57,5.00,4.10 19:00:44 04/04/19
671,80.80,10.44,1000.80,5.00,4.11 19:11:22 04/04/19
599,80.80,10.23,1000.84,4.38,4.10 19:21:53 04/04/19
484,80.50,9.94,1000.93,3.51,4.09 19:32:31 04/04/19
351,81.70,9.70,1001.28,1.69,4.08 19:43:08 04/04/19
255,82.90,9.51,1001.65,0.44,4.07 19:53:45 04/04/19
197,84.40,9.49,1001.76,0.07,4.07 20:04:17 04/04/19
196,84.00,9.48,1001.89,0.00,4.07 20:14:53 04/04/19
171,84.90,9.48,1002.02,0.00,4.06 20:25:21 04/04/19
177,85.50,9.41,1002.09,0.00,4.06 20:35:53 04/04/19
170,85.30,9.31,1002.05,0.00,4.06 20:46:23 04/04/19
162,85.00,9.05,1002.05,0.00,4.06 20:56:51 04/04/19
169,85.10,8.81,1002.13,0.00,4.05 21:07:22 04/04/19
177,85.70,8.57,1002.25,0.00,4.05 21:17:55 04/04/19
158,85.80,8.41,1002.25,0.00,4.05 21:28:27 04/04/19
153,85.50,8.22,1002.29,0.00,4.04 21:38:56 04/04/19
162,85.50,8.01,1002.31,0.00,4.04 21:49:27 04/04/19
158,86.40,7.75,1002.33,0.00,4.04 21:59:58 04/04/19
152,86.00,7.52,1002.43,0.00,4.04 22:10:34 04/04/19
152,86.10,7.30,1002.57,0.00,4.03 22:21:02 04/04/19
156,86.10,7.06,1002.58,0.00,4.03 22:31:34 04/04/19
155,86.10,6.85,1002.64,0.00,4.03 22:42:11 04/04/19
147,84.40,7.33,1002.72,0.00,3.99 22:52:38 04/04/19
153,89.00,6.80,1002.71,0.00,4.00 23:03:10 04/04/19
163,90.00,6.46,1002.83,0.00,4.01 23:13:48 04/04/19
160,89.10,6.26,1002.94,0.00,4.01 23:24:24 04/04/19
163,88.20,6.04,1003.05,0.00,4.01 23:34:59 04/04/19
167,89.10,5.76,1003.10,0.00,4.00 23:45:29 04/04/19
158,89.70,5.55,1003.15,0.00,4.00 23:55:59 04/04/19
