162,82.30,10.73,1010.88,0.00,4.03 00:00:57 10/04/19
159,82.10,10.64,1010.87,0.00,4.02 00:11:37 10/04/19
155,81.40,10.52,1010.94,0.00,4.02 00:22:18 10/04/19
162,81.20,10.35,1010.85,0.00,4.02 00:33:04 10/04/19
163,80.50,10.29,1010.91,0.00,4.02 00:43:40 10/04/19
161,80.40,10.14,1010.87,0.00,4.02 00:54:18 10/04/19
159,81.10,10.05,1010.92,0.00,4.02 01:04:58 10/04/19
162,80.60,9.94,1011.00,0.00,4.01 01:15:37 10/04/19
162,81.00,9.84,1010.93,0.00,4.01 01:26:13 10/04/19
158,81.00,9.73,1010.95,0.00,4.01 01:36:51 10/04/19
155,81.10,9.61,1010.97,0.00,4.01 01:47:30 10/04/19
156,81.00,9.43,1010.97,0.00,4.01 01:58:11 10/04/19
152,81.50,9.25,1011.01,0.00,4.01 02:08:46 10/04/19
152,81.20,9.05,1011.10,0.00,4.01 02:19:21 10/04/19
147,81.70,8.91,1011.15,0.00,4.01 02:29:52 10/04/19
148,82.70,8.66,1011.20,0.00,4.00 02:40:36 10/04/19
149,81.80,8.53,1011.16,0.00,4.00 02:51:10 10/04/19
153,82.40,8.36,1011.26,0.00,4.00 03:01:46 10/04/19
153,83.60,8.24,1011.29,0.00,4.00 03:12:21 10/04/19
151,84.10,8.12,1011.22,0.00,3.99 03:23:26 10/04/19
165,83.40,8.10,1011.17,0.00,4.00 03:33:56 10/04/19
160,83.60,7.94,1011.20,0.00,4.00 03:44:33 10/04/19
159,84.50,7.84,1011.29,0.00,4.00 03:55:02 10/04/19
157,80.60,8.40,1011.35,0.00,3.97 04:05:31 10/04/19
152,82.80,7.90,1011.36,0.00,3.98 04:16:02 10/04/19
148,83.80,7.61,1011.38,0.00,3.98 04:26:32 10/04/19
150,84.80,7.43,1011.48,0.00,3.98 04:37:17 10/04/19
151,84.00,7.30,1011.42,0.00,3.98 04:47:55 10/04/19
150,84.10,7.14,1011.51,0.00,3.98 04:58:34 10/04/19
157,85.30,7.01,1011.53,0.00,3.98 05:09:09 10/04/19
157,85.30,6.85,1011.57,0.00,3.98 05:19:41 10/04/19
166,84.70,6.75,1011.65,0.00,3.98 05:30:15 10/04/19
186,85.90,6.57,1011.65,0.04,3.98 05:40:50 10/04/19
234,82.10,7.09,1011.81,0.29,3.96 05:51:23 10/04/19
324,83.50,6.58,1011.81,1.44,3.97 06:01:51 10/04/19
452,85.50,6.32,1012.03,3.57,3.97 06:12:25 10/04/19
562,85.50,6.22,1012.11,4.16,3.97 06:22:58 10/04/19
633,86.10,6.11,1012.22,5.00,3.97 06:33:27 10/04/19
694,85.70,6.09,1012.33,4.31,3.98 06:44:04 10/04/19
719,86.80,6.01,1012.57,4.07,3.98 06:54:42 10/04/19
742,86.20,6.02,1012.69,5.00,3.98 07:05:18 10/04/19
763,86.90,6.02,1012.76,5.00,3.99 07:15:57 10/04/19
768,86.60,6.04,1012.87,4.10,4.00 07:26:32 10/04/19
784,86.30,6.05,1013.01,5.00,4.01 07:37:03 10/04/19
783,86.10,6.05,1013.03,4.89,4.01 07:47:40 10/04/19
809,87.20,6.05,1013.11,4.14,4.03 07:58:14 10/04/19
836,86.90,6.14,1013.17,4.14,4.06 08:08:44 10/04/19
850,87.50,6.43,1013.22,5.00,4.12 08:19:12 10/04/19
857,87.20,6.88,1013.23,5.00,4.12 08:29:43 10/04/19
865,83.20,8.17,1013.27,4.24,4.15 08:40:21 10/04/19
870,84.80,8.20,1013.41,4.34,4.16 08:50:57 10/04/19
874,84.70,8.47,1013.54,5.00,4.10 09:01:27 10/04/19
875,84.60,8.82,1013.71,4.27,4.17 09:11:58 10/04/19
881,82.70,9.08,1013.64,5.00,4.10 09:22:35 10/04/19
883,80.70,10.09,1013.71,5.00,4.12 09:33:04 10/04/19
885,82.60,10.06,1013.67,5.00,4.10 09:43:35 10/04/19
889,82.10,10.16,1013.75,4.38,4.22 09:54:05 10/04/19
890,82.50,10.48,1013.78,5.00,4.11 10:04:41 10/04/19
889,83.10,10.82,1013.84,5.00,4.21 10:15:12 10/04/19
891,81.00,11.23,1013.88,5.00,4.11 10:25:42 10/04/19
893,79.50,11.49,1013.86,5.00,4.10 10:36:13 10/04/19
893,80.40,11.81,1013.89,5.00,4.21 10:46:44 10/04/19
898,79.90,12.26,1013.95,5.00,4.11 10:57:22 10/04/19
898,76.50,12.56,1013.95,5.00,4.10 11:07:54 10/04/19
901,78.00,12.88,1014.01,5.00,4.22 11:18:31 10/04/19
900,78.50,13.27,1013.96,5.00,4.12 11:29:03 10/04/19
901,76.60,13.57,1013.98,5.00,4.10 11:39:42 10/04/19
901,78.30,13.78,1014.07,5.00,4.22 11:50:20 10/04/19
904,74.80,14.14,1013.89,5.00,4.12 12:00:52 10/04/19
906,77.00,14.39,1013.90,5.00,4.11 12:11:31 10/04/19
906,75.50,14.75,1013.92,5.00,4.10 12:22:11 10/04/19
906,71.70,14.97,1013.99,5.00,4.22 12:32:48 10/04/19
906,75.10,15.35,1014.02,5.00,4.12 12:43:21 10/04/19
905,71.20,15.66,1014.10,5.00,4.11 12:53:51 10/04/19
906,72.30,15.86,1014.15,5.00,4.22 13:04:38 10/04/19
906,71.00,16.15,1014.02,5.00,4.13 13:15:13 10/04/19
906,70.30,16.36,1014.02,5.00,4.12 13:25:52 10/04/19
906,71.50,16.70,1014.11,5.00,4.11 13:36:33 10/04/19
906,66.90,17.01,1014.16,5.00,4.10 13:47:13 10/04/19
905,67.10,17.15,1014.19,5.00,4.21 13:57:58 10/04/19
904,61.70,17.27,1014.27,5.00,4.13 14:08:32 10/04/19
903,67.20,17.33,1014.29,5.00,4.12 14:19:11 10/04/19
902,64.30,17.27,1014.25,5.00,4.11 14:29:45 10/04/19
901,60.40,17.10,1014.21,5.00,4.10 14:40:15 10/04/19
901,65.20,17.07,1014.26,5.00,4.21 14:50:48 10/04/19
900,61.40,17.08,1014.20,5.00,4.13 15:01:28 10/04/19
898,64.30,17.06,1014.31,5.00,4.12 15:12:08 10/04/19
896,65.10,17.16,1014.32,5.00,4.11 15:22:49 10/04/19
895,64.70,17.26,1014.30,5.00,4.10 15:33:20 10/04/19
892,62.10,17.28,1014.23,5.00,4.22 15:43:53 10/04/19
884,60.10,17.05,1014.33,5.00,4.13 15:54:31 10/04/19
880,60.00,16.74,1014.48,5.00,4.11 16:05:05 10/04/19
876,63.30,16.70,1014.54,4.33,4.19 16:16:05 10/04/19
882,64.60,16.74,1014.55,5.00,4.13 16:26:43 10/04/19
871,59.70,16.67,1014.55,5.00,4.12 16:37:23 10/04/19
871,56.60,16.44,1014.58,5.00,4.11 16:48:02 10/04/19
863,58.20,16.25,1014.54,5.00,4.10 16:58:41 10/04/19
866,61.70,16.23,1014.59,5.00,4.10 17:09:13 10/04/19
858,58.60,16.07,1014.73,4.29,4.18 17:19:54 10/04/19
856,56.00,15.87,1014.76,5.00,4.13 17:30:26 10/04/19
851,57.80,15.57,1014.83,5.00,4.11 17:41:04 10/04/19
845,58.60,15.20,1014.86,5.00,4.11 17:51:36 10/04/19
838,59.00,14.99,1014.96,5.00,4.10 18:02:09 10/04/19
830,56.20,14.68,1015.09,4.26,4.15 18:12:46 10/04/19
819,56.80,14.49,1015.10,5.00,4.13 18:23:17 10/04/19
809,56.00,14.05,1015.24,5.00,4.12 18:33:48 10/04/19
797,57.80,13.66,1015.28,5.00,4.10 18:44:21 10/04/19
779,58.80,13.32,1015.32,5.00,4.11 18:54:60 10/04/19
755,59.10,13.00,1015.53,5.00,4.17 19:05:38 10/04/19
725,57.50,12.48,1015.71,5.00,4.13 19:16:18 10/04/19
694,57.00,12.03,1015.80,5.00,4.12 19:26:57 10/04/19
650,60.10,11.68,1015.99,5.00,4.10 19:37:35 10/04/19
582,58.80,11.35,1016.16,4.22,4.10 19:48:06 10/04/19
486,60.10,11.05,1016.29,3.48,4.09 19:58:37 10/04/19
363,60.70,10.83,1016.54,1.82,4.09 20:09:14 10/04/19
262,60.40,10.52,1016.73,0.43,4.08 20:19:45 10/04/19
208,61.70,10.25,1016.88,0.06,4.07 20:30:23 10/04/19
183,62.10,10.03,1016.96,0.00,4.07 20:40:54 10/04/19
176,62.80,9.76,1017.10,0.00,4.06 20:51:36 10/04/19
176,59.40,10.21,1017.25,0.00,4.02 21:02:09 10/04/19
174,61.40,9.53,1017.42,0.00,4.03 21:12:44 10/04/19
173,61.90,9.22,1017.58,0.00,4.03 21:23:18 10/04/19
172,62.40,8.94,1017.67,0.00,4.03 21:33:55 10/04/19
172,63.10,8.74,1017.72,0.00,4.03 21:44:32 10/04/19
171,63.80,8.56,1017.86,0.00,4.03 21:55:03 10/04/19
171,63.20,8.43,1017.95,0.00,4.02 22:05:31 10/04/19
176,63.60,8.23,1018.05,0.00,4.03 22:15:60 10/04/19
171,63.40,8.03,1018.23,0.00,4.02 22:26:30 10/04/19
175,63.70,7.91,1018.33,0.00,4.02 22:37:01 10/04/19
174,63.40,7.74,1018.45,0.00,4.02 22:47:42 10/04/19
173,63.70,7.55,1018.45,0.00,4.02 22:58:15 10/04/19
172,63.80,7.41,1018.52,0.00,4.01 23:08:45 10/04/19
174,63.80,7.24,1018.54,0.00,4.01 23:19:13 10/04/19
171,64.20,7.11,1018.52,0.00,4.01 23:29:43 10/04/19
170,64.00,6.93,1018.56,0.00,4.01 23:40:28 10/04/19
175,64.50,6.80,1018.64,0.00,4.01 23:50:58 10/04/19
