116,43.40,15.27,1012.34,0.00,4.02 00:03:47 22/04/19
117,43.30,15.06,1012.25,0.00,4.02 00:14:23 22/04/19
117,44.20,14.92,1012.20,0.00,4.01 00:24:56 22/04/19
116,43.50,14.81,1012.07,0.00,4.01 00:35:30 22/04/19
116,44.00,14.65,1012.05,0.00,4.01 00:46:08 22/04/19
117,45.00,14.51,1011.98,0.00,4.01 00:56:40 22/04/19
116,45.50,14.34,1011.96,0.00,4.01 01:07:11 22/04/19
112,45.70,14.09,1011.82,0.00,4.01 01:17:42 22/04/19
112,46.50,13.93,1011.70,0.00,4.01 01:28:14 22/04/19
112,46.90,13.66,1011.47,0.00,4.01 01:38:52 22/04/19
113,47.70,13.45,1011.46,0.00,4.00 01:49:24 22/04/19
110,47.80,13.23,1011.30,0.00,4.00 02:00:04 22/04/19
109,48.30,12.97,1011.21,0.00,4.00 02:10:35 22/04/19
109,48.40,12.77,1011.11,0.00,4.00 02:21:13 22/04/19
109,49.00,12.56,1010.95,0.00,4.00 02:31:51 22/04/19
109,49.70,12.43,1010.78,0.00,4.00 02:42:23 22/04/19
108,51.20,12.24,1010.70,0.00,4.00 02:52:55 22/04/19
108,50.60,12.06,1010.59,0.00,4.00 03:03:34 22/04/19
108,49.40,12.39,1010.47,0.00,3.98 03:14:03 22/04/19
107,51.40,11.90,1010.39,0.00,3.99 03:24:33 22/04/19
107,51.60,12.15,1010.39,0.00,3.97 03:35:05 22/04/19
106,53.00,11.61,1010.39,0.00,3.98 03:45:35 22/04/19
111,54.00,11.25,1010.22,0.00,3.98 03:56:15 22/04/19
109,53.20,11.05,1010.14,0.00,3.98 04:06:44 22/04/19
110,53.70,10.84,1009.96,0.00,3.98 04:17:14 22/04/19
110,54.10,10.67,1009.82,0.00,3.98 04:27:42 22/04/19
106,54.80,10.56,1009.71,0.00,3.98 04:38:16 22/04/19
108,55.20,10.43,1009.59,0.00,3.97 04:48:46 22/04/19
111,55.80,10.24,1009.57,0.00,3.98 04:59:24 22/04/19
120,56.60,10.06,1009.37,0.01,3.97 05:09:53 22/04/19
138,57.70,9.94,1009.24,0.06,3.98 05:20:22 22/04/19
170,58.70,9.82,1009.15,0.25,3.97 05:31:04 22/04/19
232,60.10,9.73,1009.08,1.11,3.97 05:41:41 22/04/19
341,58.10,9.62,1008.98,3.27,3.97 05:52:11 22/04/19
484,61.10,9.54,1008.85,4.40,3.97 06:02:47 22/04/19
558,60.90,9.52,1008.89,4.78,3.98 06:13:19 22/04/19
622,62.30,9.51,1008.81,5.00,3.98 06:23:59 22/04/19
667,61.50,9.55,1008.77,4.08,3.98 06:34:36 22/04/19
694,61.40,9.65,1008.81,5.00,3.98 06:45:18 22/04/19
718,61.20,9.81,1008.81,4.20,4.00 06:55:51 22/04/19
739,67.20,10.09,1008.85,4.85,4.00 07:06:23 22/04/19
748,66.80,10.50,1008.68,4.08,4.01 07:17:01 22/04/19
754,64.90,10.89,1008.72,4.21,4.01 07:27:32 22/04/19
773,68.50,11.14,1008.62,4.08,4.03 07:38:01 22/04/19
792,64.20,11.48,1008.56,5.00,4.04 07:48:32 22/04/19
809,66.30,11.88,1008.60,5.00,4.06 07:59:09 22/04/19
825,60.60,12.41,1008.61,5.00,4.07 08:09:42 22/04/19
824,60.40,13.07,1008.52,4.31,4.15 08:20:20 22/04/19
847,60.00,13.73,1008.44,4.23,4.13 08:30:52 22/04/19
854,58.70,14.51,100.40,5.00,4.10 08:41:32 22/04/19
862,60.90,15.13,1008.31,4.36,4.14 08:52:03 22/04/19
871,60.60,15.97,1008.26,5.00,4.11 09:02:35 22/04/19
867,59.10,16.75,1008.19,4.26,4.17 09:13:14 22/04/19
872,57.40,17.40,1008.11,5.00,4.11 09:23:59 22/04/19
876,56.50,17.96,1007.95,5.00,4.10 09:34:35 22/04/19
878,54.90,18.52,1007.95,4.33,4.19 09:45:09 22/04/19
880,55.10,19.10,1007.82,5.00,4.12 09:55:47 22/04/19
883,53.60,19.54,1007.81,5.00,4.11 10:06:22 22/04/19
886,53.70,20.15,1007.73,5.00,4.09 10:17:04 22/04/19
887,51.50,20.58,1007.63,5.00,4.21 10:27:45 22/04/19
890,50.50,21.15,1007.42,5.00,4.13 10:38:27 22/04/19
891,43.10,21.63,1007.24,5.00,4.11 10:49:08 22/04/19
892,45.00,21.95,1007.25,5.00,4.10 10:59:42 22/04/19
893,44.40,22.40,1007.04,5.00,4.10 11:10:16 22/04/19
895,45.90,22.94,1006.97,5.00,4.21 11:20:58 22/04/19
895,41.20,23.34,1006.74,5.00,4.13 11:31:40 22/04/19
896,40.30,23.57,1006.52,5.00,4.12 11:42:13 22/04/19
896,36.30,23.84,1006.35,5.00,4.11 11:52:47 22/04/19
898,38.20,24.13,1006.19,5.00,4.10 12:03:23 22/04/19
898,36.10,24.43,1006.00,5.00,4.10 12:14:05 22/04/19
898,37.80,24.56,1005.81,5.00,4.20 12:24:47 22/04/19
899,37.80,25.13,1005.72,5.00,4.14 12:35:21 22/04/19
899,37.00,25.53,1005.53,5.00,4.12 12:45:57 22/04/19
898,38.90,25.77,1005.42,5.00,4.11 12:56:34 22/04/19
893,35.00,26.14,1005.31,5.00,4.11 13:07:15 22/04/19
876,35.20,25.83,1005.25,5.00,4.10 13:17:48 22/04/19
894,37.50,25.59,1004.98,5.00,4.20 13:28:25 22/04/19
898,37.00,25.99,1004.95,5.00,4.14 14:04:36 22/04/19
900,35.10,26.47,1004.78,5.00,4.13 14:15:13 22/04/19
897,33.1,27.740002,1004.74,5.0,4.12 14:21:41 22/04/19
897,31.7,28.49,1004.62,5.0,4.21 14:35:58 22/04/19
895,28.9,29.695,1004.4,5.0,4.19 14:51:01 22/04/19
894,29.1,29.685001,1004.27,5.0,4.11 14:55:15 22/04/19
893,26.0,29.075,1004.12,5.0,4.19 15:06:21 22/04/19
892,28.9,28.91,1003.96,5.0,4.19 15:20:14 22/04/19
891,26.0,28.66,1003.77,5.0,4.21 15:33:50 22/04/19
891,28.4,28.685001,1003.87,5.0,4.22 15:34:48 22/04/19
885,29.6,28.17,1002.86,5.0,4.14 16:22:37 22/04/19
883,28.8,27.395,1002.76,5.0,4.13 16:33:24 22/04/19
881,29.3,27.365,1002.69,5.0,4.13 16:44:05 22/04/19
879,28.7,27.21,1002.63,5.0,4.12 16:54:47 22/04/19
876,28.3,26.93,1002.54,5.0,4.11 17:05:27 22/04/19
873,27.9,26.595001,1002.45,4.43,4.22 17:16:15 22/04/19
867,28.8,26.535,1002.37,5.0,4.14 17:26:59 22/04/19
864,29.6,26.48,1002.27,5.0,4.13 17:37:38 22/04/19
859,29.6,26.39,1002.15,5.0,4.12 17:48:19 22/04/19
842,29.1,26.245,1002.02,5.0,4.12 17:59:00 22/04/19
826,29.2,25.95,1001.94,5.0,4.11 18:09:39 22/04/19
834,29.1,25.535,1001.85,5.0,4.1 18:20:21 22/04/19
836,28.7,25.425,1001.71,4.26,4.17 18:31:02 22/04/19
830,29.3,25.435,1001.61,5.0,4.14 18:41:42 22/04/19
806,29.8,25.34,1001.45,5.0,4.13 18:52:23 22/04/19
786,29.5,25.145,1001.38,5.0,4.12 19:03:03 22/04/19
793,29.7,24.855,1001.3,5.0,4.11 19:13:44 22/04/19
779,29.2,24.665,1001.29,5.0,4.11 19:24:22 22/04/19
759,29.6,24.555,1001.24,4.26,4.12 19:35:08 22/04/19
731,29.3,24.295,1001.13,5.0,4.17 19:45:51 22/04/19
698,30.1,24.085,1001.18,5.0,4.18 19:56:33 22/04/19
663,30.2,23.785,1001.17,5.0,4.16 20:07:13 22/04/19
629,30.2,23.369999,1001.19,5.0,4.14 20:17:53 22/04/19
584,30.3,22.88,1001.23,5.0,4.14 20:28:33 22/04/19
516,31.1,22.39,1001.21,4.23,4.12 20:39:12 22/04/19
436,31.7,21.970001,1001.2,3.44,4.12 20:49:50 22/04/19
339,32.3,21.564999,1001.23,2.09,4.11 21:00:32 22/04/19
245,33.5,21.26,1001.2,0.64,4.1 21:11:10 22/04/19
188,33.3,20.875,1001.25,0.12,4.1 21:21:50 22/04/19
155,33.5,20.439999,1001.29,0.01,4.09 21:32:26 22/04/19
137,34.0,20.105,1001.27,0.0,4.09 21:43:06 22/04/19
129,35.2,19.79,1001.26,0.0,4.08 21:53:43 22/04/19
126,38.2,19.515,1001.33,0.0,4.08 22:04:21 22/04/19
123,35.8,19.310001,1001.31,0.0,4.07 22:15:02 22/04/19
120,36.4,19.220001,1001.29,0.0,4.07 22:25:40 22/04/19
119,37.3,19.085,1001.23,0.0,4.07 22:36:19 22/04/19
119,37.4,18.83,1001.19,0.0,4.07 22:46:55 22/04/19
117,37.9,18.68,1001.13,0.0,4.06 22:57:36 22/04/19
116,38.2,18.52,1001.15,0.0,4.06 23:08:13 22/04/19
115,38.6,18.404999,1001.13,0.0,4.06 23:18:51 22/04/19
114,39.2,18.285,1001.18,0.0,4.06 23:29:29 22/04/19
113,39.8,18.09,1001.0,0.0,4.05 23:40:06 22/04/19
112,40.3,18.01,1000.95,0.0,4.05 23:50:45 22/04/19