20,99.9,8.780001,1012.56,0.0,3.95 00:02:53 14/10/20
21,99.9,8.765,1012.54,0.0,3.95 00:08:05 14/10/20
22,99.9,8.74,1012.64,0.0,3.94 00:13:18 14/10/20
24,99.9,8.66,1012.7,0.0,3.94 00:18:30 14/10/20
23,99.9,8.575,1012.68,0.0,3.94 00:23:43 14/10/20
23,99.9,8.475,1012.74,0.0,3.94 00:28:59 14/10/20
19,99.9,8.385,1012.75,0.0,3.94 00:34:11 14/10/20
17,99.9,8.355,1012.8,0.0,3.94 00:39:24 14/10/20
16,99.9,8.2699995,1012.82,0.0,3.88 00:44:47 14/10/20
18,99.9,8.26,1012.82,0.0,3.94 00:49:57 14/10/20
14,99.9,8.23,1012.89,0.0,3.93 00:55:16 14/10/20
12,99.9,8.165,1012.9,0.0,3.93 01:00:34 14/10/20
15,99.9,8.139999,1012.87,0.0,3.94 01:05:48 14/10/20
13,99.9,8.075,1012.97,0.0,3.94 01:11:00 14/10/20
14,99.9,8.06,1012.96,0.0,3.93 01:16:13 14/10/20
14,99.9,7.98,1012.97,0.0,3.93 01:21:26 14/10/20
13,99.9,7.9500003,1012.99,0.0,3.93 01:26:40 14/10/20
14,99.9,7.87,1013.03,0.0,3.93 01:31:53 14/10/20
13,99.9,7.7799997,1013.14,0.0,3.93 01:37:06 14/10/20
14,99.9,7.755,1013.2,0.0,3.93 01:42:19 14/10/20
14,99.9,7.675,1013.14,0.0,3.93 01:47:33 14/10/20
13,99.9,7.65,1013.22,0.0,3.93 01:52:46 14/10/20
12,99.9,7.63,1013.25,0.0,3.93 01:57:56 14/10/20
13,99.9,7.5600004,1013.19,0.0,3.92 02:03:11 14/10/20
13,99.9,7.55,1013.14,0.0,3.93 02:08:24 14/10/20
13,99.9,7.475,1013.19,0.0,3.92 02:13:37 14/10/20
13,99.9,7.445,1013.19,0.0,3.92 02:18:49 14/10/20
14,99.9,7.36,1013.32,0.0,3.92 02:24:03 14/10/20
13,99.9,7.2749996,1013.36,0.0,3.92 02:29:16 14/10/20
13,99.9,7.24,1013.4,0.0,3.91 02:34:29 14/10/20
13,99.9,7.1549997,1013.44,0.0,3.86 02:39:49 14/10/20
13,99.9,7.075,1013.47,0.0,3.86 02:45:04 14/10/20
13,99.9,7.04,1013.49,0.0,3.92 02:50:17 14/10/20
12,99.9,6.955,1013.59,0.0,3.91 02:55:30 14/10/20
13,99.9,6.9350004,1013.64,0.0,3.91 03:00:43 14/10/20
13,99.9,6.855,1013.62,0.0,3.91 03:05:56 14/10/20
12,99.9,6.77,1013.73,0.0,3.91 03:11:09 14/10/20
13,99.9,6.74,1013.78,0.0,3.91 03:16:22 14/10/20
12,99.9,6.665,1013.82,0.0,3.91 03:21:33 14/10/20
13,99.9,6.65,1013.72,0.0,3.91 03:26:48 14/10/20
12,99.9,6.6549997,1013.8,0.0,3.91 03:31:59 14/10/20
12,99.9,6.645,1013.79,0.0,3.91 03:37:17 14/10/20
12,99.9,6.645,1013.8,0.0,3.91 03:42:36 14/10/20
13,99.9,6.63,1013.81,0.0,3.9 03:47:49 14/10/20
13,99.9,6.565,1013.84,0.0,3.9 03:53:01 14/10/20
13,99.9,6.565,1013.81,0.0,3.9 03:58:14 14/10/20
13,99.9,6.545,1013.79,0.0,3.9 04:03:27 14/10/20
14,99.9,6.54,1013.84,0.0,3.9 04:08:40 14/10/20
13,99.9,6.525,1013.85,0.0,3.9 04:13:53 14/10/20
13,99.9,6.465,1013.92,0.0,3.9 04:19:09 14/10/20
13,99.9,6.4700003,1013.93,0.0,3.9 04:24:27 14/10/20
13,99.9,6.455,1013.98,0.0,3.9 04:29:40 14/10/20
13,99.9,6.44,1013.96,0.0,3.9 04:34:53 14/10/20
12,99.9,6.4350004,1013.88,0.0,3.84 04:40:06 14/10/20
12,99.9,6.38,1013.88,0.0,3.9 04:45:17 14/10/20
12,99.9,6.3599997,1013.92,0.0,3.9 04:50:31 14/10/20
13,99.9,6.35,1013.93,0.0,3.89 04:55:44 14/10/20
13,99.9,6.27,1013.87,0.0,3.9 05:00:57 14/10/20
13,99.9,6.255,1013.83,0.0,3.9 05:06:10 14/10/20
13,99.9,6.23,1013.87,0.0,3.9 05:11:24 14/10/20
13,99.9,6.16,1013.84,0.0,3.9 05:16:37 14/10/20
12,99.9,6.085,1013.99,0.0,3.9 05:21:47 14/10/20
13,99.9,6.05,1013.88,0.0,3.89 05:27:02 14/10/20
14,99.9,5.96,1013.92,0.0,3.89 05:32:18 14/10/20
12,99.9,5.955,1013.97,0.0,3.89 05:37:34 14/10/20
12,99.9,5.9350004,1013.96,0.0,3.89 05:42:47 14/10/20
13,99.9,5.865,1014.02,0.0,3.89 05:48:02 14/10/20
13,99.9,5.84,1014.0,0.0,3.89 05:53:15 14/10/20
13,99.9,5.76,1014.07,0.0,3.89 05:58:27 14/10/20
13,99.9,5.73,1014.09,0.0,3.89 06:03:40 14/10/20
13,99.9,5.65,1014.15,0.0,3.89 06:08:54 14/10/20
13,99.9,5.63,1014.15,0.0,3.89 06:14:06 14/10/20
13,99.9,5.5550003,1014.14,0.0,3.89 06:19:19 14/10/20
13,99.9,5.535,1014.15,0.0,3.89 06:24:32 14/10/20
14,99.9,5.465,1014.16,0.0,3.84 06:29:51 14/10/20
14,99.9,5.455,1014.16,0.0,3.83 06:35:18 14/10/20
13,99.9,5.46,1014.21,0.0,3.82 06:40:36 14/10/20
13,99.9,5.45,1014.25,0.0,3.89 06:45:48 14/10/20
13,99.9,5.44,1014.34,0.0,3.89 06:51:02 14/10/20
13,99.9,5.4350004,1014.32,0.0,3.89 06:56:12 14/10/20
14,99.9,5.425,1014.45,0.0,3.89 07:01:30 14/10/20
14,99.9,5.42,1014.48,0.0,3.89 07:06:48 14/10/20
13,99.9,5.4350004,1014.48,0.0,3.89 07:11:59 14/10/20
14,99.9,5.455,1014.58,0.01,3.88 07:17:15 14/10/20
14,99.9,5.535,1014.65,0.03,3.89 07:22:26 14/10/20
14,99.9,5.62,1014.6,0.09,3.89 07:27:40 14/10/20
15,99.9,5.725,1014.68,0.24,3.88 07:32:52 14/10/20
16,99.9,5.825,1014.73,0.63,3.88 07:38:05 14/10/20
18,99.9,5.8599997,1014.85,1.27,3.88 07:43:17 14/10/20
22,99.9,5.9300003,1014.92,2.06,3.89 07:48:29 14/10/20
27,99.9,5.945,1014.87,2.76,3.88 07:53:43 14/10/20
33,99.9,5.95,1014.87,3.24,3.88 07:58:57 14/10/20
41,99.9,5.955,1015.0,3.81,3.89 08:04:09 14/10/20
49,99.9,6.0150003,1015.04,4.02,3.88 08:09:22 14/10/20
57,99.9,6.02,1015.05,4.29,3.88 08:14:35 14/10/20
66,99.9,5.9700003,1015.08,4.67,3.88 08:19:50 14/10/20
74,99.9,5.9750004,1015.15,4.87,3.88 08:25:00 14/10/20
91,99.9,6.04,1015.2,5.0,3.89 08:30:13 14/10/20
90,99.9,6.0699997,1015.27,5.0,3.89 08:35:26 14/10/20
101,99.9,6.145,1015.27,4.0,3.9 08:40:40 14/10/20
106,99.9,6.2349997,1015.35,3.98,3.9 08:45:50 14/10/20
114,99.9,6.285,1015.39,5.0,3.9 08:51:05 14/10/20
120,99.9,6.4300003,1015.45,5.0,3.9 08:56:18 14/10/20
137,99.9,6.54,1015.57,4.1,3.91 09:01:30 14/10/20
140,99.9,6.6400003,1015.59,5.0,3.9 09:06:44 14/10/20
160,99.9,6.8149996,1015.67,4.04,3.92 09:11:56 14/10/20
151,99.9,6.94,1015.7,4.06,3.92 09:17:09 14/10/20
159,99.9,7.1099997,1015.7,5.0,3.93 09:22:21 14/10/20
169,99.9,7.2349997,1015.81,4.02,3.93 09:27:35 14/10/20
173,99.9,7.4100003,1015.81,4.43,3.94 09:32:48 14/10/20
167,99.9,7.535,1015.87,5.0,3.94 09:38:01 14/10/20
161,99.9,7.7200003,1015.94,4.05,3.93 09:43:15 14/10/20
169,99.9,7.815,1015.93,4.87,3.93 09:48:31 14/10/20
178,99.9,7.9800005,1016.08,5.0,3.94 09:53:49 14/10/20
185,99.9,8.09,1016.06,4.0,3.95 09:59:06 14/10/20
188,99.9,8.2,1016.1,4.01,3.95 10:04:24 14/10/20
190,99.9,8.360001,1016.13,4.01,3.95 10:09:37 14/10/20
193,99.9,8.42,1016.18,4.17,3.96 10:14:51 14/10/20
193,99.9,8.565001,1016.24,3.98,3.9 10:20:12 14/10/20
198,99.9,8.63,1016.24,5.0,3.97 10:25:24 14/10/20
217,99.9,8.72,1016.21,4.12,3.99 10:30:36 14/10/20
218,99.9,8.825,1016.31,4.85,3.99 10:35:51 14/10/20
219,99.9,9.0,1016.32,4.14,4.01 10:41:08 14/10/20
224,99.9,9.12,1016.38,4.12,4.01 10:46:28 14/10/20
227,99.9,9.22,1016.29,5.0,4.02 10:51:40 14/10/20
229,99.9,9.325,1016.31,4.26,4.03 10:56:54 14/10/20
232,99.9,9.475,1016.36,5.0,4.03 11:02:06 14/10/20
236,99.9,9.57,1016.32,5.0,4.04 11:07:19 14/10/20
238,99.9,9.685,1016.36,4.14,4.06 11:12:33 14/10/20
241,99.9,9.785,1016.33,4.17,4.08 11:17:46 14/10/20
247,99.9,9.889999,1016.38,5.0,4.1 11:22:59 14/10/20
248,99.9,9.995,1016.38,4.21,4.12 11:28:14 14/10/20
243,99.9,10.17,1016.39,4.23,4.14 11:33:26 14/10/20
226,99.9,10.28,1016.43,4.23,4.15 11:38:43 14/10/20
232,99.9,10.389999,1016.4,4.28,4.18 11:44:01 14/10/20
221,99.9,10.514999,1016.43,5.0,4.2 11:49:15 14/10/20
220,99.9,10.62,1016.34,4.39,4.19 11:54:28 14/10/20
215,99.9,10.785,1016.35,4.28,4.18 11:59:42 14/10/20
218,99.9,10.895,1016.35,4.25,4.18 12:04:53 14/10/20
220,99.9,10.995,1016.37,4.39,4.18 12:10:09 14/10/20
221,99.9,11.1,1016.3,4.29,4.17 12:15:22 14/10/20
221,99.9,11.26,1016.36,4.27,4.17 12:20:36 14/10/20
220,99.9,11.295,1016.39,4.4,4.16 12:25:48 14/10/20
224,99.9,11.389999,1016.38,4.24,4.17 12:31:03 14/10/20
223,99.9,11.5,1016.36,4.56,4.17 12:36:16 14/10/20
225,99.9,11.605,1016.34,4.23,4.17 12:41:31 14/10/20
223,99.9,11.77,1016.29,4.28,4.17 12:46:47 14/10/20
221,99.9,11.945,1016.29,4.35,4.17 12:52:04 14/10/20
221,99.9,12.035,1016.23,4.29,4.17 12:57:19 14/10/20
219,99.9,12.14,1016.24,4.3,4.17 13:02:33 14/10/20
218,99.9,12.190001,1016.26,4.51,4.17 13:07:46 14/10/20
218,99.9,12.27,1016.27,4.41,4.18 13:13:00 14/10/20
218,99.9,12.355,1016.17,4.24,4.18 13:18:14 14/10/20
219,99.9,12.375,1016.21,4.34,4.16 13:23:31 14/10/20
217,99.9,12.415,1016.19,4.38,4.17 13:28:48 14/10/20
215,99.9,12.41,1016.21,5.0,4.18 13:34:05 14/10/20
216,99.9,12.49,1016.23,4.39,4.18 13:39:15 14/10/20
221,99.9,12.58,1016.16,4.29,4.19 13:44:30 14/10/20
227,99.9,12.605,1016.12,5.0,4.2 13:49:45 14/10/20
225,99.9,12.685,1016.06,4.37,4.2 13:54:58 14/10/20
219,99.9,12.76,1016.05,4.29,4.19 14:00:13 14/10/20
215,99.9,12.77,1015.9,4.35,4.17 14:05:26 14/10/20
212,99.9,12.795,1015.94,4.34,4.18 14:10:38 14/10/20
204,99.9,12.79,1015.96,5.0,4.18 14:15:53 14/10/20
210,99.9,12.795,1015.92,4.49,4.19 14:21:10 14/10/20
222,99.9,12.809999,1015.95,4.26,4.17 14:26:27 14/10/20
242,99.9,12.895,1015.85,5.0,4.22 14:31:42 14/10/20
210,99.9,13.045,1015.83,4.28,4.17 14:36:57 14/10/20
218,99.9,13.15,1015.91,4.27,4.18 14:42:10 14/10/20
213,99.9,13.18,1015.93,4.42,4.19 14:47:22 14/10/20
190,99.9,13.125,1015.9,4.23,4.17 14:52:39 14/10/20
204,99.9,13.125,1015.78,4.37,4.19 14:57:52 14/10/20
191,99.9,13.125,1015.74,4.24,4.16 15:03:08 14/10/20
202,99.9,13.115,1015.61,4.26,4.17 15:08:18 14/10/20
199,99.9,13.04,1015.61,4.52,4.17 15:13:31 14/10/20
206,99.9,13.08,1015.64,4.32,4.17 15:18:46 14/10/20
196,99.9,13.094999,1015.66,4.44,4.17 15:23:59 14/10/20
190,99.9,13.105,1015.67,5.0,4.13 15:29:16 14/10/20
198,99.9,13.094999,1015.6,4.3,4.17 15:34:28 14/10/20
216,99.9,13.09,1015.58,5.0,4.2 15:39:43 14/10/20
203,99.9,13.035,1015.61,4.3,4.17 15:44:56 14/10/20
203,99.9,13.04,1015.64,4.31,4.18 15:50:10 14/10/20
199,99.9,13.110001,1015.69,4.53,4.16 15:55:23 14/10/20
185,99.9,12.975,1015.66,4.27,4.17 16:00:35 14/10/20
186,99.9,12.950001,1015.67,4.22,4.16 16:05:51 14/10/20
182,99.9,12.940001,1015.68,4.27,4.16 16:11:05 14/10/20
185,99.9,12.860001,1015.63,4.47,4.15 16:16:19 14/10/20
185,99.9,12.85,1015.66,4.26,4.16 16:21:30 14/10/20
185,99.9,12.84,1015.7,4.26,4.16 16:26:49 14/10/20
188,99.9,12.835,1015.63,5.0,4.15 16:32:06 14/10/20
184,99.9,12.765,1015.63,5.0,4.15 16:37:23 14/10/20
171,99.9,12.825,1015.6,5.0,4.14 16:42:36 14/10/20
169,99.9,12.83,1015.68,4.25,4.14 16:47:50 14/10/20
168,99.9,12.775,1015.65,5.0,4.14 16:53:03 14/10/20
160,99.9,12.765,1015.65,4.99,4.14 16:58:16 14/10/20
160,99.9,12.735001,1015.67,4.33,4.14 17:03:29 14/10/20
154,99.9,12.655001,1015.66,5.0,4.14 17:08:43 14/10/20
132,99.9,12.575,1015.73,4.26,4.15 17:13:56 14/10/20
128,99.9,12.49,1015.71,4.38,4.14 17:19:19 14/10/20
131,99.9,12.52,1015.83,4.98,4.14 17:24:35 14/10/20
139,99.9,12.389999,1015.76,5.0,4.14 17:29:50 14/10/20
125,99.9,12.355,1015.88,4.34,4.15 17:35:02 14/10/20
123,99.9,12.265,1015.85,4.38,4.15 17:40:15 14/10/20
114,99.9,12.18,1015.87,4.96,4.15 17:45:27 14/10/20
103,99.9,12.09,1015.9,4.92,4.14 17:50:42 14/10/20
91,99.9,12.049999,1015.93,4.33,4.14 17:55:54 14/10/20
82,99.9,11.96,1015.95,4.43,4.12 18:01:10 14/10/20
78,99.9,11.934999,1015.92,4.8,4.11 18:06:22 14/10/20
70,99.9,11.855,1016.04,4.75,4.1 18:11:38 14/10/20
62,99.9,11.825,1016.04,4.29,4.09 18:16:51 14/10/20
58,99.9,11.74,1015.93,4.16,4.09 18:22:05 14/10/20
52,99.9,11.715,1016.01,4.22,4.07 18:27:18 14/10/20
43,99.9,11.585,1016.12,4.16,4.07 18:32:32 14/10/20
29,99.9,11.555,1016.11,3.45,4.07 18:37:44 14/10/20
12,99.9,11.465,1016.18,2.17,4.06 18:42:57 14/10/20
13,99.9,11.445,1016.14,2.04,4.05 18:48:12 14/10/20
11,99.9,11.425,1016.22,1.83,4.05 18:53:24 14/10/20
7,99.9,11.35,1016.2,1.5,4.05 18:58:39 14/10/20
4,99.9,11.335,1016.18,0.91,4.04 19:03:53 14/10/20
1,99.9,11.27,1016.3,0.47,4.04 19:09:07 14/10/20
0,99.9,11.255,1016.33,0.19,4.03 19:14:23 14/10/20
0,99.9,11.225,1016.37,0.07,4.03 19:19:37 14/10/20
0,99.9,11.16,1016.41,0.02,4.03 19:24:56 14/10/20
0,99.9,11.13,1016.42,0.0,4.03 19:30:09 14/10/20
0,99.9,11.049999,1016.45,0.0,4.02 19:35:21 14/10/20
0,99.9,11.03,1016.42,0.0,4.02 19:40:39 14/10/20
0,99.9,10.96,1016.48,0.0,4.01 19:45:50 14/10/20
0,99.9,10.945,1016.57,0.0,4.01 19:51:02 14/10/20
0,99.9,10.865,1016.56,0.0,4.01 19:56:15 14/10/20
0,99.9,10.844999,1016.46,0.0,4.01 20:01:31 14/10/20
0,99.9,10.785,1016.47,0.0,4.01 20:06:43 14/10/20
0,99.9,10.765,1016.48,0.0,4.0 20:12:00 14/10/20
0,99.9,10.745001,1016.48,0.0,3.95 20:17:29 14/10/20
0,99.9,10.735001,1016.5,0.0,4.0 20:22:43 14/10/20
0,99.9,10.71,1016.55,0.0,4.0 20:27:54 14/10/20
0,99.9,10.645,1016.53,0.0,4.0 20:33:08 14/10/20
0,99.9,10.625,1016.57,0.0,4.0 20:38:20 14/10/20
0,99.9,10.575,1016.5,0.0,3.99 20:43:35 14/10/20
0,99.9,10.559999,1016.51,0.0,3.99 20:48:48 14/10/20
0,99.9,10.545,1016.53,0.0,3.99 20:54:00 14/10/20
0,99.9,10.48,1016.56,0.0,3.99 20:59:16 14/10/20
0,99.9,10.475,1016.52,0.0,3.99 21:04:29 14/10/20
0,99.9,10.455,1016.5,0.0,3.98 21:09:42 14/10/20
0,99.9,10.450001,1016.55,0.0,3.98 21:14:54 14/10/20
0,99.9,10.434999,1016.54,0.0,3.98 21:20:07 14/10/20
0,99.9,10.37,1016.53,0.0,3.98 21:25:20 14/10/20
0,99.9,10.355,1016.55,0.0,3.97 21:30:38 14/10/20
0,99.9,10.355,1016.58,0.0,3.98 21:35:50 14/10/20
0,99.9,10.335,1016.61,0.0,3.97 21:41:03 14/10/20
0,99.9,10.275,1016.6,0.0,3.97 21:46:14 14/10/20
0,99.9,10.265,1016.64,0.0,3.97 21:51:29 14/10/20
0,99.9,10.265,1016.62,0.0,3.97 21:56:43 14/10/20
0,99.9,10.26,1016.66,0.0,3.97 22:01:56 14/10/20
0,99.9,10.245001,1016.69,0.0,3.96 22:07:13 14/10/20
0,99.9,10.245001,1016.66,0.0,3.97 22:12:32 14/10/20
0,99.9,10.24,1016.64,0.0,3.91 22:17:57 14/10/20
0,99.9,10.255,1016.7,0.0,3.91 22:23:13 14/10/20
0,99.9,10.195,1016.69,0.0,3.96 22:28:29 14/10/20
0,99.9,10.235001,1016.78,0.0,3.96 22:33:43 14/10/20
0,99.9,10.23,1016.72,0.0,3.96 22:38:56 14/10/20
0,99.9,10.175,1016.81,0.0,3.96 22:44:12 14/10/20
0,99.9,10.175,1016.81,0.0,3.96 22:49:25 14/10/20
0,99.9,10.165,1016.81,0.0,3.96 22:54:36 14/10/20
0,99.9,10.155001,1016.81,0.0,3.96 22:59:48 14/10/20
0,99.9,10.139999,1016.85,0.0,3.96 23:05:02 14/10/20
0,99.9,10.085,1016.86,0.0,3.96 23:10:16 14/10/20
0,99.9,10.075,1016.85,0.0,3.96 23:15:30 14/10/20
0,99.9,10.07,1016.85,0.0,3.96 23:20:42 14/10/20
0,99.9,10.07,1016.89,0.0,3.96 23:25:56 14/10/20
0,99.9,10.07,1016.92,0.0,3.95 23:31:09 14/10/20
0,99.9,10.07,1016.95,0.0,3.95 23:36:23 14/10/20
0,99.9,10.065,1016.88,0.0,3.95 23:41:34 14/10/20
0,99.9,10.059999,1016.93,0.0,3.95 23:46:49 14/10/20
0,99.9,10.055,1016.88,0.0,3.95 23:52:03 14/10/20
0,99.9,10.055,1016.9,0.0,3.95 23:57:17 14/10/20
