0,99.9,10.045,1016.92,0.0,3.95 00:02:29 15/10/20
0,99.9,10.04,1016.82,0.0,3.95 00:07:41 15/10/20
0,99.9,10.035,1016.86,0.0,3.95 00:12:55 15/10/20
0,99.9,9.98,1016.82,0.0,3.92 00:18:10 15/10/20
0,99.9,9.97,1016.75,0.0,3.94 00:23:23 15/10/20
0,99.9,9.965,1016.76,0.0,3.94 00:28:35 15/10/20
0,99.9,9.96,1016.74,0.0,3.94 00:33:53 15/10/20
0,99.9,9.96,1016.75,0.0,3.94 00:39:10 15/10/20
0,99.9,9.945,1016.77,0.0,3.94 00:44:25 15/10/20
0,99.9,9.940001,1016.73,0.0,3.94 00:49:38 15/10/20
0,99.9,9.88,1016.66,0.0,3.94 00:54:55 15/10/20
0,99.9,9.875,1016.69,0.0,3.94 01:00:13 15/10/20
0,99.9,9.875,1016.67,0.0,3.94 01:05:27 15/10/20
0,99.9,9.87,1016.71,0.0,3.94 01:10:39 15/10/20
0,99.9,9.915,1016.71,0.0,3.94 01:15:53 15/10/20
0,99.9,9.860001,1016.75,0.0,3.94 01:21:05 15/10/20
0,99.9,9.844999,1016.73,0.0,3.93 01:26:21 15/10/20
0,99.9,9.855,1016.83,0.0,3.93 01:31:33 15/10/20
0,99.9,9.85,1016.81,0.0,3.93 01:36:47 15/10/20
0,99.9,9.844999,1016.81,0.0,3.93 01:42:00 15/10/20
0,99.9,9.835,1016.78,0.0,3.93 01:47:13 15/10/20
0,99.9,9.785,1016.87,0.0,3.93 01:52:27 15/10/20
0,99.9,9.775,1016.88,0.0,3.93 01:57:40 15/10/20
0,99.9,9.76,1016.92,0.0,3.92 02:02:57 15/10/20
0,99.9,9.755,1016.89,0.0,3.93 02:08:15 15/10/20
0,99.9,9.745001,1016.91,0.0,3.92 02:13:28 15/10/20
0,99.9,9.735001,1016.93,0.0,3.87 02:18:50 15/10/20
0,99.9,9.725,1016.96,0.0,3.86 02:24:04 15/10/20
0,99.9,9.67,1017.06,0.0,3.92 02:29:18 15/10/20
0,99.9,9.655001,1017.07,0.0,3.92 02:34:30 15/10/20
0,99.9,9.59,1017.01,0.0,3.92 02:39:44 15/10/20
0,99.9,9.58,1016.97,0.0,3.92 02:44:58 15/10/20
0,99.9,9.57,1017.06,0.0,3.92 02:50:09 15/10/20
0,99.9,9.555,1017.04,0.0,3.92 02:55:24 15/10/20
0,99.9,9.559999,1017.07,0.0,3.92 03:00:38 15/10/20
0,99.9,9.555,1017.03,0.0,3.92 03:05:50 15/10/20
0,99.9,9.549999,1017.06,0.0,3.92 03:11:04 15/10/20
0,99.9,9.549999,1017.07,0.0,3.92 03:16:16 15/10/20
0,99.9,9.545,1017.02,0.0,3.91 03:21:30 15/10/20
0,99.9,9.48,1016.98,0.0,3.91 03:26:44 15/10/20
0,99.9,9.48,1016.98,0.0,3.91 03:31:55 15/10/20
0,99.9,9.465,1016.93,0.0,3.91 03:37:11 15/10/20
0,99.9,9.465,1017.02,0.0,3.91 03:42:23 15/10/20
0,99.9,9.455,1016.97,0.0,3.91 03:47:35 15/10/20
0,99.9,9.395,1016.92,0.0,3.91 03:52:50 15/10/20
0,99.9,9.389999,1016.83,0.0,3.91 03:58:01 15/10/20
0,99.9,9.43,1016.83,0.0,3.9 04:03:20 15/10/20
0,99.9,9.38,1016.9,0.0,3.91 04:08:38 15/10/20
0,99.9,9.425,1016.92,0.0,3.91 04:13:56 15/10/20
0,99.9,9.42,1016.85,0.0,3.85 04:19:13 15/10/20
0,99.9,9.365,1016.9,0.0,3.9 04:24:27 15/10/20
0,99.9,9.360001,1016.89,0.0,3.9 04:29:40 15/10/20
0,99.9,9.355,1016.83,0.0,3.9 04:34:53 15/10/20
0,99.9,9.35,1016.81,0.0,3.9 04:40:06 15/10/20
0,99.9,9.35,1016.81,0.0,3.9 04:45:20 15/10/20
0,99.9,9.344999,1016.84,0.0,3.9 04:50:34 15/10/20
0,99.9,9.335,1016.83,0.0,3.9 04:55:46 15/10/20
0,99.9,9.34,1016.93,0.0,3.9 05:01:03 15/10/20
0,99.9,9.335,1016.86,0.0,3.9 05:06:21 15/10/20
0,99.9,9.33,1016.8,0.0,3.9 05:11:38 15/10/20
0,99.9,9.32,1016.79,0.0,3.9 05:16:56 15/10/20
0,99.9,9.27,1016.82,0.0,3.9 05:22:08 15/10/20
0,99.9,9.265,1016.8,0.0,3.9 05:27:23 15/10/20
0,99.9,9.255,1016.87,0.0,3.9 05:32:36 15/10/20
0,99.9,9.25,1016.8,0.0,3.9 05:37:49 15/10/20
0,99.9,9.25,1016.82,0.0,3.9 05:43:03 15/10/20
0,99.9,9.245001,1016.82,0.0,3.9 05:48:16 15/10/20
0,99.9,9.24,1016.76,0.0,3.9 05:53:29 15/10/20
0,99.9,9.175,1016.8,0.0,3.89 05:58:42 15/10/20
0,99.9,9.175,1016.81,0.0,3.89 06:03:56 15/10/20
0,99.9,9.17,1016.88,0.0,3.9 06:09:09 15/10/20
0,99.9,9.17,1016.9,0.0,3.9 06:14:22 15/10/20
0,99.9,9.16,1016.9,0.0,3.9 06:19:35 15/10/20
0,99.9,9.145,1016.88,0.0,3.9 06:24:47 15/10/20
0,99.9,9.08,1016.96,0.0,3.9 06:30:00 15/10/20
0,99.9,9.059999,1016.91,0.0,3.9 06:35:13 15/10/20
0,99.9,9.04,1017.02,0.0,3.89 06:40:28 15/10/20
0,99.9,9.035,1017.06,0.0,3.89 06:45:45 15/10/20
0,99.9,9.035,1017.12,0.0,3.9 06:51:03 15/10/20
0,99.9,8.97,1017.09,0.0,3.89 06:56:18 15/10/20
0,99.9,8.96,1017.11,0.0,3.89 07:01:30 15/10/20
0,99.9,8.950001,1017.17,0.0,3.89 07:06:44 15/10/20
0,99.9,8.940001,1017.2,0.0,3.89 07:11:56 15/10/20
0,99.9,8.885,1017.2,0.0,3.89 07:17:10 15/10/20
0,99.9,8.875,1017.28,0.02,3.89 07:22:21 15/10/20
0,99.9,8.855,1017.22,0.07,3.89 07:27:34 15/10/20
0,99.9,8.844999,1017.29,0.2,3.89 07:32:53 15/10/20
2,99.9,8.844999,1017.3,0.52,3.89 07:38:09 15/10/20
4,99.9,8.835,1017.36,1.02,3.89 07:43:25 15/10/20
9,99.9,8.83,1017.31,1.69,3.89 07:48:37 15/10/20
16,99.9,8.77,1017.35,2.47,3.89 07:53:50 15/10/20
26,99.9,8.755,1017.37,3.31,3.89 07:59:04 15/10/20
33,99.9,8.755,1017.4,3.75,3.89 08:04:17 15/10/20
45,99.9,8.75,1017.43,4.0,3.84 08:09:36 15/10/20
54,99.9,8.745001,1017.5,4.01,3.89 08:14:50 15/10/20
60,99.9,8.73,1017.45,4.61,3.89 08:20:03 15/10/20
68,99.9,8.66,1017.5,4.28,3.89 08:25:19 15/10/20
75,99.9,8.645,1017.59,3.98,3.89 08:30:31 15/10/20
79,99.9,8.585,1017.58,4.37,3.89 08:35:44 15/10/20
87,99.9,8.58,1017.74,5.0,3.89 08:41:01 15/10/20
89,99.9,8.575,1017.69,4.79,3.89 08:46:19 15/10/20
97,99.9,8.57,1017.7,4.06,3.9 08:51:32 15/10/20
105,99.9,8.575,1017.74,3.96,3.9 08:56:49 15/10/20
119,99.9,8.58,1017.85,5.0,3.91 09:02:07 15/10/20
134,99.9,8.639999,1017.85,3.99,3.92 09:07:20 15/10/20
134,99.9,8.67,1017.95,3.98,3.92 09:12:37 15/10/20
137,99.9,8.755,1017.92,4.55,3.91 09:17:55 15/10/20
139,99.9,8.844999,1017.9,5.0,3.93 09:23:08 15/10/20
137,99.9,8.940001,1017.95,4.13,3.92 09:28:22 15/10/20
139,99.9,8.98,1017.97,4.02,3.93 09:33:33 15/10/20
146,99.9,9.075,1018.01,4.91,3.94 09:38:53 15/10/20
154,99.9,9.165,1018.04,5.0,3.95 09:44:10 15/10/20
161,99.9,9.275,1018.12,4.75,3.96 09:49:24 15/10/20
179,99.9,9.43,1018.08,4.68,3.98 09:54:35 15/10/20
184,99.9,9.54,1018.12,4.14,3.98 09:59:50 15/10/20
171,99.9,9.65,1018.15,5.0,3.98 10:05:01 15/10/20
169,99.9,9.745001,1018.15,4.94,3.97 10:10:16 15/10/20
177,99.9,9.77,1018.22,4.02,3.97 10:15:33 15/10/20
185,99.9,9.85,1018.3,4.5,3.95 10:20:57 15/10/20
191,99.9,9.925,1018.25,4.13,3.98 10:26:11 15/10/20
192,99.9,9.955,1018.36,4.42,4.01 10:31:30 15/10/20
189,99.9,10.04,1018.4,4.79,4.01 10:36:47 15/10/20
189,99.9,10.07,1018.41,4.12,4.02 10:42:02 15/10/20
188,99.9,10.16,1018.47,5.0,4.02 10:47:13 15/10/20
188,99.9,10.24,1018.48,5.0,4.02 10:52:28 15/10/20
187,99.9,10.265,1018.6,4.23,4.02 10:57:42 15/10/20
142,99.9,10.344999,1018.53,5.0,3.99 11:02:55 15/10/20
127,99.9,10.344999,1018.53,5.0,3.98 11:08:07 15/10/20
124,99.9,10.280001,1018.58,4.68,3.97 11:13:23 15/10/20
155,99.9,10.27,1018.65,5.0,3.98 11:18:36 15/10/20
203,99.9,10.285,1018.71,4.17,4.03 11:23:49 15/10/20
199,99.9,10.360001,1018.77,4.85,4.05 11:29:02 15/10/20
193,99.9,10.455,1018.75,5.0,4.06 11:34:16 15/10/20
194,99.9,10.555,1018.8,4.38,4.06 11:39:30 15/10/20
188,99.9,10.645,1018.72,4.14,4.03 11:44:42 15/10/20
201,99.9,10.735001,1018.75,5.0,4.08 11:49:55 15/10/20
204,99.9,10.815001,1018.69,4.2,4.1 11:55:10 15/10/20
205,99.9,10.865,1018.66,4.19,4.11 12:00:23 15/10/20
204,99.9,10.96,1018.69,4.23,4.13 12:05:36 15/10/20
214,99.9,11.045,1018.66,4.58,4.17 12:10:50 15/10/20
219,99.9,11.145,1018.67,4.94,4.16 12:16:02 15/10/20
222,99.9,11.235001,1018.71,4.33,4.15 12:21:21 15/10/20
223,99.9,11.4,1018.73,4.38,4.1 12:26:49 15/10/20
221,99.9,11.525,1018.76,4.31,4.14 12:32:02 15/10/20
224,99.9,11.615,1018.75,4.25,4.16 12:37:18 15/10/20
234,99.9,11.725,1018.73,4.3,4.17 12:42:37 15/10/20
243,99.9,11.809999,1018.68,4.49,4.19 12:47:50 15/10/20
245,99.9,11.85,1018.66,4.28,4.19 12:53:04 15/10/20
243,99.9,11.950001,1018.69,4.3,4.19 12:58:21 15/10/20
236,99.9,12.105,1018.61,4.31,4.19 13:03:44 15/10/20
246,99.9,12.21,1018.66,4.3,4.2 13:09:02 15/10/20
242,99.9,12.32,1018.64,4.33,4.2 13:14:16 15/10/20
230,99.9,12.41,1018.51,4.32,4.2 13:19:29 15/10/20
229,99.9,12.495,1018.44,4.29,4.19 13:24:43 15/10/20
238,99.9,12.514999,1018.4,4.35,4.2 13:29:57 15/10/20
242,99.9,12.594999,1018.41,4.31,4.2 13:35:10 15/10/20
239,99.9,12.625,1018.36,4.29,4.2 13:40:25 15/10/20
225,99.9,12.700001,1018.39,4.27,4.18 13:45:38 15/10/20
225,99.9,12.735001,1018.36,4.29,4.18 13:50:52 15/10/20
222,99.9,12.805,1018.33,5.0,4.18 13:56:05 15/10/20
220,99.9,12.74,1018.26,4.26,4.17 14:01:20 15/10/20
223,99.9,12.72,1018.32,5.0,4.18 14:06:31 15/10/20
234,99.9,12.705,1018.3,4.3,4.21 14:11:46 15/10/20
232,99.9,12.735001,1018.26,4.28,4.2 14:17:00 15/10/20
233,99.9,12.805,1018.21,4.27,4.14 14:22:22 15/10/20
227,99.9,12.889999,1018.12,4.37,4.16 14:27:36 15/10/20
245,99.9,12.969999,1018.14,4.32,4.2 14:32:49 15/10/20
244,99.9,12.99,1017.99,4.39,4.19 14:38:02 15/10/20
240,99.9,13.014999,1018.02,4.35,4.19 14:43:18 15/10/20
229,99.9,13.110001,1017.95,4.26,4.18 14:48:31 15/10/20
244,99.9,13.12,1017.92,5.0,4.2 14:53:45 15/10/20
237,99.9,13.21,1017.9,4.36,4.2 14:59:00 15/10/20
231,99.9,13.235001,1017.98,4.28,4.18 15:04:13 15/10/20
236,99.7,13.22,1017.87,4.33,4.19 15:09:27 15/10/20
235,99.9,13.225,1017.81,4.29,4.2 15:14:39 15/10/20
229,99.9,13.24,1017.87,4.33,4.16 15:19:52 15/10/20
230,99.9,13.295,1017.83,4.31,4.2 15:25:09 15/10/20
221,99.9,13.33,1017.86,4.5,4.18 15:30:22 15/10/20
210,99.9,13.335,1017.89,5.0,4.17 15:35:36 15/10/20
216,99.8,13.309999,1017.95,4.32,4.18 15:40:49 15/10/20
212,99.9,13.255,1017.92,5.0,4.18 15:46:01 15/10/20
186,99.9,13.24,1017.9,4.21,4.14 15:51:18 15/10/20
191,99.5,13.16,1017.98,4.26,4.15 15:56:31 15/10/20
197,99.1,13.135,1017.92,4.37,4.17 16:01:45 15/10/20
195,99.9,13.065,1017.98,5.0,4.16 16:06:57 15/10/20
192,99.9,13.065,1017.99,4.18,4.1 16:12:20 15/10/20
204,99.6,13.110001,1018.02,5.0,4.11 16:17:38 15/10/20
168,99.9,13.055,1017.97,4.67,4.14 16:22:57 15/10/20
158,99.6,13.025,1018.01,4.57,4.13 16:28:14 15/10/20
182,99.9,12.955,1018.02,4.24,4.14 16:33:31 15/10/20
193,99.9,12.950001,1018.03,4.28,4.15 16:38:47 15/10/20
168,99.9,12.945,1018.1,5.0,4.14 16:44:00 15/10/20
167,99.9,12.945,1018.09,4.22,4.14 16:49:14 15/10/20
155,99.9,12.925,1018.07,4.64,4.14 16:54:30 15/10/20
157,99.8,12.775,1018.16,4.22,4.14 16:59:42 15/10/20
161,99.9,12.76,1018.2,5.0,4.15 17:04:56 15/10/20
162,99.9,12.745001,1018.22,4.44,4.14 17:10:09 15/10/20
155,99.8,12.65,1018.19,4.27,4.14 17:15:22 15/10/20
144,99.9,12.58,1018.17,5.0,4.15 17:20:37 15/10/20
138,99.9,12.505,1018.19,4.31,4.15 17:25:50 15/10/20
131,99.9,12.455,1018.22,5.0,4.14 17:31:05 15/10/20
122,99.9,12.375,1018.25,4.21,4.15 17:36:18 15/10/20
113,99.9,12.344999,1018.32,5.0,4.14 17:41:32 15/10/20
106,99.9,12.265,1018.39,5.0,4.13 17:46:48 15/10/20
102,99.9,12.25,1018.4,5.0,4.12 17:52:04 15/10/20
85,99.9,12.24,1018.47,4.99,4.12 17:57:22 15/10/20
69,99.9,12.17,1018.54,4.33,4.1 18:02:35 15/10/20
50,99.9,12.135,1018.53,4.2,4.09 18:07:47 15/10/20
48,99.9,12.059999,1018.59,4.16,4.04 18:13:07 15/10/20
45,99.9,11.985001,1018.59,4.14,4.06 18:18:35 15/10/20
43,99.9,12.014999,1018.59,4.0,4.07 18:23:46 15/10/20
36,99.9,11.934999,1018.66,3.68,4.06 18:29:01 15/10/20
28,99.9,11.87,1018.71,3.13,4.06 18:34:14 15/10/20
22,99.9,11.84,1018.76,2.62,4.06 18:39:27 15/10/20
18,99.9,11.775,1018.82,2.32,4.05 18:44:46 15/10/20
13,99.9,11.765,1018.83,1.95,4.04 18:50:03 15/10/20
8,99.9,11.735001,1018.82,1.49,4.04 18:55:16 15/10/20
4,99.9,11.675,1018.89,0.84,4.04 19:00:30 15/10/20
2,99.9,11.66,1018.92,0.65,4.03 19:05:44 15/10/20
1,99.9,11.65,1019.1,0.35,4.03 19:10:56 15/10/20
0,99.9,11.58,1019.12,0.12,4.03 19:16:12 15/10/20
0,99.9,11.565,1019.19,0.04,4.03 19:21:25 15/10/20
0,99.9,11.545,1019.19,0.02,4.02 19:26:39 15/10/20
0,99.9,11.495,1019.31,0.01,4.02 19:31:55 15/10/20
0,99.9,11.48,1019.29,0.0,4.02 19:37:14 15/10/20
0,99.9,11.46,1019.31,0.0,4.01 19:42:27 15/10/20
0,99.9,11.455,1019.34,0.0,4.01 19:47:41 15/10/20
0,99.9,11.440001,1019.47,0.0,4.01 19:52:54 15/10/20
0,99.9,11.42,1019.46,0.0,4.01 19:58:08 15/10/20
0,99.9,11.365,1019.51,0.0,4.0 20:03:21 15/10/20
0,99.9,11.355,1019.52,0.0,4.0 20:08:35 15/10/20
0,99.9,11.344999,1019.56,0.0,4.0 20:13:49 15/10/20
0,99.9,11.33,1019.62,0.0,4.0 20:19:03 15/10/20
0,99.9,11.275,1019.67,0.0,3.99 20:24:17 15/10/20
0,99.9,11.325,1019.72,0.0,4.0 20:29:27 15/10/20
0,99.9,11.255,1019.63,0.0,3.99 20:34:43 15/10/20
0,99.9,11.255,1019.69,0.0,3.99 20:39:56 15/10/20
0,99.9,11.25,1019.63,0.0,3.99 20:45:08 15/10/20
0,99.9,11.24,1019.62,0.0,3.99 20:50:25 15/10/20
0,99.9,11.18,1019.71,0.0,3.99 20:55:37 15/10/20
0,99.9,11.165,1019.66,0.0,3.99 21:00:50 15/10/20
0,99.9,11.145,1019.73,0.0,3.98 21:06:04 15/10/20
0,99.9,11.065,1019.66,0.0,3.98 21:11:17 15/10/20
0,99.9,11.045,1019.68,0.0,3.98 21:16:31 15/10/20
0,99.9,10.98,1019.65,0.0,3.98 21:21:44 15/10/20
0,99.9,10.965,1019.63,0.0,3.98 21:27:02 15/10/20
0,99.9,10.955,1019.66,0.0,3.98 21:32:20 15/10/20
0,99.9,10.940001,1019.64,0.0,3.98 21:37:33 15/10/20
0,99.9,10.93,1019.65,0.0,3.97 21:42:47 15/10/20
0,99.9,10.87,1019.7,0.0,3.97 21:48:00 15/10/20
0,99.9,10.844999,1019.7,0.0,3.97 21:53:14 15/10/20
0,99.9,10.780001,1019.71,0.0,3.97 21:58:27 15/10/20
0,99.9,10.75,1019.68,0.0,3.97 22:03:41 15/10/20
0,99.9,10.735001,1019.71,0.0,3.97 22:08:54 15/10/20
0,99.9,10.66,1019.61,0.0,3.96 22:14:08 15/10/20
0,99.9,10.635,1019.68,0.0,3.96 22:19:21 15/10/20
0,99.9,10.559999,1019.72,0.0,3.96 22:24:38 15/10/20
0,99.9,10.545,1019.73,0.0,3.91 22:30:05 15/10/20
0,99.9,10.53,1019.83,0.0,3.96 22:35:18 15/10/20
0,99.9,10.455,1019.84,0.0,3.96 22:40:32 15/10/20
0,99.9,10.445,1019.85,0.0,3.96 22:45:45 15/10/20
0,99.9,10.445,1019.87,0.0,3.96 22:50:59 15/10/20
0,99.9,10.445,1019.89,0.0,3.96 22:56:12 15/10/20
0,99.9,10.440001,1019.96,0.0,3.96 23:01:26 15/10/20
0,99.9,10.434999,1019.96,0.0,3.96 23:06:38 15/10/20
0,99.9,10.385,1020.02,0.0,3.95 23:11:53 15/10/20
0,99.9,10.375,1020.05,0.0,3.96 23:17:04 15/10/20
0,99.9,10.355,1020.01,0.0,3.96 23:22:19 15/10/20
0,99.9,10.35,1020.11,0.0,3.95 23:27:33 15/10/20
0,99.9,10.285,1020.12,0.0,3.96 23:32:46 15/10/20
0,99.9,10.27,1020.17,0.0,3.95 23:37:59 15/10/20
0,99.9,10.25,1020.11,0.0,3.95 23:43:13 15/10/20
0,99.9,10.195,1020.06,0.0,3.95 23:48:26 15/10/20
0,99.9,10.18,1020.05,0.0,3.95 23:53:40 15/10/20
0,99.9,10.175,1020.02,0.0,3.95 23:58:56 15/10/20
