0,99.9,10.16,1020.04,0.0,3.95 00:04:13 16/10/20
0,99.9,10.125,1019.94,0.0,3.94 00:09:27 16/10/20
0,99.9,10.065,1020.06,0.0,3.94 00:14:42 16/10/20
0,99.9,10.049999,1019.98,0.0,3.94 00:19:56 16/10/20
0,99.9,10.04,1019.97,0.0,3.89 00:25:12 16/10/20
0,99.9,9.975,1020.03,0.0,3.89 00:30:28 16/10/20
0,99.9,9.96,1020.05,0.0,3.94 00:35:43 16/10/20
0,99.9,9.945,1020.1,0.0,3.94 00:40:57 16/10/20
0,99.9,9.934999,1020.05,0.0,3.94 00:46:10 16/10/20
0,99.9,9.925,1020.0,0.0,3.94 00:51:25 16/10/20
0,99.9,9.865,1019.98,0.0,3.94 00:56:38 16/10/20
0,99.9,9.844999,1019.95,0.0,3.94 01:01:50 16/10/20
0,99.9,9.84,1020.0,0.0,3.94 01:07:04 16/10/20
0,99.9,9.775,1020.02,0.0,3.93 01:12:17 16/10/20
0,99.9,9.755,1020.02,0.0,3.93 01:17:30 16/10/20
0,99.9,9.745001,1020.0,0.0,3.93 01:22:47 16/10/20
0,99.9,9.74,1020.1,0.0,3.93 01:28:05 16/10/20
0,99.9,9.725,1020.17,0.0,3.93 01:33:17 16/10/20
0,99.9,9.655001,1020.13,0.0,3.93 01:38:33 16/10/20
0,99.9,9.58,1020.09,0.0,3.93 01:43:45 16/10/20
0,99.9,9.555,1020.11,0.0,3.93 01:48:57 16/10/20
0,99.9,9.465,1020.04,0.0,3.93 01:54:10 16/10/20
0,99.9,9.38,1020.18,0.0,3.93 01:59:25 16/10/20
0,99.9,9.285,1020.16,0.0,3.92 02:04:38 16/10/20
0,99.9,9.245001,1020.12,0.0,3.92 02:09:52 16/10/20
0,99.9,9.165,1020.15,0.0,3.92 02:15:04 16/10/20
0,99.9,9.139999,1020.16,0.0,3.87 02:20:16 16/10/20
0,99.9,9.07,1020.24,0.0,3.92 02:25:32 16/10/20
0,99.9,9.065,1020.25,0.0,3.92 02:30:45 16/10/20
0,99.9,9.065,1020.25,0.0,3.92 02:35:58 16/10/20
0,99.9,9.059999,1020.34,0.0,3.92 02:41:09 16/10/20
0,99.9,9.049999,1020.32,0.0,3.92 02:46:24 16/10/20
0,99.9,9.059999,1020.35,0.0,3.92 02:51:38 16/10/20
0,99.9,9.065,1020.39,0.0,3.92 02:56:52 16/10/20
0,99.9,9.065,1020.37,0.0,3.92 03:02:04 16/10/20
0,99.9,9.135,1020.43,0.0,3.92 03:07:16 16/10/20
0,99.9,9.139999,1020.41,0.0,3.91 03:12:35 16/10/20
0,99.9,9.155001,1020.42,0.0,3.91 03:17:52 16/10/20
0,99.9,9.17,1020.41,0.0,3.91 03:23:06 16/10/20
0,99.9,9.184999,1020.26,0.0,3.91 03:28:19 16/10/20
0,99.9,9.23,1020.2,0.0,3.91 03:33:32 16/10/20
0,99.9,9.245001,1020.15,0.0,3.91 03:38:45 16/10/20
0,99.9,9.255,1020.16,0.0,3.91 03:43:59 16/10/20
0,99.9,9.245001,1020.14,0.0,3.91 03:49:12 16/10/20
0,99.9,9.255,1020.15,0.0,3.91 03:54:25 16/10/20
0,99.9,9.255,1020.12,0.0,3.9 03:59:38 16/10/20
0,99.9,9.255,1020.15,0.0,3.91 04:04:52 16/10/20
0,99.9,9.25,1020.21,0.0,3.9 04:10:03 16/10/20
0,99.9,9.245001,1020.15,0.0,3.86 04:15:25 16/10/20
0,99.9,9.255,1020.15,0.0,3.85 04:20:41 16/10/20
0,99.9,9.25,1020.06,0.0,3.9 04:25:53 16/10/20
0,99.9,9.245001,1020.07,0.0,3.91 04:31:07 16/10/20
0,99.9,9.245001,1020.14,0.0,3.9 04:36:20 16/10/20
0,99.9,9.235001,1020.04,0.0,3.9 04:41:36 16/10/20
0,99.9,9.235001,1020.0,0.0,3.9 04:46:44 16/10/20
0,99.9,9.175,1019.99,0.0,3.91 04:51:59 16/10/20
0,99.9,9.17,1019.96,0.0,3.9 04:57:13 16/10/20
0,99.9,9.17,1020.07,0.0,3.9 05:02:27 16/10/20
0,99.9,9.16,1020.01,0.0,3.9 05:07:39 16/10/20
0,99.9,9.155001,1020.03,0.0,3.9 05:12:52 16/10/20
0,99.9,9.15,1020.09,0.0,3.9 05:18:06 16/10/20
0,99.9,9.145,1020.13,0.0,3.9 05:23:20 16/10/20
0,99.9,9.145,1020.1,0.0,3.89 05:28:32 16/10/20
0,99.9,9.145,1020.07,0.0,3.9 05:33:46 16/10/20
0,99.9,9.135,1020.1,0.0,3.9 05:38:59 16/10/20
0,99.9,9.13,1020.12,0.0,3.9 05:44:13 16/10/20
0,99.9,9.125,1020.24,0.0,3.9 05:49:25 16/10/20
0,99.9,9.07,1020.26,0.0,3.89 05:54:38 16/10/20
0,99.9,9.065,1020.27,0.0,3.9 05:59:50 16/10/20
0,99.9,9.055,1020.26,0.0,3.89 06:05:05 16/10/20
0,99.9,9.055,1020.28,0.0,3.85 06:10:26 16/10/20
0,99.9,9.059999,1020.28,0.0,3.89 06:15:38 16/10/20
0,99.9,9.04,1020.29,0.0,3.9 06:20:54 16/10/20
0,99.9,9.03,1020.24,0.0,3.9 06:26:06 16/10/20
0,99.9,9.025,1020.31,0.0,3.89 06:31:19 16/10/20
0,99.9,8.965,1020.38,0.0,3.9 06:36:33 16/10/20
0,99.9,8.955,1020.41,0.0,3.89 06:41:46 16/10/20
0,99.9,8.950001,1020.46,0.0,3.91 06:46:59 16/10/20
0,99.9,8.945,1020.5,0.0,3.89 06:52:11 16/10/20
0,99.9,8.940001,1020.45,0.0,3.9 06:57:26 16/10/20
0,99.9,8.875,1020.42,0.0,3.89 07:02:39 16/10/20
0,99.9,8.865,1020.38,0.0,3.89 07:07:55 16/10/20
0,99.9,8.860001,1020.41,0.0,3.89 07:13:03 16/10/20
0,99.9,8.844999,1020.38,0.0,3.89 07:18:18 16/10/20
0,99.9,8.835,1020.36,0.02,3.89 07:23:31 16/10/20
0,99.9,8.83,1020.39,0.06,3.89 07:28:45 16/10/20
0,99.9,8.825,1020.43,0.16,3.89 07:33:59 16/10/20
2,99.9,8.765,1020.42,0.44,3.89 07:39:09 16/10/20
6,99.9,8.76,1020.41,1.1,3.89 07:44:24 16/10/20
11,99.9,8.75,1020.41,1.9,3.89 07:49:41 16/10/20
18,99.9,8.74,1020.45,2.54,3.89 07:54:57 16/10/20
25,99.9,8.684999,1020.5,3.04,3.89 08:00:12 16/10/20
32,99.9,8.67,1020.49,3.4,3.89 08:05:25 16/10/20
39,99.9,8.655001,1020.44,3.75,3.83 08:10:43 16/10/20
44,99.9,8.665,1020.52,4.01,3.89 08:16:00 16/10/20
48,99.9,8.655001,1020.5,3.95,3.89 08:21:14 16/10/20
52,99.9,8.66,1020.56,4.18,3.89 08:26:27 16/10/20
61,99.9,8.67,1020.55,4.49,3.89 08:31:39 16/10/20
71,99.9,8.675,1020.53,4.68,3.89 08:36:53 16/10/20
76,99.9,8.735001,1020.58,5.0,3.89 08:42:06 16/10/20
88,99.9,8.75,1020.66,5.0,3.89 08:47:20 16/10/20
96,99.9,8.76,1020.66,4.18,3.9 08:52:33 16/10/20
116,99.9,8.785,1020.66,5.0,3.9 08:57:46 16/10/20
127,99.9,8.860001,1020.6,4.02,3.91 09:03:00 16/10/20
127,99.9,8.934999,1020.68,5.0,3.9 09:08:12 16/10/20
133,99.9,8.96,1020.78,4.1,3.92 09:13:29 16/10/20
136,99.9,8.99,1020.84,4.57,3.91 09:18:47 16/10/20
148,99.9,9.055,1020.8,3.99,3.93 09:24:01 16/10/20
153,99.9,9.085,1020.81,5.0,3.93 09:29:14 16/10/20
144,99.9,9.16,1020.83,4.0,3.93 09:34:28 16/10/20
135,99.9,9.245001,1020.86,5.0,3.93 09:39:40 16/10/20
154,99.9,9.26,1020.91,3.99,3.93 09:44:57 16/10/20
157,99.9,9.280001,1021.0,4.26,3.92 09:50:15 16/10/20
163,99.9,9.35,1021.05,5.0,3.94 09:55:30 16/10/20
170,99.9,9.434999,1021.03,4.11,3.95 10:00:47 16/10/20
176,99.9,9.52,1021.04,5.0,3.96 10:06:02 16/10/20
180,99.9,9.565,1021.15,5.0,3.96 10:11:17 16/10/20
185,99.9,9.655001,1021.16,4.08,3.97 10:16:31 16/10/20
192,99.9,9.75,1021.0,4.08,3.98 10:21:47 16/10/20
195,99.9,9.835,1021.06,5.0,3.99 10:27:05 16/10/20
198,99.9,9.885,1021.09,4.1,4.01 10:32:17 16/10/20
214,99.9,10.03,1021.13,5.0,4.05 10:37:33 16/10/20
219,99.9,10.15,1021.19,4.3,4.06 10:42:45 16/10/20
198,99.9,10.325,1021.23,4.21,4.05 10:47:59 16/10/20
181,99.9,10.37,1021.27,5.0,4.03 10:53:12 16/10/20
192,99.9,10.445,1021.26,5.0,4.03 10:58:30 16/10/20
179,99.9,10.465,1021.24,5.0,4.02 11:03:51 16/10/20
189,99.9,10.535,1021.28,4.21,4.04 11:09:09 16/10/20
211,99.9,10.495,1021.21,4.15,4.07 11:14:23 16/10/20
213,99.9,10.559999,1021.23,4.66,4.08 11:19:36 16/10/20
219,99.9,10.639999,1021.2,4.26,4.11 11:24:50 16/10/20
217,99.9,10.73,1021.23,4.23,4.13 11:30:03 16/10/20
224,99.9,10.77,1021.15,4.28,4.17 11:35:17 16/10/20
228,99.9,10.87,1021.15,5.0,4.19 11:40:30 16/10/20
222,99.9,11.049999,1021.14,4.24,4.19 11:45:44 16/10/20
228,99.9,11.165,1021.11,5.0,4.19 11:50:55 16/10/20
209,99.9,11.255,1021.13,4.37,4.15 11:56:13 16/10/20
201,99.9,11.34,1021.17,4.24,4.16 12:01:24 16/10/20
213,99.9,11.34,1021.11,4.23,4.14 12:06:36 16/10/20
210,99.9,11.41,1021.12,4.32,4.15 12:11:51 16/10/20
205,99.9,11.42,1021.14,4.17,4.12 12:17:05 16/10/20
196,99.9,11.43,1021.15,5.0,4.08 12:22:24 16/10/20
205,99.9,11.445,1021.19,4.83,4.13 12:27:40 16/10/20
227,99.9,11.46,1021.08,5.0,4.16 12:32:52 16/10/20
224,99.9,11.525,1021.1,4.24,4.15 12:38:07 16/10/20
214,99.9,11.615,1021.07,4.24,4.14 12:43:20 16/10/20
190,99.9,11.639999,1021.16,5.0,4.13 12:48:38 16/10/20
180,99.9,11.71,1021.1,4.17,4.12 12:53:55 16/10/20
182,99.9,11.715,1021.01,5.0,4.14 12:59:10 16/10/20
197,99.9,11.72,1021.06,5.0,4.14 13:04:24 16/10/20
206,99.9,11.73,1021.09,4.29,4.14 13:09:36 16/10/20
227,99.9,11.74,1021.07,4.26,4.17 13:14:51 16/10/20
222,99.9,11.83,1021.01,4.8,4.17 13:20:05 16/10/20
236,99.9,11.915,1020.95,4.29,4.19 13:25:23 16/10/20
223,99.9,12.014999,1020.89,4.25,4.17 13:30:40 16/10/20
231,99.9,12.04,1020.84,4.27,4.18 13:35:54 16/10/20
239,99.9,12.13,1020.73,4.41,4.2 13:41:08 16/10/20
204,99.9,12.225,1020.72,4.29,4.15 13:46:21 16/10/20
228,99.9,12.309999,1020.61,4.3,4.18 13:51:35 16/10/20
241,99.9,12.395,1020.53,4.39,4.2 13:56:49 16/10/20
198,99.9,12.43,1020.53,4.26,4.15 14:02:02 16/10/20
222,99.9,12.434999,1020.48,4.38,4.19 14:07:16 16/10/20
201,99.9,12.5,1020.46,5.0,4.17 14:12:30 16/10/20
222,99.9,12.504999,1020.4,4.27,4.18 14:17:43 16/10/20
228,99.9,12.53,1020.4,4.24,4.14 14:22:57 16/10/20
221,99.9,12.615,1020.35,4.75,4.17 14:28:10 16/10/20
233,99.9,12.635,1020.28,5.0,4.17 14:33:24 16/10/20
214,99.9,12.73,1020.26,5.0,4.17 14:38:39 16/10/20
209,99.9,12.684999,1020.21,5.0,4.12 14:43:52 16/10/20
196,99.9,12.725,1020.19,4.25,4.14 14:49:05 16/10/20
200,99.9,12.73,1020.19,4.66,4.14 14:54:19 16/10/20
199,99.9,12.74,1020.15,5.0,4.14 14:59:33 16/10/20
198,99.9,12.735001,1020.14,4.24,4.14 15:04:50 16/10/20
210,99.9,12.745001,1020.13,4.24,4.16 15:10:09 16/10/20
223,99.9,12.799999,1020.12,4.27,4.18 15:15:26 16/10/20
196,99.9,12.83,1020.14,4.25,4.15 15:20:43 16/10/20
198,99.9,12.9,1020.11,4.35,4.15 15:25:58 16/10/20
196,99.9,12.855,1020.06,4.72,4.15 15:31:12 16/10/20
194,99.9,12.9,1020.09,4.22,4.15 15:36:27 16/10/20
197,99.9,12.895,1020.1,4.36,4.15 15:41:40 16/10/20
195,99.9,12.905001,1020.1,5.0,4.14 15:46:54 16/10/20
191,99.9,12.915,1020.05,4.22,4.13 15:52:05 16/10/20
180,99.9,12.92,1020.05,4.25,4.14 15:57:19 16/10/20
185,99.9,12.92,1020.0,5.0,4.15 16:02:35 16/10/20
181,99.9,12.925,1020.01,5.0,4.15 16:07:48 16/10/20
183,99.9,12.934999,1019.99,4.3,4.15 16:13:02 16/10/20
189,99.9,12.940001,1019.98,5.0,4.13 16:18:17 16/10/20
187,99.9,12.950001,1019.9,4.19,4.13 16:23:30 16/10/20
177,99.9,13.01,1019.89,5.0,4.07 16:28:50 16/10/20
159,99.9,13.03,1019.92,4.47,4.12 16:34:06 16/10/20
148,99.9,13.025,1019.89,5.0,4.15 16:39:23 16/10/20
156,99.9,12.96,1019.89,5.0,4.14 16:44:42 16/10/20
158,99.9,12.940001,1019.83,5.0,4.14 16:49:56 16/10/20
156,99.9,12.92,1019.86,4.78,4.14 16:55:09 16/10/20
155,99.9,12.865,1019.85,5.0,4.14 17:00:24 16/10/20
150,99.9,12.865,1019.84,4.29,4.14 17:05:37 16/10/20
151,99.9,12.85,1019.78,5.0,4.14 17:10:59 16/10/20
150,99.9,12.84,1019.76,4.34,4.14 17:16:11 16/10/20
149,99.9,12.77,1019.75,4.61,4.13 17:21:30 16/10/20
124,99.9,12.76,1019.79,5.0,4.14 17:26:49 16/10/20
116,99.9,12.74,1019.78,4.96,4.14 17:32:02 16/10/20
118,99.9,12.66,1019.71,4.22,4.14 17:37:16 16/10/20
115,99.9,12.645,1019.72,5.0,4.13 17:42:30 16/10/20
111,99.9,12.565,1019.71,5.0,4.13 17:47:44 16/10/20
107,99.9,12.54,1019.81,5.0,4.12 17:52:57 16/10/20
96,99.9,12.465,1019.81,5.0,4.11 17:58:16 16/10/20
87,99.9,12.385,1019.88,4.49,4.11 18:03:33 16/10/20
81,99.9,12.35,1019.84,4.78,4.1 18:08:47 16/10/20
75,99.9,12.285,1019.88,4.81,4.08 18:14:04 16/10/20
70,99.9,12.255,1019.9,4.4,4.08 18:19:23 16/10/20
60,99.9,12.17,1019.96,4.25,4.07 18:24:37 16/10/20
48,99.9,12.085,1020.03,4.17,4.06 18:29:51 16/10/20
42,99.9,12.04,1019.99,3.83,4.06 18:35:04 16/10/20
36,99.9,11.965,1020.0,3.54,4.05 18:40:17 16/10/20
29,99.9,11.945,1020.04,3.16,4.0 18:45:30 16/10/20
21,99.9,11.87,1020.08,2.7,4.05 18:50:45 16/10/20
14,99.9,11.844999,1020.18,2.18,4.04 18:55:58 16/10/20
8,99.9,11.77,1020.19,1.55,4.04 19:01:12 16/10/20
4,99.9,11.755,1020.33,0.91,4.03 19:06:26 16/10/20
0,99.9,11.675,1020.27,0.36,4.03 19:11:40 16/10/20
0,99.9,11.655001,1020.33,0.12,4.03 19:16:53 16/10/20
0,99.9,11.585,1020.39,0.04,4.02 19:22:06 16/10/20
0,99.9,11.565,1020.44,0.01,4.02 19:27:20 16/10/20
0,99.9,11.545,1020.55,0.0,4.02 19:32:33 16/10/20
0,99.9,11.465,1020.59,0.0,4.02 19:37:47 16/10/20
0,99.9,11.445,1020.66,0.0,4.01 19:43:00 16/10/20
0,99.9,11.360001,1020.7,0.0,4.01 19:48:15 16/10/20
0,99.9,11.344999,1020.72,0.0,4.0 19:53:31 16/10/20
0,99.9,11.27,1020.75,0.0,4.0 19:58:53 16/10/20
0,99.9,11.25,1020.74,0.0,4.0 20:04:12 16/10/20
0,99.9,11.184999,1020.75,0.0,4.0 20:09:25 16/10/20
0,99.9,11.165,1020.76,0.0,4.0 20:14:39 16/10/20
0,99.9,11.094999,1020.74,0.0,4.0 20:19:52 16/10/20
0,99.9,11.085,1020.72,0.0,3.99 20:25:06 16/10/20
0,99.9,11.07,1020.7,0.0,3.99 20:30:19 16/10/20
0,99.9,11.055,1020.69,0.0,3.99 20:35:33 16/10/20
0,99.9,10.99,1020.73,0.0,3.99 20:40:46 16/10/20
0,99.9,10.975,1020.7,0.0,3.99 20:46:00 16/10/20
0,99.9,10.96,1020.65,0.0,3.99 20:51:13 16/10/20
0,99.9,10.955,1020.69,0.0,3.99 20:56:27 16/10/20
0,99.9,10.934999,1020.65,0.0,3.98 21:01:40 16/10/20
0,99.9,10.875,1020.68,0.0,3.98 21:06:54 16/10/20
0,99.9,10.865,1020.64,0.0,3.98 21:12:07 16/10/20
0,99.9,10.84,1020.55,0.0,3.98 21:17:24 16/10/20
0,99.9,10.780001,1020.57,0.0,3.98 21:22:42 16/10/20
0,99.9,10.755,1020.64,0.0,3.98 21:27:57 16/10/20
0,99.9,10.74,1020.62,0.0,3.98 21:33:10 16/10/20
0,99.9,10.67,1020.65,0.0,3.97 21:38:24 16/10/20
0,99.9,10.655001,1020.66,0.0,3.97 21:43:36 16/10/20
0,99.9,10.58,1020.68,0.0,3.97 21:48:48 16/10/20
0,99.9,10.545,1020.69,0.0,3.97 21:54:03 16/10/20
0,99.9,10.389999,1020.67,0.0,3.97 21:59:17 16/10/20
0,99.9,10.275,1020.68,0.0,3.97 22:04:30 16/10/20
0,99.9,10.16,1020.65,0.0,3.96 22:09:47 16/10/20
0,99.9,9.99,1020.56,0.0,3.96 22:15:05 16/10/20
0,99.9,9.945,1020.56,0.0,3.96 22:20:19 16/10/20
0,99.9,9.795,1020.56,0.0,3.96 22:25:33 16/10/20
0,99.9,9.7,1020.63,0.0,3.96 22:30:46 16/10/20
0,99.9,9.594999,1020.67,0.0,3.96 22:35:59 16/10/20
0,99.9,9.485001,1020.63,0.0,3.96 22:41:13 16/10/20
5,99.9,9.355,1020.58,0.0,3.96 22:46:24 16/10/20
8,99.9,9.190001,1020.63,0.0,3.96 22:51:39 16/10/20
11,99.9,9.065,1020.67,0.0,3.95 22:56:50 16/10/20
12,99.9,8.889999,1020.74,0.0,3.96 23:02:05 16/10/20
14,99.9,8.765,1020.72,0.0,3.96 23:07:17 16/10/20
17,99.9,8.6,1020.71,0.0,3.95 23:12:31 16/10/20
19,99.9,8.505,1020.63,0.0,3.96 23:17:43 16/10/20
16,99.9,8.455,1020.6,0.0,3.95 23:22:58 16/10/20
15,99.9,8.365,1020.58,0.0,3.95 23:28:12 16/10/20
14,99.9,8.26,1020.54,0.0,3.95 23:33:24 16/10/20
13,99.9,8.15,1020.46,0.0,3.95 23:38:37 16/10/20
14,99.9,8.045,1020.57,0.0,3.95 23:43:50 16/10/20
13,99.9,7.875,1020.51,0.0,3.94 23:49:07 16/10/20
13,99.9,7.7749996,1020.58,0.0,3.94 23:54:25 16/10/20
13,99.9,7.675,1020.55,0.0,3.94 23:59:38 16/10/20
