25,99.9,10.84,1020.86,0.0,3.67 00:00:32 19/10/20
25,99.9,10.79,1020.89,0.0,3.66 00:05:45 19/10/20
25,99.9,10.785,1020.91,0.0,3.66 00:11:02 19/10/20
25,99.9,10.77,1020.92,0.0,3.66 00:16:21 19/10/20
25,99.9,10.76,1020.88,0.0,3.66 00:21:35 19/10/20
23,99.9,10.755,1020.95,0.0,3.66 00:26:47 19/10/20
23,99.9,10.765,1020.92,0.0,3.66 00:32:01 19/10/20
23,99.9,10.77,1020.94,0.0,3.66 00:37:14 19/10/20
23,99.9,10.77,1020.91,0.0,3.66 00:42:28 19/10/20
22,99.9,10.77,1020.96,0.0,3.66 00:47:41 19/10/20
22,99.9,10.775,1020.95,0.0,3.66 00:52:55 19/10/20
22,99.9,10.765,1020.92,0.0,3.66 00:58:09 19/10/20
20,99.9,10.765,1020.89,0.0,3.66 01:03:23 19/10/20
22,99.9,10.765,1020.88,0.0,3.66 01:08:36 19/10/20
22,99.9,10.75,1020.84,0.0,3.65 01:13:48 19/10/20
22,99.9,10.690001,1020.86,0.0,3.65 01:19:02 19/10/20
22,99.9,10.68,1020.81,0.0,3.66 01:24:15 19/10/20
22,99.9,10.67,1020.76,0.0,3.65 01:29:29 19/10/20
22,99.9,10.66,1020.78,0.0,3.65 01:34:44 19/10/20
22,99.9,10.645,1020.75,0.0,3.65 01:39:57 19/10/20
22,99.9,10.585,1020.79,0.0,3.65 01:45:07 19/10/20
22,99.9,10.575,1020.65,0.0,3.65 01:50:26 19/10/20
22,99.9,10.57,1020.74,0.0,3.64 01:55:45 19/10/20
23,99.9,10.545,1020.68,0.0,3.64 02:00:58 19/10/20
23,99.9,10.475,1020.7,0.0,3.64 02:06:10 19/10/20
25,99.9,10.455,1020.66,0.0,3.64 02:11:23 19/10/20
28,99.9,10.375,1020.6,0.0,3.64 02:16:42 19/10/20
29,99.9,10.295,1020.61,0.0,3.64 02:21:59 19/10/20
31,99.9,10.275,1020.65,0.0,3.64 02:27:13 19/10/20
31,99.9,10.24,1020.59,0.0,3.63 02:32:27 19/10/20
31,99.9,10.175,1020.67,0.0,3.63 02:37:40 19/10/20
31,99.9,10.145,1020.67,0.0,3.57 02:42:57 19/10/20
30,99.9,10.15,1020.78,0.0,3.63 02:48:14 19/10/20
29,99.9,10.13,1020.81,0.0,3.63 02:53:29 19/10/20
28,99.9,10.075,1020.86,0.0,3.63 02:58:42 19/10/20
27,99.9,10.07,1020.88,0.0,3.62 03:04:00 19/10/20
27,99.9,10.065,1020.78,0.0,3.62 03:09:17 19/10/20
29,99.9,10.055,1020.75,0.0,3.61 03:14:31 19/10/20
30,99.9,10.04,1020.73,0.0,3.61 03:19:44 19/10/20
28,99.9,9.985001,1020.74,0.0,3.6 03:25:01 19/10/20
26,99.9,9.985001,1020.74,0.0,3.6 03:30:19 19/10/20
25,99.9,9.985001,1020.75,0.0,3.6 03:35:31 19/10/20
25,99.9,9.975,1020.79,0.0,3.59 03:40:47 19/10/20
24,99.9,9.97,1020.8,0.0,3.59 03:45:58 19/10/20
23,99.9,9.965,1020.79,0.0,3.58 03:51:13 19/10/20
22,99.9,9.965,1020.81,0.0,3.57 03:56:25 19/10/20
23,99.9,9.955,1020.76,0.0,3.57 04:01:39 19/10/20
23,99.9,9.945,1020.79,0.0,3.56 04:06:53 19/10/20
22,99.9,9.889999,1020.72,0.0,3.56 04:12:04 19/10/20
24,99.9,9.88,1020.69,0.0,3.55 04:17:18 19/10/20
24,99.9,9.860001,1020.63,0.0,3.54 04:22:33 19/10/20
29,99.9,9.844999,1020.51,0.0,3.54 04:27:47 19/10/20
30,99.9,9.77,1020.48,0.0,3.53 04:32:58 19/10/20
31,99.9,9.755,1020.48,0.0,3.52 04:38:13 19/10/20
30,99.9,9.68,1020.39,0.0,3.51 04:43:27 19/10/20
31,99.9,9.655001,1020.43,0.0,3.51 04:48:39 19/10/20
32,99.9,9.58,1020.46,0.0,3.5 04:53:53 19/10/20
31,99.9,9.559999,1020.42,0.0,3.49 04:59:05 19/10/20
31,99.9,9.485001,1020.38,0.0,3.48 05:04:19 19/10/20
29,99.9,9.455,1020.35,0.0,3.46 05:09:36 19/10/20
29,99.9,9.385,1020.22,0.0,3.46 05:14:54 19/10/20
29,99.9,9.344999,1020.19,0.0,3.44 05:20:09 19/10/20
29,99.9,9.265,1020.17,0.0,3.43 05:25:21 19/10/20
27,99.9,9.16,1020.08,0.0,3.41 05:30:35 19/10/20
26,99.9,9.059999,1020.17,0.0,3.4 05:35:47 19/10/20
24,99.9,8.955,1020.12,0.0,3.39 05:41:04 19/10/20
23,99.9,8.780001,1020.07,0.0,3.37 05:46:22 19/10/20
23,99.9,8.66,1020.1,0.0,3.35 05:51:35 19/10/20
22,99.9,8.495,1020.07,0.0,3.33 05:56:52 19/10/20
20,99.9,8.389999,1020.11,0.0,3.33 06:02:08 19/10/20
21,99.9,8.2699995,1020.02,0.0,3.31 06:07:23 19/10/20
21,99.9,8.155001,1020.0,0.0,3.28 06:12:37 19/10/20
21,99.9,8.055,1019.94,0.0,3.26 06:17:49 19/10/20
19,99.9,7.955,1019.91,0.0,3.23 06:23:03 19/10/20
21,99.9,7.8,1019.86,0.0,3.21 06:28:14 19/10/20
22,99.9,7.755,1019.93,0.0,3.16 06:33:30 19/10/20
21,99.9,7.65,1019.92,0.0,3.12 06:38:42 19/10/20
21,99.9,7.5550003,1019.85,0.0,3.06 06:43:55 19/10/20
21,99.9,7.4900002,1019.87,0.0,2.95 06:49:06 19/10/20
22,99.9,7.475,1019.92,0.0,2.92 06:54:19 19/10/20
