13,99.9,10.195,1005.85,0.0,3.89 00:01:21 29/10/20
13,99.9,10.219999,1005.84,0.0,3.88 00:06:35 29/10/20
13,99.9,10.285,1005.93,0.01,3.89 00:11:48 29/10/20
13,99.9,10.315001,1005.98,0.0,3.88 00:17:02 29/10/20
12,99.9,10.38,1006.0,0.0,3.89 00:22:13 29/10/20
13,99.9,10.385,1006.1,0.0,3.88 00:27:28 29/10/20
12,99.9,10.395,1006.15,0.01,3.88 00:32:41 29/10/20
11,99.9,10.395,1006.19,0.01,3.88 00:37:53 29/10/20
13,99.9,10.395,1006.25,0.0,3.88 00:43:09 29/10/20
12,99.9,10.389999,1006.42,0.0,3.88 00:48:21 29/10/20
12,99.9,10.385,1006.34,0.0,3.88 00:53:33 29/10/20
13,99.9,10.38,1006.44,0.0,3.88 00:58:48 29/10/20
13,99.9,10.375,1006.53,0.0,3.88 01:04:04 29/10/20
13,99.9,10.375,1006.78,0.0,3.88 01:09:16 29/10/20
13,99.9,10.38,1006.9,0.0,3.88 01:14:33 29/10/20
13,99.9,10.389999,1006.92,0.0,3.88 01:19:50 29/10/20
13,99.9,10.4,1006.99,0.0,3.88 01:25:04 29/10/20
11,99.9,10.405,1007.0,0.0,3.88 01:30:15 29/10/20
14,99.9,10.42,1007.18,0.0,3.88 01:35:35 29/10/20
13,99.9,10.48,1007.25,0.0,3.88 01:40:53 29/10/20
12,99.9,10.495,1007.41,0.0,3.88 01:46:04 29/10/20
13,99.9,10.495,1007.38,0.0,3.88 01:51:19 29/10/20
14,99.9,10.505,1007.5,0.0,3.88 01:56:35 29/10/20
11,99.9,10.514999,1007.45,0.0,3.88 02:01:44 29/10/20
13,99.9,10.51,1007.53,0.0,3.88 02:06:59 29/10/20
12,99.9,10.559999,1007.66,0.0,3.88 02:12:11 29/10/20
14,99.9,10.549999,1007.63,0.0,3.87 02:17:26 29/10/20
14,99.9,10.485001,1007.57,0.0,3.87 02:22:40 29/10/20
13,99.9,10.475,1007.62,0.0,3.87 02:27:52 29/10/20
13,99.9,10.42,1007.52,0.0,3.88 02:33:06 29/10/20
14,99.9,10.42,1007.57,0.0,3.87 02:38:21 29/10/20
13,99.9,10.405,1007.64,0.0,3.88 02:43:32 29/10/20
12,99.9,10.395,1007.61,0.0,3.87 02:48:45 29/10/20
14,99.9,10.389999,1007.69,0.0,3.87 02:54:00 29/10/20
14,99.9,10.38,1007.7,0.0,3.83 02:59:17 29/10/20
14,99.9,10.38,1007.69,0.0,3.82 03:04:40 29/10/20
14,99.9,10.38,1007.78,0.0,3.87 03:09:57 29/10/20
14,99.9,10.375,1007.8,0.0,3.87 03:15:11 29/10/20
14,99.9,10.360001,1007.74,0.0,3.87 03:20:24 29/10/20
15,99.9,10.295,1007.9,0.0,3.87 03:25:38 29/10/20
15,99.9,10.285,1007.94,0.0,3.87 03:30:51 29/10/20
15,99.9,10.265,1007.98,0.0,3.87 03:36:09 29/10/20
12,99.9,10.26,1008.15,0.0,3.87 03:41:24 29/10/20
14,99.9,10.195,1008.3,0.0,3.87 03:46:39 29/10/20
15,99.9,10.195,1008.3,0.0,3.87 03:51:53 29/10/20
13,99.9,10.190001,1008.44,0.0,3.87 03:57:04 29/10/20
15,99.9,10.17,1008.42,0.0,3.87 04:02:18 29/10/20
16,99.9,10.1,1008.5,0.0,3.87 04:07:34 29/10/20
16,99.9,10.094999,1008.58,0.0,3.87 04:12:46 29/10/20
14,99.9,10.1,1008.64,0.0,3.86 04:17:58 29/10/20
16,99.9,10.094999,1008.69,0.0,3.87 04:23:14 29/10/20
16,99.9,10.075,1008.82,0.0,3.86 04:28:26 29/10/20
14,99.9,10.07,1008.82,0.0,3.86 04:33:53 29/10/20
15,99.9,10.075,1008.91,0.0,3.86 04:39:10 29/10/20
15,99.9,10.055,1009.06,0.0,3.86 04:44:27 29/10/20
14,99.9,10.0,1009.12,0.0,3.86 04:49:44 29/10/20
5,99.9,9.995,1009.22,0.0,3.86 04:54:59 29/10/20
0,99.9,9.99,1009.19,0.0,3.86 05:00:13 29/10/20
0,99.9,9.98,1009.39,0.0,3.86 05:05:25 29/10/20
0,99.9,9.98,1009.5,0.0,3.81 05:10:39 29/10/20
0,99.9,9.975,1009.57,0.0,3.86 05:15:55 29/10/20
0,99.9,9.965,1009.62,0.0,3.86 05:21:05 29/10/20
0,99.9,9.9,1009.83,0.0,3.86 05:26:19 29/10/20
0,99.9,9.885,1009.98,0.0,3.86 05:31:33 29/10/20
0,99.9,9.87,1009.98,0.0,3.86 05:36:44 29/10/20
0,99.9,9.865,1010.11,0.0,3.85 05:42:11 29/10/20
0,99.9,9.865,1010.15,0.0,3.85 05:47:30 29/10/20
0,99.9,9.79,1010.29,0.0,3.85 05:52:42 29/10/20
0,99.9,9.775,1010.33,0.0,3.85 05:57:56 29/10/20
0,99.9,9.775,1010.37,0.0,3.85 06:03:10 29/10/20
0,99.9,9.77,1010.41,0.0,3.85 06:08:21 29/10/20
0,99.9,9.765,1010.48,0.0,3.85 06:13:34 29/10/20
0,99.9,9.7,1010.59,0.0,3.85 06:18:49 29/10/20
0,99.9,9.695,1010.74,0.0,3.85 06:24:00 29/10/20
0,99.9,9.67,1010.77,0.0,3.85 06:29:15 29/10/20
0,99.9,9.6,1010.86,0.0,3.85 06:34:27 29/10/20
0,99.9,9.57,1010.87,0.01,3.84 06:39:40 29/10/20
1,99.9,9.5,1010.98,0.05,3.85 06:44:55 29/10/20
2,99.9,9.47,1011.06,0.15,3.85 06:50:07 29/10/20
3,99.9,9.445,1011.2,0.36,3.85 06:55:21 29/10/20
6,99.9,9.385,1011.35,0.8,3.84 07:00:34 29/10/20
10,99.9,9.38,1011.47,1.6,3.84 07:05:52 29/10/20
18,99.9,9.37,1011.55,2.54,3.84 07:11:09 29/10/20
28,99.9,9.29,1011.61,3.32,3.84 07:16:27 29/10/20
41,99.9,9.275,1011.83,3.92,3.79 07:21:45 29/10/20
57,99.9,9.195,1011.84,4.33,3.84 07:26:57 29/10/20
74,99.9,9.175,1011.95,4.92,3.84 07:32:10 29/10/20
97,99.9,9.1,1011.98,4.47,3.85 07:37:24 29/10/20
106,99.9,9.094999,1012.0,4.22,3.85 07:42:36 29/10/20
119,99.9,9.105,1012.16,5.0,3.85 07:47:51 29/10/20
131,99.9,9.16,1012.16,3.95,3.87 07:53:03 29/10/20
137,99.9,9.175,1012.31,5.0,3.87 07:58:16 29/10/20
148,99.9,9.190001,1012.27,4.16,3.88 08:03:31 29/10/20
147,99.9,9.27,1012.31,4.01,3.88 08:08:44 29/10/20
155,99.9,9.29,1012.47,5.0,3.89 08:13:58 29/10/20
151,99.9,9.315001,1012.55,5.0,3.88 08:19:09 29/10/20
147,99.9,9.385,1012.53,4.52,3.88 08:24:22 29/10/20
152,99.9,9.4,1012.58,4.75,3.88 08:29:38 29/10/20
158,99.9,9.46,1012.58,5.0,3.88 08:34:51 29/10/20
161,99.9,9.485001,1012.65,4.0,3.89 08:40:05 29/10/20
171,99.9,9.49,1012.74,5.0,3.88 08:45:20 29/10/20
166,99.9,9.555,1012.75,4.5,3.89 08:50:30 29/10/20
161,99.9,9.57,1012.95,3.94,3.89 08:55:47 29/10/20
153,99.9,9.59,1013.09,3.94,3.89 09:00:57 29/10/20
157,99.9,9.655001,1013.2,3.98,3.89 09:06:11 29/10/20
158,99.9,9.675,1013.24,4.53,3.83 09:11:23 29/10/20
167,99.9,9.695,1013.33,3.99,3.89 09:16:35 29/10/20
178,99.9,9.77,1013.43,4.88,3.89 09:21:49 29/10/20
179,99.9,9.844999,1013.57,4.66,3.89 09:27:04 29/10/20
185,99.9,9.889999,1013.67,5.0,3.9 09:32:16 29/10/20
192,99.9,9.98,1013.77,5.0,3.91 09:37:29 29/10/20
197,99.9,10.065,1013.75,4.37,3.9 09:42:42 29/10/20
206,99.9,10.175,1013.87,5.0,3.92 09:47:56 29/10/20
212,99.9,10.33,1013.93,4.05,3.92 09:53:10 29/10/20
214,99.9,10.434999,1014.03,5.0,3.93 09:58:24 29/10/20
216,99.9,10.549999,1014.11,5.0,3.93 10:03:35 29/10/20
210,99.9,10.66,1014.17,4.55,3.93 10:08:51 29/10/20
215,99.9,10.755,1014.22,4.56,3.93 10:14:03 29/10/20
220,99.9,10.85,1014.25,4.5,3.94 10:19:19 29/10/20
218,99.9,10.96,1014.31,4.26,3.94 10:24:32 29/10/20
215,99.9,11.04,1014.42,5.0,3.94 10:29:44 29/10/20
216,99.9,11.08,1014.43,4.47,3.94 10:34:57 29/10/20
224,99.9,11.17,1014.4,4.02,3.93 10:40:11 29/10/20
232,99.9,11.245001,1014.46,5.0,3.95 10:45:26 29/10/20
230,99.9,11.34,1014.58,4.07,3.95 10:50:38 29/10/20
239,99.9,11.375,1014.72,5.0,3.96 10:55:51 29/10/20
247,99.9,11.47,1014.83,4.21,3.96 11:01:08 29/10/20
256,99.9,11.559999,1014.84,4.13,3.97 11:06:19 29/10/20
256,99.9,11.715,1014.89,5.0,3.96 11:11:32 29/10/20
244,99.9,11.755,1015.03,5.0,3.98 11:16:45 29/10/20
241,99.9,11.84,1015.01,4.17,3.97 11:22:01 29/10/20
235,99.9,11.92,1014.94,5.0,3.96 11:27:13 29/10/20
245,99.9,11.945,1014.99,4.08,3.98 11:32:28 29/10/20
252,99.9,11.975,1015.11,4.06,3.99 11:37:40 29/10/20
259,99.9,12.059999,1015.13,4.08,4.0 11:42:58 29/10/20
263,99.9,12.165,1015.19,4.22,4.02 11:48:16 29/10/20
270,99.9,12.245001,1015.18,4.13,4.04 11:53:31 29/10/20
275,99.9,12.365,1015.17,5.0,4.05 11:58:48 29/10/20
278,99.9,12.450001,1015.07,4.19,4.07 12:04:04 29/10/20
285,99.9,12.615,1015.11,4.72,4.1 12:09:24 29/10/20
277,99.9,12.725,1015.09,4.24,4.09 12:14:42 29/10/20
272,99.9,12.82,1015.06,4.37,4.08 12:19:56 29/10/20
249,99.9,12.85,1015.12,4.86,4.06 12:25:13 29/10/20
243,99.9,12.92,1015.08,4.16,4.07 12:30:32 29/10/20
212,99.9,12.875,1015.13,5.0,4.05 12:35:44 29/10/20
238,99.9,12.855,1015.16,4.43,4.06 12:40:59 29/10/20
228,99.9,12.875,1015.23,4.11,4.04 12:46:13 29/10/20
237,99.9,12.93,1015.23,5.0,4.05 12:51:26 29/10/20
247,99.9,12.93,1015.16,5.0,4.07 12:56:38 29/10/20
242,99.9,12.940001,1015.15,5.0,4.08 13:01:52 29/10/20
250,99.9,12.96,1015.12,5.0,4.1 13:07:12 29/10/20
260,99.9,13.03,1015.04,4.26,4.12 13:12:33 29/10/20
258,99.9,13.13,1015.08,4.28,4.15 13:17:42 29/10/20
249,99.9,13.139999,1015.07,5.0,4.14 13:22:56 29/10/20
248,99.9,13.17,1015.06,4.34,4.15 13:28:11 29/10/20
254,99.9,13.24,1015.03,4.26,4.16 13:33:25 29/10/20
244,99.9,13.315001,1015.19,5.0,4.11 13:38:39 29/10/20
219,99.9,13.32,1015.21,5.0,4.12 13:43:52 29/10/20
227,99.9,13.265,1015.26,5.0,4.11 13:49:05 29/10/20
224,99.9,13.25,1015.3,5.0,4.11 13:54:24 29/10/20
217,99.9,13.24,1015.3,4.47,4.12 13:59:42 29/10/20
218,99.9,13.17,1015.35,4.31,4.11 14:04:58 29/10/20
212,99.9,13.215,1015.43,5.0,4.13 14:10:11 29/10/20
196,99.9,13.15,1015.4,4.35,4.12 14:15:24 29/10/20
231,99.9,13.139999,1015.45,4.47,4.12 14:20:37 29/10/20
234,99.9,13.125,1015.43,5.0,4.12 14:25:51 29/10/20
224,99.9,13.065,1015.38,5.0,4.12 14:31:05 29/10/20
221,99.9,13.049999,1015.37,5.0,4.1 14:36:19 29/10/20
220,99.9,13.035,1015.34,4.62,4.12 14:41:31 29/10/20
220,99.9,12.96,1015.25,5.0,4.11 14:46:45 29/10/20
205,99.9,12.955,1015.23,5.0,4.11 14:51:58 29/10/20
199,99.9,12.940001,1015.22,4.6,4.09 14:57:19 29/10/20
181,99.9,12.934999,1015.23,5.0,4.09 15:02:35 29/10/20
219,99.9,12.865,1015.14,4.64,4.09 15:07:54 29/10/20
234,99.9,12.91,1015.09,4.19,4.06 15:13:13 29/10/20
235,99.9,12.85,1015.12,4.25,4.12 15:18:25 29/10/20
229,99.9,12.85,1015.15,4.99,4.11 15:23:44 29/10/20
222,99.9,12.855,1015.12,5.0,4.12 15:29:07 29/10/20
195,99.9,12.855,1015.12,5.0,4.11 15:34:22 29/10/20
211,99.9,12.844999,1015.18,4.17,4.11 15:39:42 29/10/20
199,99.9,12.844999,1015.11,5.0,4.11 15:45:01 29/10/20
182,99.9,12.835,1015.19,5.0,4.1 15:50:12 29/10/20
187,99.9,12.825,1015.15,4.51,4.1 15:55:27 29/10/20
190,99.9,12.815001,1015.19,4.35,4.1 16:00:39 29/10/20
190,99.9,12.755,1015.12,5.0,4.09 16:05:55 29/10/20
204,99.9,12.755,1015.03,5.0,4.1 16:11:07 29/10/20
192,99.9,12.745001,1015.04,4.84,4.1 16:16:22 29/10/20
178,99.9,12.735001,1014.93,5.0,4.09 16:21:35 29/10/20
152,99.9,12.684999,1014.96,4.23,4.09 16:26:50 29/10/20
145,99.9,12.684999,1014.91,4.83,4.08 16:32:03 29/10/20
116,99.9,12.67,1014.91,4.15,4.06 16:37:17 29/10/20
118,99.9,12.665,1014.87,4.59,4.06 16:42:35 29/10/20
114,99.9,12.67,1014.85,4.41,4.06 16:47:54 29/10/20
102,99.9,12.665,1014.95,4.2,4.05 16:53:05 29/10/20
87,99.9,12.655001,1014.86,4.16,4.05 16:58:20 29/10/20
84,99.9,12.65,1014.79,4.11,4.04 17:03:34 29/10/20
66,99.9,12.585,1014.65,3.67,4.04 17:08:48 29/10/20
52,99.9,12.585,1014.67,2.96,4.03 17:14:06 29/10/20
39,99.9,12.559999,1014.65,2.31,4.03 17:19:24 29/10/20
29,99.9,12.5,1014.56,1.78,4.03 17:24:37 29/10/20
23,99.9,12.475,1014.54,1.32,3.98 17:29:52 29/10/20
15,99.9,12.46,1014.54,0.62,4.02 17:35:03 29/10/20
11,99.9,12.450001,1014.52,0.26,4.02 17:40:17 29/10/20
9,99.9,12.385,1014.38,0.11,4.02 17:45:33 29/10/20
8,99.9,12.375,1014.42,0.05,4.02 17:50:46 29/10/20
7,99.9,12.360001,1014.27,0.01,4.01 17:55:58 29/10/20
7,99.9,12.360001,1014.25,0.0,4.01 18:01:13 29/10/20
8,99.9,12.305,1014.31,0.0,4.01 18:06:28 29/10/20
6,99.9,12.31,1014.33,0.0,4.0 18:11:52 29/10/20
8,99.9,12.31,1014.33,0.0,4.0 18:17:12 29/10/20
9,99.9,12.295,1014.36,0.0,4.0 18:22:26 29/10/20
9,99.9,12.295,1014.39,0.0,4.0 18:27:37 29/10/20
9,99.9,12.280001,1014.46,0.0,4.0 18:32:51 29/10/20
9,99.9,12.275,1014.47,0.0,4.0 18:38:06 29/10/20
9,99.9,12.27,1014.56,0.0,4.0 18:43:19 29/10/20
9,99.9,12.27,1014.44,0.0,3.99 18:48:32 29/10/20
9,99.9,12.21,1014.44,0.0,3.99 18:53:51 29/10/20
9,99.9,12.255,1014.35,0.0,3.99 18:59:07 29/10/20
9,99.9,12.205,1014.37,0.0,3.99 19:04:22 29/10/20
10,99.9,12.195,1014.38,0.0,3.98 19:09:37 29/10/20
10,99.9,12.24,1014.34,0.0,3.98 19:14:50 29/10/20
10,99.9,12.195,1014.35,0.0,3.98 19:20:03 29/10/20
10,99.9,12.2,1014.3,0.0,3.98 19:25:17 29/10/20
10,99.9,12.195,1014.33,0.0,3.98 19:30:30 29/10/20
10,99.9,12.2,1014.41,0.0,3.94 19:35:53 29/10/20
10,99.9,12.27,1014.37,0.0,3.96 19:41:06 29/10/20
10,99.9,12.275,1014.36,0.0,3.98 19:46:21 29/10/20
11,99.9,12.285,1014.37,0.0,3.97 19:51:34 29/10/20
10,99.9,12.285,1014.27,0.0,3.97 19:56:45 29/10/20
11,99.9,12.29,1014.33,0.0,3.97 20:02:01 29/10/20
11,99.9,12.35,1014.28,0.0,3.97 20:07:19 29/10/20
11,99.9,12.375,1014.35,0.0,3.97 20:12:37 29/10/20
12,99.9,12.38,1014.26,0.0,3.97 20:17:50 29/10/20
12,99.9,12.450001,1014.42,0.0,3.96 20:23:12 29/10/20
12,99.9,12.475,1014.36,0.0,3.97 20:28:26 29/10/20
12,99.9,12.495,1014.21,0.0,3.96 20:33:45 29/10/20
12,99.9,12.565,1014.28,0.0,3.97 20:39:02 29/10/20
12,99.9,12.59,1014.05,0.0,3.96 20:44:19 29/10/20
13,99.9,12.655001,1014.13,0.0,3.96 20:49:39 29/10/20
13,99.9,12.684999,1014.32,0.0,3.96 20:54:52 29/10/20
13,99.9,12.755,1014.4,0.0,3.96 21:00:06 29/10/20
12,99.9,12.79,1014.45,0.0,3.96 21:05:29 29/10/20
