0,99.9,9.1,2.87,2.88,0.18,0.17,0 00:02:10 02/05/20
0,99.9,8.9,2.87,2.88,0.13,0.13,1 00:07:39 02/05/20
0,99.9,8.8,2.87,2.88,0.18,0.17,0 00:13:05 02/05/20
0,99.9,8.7,2.87,2.88,0.13,0.13,1 00:18:33 02/05/20
0,99.9,8.6,2.87,2.88,0.18,0.17,0 00:24:01 02/05/20
0,99.9,8.6,2.87,2.88,0.13,0.13,1 00:29:29 02/05/20
0,99.9,8.5,2.87,2.88,0.18,0.17,0 00:34:58 02/05/20
0,99.9,8.4,2.87,2.88,0.13,0.13,1 00:40:25 02/05/20
0,99.9,8.4,2.87,2.88,0.18,0.17,0 00:45:53 02/05/20
0,99.9,8.4,2.87,2.88,0.13,0.13,1 00:51:21 02/05/20
0,99.9,8.5,2.87,2.87,0.18,0.17,0 00:56:49 02/05/20
0,99.9,8.5,2.87,2.88,0.13,0.13,1 01:02:18 02/05/20
0,99.9,8.6,2.87,2.87,0.18,0.17,0 01:07:45 02/05/20
0,99.9,8.7,2.87,2.88,0.13,0.13,1 01:13:12 02/05/20
0,99.9,8.7,2.87,2.87,0.18,0.17,0 01:18:46 02/05/20
0,99.9,8.7,2.87,2.88,0.13,0.13,1 01:24:18 02/05/20
0,99.9,8.7,2.87,2.87,0.18,0.17,0 01:29:46 02/05/20
0,99.9,8.7,2.87,2.88,0.13,0.13,1 01:35:13 02/05/20
0,99.9,8.7,2.86,2.87,0.18,0.17,0 01:40:41 02/05/20
0,99.9,8.6,2.87,2.88,0.13,0.13,1 01:46:10 02/05/20
0,99.9,8.6,2.87,2.87,0.18,0.17,0 01:51:38 02/05/20
0,99.9,8.5,2.86,2.88,0.13,0.12,1 01:57:04 02/05/20
0,99.9,8.4,2.87,2.87,0.18,0.17,0 02:02:32 02/05/20
0,99.9,8.4,2.86,2.88,0.13,0.13,1 02:08:00 02/05/20
0,99.9,8.3,2.86,2.87,0.18,0.17,0 02:13:29 02/05/20
0,99.9,8.3,2.86,2.88,0.13,0.13,1 02:18:56 02/05/20
0,99.9,8.2,2.86,2.87,0.18,0.17,0 02:24:24 02/05/20
0,99.9,8.2,2.86,2.87,0.13,0.13,1 02:29:52 02/05/20
0,99.9,8.1,2.86,2.88,0.11,0.11,1 02:35:23 02/05/20
0,99.9,8.0,2.86,2.87,0.18,0.17,0 02:40:56 02/05/20
0,99.9,8.0,2.86,2.87,0.13,0.13,1 02:46:25 02/05/20
0,99.9,8.0,2.86,2.87,0.18,0.17,0 02:51:52 02/05/20
0,99.9,8.0,2.86,2.87,0.13,0.13,1 02:57:20 02/05/20
0,99.9,8.0,2.86,2.87,0.18,0.17,0 03:02:48 02/05/20
0,99.9,8.0,2.86,2.87,0.13,0.13,1 03:08:15 02/05/20
0,99.9,8.0,2.86,2.87,0.19,0.17,0 03:13:51 02/05/20
0,99.9,8.0,2.86,2.87,0.13,0.13,1 03:19:20 02/05/20
0,99.9,8.1,2.86,2.87,0.18,0.17,0 03:24:48 02/05/20
0,99.9,8.1,2.86,2.87,0.13,0.13,1 03:30:16 02/05/20
0,99.9,8.2,2.86,2.87,0.18,0.17,0 03:35:43 02/05/20
0,99.9,8.3,2.86,2.87,0.13,0.13,1 03:41:11 02/05/20
0,99.9,8.3,2.86,2.87,0.18,0.17,0 03:46:40 02/05/20
0,99.9,8.4,2.86,2.87,0.13,0.13,1 03:52:07 02/05/20
0,99.9,8.4,2.86,2.87,0.19,0.17,0 03:57:35 02/05/20
0,99.9,8.4,2.86,2.87,0.16,0.14,0 04:03:07 02/05/20
0,99.9,8.4,2.86,2.87,0.13,0.13,1 04:08:39 02/05/20
0,99.9,8.4,2.86,2.87,0.18,0.17,0 04:14:07 02/05/20
0,99.9,8.4,2.86,2.87,0.14,0.13,1 04:19:36 02/05/20
0,99.9,8.5,2.86,2.87,0.19,0.17,0 04:25:03 02/05/20
0,99.9,8.5,2.86,2.87,0.14,0.13,1 04:30:31 02/05/20
0,99.9,8.5,2.86,2.87,0.06,0.06,1 04:36:00 02/05/20
0,99.9,8.6,2.86,2.86,0.18,0.17,0 04:41:27 02/05/20
0,99.9,8.5,2.86,2.87,0.13,0.13,1 04:46:54 02/05/20
0,99.9,8.4,2.86,2.86,0.18,0.17,0 04:52:22 02/05/20
0,99.9,8.4,2.86,2.87,0.14,0.13,1 04:57:51 02/05/20
0,99.9,8.3,2.86,2.86,0.19,0.17,0 05:03:18 02/05/20
0,99.9,8.3,2.86,2.87,0.14,0.13,1 05:08:46 02/05/20
0,99.9,8.2,2.86,2.86,0.19,0.17,0 05:14:14 02/05/20
0,99.9,8.1,2.86,2.87,0.13,0.13,1 05:19:48 02/05/20
0,99.9,8.1,2.86,2.86,0.19,0.16,0 05:25:18 02/05/20
0,99.9,8.1,2.86,2.87,0.14,0.13,1 05:30:47 02/05/20
0,99.9,8.2,2.86,2.86,0.19,0.17,0 05:36:14 02/05/20
0,99.9,8.2,2.86,2.87,0.14,0.13,1 05:41:42 02/05/20
0,99.9,8.3,2.86,2.87,0.12,0.11,1 05:47:13 02/05/20
0,99.9,8.3,2.86,2.86,0.19,0.17,0 05:52:46 02/05/20
0,99.9,8.4,2.86,2.87,0.13,0.13,1 05:58:14 02/05/20
0,99.9,8.5,2.86,2.86,0.19,0.17,0 06:03:43 02/05/20
0,99.9,8.5,2.86,2.87,0.14,0.13,1 06:09:10 02/05/20
0,99.9,8.5,2.86,2.86,0.19,0.17,0 06:14:38 02/05/20
0,99.9,8.5,2.86,2.87,0.14,0.13,1 06:20:06 02/05/20
0,99.9,8.5,2.86,2.86,0.19,0.17,0 06:25:34 02/05/20
0,99.9,8.5,2.86,2.87,0.14,0.13,1 06:31:01 02/05/20
0,99.9,8.5,2.86,2.86,0.19,0.17,0 06:36:29 02/05/20
0,99.9,8.5,2.86,2.86,0.14,0.13,1 06:41:58 02/05/20
0,99.9,8.6,2.86,2.86,0.2,0.17,0 06:47:25 02/05/20
0,99.9,8.6,2.86,2.86,0.14,0.13,1 06:52:53 02/05/20
0,99.9,8.6,2.86,2.86,0.2,0.17,0 06:58:21 02/05/20
0,99.9,8.7,2.86,2.86,0.17,0.15,0 07:03:52 02/05/20
0,99.9,8.8,2.86,2.86,0.14,0.13,1 07:09:25 02/05/20
0,99.9,8.9,2.86,2.86,0.19,0.17,0 07:14:57 02/05/20
0,99.9,8.9,2.86,2.86,0.14,0.13,1 07:20:31 02/05/20
0,99.9,8.9,2.86,2.86,0.2,0.17,0 07:25:58 02/05/20
0,99.9,9.0,2.86,2.86,0.14,0.13,1 07:31:26 02/05/20
0,99.9,9.0,2.86,2.86,0.2,0.17,0 07:36:54 02/05/20
0,99.9,9.0,2.86,2.86,0.14,0.13,1 07:42:22 02/05/20
0,99.9,9.0,2.86,2.86,0.12,0.11,1 07:47:53 02/05/20
0,99.9,9.0,2.85,2.86,0.19,0.17,0 07:53:26 02/05/20
0,99.9,9.0,2.86,2.86,0.14,0.13,1 07:58:54 02/05/20
0,99.9,9.0,2.86,2.86,0.19,0.17,0 08:04:22 02/05/20
0,99.9,9.0,2.86,2.86,0.14,0.13,1 08:09:51 02/05/20
0,99.9,9.1,2.85,2.86,0.2,0.17,0 08:15:19 02/05/20
0,99.9,9.3,2.85,2.86,0.14,0.13,1 08:20:46 02/05/20
0,99.9,9.5,2.85,2.86,0.2,0.17,0 08:26:14 02/05/20
0,99.9,9.8,2.85,2.86,0.14,0.13,1 08:31:42 02/05/20
0,99.9,10.0,2.85,2.86,0.2,0.17,0 08:37:10 02/05/20
0,99.9,10.3,2.85,2.86,0.14,0.13,1 08:42:38 02/05/20
0,99.9,10.6,2.85,2.86,0.11,0.11,1 08:48:10 02/05/20
0,99.9,10.9,2.85,2.86,0.2,0.17,0 08:53:43 02/05/20
0,99.9,11.1,2.85,2.86,0.14,0.13,1 08:59:11 02/05/20
0,99.9,11.3,2.85,2.86,0.2,0.18,0 09:04:39 02/05/20
0,99.9,11.4,2.85,2.86,0.14,0.13,1 09:10:08 02/05/20
0,99.9,11.4,2.85,2.86,0.2,0.17,0 09:15:35 02/05/20
0,99.9,11.5,2.85,2.86,0.14,0.13,1 09:21:10 02/05/20
0,99.9,11.7,2.85,2.85,0.19,0.17,0 09:26:40 02/05/20
0,99.9,11.8,2.85,2.86,0.14,0.13,1 09:32:08 02/05/20
0,99.9,11.9,2.85,2.86,0.12,0.11,1 09:37:40 02/05/20
0,99.9,12.1,2.85,2.86,0.2,0.17,0 09:43:14 02/05/20
0,99.9,12.4,2.85,2.86,0.14,0.13,1 09:48:42 02/05/20
0,99.9,12.6,2.85,2.85,0.2,0.17,0 09:54:11 02/05/20
0,99.9,12.8,2.85,2.86,0.14,0.13,1 09:59:38 02/05/20
0,99.9,13.0,2.85,2.85,0.2,0.17,0 10:05:07 02/05/20
0,99.9,13.2,2.85,2.86,0.14,0.13,1 10:10:35 02/05/20
0,99.9,13.6,2.85,2.85,0.2,0.18,0 10:16:04 02/05/20
0,99.9,14.2,2.85,2.86,0.14,0.13,1 10:21:31 02/05/20
0,99.9,14.5,2.85,2.85,0.2,0.17,0 10:27:00 02/05/20
0,99.9,14.6,2.85,2.86,0.14,0.13,1 10:32:28 02/05/20
0,99.9,14.5,2.85,2.85,0.2,0.18,0 10:37:58 02/05/20
0,99.9,14.4,2.85,2.86,0.13,0.12,1 10:43:23 02/05/20
0,99.9,14.4,2.85,2.85,0.2,0.18,0 10:48:54 02/05/20
0,99.9,14.4,2.85,2.86,0.14,0.13,1 10:54:22 02/05/20
0,99.9,14.4,2.85,2.85,0.2,0.18,0 10:59:51 02/05/20
0,99.9,14.4,2.85,2.86,0.13,0.13,1 11:05:17 02/05/20
0,99.9,14.3,2.85,2.85,0.2,0.18,0 11:10:47 02/05/20
0,99.9,14.5,2.85,2.86,0.14,0.13,1 11:16:17 02/05/20
0,99.9,15.5,2.85,2.85,0.2,0.17,0 11:21:44 02/05/20
0,99.9,16.8,2.85,2.86,0.14,0.13,1 11:27:13 02/05/20
0,99.9,17.6,2.85,2.86,0.12,0.12,1 11:32:45 02/05/20
0,99.9,18.2,2.85,2.85,0.2,0.18,0 11:38:18 02/05/20
0,99.9,18.8,2.85,2.86,0.14,0.13,1 11:43:48 02/05/20
0,99.9,18.9,2.85,2.85,0.21,0.18,0 11:49:16 02/05/20
0,99.9,19.1,2.85,2.86,0.14,0.13,1 11:54:45 02/05/20
0,99.9,19.3,2.85,2.85,0.2,0.17,0 12:00:14 02/05/20
0,99.9,19.6,2.85,2.86,0.14,0.13,1 12:05:42 02/05/20
0,99.9,19.9,2.85,2.85,0.2,0.18,0 12:11:11 02/05/20
0,99.9,20.6,2.85,2.86,0.14,0.13,1 12:16:40 02/05/20
0,99.9,22.3,2.85,2.85,0.2,0.18,0 12:22:09 02/05/20
0,99.9,22.6,2.85,2.86,0.14,0.13,1 12:27:39 02/05/20
0,99.9,22.1,2.85,2.85,0.21,0.18,0 12:33:08 02/05/20
0,99.9,21.3,2.85,2.86,0.14,0.13,1 12:38:37 02/05/20
0,99.9,20.4,2.85,2.85,0.21,0.18,0 12:44:06 02/05/20
0,99.9,19.2,2.85,2.86,0.14,0.14,1 12:49:36 02/05/20
0,99.9,18.1,2.85,2.86,0.12,0.12,1 12:55:07 02/05/20
0,99.9,17.1,2.85,2.85,0.21,0.18,0 13:00:42 02/05/20
0,99.9,16.7,2.85,2.86,0.14,0.13,1 13:06:10 02/05/20
0,99.9,18.0,2.85,2.85,0.2,0.17,0 13:11:38 02/05/20
0,99.9,20.7,2.85,2.86,0.14,0.13,1 13:17:08 02/05/20
0,99.9,23.4,2.85,2.85,0.2,0.18,0 13:22:36 02/05/20
0,99.9,25.9,2.85,2.86,0.14,0.14,1 13:28:05 02/05/20
0,99.9,27.9,2.85,2.85,0.2,0.18,0 13:33:35 02/05/20
0,99.9,29.6,2.85,2.86,0.14,0.13,1 13:39:06 02/05/20
0,99.9,30.7,2.85,2.86,0.21,0.18,0 13:44:35 02/05/20
0,99.9,31.0,2.85,2.86,0.14,0.13,1 13:50:05 02/05/20
0,99.9,31.4,2.85,2.86,0.21,0.18,0 13:55:36 02/05/20
0,99.9,31.6,2.85,2.87,0.14,0.14,1 14:01:07 02/05/20
0,99.9,31.2,2.85,2.86,0.2,0.18,0 14:06:36 02/05/20
0,99.9,31.0,2.85,2.86,0.14,0.14,1 14:12:07 02/05/20
0,91.7,30.6,2.85,2.86,0.21,0.18,0 14:17:37 02/05/20
0,86.4,30.1,2.85,2.86,0.14,0.13,1 14:23:07 02/05/20
0,77.8,29.8,2.85,2.86,0.2,0.18,0 14:28:37 02/05/20
0,76.0,29.5,2.85,2.86,0.14,0.13,1 14:34:07 02/05/20
0,71.3,28.6,2.85,2.86,0.2,0.18,0 14:39:37 02/05/20
0,76.0,27.6,2.85,2.86,0.14,0.13,1 14:45:07 02/05/20
0,77.7,27.1,2.85,2.86,0.21,0.18,0 14:50:37 02/05/20
0,70.8,26.7,2.85,2.86,0.14,0.13,1 14:56:07 02/05/20
0,66.9,25.2,2.85,2.86,0.2,0.18,0 15:01:36 02/05/20
0,69.6,23.4,2.85,2.87,0.14,0.14,1 15:07:06 02/05/20
0,74.2,22.0,2.85,2.86,0.21,0.18,0 15:12:36 02/05/20
0,75.2,20.9,2.85,2.87,0.14,0.13,1 15:18:05 02/05/20
0,79.5,20.1,2.85,2.86,0.21,0.18,0 15:23:34 02/05/20
0,82.5,19.9,2.85,2.87,0.14,0.13,1 15:29:02 02/05/20
0,89.1,20.6,2.85,2.86,0.21,0.18,0 15:34:31 02/05/20
0,94.5,22.5,2.85,2.87,0.14,0.13,1 15:40:00 02/05/20
0,92.2,24.6,2.86,2.86,0.2,0.18,0 15:45:29 02/05/20
0,94.6,26.5,2.86,2.87,0.14,0.13,1 15:50:59 02/05/20
0,82.3,27.3,2.86,2.87,0.2,0.18,0 15:56:28 02/05/20
0,76.6,26.5,2.86,2.87,0.14,0.13,1 16:01:58 02/05/20
0,77.3,26.2,2.84,2.86,0.21,0.18,0 16:07:28 02/05/20
0,87.2,26.8,2.86,2.87,0.14,0.13,1 16:12:58 02/05/20
0,91.5,28.0,2.86,2.87,0.19,0.17,0 16:18:27 02/05/20
0,77.6,29.0,2.86,2.87,0.14,0.13,1 16:23:57 02/05/20
0,69.3,28.7,2.86,2.87,0.2,0.18,0 16:29:28 02/05/20
0,76.0,28.7,2.83,2.88,0.14,0.13,1 16:34:58 02/05/20
0,81.2,28.7,2.86,2.87,0.12,0.12,1 16:40:31 02/05/20
0,78.7,29.2,2.86,2.87,0.21,0.18,0 16:46:08 02/05/20
0,69.4,29.0,2.86,2.87,0.17,0.15,0 16:51:41 02/05/20
0,68.2,28.6,2.86,2.88,0.14,0.13,1 16:57:16 02/05/20
0,67.3,27.8,2.86,2.87,0.2,0.17,0 17:02:46 02/05/20
0,75.4,27.6,2.86,2.88,0.14,0.13,1 17:08:16 02/05/20
0,71.7,27.5,2.86,2.87,0.2,0.17,0 17:13:45 02/05/20
0,73.5,27.9,2.86,2.88,0.14,0.13,1 17:19:15 02/05/20
0,74.4,28.2,2.86,2.87,0.17,0.15,0 17:24:43 02/05/20
0,71.8,28.6,2.86,2.88,0.14,0.13,1 17:30:15 02/05/20
0,66.6,28.7,2.86,2.87,0.2,0.17,0 17:35:45 02/05/20
0,69.2,28.8,2.86,2.88,0.14,0.13,1 17:41:15 02/05/20
0,62.8,28.7,2.86,2.88,0.2,0.17,0 17:46:45 02/05/20
0,60.1,28.5,2.86,2.88,0.14,0.13,1 17:52:15 02/05/20
0,60.6,27.4,2.86,2.88,0.2,0.18,0 17:57:46 02/05/20
0,62.3,26.6,2.86,2.88,0.14,0.13,1 18:03:15 02/05/20
0,64.9,26.2,2.86,2.88,0.19,0.17,0 18:08:45 02/05/20
0,63.8,25.9,2.86,2.88,0.14,0.13,1 18:14:15 02/05/20
0,63.8,25.4,2.86,2.88,0.2,0.17,0 18:19:44 02/05/20
0,63.0,24.6,2.86,2.88,0.14,0.13,1 18:25:15 02/05/20
0,63.3,23.6,2.86,2.88,0.2,0.17,0 18:30:43 02/05/20
0,64.9,22.6,2.86,2.89,0.14,0.13,1 18:36:13 02/05/20
0,66.2,21.8,2.86,2.88,0.2,0.17,0 18:41:43 02/05/20
0,67.7,21.1,2.86,2.89,0.13,0.13,1 18:47:11 02/05/20
0,67.0,20.5,2.86,2.88,0.19,0.17,0 18:52:40 02/05/20
0,67.6,19.9,2.86,2.89,0.13,0.13,1 18:58:09 02/05/20
0,66.6,19.5,2.86,2.88,0.2,0.17,0 19:03:39 02/05/20
0,65.8,19.2,2.86,2.89,0.12,0.12,1 19:09:07 02/05/20
0,65.9,19.0,2.86,2.88,0.19,0.17,0 19:14:36 02/05/20
0,65.8,18.7,2.86,2.89,0.13,0.13,1 19:20:05 02/05/20
0,65.6,18.4,2.86,2.88,0.2,0.17,0 19:25:34 02/05/20
0,66.0,18.2,2.87,2.89,0.13,0.13,1 19:31:02 02/05/20
0,66.2,18.0,2.86,2.88,0.19,0.17,0 19:36:31 02/05/20
0,67.2,17.7,2.87,2.89,0.13,0.13,1 19:42:00 02/05/20
1,67.3,17.4,2.86,2.88,0.19,0.17,0 19:47:29 02/05/20
0,68.4,17.0,2.87,2.89,0.13,0.13,1 19:52:57 02/05/20
0,68.7,16.6,2.87,2.88,0.19,0.17,0 19:58:26 02/05/20
0,69.3,16.3,2.86,2.89,0.13,0.13,1 20:03:56 02/05/20
0,69.7,15.8,2.87,2.88,0.18,0.17,0 20:09:23 02/05/20
0,70.2,15.5,2.87,2.89,0.13,0.13,1 20:14:52 02/05/20
0,70.5,15.2,2.87,2.88,0.18,0.17,0 20:20:20 02/05/20
0,71.0,14.9,2.87,2.89,0.13,0.13,1 20:25:50 02/05/20
0,71.3,14.6,2.87,2.88,0.18,0.17,0 20:31:18 02/05/20
0,72.0,14.3,2.87,2.89,0.13,0.13,1 20:36:45 02/05/20
0,72.4,14.0,2.87,2.88,0.18,0.17,0 20:42:14 02/05/20
0,72.9,13.7,2.87,2.89,0.13,0.13,1 20:47:42 02/05/20
0,73.6,13.5,2.87,2.88,0.16,0.16,0 20:53:09 02/05/20
0,74.0,13.2,2.87,2.89,0.12,0.12,1 20:58:39 02/05/20
0,74.6,12.9,2.87,2.88,0.18,0.17,0 21:04:08 02/05/20
0,75.7,12.7,2.87,2.89,0.13,0.12,1 21:09:35 02/05/20
0,76.3,12.4,2.87,2.89,0.18,0.17,0 21:15:10 02/05/20
0,76.6,12.2,2.87,2.88,0.08,0.08,0 21:20:45 02/05/20
0,77.0,11.9,2.87,2.88,0.09,0.08,0 21:26:28 02/05/20
0,77.8,11.6,2.87,2.89,0.13,0.13,1 21:31:56 02/05/20
0,78.8,11.3,2.87,2.88,0.18,0.17,0 21:37:24 02/05/20
0,79.8,11.1,2.87,2.88,0.16,0.15,0 21:42:55 02/05/20
0,79.3,10.8,2.87,2.89,0.11,0.11,1 21:48:27 02/05/20
0,79.1,10.6,2.87,2.88,0.18,0.17,0 21:53:57 02/05/20
0,80.4,10.4,2.87,2.88,0.07,0.07,0 21:59:27 02/05/20
0,80.5,10.2,2.87,2.89,0.13,0.13,1 22:04:53 02/05/20
0,79.7,10.0,2.87,2.88,0.18,0.17,0 22:10:20 02/05/20
0,80.2,9.8,2.87,2.89,0.13,0.12,1 22:15:48 02/05/20
0,80.8,9.6,2.87,2.88,0.18,0.17,0 22:21:16 02/05/20
0,81.5,9.4,2.87,2.88,0.15,0.14,0 22:26:49 02/05/20
0,81.7,9.2,2.87,2.89,0.13,0.13,1 22:32:22 02/05/20
0,80.9,9.1,2.87,2.88,0.19,0.17,0 22:37:49 02/05/20
0,81.3,8.9,2.87,2.89,0.13,0.13,1 22:43:17 02/05/20
0,81.8,8.8,2.87,2.88,0.19,0.17,0 22:48:45 02/05/20
0,81.9,8.6,2.87,2.89,0.13,0.13,1 22:54:13 02/05/20
0,81.0,8.5,2.87,2.89,0.11,0.11,1 22:59:44 02/05/20
0,81.8,8.4,2.87,2.89,0.11,0.11,1 23:05:21 02/05/20
0,82.3,8.2,2.87,2.88,0.18,0.17,0 23:10:55 02/05/20
0,81.7,8.1,2.87,2.89,0.13,0.12,1 23:16:22 02/05/20
0,82.2,8.0,2.87,2.88,0.19,0.17,0 23:21:50 02/05/20
0,82.9,7.9,2.87,2.89,0.13,0.13,1 23:27:18 02/05/20
0,82.3,7.8,2.87,2.88,0.18,0.17,0 23:32:46 02/05/20
0,83.7,7.6,2.87,2.88,0.13,0.12,1 23:38:13 02/05/20
0,83.5,7.6,2.87,2.88,0.18,0.17,0 23:43:41 02/05/20
0,83.7,7.4,2.87,2.88,0.13,0.13,1 23:49:10 02/05/20
0,83.4,7.3,2.87,2.88,0.19,0.17,0 23:54:37 02/05/20
