0,84.2,7.3,2.87,2.88,0.13,0.13,1 00:00:05 03/05/20
0,84.2,7.1,2.87,2.88,0.19,0.17,0 00:05:33 03/05/20
0,83.7,7.0,2.87,2.88,0.13,0.12,1 00:11:00 03/05/20
0,84.0,6.9,2.86,2.88,0.19,0.17,0 00:16:29 03/05/20
0,83.6,6.8,2.87,2.88,0.13,0.13,1 00:21:56 03/05/20
0,83.5,6.8,2.87,2.88,0.19,0.17,0 00:27:25 03/05/20
0,83.8,6.7,2.87,2.88,0.13,0.12,1 00:32:51 03/05/20
0,84.4,6.6,2.87,2.88,0.11,0.11,1 00:38:23 03/05/20
0,83.8,6.5,2.87,2.88,0.19,0.17,0 00:43:56 03/05/20
0,84.9,6.5,2.86,2.88,0.13,0.12,1 00:49:23 03/05/20
0,84.2,6.4,2.86,2.88,0.19,0.17,0 00:54:52 03/05/20
0,84.3,6.3,2.86,2.88,0.13,0.13,1 01:00:19 03/05/20
0,84.3,6.2,2.86,2.88,0.11,0.11,1 01:05:50 03/05/20
0,84.5,6.2,2.86,2.87,0.18,0.17,0 01:11:23 03/05/20
0,84.7,6.1,2.86,2.88,0.13,0.13,1 01:16:52 03/05/20
0,90.0,6.0,2.86,2.88,0.11,0.11,1 01:22:22 03/05/20
0,88.2,6.0,2.86,2.87,0.19,0.17,0 01:27:55 03/05/20
0,85.4,5.9,2.86,2.88,0.13,0.13,1 01:33:23 03/05/20
0,85.7,5.8,2.86,2.87,0.19,0.17,0 01:38:51 03/05/20
0,85.8,5.7,2.86,2.88,0.13,0.13,1 01:44:18 03/05/20
0,85.5,5.7,2.86,2.87,0.2,0.17,0 01:49:46 03/05/20
0,86.3,5.6,2.86,2.88,0.13,0.13,1 01:55:14 03/05/20
0,86.5,5.6,2.86,2.87,0.19,0.17,0 02:00:41 03/05/20
0,86.3,5.5,2.86,2.88,0.13,0.13,1 02:06:09 03/05/20
0,86.3,5.5,2.86,2.87,0.19,0.17,0 02:11:37 03/05/20
0,86.7,5.4,2.86,2.88,0.13,0.12,1 02:17:04 03/05/20
0,89.5,5.4,2.86,2.87,0.2,0.17,0 02:22:32 03/05/20
0,92.6,5.3,2.86,2.88,0.13,0.12,1 02:27:59 03/05/20
0,92.3,5.3,2.86,2.87,0.17,0.16,0 02:33:26 03/05/20
0,90.3,5.2,2.86,2.88,0.13,0.13,1 02:38:55 03/05/20
0,88.7,5.2,2.86,2.87,0.19,0.17,0 02:44:22 03/05/20
0,88.2,5.1,2.86,2.87,0.13,0.13,1 02:49:51 03/05/20
0,88.8,5.0,2.86,2.88,0.11,0.11,1 02:55:21 03/05/20
0,89.3,5.0,2.86,2.87,0.19,0.17,0 03:00:54 03/05/20
0,90.0,4.9,2.86,2.87,0.13,0.13,1 03:06:22 03/05/20
0,89.1,4.9,2.86,2.87,0.19,0.17,0 03:11:49 03/05/20
0,89.0,4.9,2.86,2.87,0.13,0.13,1 03:17:18 03/05/20
0,88.2,4.8,2.86,2.87,0.2,0.17,0 03:22:45 03/05/20
0,89.8,4.8,2.86,2.87,0.13,0.13,1 03:28:12 03/05/20
0,89.1,4.7,2.86,2.87,0.2,0.17,0 03:33:40 03/05/20
0,88.4,4.7,2.86,2.87,0.13,0.13,1 03:39:08 03/05/20
0,89.3,4.6,2.86,2.87,0.19,0.17,0 03:44:35 03/05/20
0,89.2,4.6,2.86,2.87,0.13,0.13,1 03:50:03 03/05/20
0,90.1,4.6,2.86,2.86,0.19,0.17,0 03:55:30 03/05/20
0,89.8,4.5,2.86,2.87,0.14,0.13,1 04:00:58 03/05/20
0,89.1,4.5,2.86,2.87,0.19,0.17,0 04:06:25 03/05/20
0,91.6,4.5,2.86,2.87,0.14,0.13,1 04:11:54 03/05/20
0,91.2,4.4,2.86,2.86,0.2,0.17,0 04:17:22 03/05/20
0,89.8,4.4,2.86,2.87,0.13,0.13,1 04:22:48 03/05/20
0,91.8,4.3,2.86,2.86,0.2,0.17,0 04:28:16 03/05/20
0,90.1,4.3,2.86,2.87,0.13,0.13,1 04:33:43 03/05/20
0,90.7,4.2,2.86,2.86,0.2,0.17,0 04:39:11 03/05/20
0,93.4,4.2,2.86,2.87,0.13,0.13,1 04:44:38 03/05/20
0,92.0,4.2,2.86,2.86,0.2,0.17,0 04:50:06 03/05/20
0,91.7,4.2,2.86,2.87,0.13,0.13,1 04:55:34 03/05/20
0,93.9,4.1,2.86,2.86,0.2,0.17,0 05:01:02 03/05/20
0,92.7,4.1,2.86,2.87,0.14,0.13,1 05:06:29 03/05/20
0,91.8,4.1,2.86,2.86,0.2,0.17,0 05:11:56 03/05/20
0,91.5,4.0,2.85,2.87,0.14,0.13,1 05:17:24 03/05/20
0,92.2,4.0,2.86,2.86,0.2,0.17,0 05:22:51 03/05/20
0,95.7,4.0,2.86,2.87,0.14,0.13,1 05:28:19 03/05/20
0,97.7,4.1,2.85,2.86,0.2,0.17,0 05:33:46 03/05/20
0,97.4,4.1,2.85,2.86,0.14,0.13,1 05:39:14 03/05/20
0,99.5,4.1,2.86,2.86,0.2,0.17,0 05:44:41 03/05/20
0,99.9,4.1,2.85,2.86,0.14,0.13,1 05:50:09 03/05/20
0,99.2,4.1,2.85,2.86,0.12,0.11,1 05:55:40 03/05/20
0,99.9,4.1,2.85,2.86,0.21,0.17,0 06:01:13 03/05/20
0,99.9,4.1,2.85,2.86,0.14,0.13,1 06:06:40 03/05/20
0,99.9,4.1,2.85,2.86,0.2,0.17,0 06:12:08 03/05/20
0,99.9,4.1,2.85,2.86,0.14,0.13,1 06:17:36 03/05/20
0,99.9,4.1,2.85,2.86,0.21,0.17,0 06:23:04 03/05/20
0,99.9,4.1,2.85,2.86,0.14,0.13,1 06:28:31 03/05/20
0,99.7,4.1,2.85,2.86,0.2,0.17,0 06:33:58 03/05/20
0,99.9,4.2,2.85,2.86,0.14,0.13,1 06:39:26 03/05/20
0,99.9,4.3,2.85,2.86,0.19,0.16,0 06:44:52 03/05/20
0,99.9,4.4,2.85,2.86,0.14,0.13,1 06:50:21 03/05/20
0,99.9,4.5,2.85,2.86,0.19,0.17,0 06:55:48 03/05/20
0,99.9,4.7,2.85,2.86,0.14,0.13,1 07:01:17 03/05/20
0,99.9,4.9,2.85,2.86,0.21,0.17,0 07:06:44 03/05/20
0,99.9,5.2,2.85,2.86,0.14,0.13,1 07:12:11 03/05/20
0,99.9,5.4,2.85,2.85,0.21,0.18,0 07:17:40 03/05/20
0,99.9,5.7,2.85,2.86,0.14,0.13,1 07:23:07 03/05/20
0,99.9,6.1,2.85,2.85,0.2,0.17,0 07:28:34 03/05/20
0,99.9,6.4,2.85,2.86,0.12,0.12,1 07:34:01 03/05/20
0,99.9,6.6,2.85,2.85,0.21,0.17,0 07:39:30 03/05/20
0,99.9,7.0,2.85,2.85,0.17,0.15,0 07:45:01 03/05/20
0,99.9,7.3,2.85,2.86,0.14,0.13,1 07:50:34 03/05/20
0,99.9,7.5,2.85,2.85,0.21,0.17,0 07:56:02 03/05/20
0,99.9,7.8,2.85,2.86,0.14,0.13,1 08:01:30 03/05/20
0,99.9,8.1,2.85,2.86,0.12,0.11,1 08:07:01 03/05/20
0,99.9,8.4,2.85,2.85,0.2,0.17,0 08:12:35 03/05/20
0,99.9,8.7,2.85,2.86,0.14,0.13,1 08:18:02 03/05/20
0,99.9,9.0,2.85,2.85,0.2,0.18,0 08:23:31 03/05/20
0,99.9,9.3,2.85,2.86,0.14,0.13,1 08:28:58 03/05/20
0,99.9,9.6,2.85,2.85,0.2,0.18,0 08:34:26 03/05/20
0,99.9,9.9,2.85,2.86,0.14,0.13,1 08:39:54 03/05/20
0,99.9,10.2,2.85,2.85,0.21,0.18,0 08:45:22 03/05/20
0,99.9,10.5,2.85,2.86,0.14,0.13,1 08:50:50 03/05/20
0,99.9,10.9,2.85,2.85,0.21,0.18,0 08:56:18 03/05/20
0,99.9,11.2,2.85,2.86,0.14,0.13,1 09:01:47 03/05/20
0,99.9,11.6,2.85,2.85,0.2,0.17,0 09:07:14 03/05/20
0,99.9,12.0,2.85,2.86,0.14,0.13,1 09:12:43 03/05/20
0,99.9,12.3,2.85,2.85,0.2,0.17,0 09:18:10 03/05/20
0,99.9,12.6,2.85,2.85,0.18,0.15,0 09:23:42 03/05/20
0,99.9,12.9,2.85,2.85,0.14,0.13,1 09:29:16 03/05/20
0,99.9,13.2,2.85,2.85,0.21,0.18,0 09:34:44 03/05/20
0,99.9,13.5,2.85,2.85,0.14,0.13,1 09:40:12 03/05/20
0,99.9,13.8,2.85,2.85,0.2,0.17,0 09:45:40 03/05/20
0,99.9,14.1,2.85,2.85,0.14,0.13,1 09:51:09 03/05/20
0,99.9,14.5,2.85,2.85,0.2,0.17,0 09:56:37 03/05/20
0,99.9,14.9,2.85,2.85,0.14,0.14,1 10:02:07 03/05/20
0,99.9,15.3,2.85,2.85,0.21,0.18,0 10:07:35 03/05/20
0,99.9,15.7,2.85,2.85,0.14,0.13,1 10:13:03 03/05/20
0,99.9,16.1,2.85,2.85,0.21,0.18,0 10:18:32 03/05/20
0,99.9,16.5,2.85,2.85,0.14,0.14,1 10:24:01 03/05/20
0,99.9,16.9,2.84,2.85,0.2,0.17,0 10:29:28 03/05/20
0,99.9,17.4,2.85,2.85,0.14,0.14,1 10:34:58 03/05/20
0,99.9,17.7,2.85,2.85,0.12,0.11,1 10:40:31 03/05/20
0,99.9,18.0,2.85,2.85,0.21,0.18,0 10:46:04 03/05/20
0,99.9,18.0,2.85,2.85,0.14,0.13,1 10:51:35 03/05/20
0,99.9,18.0,2.85,2.85,0.12,0.11,1 10:57:04 03/05/20
0,99.9,18.0,2.85,2.85,0.21,0.17,0 11:02:38 03/05/20
0,99.9,18.1,2.84,2.85,0.14,0.13,1 11:08:07 03/05/20
0,99.9,18.3,2.85,2.85,0.12,0.12,1 11:13:40 03/05/20
0,99.9,18.7,2.85,2.85,0.21,0.17,0 11:19:13 03/05/20
0,99.9,19.3,2.85,2.85,0.14,0.13,1 11:24:42 03/05/20
0,99.9,20.1,2.85,2.85,0.21,0.17,0 11:30:11 03/05/20
0,99.9,21.4,2.85,2.85,0.14,0.13,1 11:35:40 03/05/20
0,99.9,22.6,2.85,2.85,0.21,0.17,0 11:41:09 03/05/20
0,99.9,24.0,2.85,2.85,0.14,0.13,1 11:46:39 03/05/20
0,99.9,25.4,2.85,2.85,0.21,0.18,0 11:52:09 03/05/20
0,99.9,26.7,2.85,2.85,0.14,0.13,1 11:57:38 03/05/20
0,99.9,27.1,2.84,2.85,0.21,0.18,0 12:03:09 03/05/20
0,98.9,27.1,2.85,2.86,0.14,0.13,1 12:08:37 03/05/20
0,97.6,27.0,2.85,2.85,0.21,0.17,0 12:14:07 03/05/20
0,93.7,26.9,2.85,2.85,0.18,0.15,0 12:19:41 03/05/20
0,93.9,26.7,2.85,2.86,0.14,0.13,1 12:25:16 03/05/20
0,91.4,26.2,2.85,2.85,0.21,0.17,0 12:30:45 03/05/20
0,91.4,25.7,2.85,2.86,0.14,0.13,1 12:36:15 03/05/20
0,88.7,25.4,2.85,2.85,0.2,0.17,0 12:41:44 03/05/20
0,85.4,25.0,2.85,2.86,0.14,0.13,1 12:47:20 03/05/20
0,90.6,24.4,2.85,2.85,0.21,0.18,0 12:52:53 03/05/20
0,90.0,24.1,2.85,2.86,0.14,0.13,1 12:58:22 03/05/20
0,84.6,23.8,2.85,2.85,0.21,0.18,0 13:03:52 03/05/20
0,90.6,23.7,2.85,2.86,0.14,0.13,1 13:09:22 03/05/20
0,92.5,24.1,2.85,2.85,0.2,0.17,0 13:14:50 03/05/20
0,91.4,24.9,2.85,2.86,0.14,0.13,1 13:20:20 03/05/20
0,90.8,25.8,2.85,2.85,0.19,0.17,0 13:25:49 03/05/20
0,88.3,26.2,2.85,2.86,0.14,0.13,1 13:31:19 03/05/20
0,86.6,26.5,2.85,2.85,0.21,0.18,0 13:36:49 03/05/20
0,86.2,26.5,2.85,2.86,0.14,0.13,1 13:42:19 03/05/20
0,87.3,26.3,2.85,2.86,0.19,0.16,0 13:47:56 03/05/20
0,81.1,25.9,2.85,2.86,0.14,0.13,1 13:53:27 03/05/20
0,79.3,25.4,2.85,2.86,0.21,0.18,0 13:58:57 03/05/20
0,76.7,24.9,2.85,2.86,0.14,0.13,1 14:04:26 03/05/20
0,72.5,24.4,2.85,2.86,0.21,0.18,0 14:09:56 03/05/20
0,80.9,24.0,2.85,2.86,0.14,0.13,1 14:15:25 03/05/20
0,76.8,23.8,2.85,2.86,0.21,0.18,0 14:20:55 03/05/20
0,79.8,23.5,2.85,2.86,0.12,0.11,1 14:26:22 03/05/20
0,80.5,23.3,2.85,2.86,0.2,0.18,0 14:31:54 03/05/20
0,81.5,23.1,2.85,2.86,0.14,0.13,1 14:37:29 03/05/20
0,78.1,23.0,2.85,2.86,0.2,0.17,0 14:43:01 03/05/20
0,82.9,23.1,2.85,2.86,0.13,0.12,1 14:48:30 03/05/20
0,78.1,23.4,2.85,2.87,0.07,0.07,1 14:54:11 03/05/20
0,78.0,23.7,2.85,2.86,0.2,0.18,0 14:59:38 03/05/20
0,72.5,24.0,2.85,2.87,0.14,0.13,1 15:05:08 03/05/20
0,75.6,24.4,2.85,2.86,0.2,0.17,0 15:10:37 03/05/20
0,77.0,24.6,2.85,2.87,0.14,0.13,1 15:16:07 03/05/20
0,72.6,24.6,2.85,2.86,0.2,0.17,0 15:21:36 03/05/20
0,75.0,24.4,2.85,2.87,0.14,0.13,1 15:27:06 03/05/20
0,67.3,24.4,2.85,2.86,0.2,0.18,0 15:32:35 03/05/20
0,71.2,24.0,2.85,2.87,0.14,0.13,1 15:38:05 03/05/20
0,71.6,23.9,2.85,2.86,0.21,0.18,0 15:43:35 03/05/20
0,75.9,23.9,2.86,2.87,0.14,0.13,1 15:49:04 03/05/20
0,78.8,24.2,2.85,2.86,0.2,0.18,0 15:54:34 03/05/20
0,81.1,24.8,2.86,2.87,0.14,0.13,1 16:00:04 03/05/20
0,82.7,25.4,2.85,2.86,0.21,0.17,0 16:05:33 03/05/20
0,84.5,26.0,2.86,2.87,0.14,0.13,1 16:11:02 03/05/20
0,79.7,26.5,2.86,2.87,0.21,0.18,0 16:16:33 03/05/20
0,78.2,27.2,2.86,2.87,0.14,0.13,1 16:22:02 03/05/20
0,81.7,28.8,2.86,2.87,0.2,0.17,0 16:27:31 03/05/20
0,74.0,29.1,2.86,2.87,0.14,0.13,1 16:33:01 03/05/20
0,76.4,29.0,2.86,2.88,0.11,0.11,1 16:38:44 03/05/20
0,77.6,29.2,2.86,2.87,0.2,0.17,0 16:44:11 03/05/20
0,78.6,29.4,2.86,2.87,0.13,0.13,1 16:49:41 03/05/20
0,71.5,29.1,2.86,2.87,0.17,0.16,0 16:55:09 03/05/20
0,78.1,29.1,2.86,2.87,0.14,0.13,1 17:00:42 03/05/20
0,74.1,29.2,2.86,2.87,0.2,0.17,0 17:06:11 03/05/20
0,62.0,28.6,2.86,2.88,0.14,0.13,1 17:11:42 03/05/20
0,62.6,27.4,2.86,2.87,0.2,0.17,0 17:17:11 03/05/20
0,57.7,25.9,2.86,2.88,0.14,0.13,1 17:22:42 03/05/20
0,61.3,24.8,2.86,2.87,0.2,0.17,0 17:28:11 03/05/20
0,62.5,24.2,2.86,2.88,0.13,0.13,1 17:33:40 03/05/20
0,62.3,23.8,2.86,2.87,0.2,0.17,0 17:39:10 03/05/20
0,63.6,23.6,2.86,2.88,0.13,0.13,1 17:44:39 03/05/20
0,61.4,23.3,2.86,2.87,0.2,0.17,0 17:50:09 03/05/20
0,62.2,22.9,2.86,2.88,0.14,0.13,1 17:55:38 03/05/20
0,64.4,22.6,2.86,2.87,0.2,0.17,0 18:01:07 03/05/20
0,64.6,22.4,2.86,2.88,0.13,0.13,1 18:06:36 03/05/20
0,63.1,22.2,2.86,2.87,0.2,0.17,0 18:12:06 03/05/20
0,64.1,22.0,2.86,2.88,0.12,0.12,1 18:17:33 03/05/20
0,63.6,21.6,2.86,2.87,0.19,0.17,0 18:23:05 03/05/20
0,63.6,21.2,2.86,2.88,0.13,0.13,1 18:28:33 03/05/20
0,65.0,20.7,2.86,2.87,0.19,0.17,0 18:34:02 03/05/20
0,65.7,20.3,2.86,2.88,0.13,0.13,1 18:39:31 03/05/20
0,65.3,19.9,2.86,2.88,0.19,0.17,0 18:45:00 03/05/20
0,66.1,19.6,2.86,2.88,0.13,0.13,1 18:50:29 03/05/20
0,66.6,19.3,2.86,2.88,0.19,0.17,0 18:55:59 03/05/20
0,66.4,19.0,2.86,2.88,0.13,0.13,1 19:01:28 03/05/20
0,67.5,18.8,2.87,2.88,0.2,0.17,0 19:06:56 03/05/20
0,68.4,18.5,2.87,2.88,0.16,0.15,0 19:12:29 03/05/20
0,67.9,18.2,2.87,2.88,0.13,0.12,1 19:18:02 03/05/20
0,68.9,18.0,2.87,2.88,0.19,0.17,0 19:23:31 03/05/20
0,70.1,17.7,2.87,2.88,0.13,0.13,1 19:29:01 03/05/20
0,72.3,17.4,2.87,2.88,0.19,0.17,0 19:34:29 03/05/20
0,74.0,17.1,2.87,2.88,0.13,0.12,1 19:39:57 03/05/20
0,74.5,16.8,2.87,2.88,0.18,0.16,0 19:45:26 03/05/20
0,74.0,16.5,2.87,2.88,0.13,0.13,1 19:50:55 03/05/20
0,74.4,16.1,2.87,2.88,0.19,0.17,0 19:56:23 03/05/20
0,76.2,15.8,2.87,2.89,0.13,0.13,1 20:01:52 03/05/20
0,74.1,15.6,2.87,2.88,0.18,0.17,0 20:07:20 03/05/20
0,74.9,15.4,2.87,2.89,0.13,0.13,1 20:12:50 03/05/20
0,74.2,15.2,2.87,2.88,0.18,0.17,0 20:18:17 03/05/20
0,73.9,15.0,2.87,2.88,0.13,0.12,1 20:23:46 03/05/20
0,76.8,14.9,2.87,2.88,0.18,0.17,0 20:29:14 03/05/20
0,75.1,14.8,2.87,2.88,0.13,0.13,1 20:34:43 03/05/20
0,75.5,14.7,2.87,2.89,0.11,0.11,1 20:40:15 03/05/20
0,76.0,14.6,2.95,2.87,0.11,0.11,1 20:45:52 03/05/20
0,75.3,14.5,2.87,2.88,0.19,0.17,0 20:51:26 03/05/20
0,75.7,14.4,2.87,2.88,0.13,0.12,1 20:56:54 03/05/20
0,78.8,14.3,2.87,2.88,0.11,0.11,1 21:02:26 03/05/20
0,76.8,14.3,2.87,2.88,0.19,0.17,0 21:08:00 03/05/20
0,78.1,14.2,2.87,2.89,0.13,0.13,1 21:13:29 03/05/20
0,78.0,14.1,2.87,2.88,0.17,0.15,0 21:18:55 03/05/20
0,82.6,14.0,2.87,2.88,0.13,0.12,1 21:24:25 03/05/20
0,78.9,13.9,2.87,2.88,0.18,0.17,0 21:29:53 03/05/20
0,79.4,13.9,2.87,2.89,0.13,0.12,1 21:35:22 03/05/20
0,79.5,13.8,2.87,2.88,0.18,0.17,0 21:40:51 03/05/20
0,79.6,13.7,2.87,2.88,0.13,0.12,1 21:46:18 03/05/20
0,83.3,13.7,2.87,2.88,0.18,0.16,0 21:51:47 03/05/20
0,81.6,13.6,2.87,2.88,0.13,0.13,1 21:57:16 03/05/20
0,84.4,13.6,2.87,2.88,0.18,0.16,0 22:02:43 03/05/20
0,83.8,13.5,2.87,2.88,0.13,0.13,1 22:08:12 03/05/20
0,85.9,13.5,2.87,2.88,0.18,0.16,0 22:13:41 03/05/20
0,87.7,13.5,2.87,2.88,0.13,0.12,1 22:19:08 03/05/20
0,90.4,13.5,2.87,2.88,0.19,0.17,0 22:24:37 03/05/20
0,88.4,13.5,2.87,2.88,0.13,0.13,1 22:30:05 03/05/20
0,90.4,13.5,2.87,2.88,0.18,0.16,0 22:35:33 03/05/20
0,86.7,13.5,2.87,2.88,0.13,0.13,1 22:41:03 03/05/20
0,89.7,13.5,2.87,2.88,0.19,0.16,0 22:46:30 03/05/20
0,86.1,13.4,2.87,2.88,0.13,0.12,1 22:51:58 03/05/20
0,86.0,13.4,2.87,2.88,0.18,0.16,0 22:57:27 03/05/20
0,89.6,13.3,2.87,2.88,0.13,0.12,1 23:02:55 03/05/20
0,89.5,13.3,2.87,2.88,0.19,0.17,0 23:08:24 03/05/20
0,90.8,13.3,2.87,2.88,0.13,0.12,1 23:13:51 03/05/20
0,90.6,13.2,2.87,2.88,0.19,0.17,0 23:19:21 03/05/20
0,92.0,13.2,2.87,2.88,0.13,0.12,1 23:24:48 03/05/20
0,91.7,13.2,2.87,2.88,0.18,0.16,0 23:30:16 03/05/20
0,91.6,13.2,2.87,2.88,0.13,0.12,1 23:35:45 03/05/20
0,90.5,13.1,2.87,2.88,0.19,0.16,0 23:41:13 03/05/20
0,91.9,13.1,2.87,2.88,0.13,0.12,1 23:46:42 03/05/20
0,91.2,13.1,2.87,2.88,0.11,0.1,1 23:52:14 03/05/20
0,92.1,13.1,2.87,2.88,0.18,0.16,0 23:57:47 03/05/20
