0,85.0,10.4,2.87,2.88,0.16,0.16,0 00:05:02 05/05/20
0,84.0,10.3,2.87,2.89,0.11,0.11,1 00:10:30 05/05/20
0,83.4,10.2,2.87,2.88,0.16,0.16,0 00:15:58 05/05/20
0,83.1,10.1,2.87,2.89,0.12,0.11,1 00:21:26 05/05/20
0,83.8,10.0,2.87,2.88,0.16,0.16,0 00:26:54 05/05/20
0,87.1,9.9,2.87,2.89,0.12,0.12,1 00:32:22 05/05/20
0,86.8,9.8,2.87,2.88,0.16,0.16,0 00:37:50 05/05/20
0,88.4,9.7,2.87,2.88,0.12,0.11,1 00:43:18 05/05/20
0,87.1,9.6,2.87,2.88,0.16,0.16,0 00:48:46 05/05/20
0,88.9,9.5,2.87,2.88,0.12,0.11,1 00:54:14 05/05/20
0,86.7,9.4,2.87,2.88,0.17,0.16,0 00:59:42 05/05/20
0,88.9,9.3,2.87,2.88,0.12,0.12,1 01:05:10 05/05/20
0,88.2,9.2,2.87,2.88,0.16,0.16,0 01:10:38 05/05/20
0,89.4,9.2,2.87,2.88,0.12,0.12,1 01:16:06 05/05/20
0,88.5,9.1,2.87,2.88,0.1,0.1,1 01:21:37 05/05/20
0,88.6,9.0,2.87,2.88,0.16,0.16,0 01:27:10 05/05/20
0,87.5,9.0,2.87,2.88,0.12,0.12,1 01:32:38 05/05/20
0,89.7,8.9,2.87,2.87,0.16,0.16,0 01:38:06 05/05/20
0,88.7,8.9,2.87,2.88,0.12,0.12,1 01:43:34 05/05/20
0,89.8,8.8,2.87,2.88,0.16,0.16,0 01:49:02 05/05/20
0,89.9,8.8,2.87,2.88,0.12,0.12,1 01:54:31 05/05/20
0,88.9,8.7,2.87,2.87,0.17,0.16,0 01:59:59 05/05/20
0,89.5,8.7,2.87,2.88,0.12,0.12,1 02:05:26 05/05/20
0,88.6,8.6,2.87,2.88,0.17,0.16,0 02:10:54 05/05/20
0,88.8,8.6,2.87,2.88,0.12,0.12,1 02:16:22 05/05/20
0,88.4,8.5,2.87,2.87,0.17,0.16,0 02:21:50 05/05/20
0,88.8,8.4,2.87,2.87,0.14,0.14,0 02:27:21 05/05/20
0,89.7,8.3,2.87,2.88,0.12,0.12,1 02:32:54 05/05/20
0,90.0,8.2,2.87,2.87,0.16,0.16,0 02:38:22 05/05/20
0,89.6,8.2,2.87,2.88,0.12,0.12,1 02:43:50 05/05/20
0,90.2,8.1,2.87,2.87,0.17,0.16,0 02:49:19 05/05/20
0,89.7,8.0,2.87,2.88,0.12,0.12,1 02:54:46 05/05/20
0,90.5,7.9,2.87,2.87,0.16,0.16,0 03:00:14 05/05/20
0,90.1,7.9,2.87,2.87,0.14,0.14,0 03:05:45 05/05/20
0,89.9,7.8,2.86,2.88,0.12,0.12,1 03:11:18 05/05/20
0,90.1,7.8,2.87,2.87,0.16,0.16,0 03:16:46 05/05/20
0,90.4,7.7,2.87,2.88,0.12,0.12,1 03:22:14 05/05/20
0,90.4,7.7,2.86,2.87,0.16,0.16,0 03:27:42 05/05/20
0,90.7,7.7,2.86,2.88,0.12,0.12,1 03:33:10 05/05/20
0,90.9,7.6,2.87,2.87,0.16,0.16,0 03:38:37 05/05/20
0,90.3,7.6,2.86,2.88,0.12,0.12,1 03:44:05 05/05/20
0,90.8,7.6,2.86,2.87,0.16,0.16,0 03:49:33 05/05/20
0,90.7,7.5,2.86,2.87,0.12,0.12,1 03:55:02 05/05/20
0,90.7,7.5,2.86,2.87,0.16,0.16,0 04:00:29 05/05/20
0,88.5,7.4,2.86,2.88,0.12,0.12,1 04:06:00 05/05/20
0,91.0,7.3,2.86,2.87,0.16,0.16,0 04:11:33 05/05/20
0,89.7,7.3,2.86,2.87,0.12,0.12,1 04:17:01 05/05/20
0,89.6,7.2,2.86,2.87,0.16,0.16,0 04:22:29 05/05/20
0,90.4,7.1,2.86,2.87,0.12,0.12,1 04:27:57 05/05/20
0,91.3,7.0,2.86,2.87,0.16,0.16,0 04:33:25 05/05/20
0,90.9,7.0,2.86,2.87,0.12,0.12,1 04:38:52 05/05/20
0,91.6,6.8,2.86,2.87,0.16,0.16,0 04:44:21 05/05/20
0,92.0,6.8,2.86,2.87,0.12,0.12,1 04:49:48 05/05/20
0,92.3,6.7,2.86,2.87,0.1,0.1,1 04:55:19 05/05/20
0,92.6,6.7,2.86,2.87,0.15,0.16,0 05:00:52 05/05/20
0,92.8,6.6,2.86,2.87,0.12,0.12,1 05:06:21 05/05/20
0,93.0,6.6,2.86,2.87,0.15,0.16,0 05:11:48 05/05/20
0,93.0,6.5,2.86,2.87,0.12,0.12,1 05:17:16 05/05/20
0,93.9,6.5,2.86,2.87,0.15,0.16,0 05:22:43 05/05/20
0,94.0,6.4,2.86,2.87,0.12,0.12,1 05:28:11 05/05/20
0,94.2,6.4,2.86,2.87,0.16,0.16,0 05:33:40 05/05/20
0,94.5,6.4,2.86,2.87,0.12,0.12,1 05:39:06 05/05/20
0,94.1,6.3,2.86,2.86,0.15,0.16,0 05:44:34 05/05/20
0,95.1,6.3,2.86,2.87,0.12,0.12,1 05:50:02 05/05/20
0,94.8,6.3,2.86,2.87,0.1,0.1,1 05:55:33 05/05/20
0,95.3,6.2,2.86,2.86,0.15,0.16,0 06:01:06 05/05/20
0,95.2,6.2,2.86,2.87,0.12,0.12,1 06:06:34 05/05/20
0,95.7,6.2,2.86,2.86,0.15,0.16,0 06:12:02 05/05/20
0,95.8,6.1,2.86,2.87,0.12,0.12,1 06:17:29 05/05/20
0,95.9,6.1,2.86,2.86,0.15,0.17,0 06:22:58 05/05/20
0,96.9,6.1,2.86,2.87,0.11,0.11,1 06:28:25 05/05/20
0,97.4,6.1,2.86,2.86,0.14,0.16,0 06:33:52 05/05/20
0,97.4,6.1,2.86,2.87,0.11,0.11,1 06:39:20 05/05/20
0,98.0,6.1,2.86,2.86,0.14,0.16,0 06:44:48 05/05/20
0,97.9,6.2,2.86,2.87,0.11,0.11,1 06:50:16 05/05/20
0,98.5,6.3,2.86,2.86,0.14,0.16,0 06:55:43 05/05/20
0,98.5,6.4,2.86,2.87,0.11,0.12,1 07:01:11 05/05/20
0,98.9,6.5,2.86,2.87,0.1,0.1,1 07:06:42 05/05/20
0,98.7,6.6,2.86,2.86,0.14,0.16,0 07:12:15 05/05/20
0,98.9,6.8,2.86,2.87,0.11,0.12,1 07:17:43 05/05/20
0,98.9,7.0,2.86,2.86,0.14,0.16,0 07:23:11 05/05/20
0,98.9,7.1,2.86,2.86,0.11,0.11,1 07:28:38 05/05/20
0,98.9,7.3,2.86,2.86,0.14,0.17,0 07:34:07 05/05/20
0,98.9,7.4,2.86,2.86,0.11,0.12,1 07:39:34 05/05/20
0,98.8,7.6,2.86,2.86,0.14,0.17,0 07:45:02 05/05/20
0,99.2,7.8,2.86,2.86,0.11,0.12,1 07:50:31 05/05/20
0,98.7,8.1,2.86,2.86,0.13,0.16,0 07:55:57 05/05/20
0,98.5,8.3,2.85,2.86,0.11,0.12,1 08:01:25 05/05/20
0,98.3,8.5,2.85,2.86,0.14,0.17,0 08:06:54 05/05/20
0,96.2,8.7,2.86,2.86,0.11,0.12,1 08:12:22 05/05/20
0,95.8,8.9,2.86,2.86,0.14,0.17,0 08:17:57 05/05/20
0,94.7,9.1,2.86,2.86,0.12,0.14,0 08:23:30 05/05/20
0,94.2,9.3,2.85,2.86,0.11,0.11,1 08:29:02 05/05/20
0,95.1,9.6,2.85,2.86,0.13,0.16,0 08:34:30 05/05/20
0,96.4,9.8,2.85,2.86,0.11,0.12,1 08:39:58 05/05/20
0,96.0,10.0,2.85,2.86,0.13,0.16,0 08:45:26 05/05/20
0,94.9,10.2,2.85,2.86,0.11,0.12,1 08:50:54 05/05/20
0,94.7,10.5,2.85,2.86,0.13,0.17,0 08:56:22 05/05/20
0,94.9,10.7,2.85,2.86,0.11,0.12,1 09:01:50 05/05/20
0,94.0,10.9,2.85,2.85,0.14,0.17,0 09:07:20 05/05/20
0,94.3,11.1,2.85,2.86,0.11,0.12,1 09:12:47 05/05/20
0,93.2,11.2,2.85,2.85,0.13,0.16,0 09:18:14 05/05/20
0,92.9,11.3,2.85,2.86,0.11,0.12,1 09:23:43 05/05/20
0,92.6,11.5,2.85,2.86,0.14,0.17,0 09:29:11 05/05/20
0,93.1,11.7,2.85,2.86,0.12,0.12,1 09:34:39 05/05/20
0,92.4,11.9,2.85,2.85,0.14,0.16,0 09:40:08 05/05/20
0,92.5,12.1,2.85,2.86,0.11,0.12,1 09:45:35 05/05/20
0,92.4,12.4,2.85,2.85,0.13,0.16,0 09:51:02 05/05/20
0,92.2,12.7,2.85,2.86,0.11,0.12,1 09:56:32 05/05/20
0,92.3,13.0,2.85,2.85,0.13,0.17,0 10:02:00 05/05/20
0,92.1,13.2,2.85,2.86,0.11,0.12,1 10:07:28 05/05/20
0,92.0,13.5,2.85,2.85,0.13,0.17,0 10:12:56 05/05/20
0,91.9,13.8,2.85,2.86,0.11,0.12,1 10:18:25 05/05/20
0,91.7,14.1,2.85,2.85,0.14,0.17,0 10:23:54 05/05/20
0,91.3,14.4,2.85,2.86,0.11,0.11,1 10:29:20 05/05/20
0,91.1,14.6,2.85,2.85,0.14,0.17,0 10:34:50 05/05/20
0,90.8,14.7,2.85,2.86,0.11,0.12,1 10:40:18 05/05/20
0,90.9,14.9,2.85,2.85,0.14,0.17,0 10:45:47 05/05/20
0,91.0,15.2,2.85,2.86,0.11,0.12,1 10:51:15 05/05/20
0,90.8,15.5,2.85,2.85,0.13,0.17,0 10:56:44 05/05/20
0,90.3,15.8,2.85,2.86,0.1,0.11,1 11:02:10 05/05/20
0,91.2,16.1,2.85,2.85,0.13,0.17,0 11:07:41 05/05/20
0,91.0,16.6,2.85,2.86,0.11,0.12,1 11:13:12 05/05/20
0,91.2,17.1,2.85,2.85,0.13,0.17,0 11:18:38 05/05/20
0,91.1,17.6,2.85,2.86,0.11,0.12,1 11:24:07 05/05/20
0,91.9,18.2,2.85,2.85,0.13,0.16,0 11:29:34 05/05/20
0,91.9,19.0,2.85,2.86,0.12,0.12,1 11:35:05 05/05/20
0,92.5,19.9,2.85,2.85,0.13,0.16,0 11:40:32 05/05/20
0,91.3,20.7,2.85,2.86,0.12,0.12,1 11:46:03 05/05/20
0,92.4,21.7,2.85,2.85,0.14,0.17,0 11:51:32 05/05/20
0,90.9,22.7,2.83,2.89,0.11,0.12,1 11:57:00 05/05/20
0,90.4,23.5,2.85,2.85,0.14,0.17,0 12:02:30 05/05/20
0,88.7,24.4,2.85,2.86,0.12,0.12,1 12:07:59 05/05/20
0,86.8,25.4,2.85,2.85,0.14,0.17,0 12:13:28 05/05/20
0,83.5,26.3,2.85,2.86,0.12,0.12,1 12:18:59 05/05/20
0,82.5,27.1,2.85,2.85,0.14,0.17,0 12:24:28 05/05/20
0,81.8,28.0,2.85,2.86,0.12,0.12,1 12:29:59 05/05/20
0,81.4,28.8,2.85,2.85,0.14,0.17,0 12:35:30 05/05/20
0,77.2,29.6,2.85,2.85,0.12,0.15,0 12:41:01 05/05/20
0,77.0,30.4,2.85,2.86,0.12,0.12,1 12:46:37 05/05/20
0,69.6,30.9,2.85,2.85,0.13,0.17,0 12:52:08 05/05/20
0,67.5,31.4,2.85,2.86,0.12,0.12,1 12:57:37 05/05/20
0,57.4,31.7,2.85,2.85,0.14,0.17,0 13:03:08 05/05/20
0,58.8,31.9,2.85,2.86,0.11,0.12,1 13:08:38 05/05/20
0,57.7,32.1,2.85,2.85,0.13,0.17,0 13:14:09 05/05/20
0,58.4,32.4,2.85,2.86,0.12,0.12,1 13:19:39 05/05/20
0,61.6,32.9,2.85,2.86,0.14,0.17,0 13:25:10 05/05/20
0,51.6,33.1,2.85,2.86,0.12,0.12,1 13:30:40 05/05/20
0,52.5,33.2,2.85,2.86,0.14,0.17,0 13:36:12 05/05/20
0,45.7,33.4,2.85,2.86,0.12,0.12,1 13:41:42 05/05/20
0,49.9,33.4,2.85,2.86,0.14,0.17,0 13:47:12 05/05/20
0,48.9,33.6,2.85,2.86,0.12,0.12,1 13:52:46 05/05/20
0,45.5,33.9,2.85,2.86,0.14,0.17,0 13:58:14 05/05/20
0,49.2,34.2,2.85,2.86,0.12,0.12,1 14:03:46 05/05/20
0,43.9,34.4,2.85,2.86,0.14,0.17,0 14:09:15 05/05/20
0,47.8,34.3,2.85,2.87,0.11,0.12,1 14:14:46 05/05/20
0,51.0,34.6,2.85,2.86,0.14,0.17,0 14:20:17 05/05/20
0,53.4,34.9,2.85,2.87,0.12,0.12,1 14:25:48 05/05/20
0,52.1,35.2,2.85,2.86,0.14,0.17,0 14:31:19 05/05/20
0,54.7,35.7,2.85,2.87,0.12,0.12,1 14:36:50 05/05/20
0,54.4,36.0,2.85,2.87,0.1,0.1,1 14:42:24 05/05/20
0,53.3,36.4,2.85,2.86,0.14,0.17,0 14:48:01 05/05/20
0,51.2,36.8,2.85,2.87,0.11,0.12,1 14:53:32 05/05/20
0,49.5,37.0,2.85,2.87,0.13,0.17,0 14:59:03 05/05/20
0,49.0,37.2,2.85,2.87,0.1,0.11,1 15:04:33 05/05/20
0,48.1,37.2,2.85,2.87,0.13,0.17,0 15:10:05 05/05/20
0,51.0,37.3,2.85,2.87,0.11,0.12,1 15:15:37 05/05/20
0,51.2,37.6,2.86,2.87,0.13,0.17,0 15:21:08 05/05/20
0,49.0,37.9,2.85,2.87,0.11,0.12,1 15:26:40 05/05/20
0,49.9,38.0,2.86,2.87,0.13,0.17,0 15:32:10 05/05/20
0,41.4,38.0,2.86,2.88,0.11,0.12,1 15:37:42 05/05/20
0,46.7,38.2,2.86,2.87,0.13,0.17,0 15:43:13 05/05/20
0,46.6,38.2,2.86,2.88,0.11,0.12,1 15:48:45 05/05/20
0,46.2,38.4,2.86,2.87,0.13,0.17,0 15:54:16 05/05/20
0,44.0,38.6,2.86,2.88,0.11,0.12,1 15:59:48 05/05/20
0,43.4,38.8,2.86,2.88,0.12,0.17,0 16:05:19 05/05/20
0,43.0,38.9,2.86,2.88,0.11,0.12,1 16:10:51 05/05/20
0,42.8,38.7,2.86,2.88,0.13,0.17,0 16:16:22 05/05/20
0,41.9,38.8,2.86,2.88,0.11,0.12,1 16:21:55 05/05/20
0,41.9,38.8,2.86,2.88,0.13,0.17,0 16:27:27 05/05/20
0,39.3,38.7,2.86,2.89,0.11,0.12,1 16:32:58 05/05/20
0,39.7,38.4,2.86,2.88,0.12,0.17,0 16:38:29 05/05/20
0,38.7,38.1,2.86,2.89,0.11,0.11,1 16:44:00 05/05/20
0,38.0,38.0,2.86,2.88,0.12,0.17,0 16:49:32 05/05/20
0,35.3,37.8,2.86,2.89,0.1,0.11,1 16:55:03 05/05/20
0,38.6,37.7,2.86,2.88,0.12,0.17,0 17:00:36 05/05/20
0,36.4,37.6,2.86,2.89,0.1,0.11,1 17:06:06 05/05/20
0,37.8,37.4,2.86,2.89,0.12,0.16,0 17:11:37 05/05/20
0,36.0,37.3,2.86,2.89,0.1,0.11,1 17:17:09 05/05/20
0,36.2,37.2,2.86,2.89,0.11,0.15,0 17:22:39 05/05/20
0,35.5,36.9,2.86,2.89,0.1,0.11,1 17:28:11 05/05/20
0,35.4,36.5,2.86,2.9,0.06,0.06,1 17:33:44 05/05/20
0,34.8,36.2,2.86,2.89,0.11,0.16,0 17:39:14 05/05/20
0,35.2,35.8,2.86,2.9,0.1,0.11,1 17:44:44 05/05/20
0,34.2,35.4,2.86,2.89,0.11,0.16,0 17:50:17 05/05/20
0,31.5,34.2,2.87,2.9,0.09,0.1,1 17:55:46 05/05/20
0,30.7,32.9,2.86,2.89,0.1,0.15,0 18:01:16 05/05/20
0,31.3,31.6,2.87,2.9,0.09,0.11,1 18:06:48 05/05/20
0,32.4,30.4,2.87,2.9,0.1,0.16,0 18:12:19 05/05/20
0,32.5,29.3,2.87,2.9,0.09,0.1,1 18:17:50 05/05/20
0,32.9,28.0,2.87,2.89,0.1,0.16,0 18:23:19 05/05/20
0,33.4,26.7,2.87,2.9,0.09,0.1,1 18:28:50 05/05/20
0,33.6,25.4,2.87,2.9,0.09,0.16,0 18:34:19 05/05/20
0,34.1,24.2,2.87,2.9,0.08,0.09,1 18:39:48 05/05/20
0,35.1,23.1,2.87,2.9,0.09,0.15,0 18:45:18 05/05/20
0,36.4,22.2,2.87,2.91,0.08,0.09,1 18:50:47 05/05/20
0,36.7,21.3,2.87,2.9,0.09,0.15,0 18:56:16 05/05/20
0,37.4,20.7,2.87,2.91,0.07,0.09,1 19:01:47 05/05/20
0,36.5,20.3,2.87,2.9,0.08,0.15,0 19:07:15 05/05/20
0,36.9,19.8,2.87,2.91,0.07,0.09,1 19:12:44 05/05/20
0,37.4,19.5,2.87,2.9,0.08,0.15,0 19:18:13 05/05/20
0,37.6,19.1,2.87,2.9,0.07,0.13,0 19:23:46 05/05/20
0,37.3,18.9,2.87,2.91,0.07,0.09,1 19:29:20 05/05/20
0,37.2,18.9,2.87,2.9,0.08,0.14,0 19:34:48 05/05/20
0,37.4,18.7,2.87,2.91,0.07,0.09,1 19:40:17 05/05/20
0,39.0,18.5,2.87,2.9,0.08,0.15,0 19:45:46 05/05/20
0,39.5,18.2,2.87,2.91,0.07,0.09,1 19:51:16 05/05/20
0,40.1,17.8,2.87,2.9,0.07,0.15,0 19:56:44 05/05/20
0,41.6,17.4,2.87,2.91,0.07,0.09,1 20:02:14 05/05/20
0,40.9,17.0,2.87,2.9,0.07,0.14,0 20:07:41 05/05/20
0,42.5,16.7,2.87,2.91,0.07,0.08,1 20:13:11 05/05/20
0,41.9,16.3,2.87,2.9,0.07,0.14,0 20:18:39 05/05/20
0,42.1,15.9,2.87,2.91,0.07,0.08,1 20:24:07 05/05/20
0,42.0,15.6,2.88,2.9,0.07,0.15,0 20:29:36 05/05/20
0,43.7,15.3,2.88,2.91,0.07,0.08,1 20:35:04 05/05/20
0,44.2,15.0,2.88,2.9,0.07,0.14,0 20:40:34 05/05/20
0,44.1,14.7,2.88,2.91,0.06,0.08,1 20:46:02 05/05/20
0,44.6,14.5,2.88,2.9,0.07,0.14,0 20:51:30 05/05/20
0,46.1,14.2,2.88,2.91,0.06,0.08,1 20:56:58 05/05/20
0,46.2,13.9,2.88,2.9,0.07,0.14,0 21:02:27 05/05/20
0,45.9,13.7,2.88,2.91,0.06,0.08,1 21:07:55 05/05/20
0,47.2,13.3,2.88,2.9,0.07,0.14,0 21:13:24 05/05/20
0,50.8,13.0,2.88,2.91,0.06,0.08,1 21:18:52 05/05/20
0,53.3,12.8,2.88,2.9,0.07,0.14,0 21:24:20 05/05/20
0,51.8,12.6,2.88,2.91,0.06,0.08,1 21:29:50 05/05/20
0,55.6,12.3,2.88,2.9,0.07,0.14,0 21:35:17 05/05/20
0,56.7,12.1,2.88,2.91,0.07,0.08,1 21:40:46 05/05/20
0,56.1,11.8,2.88,2.9,0.07,0.14,0 21:46:13 05/05/20
0,57.3,11.6,2.88,2.91,0.06,0.08,1 21:51:42 05/05/20
0,58.0,11.4,2.88,2.9,0.07,0.14,0 21:57:10 05/05/20
0,57.7,11.2,2.88,2.9,0.06,0.08,1 22:02:38 05/05/20
0,59.2,11.0,2.88,2.9,0.07,0.14,0 22:08:06 05/05/20
0,62.4,10.8,2.88,2.9,0.07,0.08,1 22:13:35 05/05/20
0,62.0,10.6,2.88,2.9,0.07,0.13,0 22:19:02 05/05/20
0,61.9,10.4,2.88,2.9,0.07,0.08,1 22:24:30 05/05/20
0,62.0,10.2,2.88,2.9,0.08,0.13,0 22:29:58 05/05/20
0,64.4,10.0,2.88,2.9,0.07,0.08,1 22:35:26 05/05/20
0,64.3,9.9,2.88,2.9,0.07,0.14,0 22:40:56 05/05/20
0,64.5,9.8,2.88,2.9,0.07,0.08,1 22:46:23 05/05/20
0,65.7,9.6,2.88,2.9,0.06,0.08,1 22:51:54 05/05/20
0,65.0,9.5,2.87,2.9,0.08,0.14,0 22:57:28 05/05/20
0,67.0,9.3,2.88,2.9,0.07,0.08,1 23:02:56 05/05/20
0,66.4,9.1,2.88,2.9,0.06,0.08,1 23:08:27 05/05/20
0,67.2,9.0,2.88,2.9,0.08,0.13,0 23:14:00 05/05/20
0,66.6,8.8,2.88,2.9,0.07,0.08,1 23:19:28 05/05/20
0,67.6,8.7,2.88,2.89,0.08,0.13,0 23:24:56 05/05/20
0,67.5,8.6,2.9,2.88,0.07,0.08,1 23:30:24 05/05/20
0,70.9,8.5,2.88,2.89,0.08,0.13,0 23:35:52 05/05/20
0,69.6,8.4,2.88,2.9,0.07,0.08,1 23:41:21 05/05/20
0,70.7,8.2,2.87,2.89,0.08,0.14,0 23:46:48 05/05/20
0,71.2,8.1,2.88,2.89,0.07,0.12,0 23:52:20 05/05/20
0,73.6,8.1,2.88,2.89,0.07,0.12,0 23:57:56 05/05/20
