0,57.2,14.5,2.89,2.9,0.09,0.13,0 00:03:33 09/05/20
0,51.2,14.5,2.89,2.9,0.08,0.09,1 00:09:01 09/05/20
0,49.4,14.4,2.89,2.9,0.09,0.13,0 00:14:30 09/05/20
0,49.1,14.4,2.89,2.91,0.08,0.09,1 00:19:58 09/05/20
0,48.5,14.3,2.89,2.9,0.09,0.13,0 00:25:27 09/05/20
0,48.8,14.3,2.89,2.9,0.08,0.09,1 00:30:55 09/05/20
0,47.8,14.2,2.89,2.9,0.09,0.14,0 00:36:24 09/05/20
0,48.4,14.2,2.89,2.9,0.08,0.09,1 00:41:52 09/05/20
0,52.6,14.1,2.89,2.9,0.09,0.14,0 00:47:21 09/05/20
0,53.9,14.1,2.89,2.9,0.08,0.09,1 00:52:49 09/05/20
0,54.1,14.1,2.89,2.9,0.09,0.13,0 00:58:18 09/05/20
0,56.6,14.1,2.89,2.9,0.08,0.09,1 01:03:46 09/05/20
0,56.0,14.1,2.89,2.9,0.09,0.12,0 01:09:13 09/05/20
0,55.1,14.1,2.89,2.9,0.08,0.09,1 01:14:43 09/05/20
0,57.9,14.1,2.89,2.9,0.07,0.08,1 01:20:16 09/05/20
0,56.5,14.0,2.89,2.9,0.09,0.13,0 01:25:50 09/05/20
0,54.4,14.0,2.89,2.9,0.08,0.09,1 01:31:16 09/05/20
0,56.3,13.8,2.89,2.9,0.09,0.13,0 01:36:46 09/05/20
0,55.3,13.8,2.88,2.9,0.08,0.09,1 01:42:14 09/05/20
0,58.4,13.7,2.89,2.9,0.09,0.13,0 01:47:44 09/05/20
0,58.8,13.6,2.88,2.9,0.08,0.09,1 01:53:11 09/05/20
0,56.3,13.5,2.89,2.89,0.09,0.13,0 01:58:40 09/05/20
0,52.3,13.3,2.89,2.9,0.08,0.09,1 02:04:09 09/05/20
0,52.6,13.2,2.88,2.89,0.09,0.13,0 02:09:35 09/05/20
0,51.6,13.1,2.88,2.9,0.08,0.09,1 02:15:05 09/05/20
0,55.4,13.0,2.88,2.89,0.09,0.13,0 02:20:33 09/05/20
0,59.0,12.9,2.89,2.89,0.08,0.12,0 02:26:05 09/05/20
0,54.0,12.8,2.88,2.9,0.08,0.09,1 02:31:39 09/05/20
0,53.7,12.6,2.88,2.89,0.09,0.13,0 02:37:08 09/05/20
0,53.8,12.5,2.88,2.9,0.08,0.09,1 02:42:35 09/05/20
0,52.8,12.4,2.88,2.89,0.09,0.13,0 02:48:05 09/05/20
0,52.3,12.2,2.88,2.9,0.08,0.09,1 02:53:33 09/05/20
0,52.5,12.1,2.88,2.89,0.09,0.13,0 02:59:00 09/05/20
0,52.6,11.9,2.88,2.9,0.08,0.09,1 03:04:29 09/05/20
0,53.2,11.8,2.88,2.89,0.09,0.13,0 03:09:57 09/05/20
0,53.9,11.7,2.88,2.9,0.08,0.09,1 03:15:26 09/05/20
0,54.8,11.6,2.88,2.89,0.09,0.13,0 03:20:53 09/05/20
0,53.5,11.4,2.88,2.89,0.08,0.09,1 03:26:21 09/05/20
0,53.5,11.3,2.88,2.89,0.09,0.14,0 03:31:51 09/05/20
0,53.3,11.2,2.88,2.89,0.08,0.09,1 03:37:16 09/05/20
0,53.7,11.1,2.88,2.89,0.09,0.13,0 03:42:47 09/05/20
0,53.4,11.0,2.88,2.89,0.08,0.09,1 03:48:15 09/05/20
0,53.9,10.9,2.88,2.89,0.09,0.13,0 03:53:42 09/05/20
0,54.4,10.9,2.88,2.89,0.08,0.09,1 03:59:12 09/05/20
0,56.5,10.8,2.88,2.89,0.09,0.13,0 04:04:39 09/05/20
0,53.5,10.7,2.88,2.89,0.08,0.09,1 04:10:05 09/05/20
0,54.5,10.7,2.88,2.89,0.09,0.13,0 04:15:36 09/05/20
0,54.2,10.6,2.88,2.89,0.08,0.09,1 04:21:03 09/05/20
0,55.3,10.6,2.88,2.89,0.09,0.12,0 04:26:29 09/05/20
0,64.6,10.6,2.88,2.89,0.08,0.09,1 04:31:59 09/05/20
0,55.9,10.6,2.88,2.89,0.09,0.14,0 04:37:31 09/05/20
0,64.1,10.6,2.88,2.89,0.09,0.12,0 04:43:08 09/05/20
0,58.7,10.6,2.88,2.89,0.09,0.12,0 04:48:46 09/05/20
0,56.3,10.5,2.88,2.89,0.08,0.09,1 04:54:19 09/05/20
0,55.8,10.4,2.88,2.89,0.09,0.13,0 04:59:47 09/05/20
0,59.4,10.4,2.88,2.89,0.08,0.09,1 05:05:15 09/05/20
0,54.9,10.3,2.88,2.89,0.09,0.14,0 05:10:44 09/05/20
0,62.8,10.3,2.88,2.89,0.07,0.08,1 05:16:09 09/05/20
0,61.5,10.1,2.88,2.88,0.09,0.14,0 05:21:39 09/05/20
0,59.6,10.1,2.88,2.89,0.08,0.09,1 05:27:07 09/05/20
0,60.0,10.1,2.88,2.88,0.09,0.13,0 05:32:36 09/05/20
0,59.7,10.0,2.88,2.89,0.08,0.09,1 05:38:05 09/05/20
0,57.7,9.9,2.88,2.88,0.09,0.14,0 05:43:32 09/05/20
0,64.4,9.9,2.88,2.88,0.09,0.12,0 05:49:04 09/05/20
0,67.5,9.9,2.88,2.89,0.08,0.09,1 05:54:37 09/05/20
0,60.7,9.9,2.88,2.88,0.09,0.14,0 06:00:05 09/05/20
0,65.4,9.9,2.88,2.89,0.08,0.09,1 06:05:33 09/05/20
0,64.6,9.9,2.88,2.88,0.09,0.14,0 06:11:01 09/05/20
0,62.6,9.9,2.88,2.89,0.08,0.09,1 06:16:30 09/05/20
0,65.4,9.9,2.88,2.88,0.09,0.14,0 06:21:57 09/05/20
0,63.1,10.0,2.88,2.89,0.08,0.09,1 06:27:25 09/05/20
0,69.4,10.1,2.88,2.88,0.09,0.13,0 06:32:53 09/05/20
0,71.4,10.2,2.88,2.89,0.08,0.09,1 06:38:21 09/05/20
0,74.4,10.3,2.88,2.88,0.09,0.14,0 06:43:51 09/05/20
0,72.2,10.5,2.88,2.89,0.08,0.09,1 06:49:19 09/05/20
0,73.8,10.7,2.88,2.88,0.09,0.14,0 06:54:46 09/05/20
0,70.7,10.8,2.88,2.89,0.08,0.09,1 07:00:14 09/05/20
0,71.2,11.0,2.87,2.88,0.09,0.14,0 07:05:43 09/05/20
0,75.0,11.3,2.87,2.88,0.08,0.09,1 07:11:10 09/05/20
0,69.3,11.5,2.87,2.88,0.09,0.13,0 07:16:38 09/05/20
0,67.9,11.7,2.87,2.88,0.08,0.09,1 07:22:06 09/05/20
0,72.0,11.9,2.87,2.88,0.09,0.14,0 07:27:35 09/05/20
0,67.4,12.2,2.87,2.88,0.08,0.09,1 07:33:04 09/05/20
0,68.8,12.5,2.87,2.88,0.09,0.13,0 07:38:31 09/05/20
0,72.7,12.8,2.87,2.88,0.08,0.09,1 07:44:00 09/05/20
0,69.7,13.1,2.87,2.88,0.09,0.13,0 07:49:26 09/05/20
0,71.4,13.5,2.87,2.88,0.08,0.09,1 07:54:56 09/05/20
0,67.9,13.8,2.87,2.88,0.09,0.14,0 08:00:25 09/05/20
0,63.8,14.1,2.87,2.88,0.08,0.09,1 08:05:53 09/05/20
0,62.7,14.3,2.87,2.88,0.09,0.13,0 08:11:30 09/05/20
0,60.8,14.7,2.87,2.88,0.08,0.09,1 08:16:59 09/05/20
0,59.3,14.9,2.87,2.88,0.09,0.14,0 08:22:27 09/05/20
0,58.4,15.1,2.87,2.88,0.08,0.09,1 08:27:56 09/05/20
0,58.8,15.4,2.87,2.88,0.09,0.14,0 08:33:25 09/05/20
0,59.2,15.6,2.87,2.88,0.08,0.09,1 08:38:54 09/05/20
0,59.3,15.8,2.87,2.88,0.09,0.14,0 08:44:22 09/05/20
0,59.1,15.9,2.87,2.88,0.08,0.09,1 08:49:50 09/05/20
0,59.1,16.2,2.87,2.87,0.09,0.14,0 08:55:19 09/05/20
0,59.3,16.5,2.87,2.88,0.08,0.09,1 09:00:48 09/05/20
0,59.6,16.8,2.87,2.88,0.09,0.14,0 09:06:16 09/05/20
0,59.4,17.1,2.87,2.88,0.08,0.09,1 09:11:46 09/05/20
0,59.0,17.4,2.87,2.88,0.1,0.14,0 09:17:14 09/05/20
0,58.8,17.6,2.87,2.88,0.08,0.09,1 09:22:44 09/05/20
0,59.2,17.8,2.87,2.87,0.09,0.14,0 09:28:11 09/05/20
0,58.8,18.0,2.87,2.88,0.08,0.09,1 09:33:40 09/05/20
0,58.3,18.2,2.87,2.87,0.1,0.14,0 09:39:10 09/05/20
0,58.8,18.4,2.87,2.88,0.08,0.1,1 09:44:38 09/05/20
0,58.9,18.8,2.87,2.87,0.09,0.13,0 09:50:06 09/05/20
0,58.7,19.2,2.87,2.88,0.09,0.1,1 09:55:36 09/05/20
0,59.0,19.6,2.87,2.87,0.1,0.14,0 10:01:05 09/05/20
0,58.5,19.8,2.87,2.88,0.09,0.1,1 10:06:34 09/05/20
0,59.0,20.1,2.87,2.87,0.1,0.14,0 10:12:03 09/05/20
0,58.8,20.4,2.87,2.88,0.09,0.1,1 10:17:32 09/05/20
0,58.8,20.6,2.87,2.87,0.1,0.14,0 10:23:02 09/05/20
0,58.8,20.9,2.87,2.88,0.08,0.09,1 10:28:30 09/05/20
0,58.5,21.2,2.87,2.87,0.1,0.14,0 10:33:59 09/05/20
0,58.5,21.5,2.87,2.87,0.09,0.12,0 10:39:33 09/05/20
0,58.1,21.8,2.87,2.88,0.09,0.1,1 10:45:07 09/05/20
0,57.6,22.1,2.87,2.87,0.09,0.13,0 10:50:35 09/05/20
0,57.0,22.3,2.87,2.88,0.09,0.1,1 10:56:05 09/05/20
0,56.9,22.6,2.87,2.87,0.1,0.14,0 11:01:35 09/05/20
0,56.4,22.9,2.87,2.88,0.09,0.1,1 11:07:05 09/05/20
0,56.5,23.2,2.87,2.87,0.1,0.14,0 11:12:34 09/05/20
0,56.9,23.5,2.87,2.88,0.09,0.1,1 11:18:03 09/05/20
0,57.3,24.0,2.87,2.87,0.1,0.14,0 11:23:32 09/05/20
0,58.2,24.6,2.87,2.88,0.09,0.1,1 11:29:03 09/05/20
0,59.2,25.4,2.87,2.87,0.1,0.14,0 11:34:32 09/05/20
0,59.1,26.4,2.87,2.88,0.09,0.09,1 11:40:02 09/05/20
0,57.7,27.2,2.87,2.87,0.1,0.14,0 11:45:31 09/05/20
0,57.0,28.0,2.87,2.88,0.09,0.1,1 11:51:01 09/05/20
0,54.1,28.5,2.87,2.87,0.1,0.14,0 11:56:31 09/05/20
0,51.7,28.7,2.87,2.87,0.09,0.13,0 12:02:05 09/05/20
0,52.8,28.8,2.87,2.88,0.09,0.1,1 12:07:42 09/05/20
0,54.1,29.1,2.87,2.87,0.1,0.14,0 12:13:11 09/05/20
0,55.0,29.8,2.87,2.88,0.09,0.09,1 12:18:41 09/05/20
0,52.5,30.8,2.87,2.87,0.1,0.15,0 12:24:13 09/05/20
0,51.5,31.8,2.87,2.88,0.09,0.09,1 12:29:43 09/05/20
0,48.8,32.7,2.87,2.88,0.1,0.14,0 12:35:20 09/05/20
0,47.7,33.6,2.87,2.88,0.08,0.09,1 12:40:52 09/05/20
0,47.2,34.4,2.87,2.87,0.1,0.14,0 12:46:23 09/05/20
0,44.7,34.8,2.87,2.88,0.09,0.1,1 12:51:54 09/05/20
0,43.6,35.3,2.87,2.88,0.1,0.14,0 12:57:24 09/05/20
0,42.7,35.6,2.87,2.88,0.09,0.1,1 13:02:58 09/05/20
0,42.1,35.9,2.87,2.87,0.1,0.13,0 13:08:26 09/05/20
0,41.9,36.2,2.87,2.88,0.08,0.09,1 13:13:58 09/05/20
0,42.7,36.5,2.87,2.88,0.1,0.14,0 13:19:30 09/05/20
0,42.2,37.1,2.87,2.88,0.09,0.1,1 13:25:02 09/05/20
0,39.6,37.5,2.87,2.88,0.1,0.14,0 13:30:33 09/05/20
0,39.2,37.7,2.87,2.88,0.09,0.1,1 13:36:05 09/05/20
0,37.3,38.0,2.87,2.88,0.1,0.14,0 13:41:36 09/05/20
0,37.4,38.4,2.87,2.88,0.09,0.1,1 13:47:08 09/05/20
0,36.1,38.7,2.87,2.88,0.1,0.14,0 13:52:39 09/05/20
0,35.8,38.9,2.87,2.88,0.09,0.1,1 13:58:11 09/05/20
0,35.3,38.9,2.87,2.88,0.1,0.15,0 14:03:43 09/05/20
0,35.9,39.3,2.87,2.89,0.09,0.1,1 14:09:16 09/05/20
0,35.9,39.5,2.87,2.88,0.1,0.14,0 14:14:46 09/05/20
0,33.0,39.7,2.87,2.89,0.09,0.1,1 14:20:18 09/05/20
0,33.8,39.9,2.87,2.88,0.1,0.14,0 14:25:51 09/05/20
0,33.5,40.1,2.87,2.89,0.09,0.1,1 14:31:22 09/05/20
0,32.6,40.3,2.87,2.88,0.1,0.15,0 14:36:54 09/05/20
0,33.3,40.6,2.87,2.89,0.09,0.1,1 14:42:26 09/05/20
0,30.0,40.9,2.87,2.88,0.1,0.13,0 14:47:56 09/05/20
0,33.4,40.9,2.87,2.89,0.09,0.1,1 14:53:30 09/05/20
0,29.5,41.1,2.88,2.89,0.1,0.15,0 14:59:02 09/05/20
0,31.3,41.3,2.88,2.89,0.09,0.1,1 15:04:35 09/05/20
0,32.6,41.5,2.87,2.89,0.1,0.15,0 15:10:07 09/05/20
0,32.3,41.5,2.88,2.89,0.09,0.1,1 15:15:38 09/05/20
0,32.3,41.6,2.88,2.89,0.08,0.09,1 15:21:14 09/05/20
0,31.8,41.6,2.88,2.89,0.1,0.15,0 15:26:52 09/05/20
0,30.7,41.5,2.88,2.9,0.09,0.1,1 15:32:25 09/05/20
0,32.8,41.6,2.88,2.89,0.1,0.15,0 15:37:56 09/05/20
0,32.2,42.0,2.88,2.9,0.09,0.1,1 15:43:30 09/05/20
0,31.5,42.1,2.88,2.89,0.1,0.14,0 15:49:01 09/05/20
0,31.1,42.2,2.88,2.9,0.09,0.1,1 15:54:33 09/05/20
0,30.2,42.1,2.88,2.89,0.1,0.15,0 16:00:06 09/05/20
0,30.1,42.2,2.88,2.9,0.09,0.1,1 16:05:39 09/05/20
0,30.3,42.1,2.88,2.9,0.1,0.14,0 16:11:10 09/05/20
0,28.0,42.2,2.88,2.9,0.09,0.1,1 16:16:43 09/05/20
0,30.9,42.0,2.88,2.9,0.1,0.14,0 16:22:15 09/05/20
0,31.3,42.0,2.88,2.9,0.09,0.1,1 16:27:47 09/05/20
0,31.2,41.8,2.88,2.9,0.1,0.14,0 16:33:20 09/05/20
0,29.3,41.8,2.88,2.91,0.09,0.1,1 16:38:53 09/05/20
0,30.9,41.5,2.88,2.9,0.1,0.14,0 16:44:24 09/05/20
0,30.9,41.6,2.88,2.91,0.09,0.09,1 16:49:57 09/05/20
0,30.0,41.5,2.88,2.9,0.1,0.14,0 16:55:29 09/05/20
0,30.1,41.3,2.88,2.91,0.08,0.09,1 17:01:01 09/05/20
0,30.2,41.1,2.88,2.9,0.1,0.14,0 17:06:33 09/05/20
0,30.8,41.0,2.88,2.91,0.08,0.09,1 17:12:06 09/05/20
0,30.0,40.7,2.88,2.9,0.1,0.14,0 17:17:38 09/05/20
0,30.0,40.4,2.88,2.91,0.08,0.09,1 17:23:10 09/05/20
0,29.6,39.9,2.89,2.91,0.07,0.08,1 17:28:46 09/05/20
0,30.5,39.5,2.88,2.91,0.09,0.14,0 17:34:23 09/05/20
0,30.7,39.1,2.89,2.91,0.08,0.09,1 17:39:55 09/05/20
0,30.3,38.6,2.89,2.91,0.09,0.14,0 17:45:27 09/05/20
0,30.6,38.3,2.89,2.91,0.08,0.09,1 17:50:58 09/05/20
0,29.8,37.7,2.89,2.91,0.09,0.14,0 17:56:30 09/05/20
0,31.1,37.3,2.89,2.92,0.08,0.09,1 18:02:01 09/05/20
0,30.4,36.7,2.89,2.91,0.09,0.14,0 18:07:33 09/05/20
0,31.4,36.1,2.89,2.92,0.08,0.09,1 18:13:04 09/05/20
0,31.3,35.4,2.89,2.91,0.09,0.14,0 18:18:42 09/05/20
0,31.1,34.6,2.89,2.92,0.08,0.09,1 18:24:16 09/05/20
0,31.4,33.7,2.89,2.91,0.09,0.14,0 18:29:47 09/05/20
0,31.9,32.9,2.89,2.92,0.08,0.09,1 18:35:18 09/05/20
0,32.5,32.1,2.89,2.91,0.09,0.14,0 18:40:48 09/05/20
3,32.9,31.5,2.89,2.92,0.08,0.09,1 18:46:19 09/05/20
0,33.4,30.9,2.89,2.92,0.09,0.14,0 18:51:50 09/05/20
0,34.0,30.4,2.89,2.92,0.08,0.09,1 18:57:20 09/05/20
0,34.0,29.9,2.89,2.92,0.09,0.14,0 19:02:51 09/05/20
0,34.4,29.5,2.89,2.92,0.08,0.09,1 19:08:21 09/05/20
0,34.7,29.1,2.89,2.92,0.08,0.12,0 19:13:49 09/05/20
0,36.2,28.8,2.89,2.92,0.08,0.09,1 19:19:21 09/05/20
0,35.9,28.5,2.89,2.92,0.09,0.14,0 19:24:52 09/05/20
0,35.8,28.2,2.89,2.92,0.08,0.09,1 19:30:22 09/05/20
0,35.3,28.0,2.89,2.92,0.09,0.14,0 19:35:52 09/05/20
0,36.3,27.7,2.9,2.92,0.08,0.09,1 19:41:22 09/05/20
0,35.9,27.4,2.89,2.92,0.09,0.14,0 19:46:52 09/05/20
0,37.7,27.1,2.9,2.92,0.08,0.09,1 19:52:22 09/05/20
0,39.0,26.8,2.9,2.92,0.09,0.14,0 19:57:52 09/05/20
0,38.8,26.5,2.9,2.92,0.08,0.12,0 20:03:26 09/05/20
0,40.3,26.2,2.9,2.92,0.07,0.08,1 20:09:00 09/05/20
0,40.9,25.9,2.9,2.92,0.09,0.13,0 20:14:30 09/05/20
0,40.8,25.5,2.9,2.92,0.08,0.09,1 20:20:00 09/05/20
0,41.2,25.2,2.9,2.92,0.09,0.14,0 20:25:35 09/05/20
0,41.4,24.8,2.9,2.92,0.08,0.12,0 20:31:12 09/05/20
0,42.1,24.4,2.9,2.92,0.08,0.09,1 20:36:47 09/05/20
0,42.6,24.0,2.9,2.92,0.09,0.14,0 20:42:17 09/05/20
0,43.5,23.6,2.9,2.92,0.08,0.09,1 20:47:46 09/05/20
0,43.9,23.2,2.9,2.92,0.09,0.13,0 20:53:16 09/05/20
0,43.9,22.8,2.9,2.92,0.08,0.09,1 20:58:45 09/05/20
0,44.2,22.4,2.9,2.91,0.09,0.13,0 21:04:16 09/05/20
0,44.6,22.0,2.9,2.92,0.08,0.09,1 21:09:44 09/05/20
0,45.4,21.6,2.9,2.92,0.09,0.13,0 21:15:14 09/05/20
0,45.5,21.2,2.9,2.92,0.07,0.08,1 21:20:41 09/05/20
0,45.6,20.9,2.9,2.92,0.09,0.13,0 21:26:12 09/05/20
0,46.3,20.6,2.9,2.92,0.08,0.09,1 21:31:41 09/05/20
0,45.6,20.2,2.9,2.92,0.09,0.13,0 21:37:10 09/05/20
0,45.8,19.9,2.9,2.92,0.08,0.09,1 21:42:40 09/05/20
0,45.9,19.6,2.9,2.92,0.09,0.13,0 21:48:09 09/05/20
0,45.9,19.3,2.9,2.92,0.08,0.09,1 21:53:38 09/05/20
0,44.6,19.0,2.9,2.92,0.08,0.12,0 21:59:05 09/05/20
0,46.3,18.8,2.9,2.92,0.08,0.09,1 22:04:36 09/05/20
0,45.2,18.6,2.9,2.92,0.09,0.13,0 22:10:04 09/05/20
0,45.7,18.3,2.9,2.92,0.08,0.09,1 22:15:33 09/05/20
0,47.3,18.1,2.9,2.92,0.08,0.12,0 22:21:00 09/05/20
0,46.2,17.9,2.9,2.92,0.07,0.09,1 22:26:32 09/05/20
0,45.5,17.7,2.9,2.92,0.09,0.13,0 22:31:59 09/05/20
0,47.0,17.5,2.9,2.92,0.07,0.08,1 22:37:28 09/05/20
0,46.3,17.3,2.9,2.92,0.08,0.13,0 22:42:57 09/05/20
0,47.8,17.2,2.9,2.92,0.07,0.08,1 22:48:26 09/05/20
0,46.0,17.0,2.9,2.92,0.08,0.13,0 22:53:55 09/05/20
0,47.8,16.9,2.9,2.92,0.07,0.08,1 22:59:23 09/05/20
0,47.9,16.7,2.9,2.91,0.09,0.13,0 23:04:53 09/05/20
0,47.9,16.5,2.9,2.92,0.07,0.08,1 23:10:19 09/05/20
0,47.5,16.4,2.9,2.91,0.08,0.13,0 23:15:48 09/05/20
0,48.0,16.2,2.9,2.92,0.07,0.08,1 23:21:19 09/05/20
0,46.8,16.0,2.9,2.91,0.09,0.13,0 23:26:47 09/05/20
0,48.5,16.0,2.9,2.92,0.07,0.09,1 23:32:15 09/05/20
0,47.7,15.8,2.9,2.91,0.09,0.13,0 23:37:44 09/05/20
0,47.4,15.7,2.9,2.91,0.08,0.12,0 23:43:16 09/05/20
0,48.4,15.5,2.9,2.92,0.07,0.09,1 23:48:51 09/05/20
0,47.7,15.4,2.9,2.91,0.09,0.13,0 23:54:19 09/05/20
0,47.8,15.3,2.9,2.92,0.07,0.08,1 23:59:47 09/05/20
