0,47.2,15.2,2.9,2.91,0.09,0.13,0 00:05:16 10/05/20
0,46.8,15.2,2.9,2.92,0.07,0.09,1 00:10:44 10/05/20
0,47.5,15.1,2.9,2.91,0.09,0.13,0 00:16:13 10/05/20
0,47.4,15.0,2.9,2.92,0.08,0.09,1 00:21:43 10/05/20
0,48.5,14.9,2.9,2.91,0.09,0.13,0 00:27:11 10/05/20
0,47.8,14.9,2.9,2.92,0.07,0.08,1 00:32:40 10/05/20
0,52.0,14.9,2.9,2.91,0.08,0.13,0 00:38:07 10/05/20
0,57.2,14.9,2.9,2.92,0.07,0.09,1 00:43:36 10/05/20
0,54.9,14.8,2.9,2.91,0.08,0.13,0 00:49:04 10/05/20
0,48.7,14.8,2.9,2.91,0.08,0.09,1 00:54:33 10/05/20
0,47.6,14.7,2.9,2.91,0.09,0.13,0 01:00:01 10/05/20
0,47.7,14.6,2.9,2.91,0.08,0.12,0 01:05:34 10/05/20
0,47.1,14.5,2.9,2.91,0.07,0.08,1 01:11:07 10/05/20
3,49.5,14.4,2.9,2.91,0.09,0.13,0 01:16:36 10/05/20
0,48.1,14.4,2.9,2.91,0.07,0.08,1 01:22:02 10/05/20
0,48.3,14.3,2.9,2.91,0.09,0.13,0 01:27:33 10/05/20
0,47.0,14.2,2.9,2.91,0.08,0.09,1 01:33:01 10/05/20
0,48.9,14.1,2.9,2.91,0.09,0.13,0 01:38:30 10/05/20
0,47.4,14.0,2.9,2.91,0.08,0.09,1 01:43:58 10/05/20
0,48.4,13.9,2.9,2.91,0.07,0.08,1 01:49:30 10/05/20
0,48.0,13.9,2.89,2.91,0.08,0.12,0 01:55:02 10/05/20
0,47.7,13.8,2.89,2.91,0.08,0.09,1 02:00:32 10/05/20
0,47.8,13.8,2.9,2.9,0.09,0.14,0 02:06:01 10/05/20
0,47.7,13.7,2.9,2.91,0.08,0.09,1 02:11:29 10/05/20
0,48.7,13.7,2.9,2.9,0.09,0.14,0 02:16:59 10/05/20
0,50.7,13.7,2.9,2.91,0.08,0.09,1 02:22:27 10/05/20
0,55.8,13.7,2.89,2.9,0.09,0.13,0 02:27:55 10/05/20
0,58.0,13.8,2.89,2.91,0.07,0.08,1 02:33:21 10/05/20
0,61.7,13.9,2.89,2.9,0.09,0.13,0 02:38:51 10/05/20
0,59.0,14.0,2.9,2.91,0.08,0.09,1 02:44:20 10/05/20
0,59.7,14.1,2.89,2.9,0.09,0.13,0 02:49:48 10/05/20
0,62.7,14.3,2.89,2.91,0.08,0.09,1 02:55:17 10/05/20
0,65.9,14.4,2.89,2.9,0.09,0.13,0 03:00:45 10/05/20
0,55.8,14.5,2.89,2.91,0.07,0.08,1 03:06:12 10/05/20
0,58.0,14.5,2.89,2.9,0.09,0.14,0 03:11:42 10/05/20
0,54.2,14.5,2.89,2.91,0.08,0.09,1 03:17:12 10/05/20
0,54.3,14.6,2.89,2.9,0.09,0.13,0 03:22:39 10/05/20
0,54.2,14.6,2.89,2.91,0.08,0.09,1 03:28:08 10/05/20
0,52.3,14.6,2.89,2.9,0.09,0.13,0 03:33:36 10/05/20
0,52.1,14.7,2.89,2.91,0.08,0.09,1 03:39:05 10/05/20
0,52.9,14.7,2.89,2.9,0.09,0.13,0 03:44:33 10/05/20
0,51.7,14.7,2.89,2.9,0.08,0.09,1 03:50:02 10/05/20
0,51.2,14.7,2.89,2.9,0.08,0.12,0 03:55:28 10/05/20
0,51.3,14.6,2.89,2.9,0.08,0.09,1 04:00:59 10/05/20
0,50.4,14.6,2.89,2.9,0.09,0.13,0 04:06:27 10/05/20
0,50.7,14.6,2.89,2.9,0.08,0.09,1 04:11:56 10/05/20
0,50.8,14.6,2.89,2.9,0.09,0.14,0 04:17:25 10/05/20
0,51.0,14.6,2.89,2.9,0.08,0.09,1 04:22:53 10/05/20
0,57.6,14.7,2.89,2.9,0.09,0.13,0 04:28:21 10/05/20
0,52.5,14.8,2.89,2.9,0.08,0.09,1 04:33:50 10/05/20
0,52.3,14.7,2.89,2.9,0.09,0.13,0 04:39:18 10/05/20
0,50.6,14.7,2.89,2.9,0.08,0.09,1 04:44:47 10/05/20
0,50.9,14.7,2.89,2.9,0.09,0.13,0 04:50:15 10/05/20
0,50.7,14.7,2.89,2.9,0.07,0.09,1 04:55:42 10/05/20
0,54.2,14.7,2.89,2.9,0.09,0.13,0 05:01:13 10/05/20
0,55.7,14.8,2.89,2.9,0.08,0.09,1 05:06:42 10/05/20
0,58.7,14.8,2.89,2.89,0.09,0.13,0 05:12:10 10/05/20
0,57.1,14.8,2.89,2.9,0.08,0.09,1 05:17:39 10/05/20
0,55.0,14.8,2.89,2.89,0.09,0.13,0 05:23:07 10/05/20
0,57.0,14.8,2.89,2.9,0.08,0.09,1 05:28:36 10/05/20
0,52.2,14.8,2.89,2.89,0.09,0.13,0 05:34:05 10/05/20
0,56.9,14.8,2.89,2.9,0.08,0.09,1 05:39:32 10/05/20
0,54.1,14.8,2.89,2.89,0.09,0.13,0 05:45:01 10/05/20
0,52.1,14.8,2.89,2.9,0.08,0.09,1 05:50:29 10/05/20
0,51.8,14.7,2.89,2.89,0.09,0.13,0 05:55:58 10/05/20
0,51.7,14.7,2.89,2.88,0.08,0.09,1 06:01:26 10/05/20
0,51.5,14.6,2.89,2.89,0.09,0.14,0 06:06:55 10/05/20
0,51.7,14.6,2.89,2.9,0.08,0.09,1 06:12:22 10/05/20
0,56.8,14.6,2.89,2.89,0.09,0.14,0 06:17:52 10/05/20
0,55.5,14.7,2.89,2.9,0.08,0.09,1 06:23:19 10/05/20
0,55.5,14.7,2.89,2.89,0.09,0.14,0 06:28:49 10/05/20
0,53.3,14.7,2.89,2.9,0.08,0.09,1 06:34:17 10/05/20
0,53.0,14.7,2.89,2.89,0.09,0.14,0 06:39:46 10/05/20
0,54.7,14.8,2.89,2.9,0.08,0.09,1 06:45:14 10/05/20
0,54.1,14.9,2.89,2.89,0.09,0.14,0 06:50:44 10/05/20
0,54.1,14.9,2.89,2.9,0.08,0.09,1 06:56:13 10/05/20
0,53.6,15.0,2.89,2.89,0.09,0.14,0 07:01:41 10/05/20
0,55.1,15.1,2.89,2.9,0.08,0.09,1 07:07:09 10/05/20
0,57.7,15.3,2.89,2.89,0.09,0.14,0 07:12:37 10/05/20
0,56.1,15.4,2.89,2.89,0.08,0.09,1 07:18:07 10/05/20
0,55.8,15.5,2.88,2.89,0.09,0.14,0 07:23:34 10/05/20
0,56.8,15.6,2.89,2.89,0.08,0.09,1 07:29:03 10/05/20
0,57.0,15.8,2.89,2.89,0.09,0.14,0 07:34:33 10/05/20
0,57.0,16.0,2.88,2.89,0.08,0.09,1 07:40:00 10/05/20
0,56.8,16.2,2.88,2.89,0.09,0.14,0 07:45:29 10/05/20
0,56.9,16.4,2.88,2.89,0.08,0.09,1 07:50:57 10/05/20
0,55.9,16.6,2.88,2.89,0.09,0.14,0 07:56:26 10/05/20
0,54.1,16.7,2.88,2.89,0.09,0.09,1 08:01:55 10/05/20
0,53.9,16.8,2.88,2.89,0.09,0.14,0 08:07:25 10/05/20
0,54.3,16.9,2.88,2.89,0.08,0.09,1 08:12:52 10/05/20
0,53.4,17.0,2.88,2.89,0.09,0.14,0 08:18:22 10/05/20
0,54.5,17.1,2.88,2.89,0.09,0.09,1 08:23:50 10/05/20
0,54.5,17.2,2.88,2.89,0.09,0.14,0 08:29:20 10/05/20
0,54.6,17.3,2.88,2.89,0.08,0.09,1 08:34:47 10/05/20
0,54.8,17.4,2.88,2.89,0.09,0.14,0 08:40:17 10/05/20
0,55.1,17.4,2.88,2.89,0.09,0.09,1 08:45:45 10/05/20
0,55.5,17.4,2.88,2.89,0.09,0.14,0 08:51:14 10/05/20
0,54.8,17.5,2.88,2.89,0.08,0.09,1 08:56:42 10/05/20
0,54.8,17.6,2.88,2.89,0.09,0.14,0 09:02:11 10/05/20
0,55.9,17.7,2.88,2.89,0.09,0.1,1 09:07:41 10/05/20
0,55.0,17.9,2.88,2.89,0.09,0.14,0 09:13:09 10/05/20
0,56.6,18.1,2.88,2.89,0.08,0.09,1 09:18:37 10/05/20
0,58.5,18.3,2.88,2.89,0.08,0.08,1 09:24:10 10/05/20
0,58.7,18.5,2.88,2.89,0.09,0.14,0 09:29:44 10/05/20
0,59.4,18.6,2.88,2.89,0.09,0.1,1 09:35:13 10/05/20
0,58.6,18.7,2.88,2.89,0.09,0.14,0 09:40:42 10/05/20
0,60.5,18.7,2.88,2.89,0.09,0.1,1 09:46:12 10/05/20
0,60.7,18.8,2.88,2.89,0.09,0.14,0 09:51:40 10/05/20
0,60.7,18.8,2.88,2.89,0.09,0.1,1 09:57:10 10/05/20
0,64.6,18.9,2.88,2.89,0.1,0.14,0 10:02:39 10/05/20
0,60.6,19.1,2.88,2.89,0.09,0.1,1 10:08:07 10/05/20
0,60.4,19.2,2.88,2.88,0.1,0.14,0 10:13:36 10/05/20
0,60.8,19.3,2.88,2.89,0.09,0.1,1 10:19:05 10/05/20
0,63.0,19.5,2.88,2.88,0.1,0.14,0 10:24:34 10/05/20
0,65.1,19.6,2.88,2.89,0.09,0.1,1 10:30:03 10/05/20
0,66.0,19.7,2.88,2.89,0.1,0.14,0 10:35:32 10/05/20
0,63.6,19.8,2.88,2.89,0.08,0.09,1 10:41:00 10/05/20
0,64.8,19.9,2.88,2.89,0.1,0.14,0 10:46:31 10/05/20
0,65.6,20.0,2.88,2.89,0.09,0.1,1 10:52:00 10/05/20
0,64.4,20.1,2.88,2.88,0.1,0.14,0 10:57:28 10/05/20
0,63.5,20.2,2.88,2.89,0.09,0.1,1 11:02:57 10/05/20
0,65.0,20.4,2.88,2.88,0.1,0.14,0 11:08:26 10/05/20
0,66.3,20.5,2.88,2.89,0.09,0.1,1 11:13:55 10/05/20
0,63.7,20.7,2.88,2.88,0.09,0.14,0 11:19:24 10/05/20
0,67.7,20.8,2.88,2.89,0.09,0.13,0 11:24:57 10/05/20
0,64.5,20.9,2.88,2.89,0.09,0.1,1 11:30:32 10/05/20
0,64.4,21.1,2.88,2.88,0.1,0.14,0 11:36:01 10/05/20
0,66.2,21.2,2.88,2.89,0.09,0.1,1 11:41:31 10/05/20
0,66.1,21.4,2.88,2.88,0.1,0.14,0 11:47:00 10/05/20
0,65.4,21.6,2.88,2.89,0.08,0.09,1 11:52:27 10/05/20
0,65.7,21.7,2.88,2.88,0.1,0.14,0 11:57:58 10/05/20
0,64.6,21.8,2.88,2.89,0.09,0.1,1 12:03:27 10/05/20
0,64.2,21.8,2.88,2.88,0.1,0.14,0 12:08:57 10/05/20
0,65.4,21.8,2.88,2.89,0.09,0.1,1 12:14:25 10/05/20
0,65.8,21.9,2.88,2.88,0.1,0.14,0 12:19:55 10/05/20
0,65.2,21.9,2.88,2.89,0.09,0.1,1 12:25:24 10/05/20
0,64.6,21.9,2.88,2.88,0.1,0.14,0 12:30:53 10/05/20
0,63.9,22.0,2.88,2.89,0.09,0.1,1 12:36:22 10/05/20
0,65.1,22.2,2.88,2.88,0.1,0.14,0 12:41:52 10/05/20
0,65.8,22.5,2.88,2.89,0.09,0.12,0 12:47:26 10/05/20
0,67.8,22.8,2.88,2.89,0.09,0.1,1 12:52:59 10/05/20
0,67.2,23.1,2.88,2.88,0.1,0.14,0 12:58:29 10/05/20
0,66.3,23.3,2.88,2.89,0.09,0.1,1 13:03:58 10/05/20
0,65.7,23.5,2.88,2.88,0.1,0.14,0 13:09:27 10/05/20
0,65.7,23.7,2.88,2.89,0.09,0.1,1 13:14:58 10/05/20
0,64.6,23.8,2.88,2.88,0.1,0.14,0 13:20:27 10/05/20
0,63.9,24.0,2.88,2.89,0.09,0.1,1 13:25:57 10/05/20
0,63.8,24.3,2.88,2.88,0.1,0.14,0 13:31:26 10/05/20
0,63.6,24.8,2.88,2.89,0.09,0.1,1 13:36:56 10/05/20
0,65.9,25.4,2.88,2.88,0.1,0.14,0 13:42:25 10/05/20
0,65.8,26.0,2.88,2.89,0.09,0.1,1 13:47:54 10/05/20
0,64.1,26.5,2.88,2.88,0.1,0.14,0 13:53:24 10/05/20
0,61.9,26.8,2.88,2.89,0.08,0.09,1 13:58:53 10/05/20
0,60.6,27.0,2.88,2.88,0.1,0.14,0 14:04:24 10/05/20
0,60.5,27.3,2.88,2.89,0.09,0.1,1 14:09:54 10/05/20
0,58.3,27.5,2.88,2.89,0.1,0.14,0 14:15:24 10/05/20
0,57.1,27.4,2.88,2.89,0.09,0.1,1 14:20:54 10/05/20
0,57.5,27.1,2.88,2.88,0.09,0.13,0 14:26:22 10/05/20
0,57.8,26.9,2.88,2.89,0.09,0.1,1 14:31:54 10/05/20
0,58.4,26.9,2.88,2.88,0.1,0.14,0 14:37:24 10/05/20
0,59.0,27.1,2.88,2.89,0.09,0.1,1 14:42:53 10/05/20
0,59.7,27.5,2.88,2.89,0.1,0.14,0 14:48:23 10/05/20
0,57.4,27.8,2.88,2.89,0.09,0.1,1 14:53:53 10/05/20
0,56.5,27.8,2.88,2.89,0.09,0.12,0 14:59:21 10/05/20
0,56.5,27.6,2.88,2.89,0.09,0.13,0 15:04:57 10/05/20
0,55.0,27.5,2.88,2.89,0.09,0.1,1 15:10:32 10/05/20
0,56.5,27.5,2.88,2.89,0.1,0.14,0 15:16:02 10/05/20
0,56.1,27.7,2.88,2.89,0.09,0.1,1 15:21:33 10/05/20
0,57.7,28.0,2.88,2.89,0.1,0.14,0 15:27:02 10/05/20
0,55.7,28.4,2.88,2.89,0.09,0.1,1 15:32:32 10/05/20
0,55.9,28.5,2.87,2.91,0.1,0.14,0 15:38:02 10/05/20
0,55.9,28.7,2.88,2.89,0.09,0.1,1 15:43:32 10/05/20
0,55.9,28.9,2.88,2.89,0.1,0.14,0 15:49:03 10/05/20
0,56.4,29.2,2.88,2.89,0.09,0.1,1 15:54:33 10/05/20
0,53.0,29.4,2.88,2.89,0.1,0.14,0 16:00:03 10/05/20
0,54.9,29.4,2.88,2.89,0.09,0.1,1 16:05:34 10/05/20
0,54.3,29.3,2.88,2.89,0.1,0.14,0 16:11:03 10/05/20
0,53.4,28.9,2.88,2.89,0.09,0.1,1 16:16:35 10/05/20
0,53.0,28.3,2.88,2.89,0.1,0.14,0 16:22:04 10/05/20
0,53.4,27.8,2.88,2.89,0.08,0.09,1 16:27:32 10/05/20
0,52.4,27.1,2.88,2.89,0.1,0.14,0 16:33:04 10/05/20
0,54.0,26.7,2.88,2.89,0.09,0.13,0 16:38:37 10/05/20
0,54.9,26.4,2.88,2.89,0.09,0.1,1 16:44:15 10/05/20
0,77.8,10.3,2.89,2.89,0.08,0.09,1 23:33:48 10/05/20
0,75.3,10.1,2.89,2.89,0.1,0.13,0 23:39:17 10/05/20
0,75.1,10.1,2.89,2.89,0.09,0.1,1 23:44:44 10/05/20
0,74.5,10.0,2.89,2.89,0.1,0.13,0 23:50:12 10/05/20
0,74.7,10.0,2.89,2.89,0.09,0.1,1 23:55:40 10/05/20
