0,74.7,9.9,2.89,2.89,0.1,0.13,0 00:01:08 11/05/20
0,76.3,9.9,2.88,2.89,0.09,0.1,1 00:06:36 11/05/20
0,73.3,9.8,2.89,2.89,0.1,0.13,0 00:12:05 11/05/20
0,72.7,9.7,2.89,2.89,0.09,0.12,0 00:17:36 11/05/20
0,75.9,9.6,2.88,2.89,0.09,0.1,1 00:23:10 11/05/20
0,74.4,9.5,2.88,2.89,0.1,0.13,0 00:28:38 11/05/20
0,74.6,9.3,2.89,2.89,0.09,0.12,0 00:34:09 11/05/20
0,77.4,9.2,2.88,2.89,0.09,0.1,1 00:39:42 11/05/20
0,76.8,9.1,2.88,2.89,0.1,0.13,0 00:45:10 11/05/20
0,75.8,8.9,2.88,2.89,0.09,0.1,1 00:50:38 11/05/20
0,74.5,8.7,2.88,2.89,0.1,0.13,0 00:56:06 11/05/20
0,75.1,8.5,2.88,2.89,0.09,0.1,1 01:01:34 11/05/20
0,77.0,8.3,2.88,2.89,0.1,0.13,0 01:07:02 11/05/20
0,75.6,8.1,2.88,2.89,0.09,0.1,1 01:12:30 11/05/20
0,80.2,8.0,2.88,2.89,0.1,0.13,0 01:17:58 11/05/20
0,80.4,7.9,2.88,2.89,0.09,0.1,1 01:23:27 11/05/20
0,82.3,7.8,2.88,2.89,0.1,0.13,0 01:28:54 11/05/20
0,82.8,7.7,2.88,2.89,0.09,0.1,1 01:34:22 11/05/20
0,82.7,7.7,2.88,2.88,0.1,0.13,0 01:39:50 11/05/20
0,82.9,7.6,2.88,2.89,0.09,0.09,1 01:45:17 11/05/20
0,83.7,7.5,2.88,2.88,0.1,0.13,0 01:50:45 11/05/20
0,83.1,7.5,2.88,2.89,0.09,0.1,1 01:56:13 11/05/20
0,85.1,7.5,2.88,2.88,0.1,0.13,0 02:01:41 11/05/20
0,84.3,7.4,2.88,2.89,0.09,0.1,1 02:07:09 11/05/20
0,84.4,7.4,2.88,2.88,0.1,0.13,0 02:12:37 11/05/20
0,84.9,7.4,2.88,2.89,0.09,0.1,1 02:18:05 11/05/20
0,85.2,7.3,2.88,2.88,0.1,0.13,0 02:23:32 11/05/20
0,85.3,7.3,2.88,2.89,0.09,0.1,1 02:29:00 11/05/20
0,85.8,7.3,2.88,2.88,0.1,0.14,0 02:34:28 11/05/20
0,85.6,7.2,2.87,2.87,0.1,0.1,1 02:39:56 11/05/20
0,85.4,7.2,2.88,2.88,0.1,0.14,0 02:45:24 11/05/20
0,87.1,7.2,2.88,2.88,0.09,0.12,0 02:50:55 11/05/20
0,86.7,7.2,2.88,2.89,0.09,0.1,1 02:56:28 11/05/20
0,84.7,7.1,2.88,2.88,0.1,0.14,0 03:01:56 11/05/20
0,85.5,7.1,2.88,2.88,0.09,0.1,1 03:07:24 11/05/20
0,86.2,7.1,2.88,2.88,0.1,0.14,0 03:12:52 11/05/20
0,85.7,7.0,2.88,2.89,0.09,0.1,1 03:18:21 11/05/20
0,85.0,7.0,2.88,2.88,0.1,0.14,0 03:23:47 11/05/20
0,85.1,7.0,2.88,2.88,0.09,0.1,1 03:29:15 11/05/20
0,85.4,7.0,2.88,2.88,0.1,0.14,0 03:34:44 11/05/20
0,85.4,7.0,2.88,2.88,0.09,0.1,1 03:40:11 11/05/20
0,84.9,7.0,2.88,2.88,0.1,0.14,0 03:45:39 11/05/20
0,85.5,7.1,2.88,2.88,0.09,0.1,1 03:51:07 11/05/20
0,84.3,7.1,2.88,2.88,0.1,0.14,0 03:56:34 11/05/20
0,84.3,7.1,2.88,2.88,0.09,0.1,1 04:02:02 11/05/20
0,83.4,7.1,2.88,2.88,0.1,0.14,0 04:07:30 11/05/20
0,84.4,7.1,2.88,2.88,0.09,0.1,1 04:12:58 11/05/20
0,84.5,7.1,2.88,2.88,0.08,0.09,1 04:18:29 11/05/20
0,85.0,7.1,2.88,2.88,0.1,0.14,0 04:24:02 11/05/20
0,84.3,7.1,2.88,2.88,0.09,0.1,1 04:29:30 11/05/20
0,84.2,7.1,2.88,2.88,0.1,0.14,0 04:34:58 11/05/20
0,84.4,7.1,2.88,2.88,0.09,0.1,1 04:40:26 11/05/20
0,83.6,7.1,2.88,2.88,0.08,0.09,1 04:45:57 11/05/20
0,84.3,7.2,2.87,2.88,0.1,0.14,0 04:51:30 11/05/20
0,84.5,7.2,2.88,2.88,0.09,0.1,1 04:56:58 11/05/20
0,84.0,7.1,2.87,2.88,0.1,0.14,0 05:02:26 11/05/20
0,83.4,7.1,2.87,2.88,0.09,0.1,1 05:07:54 11/05/20
0,83.2,7.1,2.88,2.88,0.08,0.09,1 05:13:25 11/05/20
0,82.4,7.1,2.87,2.88,0.1,0.14,0 05:18:58 11/05/20
0,81.7,7.1,2.87,2.88,0.09,0.1,1 05:24:27 11/05/20
0,82.4,7.0,2.87,2.87,0.1,0.13,0 05:29:52 11/05/20
0,82.8,7.0,2.87,2.88,0.09,0.1,1 05:35:22 11/05/20
0,81.6,6.9,2.87,2.88,0.08,0.09,1 05:40:53 11/05/20
0,82.4,6.9,2.87,2.87,0.1,0.14,0 05:46:26 11/05/20
0,82.0,6.9,2.87,2.88,0.09,0.1,1 05:51:55 11/05/20
0,81.5,6.9,2.87,2.87,0.11,0.14,0 05:57:22 11/05/20
1,82.0,6.9,2.87,2.88,0.09,0.1,1 06:02:50 11/05/20
0,82.9,6.8,2.87,2.87,0.1,0.14,0 06:08:17 11/05/20
0,82.2,6.8,2.87,2.88,0.09,0.1,1 06:13:45 11/05/20
0,82.1,6.8,2.87,2.87,0.1,0.14,0 06:19:14 11/05/20
0,83.2,6.8,2.87,2.88,0.09,0.1,1 06:24:41 11/05/20
0,83.0,6.8,2.87,2.87,0.11,0.14,0 06:30:09 11/05/20
0,82.8,6.8,2.87,2.88,0.09,0.1,1 06:35:37 11/05/20
0,82.6,6.8,2.87,2.87,0.1,0.14,0 06:41:04 11/05/20
0,81.7,6.8,2.87,2.88,0.09,0.1,1 06:46:32 11/05/20
0,81.4,6.9,2.87,2.87,0.11,0.14,0 06:52:00 11/05/20
0,80.8,6.9,2.87,2.87,0.09,0.1,1 06:57:28 11/05/20
0,80.8,6.9,2.87,2.88,0.08,0.09,1 07:02:59 11/05/20
0,79.8,7.0,2.87,2.87,0.11,0.14,0 07:08:32 11/05/20
0,79.5,7.0,2.87,2.88,0.09,0.1,1 07:14:01 11/05/20
0,79.3,7.1,2.87,2.87,0.11,0.14,0 07:19:28 11/05/20
0,79.1,7.2,2.87,2.87,0.09,0.1,1 07:24:56 11/05/20
0,78.4,7.2,2.87,2.87,0.11,0.14,0 07:30:25 11/05/20
0,79.0,7.4,2.87,2.87,0.09,0.1,1 07:35:51 11/05/20
0,77.8,7.5,2.87,2.87,0.11,0.14,0 07:41:19 11/05/20
0,77.1,7.5,2.87,2.87,0.1,0.1,1 07:46:48 11/05/20
0,76.4,7.6,2.87,2.87,0.11,0.14,0 07:52:15 11/05/20
0,76.2,7.7,2.87,2.87,0.1,0.1,1 07:57:43 11/05/20
0,76.0,7.8,2.87,2.87,0.11,0.14,0 08:03:11 11/05/20
3,75.7,7.8,2.87,2.87,0.1,0.1,1 08:08:39 11/05/20
0,75.1,7.9,2.87,2.87,0.11,0.14,0 08:14:07 11/05/20
0,75.1,7.9,2.87,2.87,0.1,0.1,1 08:19:34 11/05/20
0,75.1,7.9,2.87,2.87,0.11,0.14,0 08:25:02 11/05/20
0,74.8,7.8,2.87,2.87,0.1,0.1,1 08:30:31 11/05/20
0,74.8,7.9,2.87,2.87,0.11,0.14,0 08:35:59 11/05/20
0,75.0,8.0,2.87,2.87,0.1,0.1,1 08:41:26 11/05/20
0,75.1,8.2,2.87,2.87,0.11,0.14,0 08:46:54 11/05/20
0,75.0,8.4,2.87,2.87,0.1,0.1,1 08:52:22 11/05/20
0,74.6,8.7,2.87,2.86,0.11,0.14,0 08:57:50 11/05/20
0,74.8,8.9,2.87,2.87,0.1,0.1,1 09:03:18 11/05/20
0,73.7,9.2,2.87,2.86,0.11,0.14,0 09:08:46 11/05/20
0,73.1,9.5,2.86,2.87,0.09,0.09,1 09:14:12 11/05/20
0,72.1,9.7,2.87,2.87,0.11,0.14,0 09:19:42 11/05/20
0,72.6,9.8,2.86,2.87,0.1,0.1,1 09:25:10 11/05/20
0,72.0,9.9,2.87,2.86,0.11,0.14,0 09:30:39 11/05/20
0,71.7,9.9,2.86,2.87,0.1,0.1,1 09:36:06 11/05/20
0,70.8,10.0,2.86,2.86,0.11,0.14,0 09:41:34 11/05/20
0,70.3,10.1,2.86,2.87,0.1,0.1,1 09:47:02 11/05/20
0,70.4,10.1,2.86,2.86,0.11,0.15,0 09:52:31 11/05/20
0,69.4,10.3,2.86,2.87,0.1,0.1,1 09:57:58 11/05/20
0,68.3,10.4,2.86,2.86,0.11,0.14,0 10:03:26 11/05/20
0,70.0,10.5,2.86,2.87,0.1,0.1,1 10:08:54 11/05/20
0,69.8,10.8,2.86,2.86,0.11,0.14,0 10:14:22 11/05/20
0,67.6,11.1,2.86,2.87,0.09,0.1,1 10:19:51 11/05/20
0,69.8,11.3,2.86,2.86,0.11,0.14,0 10:25:19 11/05/20
0,69.6,11.5,2.86,2.87,0.1,0.1,1 10:30:47 11/05/20
0,69.6,11.7,2.86,2.86,0.11,0.15,0 10:36:16 11/05/20
0,69.2,11.9,2.86,2.87,0.1,0.1,1 10:41:43 11/05/20
0,67.5,12.1,2.86,2.86,0.11,0.14,0 10:47:11 11/05/20
0,68.9,12.5,2.86,2.87,0.1,0.1,1 10:52:40 11/05/20
0,67.8,13.0,2.86,2.86,0.11,0.14,0 10:58:09 11/05/20
0,68.6,13.4,2.86,2.87,0.09,0.1,1 11:03:36 11/05/20
0,68.1,13.9,2.86,2.86,0.11,0.15,0 11:09:05 11/05/20
0,67.1,14.3,2.86,2.87,0.1,0.1,1 11:14:34 11/05/20
0,69.1,14.8,2.86,2.87,0.08,0.09,1 11:20:05 11/05/20
0,64.8,15.2,2.86,2.86,0.11,0.15,0 11:25:46 11/05/20
0,72.3,15.9,2.86,2.87,0.09,0.1,1 11:31:16 11/05/20
0,71.9,16.9,2.86,2.86,0.11,0.15,0 11:36:46 11/05/20
0,66.3,17.3,2.86,2.87,0.1,0.1,1 11:42:14 11/05/20
0,65.7,17.7,2.86,2.86,0.11,0.14,0 11:47:42 11/05/20
0,71.1,18.5,2.86,2.87,0.09,0.1,1 11:53:11 11/05/20
0,68.6,19.0,2.86,2.86,0.11,0.14,0 11:58:40 11/05/20
0,69.2,19.7,2.86,2.87,0.1,0.1,1 12:04:10 11/05/20
0,65.4,20.4,2.86,2.86,0.1,0.13,0 12:09:37 11/05/20
0,65.2,21.6,2.86,2.87,0.1,0.1,1 12:15:08 11/05/20
0,61.9,23.0,2.86,2.86,0.11,0.14,0 12:20:36 11/05/20
0,58.3,24.0,2.86,2.87,0.1,0.1,1 12:26:06 11/05/20
0,53.4,24.4,2.86,2.86,0.11,0.15,0 12:31:36 11/05/20
0,51.4,24.0,2.86,2.87,0.1,0.1,1 12:37:06 11/05/20
0,50.7,23.4,2.86,2.86,0.11,0.15,0 12:42:35 11/05/20
0,54.8,23.4,2.86,2.87,0.1,0.1,1 12:48:03 11/05/20
0,55.0,24.3,2.86,2.86,0.11,0.15,0 12:53:33 11/05/20
0,50.8,25.4,2.86,2.87,0.1,0.1,1 12:59:02 11/05/20
0,49.2,25.7,2.86,2.86,0.11,0.15,0 13:04:33 11/05/20
0,50.4,26.5,2.86,2.87,0.1,0.1,1 13:10:02 11/05/20
0,46.1,26.8,2.86,2.86,0.11,0.15,0 13:15:33 11/05/20
0,45.0,26.2,2.86,2.87,0.1,0.1,1 13:21:09 11/05/20
0,45.2,25.7,2.86,2.86,0.11,0.15,0 13:26:40 11/05/20
0,43.4,24.7,2.86,2.87,0.1,0.1,1 13:32:11 11/05/20
0,45.5,23.9,2.86,2.86,0.11,0.15,0 13:37:40 11/05/20
0,48.4,24.3,2.86,2.87,0.1,0.1,1 13:43:10 11/05/20
0,47.0,25.7,2.86,2.86,0.1,0.13,0 13:48:36 11/05/20
0,46.3,26.3,2.86,2.87,0.1,0.1,1 13:54:08 11/05/20
0,44.3,26.5,2.86,2.87,0.11,0.15,0 13:59:39 11/05/20
0,45.0,26.1,2.86,2.84,0.1,0.1,1 14:05:07 11/05/20
0,50.7,26.8,2.86,2.87,0.11,0.15,0 14:10:38 11/05/20
0,49.4,28.1,2.86,2.87,0.1,0.1,1 14:16:07 11/05/20
0,44.1,28.5,2.86,2.87,0.11,0.15,0 14:21:37 11/05/20
0,44.6,28.2,2.86,2.87,0.1,0.1,1 14:27:07 11/05/20
0,43.1,27.5,2.86,2.87,0.11,0.15,0 14:32:37 11/05/20
0,44.2,27.1,2.86,2.87,0.1,0.1,1 14:38:07 11/05/20
0,49.6,27.5,2.86,2.87,0.11,0.15,0 14:43:38 11/05/20
0,50.3,28.5,2.86,2.87,0.1,0.1,1 14:49:07 11/05/20
0,46.0,29.4,2.86,2.87,0.11,0.15,0 14:54:38 11/05/20
0,42.0,29.3,2.86,2.87,0.09,0.1,1 15:00:05 11/05/20
0,38.9,28.3,2.86,2.87,0.11,0.15,0 15:05:37 11/05/20
0,48.1,28.2,2.86,2.87,0.1,0.1,1 15:11:07 11/05/20
0,43.5,28.3,2.86,2.87,0.11,0.14,0 15:16:35 11/05/20
0,44.5,28.1,2.86,2.88,0.1,0.1,1 15:22:11 11/05/20
0,49.3,28.8,2.86,2.87,0.11,0.15,0 15:27:46 11/05/20
0,45.0,29.6,2.86,2.88,0.1,0.1,1 15:33:16 11/05/20
0,41.1,29.0,2.87,2.87,0.11,0.15,0 15:38:47 11/05/20
0,40.8,28.1,2.86,2.88,0.1,0.1,1 15:44:17 11/05/20
0,40.0,27.0,2.87,2.88,0.11,0.15,0 15:49:46 11/05/20
0,41.0,25.8,2.87,2.85,0.1,0.1,1 15:55:16 11/05/20
0,45.0,25.8,2.87,2.88,0.11,0.15,0 16:00:45 11/05/20
0,41.8,25.8,2.87,2.88,0.1,0.1,1 16:06:15 11/05/20
0,43.3,25.5,2.87,2.88,0.11,0.15,0 16:11:45 11/05/20
0,44.7,26.0,2.87,2.88,0.1,0.1,1 16:17:15 11/05/20
0,47.7,27.1,2.87,2.88,0.11,0.15,0 16:22:44 11/05/20
0,47.5,28.7,2.87,2.88,0.08,0.09,1 16:28:12 11/05/20
0,44.2,29.6,2.87,2.88,0.11,0.15,0 16:33:44 11/05/20
0,39.4,29.2,2.87,2.88,0.1,0.13,0 16:39:18 11/05/20
0,42.3,29.4,2.87,2.88,0.1,0.1,1 16:44:54 11/05/20
0,38.6,29.7,2.87,2.88,0.12,0.15,0 16:50:24 11/05/20
0,38.9,29.1,2.87,2.89,0.1,0.1,1 16:55:55 11/05/20
0,42.3,29.0,2.87,2.88,0.11,0.15,0 17:01:24 11/05/20
0,41.2,29.4,2.87,2.89,0.1,0.1,1 17:06:54 11/05/20
0,36.8,28.9,2.87,2.88,0.11,0.15,0 17:12:24 11/05/20
0,36.5,27.9,2.87,2.89,0.1,0.1,1 17:17:55 11/05/20
0,38.4,27.2,2.87,2.88,0.11,0.15,0 17:23:24 11/05/20
0,37.8,27.3,2.87,2.89,0.1,0.1,1 17:28:54 11/05/20
0,35.5,26.8,2.87,2.88,0.11,0.15,0 17:34:24 11/05/20
0,37.8,26.2,2.87,2.89,0.1,0.1,1 17:39:55 11/05/20
0,35.8,25.6,2.87,2.89,0.08,0.09,1 17:45:28 11/05/20
0,35.7,24.5,2.87,2.88,0.11,0.15,0 17:51:02 11/05/20
0,35.9,23.1,2.87,2.89,0.1,0.1,1 17:56:32 11/05/20
0,36.3,22.1,2.87,2.89,0.11,0.15,0 18:02:02 11/05/20
0,36.8,21.1,2.87,2.89,0.1,0.1,1 18:07:30 11/05/20
0,39.7,20.4,2.87,2.89,0.11,0.15,0 18:12:59 11/05/20
0,39.0,20.0,2.87,2.89,0.1,0.1,1 18:18:30 11/05/20
0,39.4,19.5,2.87,2.89,0.11,0.15,0 18:23:59 11/05/20
0,40.1,19.0,2.87,2.89,0.1,0.13,0 18:29:30 11/05/20
0,40.4,18.6,2.87,2.89,0.1,0.1,1 18:35:04 11/05/20
0,40.6,18.2,2.87,2.89,0.11,0.14,0 18:40:33 11/05/20
0,40.2,17.8,2.87,2.89,0.1,0.1,1 18:46:03 11/05/20
0,40.8,17.4,2.87,2.89,0.11,0.15,0 18:51:31 11/05/20
0,41.7,17.1,2.87,2.89,0.1,0.1,1 18:57:00 11/05/20
0,41.8,16.9,2.87,2.89,0.11,0.14,0 19:02:28 11/05/20
0,42.0,16.8,2.87,2.89,0.1,0.1,1 19:07:58 11/05/20
0,41.7,16.6,2.88,2.89,0.11,0.15,0 19:13:27 11/05/20
0,42.0,16.5,2.88,2.89,0.09,0.1,1 19:18:54 11/05/20
0,41.9,16.3,2.88,2.89,0.11,0.14,0 19:24:24 11/05/20
0,41.5,16.2,2.88,2.9,0.1,0.1,1 19:29:52 11/05/20
0,41.5,16.2,2.88,2.89,0.11,0.14,0 19:35:20 11/05/20
0,41.0,15.9,2.88,2.89,0.05,0.06,0 19:40:52 11/05/20
0,41.2,15.6,2.88,2.9,0.1,0.1,1 19:46:18 11/05/20
0,41.2,15.3,2.88,2.89,0.11,0.14,0 19:51:46 11/05/20
0,41.6,14.9,2.88,2.9,0.1,0.1,1 19:57:15 11/05/20
0,41.5,14.4,2.88,2.89,0.11,0.14,0 20:02:43 11/05/20
0,41.8,14.0,2.88,2.9,0.1,0.1,1 20:08:12 11/05/20
0,41.8,13.5,2.88,2.89,0.11,0.14,0 20:13:40 11/05/20
0,42.0,13.2,2.88,2.9,0.1,0.1,1 20:19:10 11/05/20
0,42.1,12.8,2.88,2.89,0.11,0.14,0 20:24:37 11/05/20
0,42.4,12.5,2.88,2.9,0.09,0.1,1 20:30:05 11/05/20
0,42.9,12.2,2.88,2.9,0.08,0.09,1 20:35:37 11/05/20
0,43.0,12.0,2.88,2.89,0.11,0.14,0 20:41:11 11/05/20
0,43.6,11.7,2.88,2.9,0.1,0.1,1 20:46:40 11/05/20
0,43.6,11.5,2.88,2.89,0.11,0.14,0 20:52:07 11/05/20
0,44.2,11.2,2.88,2.89,0.1,0.13,0 20:57:40 11/05/20
0,44.4,11.0,2.88,2.89,0.1,0.13,0 21:03:16 11/05/20
0,44.7,10.8,2.88,2.9,0.1,0.1,1 21:08:50 11/05/20
0,45.1,10.6,2.88,2.89,0.11,0.14,0 21:14:18 11/05/20
0,45.4,10.4,2.88,2.9,0.1,0.1,1 21:19:46 11/05/20
0,45.7,10.2,2.88,2.89,0.11,0.14,0 21:25:15 11/05/20
0,46.2,10.0,2.88,2.89,0.08,0.09,1 21:30:40 11/05/20
0,47.0,9.8,2.88,2.89,0.11,0.14,0 21:36:10 11/05/20
0,47.5,9.7,2.88,2.9,0.09,0.1,1 21:41:38 11/05/20
0,47.7,9.5,2.88,2.89,0.1,0.14,0 21:47:06 11/05/20
0,47.7,9.4,2.88,2.89,0.09,0.1,1 21:52:34 11/05/20
0,49.2,9.2,2.88,2.89,0.11,0.14,0 21:58:02 11/05/20
0,49.8,9.1,2.88,2.89,0.09,0.1,1 22:03:30 11/05/20
0,49.6,8.9,2.88,2.89,0.11,0.14,0 22:08:58 11/05/20
0,50.7,8.8,2.88,2.89,0.1,0.1,1 22:14:26 11/05/20
0,51.6,8.7,2.88,2.89,0.11,0.14,0 22:19:54 11/05/20
0,53.5,8.6,2.88,2.89,0.09,0.1,1 22:25:22 11/05/20
0,52.8,8.4,2.88,2.89,0.1,0.13,0 22:30:49 11/05/20
0,54.0,8.3,2.85,2.96,0.09,0.1,1 22:36:18 11/05/20
0,54.4,8.2,2.88,2.89,0.11,0.14,0 22:41:46 11/05/20
0,53.5,8.1,2.88,2.89,0.1,0.1,1 22:47:14 11/05/20
0,54.6,8.0,2.88,2.89,0.11,0.14,0 22:52:42 11/05/20
0,54.7,7.9,2.88,2.89,0.1,0.1,1 22:58:11 11/05/20
0,55.5,7.8,2.88,2.89,0.11,0.14,0 23:03:39 11/05/20
0,58.0,7.8,2.88,2.89,0.1,0.1,1 23:09:06 11/05/20
0,57.5,7.7,2.88,2.89,0.11,0.14,0 23:14:34 11/05/20
0,56.6,7.6,2.88,2.89,0.1,0.1,1 23:20:02 11/05/20
0,57.1,7.4,2.88,2.89,0.08,0.09,1 23:25:33 11/05/20
0,57.2,7.3,2.88,2.89,0.11,0.14,0 23:31:06 11/05/20
0,57.7,7.2,2.88,2.89,0.09,0.1,1 23:36:34 11/05/20
0,59.6,7.1,2.88,2.89,0.11,0.14,0 23:42:03 11/05/20
0,58.9,6.9,2.88,2.89,0.1,0.1,1 23:47:30 11/05/20
0,58.8,6.8,2.88,2.88,0.11,0.14,0 23:52:58 11/05/20
0,58.2,6.6,2.87,2.89,0.09,0.1,1 23:58:26 11/05/20
