0,54.4,12.6,2.88,2.89,0.1,0.1,1 00:03:24 18/05/20
0,54.6,12.5,2.87,2.88,0.1,0.14,0 00:08:52 18/05/20
0,55.0,12.4,2.88,2.89,0.09,0.1,1 00:14:20 18/05/20
0,52.7,12.3,2.87,2.88,0.1,0.14,0 00:19:50 18/05/20
0,50.9,12.2,2.87,2.89,0.08,0.09,1 00:25:15 18/05/20
0,51.0,12.1,2.87,2.88,0.1,0.14,0 00:30:45 18/05/20
0,50.7,12.0,2.87,2.89,0.09,0.1,1 00:36:13 18/05/20
0,51.2,11.9,2.88,2.88,0.1,0.14,0 00:41:42 18/05/20
0,51.6,11.8,2.87,2.89,0.09,0.1,1 00:47:11 18/05/20
0,51.3,11.7,2.87,2.88,0.1,0.14,0 00:52:38 18/05/20
0,51.8,11.6,2.87,2.89,0.09,0.09,1 00:58:05 18/05/20
0,53.3,11.5,2.87,2.88,0.1,0.14,0 01:03:35 18/05/20
0,53.0,11.4,2.87,2.89,0.1,0.1,1 01:09:03 18/05/20
0,52.1,11.2,2.87,2.88,0.1,0.14,0 01:14:31 18/05/20
0,52.9,11.1,2.87,2.89,0.09,0.1,1 01:19:59 18/05/20
0,53.0,11.0,2.87,2.88,0.1,0.14,0 01:25:28 18/05/20
0,53.1,10.9,2.87,2.89,0.1,0.1,1 01:30:56 18/05/20
0,52.9,10.7,2.87,2.88,0.11,0.14,0 01:36:24 18/05/20
0,53.3,10.6,2.87,2.88,0.1,0.1,1 01:41:52 18/05/20
0,51.9,10.5,2.87,2.88,0.1,0.14,0 01:47:20 18/05/20
0,53.1,10.4,2.87,2.88,0.1,0.1,1 01:52:48 18/05/20
0,53.5,10.3,2.87,2.88,0.1,0.14,0 01:58:16 18/05/20
0,53.1,10.2,2.87,2.88,0.09,0.1,1 02:03:44 18/05/20
0,52.9,10.1,2.87,2.88,0.08,0.09,1 02:09:16 18/05/20
0,53.4,9.9,2.87,2.88,0.1,0.14,0 02:14:50 18/05/20
0,53.2,9.8,2.87,2.88,0.09,0.12,0 02:20:21 18/05/20
0,54.1,9.8,2.87,2.88,0.09,0.1,1 02:25:55 18/05/20
0,53.8,9.6,2.87,2.88,0.08,0.09,1 02:31:26 18/05/20
0,54.6,9.6,2.87,2.88,0.1,0.14,0 02:36:59 18/05/20
0,54.3,9.5,2.87,2.88,0.09,0.1,1 02:42:26 18/05/20
0,54.2,9.4,2.87,2.88,0.1,0.14,0 02:47:56 18/05/20
0,54.4,9.3,2.87,2.88,0.09,0.1,1 02:53:24 18/05/20
0,54.7,9.2,2.87,2.88,0.1,0.14,0 02:58:52 18/05/20
0,56.5,9.1,2.87,2.88,0.09,0.1,1 03:04:20 18/05/20
0,55.2,9.0,2.87,2.88,0.08,0.09,1 03:09:51 18/05/20
0,54.5,9.0,2.87,2.88,0.1,0.14,0 03:15:24 18/05/20
0,53.9,8.9,2.87,2.88,0.09,0.1,1 03:20:52 18/05/20
0,53.1,8.9,2.87,2.88,0.1,0.14,0 03:26:20 18/05/20
0,54.1,8.9,2.87,2.88,0.09,0.1,1 03:31:48 18/05/20
0,53.7,8.9,2.87,2.87,0.1,0.14,0 03:37:16 18/05/20
0,54.5,8.9,2.87,2.88,0.09,0.1,1 03:42:44 18/05/20
0,55.7,9.0,2.87,2.87,0.1,0.14,0 03:48:12 18/05/20
0,58.0,9.1,2.87,2.88,0.1,0.1,1 03:53:40 18/05/20
0,57.5,9.2,2.87,2.88,0.1,0.13,0 03:59:07 18/05/20
0,58.2,9.3,2.87,2.88,0.1,0.1,1 04:04:36 18/05/20
0,61.0,9.4,2.87,2.87,0.11,0.14,0 04:10:05 18/05/20
0,62.5,9.6,2.87,2.88,0.09,0.12,0 04:15:43 18/05/20
0,59.2,9.8,2.87,2.87,0.09,0.12,0 04:21:13 18/05/20
0,62.5,9.9,2.87,2.88,0.09,0.1,1 04:26:47 18/05/20
0,65.8,10.0,2.87,2.87,0.11,0.14,0 04:32:16 18/05/20
0,63.2,10.2,2.87,2.88,0.1,0.1,1 04:37:43 18/05/20
0,64.6,10.4,2.87,2.87,0.11,0.14,0 04:43:11 18/05/20
0,64.9,10.5,2.87,2.88,0.1,0.1,1 04:48:39 18/05/20
0,66.6,10.7,2.87,2.87,0.11,0.14,0 04:54:08 18/05/20
0,60.6,10.7,2.87,2.88,0.1,0.1,1 04:59:35 18/05/20
0,65.1,10.8,2.87,2.87,0.11,0.14,0 05:05:03 18/05/20
0,59.8,10.7,2.87,2.88,0.1,0.1,1 05:10:31 18/05/20
0,56.6,10.6,2.87,2.88,0.08,0.09,1 05:16:03 18/05/20
0,57.6,10.6,2.87,2.88,0.04,0.05,1 05:21:38 18/05/20
0,55.9,10.4,2.87,2.87,0.11,0.14,0 05:27:05 18/05/20
0,57.4,10.3,2.87,2.88,0.1,0.1,1 05:32:33 18/05/20
0,57.8,10.2,2.87,2.87,0.11,0.14,0 05:38:01 18/05/20
0,57.3,10.1,2.87,2.87,0.1,0.1,1 05:43:30 18/05/20
0,56.7,10.0,2.87,2.87,0.11,0.14,0 05:48:58 18/05/20
0,56.9,9.8,2.87,2.87,0.1,0.1,1 05:54:25 18/05/20
0,59.0,9.7,2.87,2.87,0.11,0.14,0 05:59:53 18/05/20
0,59.2,9.7,2.87,2.87,0.1,0.1,1 06:05:21 18/05/20
0,56.7,9.5,2.87,2.87,0.11,0.14,0 06:10:49 18/05/20
0,56.5,9.5,2.87,2.87,0.1,0.1,1 06:16:17 18/05/20
0,60.5,9.4,2.87,2.87,0.11,0.14,0 06:21:53 18/05/20
0,60.0,9.4,2.86,2.87,0.1,0.1,1 06:27:22 18/05/20
0,58.2,9.3,2.87,2.87,0.1,0.13,0 06:32:49 18/05/20
0,62.5,9.3,2.86,2.87,0.1,0.1,1 06:38:18 18/05/20
0,63.6,9.3,2.87,2.87,0.11,0.14,0 06:43:46 18/05/20
0,67.0,9.4,2.86,2.87,0.1,0.1,1 06:49:14 18/05/20
0,68.5,9.5,2.86,2.87,0.08,0.09,1 06:54:46 18/05/20
0,70.4,9.7,2.86,2.87,0.1,0.14,0 07:00:18 18/05/20
0,71.8,9.8,2.87,2.87,0.1,0.11,1 07:05:48 18/05/20
0,74.0,10.0,2.86,2.87,0.08,0.09,1 07:11:19 18/05/20
0,72.2,10.3,2.86,2.87,0.08,0.09,1 07:16:56 18/05/20
0,73.8,10.5,2.86,2.87,0.11,0.14,0 07:22:29 18/05/20
0,74.0,10.7,2.86,2.87,0.1,0.11,1 07:27:59 18/05/20
0,73.5,10.9,2.86,2.87,0.11,0.14,0 07:33:26 18/05/20
0,74.8,11.2,2.86,2.87,0.1,0.11,1 07:38:54 18/05/20
0,72.2,11.4,2.86,2.87,0.11,0.14,0 07:44:23 18/05/20
0,76.4,11.6,2.86,2.87,0.1,0.1,1 07:49:50 18/05/20
0,74.5,11.8,2.86,2.87,0.11,0.14,0 07:55:18 18/05/20
0,67.3,12.0,2.86,2.87,0.1,0.11,1 08:00:47 18/05/20
0,73.8,12.2,2.86,2.87,0.11,0.14,0 08:06:15 18/05/20
0,68.8,12.5,2.86,2.87,0.1,0.11,1 08:11:43 18/05/20
0,73.9,12.7,2.86,2.86,0.11,0.14,0 08:17:11 18/05/20
0,75.2,13.0,2.86,2.87,0.1,0.11,1 08:22:41 18/05/20
0,74.8,13.3,2.86,2.86,0.11,0.14,0 08:28:09 18/05/20
0,72.3,13.5,2.86,2.87,0.1,0.1,1 08:33:36 18/05/20
0,74.9,13.7,2.86,2.86,0.11,0.14,0 08:39:05 18/05/20
0,69.2,13.9,2.86,2.87,0.1,0.1,1 08:44:33 18/05/20
0,70.2,14.0,2.86,2.86,0.11,0.15,0 08:50:03 18/05/20
0,71.1,14.2,2.86,2.87,0.1,0.11,1 08:55:31 18/05/20
0,67.3,14.4,2.86,2.86,0.11,0.14,0 09:00:58 18/05/20
0,71.4,14.6,2.86,2.87,0.1,0.11,1 09:06:27 18/05/20
0,69.2,14.9,2.86,2.86,0.11,0.14,0 09:11:55 18/05/20
0,68.3,15.2,2.86,2.87,0.1,0.1,1 09:17:24 18/05/20
0,70.0,15.3,2.86,2.86,0.11,0.14,0 09:22:52 18/05/20
0,67.6,15.4,2.86,2.87,0.1,0.11,1 09:28:22 18/05/20
0,66.6,15.6,2.86,2.86,0.12,0.15,0 09:33:51 18/05/20
0,68.7,15.8,2.86,2.87,0.1,0.1,1 09:39:18 18/05/20
0,69.9,16.0,2.86,2.86,0.11,0.15,0 09:44:47 18/05/20
0,70.6,16.3,2.86,2.87,0.1,0.1,1 09:50:15 18/05/20
0,68.4,16.5,2.86,2.86,0.12,0.15,0 09:55:45 18/05/20
0,67.0,16.8,2.86,2.87,0.1,0.11,1 10:01:13 18/05/20
0,68.1,17.0,2.86,2.86,0.11,0.14,0 10:06:42 18/05/20
0,66.8,17.3,2.86,2.87,0.1,0.1,1 10:12:10 18/05/20
0,68.3,17.6,2.86,2.86,0.11,0.15,0 10:17:40 18/05/20
0,68.2,18.1,2.86,2.86,0.1,0.13,0 10:23:12 18/05/20
0,66.4,18.4,2.86,2.87,0.1,0.11,1 10:28:47 18/05/20
0,66.2,18.8,2.86,2.86,0.11,0.14,0 10:34:14 18/05/20
0,65.3,19.0,2.86,2.87,0.1,0.11,1 10:39:43 18/05/20
0,64.6,19.2,2.86,2.86,0.11,0.14,0 10:45:12 18/05/20
0,63.9,19.4,2.86,2.87,0.1,0.11,1 10:50:41 18/05/20
0,63.8,19.5,2.86,2.86,0.11,0.14,0 10:56:10 18/05/20
0,63.1,19.7,2.86,2.87,0.1,0.11,1 11:01:39 18/05/20
0,62.5,19.8,2.86,2.86,0.11,0.14,0 11:07:08 18/05/20
0,63.2,20.0,2.86,2.86,0.1,0.11,1 11:12:37 18/05/20
0,63.3,20.4,2.86,2.86,0.11,0.15,0 11:18:06 18/05/20
0,62.7,20.8,2.86,2.86,0.1,0.13,0 11:23:39 18/05/20
0,61.7,21.2,2.86,2.86,0.1,0.13,0 11:29:17 18/05/20
0,62.4,21.7,2.86,2.87,0.1,0.11,1 11:34:52 18/05/20
0,60.5,22.3,2.86,2.86,0.12,0.15,0 11:40:22 18/05/20
0,61.3,23.0,2.86,2.87,0.1,0.11,1 11:45:50 18/05/20
0,59.8,23.7,2.86,2.86,0.12,0.15,0 11:51:20 18/05/20
0,58.6,24.3,2.86,2.87,0.1,0.11,1 11:56:49 18/05/20
0,57.9,24.7,2.86,2.86,0.12,0.15,0 12:02:19 18/05/20
0,55.3,25.3,2.86,2.87,0.11,0.11,1 12:07:50 18/05/20
0,54.4,26.2,2.86,2.86,0.11,0.15,0 12:13:18 18/05/20
0,52.4,27.1,2.86,2.87,0.1,0.11,1 12:18:48 18/05/20
0,50.8,27.7,2.86,2.87,0.09,0.09,1 12:24:22 18/05/20
0,50.0,28.7,2.86,2.86,0.12,0.15,0 12:29:58 18/05/20
0,47.3,29.5,2.86,2.87,0.1,0.11,1 12:35:27 18/05/20
0,47.8,30.1,2.86,2.86,0.11,0.15,0 12:40:58 18/05/20
0,45.6,30.7,2.86,2.87,0.11,0.11,1 12:46:28 18/05/20
0,46.0,31.3,2.86,2.86,0.11,0.15,0 12:51:58 18/05/20
0,43.9,31.8,2.86,2.87,0.11,0.11,1 12:57:29 18/05/20
0,41.7,31.9,2.86,2.86,0.11,0.15,0 13:02:59 18/05/20
0,41.5,32.3,2.86,2.87,0.1,0.11,1 13:08:30 18/05/20
0,42.3,32.6,2.86,2.86,0.12,0.15,0 13:14:02 18/05/20
0,41.1,32.8,2.86,2.87,0.1,0.11,1 13:19:31 18/05/20
0,40.7,33.2,2.86,2.87,0.12,0.15,0 13:25:02 18/05/20
0,38.9,33.6,2.86,2.87,0.11,0.11,1 13:30:33 18/05/20
0,40.5,34.0,2.86,2.87,0.09,0.09,1 13:36:07 18/05/20
0,38.7,34.2,2.86,2.87,0.12,0.15,0 13:41:43 18/05/20
0,37.5,34.3,2.86,2.87,0.1,0.11,1 13:47:14 18/05/20
0,38.5,34.5,2.86,2.87,0.11,0.15,0 13:52:45 18/05/20
0,38.5,34.8,2.86,2.87,0.1,0.11,1 13:58:16 18/05/20
0,37.5,35.4,2.86,2.87,0.11,0.15,0 14:03:47 18/05/20
0,38.3,35.4,2.86,2.87,0.1,0.11,1 14:09:18 18/05/20
0,38.1,35.6,2.86,2.87,0.11,0.15,0 14:14:50 18/05/20
0,38.8,36.0,2.86,2.87,0.1,0.11,1 14:20:21 18/05/20
0,38.2,36.4,2.86,2.87,0.11,0.15,0 14:25:52 18/05/20
0,36.8,37.0,2.86,2.87,0.1,0.13,0 14:31:27 18/05/20
0,35.3,37.2,2.86,2.88,0.11,0.11,1 14:37:05 18/05/20
0,37.3,37.6,2.86,2.87,0.12,0.15,0 14:42:35 18/05/20
0,36.2,37.8,2.86,2.88,0.1,0.11,1 14:48:06 18/05/20
0,35.5,37.8,2.86,2.87,0.12,0.15,0 14:53:38 18/05/20
0,37.1,37.8,2.86,2.88,0.1,0.11,1 14:59:09 18/05/20
0,36.0,37.9,2.86,2.87,0.12,0.15,0 15:04:41 18/05/20
0,34.5,38.0,2.86,2.88,0.1,0.11,1 15:10:13 18/05/20
0,36.6,38.2,2.87,2.88,0.12,0.15,0 15:15:45 18/05/20
0,35.4,38.4,2.86,2.88,0.1,0.11,1 15:21:16 18/05/20
0,36.5,38.6,2.87,2.88,0.11,0.15,0 15:26:47 18/05/20
0,34.0,38.8,2.86,2.88,0.1,0.11,1 15:32:20 18/05/20
0,33.9,38.7,2.87,2.88,0.12,0.15,0 15:37:51 18/05/20
0,33.2,38.6,2.87,2.88,0.1,0.11,1 15:43:22 18/05/20
0,35.0,38.7,2.87,2.88,0.11,0.13,0 15:48:54 18/05/20
0,34.3,38.7,2.87,2.89,0.1,0.11,1 15:54:26 18/05/20
0,34.7,38.8,2.87,2.88,0.12,0.13,0 15:59:59 18/05/20
0,33.3,38.8,2.87,2.89,0.1,0.11,1 16:05:32 18/05/20
0,33.7,38.8,2.87,2.88,0.11,0.13,0 16:11:02 18/05/20
0,33.4,39.0,2.87,2.89,0.1,0.11,1 16:16:33 18/05/20
0,32.8,38.8,2.87,2.88,0.11,0.13,0 16:22:06 18/05/20
0,33.5,38.8,2.87,2.89,0.1,0.1,1 16:27:36 18/05/20
0,32.3,39.0,2.87,2.89,0.11,0.13,0 16:33:09 18/05/20
0,33.3,39.0,2.87,2.89,0.1,0.11,1 16:38:40 18/05/20
0,33.6,39.5,2.87,2.89,0.09,0.09,1 16:44:16 18/05/20
0,30.9,39.6,2.87,2.89,0.11,0.12,0 16:49:52 18/05/20
0,30.7,39.5,2.87,2.89,0.1,0.11,1 16:55:24 18/05/20
0,30.9,39.4,2.87,2.89,0.11,0.13,0 17:00:56 18/05/20
0,30.0,39.1,2.87,2.9,0.1,0.11,1 17:06:29 18/05/20
0,28.9,39.0,2.87,2.89,0.11,0.13,0 17:12:00 18/05/20
0,30.3,38.8,2.87,2.9,0.1,0.11,1 17:17:33 18/05/20
0,29.5,38.5,2.87,2.89,0.11,0.13,0 17:23:03 18/05/20
0,30.0,38.2,2.87,2.9,0.1,0.11,1 17:28:36 18/05/20
0,29.2,38.0,2.87,2.9,0.11,0.14,0 17:34:07 18/05/20
0,29.1,37.6,2.87,2.9,0.1,0.1,1 17:39:38 18/05/20
0,30.2,37.3,2.88,2.9,0.11,0.14,0 17:45:10 18/05/20
0,30.2,36.9,2.87,2.9,0.1,0.1,1 17:50:41 18/05/20
0,29.6,36.5,2.88,2.9,0.11,0.14,0 17:56:14 18/05/20
0,29.8,36.0,2.88,2.9,0.1,0.1,1 18:01:44 18/05/20
0,29.0,35.3,2.88,2.9,0.11,0.13,0 18:07:15 18/05/20
0,29.4,34.5,2.88,2.9,0.1,0.1,1 18:12:46 18/05/20
0,30.1,33.6,2.88,2.9,0.11,0.13,0 18:18:17 18/05/20
0,29.8,32.7,2.88,2.91,0.1,0.1,1 18:23:48 18/05/20
0,30.1,31.6,2.88,2.9,0.11,0.14,0 18:29:19 18/05/20
0,29.5,30.7,2.88,2.91,0.1,0.1,1 18:34:49 18/05/20
0,30.0,29.7,2.88,2.9,0.11,0.13,0 18:40:20 18/05/20
0,31.0,28.8,2.88,2.91,0.1,0.1,1 18:45:51 18/05/20
0,32.1,28.2,2.88,2.9,0.1,0.13,0 18:51:20 18/05/20
0,32.1,27.7,2.88,2.91,0.09,0.1,1 18:56:50 18/05/20
0,32.4,27.1,2.88,2.9,0.1,0.13,0 19:02:20 18/05/20
0,33.2,26.7,2.88,2.91,0.09,0.1,1 19:07:50 18/05/20
0,32.7,26.4,2.88,2.9,0.1,0.13,0 19:13:20 18/05/20
0,33.9,26.1,2.88,2.91,0.1,0.1,1 19:18:50 18/05/20
0,32.9,25.8,2.88,2.91,0.1,0.13,0 19:24:20 18/05/20
0,33.3,25.4,2.88,2.91,0.09,0.11,0 19:29:53 18/05/20
0,33.0,25.1,2.88,2.91,0.09,0.1,1 19:35:28 18/05/20
0,33.9,24.9,2.88,2.91,0.1,0.13,0 19:40:58 18/05/20
0,34.6,24.9,2.88,2.91,0.1,0.1,1 19:46:28 18/05/20
0,35.7,24.9,2.88,2.91,0.1,0.13,0 19:51:57 18/05/20
0,38.4,24.9,2.89,2.91,0.09,0.1,1 19:57:28 18/05/20
0,39.0,24.7,2.89,2.91,0.1,0.13,0 20:02:57 18/05/20
0,39.1,24.5,2.89,2.91,0.09,0.1,1 20:08:26 18/05/20
0,37.6,24.1,2.89,2.91,0.1,0.13,0 20:13:56 18/05/20
0,38.0,23.7,2.89,2.91,0.09,0.1,1 20:19:26 18/05/20
0,38.7,23.3,2.89,2.91,0.1,0.13,0 20:24:56 18/05/20
0,40.0,23.0,2.89,2.91,0.09,0.1,1 20:30:26 18/05/20
0,39.2,22.6,2.89,2.91,0.1,0.13,0 20:35:54 18/05/20
0,38.8,22.2,2.89,2.91,0.09,0.1,1 20:41:23 18/05/20
0,39.2,21.8,2.89,2.91,0.1,0.13,0 20:46:54 18/05/20
0,39.5,21.3,2.89,2.91,0.09,0.1,1 20:52:22 18/05/20
0,39.9,20.9,2.89,2.91,0.1,0.13,0 20:57:52 18/05/20
0,40.8,20.5,2.89,2.91,0.09,0.1,1 21:03:20 18/05/20
0,41.4,20.0,2.89,2.91,0.09,0.13,0 21:08:49 18/05/20
0,41.7,19.6,2.89,2.91,0.09,0.09,1 21:14:18 18/05/20
0,41.8,19.2,2.89,2.91,0.1,0.13,0 21:19:47 18/05/20
0,41.6,18.8,2.89,2.91,0.09,0.09,1 21:25:16 18/05/20
0,41.8,18.3,2.89,2.91,0.1,0.11,0 21:30:45 18/05/20
0,42.2,18.0,2.89,2.91,0.09,0.1,1 21:36:15 18/05/20
0,42.1,17.6,2.89,2.91,0.1,0.12,0 21:41:43 18/05/20
0,42.7,17.2,2.89,2.91,0.09,0.1,1 21:47:13 18/05/20
0,42.8,16.9,2.89,2.91,0.1,0.12,0 21:52:40 18/05/20
0,42.3,16.5,2.89,2.91,0.09,0.1,1 21:58:10 18/05/20
0,42.4,16.2,2.89,2.91,0.1,0.12,0 22:03:38 18/05/20
0,42.9,15.9,2.89,2.91,0.09,0.1,1 22:09:07 18/05/20
0,43.2,15.6,2.89,2.91,0.1,0.12,0 22:14:36 18/05/20
0,44.3,15.3,2.89,2.91,0.09,0.1,1 22:20:05 18/05/20
0,43.0,15.0,2.89,2.91,0.09,0.12,0 22:25:32 18/05/20
0,43.6,14.8,2.89,2.91,0.09,0.1,1 22:31:01 18/05/20
0,43.6,14.6,2.89,2.9,0.09,0.12,0 22:36:29 18/05/20
0,42.7,14.3,2.89,2.91,0.09,0.1,1 22:41:58 18/05/20
0,43.8,14.1,2.89,2.9,0.1,0.12,0 22:47:26 18/05/20
0,44.0,13.9,2.89,2.91,0.09,0.1,1 22:52:56 18/05/20
0,43.4,13.7,2.89,2.9,0.09,0.11,0 22:58:22 18/05/20
0,44.2,13.6,2.89,2.91,0.09,0.1,1 23:03:51 18/05/20
0,45.0,13.4,2.89,2.9,0.09,0.13,0 23:09:20 18/05/20
0,44.5,13.2,2.89,2.91,0.09,0.1,1 23:14:48 18/05/20
0,44.6,13.1,2.89,2.9,0.1,0.13,0 23:20:18 18/05/20
0,43.7,12.9,2.89,2.91,0.09,0.1,1 23:25:46 18/05/20
0,44.4,12.8,2.89,2.9,0.09,0.12,0 23:31:13 18/05/20
0,44.7,12.6,2.89,2.91,0.09,0.1,1 23:36:42 18/05/20
0,45.5,12.5,2.89,2.9,0.1,0.13,0 23:42:11 18/05/20
0,45.6,12.3,2.89,2.9,0.09,0.1,1 23:47:38 18/05/20
0,45.1,12.2,2.89,2.9,0.1,0.13,0 23:53:07 18/05/20
0,46.2,12.0,2.89,2.9,0.09,0.1,1 23:58:35 18/05/20
