0,46.5,11.9,2.89,2.9,0.09,0.12,0 00:04:03 19/05/20
0,46.4,11.7,2.89,2.91,0.09,0.1,1 00:09:31 19/05/20
0,44.9,11.6,2.89,2.9,0.1,0.13,0 00:15:00 19/05/20
0,45.3,11.5,2.89,2.9,0.09,0.1,1 00:20:28 19/05/20
0,45.5,11.3,2.89,2.9,0.1,0.13,0 00:25:56 19/05/20
0,45.2,11.2,2.89,2.9,0.09,0.1,1 00:31:24 19/05/20
0,45.3,11.1,2.89,2.9,0.1,0.13,0 00:36:53 19/05/20
0,47.1,11.0,2.89,2.9,0.09,0.1,1 00:42:21 19/05/20
0,46.5,10.9,2.89,2.9,0.1,0.13,0 00:47:49 19/05/20
0,45.1,10.8,2.89,2.9,0.09,0.1,1 00:53:18 19/05/20
0,46.7,10.6,2.89,2.9,0.1,0.13,0 00:58:45 19/05/20
0,45.8,10.5,2.89,2.9,0.09,0.1,1 01:04:13 19/05/20
0,45.6,10.4,2.89,2.9,0.1,0.13,0 01:09:43 19/05/20
0,45.1,10.3,2.89,2.9,0.09,0.1,1 01:15:10 19/05/20
0,45.9,10.2,2.89,2.9,0.08,0.09,1 01:20:42 19/05/20
0,46.3,10.2,2.89,2.89,0.1,0.13,0 01:26:15 19/05/20
0,47.2,10.1,2.89,2.9,0.09,0.1,1 01:31:43 19/05/20
0,45.8,10.0,2.89,2.89,0.1,0.13,0 01:37:11 19/05/20
0,45.9,9.9,2.89,2.9,0.09,0.1,1 01:42:40 19/05/20
0,47.8,9.8,2.89,2.89,0.1,0.13,0 01:48:07 19/05/20
0,48.5,9.8,2.88,2.9,0.09,0.1,1 01:53:35 19/05/20
0,50.1,9.8,2.89,2.89,0.1,0.13,0 01:59:03 19/05/20
0,49.2,9.7,2.88,2.9,0.09,0.1,1 02:04:31 19/05/20
0,46.2,9.7,2.88,2.89,0.1,0.13,0 02:09:59 19/05/20
0,46.9,9.6,2.88,2.9,0.09,0.1,1 02:15:27 19/05/20
0,46.6,9.6,2.88,2.89,0.1,0.12,0 02:20:55 19/05/20
0,45.9,9.6,2.88,2.89,0.09,0.1,1 02:26:24 19/05/20
0,45.6,9.5,2.88,2.89,0.1,0.13,0 02:31:53 19/05/20
0,46.2,9.5,2.88,2.89,0.09,0.11,0 02:37:23 19/05/20
0,45.7,9.4,2.88,2.89,0.09,0.1,1 02:42:57 19/05/20
0,45.1,9.4,2.88,2.89,0.08,0.09,1 02:48:28 19/05/20
0,46.3,9.4,2.88,2.89,0.1,0.13,0 02:54:01 19/05/20
0,45.8,9.3,2.88,2.89,0.09,0.1,1 02:59:30 19/05/20
0,45.1,9.2,2.88,2.89,0.08,0.09,1 03:05:01 19/05/20
0,46.0,9.2,2.88,2.89,0.1,0.13,0 03:10:34 19/05/20
0,45.3,9.2,2.88,2.89,0.09,0.1,1 03:16:02 19/05/20
0,45.9,9.1,2.88,2.89,0.1,0.13,0 03:21:30 19/05/20
0,45.2,9.0,2.88,2.89,0.09,0.1,1 03:26:58 19/05/20
0,45.7,9.0,2.88,2.89,0.1,0.13,0 03:32:26 19/05/20
0,46.1,8.9,2.88,2.89,0.09,0.09,1 03:37:54 19/05/20
0,46.5,8.9,2.88,2.89,0.1,0.13,0 03:43:22 19/05/20
0,46.3,8.8,2.88,2.89,0.09,0.1,1 03:48:50 19/05/20
0,46.0,8.8,2.88,2.89,0.11,0.13,0 03:54:18 19/05/20
0,46.0,8.7,2.88,2.89,0.1,0.1,1 03:59:46 19/05/20
0,46.1,8.6,2.88,2.89,0.11,0.13,0 04:05:15 19/05/20
0,45.4,8.6,2.88,2.89,0.1,0.1,1 04:10:42 19/05/20
0,45.5,8.5,2.88,2.88,0.11,0.13,0 04:16:10 19/05/20
0,45.9,8.5,2.88,2.89,0.1,0.1,1 04:21:39 19/05/20
0,45.2,8.5,2.88,2.88,0.11,0.13,0 04:27:06 19/05/20
0,45.8,8.4,2.88,2.89,0.1,0.1,1 04:32:34 19/05/20
0,46.0,8.4,2.88,2.88,0.11,0.13,0 04:38:03 19/05/20
0,47.8,8.3,2.88,2.89,0.1,0.1,1 04:43:31 19/05/20
0,46.4,8.3,2.88,2.88,0.11,0.13,0 04:48:59 19/05/20
0,45.0,8.2,2.88,2.89,0.1,0.1,1 04:54:26 19/05/20
0,47.1,8.2,2.88,2.88,0.11,0.13,0 04:59:54 19/05/20
0,46.3,8.2,2.88,2.89,0.1,0.1,1 05:05:22 19/05/20
0,46.5,8.1,2.88,2.88,0.11,0.13,0 05:10:50 19/05/20
0,46.1,8.1,2.88,2.89,0.1,0.1,1 05:16:18 19/05/20
0,45.9,8.0,2.88,2.88,0.11,0.13,0 05:21:47 19/05/20
0,46.8,7.9,2.88,2.89,0.1,0.1,1 05:27:14 19/05/20
0,47.2,7.9,2.88,2.88,0.11,0.13,0 05:32:43 19/05/20
0,47.4,7.9,2.88,2.88,0.1,0.12,0 05:38:13 19/05/20
0,46.4,7.8,2.88,2.88,0.1,0.1,1 05:43:46 19/05/20
0,47.1,7.8,2.88,2.88,0.11,0.13,0 05:49:14 19/05/20
0,46.9,7.8,2.88,2.88,0.1,0.1,1 05:54:42 19/05/20
0,47.1,7.7,2.88,2.88,0.11,0.13,0 06:00:11 19/05/20
0,47.5,7.7,2.87,2.88,0.1,0.1,1 06:05:38 19/05/20
0,47.1,7.7,2.87,2.88,0.11,0.13,0 06:11:06 19/05/20
0,47.3,7.7,2.87,2.88,0.1,0.1,1 06:16:34 19/05/20
0,47.3,7.7,2.88,2.88,0.08,0.09,1 06:22:06 19/05/20
0,47.3,7.7,2.87,2.88,0.11,0.13,0 06:27:39 19/05/20
0,46.1,7.7,2.87,2.88,0.1,0.1,1 06:33:06 19/05/20
0,46.9,7.8,2.87,2.88,0.11,0.13,0 06:38:34 19/05/20
0,47.2,7.8,2.87,2.88,0.1,0.1,1 06:44:02 19/05/20
0,47.3,7.8,2.87,2.88,0.11,0.13,0 06:49:31 19/05/20
0,49.0,7.9,2.87,2.88,0.1,0.1,1 06:54:59 19/05/20
0,48.3,8.0,2.87,2.88,0.11,0.13,0 07:00:27 19/05/20
0,50.3,8.1,2.87,2.88,0.1,0.1,1 07:05:54 19/05/20
0,58.3,8.2,2.87,2.87,0.11,0.13,0 07:11:22 19/05/20
0,63.1,8.5,2.87,2.88,0.1,0.1,1 07:16:50 19/05/20
0,68.7,8.9,2.87,2.87,0.11,0.14,0 07:22:18 19/05/20
0,69.3,9.3,2.87,2.88,0.1,0.1,1 07:27:46 19/05/20
0,67.8,9.8,2.87,2.87,0.11,0.14,0 07:33:14 19/05/20
0,66.1,10.2,2.87,2.88,0.1,0.1,1 07:38:42 19/05/20
0,65.4,10.5,2.87,2.87,0.12,0.14,0 07:44:11 19/05/20
0,65.8,10.8,2.87,2.88,0.1,0.1,1 07:49:38 19/05/20
0,65.7,11.2,2.87,2.87,0.11,0.13,0 07:55:06 19/05/20
0,63.3,11.5,2.87,2.88,0.1,0.1,1 08:00:35 19/05/20
0,61.6,11.8,2.87,2.87,0.12,0.14,0 08:06:03 19/05/20
0,62.0,12.1,2.87,2.88,0.1,0.1,1 08:11:32 19/05/20
0,63.0,12.4,2.87,2.87,0.12,0.13,0 08:16:59 19/05/20
0,59.8,12.8,2.87,2.88,0.1,0.11,1 08:22:29 19/05/20
0,56.4,13.1,2.87,2.87,0.12,0.14,0 08:27:56 19/05/20
0,54.5,13.6,2.87,2.87,0.1,0.1,1 08:33:24 19/05/20
0,53.4,14.0,2.86,2.85,0.13,0.13,0 08:38:53 19/05/20
0,55.0,14.4,2.87,2.87,0.1,0.11,1 08:44:22 19/05/20
0,54.8,14.8,2.87,2.87,0.12,0.14,0 08:49:51 19/05/20
0,55.6,15.2,2.87,2.87,0.1,0.1,1 08:55:19 19/05/20
0,55.1,15.6,2.87,2.87,0.12,0.13,0 09:00:47 19/05/20
0,55.8,15.9,2.87,2.87,0.1,0.1,1 09:06:15 19/05/20
0,56.2,16.2,2.87,2.87,0.12,0.14,0 09:11:44 19/05/20
0,56.5,16.5,2.87,2.87,0.1,0.12,0 09:17:16 19/05/20
0,56.3,16.8,2.87,2.87,0.1,0.1,1 09:22:50 19/05/20
0,55.9,17.0,2.87,2.87,0.12,0.14,0 09:28:19 19/05/20
0,54.7,17.0,2.87,2.87,0.1,0.12,0 09:33:51 19/05/20
0,54.2,17.1,2.89,2.85,0.1,0.1,1 09:39:25 19/05/20
0,54.3,17.1,2.87,2.87,0.12,0.14,0 09:44:54 19/05/20
0,57.1,17.2,2.87,2.87,0.1,0.1,1 09:50:23 19/05/20
0,55.7,17.4,2.87,2.87,0.12,0.13,0 09:55:51 19/05/20
0,55.6,17.5,2.87,2.87,0.1,0.1,1 10:01:20 19/05/20
0,56.0,17.7,2.87,2.87,0.12,0.14,0 10:06:50 19/05/20
0,55.3,17.9,2.87,2.87,0.1,0.11,1 10:12:18 19/05/20
0,57.7,18.2,2.87,2.87,0.11,0.12,0 10:17:45 19/05/20
0,57.5,18.7,2.87,2.87,0.11,0.11,1 10:23:16 19/05/20
0,56.4,19.0,2.87,2.87,0.12,0.14,0 10:28:44 19/05/20
0,56.4,19.1,2.87,2.87,0.1,0.1,1 10:34:13 19/05/20
0,55.0,19.2,2.87,2.87,0.12,0.14,0 10:39:42 19/05/20
0,56.2,19.4,2.87,2.87,0.1,0.11,1 10:45:12 19/05/20
0,55.8,19.6,2.87,2.87,0.12,0.14,0 10:50:40 19/05/20
0,57.0,19.8,2.87,2.87,0.1,0.1,1 10:56:09 19/05/20
0,58.3,20.0,2.87,2.87,0.12,0.14,0 11:01:38 19/05/20
0,60.5,20.4,2.87,2.87,0.1,0.1,1 11:07:07 19/05/20
0,57.8,20.8,2.86,2.87,0.12,0.14,0 11:12:36 19/05/20
0,61.3,21.2,2.87,2.87,0.1,0.1,1 11:18:07 19/05/20
0,56.2,21.7,2.87,2.87,0.12,0.14,0 11:23:35 19/05/20
0,56.9,22.0,2.87,2.87,0.05,0.06,0 11:29:07 19/05/20
0,56.8,22.4,2.86,2.87,0.1,0.1,1 11:34:33 19/05/20
0,56.3,22.9,2.87,2.87,0.12,0.14,0 11:40:03 19/05/20
0,56.4,23.5,2.86,2.87,0.1,0.1,1 11:45:33 19/05/20
7,57.1,24.3,2.87,2.87,0.12,0.14,0 11:51:02 19/05/20
0,56.5,25.0,2.86,2.87,0.1,0.1,1 11:56:31 19/05/20
0,55.7,25.9,2.87,2.87,0.12,0.14,0 12:02:01 19/05/20
0,56.3,26.6,2.86,2.87,0.1,0.11,1 12:07:31 19/05/20
0,57.5,27.7,2.87,2.87,0.12,0.14,0 12:13:01 19/05/20
0,56.5,29.0,2.86,2.87,0.1,0.11,1 12:18:31 19/05/20
0,53.1,30.1,2.87,2.87,0.12,0.14,0 12:24:02 19/05/20
0,50.0,31.1,2.86,2.87,0.1,0.1,1 12:29:31 19/05/20
0,47.5,31.8,2.86,2.87,0.12,0.14,0 12:35:02 19/05/20
0,46.9,32.3,2.87,2.87,0.1,0.1,1 12:40:32 19/05/20
0,46.7,32.5,2.86,2.87,0.12,0.14,0 12:46:04 19/05/20
0,45.9,32.9,2.87,2.87,0.11,0.11,1 12:51:34 19/05/20
0,43.2,33.2,2.86,2.87,0.12,0.14,0 12:57:05 19/05/20
0,42.1,33.3,2.86,2.87,0.1,0.11,1 13:02:35 19/05/20
0,43.6,33.3,2.87,2.87,0.12,0.14,0 13:08:07 19/05/20
0,44.1,33.7,2.86,2.87,0.11,0.11,1 13:13:37 19/05/20
0,42.4,33.9,2.87,2.87,0.12,0.14,0 13:19:08 19/05/20
0,43.4,34.0,2.87,2.88,0.11,0.11,1 13:24:39 19/05/20
0,43.3,34.0,2.87,2.87,0.12,0.14,0 13:30:10 19/05/20
0,43.2,34.2,2.87,2.88,0.1,0.11,1 13:35:41 19/05/20
0,42.5,33.8,2.87,2.87,0.12,0.14,0 13:41:11 19/05/20
0,43.6,33.5,2.87,2.88,0.11,0.11,1 13:46:43 19/05/20
0,42.1,33.9,2.87,2.87,0.12,0.14,0 13:52:13 19/05/20
0,42.0,33.9,2.87,2.88,0.1,0.11,1 13:57:44 19/05/20
0,43.7,34.3,2.87,2.87,0.12,0.14,0 14:03:16 19/05/20
0,40.7,34.4,2.87,2.88,0.11,0.11,1 14:08:47 19/05/20
0,43.0,34.2,2.87,2.87,0.12,0.14,0 14:14:17 19/05/20
0,41.7,34.7,2.87,2.88,0.1,0.11,1 14:19:48 19/05/20
0,42.3,35.5,2.87,2.88,0.12,0.14,0 14:25:19 19/05/20
0,40.7,36.5,2.87,2.88,0.1,0.11,1 14:30:50 19/05/20
0,39.4,37.1,2.87,2.88,0.12,0.14,0 14:36:22 19/05/20
0,38.5,37.6,2.87,2.88,0.11,0.11,1 14:41:54 19/05/20
0,39.5,38.0,2.87,2.88,0.12,0.14,0 14:47:24 19/05/20
0,39.0,38.7,2.87,2.88,0.11,0.11,1 14:52:57 19/05/20
0,36.8,38.9,2.87,2.88,0.12,0.14,0 14:58:28 19/05/20
0,34.9,39.1,2.87,2.88,0.11,0.11,1 15:04:01 19/05/20
0,36.6,39.2,2.87,2.88,0.12,0.14,0 15:09:31 19/05/20
0,36.7,39.6,2.87,2.89,0.1,0.11,1 15:15:03 19/05/20
0,35.8,39.8,2.87,2.88,0.12,0.14,0 15:20:36 19/05/20
0,37.8,40.0,2.87,2.89,0.11,0.11,1 15:26:07 19/05/20
0,35.1,40.1,2.87,2.88,0.12,0.14,0 15:31:39 19/05/20
0,35.5,40.0,2.87,2.89,0.1,0.11,1 15:37:11 19/05/20
0,34.0,39.9,2.87,2.88,0.12,0.14,0 15:42:43 19/05/20
0,33.5,39.7,2.87,2.89,0.1,0.11,1 15:48:15 19/05/20
0,33.1,39.5,2.87,2.89,0.12,0.14,0 15:53:48 19/05/20
0,35.7,39.6,2.87,2.89,0.1,0.1,1 15:59:18 19/05/20
0,34.8,40.0,2.87,2.89,0.12,0.14,0 16:04:50 19/05/20
0,34.4,40.3,2.87,2.89,0.1,0.1,1 16:10:22 19/05/20
0,34.9,40.4,2.87,2.89,0.12,0.14,0 16:15:54 19/05/20
0,35.0,40.7,2.87,2.89,0.1,0.1,1 16:21:26 19/05/20
0,34.0,40.6,2.88,2.89,0.09,0.09,1 16:27:02 19/05/20
0,32.6,40.5,2.88,2.89,0.09,0.09,1 16:32:43 19/05/20
0,32.1,40.2,2.88,2.89,0.12,0.14,0 16:38:21 19/05/20
0,32.5,39.9,2.88,2.89,0.1,0.12,0 16:43:56 19/05/20
0,31.2,39.7,2.88,2.9,0.1,0.1,1 16:49:34 19/05/20
0,33.8,39.8,2.88,2.89,0.12,0.14,0 16:55:05 19/05/20
0,32.8,39.8,2.88,2.9,0.1,0.1,1 17:00:37 19/05/20
0,33.2,39.7,2.88,2.89,0.12,0.14,0 17:06:09 19/05/20
0,32.3,39.4,2.88,2.9,0.1,0.1,1 17:11:41 19/05/20
0,33.6,39.2,2.88,2.9,0.12,0.14,0 17:17:13 19/05/20
0,33.3,39.1,2.88,2.9,0.09,0.09,1 17:22:43 19/05/20
0,31.6,38.8,2.88,2.9,0.11,0.14,0 17:28:17 19/05/20
0,32.4,38.3,2.88,2.9,0.1,0.1,1 17:33:48 19/05/20
0,33.1,37.9,2.88,2.9,0.11,0.14,0 17:39:20 19/05/20
0,33.5,37.8,2.88,2.9,0.1,0.11,1 17:44:53 19/05/20
0,32.9,37.3,2.88,2.9,0.11,0.14,0 17:50:24 19/05/20
0,33.1,37.1,2.88,2.9,0.1,0.1,1 17:55:56 19/05/20
0,33.1,36.7,2.88,2.9,0.11,0.14,0 18:01:26 19/05/20
0,32.8,36.0,2.88,2.91,0.1,0.1,1 18:06:57 19/05/20
0,33.1,35.4,2.88,2.9,0.11,0.14,0 18:12:29 19/05/20
0,33.5,34.7,2.88,2.91,0.1,0.1,1 18:18:00 19/05/20
0,34.2,33.8,2.89,2.91,0.11,0.14,0 18:23:31 19/05/20
0,34.2,32.8,2.89,2.91,0.1,0.1,1 18:29:02 19/05/20
0,34.9,31.8,2.89,2.91,0.11,0.14,0 18:34:39 19/05/20
0,35.5,30.9,2.89,2.91,0.1,0.1,1 18:40:13 19/05/20
0,36.9,30.2,2.89,2.91,0.11,0.14,0 18:45:42 19/05/20
0,36.8,29.4,2.89,2.91,0.1,0.1,1 18:51:13 19/05/20
0,37.3,28.9,2.89,2.91,0.11,0.14,0 18:56:44 19/05/20
0,37.7,28.4,2.89,2.91,0.09,0.1,1 19:02:13 19/05/20
0,38.6,28.0,2.89,2.91,0.11,0.13,0 19:07:43 19/05/20
0,38.6,27.7,2.89,2.91,0.09,0.1,1 19:13:13 19/05/20
0,38.8,27.4,2.89,2.91,0.1,0.13,0 19:18:43 19/05/20
0,39.0,27.1,2.89,2.91,0.09,0.1,1 19:24:13 19/05/20
0,39.2,26.8,2.89,2.91,0.1,0.13,0 19:29:43 19/05/20
0,39.0,26.5,2.89,2.91,0.09,0.1,1 19:35:13 19/05/20
0,39.3,26.3,2.89,2.91,0.11,0.14,0 19:40:44 19/05/20
0,39.7,26.1,2.89,2.92,0.09,0.1,1 19:46:13 19/05/20
0,41.0,25.8,2.89,2.91,0.1,0.13,0 19:51:43 19/05/20
0,40.5,25.5,2.89,2.92,0.09,0.1,1 19:57:12 19/05/20
0,42.2,25.2,2.89,2.91,0.1,0.13,0 20:02:42 19/05/20
0,43.2,25.0,2.89,2.92,0.09,0.1,1 20:08:12 19/05/20
0,42.6,24.6,2.89,2.91,0.1,0.14,0 20:13:43 19/05/20
0,42.9,24.3,2.89,2.92,0.09,0.1,1 20:19:12 19/05/20
0,44.2,24.0,2.89,2.91,0.1,0.13,0 20:24:41 19/05/20
0,43.3,23.7,2.89,2.92,0.09,0.09,1 20:30:10 19/05/20
0,44.6,23.3,2.89,2.91,0.1,0.13,0 20:35:40 19/05/20
0,44.0,23.0,2.89,2.92,0.09,0.1,1 20:41:10 19/05/20
0,43.1,22.6,2.89,2.91,0.1,0.13,0 20:46:39 19/05/20
0,44.2,22.3,2.89,2.92,0.09,0.1,1 20:52:08 19/05/20
0,44.6,22.0,2.89,2.91,0.1,0.13,0 20:57:37 19/05/20
0,45.0,21.7,2.89,2.92,0.09,0.09,1 21:03:06 19/05/20
0,45.3,21.4,2.89,2.91,0.1,0.13,0 21:08:36 19/05/20
0,45.4,21.0,2.89,2.92,0.09,0.1,1 21:14:05 19/05/20
0,44.7,20.7,2.9,2.91,0.1,0.13,0 21:19:35 19/05/20
0,45.7,20.4,2.89,2.92,0.09,0.09,1 21:25:03 19/05/20
0,45.9,20.2,2.9,2.91,0.1,0.13,0 21:30:32 19/05/20
0,45.5,19.9,2.9,2.92,0.09,0.09,1 21:36:01 19/05/20
0,45.9,19.6,2.89,2.91,0.1,0.13,0 21:41:30 19/05/20
0,45.1,19.4,2.9,2.91,0.09,0.09,1 21:46:59 19/05/20
0,45.2,19.2,2.9,2.91,0.1,0.13,0 21:52:28 19/05/20
0,45.5,19.0,2.9,2.91,0.09,0.09,1 21:57:57 19/05/20
0,45.6,18.8,2.9,2.91,0.1,0.13,0 22:03:26 19/05/20
0,45.2,18.6,2.9,2.91,0.09,0.09,1 22:08:56 19/05/20
0,46.4,18.4,2.9,2.91,0.1,0.13,0 22:14:25 19/05/20
0,46.2,18.2,2.9,2.91,0.09,0.1,1 22:19:53 19/05/20
0,46.5,18.0,2.9,2.91,0.1,0.13,0 22:25:22 19/05/20
0,46.4,17.8,2.9,2.91,0.09,0.1,1 22:30:52 19/05/20
0,46.4,17.6,2.9,2.91,0.1,0.13,0 22:36:19 19/05/20
0,47.9,17.4,2.9,2.91,0.09,0.09,1 22:41:48 19/05/20
0,47.8,17.2,2.9,2.91,0.1,0.13,0 22:47:17 19/05/20
0,48.0,17.1,2.9,2.91,0.09,0.1,1 22:52:46 19/05/20
0,48.1,16.9,2.9,2.91,0.1,0.13,0 22:58:14 19/05/20
0,48.6,16.7,2.9,2.91,0.09,0.1,1 23:03:44 19/05/20
0,48.6,16.6,2.9,2.91,0.1,0.13,0 23:09:12 19/05/20
0,48.7,16.4,2.9,2.91,0.09,0.09,1 23:14:40 19/05/20
0,49.2,16.2,2.89,2.91,0.1,0.13,0 23:20:10 19/05/20
0,48.6,16.0,2.9,2.91,0.09,0.1,1 23:25:38 19/05/20
0,47.9,15.9,2.9,2.91,0.1,0.13,0 23:31:06 19/05/20
0,48.5,15.7,2.89,2.91,0.09,0.1,1 23:36:35 19/05/20
0,49.7,15.6,2.9,2.91,0.1,0.14,0 23:42:05 19/05/20
0,48.4,15.5,2.89,2.91,0.09,0.09,1 23:47:32 19/05/20
0,49.2,15.3,2.89,2.91,0.1,0.13,0 23:53:01 19/05/20
0,49.4,15.2,2.9,2.91,0.09,0.09,1 23:58:29 19/05/20
