0,49.7,16.2,2.9,2.91,0.1,0.13,0 00:00:09 21/05/20
0,51.2,16.1,2.9,2.92,0.09,0.09,1 00:05:39 21/05/20
0,49.8,15.9,2.9,2.91,0.1,0.13,0 00:11:07 21/05/20
0,49.4,15.8,2.9,2.92,0.09,0.09,1 00:16:35 21/05/20
0,50.7,15.8,2.9,2.91,0.1,0.13,0 00:22:04 21/05/20
0,50.2,15.6,2.9,2.92,0.09,0.09,1 00:27:32 21/05/20
0,50.4,15.5,2.9,2.91,0.1,0.13,0 00:33:02 21/05/20
0,50.4,15.4,2.9,2.91,0.09,0.09,1 00:38:30 21/05/20
0,49.7,15.3,2.9,2.91,0.1,0.13,0 00:43:59 21/05/20
0,49.7,15.2,2.9,2.92,0.09,0.09,1 00:49:27 21/05/20
0,50.0,15.1,2.9,2.91,0.1,0.13,0 00:54:55 21/05/20
0,50.5,15.0,2.9,2.91,0.09,0.09,1 01:00:24 21/05/20
0,49.9,14.9,2.9,2.91,0.1,0.13,0 01:05:52 21/05/20
0,49.6,14.8,2.9,2.91,0.09,0.09,1 01:11:21 21/05/20
0,50.6,14.7,2.9,2.91,0.1,0.13,0 01:16:49 21/05/20
0,51.0,14.6,2.9,2.91,0.09,0.09,1 01:22:18 21/05/20
0,51.3,14.5,2.89,2.92,0.1,0.13,0 01:27:46 21/05/20
0,52.0,14.4,2.9,2.91,0.09,0.1,1 01:33:16 21/05/20
0,52.1,14.3,2.9,2.91,0.1,0.13,0 01:38:43 21/05/20
0,53.8,14.2,2.9,2.91,0.09,0.09,1 01:44:13 21/05/20
0,52.8,14.1,2.9,2.91,0.11,0.13,0 01:49:41 21/05/20
0,53.0,14.0,2.9,2.91,0.09,0.09,1 01:55:08 21/05/20
0,53.9,13.9,2.9,2.91,0.11,0.13,0 02:00:37 21/05/20
0,53.6,13.8,2.9,2.91,0.09,0.09,1 02:06:05 21/05/20
0,53.7,13.8,2.9,2.91,0.11,0.13,0 02:11:34 21/05/20
0,53.8,13.6,2.9,2.91,0.09,0.09,1 02:17:02 21/05/20
0,53.5,13.6,2.9,2.9,0.1,0.13,0 02:22:31 21/05/20
0,53.5,13.5,2.9,2.91,0.09,0.09,1 02:27:59 21/05/20
0,54.3,13.4,2.9,2.9,0.1,0.13,0 02:33:28 21/05/20
0,53.3,13.3,2.9,2.91,0.09,0.09,1 02:38:56 21/05/20
0,53.7,13.2,2.9,2.9,0.11,0.13,0 02:44:25 21/05/20
0,53.4,13.1,2.9,2.91,0.09,0.09,1 02:49:52 21/05/20
0,52.5,13.0,2.9,2.9,0.11,0.13,0 02:55:21 21/05/20
0,53.6,13.0,2.9,2.91,0.09,0.1,1 03:00:49 21/05/20
0,53.4,12.8,2.9,2.9,0.1,0.13,0 03:06:17 21/05/20
0,53.4,12.8,2.9,2.9,0.09,0.11,0 03:11:49 21/05/20
0,54.0,12.7,2.9,2.91,0.09,0.1,1 03:17:23 21/05/20
0,54.5,12.6,2.9,2.9,0.11,0.13,0 03:22:52 21/05/20
0,54.5,12.6,2.9,2.91,0.09,0.09,1 03:28:19 21/05/20
0,54.0,12.5,2.9,2.9,0.11,0.13,0 03:33:49 21/05/20
0,54.4,12.4,2.9,2.91,0.09,0.1,1 03:39:17 21/05/20
0,54.3,12.4,2.9,2.9,0.11,0.13,0 03:44:44 21/05/20
0,54.1,12.3,2.89,2.9,0.09,0.11,0 03:50:16 21/05/20
0,54.3,12.2,2.89,2.9,0.09,0.09,1 03:55:50 21/05/20
0,54.5,12.2,2.9,2.9,0.11,0.13,0 04:01:19 21/05/20
0,54.2,12.1,2.89,2.9,0.09,0.09,1 04:06:46 21/05/20
0,54.5,12.0,2.89,2.9,0.11,0.13,0 04:12:15 21/05/20
0,55.1,12.0,2.89,2.9,0.09,0.1,1 04:17:43 21/05/20
0,54.9,11.9,2.89,2.9,0.11,0.13,0 04:23:12 21/05/20
0,54.6,11.8,2.89,2.9,0.09,0.09,1 04:28:39 21/05/20
0,54.4,11.8,2.89,2.9,0.11,0.13,0 04:34:08 21/05/20
0,55.8,11.7,2.89,2.9,0.1,0.1,1 04:39:37 21/05/20
0,54.8,11.7,2.89,2.9,0.11,0.13,0 04:45:04 21/05/20
0,54.7,11.6,2.89,2.9,0.09,0.1,1 04:50:32 21/05/20
0,55.2,11.5,2.89,2.9,0.11,0.13,0 04:56:00 21/05/20
0,54.7,11.5,2.89,2.9,0.09,0.09,1 05:01:28 21/05/20
0,55.6,11.4,2.89,2.9,0.08,0.08,1 05:07:00 21/05/20
0,55.4,11.4,2.89,2.9,0.11,0.13,0 05:12:34 21/05/20
0,56.1,11.3,2.89,2.9,0.09,0.1,1 05:18:02 21/05/20
0,55.7,11.2,2.89,2.9,0.11,0.13,0 05:23:30 21/05/20
0,56.0,11.2,2.89,2.9,0.08,0.08,1 05:28:56 21/05/20
0,56.4,11.1,2.89,2.89,0.11,0.13,0 05:34:27 21/05/20
0,56.3,11.0,2.89,2.9,0.09,0.09,1 05:39:54 21/05/20
0,55.5,11.0,2.89,2.89,0.11,0.13,0 05:45:24 21/05/20
0,55.3,10.9,2.89,2.9,0.09,0.1,1 05:50:51 21/05/20
0,55.8,10.9,2.89,2.89,0.11,0.13,0 05:56:19 21/05/20
0,55.0,10.9,2.89,2.9,0.09,0.1,1 06:01:48 21/05/20
0,55.2,10.8,2.89,2.89,0.11,0.13,0 06:07:15 21/05/20
0,55.8,10.8,2.89,2.9,0.09,0.1,1 06:12:43 21/05/20
0,55.2,10.8,2.89,2.89,0.11,0.13,0 06:18:11 21/05/20
0,56.3,10.9,2.89,2.9,0.09,0.09,1 06:23:40 21/05/20
0,55.8,10.9,2.89,2.89,0.11,0.13,0 06:29:09 21/05/20
0,56.4,11.0,2.89,2.89,0.1,0.12,0 06:34:40 21/05/20
0,55.7,11.0,2.89,2.9,0.09,0.1,1 06:40:13 21/05/20
0,58.5,11.2,2.89,2.89,0.11,0.13,0 06:45:41 21/05/20
0,60.9,11.3,2.89,2.89,0.1,0.1,1 06:51:10 21/05/20
0,63.1,11.5,2.89,2.89,0.11,0.13,0 06:56:37 21/05/20
0,63.3,11.6,2.89,2.89,0.09,0.1,1 07:02:05 21/05/20
0,66.8,11.8,2.89,2.89,0.11,0.13,0 07:07:35 21/05/20
0,73.3,11.9,2.89,2.89,0.1,0.1,1 07:13:02 21/05/20
0,71.6,12.2,2.89,2.89,0.11,0.13,0 07:18:31 21/05/20
0,73.9,12.4,2.89,2.89,0.09,0.1,1 07:23:58 21/05/20
0,73.3,12.5,2.89,2.89,0.11,0.13,0 07:29:27 21/05/20
0,78.9,12.8,2.89,2.89,0.1,0.1,1 07:34:55 21/05/20
0,73.8,13.1,2.89,2.89,0.11,0.13,0 07:40:24 21/05/20
0,75.6,13.3,2.89,2.89,0.09,0.1,1 07:45:51 21/05/20
0,74.0,13.6,2.89,2.89,0.11,0.14,0 07:51:20 21/05/20
0,73.5,13.9,2.89,2.89,0.09,0.1,1 07:56:48 21/05/20
0,74.4,14.2,2.89,2.89,0.11,0.14,0 08:02:18 21/05/20
0,80.5,14.6,2.89,2.89,0.1,0.1,1 08:07:46 21/05/20
0,73.9,14.9,2.89,2.89,0.11,0.13,0 08:13:14 21/05/20
0,71.3,15.1,2.89,2.89,0.1,0.1,1 08:18:43 21/05/20
0,70.0,15.4,2.89,2.89,0.08,0.09,1 08:24:14 21/05/20
0,67.6,15.6,2.89,2.89,0.11,0.14,0 08:29:48 21/05/20
0,68.9,15.9,2.88,2.89,0.1,0.1,1 08:35:17 21/05/20
0,65.8,16.1,2.89,2.89,0.11,0.13,0 08:40:45 21/05/20
0,63.3,16.4,2.88,2.89,0.1,0.1,1 08:46:14 21/05/20
0,63.8,16.6,2.88,2.89,0.11,0.13,0 08:51:42 21/05/20
0,60.7,16.9,2.88,2.89,0.1,0.1,1 08:57:12 21/05/20
0,61.4,17.3,2.88,2.89,0.12,0.14,0 09:02:40 21/05/20
0,61.8,17.6,2.88,2.89,0.1,0.12,0 09:08:12 21/05/20
0,62.2,18.1,2.88,2.89,0.1,0.1,1 09:13:46 21/05/20
0,62.9,18.4,2.88,2.89,0.12,0.14,0 09:19:16 21/05/20
0,61.5,18.6,2.88,2.89,0.1,0.1,1 09:24:44 21/05/20
0,61.6,18.8,2.88,2.89,0.12,0.14,0 09:30:13 21/05/20
0,61.3,18.9,2.88,2.89,0.1,0.1,1 09:35:42 21/05/20
0,62.0,19.1,2.88,2.88,0.12,0.14,0 09:41:11 21/05/20
0,61.6,19.4,2.88,2.89,0.1,0.12,0 09:46:43 21/05/20
0,62.3,19.7,2.88,2.89,0.09,0.09,1 09:52:18 21/05/20
0,62.6,19.9,2.88,2.88,0.11,0.13,0 09:57:47 21/05/20
0,62.6,20.2,2.88,2.89,0.1,0.1,1 10:03:17 21/05/20
0,63.0,20.6,2.88,2.88,0.12,0.13,0 10:08:45 21/05/20
0,63.8,20.9,2.88,2.89,0.1,0.1,1 10:14:14 21/05/20
0,65.4,21.3,2.88,2.88,0.12,0.14,0 10:19:43 21/05/20
0,64.0,21.9,2.88,2.89,0.1,0.1,1 10:25:13 21/05/20
0,63.9,22.2,2.88,2.88,0.12,0.13,0 10:30:41 21/05/20
0,63.9,22.4,2.88,2.89,0.1,0.12,0 10:36:15 21/05/20
0,63.7,22.6,2.88,2.89,0.1,0.1,1 10:41:50 21/05/20
0,62.4,22.8,2.88,2.88,0.12,0.13,0 10:47:18 21/05/20
0,62.2,23.1,2.88,2.89,0.1,0.1,1 10:52:48 21/05/20
0,61.6,23.4,2.88,2.89,0.12,0.13,0 10:58:17 21/05/20
0,62.1,23.7,2.88,2.89,0.1,0.1,1 11:03:47 21/05/20
0,60.8,24.0,2.88,2.88,0.12,0.13,0 11:09:16 21/05/20
0,60.1,24.2,2.88,2.89,0.1,0.1,1 11:14:46 21/05/20
0,60.4,24.4,2.88,2.88,0.1,0.12,0 11:20:13 21/05/20
0,60.7,24.8,2.88,2.89,0.1,0.1,1 11:25:45 21/05/20
0,60.4,25.1,2.88,2.89,0.12,0.13,0 11:31:15 21/05/20
0,61.4,25.5,2.88,2.89,0.1,0.1,1 11:36:45 21/05/20
0,62.6,25.9,2.88,2.88,0.12,0.14,0 11:42:14 21/05/20
0,61.4,26.5,2.88,2.89,0.1,0.1,1 11:47:44 21/05/20
0,61.8,27.0,2.88,2.88,0.12,0.14,0 11:53:15 21/05/20
0,61.8,27.6,2.88,2.89,0.1,0.1,1 11:58:45 21/05/20
0,58.4,28.1,2.88,2.89,0.12,0.14,0 12:04:15 21/05/20
0,59.8,28.7,2.88,2.89,0.1,0.1,1 12:09:44 21/05/20
0,58.4,29.2,2.88,2.88,0.12,0.14,0 12:15:14 21/05/20
0,59.0,30.2,2.88,2.89,0.1,0.1,1 12:20:44 21/05/20
0,56.6,31.2,2.88,2.89,0.12,0.14,0 12:26:16 21/05/20
0,56.7,32.2,2.88,2.89,0.1,0.1,1 12:31:45 21/05/20
0,51.9,33.1,2.88,2.89,0.12,0.14,0 12:37:17 21/05/20
0,52.8,34.1,2.88,2.89,0.1,0.1,1 12:42:47 21/05/20
0,49.6,34.7,2.88,2.89,0.12,0.14,0 12:48:19 21/05/20
0,48.8,35.2,2.88,2.89,0.1,0.1,1 12:53:50 21/05/20
0,45.0,35.5,2.88,2.89,0.12,0.14,0 12:59:20 21/05/20
0,49.1,36.1,2.88,2.89,0.1,0.1,1 13:04:51 21/05/20
0,43.5,36.5,2.88,2.89,0.12,0.14,0 13:10:23 21/05/20
0,43.6,36.7,2.88,2.89,0.1,0.1,1 13:15:53 21/05/20
0,45.7,37.4,2.88,2.89,0.12,0.13,0 13:21:25 21/05/20
0,41.6,37.9,2.88,2.89,0.1,0.1,1 13:26:56 21/05/20
0,41.6,37.9,2.88,2.89,0.12,0.14,0 13:32:28 21/05/20
0,44.3,38.0,2.88,2.89,0.1,0.1,1 13:38:00 21/05/20
0,43.0,38.2,2.88,2.89,0.12,0.14,0 13:43:31 21/05/20
0,39.7,38.3,2.88,2.89,0.1,0.1,1 13:49:02 21/05/20
0,38.6,38.0,2.88,2.89,0.12,0.14,0 13:54:34 21/05/20
0,40.0,37.8,2.88,2.89,0.1,0.1,1 14:00:05 21/05/20
0,39.1,37.3,2.88,2.89,0.12,0.14,0 14:05:37 21/05/20
0,40.6,36.7,2.88,2.89,0.1,0.1,1 14:11:08 21/05/20
0,40.3,36.3,2.88,2.89,0.12,0.14,0 14:16:40 21/05/20
0,43.0,36.4,2.88,2.9,0.1,0.1,1 14:22:11 21/05/20
0,44.8,36.9,2.88,2.89,0.12,0.14,0 14:27:43 21/05/20
0,40.7,37.5,2.88,2.89,0.1,0.12,0 14:33:17 21/05/20
0,43.6,37.8,2.89,2.9,0.1,0.1,1 14:38:55 21/05/20
0,41.0,38.3,2.89,2.9,0.09,0.09,1 14:44:29 21/05/20
0,42.1,38.3,2.89,2.89,0.12,0.14,0 14:50:06 21/05/20
0,41.6,38.6,2.89,2.9,0.1,0.1,1 14:55:38 21/05/20
0,43.0,39.5,2.88,2.92,0.08,0.09,1 15:01:13 21/05/20
0,38.7,40.0,2.89,2.9,0.12,0.14,0 15:06:50 21/05/20
0,38.9,40.2,2.89,2.9,0.1,0.1,1 15:12:22 21/05/20
0,39.2,40.3,2.89,2.9,0.11,0.14,0 15:17:54 21/05/20
0,39.3,40.9,2.89,2.9,0.1,0.1,1 15:23:26 21/05/20
0,39.4,41.7,2.89,2.9,0.12,0.14,0 15:28:58 21/05/20
0,39.0,42.3,2.89,2.9,0.1,0.1,1 15:34:31 21/05/20
0,38.9,42.8,2.89,2.9,0.12,0.14,0 15:40:04 21/05/20
0,35.5,42.9,2.89,2.91,0.1,0.1,1 15:45:37 21/05/20
0,34.7,42.8,2.89,2.9,0.11,0.14,0 15:51:09 21/05/20
0,36.0,43.0,2.89,2.91,0.1,0.1,1 15:56:40 21/05/20
0,36.3,43.2,2.89,2.9,0.12,0.13,0 16:02:13 21/05/20
0,35.7,43.4,2.89,2.91,0.1,0.1,1 16:07:47 21/05/20
0,37.5,43.5,2.89,2.91,0.11,0.13,0 16:13:19 21/05/20
0,33.8,43.5,2.89,2.91,0.1,0.1,1 16:18:51 21/05/20
0,35.4,43.5,2.89,2.91,0.11,0.13,0 16:24:23 21/05/20
0,34.3,43.6,2.89,2.91,0.1,0.1,1 16:29:56 21/05/20
0,34.7,43.8,2.89,2.91,0.11,0.13,0 16:35:28 21/05/20
0,36.0,43.7,2.89,2.91,0.1,0.1,1 16:41:02 21/05/20
0,34.4,43.8,2.89,2.91,0.11,0.14,0 16:46:34 21/05/20
0,35.7,43.8,2.89,2.91,0.1,0.1,1 16:52:06 21/05/20
0,33.9,43.8,2.89,2.91,0.11,0.14,0 16:57:40 21/05/20
0,33.4,43.8,2.89,2.92,0.1,0.1,1 17:03:12 21/05/20
0,34.0,43.7,2.89,2.91,0.11,0.13,0 17:08:44 21/05/20
0,32.6,43.7,2.89,2.92,0.1,0.1,1 17:14:17 21/05/20
0,32.3,43.6,2.9,2.91,0.11,0.14,0 17:19:51 21/05/20
0,31.6,43.3,2.89,2.92,0.1,0.1,1 17:25:22 21/05/20
0,32.7,43.0,2.9,2.91,0.11,0.13,0 17:30:55 21/05/20
0,31.9,42.5,2.9,2.92,0.1,0.1,1 17:36:27 21/05/20
0,32.9,41.9,2.9,2.92,0.11,0.13,0 17:42:01 21/05/20
0,31.7,41.3,2.9,2.92,0.1,0.1,1 17:47:32 21/05/20
0,32.6,40.6,2.9,2.92,0.11,0.13,0 17:53:04 21/05/20
0,33.4,40.0,2.9,2.92,0.1,0.1,1 17:58:37 21/05/20
0,33.4,39.5,2.9,2.92,0.11,0.13,0 18:04:08 21/05/20
0,33.2,39.0,2.9,2.92,0.1,0.1,1 18:09:40 21/05/20
0,33.2,38.4,2.9,2.92,0.11,0.13,0 18:15:13 21/05/20
0,33.4,37.7,2.9,2.92,0.09,0.09,1 18:20:43 21/05/20
0,32.7,36.7,2.9,2.92,0.11,0.13,0 18:26:15 21/05/20
0,32.6,35.7,2.9,2.92,0.09,0.09,1 18:31:46 21/05/20
0,33.2,34.7,2.9,2.92,0.11,0.13,0 18:37:17 21/05/20
0,34.0,33.7,2.9,2.92,0.09,0.09,1 18:42:48 21/05/20
0,34.7,33.0,2.9,2.92,0.11,0.13,0 18:48:20 21/05/20
0,35.7,32.5,2.9,2.92,0.08,0.09,1 18:53:48 21/05/20
0,35.7,32.0,2.9,2.92,0.11,0.13,0 18:59:22 21/05/20
0,36.0,31.6,2.9,2.92,0.09,0.09,1 19:04:51 21/05/20
0,36.2,31.3,2.9,2.92,0.11,0.13,0 19:10:22 21/05/20
0,36.5,31.0,2.9,2.92,0.09,0.09,1 19:15:52 21/05/20
0,37.0,30.8,2.91,2.92,0.11,0.13,0 19:21:23 21/05/20
0,37.4,30.6,2.91,2.93,0.09,0.09,1 19:26:53 21/05/20
0,37.9,30.4,2.91,2.92,0.11,0.13,0 19:32:24 21/05/20
0,36.8,30.1,2.91,2.93,0.09,0.09,1 19:37:54 21/05/20
0,38.8,30.0,2.91,2.92,0.11,0.12,0 19:43:25 21/05/20
0,37.4,29.8,2.91,2.93,0.09,0.09,1 19:48:56 21/05/20
0,37.5,29.6,2.91,2.92,0.1,0.12,0 19:54:25 21/05/20
0,39.4,29.4,2.91,2.93,0.09,0.09,1 19:59:56 21/05/20
0,39.6,29.1,2.91,2.92,0.1,0.12,0 20:05:26 21/05/20
0,38.1,28.8,2.91,2.93,0.09,0.09,1 20:10:56 21/05/20
0,40.0,28.5,2.91,2.92,0.1,0.13,0 20:16:26 21/05/20
0,41.3,28.2,2.91,2.93,0.09,0.09,1 20:21:56 21/05/20
0,42.8,27.9,2.91,2.92,0.11,0.13,0 20:27:28 21/05/20
0,43.4,27.7,2.91,2.93,0.09,0.09,1 20:32:58 21/05/20
0,43.5,27.4,2.91,2.93,0.08,0.08,1 20:38:30 21/05/20
0,43.9,27.1,2.91,2.92,0.1,0.13,0 20:44:06 21/05/20
0,44.8,26.7,2.91,2.93,0.09,0.09,1 20:49:35 21/05/20
0,45.2,26.4,2.91,2.92,0.1,0.12,0 20:55:05 21/05/20
0,45.5,26.0,2.91,2.93,0.09,0.09,1 21:00:36 21/05/20
0,45.0,25.6,2.91,2.92,0.1,0.13,0 21:06:05 21/05/20
0,45.9,25.2,2.91,2.93,0.08,0.09,1 21:11:34 21/05/20
0,45.7,24.8,2.91,2.92,0.1,0.12,0 21:17:05 21/05/20
0,45.9,24.5,2.91,2.93,0.09,0.09,1 21:22:34 21/05/20
0,46.4,24.1,2.91,2.92,0.1,0.12,0 21:28:03 21/05/20
0,47.3,23.7,2.91,2.93,0.09,0.09,1 21:33:33 21/05/20
0,47.1,23.4,2.91,2.92,0.1,0.12,0 21:39:02 21/05/20
0,47.1,23.1,2.91,2.93,0.09,0.09,1 21:44:32 21/05/20
0,48.1,22.7,2.91,2.92,0.1,0.12,0 21:50:01 21/05/20
0,47.3,22.4,2.91,2.93,0.09,0.09,1 21:55:31 21/05/20
0,48.1,22.1,2.91,2.92,0.1,0.12,0 22:01:01 21/05/20
0,48.0,21.8,2.91,2.93,0.09,0.09,1 22:06:29 21/05/20
0,48.3,21.6,2.91,2.93,0.08,0.08,1 22:12:02 21/05/20
0,48.1,21.4,2.91,2.92,0.11,0.13,0 22:17:38 21/05/20
0,47.9,21.1,2.91,2.93,0.09,0.09,1 22:23:06 21/05/20
0,48.4,20.9,2.91,2.92,0.11,0.12,0 22:28:36 21/05/20
0,48.8,20.7,2.91,2.93,0.09,0.09,1 22:34:04 21/05/20
0,48.5,20.5,2.91,2.92,0.1,0.11,0 22:39:32 21/05/20
0,49.3,20.3,2.91,2.92,0.09,0.09,1 22:45:02 21/05/20
0,49.4,20.1,2.91,2.92,0.11,0.12,0 22:50:33 21/05/20
0,50.0,20.0,2.91,2.93,0.09,0.09,1 22:56:01 21/05/20
0,50.0,19.8,2.91,2.92,0.11,0.12,0 23:01:30 21/05/20
0,48.9,19.7,2.91,2.92,0.09,0.09,1 23:06:59 21/05/20
0,48.9,19.5,2.91,2.92,0.11,0.12,0 23:12:28 21/05/20
0,48.8,19.3,2.91,2.92,0.09,0.09,1 23:17:58 21/05/20
0,48.4,19.2,2.91,2.92,0.1,0.12,0 23:23:26 21/05/20
0,47.5,19.0,2.91,2.92,0.09,0.09,1 23:28:55 21/05/20
0,47.6,18.9,2.91,2.92,0.11,0.12,0 23:34:25 21/05/20
0,47.3,18.8,2.91,2.92,0.09,0.09,1 23:39:54 21/05/20
0,47.1,18.7,2.91,2.92,0.1,0.12,0 23:45:22 21/05/20
0,45.5,18.5,2.91,2.92,0.09,0.09,1 23:50:50 21/05/20
0,46.1,18.5,2.91,2.92,0.1,0.12,0 23:56:19 21/05/20
