0,59.2,14.8,2.9,2.91,0.1,0.1,1 00:01:50 26/05/20
0,59.5,14.7,2.9,2.9,0.13,0.13,0 00:07:19 26/05/20
0,60.6,14.5,2.9,2.9,0.1,0.1,1 00:12:47 26/05/20
0,60.3,14.3,2.9,2.9,0.14,0.13,0 00:18:15 26/05/20
0,61.0,14.2,2.9,2.91,0.1,0.1,1 00:23:43 26/05/20
0,61.6,14.0,2.9,2.9,0.14,0.13,0 00:29:12 26/05/20
0,61.2,13.9,2.9,2.9,0.1,0.1,1 00:34:40 26/05/20
0,61.7,13.7,2.9,2.9,0.13,0.13,0 00:40:09 26/05/20
0,61.5,13.6,2.9,2.9,0.1,0.1,1 00:45:37 26/05/20
0,61.1,13.5,2.9,2.9,0.13,0.13,0 00:51:05 26/05/20
0,59.5,13.3,2.9,2.9,0.11,0.1,1 00:56:35 26/05/20
0,61.6,13.2,2.89,2.9,0.14,0.13,0 01:02:02 26/05/20
0,62.5,13.0,2.9,2.9,0.1,0.1,1 01:07:31 26/05/20
0,62.6,13.0,2.9,2.9,0.13,0.13,0 01:12:58 26/05/20
0,61.8,12.8,2.9,2.9,0.1,0.1,1 01:18:27 26/05/20
0,60.8,12.7,2.9,2.9,0.14,0.13,0 01:23:55 26/05/20
0,62.7,12.6,2.9,2.9,0.1,0.1,1 01:29:23 26/05/20
0,62.1,12.5,2.9,2.9,0.13,0.13,0 01:34:51 26/05/20
0,62.9,12.4,2.9,2.9,0.1,0.1,1 01:40:20 26/05/20
0,63.2,12.3,2.89,2.9,0.14,0.13,0 01:45:48 26/05/20
0,62.6,12.2,2.9,2.9,0.1,0.1,1 01:51:17 26/05/20
0,63.4,12.1,2.89,2.9,0.13,0.13,0 01:56:44 26/05/20
0,61.3,12.0,2.89,2.9,0.1,0.1,1 02:02:13 26/05/20
0,63.2,11.9,2.89,2.9,0.14,0.13,0 02:07:41 26/05/20
0,63.7,11.8,2.89,2.9,0.1,0.1,1 02:13:09 26/05/20
0,63.4,11.7,2.89,2.9,0.14,0.13,0 02:18:38 26/05/20
0,62.2,11.6,2.89,2.9,0.1,0.1,1 02:24:06 26/05/20
0,63.7,11.5,2.89,2.89,0.13,0.13,0 02:29:33 26/05/20
0,63.6,11.4,2.89,2.9,0.11,0.1,1 02:35:03 26/05/20
0,63.1,11.3,2.89,2.9,0.09,0.08,1 02:40:34 26/05/20
0,63.2,11.2,2.89,2.89,0.14,0.13,0 02:46:07 26/05/20
0,63.3,11.1,2.89,2.9,0.1,0.1,1 02:51:35 26/05/20
0,62.9,11.0,2.89,2.89,0.14,0.13,0 02:57:04 26/05/20
0,64.3,10.9,2.89,2.9,0.1,0.1,1 03:02:31 26/05/20
0,63.5,10.8,2.89,2.89,0.14,0.13,0 03:07:59 26/05/20
0,63.1,10.8,2.89,2.9,0.1,0.1,1 03:13:27 26/05/20
0,63.3,10.7,2.89,2.89,0.14,0.12,0 03:18:55 26/05/20
0,63.8,10.6,2.89,2.9,0.1,0.1,1 03:24:24 26/05/20
0,61.5,10.5,2.89,2.89,0.14,0.13,0 03:29:53 26/05/20
0,62.5,10.5,2.89,2.89,0.1,0.1,1 03:35:22 26/05/20
0,62.8,10.4,2.89,2.89,0.14,0.13,0 03:40:48 26/05/20
0,63.8,10.3,2.89,2.89,0.1,0.1,1 03:46:16 26/05/20
0,64.0,10.3,2.89,2.89,0.14,0.13,0 03:51:44 26/05/20
0,65.1,10.2,2.89,2.89,0.11,0.1,1 03:57:12 26/05/20
0,63.4,10.1,2.89,2.89,0.14,0.13,0 04:02:41 26/05/20
0,63.4,10.0,2.89,2.89,0.1,0.1,1 04:08:09 26/05/20
0,63.7,9.9,2.89,2.89,0.14,0.13,0 04:13:37 26/05/20
0,64.6,9.9,2.89,2.89,0.11,0.1,1 04:19:05 26/05/20
0,65.4,9.8,2.89,2.89,0.14,0.13,0 04:24:33 26/05/20
0,65.5,9.7,2.89,2.89,0.1,0.1,1 04:30:00 26/05/20
0,65.3,9.6,2.89,2.89,0.14,0.13,0 04:35:28 26/05/20
0,65.6,9.6,2.89,2.89,0.1,0.1,1 04:40:56 26/05/20
0,66.8,9.5,2.89,2.89,0.14,0.13,0 04:46:24 26/05/20
0,66.4,9.4,2.89,2.89,0.1,0.1,1 04:51:52 26/05/20
0,66.3,9.4,2.89,2.89,0.14,0.13,0 04:57:21 26/05/20
0,66.4,9.3,2.89,2.89,0.11,0.1,1 05:02:49 26/05/20
0,65.8,9.2,2.89,2.89,0.14,0.13,0 05:08:17 26/05/20
0,66.4,9.2,2.89,2.89,0.1,0.1,1 05:13:45 26/05/20
0,64.5,9.1,2.89,2.89,0.14,0.13,0 05:19:13 26/05/20
0,90.4,11.0,2.88,2.88,0.14,0.13,0 07:48:33 26/05/20
0,81.6,11.4,2.88,2.88,0.11,0.1,1 07:54:03 26/05/20
0,81.8,11.6,2.88,2.88,0.15,0.14,0 07:59:30 26/05/20
0,81.7,11.8,2.88,2.88,0.11,0.1,1 08:04:58 26/05/20
0,78.9,12.0,2.88,2.88,0.15,0.13,0 08:10:27 26/05/20
0,81.3,12.2,2.88,2.88,0.11,0.1,1 08:15:54 26/05/20
0,80.9,12.5,2.88,2.88,0.14,0.13,0 08:21:23 26/05/20
0,80.9,12.8,2.88,2.88,0.11,0.1,1 08:26:51 26/05/20
0,80.6,13.1,2.88,2.88,0.15,0.13,0 08:32:20 26/05/20
0,79.7,13.4,2.88,2.88,0.11,0.1,1 08:37:47 26/05/20
0,76.5,13.7,2.88,2.88,0.15,0.14,0 08:43:16 26/05/20
0,76.9,13.9,2.88,2.88,0.11,0.1,1 08:48:45 26/05/20
0,76.9,14.2,2.88,2.88,0.14,0.13,0 08:54:12 26/05/20
0,74.8,14.5,2.88,2.88,0.11,0.1,1 08:59:41 26/05/20
0,76.9,15.0,2.88,2.88,0.14,0.13,0 09:05:09 26/05/20
0,73.5,15.3,2.88,2.88,0.11,0.1,1 09:10:38 26/05/20
0,72.7,15.7,2.88,2.88,0.14,0.13,0 09:16:06 26/05/20
0,72.3,16.0,2.88,2.88,0.11,0.1,1 09:21:35 26/05/20
0,71.6,16.3,2.88,2.88,0.15,0.13,0 09:27:03 26/05/20
0,71.5,16.5,2.88,2.88,0.11,0.1,1 09:32:32 26/05/20
0,72.4,16.8,2.88,2.88,0.15,0.14,0 09:38:01 26/05/20
0,72.4,17.0,2.88,2.88,0.11,0.1,1 09:43:29 26/05/20
0,73.6,17.3,2.88,2.88,0.15,0.14,0 09:48:59 26/05/20
0,74.8,17.7,2.88,2.88,0.11,0.1,1 09:54:27 26/05/20
0,74.1,17.9,2.88,2.88,0.15,0.14,0 09:59:55 26/05/20
0,75.6,18.2,2.88,2.88,0.11,0.1,1 10:05:24 26/05/20
0,75.4,18.5,2.88,2.88,0.15,0.14,0 10:10:54 26/05/20
0,74.6,18.7,2.88,2.88,0.11,0.11,1 10:16:22 26/05/20
0,74.4,18.9,2.88,2.88,0.15,0.14,0 10:21:51 26/05/20
0,74.4,19.1,2.88,2.88,0.11,0.1,1 10:27:20 26/05/20
0,74.0,19.3,2.88,2.88,0.09,0.09,1 10:32:52 26/05/20
0,73.9,19.6,2.88,2.88,0.15,0.14,0 10:38:26 26/05/20
0,72.6,19.8,2.88,2.88,0.11,0.1,1 10:43:55 26/05/20
0,73.1,20.1,2.88,2.88,0.15,0.14,0 10:49:24 26/05/20
0,72.7,20.4,2.88,2.88,0.11,0.1,1 10:54:53 26/05/20
0,73.0,20.7,2.88,2.88,0.15,0.14,0 11:00:22 26/05/20
0,72.2,21.1,2.88,2.88,0.11,0.1,1 11:05:52 26/05/20
0,72.6,21.4,2.88,2.87,0.15,0.14,0 11:11:21 26/05/20
0,73.0,21.8,2.88,2.88,0.11,0.1,1 11:16:50 26/05/20
0,72.5,22.2,2.88,2.88,0.15,0.14,0 11:22:20 26/05/20
0,72.3,22.6,2.88,2.88,0.11,0.1,1 11:27:48 26/05/20
0,72.2,22.9,2.88,2.88,0.15,0.14,0 11:33:18 26/05/20
0,72.8,23.4,2.88,2.87,0.11,0.1,1 11:38:48 26/05/20
0,73.7,23.9,2.88,2.88,0.15,0.14,0 11:44:17 26/05/20
0,73.8,24.5,2.88,2.88,0.11,0.1,1 11:49:46 26/05/20
0,72.9,25.1,2.88,2.88,0.15,0.14,0 11:55:17 26/05/20
0,73.8,25.8,2.88,2.88,0.11,0.1,1 12:00:45 26/05/20
0,74.0,26.6,2.88,2.88,0.15,0.14,0 12:06:15 26/05/20
0,74.2,27.2,2.88,2.88,0.11,0.1,1 12:11:45 26/05/20
0,73.3,27.8,2.88,2.88,0.15,0.14,0 12:17:15 26/05/20
0,75.4,28.7,2.88,2.88,0.11,0.1,1 12:22:45 26/05/20
0,73.6,30.0,2.88,2.88,0.15,0.13,0 12:28:15 26/05/20
0,68.5,31.2,2.88,2.88,0.11,0.1,1 12:33:45 26/05/20
0,66.4,32.2,2.88,2.88,0.09,0.09,1 12:39:19 26/05/20
3,58.4,32.9,2.88,2.88,0.15,0.14,0 12:44:55 26/05/20
0,60.5,33.6,2.88,2.88,0.11,0.1,1 12:50:26 26/05/20
0,57.5,33.9,2.88,2.88,0.15,0.14,0 12:55:56 26/05/20
0,56.3,34.4,2.88,2.88,0.11,0.1,1 13:01:27 26/05/20
0,55.6,34.8,2.88,2.88,0.15,0.14,0 13:06:58 26/05/20
0,51.2,35.1,2.88,2.88,0.11,0.1,1 13:12:30 26/05/20
0,53.9,35.5,2.88,2.88,0.15,0.14,0 13:18:01 26/05/20
0,52.0,35.8,2.88,2.88,0.11,0.1,1 13:23:32 26/05/20
0,47.6,36.0,2.88,2.88,0.15,0.14,0 13:29:02 26/05/20
0,50.5,36.5,2.88,2.88,0.11,0.1,1 13:34:33 26/05/20
0,49.0,36.8,2.88,2.88,0.15,0.14,0 13:40:07 26/05/20
0,46.3,37.1,2.88,2.88,0.11,0.1,1 13:45:36 26/05/20
0,44.5,37.0,2.88,2.88,0.15,0.14,0 13:51:07 26/05/20
0,49.3,37.5,2.88,2.88,0.12,0.12,0 13:56:42 26/05/20
0,43.8,37.6,2.88,2.88,0.11,0.11,1 14:02:20 26/05/20
0,44.9,37.1,2.88,2.88,0.15,0.14,0 14:07:50 26/05/20
0,45.8,37.2,2.88,2.88,0.11,0.1,1 14:13:21 26/05/20
0,43.0,37.7,2.88,2.88,0.15,0.14,0 14:18:53 26/05/20
0,46.7,38.3,2.88,2.88,0.11,0.1,1 14:24:24 26/05/20
0,46.4,38.8,2.88,2.88,0.15,0.14,0 14:29:55 26/05/20
0,43.2,38.8,2.88,2.89,0.11,0.1,1 14:35:28 26/05/20
0,42.3,39.1,2.88,2.88,0.15,0.14,0 14:40:59 26/05/20
0,40.6,38.6,2.88,2.89,0.11,0.1,1 14:46:30 26/05/20
0,41.3,38.0,2.88,2.89,0.15,0.14,0 14:52:02 26/05/20
0,43.6,37.1,2.88,2.89,0.11,0.1,1 14:57:33 26/05/20
0,43.8,36.6,2.88,2.89,0.15,0.14,0 15:03:04 26/05/20
0,45.7,36.6,2.88,2.89,0.11,0.1,1 15:08:36 26/05/20
0,41.2,36.7,2.88,2.89,0.15,0.14,0 15:14:07 26/05/20
0,42.6,36.0,2.88,2.89,0.11,0.1,1 15:19:38 26/05/20
0,45.8,35.8,2.88,2.89,0.15,0.14,0 15:25:09 26/05/20
0,45.6,36.3,2.88,2.89,0.11,0.1,1 15:30:40 26/05/20
0,42.6,36.0,2.88,2.89,0.15,0.13,0 15:36:12 26/05/20
0,45.6,35.8,2.88,2.89,0.11,0.1,1 15:41:43 26/05/20
0,43.7,36.4,2.88,2.89,0.15,0.14,0 15:47:15 26/05/20
0,43.3,37.2,2.88,2.89,0.11,0.1,1 15:52:45 26/05/20
0,42.1,37.7,2.88,2.89,0.15,0.14,0 15:58:17 26/05/20
0,42.3,38.0,2.88,2.9,0.11,0.1,1 16:03:48 26/05/20
0,38.8,37.5,2.89,2.89,0.15,0.14,0 16:09:20 26/05/20
0,41.6,36.7,2.89,2.9,0.11,0.1,1 16:14:52 26/05/20
0,42.2,36.2,2.89,2.89,0.15,0.14,0 16:20:22 26/05/20
0,40.8,36.0,2.89,2.9,0.11,0.1,1 16:25:54 26/05/20
0,42.1,35.4,2.89,2.89,0.15,0.14,0 16:31:25 26/05/20
0,40.3,34.7,2.89,2.9,0.11,0.1,1 16:36:56 26/05/20
0,41.1,34.1,2.89,2.9,0.15,0.14,0 16:42:28 26/05/20
0,43.3,34.0,2.89,2.9,0.11,0.1,1 16:47:57 26/05/20
0,46.0,35.0,2.89,2.9,0.14,0.13,0 16:53:28 26/05/20
0,45.0,36.2,2.89,2.9,0.11,0.1,1 16:59:00 26/05/20
0,45.3,37.3,2.89,2.9,0.15,0.14,0 17:04:31 26/05/20
0,42.3,38.2,2.89,2.9,0.11,0.1,1 17:10:02 26/05/20
0,41.7,38.8,2.89,2.9,0.15,0.14,0 17:15:34 26/05/20
0,42.4,39.2,2.89,2.91,0.11,0.1,1 17:21:06 26/05/20
0,38.1,38.9,2.89,2.9,0.14,0.13,0 17:26:37 26/05/20
0,39.6,38.2,2.89,2.91,0.11,0.1,1 17:32:09 26/05/20
0,39.9,37.9,2.89,2.9,0.14,0.13,0 17:37:41 26/05/20
0,40.0,37.8,2.89,2.91,0.11,0.1,1 17:43:13 26/05/20
0,40.4,37.8,2.89,2.9,0.14,0.13,0 17:48:52 26/05/20
0,39.4,37.6,2.89,2.88,0.11,0.1,1 17:54:24 26/05/20
0,39.4,37.0,2.89,2.9,0.14,0.13,0 17:59:55 26/05/20
0,37.9,36.1,2.89,2.91,0.11,0.1,1 18:05:27 26/05/20
0,38.8,35.4,2.89,2.91,0.14,0.13,0 18:10:58 26/05/20
0,38.5,34.8,2.89,2.91,0.11,0.1,1 18:16:29 26/05/20
0,39.5,34.2,2.89,2.91,0.14,0.13,0 18:22:00 26/05/20
0,39.2,33.6,2.89,2.91,0.11,0.1,1 18:27:31 26/05/20
0,39.0,32.9,2.9,2.91,0.14,0.13,0 18:33:02 26/05/20
0,39.2,32.1,2.89,2.91,0.1,0.1,1 18:38:32 26/05/20
0,39.4,31.3,2.89,2.91,0.14,0.13,0 18:44:03 26/05/20
