0,99.9,17.3,2.88,2.87,0.16,0.15,1 00:01:06 02/11/20
0,99.9,17.4,2.87,2.87,0.23,0.2,0 00:06:34 02/11/20
0,99.9,17.4,2.87,2.87,0.16,0.15,1 00:12:03 02/11/20
0,99.9,17.4,2.87,2.87,0.23,0.2,0 00:17:32 02/11/20
0,99.9,17.4,2.87,2.87,0.16,0.15,1 00:23:00 02/11/20
0,99.9,17.4,2.87,2.87,0.23,0.2,0 00:28:28 02/11/20
0,99.9,17.4,2.87,2.87,0.16,0.15,1 00:33:56 02/11/20
0,99.9,17.4,2.87,2.87,0.21,0.18,0 00:39:23 02/11/20
0,99.9,17.4,2.87,2.87,0.16,0.15,1 00:44:54 02/11/20
0,99.9,17.4,2.87,2.87,0.22,0.19,0 00:50:22 02/11/20
0,99.9,17.4,2.87,2.87,0.16,0.15,1 00:55:50 02/11/20
0,99.9,17.4,2.87,2.87,0.22,0.19,0 01:01:20 02/11/20
0,99.9,17.4,2.87,2.87,0.16,0.15,1 01:06:47 02/11/20
0,99.9,17.4,2.87,2.87,0.22,0.19,0 01:12:15 02/11/20
0,99.9,17.3,2.87,2.87,0.16,0.15,1 01:17:44 02/11/20
0,99.9,17.3,2.87,2.87,0.23,0.2,0 01:23:12 02/11/20
0,99.9,17.3,2.87,2.87,0.16,0.15,1 01:28:40 02/11/20
0,99.9,17.3,2.87,2.87,0.23,0.2,0 01:34:09 02/11/20
0,99.9,17.3,2.87,2.88,0.16,0.15,1 01:39:38 02/11/20
0,99.9,17.3,2.87,2.87,0.22,0.19,0 01:45:05 02/11/20
0,99.9,17.3,2.87,2.87,0.16,0.15,1 01:50:35 02/11/20
0,99.9,17.2,2.87,2.87,0.22,0.19,0 01:56:02 02/11/20
0,99.9,17.2,2.87,2.87,0.19,0.16,0 02:01:34 02/11/20
0,99.9,17.2,2.87,2.87,0.16,0.15,1 02:07:08 02/11/20
0,99.9,17.2,2.87,2.87,0.22,0.19,0 02:12:36 02/11/20
0,99.9,17.2,2.87,2.88,0.19,0.16,0 02:18:08 02/11/20
0,99.9,17.2,2.87,2.87,0.16,0.15,1 02:23:42 02/11/20
0,99.9,17.2,2.87,2.87,0.22,0.19,0 02:29:10 02/11/20
0,99.9,17.2,2.87,2.87,0.16,0.15,1 02:34:39 02/11/20
0,99.9,17.2,2.87,2.87,0.23,0.2,0 02:40:08 02/11/20
0,99.9,17.2,2.87,2.87,0.16,0.15,1 02:45:35 02/11/20
0,99.9,17.2,2.87,2.87,0.23,0.2,0 02:51:04 02/11/20
0,99.9,17.2,2.87,2.87,0.16,0.15,1 02:56:32 02/11/20
0,99.9,17.2,2.87,2.87,0.23,0.2,0 03:02:02 02/11/20
0,99.9,17.2,2.87,2.87,0.16,0.15,1 03:07:29 02/11/20
0,99.9,17.2,2.87,2.87,0.22,0.19,0 03:12:57 02/11/20
0,99.9,17.2,2.87,2.88,0.16,0.15,1 03:18:26 02/11/20
0,99.9,17.2,2.87,2.87,0.23,0.2,0 03:23:55 02/11/20
0,99.9,17.2,2.87,2.88,0.16,0.15,1 03:29:27 02/11/20
0,99.9,17.2,2.87,2.87,0.23,0.18,0 03:35:00 02/11/20
0,99.9,17.2,2.87,2.87,0.14,0.14,1 03:40:27 02/11/20
0,99.9,17.2,2.87,2.87,0.23,0.19,0 03:45:58 02/11/20
0,99.9,17.2,2.87,2.87,0.16,0.15,1 03:51:25 02/11/20
0,99.9,17.2,2.86,2.86,0.22,0.18,0 03:56:53 02/11/20
0,99.9,17.2,2.87,2.87,0.12,0.09,0 04:02:23 02/11/20
0,99.9,17.2,2.87,2.87,0.16,0.15,1 04:07:51 02/11/20
0,99.9,17.3,2.87,2.87,0.22,0.18,0 04:13:18 02/11/20
0,99.9,17.3,2.87,2.88,0.16,0.15,1 04:18:47 02/11/20
0,99.9,17.2,2.87,2.87,0.22,0.18,0 04:24:15 02/11/20
0,99.9,17.3,2.87,2.87,0.16,0.15,1 04:29:44 02/11/20
0,99.9,17.3,2.87,2.87,0.23,0.18,0 04:35:12 02/11/20
0,99.9,17.3,2.87,2.88,0.16,0.15,1 04:40:40 02/11/20
0,99.9,17.3,2.87,2.87,0.23,0.19,0 04:46:09 02/11/20
0,99.9,17.3,2.87,2.88,0.16,0.15,1 04:51:38 02/11/20
0,99.9,17.4,2.87,2.87,0.22,0.19,0 04:57:05 02/11/20
0,99.9,17.4,2.87,2.87,0.16,0.15,1 05:02:34 02/11/20
0,99.9,17.3,2.87,2.87,0.22,0.19,0 05:08:02 02/11/20
0,99.9,17.4,2.87,2.87,0.16,0.15,1 05:13:32 02/11/20
0,99.9,17.4,2.87,2.87,0.23,0.2,0 05:19:00 02/11/20
0,99.9,17.3,2.87,2.88,0.16,0.15,1 05:24:27 02/11/20
0,99.9,17.3,2.87,2.87,0.23,0.2,0 05:29:56 02/11/20
0,99.9,17.3,2.87,2.87,0.13,0.13,1 05:35:22 02/11/20
0,99.9,17.3,2.87,2.87,0.13,0.12,1 05:40:56 02/11/20
0,99.9,17.3,2.87,2.87,0.23,0.2,0 05:46:30 02/11/20
0,99.9,17.3,2.87,2.87,0.16,0.15,1 05:51:58 02/11/20
3,99.9,17.3,2.87,2.87,0.24,0.21,0 05:57:28 02/11/20
0,99.9,17.3,2.87,2.88,0.16,0.15,1 06:02:56 02/11/20
0,99.9,17.3,2.87,2.87,0.22,0.19,0 06:08:23 02/11/20
0,99.9,17.3,2.87,2.87,0.16,0.15,1 06:13:52 02/11/20
0,99.9,17.3,2.87,2.87,0.19,0.17,0 06:19:18 02/11/20
0,99.9,17.3,2.87,2.88,0.16,0.15,1 06:24:49 02/11/20
0,99.9,17.3,2.87,2.87,0.23,0.2,0 06:30:17 02/11/20
0,99.9,17.3,2.87,2.87,0.15,0.14,1 06:35:45 02/11/20
0,99.9,17.4,2.87,2.87,0.23,0.2,0 06:41:14 02/11/20
0,99.9,17.4,2.87,2.88,0.16,0.15,1 06:46:43 02/11/20
0,99.9,17.4,2.87,2.87,0.22,0.2,0 06:52:10 02/11/20
0,99.9,17.4,2.87,2.87,0.16,0.15,1 06:57:39 02/11/20
0,99.9,17.4,2.87,2.87,0.22,0.2,0 07:03:07 02/11/20
0,99.9,17.4,2.87,2.88,0.19,0.16,0 07:08:39 02/11/20
0,99.9,17.5,2.87,2.87,0.15,0.14,1 07:14:12 02/11/20
0,99.9,17.5,2.87,2.87,0.19,0.17,0 07:19:39 02/11/20
0,99.9,17.5,2.87,2.88,0.16,0.15,1 07:25:10 02/11/20
0,99.9,17.6,2.87,2.87,0.23,0.2,0 07:30:39 02/11/20
0,99.9,17.6,2.87,2.87,0.15,0.14,1 07:36:07 02/11/20
0,99.9,17.6,2.87,2.87,0.23,0.2,0 07:41:35 02/11/20
0,99.9,17.6,2.87,2.87,0.15,0.14,1 07:47:03 02/11/20
0,99.9,17.6,2.87,2.87,0.23,0.2,0 07:52:32 02/11/20
0,99.9,17.6,2.87,2.88,0.16,0.15,1 07:58:01 02/11/20
0,99.9,17.7,2.87,2.87,0.23,0.21,0 08:03:30 02/11/20
0,99.9,17.7,2.87,2.87,0.16,0.15,1 08:08:58 02/11/20
0,99.9,17.7,2.87,2.87,0.22,0.2,0 08:14:25 02/11/20
0,99.9,17.6,2.87,2.88,0.15,0.14,1 08:20:03 02/11/20
3,99.9,17.7,2.87,2.87,0.22,0.2,0 08:25:31 02/11/20
0,99.9,17.7,2.87,2.87,0.16,0.15,1 08:31:01 02/11/20
0,99.9,17.7,2.87,2.87,0.23,0.2,0 08:36:29 02/11/20
0,99.9,17.8,2.87,2.87,0.14,0.14,1 08:41:56 02/11/20
0,99.9,17.8,2.87,2.87,0.23,0.2,0 08:47:25 02/11/20
0,99.9,17.9,2.87,2.88,0.15,0.14,1 08:52:53 02/11/20
0,99.9,18.0,2.87,2.87,0.23,0.2,0 08:58:22 02/11/20
0,99.9,18.0,2.87,2.87,0.15,0.14,1 09:03:50 02/11/20
0,99.9,18.1,2.87,2.87,0.23,0.19,0 09:09:19 02/11/20
0,99.9,18.2,2.87,2.88,0.15,0.14,1 09:14:47 02/11/20
0,99.9,18.3,2.87,2.87,0.23,0.2,0 09:20:16 02/11/20
0,99.9,18.4,2.87,2.88,0.15,0.14,1 09:25:44 02/11/20
0,99.9,18.5,2.87,2.87,0.23,0.2,0 09:31:13 02/11/20
0,99.9,18.6,2.87,2.87,0.13,0.12,1 09:36:39 02/11/20
0,99.9,18.8,2.87,2.87,0.23,0.2,0 09:42:10 02/11/20
0,99.9,18.9,2.87,2.88,0.16,0.15,1 09:47:39 02/11/20
0,99.9,19.0,2.87,2.87,0.23,0.2,0 09:53:07 02/11/20
0,99.9,19.1,2.87,2.88,0.15,0.14,1 09:58:35 02/11/20
0,99.9,19.3,2.87,2.87,0.23,0.2,0 10:04:04 02/11/20
0,99.9,19.4,2.87,2.87,0.15,0.14,1 10:09:33 02/11/20
0,99.9,19.6,2.87,2.88,0.22,0.2,0 10:15:01 02/11/20
0,99.9,20.0,2.87,2.88,0.16,0.15,1 10:20:30 02/11/20
0,99.9,20.3,2.87,2.88,0.22,0.2,0 10:25:59 02/11/20
0,99.9,20.5,2.87,2.88,0.15,0.14,1 10:31:27 02/11/20
0,99.9,20.5,2.87,2.88,0.23,0.2,0 10:36:56 02/11/20
0,99.9,20.5,2.87,2.88,0.16,0.14,1 10:42:25 02/11/20
0,99.9,20.4,2.87,2.87,0.21,0.18,0 10:47:52 02/11/20
0,99.9,20.3,2.87,2.88,0.15,0.14,1 10:53:22 02/11/20
0,99.9,20.2,2.87,2.88,0.23,0.2,0 10:58:51 02/11/20
0,99.9,20.1,2.87,2.88,0.15,0.14,1 11:04:20 02/11/20
0,99.9,20.2,2.87,2.88,0.22,0.2,0 11:09:48 02/11/20
0,99.9,20.3,2.87,2.88,0.16,0.14,1 11:15:17 02/11/20
0,99.9,20.3,2.87,2.87,0.23,0.21,0 11:20:47 02/11/20
0,99.9,20.4,2.87,2.88,0.15,0.14,1 11:26:14 02/11/20
0,99.9,20.4,2.87,2.88,0.12,0.12,1 11:31:48 02/11/20
0,99.9,20.5,2.87,2.88,0.23,0.2,0 11:37:21 02/11/20
0,99.9,20.6,2.87,2.88,0.15,0.14,1 11:42:49 02/11/20
0,99.9,20.7,2.87,2.88,0.23,0.2,0 11:48:19 02/11/20
0,99.9,21.0,2.87,2.88,0.16,0.14,1 11:53:48 02/11/20
0,99.9,21.5,2.87,2.88,0.23,0.2,0 11:59:16 02/11/20
0,99.9,22.2,2.87,2.88,0.16,0.15,1 12:04:45 02/11/20
0,99.9,22.8,2.87,2.88,0.21,0.18,0 12:10:13 02/11/20
0,99.9,23.8,2.87,2.88,0.16,0.15,1 12:15:43 02/11/20
0,99.9,25.5,2.87,2.88,0.23,0.2,0 12:21:12 02/11/20
0,99.9,26.7,2.87,2.88,0.15,0.14,1 12:26:41 02/11/20
0,99.9,26.9,2.87,2.88,0.23,0.2,0 12:32:11 02/11/20
0,99.9,26.6,2.87,2.88,0.15,0.14,1 12:37:40 02/11/20
0,99.9,26.2,2.87,2.88,0.23,0.2,0 12:43:10 02/11/20
0,99.9,25.6,2.87,2.88,0.15,0.14,1 12:48:40 02/11/20
0,99.9,25.0,2.87,2.88,0.23,0.2,0 12:54:10 02/11/20
0,99.9,24.5,2.87,2.88,0.16,0.15,1 12:59:38 02/11/20
0,99.9,24.1,2.87,2.88,0.23,0.2,0 13:05:08 02/11/20
0,99.9,23.7,2.87,2.88,0.15,0.14,1 13:10:36 02/11/20
0,99.9,23.4,2.87,2.88,0.22,0.2,0 13:16:05 02/11/20
0,99.9,23.1,2.87,2.88,0.15,0.14,1 13:21:34 02/11/20
0,99.9,22.8,2.87,2.88,0.22,0.2,0 13:27:03 02/11/20
0,99.9,22.7,2.87,2.88,0.15,0.14,1 13:32:32 02/11/20
0,99.9,22.5,2.87,2.88,0.22,0.2,0 13:38:01 02/11/20
0,99.9,22.3,2.87,2.88,0.15,0.14,1 13:43:30 02/11/20
0,99.9,22.2,2.88,2.88,0.23,0.2,0 13:49:00 02/11/20
0,99.9,22.0,2.87,2.88,0.15,0.14,1 13:54:28 02/11/20
0,99.9,22.0,2.88,2.88,0.23,0.2,0 13:59:58 02/11/20
0,99.9,22.0,2.88,2.88,0.16,0.14,1 14:05:27 02/11/20
0,99.9,22.0,2.88,2.88,0.23,0.2,0 14:10:55 02/11/20
0,99.9,21.9,2.88,2.88,0.16,0.14,1 14:16:24 02/11/20
0,99.9,21.8,2.87,2.88,0.23,0.2,0 14:21:53 02/11/20
0,99.9,21.6,2.88,2.88,0.16,0.15,1 14:27:23 02/11/20
0,99.9,21.5,2.88,2.88,0.22,0.19,0 14:32:58 02/11/20
0,99.9,21.4,2.88,2.88,0.15,0.14,1 14:38:28 02/11/20
0,99.9,21.3,2.88,2.88,0.23,0.2,0 14:43:58 02/11/20
0,99.9,21.2,2.88,2.88,0.16,0.15,1 14:49:26 02/11/20
0,99.9,20.9,2.88,2.88,0.2,0.18,0 14:54:53 02/11/20
0,99.9,20.6,2.88,2.88,0.15,0.14,1 15:00:23 02/11/20
0,99.9,20.3,2.88,2.88,0.22,0.19,0 15:05:52 02/11/20
0,99.9,19.9,2.88,2.88,0.14,0.13,1 15:11:19 02/11/20
0,99.9,19.5,2.88,2.88,0.22,0.19,0 15:16:50 02/11/20
0,99.9,19.1,2.88,2.88,0.16,0.15,1 15:22:19 02/11/20
0,99.9,18.8,2.88,2.88,0.23,0.2,0 15:27:47 02/11/20
0,99.9,18.5,2.88,2.88,0.15,0.14,1 15:33:15 02/11/20
0,99.9,18.2,2.88,2.88,0.22,0.2,0 15:38:44 02/11/20
0,99.9,18.0,2.88,2.88,0.16,0.15,1 15:44:13 02/11/20
0,99.9,17.8,2.88,2.89,0.13,0.12,1 15:49:45 02/11/20
0,99.9,17.7,2.88,2.88,0.22,0.2,0 15:55:19 02/11/20
0,99.9,17.5,2.88,2.88,0.14,0.14,1 16:00:45 02/11/20
0,99.9,17.4,2.88,2.88,0.22,0.2,0 16:06:15 02/11/20
0,99.9,17.3,2.88,2.88,0.15,0.14,1 16:11:43 02/11/20
0,99.9,17.2,2.88,2.89,0.23,0.2,0 16:17:13 02/11/20
0,99.9,17.1,2.88,2.89,0.16,0.15,1 16:22:40 02/11/20
0,99.9,17.0,2.88,2.88,0.22,0.19,0 16:28:08 02/11/20
0,99.9,16.9,2.88,2.88,0.14,0.14,1 16:33:36 02/11/20
0,99.9,16.7,2.88,2.88,0.22,0.2,0 16:39:05 02/11/20
0,99.9,16.7,2.88,2.88,0.15,0.14,1 16:44:36 02/11/20
0,99.9,16.6,2.88,2.89,0.13,0.12,1 16:50:06 02/11/20
0,99.9,16.5,2.88,2.88,0.22,0.2,0 16:55:39 02/11/20
0,99.9,16.3,2.88,2.89,0.15,0.14,1 17:01:07 02/11/20
0,99.9,16.2,2.88,2.88,0.22,0.19,0 17:06:35 02/11/20
0,99.9,16.0,2.88,2.89,0.18,0.15,0 17:12:08 02/11/20
0,99.9,15.8,2.88,2.88,0.16,0.15,1 17:17:41 02/11/20
0,99.9,15.5,2.88,2.88,0.22,0.19,0 17:23:10 02/11/20
0,99.9,15.3,2.88,2.88,0.15,0.14,1 17:28:37 02/11/20
0,99.9,15.1,2.88,2.88,0.22,0.19,0 17:34:05 02/11/20
0,99.9,14.9,2.88,2.88,0.16,0.15,1 17:39:35 02/11/20
0,99.9,14.8,2.88,2.88,0.22,0.19,0 17:45:02 02/11/20
0,99.9,14.6,2.88,2.88,0.16,0.15,1 17:50:30 02/11/20
0,99.9,14.5,2.88,2.88,0.22,0.19,0 17:55:59 02/11/20
0,99.9,14.3,2.88,2.88,0.16,0.15,1 18:01:27 02/11/20
0,99.9,14.2,2.88,2.88,0.22,0.19,0 18:06:54 02/11/20
0,99.9,14.1,2.88,2.88,0.13,0.12,1 18:12:20 02/11/20
0,99.9,14.0,2.88,2.88,0.22,0.19,0 18:17:50 02/11/20
0,99.9,13.9,2.88,2.88,0.15,0.14,1 18:23:18 02/11/20
0,99.9,13.8,2.88,2.88,0.22,0.19,0 18:28:46 02/11/20
0,99.9,13.7,2.88,2.88,0.15,0.14,1 18:34:14 02/11/20
0,99.9,13.7,2.88,2.88,0.22,0.19,0 18:39:42 02/11/20
0,99.9,13.6,2.88,2.88,0.18,0.16,0 18:45:27 02/11/20
0,99.9,13.7,2.88,2.88,0.15,0.14,1 18:50:56 02/11/20
0,99.9,13.6,2.88,2.88,0.22,0.19,0 18:56:24 02/11/20
0,99.9,13.6,2.88,2.88,0.15,0.14,1 19:01:52 02/11/20
0,99.9,13.5,2.88,2.88,0.22,0.19,0 19:07:20 02/11/20
0,99.9,13.5,2.88,2.88,0.15,0.14,1 19:12:48 02/11/20
0,99.9,13.5,2.88,2.88,0.22,0.19,0 19:18:16 02/11/20
0,99.9,13.4,2.88,2.88,0.15,0.14,1 19:23:44 02/11/20
0,99.9,13.4,2.88,2.88,0.22,0.19,0 19:29:13 02/11/20
0,99.9,13.3,2.88,2.88,0.15,0.14,1 19:34:40 02/11/20
0,99.9,13.2,2.88,2.88,0.22,0.19,0 19:40:08 02/11/20
0,99.9,13.0,2.88,2.88,0.15,0.14,1 19:45:36 02/11/20
0,99.9,12.9,2.88,2.88,0.22,0.19,0 19:51:04 02/11/20
0,99.9,12.8,2.88,2.88,0.15,0.14,1 19:56:32 02/11/20
0,99.9,12.7,2.88,2.88,0.22,0.19,0 20:02:00 02/11/20
0,99.9,12.6,2.88,2.88,0.15,0.14,1 20:07:29 02/11/20
0,99.9,12.5,2.88,2.88,0.22,0.19,0 20:12:57 02/11/20
0,99.9,12.3,2.88,2.88,0.15,0.14,1 20:18:24 02/11/20
0,99.9,12.2,2.88,2.88,0.22,0.2,0 20:23:52 02/11/20
0,99.9,12.1,2.88,2.88,0.15,0.14,1 20:29:20 02/11/20
0,99.9,12.0,2.88,2.88,0.23,0.2,0 20:34:49 02/11/20
0,99.9,11.9,2.88,2.88,0.14,0.13,1 20:40:15 02/11/20
0,99.9,11.9,2.88,2.88,0.22,0.19,0 20:45:43 02/11/20
0,99.9,11.8,2.88,2.88,0.15,0.14,1 20:51:12 02/11/20
0,99.9,11.7,2.88,2.88,0.22,0.19,0 20:56:40 02/11/20
0,99.9,11.7,2.88,2.88,0.15,0.14,1 21:02:07 02/11/20
0,99.9,11.6,2.88,2.88,0.22,0.19,0 21:07:35 02/11/20
0,99.9,11.6,2.88,2.88,0.16,0.15,1 21:13:04 02/11/20
0,99.9,11.5,2.88,2.88,0.22,0.19,0 21:18:30 02/11/20
0,99.9,11.4,2.88,2.88,0.13,0.12,1 21:23:56 02/11/20
0,99.9,11.4,2.88,2.88,0.2,0.17,0 21:29:25 02/11/20
0,99.9,11.3,2.88,2.88,0.14,0.13,1 21:34:52 02/11/20
0,99.9,11.2,2.88,2.88,0.12,0.11,1 21:40:26 02/11/20
0,99.9,11.2,2.88,2.88,0.22,0.19,0 21:45:58 02/11/20
0,99.9,11.2,2.88,2.88,0.15,0.14,1 21:51:27 02/11/20
0,99.9,11.1,2.87,2.88,0.2,0.17,0 21:56:53 02/11/20
0,99.9,11.1,2.88,2.88,0.15,0.14,1 22:02:22 02/11/20
0,99.9,11.0,2.88,2.88,0.2,0.17,0 22:07:48 02/11/20
0,99.9,10.9,2.88,2.88,0.14,0.13,1 22:13:17 02/11/20
0,99.9,10.9,2.88,2.88,0.22,0.19,0 22:18:45 02/11/20
0,99.9,10.8,2.88,2.88,0.15,0.14,1 22:24:14 02/11/20
0,99.9,10.7,2.88,2.88,0.13,0.12,1 22:29:54 02/11/20
0,99.9,10.7,2.88,2.88,0.22,0.19,0 22:35:26 02/11/20
0,99.9,10.7,2.87,2.88,0.15,0.14,1 22:40:54 02/11/20
0,99.9,10.6,2.88,2.88,0.22,0.2,0 22:46:25 02/11/20
0,99.9,10.6,2.88,2.87,0.18,0.16,0 22:52:02 02/11/20
0,99.9,10.5,2.88,2.88,0.15,0.14,1 22:57:35 02/11/20
0,99.9,10.5,2.87,2.87,0.22,0.2,0 23:03:03 02/11/20
0,99.9,10.4,2.87,2.87,0.15,0.14,1 23:08:31 02/11/20
0,99.9,10.4,2.87,2.87,0.22,0.19,0 23:14:01 02/11/20
0,99.9,10.3,2.87,2.87,0.13,0.12,1 23:19:24 02/11/20
0,99.9,10.3,2.88,2.87,0.23,0.2,0 23:24:54 02/11/20
0,99.9,10.3,2.88,2.87,0.11,0.1,0 23:30:24 02/11/20
0,99.9,10.2,2.87,2.87,0.14,0.13,1 23:35:48 02/11/20
0,99.9,10.2,2.87,2.87,0.22,0.2,0 23:41:18 02/11/20
0,99.9,10.1,2.87,2.87,0.15,0.14,1 23:46:45 02/11/20
0,99.9,10.1,2.87,2.87,0.22,0.19,0 23:52:15 02/11/20
0,99.9,10.0,2.87,2.87,0.13,0.12,1 23:57:38 02/11/20
