0,99.9,9.9,2.88,2.87,0.23,0.2,0 00:03:08 03/11/20
0,99.9,9.9,2.87,2.87,0.15,0.14,1 00:08:37 03/11/20
0,99.9,9.8,2.87,2.87,0.21,0.18,0 00:14:03 03/11/20
0,99.9,9.8,2.87,2.87,0.15,0.14,1 00:19:32 03/11/20
0,99.9,9.8,2.87,2.87,0.23,0.2,0 00:24:59 03/11/20
0,99.9,9.7,2.87,2.87,0.14,0.13,1 00:30:25 03/11/20
0,99.9,9.7,2.87,2.87,0.22,0.2,0 00:35:55 03/11/20
0,99.9,9.6,2.87,2.87,0.16,0.14,1 00:41:22 03/11/20
0,99.9,9.6,2.87,2.87,0.22,0.19,0 00:46:50 03/11/20
0,99.9,9.6,2.87,2.87,0.15,0.14,1 00:52:17 03/11/20
0,99.9,9.6,2.87,2.87,0.12,0.11,1 00:57:49 03/11/20
0,99.9,9.6,2.87,2.87,0.21,0.18,0 01:03:20 03/11/20
0,99.9,9.6,2.87,2.87,0.16,0.14,1 01:08:50 03/11/20
0,99.9,9.6,2.87,2.87,0.23,0.2,0 01:14:17 03/11/20
0,99.9,9.6,2.87,2.87,0.14,0.13,1 01:19:43 03/11/20
0,99.9,9.5,2.87,2.87,0.23,0.19,0 01:25:15 03/11/20
0,99.9,9.5,2.87,2.87,0.19,0.16,0 01:30:52 03/11/20
0,99.9,9.6,2.87,2.87,0.16,0.14,1 01:36:26 03/11/20
0,99.9,9.5,2.87,2.87,0.23,0.19,0 01:41:53 03/11/20
0,99.9,9.5,2.87,2.87,0.15,0.14,1 01:47:20 03/11/20
0,99.9,9.5,2.87,2.87,0.2,0.17,0 01:52:47 03/11/20
0,99.9,9.5,2.87,2.87,0.14,0.13,1 01:58:14 03/11/20
0,99.9,9.4,2.87,2.87,0.22,0.19,0 02:03:43 03/11/20
0,99.9,9.4,2.87,2.87,0.16,0.14,1 02:09:11 03/11/20
0,99.9,9.4,2.87,2.87,0.13,0.12,1 02:14:42 03/11/20
0,99.9,9.4,2.87,2.87,0.23,0.19,0 02:20:16 03/11/20
0,99.9,9.3,2.87,2.87,0.16,0.15,1 02:25:43 03/11/20
0,99.9,9.3,2.87,2.87,0.22,0.19,0 02:31:10 03/11/20
0,99.9,9.3,2.87,2.87,0.16,0.14,1 02:36:39 03/11/20
0,99.9,9.2,2.87,2.86,0.23,0.19,0 02:42:06 03/11/20
0,99.9,9.2,2.87,2.87,0.15,0.14,1 02:47:33 03/11/20
0,99.9,9.1,2.87,2.87,0.23,0.2,0 02:53:02 03/11/20
0,99.9,9.1,2.87,2.87,0.16,0.15,1 02:58:30 03/11/20
0,99.9,9.0,2.87,2.86,0.19,0.17,0 03:03:54 03/11/20
0,99.9,8.9,2.87,2.87,0.16,0.14,1 03:09:24 03/11/20
0,99.9,8.9,2.87,2.86,0.21,0.18,0 03:14:51 03/11/20
0,99.9,8.8,2.87,2.87,0.14,0.13,1 03:20:18 03/11/20
0,99.9,8.7,2.87,2.86,0.23,0.2,0 03:25:47 03/11/20
0,99.9,8.6,2.87,2.87,0.15,0.14,1 03:31:14 03/11/20
0,99.9,8.5,2.87,2.86,0.23,0.2,0 03:36:42 03/11/20
0,99.9,8.4,2.87,2.87,0.15,0.14,1 03:42:09 03/11/20
0,99.9,8.3,2.87,2.86,0.23,0.2,0 03:47:38 03/11/20
0,99.9,8.3,2.87,2.87,0.16,0.14,1 03:53:05 03/11/20
0,99.9,8.3,2.87,2.86,0.22,0.2,0 03:58:32 03/11/20
0,99.9,8.2,2.87,2.86,0.16,0.14,1 04:04:00 03/11/20
0,99.9,8.2,2.87,2.86,0.22,0.2,0 04:09:27 03/11/20
0,99.9,8.1,2.87,2.86,0.18,0.16,0 04:15:00 03/11/20
0,99.9,8.1,2.87,2.86,0.16,0.14,1 04:20:31 03/11/20
0,99.9,8.1,2.87,2.86,0.2,0.17,0 04:25:57 03/11/20
0,99.9,8.0,2.87,2.86,0.16,0.14,1 04:31:27 03/11/20
0,99.9,8.0,2.87,2.86,0.21,0.18,0 04:36:53 03/11/20
0,99.9,7.9,2.87,2.86,0.15,0.13,1 04:42:21 03/11/20
0,99.9,7.9,2.86,2.86,0.23,0.2,0 04:47:50 03/11/20
5,99.9,7.8,2.87,2.86,0.16,0.15,1 04:53:17 03/11/20
0,99.9,7.8,2.86,2.86,0.19,0.17,0 04:58:42 03/11/20
0,99.9,7.7,2.86,2.86,0.16,0.15,1 05:04:12 03/11/20
0,99.9,7.7,2.87,2.86,0.22,0.19,0 05:09:39 03/11/20
0,99.9,7.6,2.86,2.86,0.16,0.14,1 05:15:07 03/11/20
0,99.9,7.6,2.86,2.86,0.22,0.19,0 05:20:34 03/11/20
0,99.9,7.5,2.86,2.86,0.14,0.13,1 05:26:00 03/11/20
0,99.9,7.4,2.86,2.86,0.23,0.2,0 05:31:29 03/11/20
0,99.9,7.4,2.86,2.86,0.16,0.15,1 05:36:57 03/11/20
0,99.9,7.3,2.86,2.86,0.21,0.18,0 05:42:23 03/11/20
0,99.9,7.2,2.86,2.86,0.16,0.15,1 05:47:52 03/11/20
0,99.9,7.2,2.86,2.86,0.21,0.18,0 05:53:18 03/11/20
0,99.9,7.2,2.86,2.86,0.16,0.15,1 05:58:47 03/11/20
0,99.9,7.1,2.86,2.86,0.23,0.2,0 06:04:14 03/11/20
0,99.9,7.1,2.86,2.86,0.16,0.15,1 06:09:45 03/11/20
0,99.9,7.1,2.86,2.86,0.23,0.19,0 06:15:09 03/11/20
0,99.9,7.0,2.86,2.86,0.16,0.15,1 06:20:37 03/11/20
0,99.9,7.0,2.86,2.86,0.23,0.2,0 06:26:04 03/11/20
0,99.9,7.0,2.86,2.86,0.16,0.15,1 06:31:32 03/11/20
0,99.9,6.9,2.86,2.86,0.23,0.2,0 06:37:00 03/11/20
0,99.9,6.9,2.86,2.86,0.16,0.14,1 06:42:27 03/11/20
0,99.9,6.9,2.86,2.86,0.23,0.2,0 06:47:54 03/11/20
0,99.9,6.8,2.86,2.86,0.12,0.11,0 06:53:23 03/11/20
0,99.9,6.8,2.86,2.86,0.16,0.15,1 06:58:51 03/11/20
0,99.9,6.8,2.86,2.86,0.23,0.2,0 07:04:16 03/11/20
0,99.9,6.7,2.86,2.86,0.16,0.15,1 07:09:44 03/11/20
0,99.9,6.7,2.86,2.86,0.23,0.2,0 07:15:11 03/11/20
0,99.9,6.6,2.86,2.86,0.16,0.15,1 07:20:39 03/11/20
0,99.9,6.6,2.86,2.86,0.23,0.2,0 07:26:06 03/11/20
0,99.9,6.5,2.86,2.86,0.16,0.15,1 07:31:34 03/11/20
0,99.9,6.5,2.86,2.86,0.23,0.2,0 07:37:02 03/11/20
0,99.9,6.4,2.86,2.86,0.19,0.16,0 07:42:32 03/11/20
0,99.9,6.4,2.86,2.86,0.14,0.13,1 07:48:03 03/11/20
0,99.9,6.3,2.86,2.85,0.2,0.17,0 07:53:30 03/11/20
0,99.9,6.3,2.86,2.86,0.16,0.15,1 07:59:00 03/11/20
0,99.9,6.3,2.86,2.85,0.23,0.2,0 08:04:27 03/11/20
0,99.9,6.3,2.86,2.86,0.19,0.16,0 08:10:00 03/11/20
0,99.9,6.4,2.86,2.86,0.16,0.15,1 08:15:31 03/11/20
0,99.9,6.5,2.86,2.86,0.13,0.12,1 08:21:02 03/11/20
0,99.9,6.6,2.86,2.85,0.21,0.18,0 08:26:33 03/11/20
0,99.9,6.7,2.86,2.85,0.16,0.15,1 08:32:03 03/11/20
0,99.9,6.8,2.86,2.85,0.22,0.18,0 08:37:29 03/11/20
0,99.9,6.9,2.86,2.86,0.17,0.15,1 08:42:59 03/11/20
0,99.9,7.1,2.86,2.85,0.22,0.19,0 08:48:24 03/11/20
0,99.9,7.3,2.86,2.85,0.16,0.15,1 08:53:53 03/11/20
0,99.9,7.6,2.86,2.85,0.23,0.19,0 08:59:20 03/11/20
0,99.9,7.8,2.86,2.85,0.16,0.15,1 09:04:48 03/11/20
0,99.9,8.0,2.86,2.85,0.22,0.18,0 09:10:14 03/11/20
0,99.9,8.2,2.86,2.85,0.14,0.13,1 09:15:41 03/11/20
0,99.9,8.5,2.86,2.85,0.24,0.19,0 09:21:10 03/11/20
0,99.9,8.8,2.86,2.85,0.16,0.14,1 09:26:37 03/11/20
0,99.9,9.3,2.86,2.85,0.24,0.19,0 09:32:05 03/11/20
0,99.9,9.9,2.86,2.85,0.16,0.14,1 09:37:33 03/11/20
0,99.9,10.6,2.86,2.85,0.23,0.19,0 09:43:00 03/11/20
0,99.9,11.3,2.86,2.85,0.16,0.15,1 09:48:28 03/11/20
0,99.9,12.2,2.86,2.85,0.21,0.17,0 09:53:54 03/11/20
0,99.9,13.6,2.86,2.85,0.16,0.15,1 09:59:24 03/11/20
0,99.9,15.0,2.86,2.85,0.24,0.21,0 10:04:52 03/11/20
0,99.9,16.4,2.86,2.85,0.17,0.16,1 10:10:20 03/11/20
0,99.9,17.5,2.86,2.85,0.15,0.18,1 10:15:52 03/11/20
0,99.9,18.5,2.86,2.85,0.22,0.19,0 10:21:25 03/11/20
0,99.9,19.2,2.86,2.85,0.15,0.16,1 10:26:53 03/11/20
0,99.9,19.5,2.86,2.85,0.24,0.2,0 10:32:23 03/11/20
0,99.9,19.4,2.86,2.85,0.16,0.14,1 10:37:51 03/11/20
0,99.9,18.9,2.86,2.85,0.24,0.2,0 10:43:20 03/11/20
0,99.9,18.2,2.86,2.85,0.16,0.14,1 10:48:48 03/11/20
0,99.9,17.5,2.86,2.85,0.24,0.2,0 10:54:17 03/11/20
0,99.9,16.9,2.86,2.85,0.16,0.14,1 10:59:45 03/11/20
0,99.9,16.3,2.86,2.85,0.12,0.12,1 11:05:18 03/11/20
0,99.9,15.9,2.86,2.85,0.24,0.2,0 11:10:51 03/11/20
0,99.9,15.5,2.86,2.85,0.16,0.15,1 11:16:19 03/11/20
0,99.9,15.4,2.85,2.85,0.23,0.19,0 11:21:47 03/11/20
0,99.9,15.4,2.85,2.85,0.16,0.14,1 11:27:15 03/11/20
0,99.9,15.4,2.85,2.85,0.24,0.2,0 11:32:45 03/11/20
0,99.9,15.5,2.85,2.85,0.16,0.15,1 11:38:12 03/11/20
0,99.9,15.8,2.86,2.85,0.24,0.2,0 11:43:40 03/11/20
0,99.9,16.8,2.85,2.85,0.13,0.13,1 11:49:06 03/11/20
0,99.9,18.9,2.86,2.85,0.24,0.2,0 11:54:38 03/11/20
0,99.9,21.0,2.85,2.85,0.16,0.16,1 12:00:05 03/11/20
0,99.9,22.6,2.85,2.85,0.24,0.2,0 12:05:35 03/11/20
0,99.9,23.9,2.85,2.85,0.16,0.16,1 12:11:03 03/11/20
0,99.9,25.1,2.85,2.85,0.22,0.18,0 12:16:31 03/11/20
0,99.9,26.1,2.86,2.86,0.16,0.15,1 12:22:02 03/11/20
0,99.9,26.7,2.85,2.85,0.2,0.16,0 12:27:29 03/11/20
0,99.9,27.1,2.85,2.85,0.16,0.15,1 12:33:01 03/11/20
0,99.9,27.1,2.86,2.85,0.23,0.19,0 12:38:31 03/11/20
0,99.9,27.0,2.86,2.85,0.16,0.15,1 12:44:01 03/11/20
0,99.9,26.9,2.86,2.85,0.24,0.19,0 12:49:30 03/11/20
0,99.9,26.6,2.86,2.85,0.16,0.14,1 12:54:59 03/11/20
0,99.9,25.8,2.85,2.85,0.24,0.2,0 13:00:29 03/11/20
0,99.9,24.6,2.86,2.85,0.16,0.14,1 13:05:58 03/11/20
0,99.9,23.5,2.86,2.86,0.23,0.19,0 13:11:27 03/11/20
0,99.9,22.4,2.85,2.85,0.16,0.14,1 13:16:56 03/11/20
0,99.9,21.6,2.86,2.86,0.23,0.19,0 13:22:25 03/11/20
0,99.9,21.1,2.85,2.86,0.16,0.14,1 13:27:54 03/11/20
0,99.9,20.6,2.86,2.86,0.24,0.2,0 13:33:23 03/11/20
0,99.9,19.9,2.86,2.86,0.16,0.15,1 13:38:52 03/11/20
0,99.9,19.2,2.86,2.86,0.23,0.19,0 13:44:20 03/11/20
0,99.9,18.6,2.86,2.86,0.16,0.15,1 13:49:49 03/11/20
0,99.9,18.2,2.86,2.86,0.23,0.19,0 13:55:17 03/11/20
0,99.9,17.9,2.86,2.86,0.16,0.15,1 14:00:46 03/11/20
0,99.9,17.9,2.86,2.86,0.23,0.19,0 14:06:14 03/11/20
0,99.9,17.7,2.86,2.86,0.16,0.15,1 14:11:43 03/11/20
0,99.9,17.4,2.86,2.86,0.24,0.19,0 14:17:12 03/11/20
0,99.9,17.0,2.86,2.86,0.15,0.14,1 14:22:39 03/11/20
0,99.9,16.7,2.86,2.86,0.24,0.19,0 14:28:08 03/11/20
0,99.9,16.4,2.86,2.86,0.15,0.14,1 14:33:36 03/11/20
0,99.9,16.3,2.86,2.86,0.23,0.19,0 14:39:04 03/11/20
0,99.9,16.3,2.86,2.86,0.16,0.15,1 14:44:33 03/11/20
3,99.9,16.4,2.86,2.86,0.24,0.2,0 14:50:02 03/11/20
0,99.9,16.5,2.86,2.86,0.15,0.14,1 14:55:29 03/11/20
0,99.9,16.5,2.86,2.86,0.24,0.2,0 15:00:59 03/11/20
0,99.9,16.3,2.86,2.86,0.16,0.15,1 15:06:26 03/11/20
0,99.9,16.1,2.86,2.86,0.23,0.19,0 15:11:55 03/11/20
0,99.9,15.8,2.86,2.86,0.15,0.14,1 15:17:23 03/11/20
0,99.9,15.6,2.86,2.86,0.21,0.17,0 15:22:49 03/11/20
0,99.9,15.5,2.86,2.86,0.16,0.15,1 15:28:19 03/11/20
0,99.9,15.4,2.86,2.86,0.23,0.19,0 15:33:48 03/11/20
0,99.9,15.2,2.86,2.86,0.15,0.14,1 15:39:15 03/11/20
0,99.9,15.2,2.86,2.86,0.23,0.19,0 15:44:44 03/11/20
0,99.9,15.2,2.86,2.86,0.14,0.13,1 15:50:10 03/11/20
0,99.9,15.3,2.86,2.86,0.24,0.19,0 15:55:40 03/11/20
0,99.9,15.4,2.86,2.86,0.16,0.14,1 16:01:08 03/11/20
0,99.9,15.6,2.86,2.86,0.23,0.19,0 16:06:36 03/11/20
0,99.9,15.8,2.86,2.86,0.16,0.15,1 16:12:05 03/11/20
0,99.9,15.8,2.86,2.86,0.24,0.19,0 16:17:33 03/11/20
0,99.9,15.7,2.86,2.86,0.19,0.15,0 16:23:05 03/11/20
0,99.9,15.5,2.86,2.86,0.13,0.12,1 16:28:36 03/11/20
0,99.9,15.1,2.86,2.86,0.23,0.19,0 16:34:06 03/11/20
0,99.9,14.7,2.86,2.86,0.16,0.15,1 16:39:36 03/11/20
0,99.9,14.2,2.86,2.86,0.21,0.17,0 16:45:01 03/11/20
0,99.9,13.8,2.86,2.86,0.16,0.15,1 16:50:31 03/11/20
0,99.9,13.4,2.86,2.86,0.23,0.19,0 16:55:59 03/11/20
0,99.9,13.0,2.86,2.86,0.16,0.15,1 17:01:27 03/11/20
0,99.9,12.7,2.86,2.86,0.23,0.19,0 17:06:55 03/11/20
0,99.9,12.3,2.86,2.86,0.16,0.15,1 17:12:23 03/11/20
0,99.9,12.0,2.86,2.86,0.22,0.18,0 17:17:50 03/11/20
0,99.9,11.8,2.86,2.87,0.15,0.14,1 17:23:20 03/11/20
0,99.9,11.5,2.86,2.86,0.23,0.19,0 17:28:46 03/11/20
0,99.9,11.3,2.86,2.87,0.16,0.14,1 17:34:15 03/11/20
0,99.9,11.0,2.86,2.86,0.23,0.19,0 17:39:42 03/11/20
0,99.9,10.8,2.86,2.87,0.16,0.14,1 17:45:10 03/11/20
0,99.9,10.7,2.86,2.86,0.23,0.19,0 17:50:37 03/11/20
0,99.9,10.5,2.86,2.86,0.15,0.14,1 17:56:05 03/11/20
0,99.9,10.4,2.86,2.86,0.23,0.19,0 18:01:34 03/11/20
0,99.9,10.2,2.86,2.86,0.16,0.14,1 18:07:01 03/11/20
0,99.9,10.1,2.86,2.86,0.23,0.19,0 18:12:29 03/11/20
0,99.9,9.9,2.86,2.86,0.13,0.12,1 18:17:54 03/11/20
0,99.9,9.8,2.86,2.86,0.23,0.19,0 18:23:24 03/11/20
0,99.9,9.6,2.86,2.87,0.15,0.14,1 18:28:53 03/11/20
0,99.9,9.5,2.86,2.86,0.23,0.19,0 18:34:19 03/11/20
0,99.9,9.4,2.86,2.86,0.16,0.14,1 18:39:48 03/11/20
0,99.9,9.4,2.86,2.86,0.23,0.19,0 18:45:15 03/11/20
0,99.9,9.3,2.86,2.87,0.15,0.14,1 18:50:42 03/11/20
0,99.9,9.2,2.86,2.86,0.23,0.19,0 18:56:11 03/11/20
0,99.9,9.1,2.86,2.86,0.16,0.14,1 19:01:38 03/11/20
0,99.9,9.0,2.86,2.86,0.23,0.19,0 19:07:05 03/11/20
0,99.9,8.9,2.86,2.87,0.16,0.14,1 19:12:34 03/11/20
0,99.9,8.8,2.86,2.86,0.23,0.19,0 19:18:01 03/11/20
0,99.9,8.8,2.86,2.86,0.15,0.14,1 19:23:28 03/11/20
0,99.9,8.7,2.86,2.86,0.23,0.2,0 19:28:57 03/11/20
0,99.9,8.6,2.86,2.86,0.16,0.14,1 19:34:24 03/11/20
0,99.9,8.5,2.86,2.86,0.23,0.19,0 19:39:51 03/11/20
0,99.9,8.4,2.86,2.86,0.16,0.14,1 19:45:19 03/11/20
0,99.9,8.3,2.86,2.86,0.23,0.19,0 19:50:47 03/11/20
0,99.9,8.3,2.86,2.86,0.16,0.14,1 19:56:15 03/11/20
0,99.9,8.2,2.86,2.86,0.23,0.19,0 20:01:42 03/11/20
0,99.9,8.1,2.86,2.86,0.15,0.14,1 20:07:09 03/11/20
0,99.9,8.0,2.86,2.86,0.23,0.19,0 20:12:37 03/11/20
0,99.9,7.9,2.86,2.86,0.15,0.14,1 20:18:04 03/11/20
0,99.9,7.9,2.86,2.86,0.23,0.19,0 20:23:33 03/11/20
0,99.9,7.8,2.86,2.86,0.16,0.14,1 20:29:00 03/11/20
0,99.9,7.7,2.86,2.86,0.23,0.19,0 20:34:27 03/11/20
0,99.9,7.7,2.86,2.86,0.16,0.14,1 20:39:55 03/11/20
0,99.9,7.6,2.86,2.86,0.23,0.19,0 20:45:22 03/11/20
0,99.9,7.6,2.86,2.86,0.16,0.14,1 20:50:50 03/11/20
0,99.9,7.6,2.86,2.86,0.23,0.19,0 20:56:17 03/11/20
0,99.9,7.6,2.86,2.86,0.16,0.14,1 21:01:45 03/11/20
0,99.9,7.5,2.86,2.86,0.23,0.19,0 21:07:13 03/11/20
0,99.9,7.5,2.86,2.86,0.14,0.13,1 21:12:39 03/11/20
0,99.9,7.5,2.86,2.86,0.22,0.18,0 21:18:07 03/11/20
0,99.9,7.4,2.86,2.86,0.14,0.13,1 21:23:34 03/11/20
0,99.9,7.4,2.86,2.86,0.23,0.19,0 21:29:03 03/11/20
0,99.9,7.3,2.86,2.86,0.15,0.14,1 21:34:30 03/11/20
0,99.9,7.2,2.86,2.86,0.23,0.19,0 21:39:58 03/11/20
0,99.9,7.2,2.86,2.86,0.15,0.14,1 21:45:26 03/11/20
0,99.9,7.2,2.86,2.86,0.23,0.19,0 21:50:53 03/11/20
0,99.9,7.1,2.86,2.86,0.15,0.14,1 21:56:20 03/11/20
0,99.9,7.1,2.86,2.86,0.23,0.19,0 22:01:48 03/11/20
0,99.9,7.0,2.86,2.86,0.15,0.14,1 22:07:15 03/11/20
0,99.9,7.0,2.86,2.86,0.23,0.19,0 22:12:43 03/11/20
0,99.9,6.9,2.86,2.86,0.15,0.14,1 22:18:10 03/11/20
0,99.9,6.9,2.86,2.86,0.13,0.12,1 22:23:41 03/11/20
0,99.9,6.9,2.86,2.86,0.23,0.19,0 22:29:14 03/11/20
0,99.9,6.9,2.86,2.86,0.15,0.14,1 22:34:41 03/11/20
0,99.9,6.8,2.86,2.86,0.23,0.19,0 22:40:09 03/11/20
0,99.9,6.7,2.86,2.86,0.14,0.13,1 22:45:35 03/11/20
0,99.9,6.7,2.86,2.86,0.23,0.19,0 22:51:04 03/11/20
0,99.9,6.6,2.86,2.86,0.15,0.14,1 22:56:31 03/11/20
0,99.9,6.6,2.86,2.86,0.23,0.19,0 23:01:59 03/11/20
0,99.9,6.5,2.86,2.86,0.15,0.14,1 23:07:26 03/11/20
0,99.9,6.4,2.86,2.86,0.22,0.18,0 23:12:55 03/11/20
0,99.9,6.3,2.86,2.86,0.16,0.14,1 23:18:22 03/11/20
0,99.9,6.3,2.86,2.86,0.23,0.19,0 23:23:49 03/11/20
0,99.9,6.3,2.86,2.86,0.16,0.14,1 23:29:16 03/11/20
0,99.9,6.2,2.86,2.86,0.23,0.19,0 23:34:43 03/11/20
0,99.9,6.2,2.86,2.86,0.16,0.14,1 23:40:11 03/11/20
0,99.9,6.1,2.86,2.85,0.23,0.19,0 23:45:38 03/11/20
0,99.9,6.1,2.86,2.84,0.16,0.14,1 23:51:06 03/11/20
0,99.9,6.0,2.86,2.85,0.23,0.19,0 23:56:33 03/11/20
