0,99.9,6.0,2.86,2.86,0.19,0.16,0 00:02:04 04/11/20
0,99.9,6.0,2.86,2.85,0.16,0.14,1 00:07:37 04/11/20
0,99.9,5.9,2.86,2.85,0.22,0.18,0 00:13:03 04/11/20
0,99.9,5.9,2.86,2.85,0.14,0.13,1 00:18:30 04/11/20
0,99.9,5.8,2.86,2.85,0.21,0.17,0 00:23:58 04/11/20
0,99.9,5.8,2.86,2.85,0.14,0.13,1 00:29:26 04/11/20
0,99.9,5.8,2.86,2.85,0.23,0.19,0 00:34:54 04/11/20
0,99.9,5.7,2.86,2.85,0.15,0.14,1 00:40:21 04/11/20
0,99.9,5.6,2.86,2.85,0.21,0.17,0 00:45:47 04/11/20
0,99.9,5.6,2.86,2.85,0.16,0.14,1 00:51:17 04/11/20
0,99.9,5.5,2.86,2.85,0.23,0.19,0 00:56:44 04/11/20
0,99.9,5.4,2.86,2.85,0.16,0.14,1 01:02:11 04/11/20
0,99.9,5.3,2.86,2.85,0.23,0.19,0 01:07:38 04/11/20
0,99.9,5.3,2.86,2.85,0.16,0.14,1 01:13:06 04/11/20
0,99.9,5.2,2.86,2.85,0.23,0.19,0 01:18:34 04/11/20
0,99.9,5.2,2.86,2.85,0.15,0.14,1 01:24:00 04/11/20
0,99.9,5.1,2.86,2.85,0.23,0.19,0 01:29:28 04/11/20
0,99.9,5.1,2.85,2.85,0.16,0.14,1 01:34:56 04/11/20
0,99.9,5.0,2.86,2.85,0.23,0.19,0 01:40:25 04/11/20
0,99.9,5.0,2.86,2.85,0.16,0.14,1 01:45:50 04/11/20
0,99.9,4.9,2.85,2.85,0.23,0.19,0 01:51:17 04/11/20
0,99.9,4.9,2.85,2.85,0.15,0.13,1 01:56:44 04/11/20
0,99.9,4.8,2.85,2.85,0.21,0.17,0 02:02:10 04/11/20
0,99.9,4.8,2.85,2.85,0.13,0.12,1 02:07:37 04/11/20
0,99.9,4.7,2.85,2.85,0.23,0.19,0 02:13:07 04/11/20
0,99.9,4.7,2.85,2.85,0.16,0.14,1 02:18:34 04/11/20
0,99.9,4.7,2.85,2.85,0.23,0.19,0 02:24:01 04/11/20
0,99.9,4.7,2.85,2.85,0.15,0.14,1 02:29:29 04/11/20
0,99.9,4.7,2.85,2.85,0.23,0.19,0 02:34:56 04/11/20
0,99.9,4.7,2.85,2.85,0.15,0.14,1 02:40:23 04/11/20
0,99.9,4.7,2.85,2.85,0.23,0.19,0 02:45:51 04/11/20
0,99.9,4.6,2.85,2.85,0.16,0.15,1 02:51:18 04/11/20
0,99.9,4.5,2.85,2.85,0.23,0.19,0 02:56:45 04/11/20
0,99.9,4.5,2.85,2.85,0.15,0.14,1 03:02:12 04/11/20
0,99.9,4.3,2.85,2.85,0.23,0.19,0 03:07:40 04/11/20
0,99.9,4.3,2.85,2.85,0.16,0.14,1 03:13:08 04/11/20
0,99.9,4.2,2.85,2.85,0.23,0.18,0 03:18:34 04/11/20
0,99.9,4.2,2.85,2.85,0.19,0.15,0 03:24:05 04/11/20
0,99.9,4.1,2.85,2.85,0.16,0.14,1 03:29:38 04/11/20
0,99.9,4.1,2.85,2.85,0.23,0.19,0 03:35:06 04/11/20
0,99.9,4.0,2.85,2.85,0.15,0.14,1 03:40:32 04/11/20
0,99.9,3.9,2.85,2.85,0.23,0.18,0 03:46:00 04/11/20
0,99.9,3.9,2.85,2.85,0.16,0.15,1 03:51:27 04/11/20
0,99.9,3.9,2.85,2.85,0.23,0.19,0 03:56:55 04/11/20
0,99.9,3.9,2.85,2.85,0.15,0.14,1 04:02:21 04/11/20
0,99.9,3.9,2.85,2.85,0.23,0.19,0 04:07:49 04/11/20
0,99.9,3.8,2.85,2.85,0.16,0.15,1 04:13:16 04/11/20
0,99.9,3.8,2.85,2.84,0.23,0.18,0 04:18:43 04/11/20
0,99.9,3.8,2.85,2.84,0.15,0.13,1 04:24:09 04/11/20
0,99.9,3.7,2.85,2.84,0.23,0.19,0 04:29:38 04/11/20
0,99.9,3.7,2.85,2.85,0.16,0.15,1 04:35:05 04/11/20
0,99.9,3.6,2.85,2.84,0.23,0.19,0 04:40:32 04/11/20
0,99.9,3.5,2.85,2.84,0.16,0.14,1 04:45:59 04/11/20
0,99.9,3.4,2.85,2.84,0.23,0.19,0 04:51:27 04/11/20
0,99.9,3.3,2.85,2.84,0.16,0.15,1 04:56:55 04/11/20
0,99.9,3.3,2.85,2.84,0.23,0.19,0 05:02:21 04/11/20
0,99.9,3.2,2.85,2.84,0.15,0.14,1 05:07:49 04/11/20
0,99.9,3.1,2.85,2.84,0.13,0.12,1 05:13:19 04/11/20
0,99.9,3.0,2.85,2.84,0.21,0.17,0 05:18:50 04/11/20
0,99.9,2.9,2.85,2.84,0.12,0.1,0 05:24:21 04/11/20
0,99.9,2.9,2.85,2.84,0.16,0.15,1 05:29:47 04/11/20
0,99.9,2.8,2.85,2.84,0.2,0.16,0 05:35:11 04/11/20
0,99.9,2.7,2.85,2.84,0.15,0.13,1 05:40:39 04/11/20
0,99.9,2.6,2.85,2.84,0.23,0.19,0 05:46:09 04/11/20
0,99.9,2.5,2.85,2.84,0.16,0.15,1 05:51:35 04/11/20
0,99.9,2.5,2.85,2.84,0.23,0.19,0 05:57:02 04/11/20
0,99.9,2.5,2.85,2.84,0.16,0.15,1 06:02:30 04/11/20
0,99.9,2.4,2.85,2.84,0.23,0.19,0 06:07:56 04/11/20
0,99.9,2.3,2.85,2.84,0.16,0.14,1 06:13:23 04/11/20
0,99.9,2.3,2.85,2.84,0.24,0.19,0 06:18:52 04/11/20
0,99.9,2.3,2.85,2.84,0.16,0.15,1 06:24:18 04/11/20
0,99.9,2.2,2.85,2.84,0.23,0.19,0 06:29:45 04/11/20
0,99.9,2.2,2.85,2.84,0.16,0.14,1 06:35:13 04/11/20
0,99.9,2.1,2.85,2.84,0.23,0.19,0 06:40:39 04/11/20
0,99.9,2.1,2.85,2.84,0.15,0.14,1 06:46:06 04/11/20
0,99.9,2.0,2.85,2.84,0.23,0.19,0 06:51:33 04/11/20
0,99.9,2.0,2.85,2.84,0.14,0.13,1 06:57:00 04/11/20
0,99.9,1.9,2.85,2.84,0.23,0.19,0 07:02:28 04/11/20
0,99.9,1.9,2.85,2.84,0.16,0.14,1 07:07:55 04/11/20
0,99.9,1.9,2.85,2.84,0.21,0.17,0 07:13:21 04/11/20
0,99.9,1.9,2.85,2.84,0.15,0.14,1 07:18:49 04/11/20
0,99.9,1.8,2.84,2.84,0.23,0.19,0 07:24:16 04/11/20
0,99.9,1.8,2.85,2.84,0.15,0.14,1 07:29:43 04/11/20
0,99.9,1.8,2.84,2.84,0.24,0.19,0 07:35:12 04/11/20
0,99.9,1.8,2.84,2.84,0.16,0.14,1 07:40:38 04/11/20
0,99.9,1.7,2.84,2.84,0.23,0.19,0 07:46:05 04/11/20
0,99.9,1.7,2.84,2.84,0.16,0.14,1 07:51:33 04/11/20
0,99.9,1.7,2.84,2.84,0.23,0.18,0 07:56:59 04/11/20
0,99.9,1.7,2.84,2.84,0.15,0.14,1 08:02:26 04/11/20
0,99.9,1.7,2.84,2.84,0.23,0.18,0 08:07:53 04/11/20
0,99.9,1.8,2.84,2.84,0.14,0.13,1 08:13:20 04/11/20
0,99.9,1.8,2.84,2.84,0.23,0.18,0 08:18:48 04/11/20
0,99.9,1.9,2.84,2.84,0.16,0.14,1 08:24:15 04/11/20
0,99.9,2.0,2.84,2.84,0.23,0.18,0 08:29:42 04/11/20
0,99.9,2.1,2.84,2.84,0.14,0.13,1 08:35:08 04/11/20
0,99.9,2.2,2.84,2.84,0.23,0.18,0 08:40:36 04/11/20
0,99.9,2.4,2.84,2.83,0.15,0.14,1 08:46:03 04/11/20
0,99.9,2.6,2.84,2.83,0.23,0.18,0 08:51:31 04/11/20
0,99.9,2.9,2.84,2.84,0.16,0.14,1 08:56:58 04/11/20
0,99.9,3.2,2.84,2.83,0.23,0.18,0 09:02:25 04/11/20
0,99.9,3.5,2.84,2.83,0.16,0.14,1 09:07:53 04/11/20
0,99.9,3.9,2.84,2.83,0.23,0.18,0 09:13:19 04/11/20
0,99.9,4.5,2.84,2.83,0.16,0.15,1 09:18:48 04/11/20
0,99.9,5.1,2.84,2.83,0.23,0.18,0 09:24:14 04/11/20
0,99.9,5.7,2.84,2.83,0.15,0.14,1 09:29:41 04/11/20
0,99.9,6.5,2.84,2.83,0.23,0.18,0 09:35:09 04/11/20
0,99.9,7.3,2.84,2.83,0.16,0.15,1 09:40:37 04/11/20
0,99.9,8.1,2.84,2.83,0.13,0.13,1 09:46:07 04/11/20
0,99.9,9.0,2.84,2.83,0.24,0.19,0 09:51:41 04/11/20
0,99.9,10.3,2.84,2.83,0.16,0.16,1 09:57:08 04/11/20
0,99.9,11.8,2.84,2.83,0.23,0.18,0 10:02:35 04/11/20
0,99.9,13.3,2.84,2.83,0.16,0.16,1 10:08:02 04/11/20
0,99.9,14.6,2.84,2.81,0.25,0.19,0 10:13:31 04/11/20
0,99.9,15.6,2.84,2.83,0.13,0.12,0 10:19:01 04/11/20
0,99.9,16.5,2.84,2.83,0.17,0.17,1 10:24:29 04/11/20
0,99.9,17.0,2.84,2.83,0.23,0.19,0 10:29:56 04/11/20
0,99.9,16.9,2.84,2.83,0.15,0.14,1 10:35:24 04/11/20
0,99.9,16.4,2.84,2.83,0.23,0.19,0 10:40:53 04/11/20
0,99.9,15.7,2.84,2.83,0.12,0.1,0 10:46:24 04/11/20
0,99.9,15.0,2.84,2.83,0.16,0.14,1 10:51:49 04/11/20
0,99.9,14.4,2.84,2.83,0.23,0.18,0 10:57:17 04/11/20
0,99.9,13.8,2.84,2.83,0.15,0.14,1 11:02:45 04/11/20
0,99.9,13.4,2.84,2.83,0.23,0.18,0 11:08:13 04/11/20
0,99.9,13.0,2.84,2.83,0.15,0.14,1 11:13:41 04/11/20
0,99.9,12.8,2.84,2.83,0.23,0.19,0 11:19:09 04/11/20
0,99.9,12.7,2.84,2.83,0.15,0.14,1 11:24:37 04/11/20
0,99.9,12.7,2.84,2.83,0.23,0.18,0 11:30:05 04/11/20
0,99.9,12.8,2.84,2.83,0.15,0.14,1 11:35:33 04/11/20
0,99.9,13.0,2.84,2.83,0.23,0.19,0 11:41:02 04/11/20
0,99.9,13.6,2.84,2.83,0.16,0.14,1 11:46:30 04/11/20
0,99.9,15.4,2.84,2.83,0.24,0.19,0 11:51:58 04/11/20
0,99.9,17.9,2.84,2.84,0.16,0.16,1 11:57:25 04/11/20
0,99.9,20.2,2.84,2.83,0.24,0.2,0 12:02:54 04/11/20
0,99.9,22.1,2.84,2.83,0.17,0.17,1 12:08:23 04/11/20
0,99.9,23.8,2.84,2.83,0.24,0.2,0 12:13:52 04/11/20
0,99.9,25.3,2.84,2.83,0.14,0.13,1 12:19:19 04/11/20
0,99.9,26.3,2.84,2.83,0.23,0.19,0 12:24:50 04/11/20
0,99.9,27.0,2.84,2.84,0.16,0.15,1 12:30:20 04/11/20
0,99.9,27.5,2.84,2.84,0.23,0.19,0 12:35:49 04/11/20
0,99.9,27.8,2.84,2.84,0.16,0.14,1 12:41:19 04/11/20
0,99.9,27.9,2.84,2.84,0.24,0.19,0 12:46:49 04/11/20
3,99.9,27.7,2.84,2.84,0.16,0.15,1 12:52:20 04/11/20
0,99.9,27.0,2.84,2.84,0.23,0.19,0 12:57:48 04/11/20
0,99.9,25.9,2.84,2.84,0.14,0.13,1 13:03:16 04/11/20
0,99.9,24.8,2.84,2.84,0.24,0.19,0 13:08:48 04/11/20
0,99.9,23.9,2.84,2.84,0.16,0.14,1 13:14:16 04/11/20
0,99.9,23.2,2.84,2.84,0.23,0.19,0 13:19:46 04/11/20
0,99.9,22.5,2.84,2.84,0.15,0.14,1 13:25:15 04/11/20
0,99.9,21.9,2.84,2.84,0.23,0.18,0 13:30:44 04/11/20
0,99.9,21.6,2.84,2.84,0.15,0.14,1 13:36:12 04/11/20
0,99.9,21.7,2.84,2.84,0.23,0.18,0 13:41:41 04/11/20
0,99.9,22.0,2.84,2.84,0.15,0.14,1 13:47:10 04/11/20
0,99.9,21.8,2.84,2.84,0.23,0.19,0 13:52:39 04/11/20
0,99.9,21.2,2.84,2.84,0.16,0.14,1 13:58:09 04/11/20
0,99.9,20.4,2.84,2.84,0.24,0.19,0 14:03:37 04/11/20
0,99.9,19.8,2.84,2.84,0.16,0.15,1 14:09:07 04/11/20
0,99.9,19.4,2.84,2.84,0.23,0.19,0 14:14:34 04/11/20
0,99.9,19.1,2.84,2.84,0.16,0.14,1 14:20:03 04/11/20
0,99.9,18.8,2.84,2.84,0.23,0.19,0 14:25:31 04/11/20
0,99.9,18.6,2.84,2.84,0.16,0.14,1 14:31:01 04/11/20
0,99.9,18.7,2.84,2.84,0.23,0.19,0 14:36:29 04/11/20
0,99.9,18.5,2.84,2.84,0.15,0.14,1 14:41:57 04/11/20
0,99.9,18.4,2.84,2.84,0.23,0.19,0 14:47:26 04/11/20
0,99.9,18.4,2.84,2.84,0.15,0.14,1 14:52:55 04/11/20
0,99.9,18.3,2.84,2.84,0.24,0.19,0 14:58:23 04/11/20
0,99.9,18.1,2.84,2.85,0.15,0.14,1 15:03:51 04/11/20
0,99.9,17.8,2.84,2.85,0.23,0.19,0 15:09:20 04/11/20
0,99.9,17.7,2.84,2.85,0.15,0.14,1 15:14:48 04/11/20
0,99.9,17.6,2.84,2.85,0.13,0.12,1 15:20:20 04/11/20
0,99.9,17.5,2.84,2.85,0.24,0.19,0 15:25:54 04/11/20
0,99.9,17.4,2.84,2.85,0.15,0.14,1 15:31:22 04/11/20
0,99.9,17.4,2.84,2.85,0.24,0.19,0 15:36:51 04/11/20
0,99.9,17.4,2.84,2.85,0.13,0.12,1 15:42:17 04/11/20
0,99.9,17.4,2.84,2.85,0.24,0.2,0 15:47:49 04/11/20
0,99.9,17.3,2.85,2.85,0.11,0.1,1 15:53:23 04/11/20
0,99.9,17.4,2.85,2.85,0.23,0.19,0 15:58:53 04/11/20
0,99.9,17.4,2.85,2.85,0.16,0.14,1 16:04:22 04/11/20
0,99.9,17.3,2.84,2.85,0.23,0.19,0 16:09:50 04/11/20
0,99.9,17.2,2.85,2.85,0.16,0.15,1 16:15:20 04/11/20
0,99.9,17.0,2.84,2.85,0.21,0.17,0 16:20:48 04/11/20
0,99.9,16.7,2.84,2.85,0.13,0.12,1 16:26:13 04/11/20
0,99.9,16.3,2.85,2.85,0.23,0.19,0 16:31:44 04/11/20
0,99.9,15.8,2.85,2.85,0.16,0.14,1 16:37:12 04/11/20
0,99.9,15.4,2.85,2.85,0.23,0.19,0 16:42:41 04/11/20
0,99.9,14.9,2.85,2.85,0.15,0.14,1 16:48:08 04/11/20
0,99.9,14.4,2.85,2.85,0.23,0.18,0 16:53:36 04/11/20
0,99.9,13.8,2.85,2.85,0.15,0.14,1 16:59:04 04/11/20
0,99.9,13.3,2.85,2.85,0.23,0.18,0 17:04:32 04/11/20
0,99.9,12.7,2.85,2.85,0.15,0.14,1 17:10:00 04/11/20
0,99.9,12.2,2.85,2.85,0.23,0.18,0 17:15:28 04/11/20
0,99.9,11.7,2.85,2.85,0.15,0.14,1 17:20:56 04/11/20
0,99.9,11.2,2.85,2.85,0.12,0.12,1 17:26:29 04/11/20
0,99.9,10.7,2.85,2.85,0.23,0.19,0 17:32:01 04/11/20
0,99.9,10.2,2.85,2.85,0.15,0.14,1 17:37:28 04/11/20
0,99.9,9.8,2.85,2.85,0.23,0.19,0 17:42:57 04/11/20
0,99.9,9.4,2.85,2.85,0.15,0.14,1 17:48:24 04/11/20
0,99.9,9.0,2.85,2.85,0.23,0.18,0 17:53:51 04/11/20
0,99.9,8.7,2.85,2.85,0.14,0.13,1 17:59:18 04/11/20
0,99.9,8.4,2.85,2.85,0.23,0.19,0 18:04:47 04/11/20
0,99.9,8.1,2.85,2.85,0.15,0.14,1 18:10:15 04/11/20
0,99.9,7.8,2.85,2.85,0.23,0.19,0 18:15:42 04/11/20
0,99.9,7.5,2.85,2.85,0.13,0.12,1 18:21:07 04/11/20
0,99.9,7.3,2.85,2.85,0.23,0.19,0 18:26:37 04/11/20
0,99.9,7.0,2.85,2.85,0.14,0.13,1 18:32:03 04/11/20
0,99.9,6.8,2.85,2.85,0.23,0.19,0 18:37:32 04/11/20
0,99.9,6.6,2.85,2.85,0.15,0.14,1 18:42:59 04/11/20
0,99.9,6.4,2.85,2.85,0.23,0.19,0 18:48:27 04/11/20
0,99.9,6.2,2.85,2.85,0.15,0.14,1 18:53:54 04/11/20
0,99.9,6.1,2.85,2.85,0.23,0.19,0 18:59:22 04/11/20
0,99.9,5.9,2.85,2.85,0.15,0.14,1 19:04:50 04/11/20
0,99.9,5.8,2.85,2.85,0.21,0.17,0 19:10:16 04/11/20
0,99.9,5.6,2.85,2.85,0.15,0.14,1 19:15:44 04/11/20
0,99.9,5.5,2.85,2.85,0.22,0.18,0 19:21:11 04/11/20
0,99.9,5.4,2.85,2.85,0.13,0.13,1 19:26:37 04/11/20
0,99.9,5.3,2.85,2.85,0.23,0.19,0 19:32:07 04/11/20
0,99.9,5.3,2.85,2.85,0.14,0.13,1 19:37:32 04/11/20
0,99.9,5.2,2.85,2.85,0.23,0.19,0 19:43:01 04/11/20
0,99.9,5.1,2.85,2.85,0.15,0.14,1 19:48:28 04/11/20
0,99.9,5.0,2.85,2.85,0.23,0.19,0 19:53:57 04/11/20
0,99.9,4.9,2.85,2.85,0.15,0.14,1 19:59:23 04/11/20
0,99.9,4.8,2.85,2.85,0.22,0.18,0 20:04:50 04/11/20
0,99.9,4.7,2.85,2.85,0.19,0.15,0 20:10:21 04/11/20
0,99.9,4.6,2.85,2.85,0.15,0.14,1 20:15:54 04/11/20
0,99.9,4.5,2.85,2.85,0.23,0.19,0 20:21:22 04/11/20
0,99.9,4.4,2.85,2.85,0.15,0.14,1 20:26:48 04/11/20
0,99.9,4.2,2.85,2.85,0.23,0.19,0 20:32:16 04/11/20
0,99.9,4.2,2.85,2.85,0.15,0.14,1 20:37:44 04/11/20
0,99.9,4.1,2.85,2.85,0.23,0.18,0 20:43:10 04/11/20
0,99.9,4.0,2.85,2.85,0.12,0.1,0 20:48:39 04/11/20
0,99.9,3.9,2.85,2.85,0.15,0.14,1 20:54:05 04/11/20
0,99.9,3.8,2.85,2.85,0.19,0.16,0 20:59:30 04/11/20
0,99.9,3.7,2.85,2.85,0.14,0.13,1 21:04:58 04/11/20
0,99.9,3.6,2.85,2.85,0.21,0.17,0 21:10:26 04/11/20
0,99.9,3.5,2.85,2.85,0.15,0.14,1 21:15:54 04/11/20
0,99.9,3.4,2.85,2.85,0.19,0.16,0 21:21:19 04/11/20
0,99.9,3.4,2.85,2.85,0.15,0.14,1 21:26:49 04/11/20
0,99.9,3.3,2.85,2.85,0.12,0.12,1 21:32:20 04/11/20
0,99.9,3.2,2.85,2.85,0.23,0.19,0 21:37:52 04/11/20
0,99.9,3.1,2.85,2.85,0.15,0.14,1 21:43:19 04/11/20
0,99.9,3.1,2.85,2.85,0.22,0.18,0 21:48:46 04/11/20
0,99.9,3.0,2.85,2.85,0.12,0.1,0 21:54:15 04/11/20
0,99.9,2.9,2.85,2.85,0.15,0.14,1 21:59:44 04/11/20
0,99.9,2.8,2.85,2.85,0.23,0.18,0 22:05:09 04/11/20
0,99.9,2.8,2.85,2.85,0.15,0.14,1 22:10:36 04/11/20
0,99.9,2.7,2.85,2.85,0.22,0.18,0 22:16:02 04/11/20
0,99.9,2.6,2.85,2.85,0.15,0.14,1 22:21:30 04/11/20
0,99.9,2.5,2.85,2.85,0.23,0.19,0 22:26:57 04/11/20
0,99.9,2.5,2.85,2.85,0.15,0.14,1 22:32:25 04/11/20
0,99.9,2.4,2.85,2.85,0.23,0.18,0 22:37:51 04/11/20
0,99.9,2.3,2.85,2.85,0.15,0.14,1 22:43:18 04/11/20
0,99.9,2.2,2.85,2.85,0.22,0.18,0 22:48:46 04/11/20
0,99.9,2.2,2.85,2.85,0.15,0.14,1 22:54:13 04/11/20
0,99.9,2.1,2.85,2.84,0.21,0.17,0 22:59:38 04/11/20
0,99.9,2.0,2.85,2.85,0.15,0.14,1 23:05:07 04/11/20
0,99.9,1.9,2.85,2.85,0.23,0.19,0 23:10:35 04/11/20
0,99.9,1.9,2.85,2.85,0.15,0.14,1 23:16:01 04/11/20
0,99.9,1.8,2.85,2.84,0.22,0.18,0 23:21:28 04/11/20
0,99.9,1.7,2.85,2.84,0.15,0.14,1 23:26:56 04/11/20
0,99.9,1.7,2.85,2.84,0.23,0.19,0 23:32:23 04/11/20
0,99.9,1.6,2.85,2.85,0.15,0.14,1 23:37:50 04/11/20
0,99.9,1.5,2.85,2.84,0.23,0.19,0 23:43:17 04/11/20
0,99.9,1.5,2.85,2.84,0.15,0.14,1 23:48:45 04/11/20
0,99.9,1.4,2.85,2.84,0.23,0.18,0 23:54:11 04/11/20
0,99.9,1.4,2.85,2.84,0.15,0.14,1 23:59:38 04/11/20
