0,99.9,1.3,2.85,2.84,0.23,0.18,0 00:05:06 05/11/20
0,99.9,1.2,2.85,2.84,0.14,0.13,1 00:10:32 05/11/20
0,99.9,1.2,2.85,2.84,0.23,0.19,0 00:16:00 05/11/20
0,99.9,1.1,2.85,2.84,0.15,0.14,1 00:21:27 05/11/20
0,99.9,1.1,2.84,2.84,0.21,0.17,0 00:26:53 05/11/20
0,99.9,1.1,2.85,2.84,0.16,0.14,1 00:32:22 05/11/20
0,99.9,1.1,2.85,2.84,0.23,0.18,0 00:37:48 05/11/20
0,99.9,1.1,2.84,2.84,0.14,0.13,1 00:43:14 05/11/20
0,99.9,1.0,2.85,2.84,0.23,0.18,0 00:48:42 05/11/20
0,99.9,1.0,2.85,2.84,0.1,0.1,1 00:54:16 05/11/20
0,99.9,1.0,2.84,2.84,0.21,0.18,0 00:59:45 05/11/20
0,99.9,0.9,2.85,2.84,0.18,0.15,0 01:05:17 05/11/20
0,99.9,0.9,2.84,2.84,0.16,0.14,1 01:10:49 05/11/20
0,99.9,0.8,2.84,2.84,0.23,0.19,0 01:16:16 05/11/20
0,99.9,0.8,2.85,2.84,0.19,0.15,0 01:21:48 05/11/20
0,99.9,0.8,2.84,2.84,0.16,0.14,1 01:27:19 05/11/20
0,99.9,0.7,2.84,2.84,0.23,0.19,0 01:32:46 05/11/20
0,99.9,0.7,2.84,2.84,0.14,0.13,1 01:38:12 05/11/20
0,99.9,0.6,2.84,2.84,0.21,0.17,0 01:43:39 05/11/20
0,99.9,0.5,2.84,2.84,0.15,0.14,1 01:49:07 05/11/20
0,99.9,0.5,2.84,2.84,0.23,0.18,0 01:54:35 05/11/20
0,99.9,0.5,2.84,2.84,0.15,0.14,1 02:00:01 05/11/20
0,99.9,0.4,2.84,2.84,0.23,0.18,0 02:05:28 05/11/20
0,99.9,0.4,2.84,2.84,0.15,0.14,1 02:10:55 05/11/20
0,99.9,0.3,2.84,2.84,0.21,0.17,0 02:16:22 05/11/20
0,99.9,0.3,2.84,2.84,0.14,0.13,1 02:21:49 05/11/20
0,99.9,0.2,2.84,2.83,0.21,0.17,0 02:27:16 05/11/20
0,99.9,0.2,2.84,2.84,0.16,0.14,1 02:32:45 05/11/20
0,99.9,0.1,2.84,2.84,0.12,0.11,1 02:38:15 05/11/20
0,99.9,0.1,2.84,2.83,0.21,0.17,0 02:43:46 05/11/20
0,99.9,0.0,2.84,2.83,0.14,0.13,1 02:49:13 05/11/20
0,99.9,0.0,2.84,2.88,0.23,0.19,0 02:54:41 05/11/20
0,99.9,-0.1,2.84,2.83,0.15,0.14,1 03:00:08 05/11/20
0,99.9,-0.1,2.84,2.83,0.23,0.19,0 03:05:35 05/11/20
0,99.9,-0.1,2.84,2.83,0.15,0.14,1 03:11:02 05/11/20
0,99.9,-0.2,2.84,2.83,0.24,0.19,0 03:16:30 05/11/20
0,99.9,-0.2,2.84,2.83,0.15,0.14,1 03:21:56 05/11/20
0,99.9,-0.3,2.84,2.83,0.23,0.19,0 03:27:23 05/11/20
0,99.9,-0.3,2.84,2.83,0.15,0.14,1 03:32:50 05/11/20
0,99.9,-0.4,2.84,2.83,0.23,0.19,0 03:38:17 05/11/20
0,99.9,-0.4,2.84,2.83,0.16,0.14,1 03:43:44 05/11/20
0,99.9,-0.4,2.84,2.83,0.23,0.19,0 03:49:11 05/11/20
0,99.9,-0.5,2.84,2.83,0.16,0.14,1 03:54:38 05/11/20
0,99.9,-0.5,2.84,2.83,0.23,0.19,0 04:00:05 05/11/20
0,99.9,-0.5,2.84,2.83,0.16,0.14,1 04:05:32 05/11/20
0,99.9,-0.6,2.84,2.83,0.23,0.19,0 04:10:59 05/11/20
0,99.9,-0.6,2.84,2.83,0.16,0.14,1 04:16:26 05/11/20
0,99.9,-0.6,2.84,2.83,0.21,0.17,0 04:21:51 05/11/20
0,99.9,-0.6,2.84,2.83,0.15,0.14,1 04:27:20 05/11/20
0,99.9,-0.7,2.84,2.83,0.23,0.19,0 04:32:47 05/11/20
0,99.9,-0.7,2.84,2.83,0.16,0.14,1 04:38:14 05/11/20
0,99.9,-0.7,2.84,2.83,0.21,0.16,0 04:43:39 05/11/20
0,99.9,-0.7,2.84,2.83,0.16,0.14,1 04:49:08 05/11/20
0,99.9,-0.7,2.84,2.83,0.23,0.18,0 04:54:35 05/11/20
0,99.9,-0.8,2.84,2.83,0.16,0.14,1 05:00:02 05/11/20
0,99.9,-0.8,2.84,2.83,0.23,0.18,0 05:05:29 05/11/20
0,99.9,-0.8,2.84,2.83,0.16,0.14,1 05:10:56 05/11/20
0,99.9,-0.8,2.84,2.83,0.23,0.19,0 05:16:23 05/11/20
0,99.9,-0.8,2.84,2.83,0.16,0.14,1 05:21:51 05/11/20
0,99.9,-0.8,2.84,2.83,0.24,0.19,0 05:27:18 05/11/20
0,99.9,-0.8,2.84,2.83,0.16,0.14,1 05:32:45 05/11/20
0,99.9,-0.8,2.84,2.83,0.24,0.19,0 05:38:12 05/11/20
0,99.9,-0.8,2.84,2.83,0.16,0.14,1 05:43:38 05/11/20
0,99.9,-0.9,2.84,2.83,0.23,0.18,0 05:49:05 05/11/20
0,99.9,-0.9,2.84,2.83,0.16,0.14,1 05:54:32 05/11/20
0,99.9,-1.0,2.83,2.83,0.23,0.18,0 05:59:59 05/11/20
0,99.9,-1.0,2.83,2.83,0.16,0.14,1 06:05:26 05/11/20
0,99.9,-1.0,2.83,2.83,0.23,0.18,0 06:10:53 05/11/20
0,99.9,-1.0,2.84,2.83,0.16,0.14,1 06:16:21 05/11/20
0,99.9,-1.0,2.84,2.83,0.13,0.12,1 06:21:50 05/11/20
0,99.9,-1.0,2.83,2.83,0.23,0.18,0 06:27:22 05/11/20
0,99.9,-1.0,2.83,2.82,0.15,0.14,1 06:32:49 05/11/20
0,99.9,-1.0,2.83,2.83,0.23,0.18,0 06:38:16 05/11/20
0,99.9,-1.0,2.83,2.83,0.15,0.14,1 06:43:43 05/11/20
0,99.9,-0.9,2.83,2.82,0.22,0.18,0 06:49:10 05/11/20
0,99.9,-0.8,2.83,2.82,0.15,0.14,1 06:54:37 05/11/20
0,99.9,-0.7,2.83,2.82,0.22,0.18,0 07:00:04 05/11/20
0,99.9,-0.5,2.83,2.82,0.15,0.14,1 07:05:31 05/11/20
0,99.9,-0.5,2.83,2.82,0.23,0.18,0 07:10:58 05/11/20
0,99.9,-0.4,2.83,2.82,0.15,0.14,1 07:16:25 05/11/20
0,99.9,-0.3,2.83,2.82,0.23,0.18,0 07:21:52 05/11/20
0,99.9,-0.2,2.83,2.82,0.15,0.14,1 07:27:19 05/11/20
0,99.9,-0.2,2.83,2.82,0.22,0.18,0 07:32:46 05/11/20
0,99.9,-0.2,2.83,2.82,0.15,0.14,1 07:38:13 05/11/20
0,99.9,-0.2,2.83,2.82,0.22,0.18,0 07:43:40 05/11/20
0,99.9,-0.1,2.83,2.82,0.15,0.14,1 07:49:07 05/11/20
0,99.9,-0.1,2.83,2.82,0.22,0.18,0 07:54:34 05/11/20
0,99.9,-0.1,2.83,2.82,0.15,0.14,1 08:00:01 05/11/20
0,99.9,0.0,2.83,2.82,0.22,0.18,0 08:05:28 05/11/20
0,99.9,0.1,2.83,2.82,0.15,0.14,1 08:10:55 05/11/20
0,99.9,0.2,2.83,2.82,0.22,0.18,0 08:16:23 05/11/20
0,99.9,0.3,2.83,2.82,0.19,0.15,0 08:21:53 05/11/20
0,99.9,0.4,2.83,2.82,0.15,0.14,1 08:27:25 05/11/20
0,99.9,0.6,2.83,2.82,0.22,0.18,0 08:32:53 05/11/20
0,99.9,0.7,2.83,2.82,0.19,0.15,0 08:38:23 05/11/20
0,99.9,0.9,2.83,2.82,0.15,0.14,1 08:43:56 05/11/20
0,99.9,1.1,2.83,2.82,0.12,0.12,1 08:49:26 05/11/20
0,99.9,1.3,2.83,2.82,0.22,0.18,0 08:54:59 05/11/20
0,99.9,1.5,2.83,2.82,0.15,0.14,1 09:00:26 05/11/20
0,99.9,1.7,2.83,2.82,0.22,0.18,0 09:05:53 05/11/20
0,99.9,1.9,2.83,2.82,0.15,0.14,1 09:11:20 05/11/20
0,99.9,2.2,2.83,2.82,0.22,0.18,0 09:16:47 05/11/20
0,99.9,2.5,2.83,2.82,0.15,0.14,1 09:22:14 05/11/20
0,99.9,2.9,2.83,2.82,0.12,0.12,1 09:27:45 05/11/20
0,99.9,3.3,2.83,2.82,0.23,0.18,0 09:33:18 05/11/20
0,99.9,3.9,2.83,2.82,0.15,0.14,1 09:38:45 05/11/20
0,99.9,4.5,2.83,2.82,0.22,0.17,0 09:44:12 05/11/20
0,99.9,5.3,2.83,2.82,0.15,0.14,1 09:49:40 05/11/20
0,99.9,6.3,2.83,2.82,0.23,0.18,0 09:55:07 05/11/20
0,99.9,7.8,2.83,2.82,0.15,0.14,1 10:00:34 05/11/20
0,99.9,9.4,2.83,2.82,0.23,0.18,0 10:06:02 05/11/20
0,99.9,10.9,2.83,2.82,0.16,0.15,1 10:11:30 05/11/20
0,99.9,12.2,2.83,2.82,0.22,0.18,0 10:16:57 05/11/20
0,99.9,13.2,2.83,2.82,0.15,0.15,1 10:22:25 05/11/20
0,99.9,14.0,2.83,2.82,0.22,0.18,0 10:27:53 05/11/20
0,99.9,14.3,2.83,2.82,0.15,0.14,1 10:33:21 05/11/20
0,99.9,13.9,2.83,2.82,0.22,0.17,0 10:38:50 05/11/20
0,99.9,13.4,2.83,2.82,0.15,0.14,1 10:44:19 05/11/20
0,99.9,12.8,2.83,2.82,0.22,0.17,0 10:49:48 05/11/20
0,99.9,12.2,2.83,2.82,0.15,0.14,1 10:55:13 05/11/20
0,99.9,11.7,2.83,2.82,0.22,0.17,0 11:00:41 05/11/20
0,99.9,11.3,2.83,2.82,0.18,0.14,0 11:06:13 05/11/20
0,99.9,11.0,2.83,2.81,0.16,0.14,1 11:11:46 05/11/20
0,99.9,10.8,2.83,2.82,0.2,0.16,0 11:17:12 05/11/20
0,99.9,10.7,2.83,2.82,0.15,0.14,1 11:22:41 05/11/20
0,99.9,10.6,2.83,2.82,0.22,0.17,0 11:28:09 05/11/20
0,99.9,10.7,2.83,2.82,0.15,0.14,1 11:33:37 05/11/20
0,99.9,10.8,2.83,2.82,0.23,0.18,0 11:39:05 05/11/20
0,99.9,11.2,2.83,2.82,0.19,0.14,0 11:44:36 05/11/20
0,99.9,12.5,2.83,2.82,0.15,0.14,1 11:50:09 05/11/20
0,99.9,14.9,2.83,2.82,0.19,0.15,0 11:55:35 05/11/20
0,99.9,17.3,2.83,2.82,0.15,0.15,1 12:01:06 05/11/20
0,99.9,19.5,2.83,2.82,0.23,0.18,0 12:06:34 05/11/20
0,99.9,21.4,2.83,2.82,0.16,0.15,1 12:12:03 05/11/20
0,99.9,23.0,2.83,2.82,0.23,0.18,0 12:17:33 05/11/20
0,99.9,24.4,2.83,2.82,0.19,0.15,0 12:23:05 05/11/20
0,99.9,25.4,2.83,2.82,0.15,0.14,1 12:28:39 05/11/20
0,99.9,26.0,2.83,2.82,0.22,0.17,0 12:34:08 05/11/20
0,99.9,26.4,2.83,2.82,0.15,0.14,1 12:39:38 05/11/20
0,99.9,26.5,2.83,2.82,0.22,0.17,0 12:45:07 05/11/20
0,99.9,26.4,2.83,2.82,0.15,0.14,1 12:50:37 05/11/20
0,99.9,25.9,2.83,2.82,0.21,0.16,0 12:56:05 05/11/20
0,99.9,24.9,2.83,2.82,0.15,0.14,1 13:01:36 05/11/20
0,99.9,23.9,2.83,2.82,0.23,0.17,0 13:07:06 05/11/20
0,99.9,23.0,2.83,2.82,0.15,0.14,1 13:12:34 05/11/20
0,99.9,22.3,2.83,2.82,0.23,0.17,0 13:18:06 05/11/20
0,99.9,21.8,2.83,2.82,0.15,0.14,1 13:23:33 05/11/20
0,99.9,21.8,2.83,2.82,0.23,0.17,0 13:29:04 05/11/20
0,99.9,22.2,2.83,2.82,0.15,0.14,1 13:34:30 05/11/20
0,99.9,22.3,2.83,2.82,0.22,0.16,0 13:39:59 05/11/20
0,99.9,22.2,2.83,2.83,0.15,0.14,1 13:45:28 05/11/20
0,99.9,21.7,2.83,2.83,0.2,0.14,0 13:50:55 05/11/20
0,99.9,20.9,2.83,2.83,0.13,0.13,1 13:56:25 05/11/20
0,99.9,20.2,2.83,2.83,0.23,0.17,0 14:01:55 05/11/20
0,99.9,19.7,2.81,2.82,0.15,0.14,1 14:07:23 05/11/20
0,99.9,19.4,2.83,2.83,0.23,0.16,0 14:12:52 05/11/20
0,99.9,19.2,2.83,2.83,0.15,0.14,1 14:18:21 05/11/20
0,99.9,18.9,2.83,2.83,0.23,0.16,0 14:23:49 05/11/20
0,99.9,18.7,2.83,2.83,0.15,0.14,1 14:29:19 05/11/20
0,99.9,18.7,2.83,2.83,0.23,0.16,0 14:34:47 05/11/20
0,99.9,18.5,2.83,2.83,0.15,0.14,1 14:40:15 05/11/20
0,99.9,18.2,2.83,2.83,0.23,0.17,0 14:45:44 05/11/20
0,99.9,18.0,2.83,2.83,0.15,0.14,1 14:51:12 05/11/20
0,99.9,17.9,2.83,2.83,0.23,0.17,0 14:56:41 05/11/20
0,99.9,17.5,2.83,2.83,0.15,0.14,1 15:02:09 05/11/20
0,99.9,17.1,2.83,2.83,0.23,0.17,0 15:07:38 05/11/20
0,99.9,16.8,2.83,2.83,0.15,0.14,1 15:13:07 05/11/20
0,99.9,16.5,2.83,2.83,0.22,0.17,0 15:18:34 05/11/20
0,99.9,16.2,2.83,2.83,0.13,0.13,1 15:24:01 05/11/20
0,99.9,15.9,2.83,2.83,0.23,0.17,0 15:29:32 05/11/20
0,99.9,15.6,2.83,2.83,0.15,0.14,1 15:34:59 05/11/20
0,99.9,15.5,2.83,2.83,0.23,0.17,0 15:40:29 05/11/20
0,99.9,15.4,2.83,2.83,0.15,0.14,1 15:45:56 05/11/20
0,99.9,15.3,2.83,2.83,0.23,0.17,0 15:51:25 05/11/20
0,99.9,15.3,2.83,2.83,0.15,0.14,1 15:56:52 05/11/20
0,99.9,15.3,2.83,2.83,0.22,0.17,0 16:02:21 05/11/20
0,99.9,15.3,2.83,2.84,0.15,0.14,1 16:07:49 05/11/20
0,99.9,15.2,2.83,2.84,0.23,0.17,0 16:13:17 05/11/20
0,99.9,14.9,2.83,2.84,0.15,0.14,1 16:18:46 05/11/20
0,99.9,14.6,2.83,2.84,0.22,0.17,0 16:24:13 05/11/20
0,99.9,14.1,2.84,2.84,0.15,0.14,1 16:29:41 05/11/20
0,99.9,13.7,2.84,2.84,0.22,0.17,0 16:35:09 05/11/20
0,99.9,13.1,2.83,2.84,0.15,0.14,1 16:40:38 05/11/20
0,99.9,12.6,2.83,2.84,0.22,0.17,0 16:46:05 05/11/20
0,99.9,12.1,2.84,2.84,0.15,0.14,1 16:51:33 05/11/20
0,99.9,11.6,2.83,2.84,0.21,0.16,0 16:57:00 05/11/20
0,99.9,11.1,2.83,2.84,0.15,0.14,1 17:02:29 05/11/20
0,99.9,10.6,2.84,2.84,0.23,0.17,0 17:07:57 05/11/20
0,99.9,10.1,2.84,2.84,0.15,0.14,1 17:13:25 05/11/20
0,99.9,9.6,2.84,2.84,0.22,0.17,0 17:18:52 05/11/20
0,99.9,9.1,2.84,2.84,0.19,0.14,0 17:24:24 05/11/20
0,99.9,8.8,2.84,2.84,0.15,0.14,1 17:29:57 05/11/20
0,99.9,8.3,2.84,2.84,0.22,0.17,0 17:35:24 05/11/20
0,99.9,7.9,2.84,2.84,0.15,0.14,1 17:40:52 05/11/20
0,99.9,7.6,2.84,2.84,0.22,0.17,0 17:46:19 05/11/20
0,99.9,7.3,2.84,2.84,0.15,0.14,1 17:51:47 05/11/20
0,99.9,6.9,2.84,2.84,0.22,0.18,0 17:57:14 05/11/20
0,99.9,6.7,2.84,2.84,0.15,0.14,1 18:02:42 05/11/20
0,99.9,6.4,2.84,2.84,0.22,0.18,0 18:08:09 05/11/20
0,99.9,6.2,2.84,2.84,0.15,0.14,1 18:13:37 05/11/20
0,99.9,6.0,2.84,2.84,0.22,0.18,0 18:19:04 05/11/20
0,99.9,5.7,2.84,2.84,0.15,0.14,1 18:24:32 05/11/20
0,99.9,5.6,2.84,2.84,0.23,0.18,0 18:30:00 05/11/20
0,99.9,5.4,2.84,2.84,0.14,0.13,1 18:35:26 05/11/20
0,99.9,5.2,2.84,2.84,0.12,0.11,1 18:40:58 05/11/20
0,99.9,5.1,2.84,2.84,0.23,0.18,0 18:46:31 05/11/20
0,99.9,5.0,2.84,2.84,0.15,0.14,1 18:51:57 05/11/20
0,99.9,4.8,2.84,2.84,0.23,0.18,0 18:57:25 05/11/20
0,99.9,4.7,2.84,2.84,0.15,0.14,1 19:02:53 05/11/20
0,99.9,4.5,2.84,2.84,0.22,0.18,0 19:08:19 05/11/20
0,99.9,4.4,2.84,2.84,0.18,0.14,0 19:13:51 05/11/20
0,99.9,4.3,2.84,2.84,0.15,0.14,1 19:19:23 05/11/20
0,99.9,4.2,2.84,2.84,0.22,0.18,0 19:24:50 05/11/20
0,99.9,4.1,2.84,2.84,0.19,0.15,0 19:30:21 05/11/20
0,99.9,4.0,2.84,2.84,0.15,0.14,1 19:35:54 05/11/20
0,99.9,3.9,2.84,2.84,0.23,0.18,0 19:41:22 05/11/20
0,99.9,3.8,2.84,2.84,0.15,0.14,1 19:46:48 05/11/20
0,99.9,3.7,2.84,2.84,0.23,0.18,0 19:52:16 05/11/20
0,99.9,3.6,2.84,2.84,0.13,0.12,1 19:57:41 05/11/20
0,99.9,3.5,2.84,2.84,0.21,0.17,0 20:03:18 05/11/20
0,99.9,3.5,2.84,2.84,0.15,0.14,1 20:08:46 05/11/20
0,99.9,3.4,2.84,2.84,0.21,0.17,0 20:14:13 05/11/20
0,99.9,3.3,2.84,2.84,0.15,0.14,1 20:19:41 05/11/20
0,99.9,3.3,2.84,2.84,0.23,0.18,0 20:25:09 05/11/20
0,99.9,3.3,2.84,2.84,0.13,0.12,1 20:30:33 05/11/20
0,99.9,3.3,2.84,2.84,0.22,0.18,0 20:36:02 05/11/20
0,99.9,3.4,2.84,2.84,0.19,0.15,0 20:41:34 05/11/20
0,99.9,3.5,2.84,2.84,0.15,0.14,1 20:47:06 05/11/20
0,99.9,3.6,2.84,2.84,0.23,0.18,0 20:52:34 05/11/20
0,99.9,3.7,2.84,2.84,0.13,0.12,1 20:57:58 05/11/20
0,99.9,3.8,2.84,2.84,0.12,0.12,1 21:03:31 05/11/20
0,99.9,3.9,2.84,2.84,0.23,0.18,0 21:09:04 05/11/20
0,99.9,3.9,2.84,2.84,0.15,0.14,1 21:14:32 05/11/20
0,99.9,4.0,2.84,2.84,0.22,0.18,0 21:19:58 05/11/20
0,99.9,4.0,2.84,2.84,0.19,0.15,0 21:25:29 05/11/20
0,99.9,3.9,2.84,2.84,0.15,0.14,1 21:31:02 05/11/20
0,99.9,3.9,2.84,2.84,0.23,0.18,0 21:36:30 05/11/20
0,99.9,3.9,2.84,2.84,0.15,0.14,1 21:41:57 05/11/20
0,99.9,3.9,2.84,2.84,0.22,0.18,0 21:47:24 05/11/20
0,99.9,3.9,2.84,2.84,0.18,0.14,0 21:52:55 05/11/20
0,99.9,4.0,2.84,2.84,0.15,0.14,1 21:58:27 05/11/20
0,99.9,4.0,2.84,2.84,0.22,0.18,0 22:03:54 05/11/20
0,99.9,4.1,2.84,2.84,0.15,0.14,1 22:09:22 05/11/20
0,99.9,4.1,2.84,2.84,0.23,0.18,0 22:14:49 05/11/20
0,99.9,4.1,2.84,2.84,0.15,0.14,1 22:20:17 05/11/20
0,99.9,4.1,2.84,2.84,0.22,0.18,0 22:25:43 05/11/20
0,99.9,4.1,2.84,2.84,0.13,0.13,1 22:31:09 05/11/20
0,99.9,4.1,2.84,2.83,0.23,0.18,0 22:36:39 05/11/20
0,99.9,4.1,2.84,2.84,0.15,0.14,1 22:42:06 05/11/20
0,99.9,4.1,2.84,2.83,0.23,0.19,0 22:47:34 05/11/20
0,99.9,4.0,2.84,2.83,0.15,0.14,1 22:53:00 05/11/20
0,99.9,4.0,2.84,2.83,0.22,0.18,0 22:58:27 05/11/20
0,99.9,3.9,2.84,2.84,0.15,0.14,1 23:03:54 05/11/20
0,99.9,3.8,2.84,2.83,0.23,0.18,0 23:09:22 05/11/20
0,99.9,3.7,2.84,2.83,0.15,0.14,1 23:14:50 05/11/20
0,99.9,3.6,2.84,2.83,0.22,0.18,0 23:20:16 05/11/20
0,99.9,3.5,2.84,2.84,0.19,0.15,0 23:25:47 05/11/20
0,99.9,3.4,2.84,2.83,0.15,0.14,1 23:31:20 05/11/20
0,99.9,3.3,2.84,2.83,0.23,0.18,0 23:36:48 05/11/20
0,99.9,3.2,2.84,2.83,0.15,0.14,1 23:42:15 05/11/20
0,99.9,3.1,2.84,2.83,0.22,0.18,0 23:47:42 05/11/20
0,99.9,2.9,2.84,2.83,0.15,0.14,1 23:53:09 05/11/20
0,99.9,2.8,2.84,2.83,0.23,0.18,0 23:58:36 05/11/20
