0,99.9,2.7,2.84,2.83,0.15,0.14,1 00:04:03 06/11/20
0,99.9,2.6,2.84,2.83,0.22,0.18,0 00:09:30 06/11/20
0,99.9,2.6,2.84,2.83,0.19,0.15,0 00:15:02 06/11/20
0,99.9,2.5,2.84,2.83,0.15,0.14,1 00:20:34 06/11/20
0,99.9,2.4,2.84,2.83,0.23,0.18,0 00:26:01 06/11/20
0,99.9,2.3,2.84,2.83,0.15,0.14,1 00:31:28 06/11/20
0,99.9,2.2,2.84,2.83,0.22,0.18,0 00:36:55 06/11/20
0,99.9,2.1,2.84,2.83,0.15,0.14,1 00:42:23 06/11/20
0,99.9,2.0,2.84,2.83,0.23,0.18,0 00:47:50 06/11/20
0,99.9,1.9,2.84,2.83,0.15,0.14,1 00:53:17 06/11/20
0,99.9,1.9,2.83,2.83,0.23,0.18,0 00:58:45 06/11/20
0,99.9,1.8,2.84,2.83,0.15,0.14,1 01:04:11 06/11/20
0,99.9,1.8,2.84,2.83,0.22,0.18,0 01:09:38 06/11/20
0,99.9,1.7,2.84,2.83,0.15,0.14,1 01:15:06 06/11/20
0,99.9,1.7,2.84,2.83,0.23,0.18,0 01:20:33 06/11/20
0,99.9,1.6,2.84,2.83,0.15,0.14,1 01:26:00 06/11/20
0,99.9,1.5,2.83,2.83,0.23,0.18,0 01:31:27 06/11/20
0,99.9,1.5,2.83,2.83,0.15,0.14,1 01:36:55 06/11/20
0,99.9,1.5,2.83,2.83,0.22,0.18,0 01:42:21 06/11/20
0,99.9,1.4,2.83,2.83,0.15,0.14,1 01:47:48 06/11/20
0,99.9,1.4,2.83,2.83,0.22,0.18,0 01:53:15 06/11/20
0,99.9,1.3,2.83,2.83,0.16,0.14,1 01:58:44 06/11/20
0,99.9,1.3,2.83,2.83,0.23,0.18,0 02:04:10 06/11/20
0,99.9,1.3,2.83,2.83,0.15,0.14,1 02:09:37 06/11/20
0,99.9,1.2,2.83,2.83,0.23,0.18,0 02:15:04 06/11/20
0,99.9,1.2,2.83,2.83,0.15,0.14,1 02:20:31 06/11/20
0,99.9,1.2,2.83,2.83,0.12,0.12,1 02:26:02 06/11/20
0,99.9,1.1,2.83,2.83,0.23,0.18,0 02:31:35 06/11/20
0,99.9,1.1,2.83,2.83,0.15,0.14,1 02:37:01 06/11/20
0,99.9,1.1,2.83,2.83,0.22,0.18,0 02:42:28 06/11/20
0,99.9,1.1,2.83,2.83,0.15,0.14,1 02:48:05 06/11/20
0,99.9,1.1,2.83,2.83,0.22,0.18,0 02:53:31 06/11/20
0,99.9,1.1,2.83,2.83,0.15,0.14,1 02:58:58 06/11/20
0,99.9,1.0,2.83,2.83,0.22,0.18,0 03:04:25 06/11/20
0,99.9,1.1,2.83,2.83,0.15,0.14,1 03:09:53 06/11/20
0,99.9,1.0,2.83,2.83,0.12,0.12,1 03:15:23 06/11/20
0,99.9,1.0,2.83,2.83,0.12,0.12,1 03:20:59 06/11/20
0,99.9,1.0,2.83,2.83,0.22,0.18,0 03:26:32 06/11/20
0,99.9,0.9,2.83,2.83,0.19,0.15,0 03:32:02 06/11/20
0,99.9,0.9,2.83,2.83,0.15,0.14,1 03:37:35 06/11/20
0,99.9,0.8,2.83,2.83,0.12,0.12,1 03:43:05 06/11/20
0,99.9,0.8,2.83,2.82,0.22,0.17,0 03:48:38 06/11/20
0,99.9,0.8,2.83,2.83,0.15,0.14,1 03:54:05 06/11/20
0,99.9,0.7,2.83,2.82,0.23,0.18,0 03:59:32 06/11/20
0,99.9,0.7,2.83,2.82,0.15,0.14,1 04:04:59 06/11/20
0,99.9,0.7,2.83,2.82,0.23,0.18,0 04:10:26 06/11/20
0,99.9,0.7,2.83,2.82,0.15,0.14,1 04:15:54 06/11/20
0,99.9,0.7,2.83,2.82,0.23,0.18,0 04:21:21 06/11/20
0,99.9,0.7,2.83,2.82,0.15,0.14,1 04:26:47 06/11/20
0,99.9,0.6,2.83,2.82,0.22,0.18,0 04:32:24 06/11/20
0,99.9,0.6,2.83,2.82,0.15,0.14,1 04:37:50 06/11/20
0,99.9,0.6,2.83,2.82,0.22,0.18,0 04:43:17 06/11/20
0,99.9,0.6,2.83,2.82,0.15,0.14,1 04:48:44 06/11/20
0,99.9,0.6,2.83,2.82,0.22,0.18,0 04:54:12 06/11/20
0,99.9,0.6,2.83,2.82,0.19,0.15,0 04:59:42 06/11/20
0,99.9,0.6,2.83,2.82,0.19,0.15,0 05:05:18 06/11/20
0,99.9,0.5,2.83,2.82,0.15,0.14,1 05:10:50 06/11/20
0,99.9,0.5,2.83,2.82,0.12,0.12,1 05:16:21 06/11/20
0,99.9,0.5,2.83,2.82,0.22,0.18,0 05:21:53 06/11/20
0,99.9,0.5,2.83,2.82,0.19,0.15,0 05:27:24 06/11/20
0,99.9,0.5,2.83,2.82,0.19,0.15,0 05:33:00 06/11/20
0,99.9,0.5,2.83,2.82,0.15,0.14,1 05:38:32 06/11/20
0,99.9,0.5,2.83,2.82,0.22,0.18,0 05:43:59 06/11/20
0,99.9,0.5,2.83,2.82,0.15,0.14,1 05:49:26 06/11/20
0,99.9,0.5,2.83,2.82,0.22,0.18,0 05:54:54 06/11/20
0,99.9,0.5,2.83,2.82,0.12,0.1,0 06:00:22 06/11/20
0,99.9,0.5,2.83,2.82,0.15,0.14,1 06:05:48 06/11/20
0,99.9,0.5,2.83,2.82,0.23,0.18,0 06:11:15 06/11/20
0,99.9,0.4,2.83,2.82,0.15,0.14,1 06:16:48 06/11/20
0,99.9,0.4,2.83,2.82,0.23,0.18,0 06:22:18 06/11/20
0,99.9,0.4,2.83,2.82,0.15,0.14,1 06:27:45 06/11/20
0,99.9,0.4,2.83,2.82,0.23,0.18,0 06:33:12 06/11/20
0,99.9,0.4,2.83,2.82,0.15,0.14,1 06:38:39 06/11/20
0,99.9,0.4,2.83,2.82,0.23,0.18,0 06:44:07 06/11/20
0,99.9,0.4,2.83,2.82,0.15,0.14,1 06:49:34 06/11/20
0,99.9,0.4,2.83,2.82,0.22,0.17,0 06:55:00 06/11/20
0,99.9,0.3,2.83,2.82,0.15,0.14,1 07:00:27 06/11/20
0,99.9,0.3,2.83,2.82,0.12,0.12,1 07:05:58 06/11/20
0,99.9,0.3,2.83,2.82,0.22,0.17,0 07:11:30 06/11/20
0,99.9,0.3,2.83,2.82,0.15,0.14,1 07:16:57 06/11/20
0,99.9,0.2,2.83,2.82,0.22,0.17,0 07:22:24 06/11/20
0,99.9,0.2,2.83,2.82,0.15,0.14,1 07:27:51 06/11/20
0,99.9,0.2,2.83,2.82,0.22,0.17,0 07:33:18 06/11/20
0,99.9,0.2,2.83,2.82,0.15,0.14,1 07:38:46 06/11/20
0,99.9,0.2,2.83,2.82,0.22,0.17,0 07:44:13 06/11/20
0,99.9,0.2,2.83,2.82,0.19,0.14,0 07:49:43 06/11/20
0,99.9,0.2,2.83,2.82,0.15,0.14,1 07:55:15 06/11/20
0,99.9,0.2,2.83,2.82,0.22,0.17,0 08:00:43 06/11/20
0,99.9,0.3,2.83,2.82,0.15,0.14,1 08:06:10 06/11/20
0,99.9,0.3,2.83,2.82,0.12,0.12,1 08:11:46 06/11/20
0,99.9,0.4,2.83,2.82,0.22,0.17,0 08:17:13 06/11/20
0,99.9,0.5,2.83,2.82,0.15,0.14,1 08:22:40 06/11/20
0,99.9,1.8,2.82,2.82,0.15,0.14,1 08:43:08 06/11/20
0,99.9,1.7,2.83,2.82,0.22,0.17,0 08:48:35 06/11/20
0,99.9,1.7,2.82,2.82,0.19,0.14,0 08:54:06 06/11/20
0,99.9,1.8,2.83,2.82,0.19,0.14,0 08:59:42 06/11/20
0,99.9,2.0,2.82,2.82,0.19,0.14,0 09:05:18 06/11/20
0,99.9,2.3,2.82,2.82,0.19,0.14,0 09:10:55 06/11/20
0,99.9,2.6,2.82,2.81,0.15,0.14,1 09:16:27 06/11/20
0,99.9,3.0,2.82,2.81,0.23,0.17,0 09:21:54 06/11/20
0,99.9,3.6,2.82,2.81,0.15,0.14,1 09:27:22 06/11/20
0,99.9,4.2,2.82,2.81,0.22,0.17,0 09:32:48 06/11/20
0,99.9,4.9,2.82,2.82,0.15,0.14,1 09:38:16 06/11/20
0,99.9,5.8,2.82,2.81,0.23,0.17,0 09:43:43 06/11/20
0,99.9,6.7,2.82,2.82,0.15,0.14,1 09:49:10 06/11/20
0,99.9,7.8,2.82,2.81,0.23,0.17,0 09:54:38 06/11/20
0,99.9,9.4,2.82,2.82,0.15,0.14,1 10:00:05 06/11/20
0,99.9,11.2,2.82,2.82,0.21,0.16,0 10:05:32 06/11/20
0,99.9,12.8,2.82,2.82,0.14,0.14,1 10:11:00 06/11/20
0,99.9,13.9,2.83,2.82,0.13,0.14,1 10:16:34 06/11/20
0,99.9,14.3,2.82,2.82,0.23,0.18,0 10:22:06 06/11/20
0,99.9,14.9,2.82,2.82,0.16,0.15,1 10:27:35 06/11/20
0,99.9,15.1,2.82,2.81,0.22,0.17,0 10:33:02 06/11/20
0,99.9,14.9,2.82,2.82,0.15,0.14,1 10:38:30 06/11/20
0,99.9,14.7,2.83,2.82,0.24,0.17,0 10:43:59 06/11/20
0,99.9,14.4,2.82,2.82,0.16,0.14,1 10:49:28 06/11/20
0,99.9,14.3,2.82,2.81,0.23,0.17,0 10:54:55 06/11/20
0,99.9,14.2,2.82,2.82,0.15,0.14,1 11:00:23 06/11/20
0,99.9,14.1,2.82,2.82,0.23,0.17,0 11:05:52 06/11/20
0,99.9,14.0,2.82,2.81,0.15,0.14,1 11:11:19 06/11/20
0,99.9,13.9,2.82,2.81,0.21,0.15,0 11:16:45 06/11/20
0,99.9,13.7,2.82,2.82,0.15,0.14,1 11:22:16 06/11/20
0,99.9,13.7,2.82,2.82,0.23,0.17,0 11:27:44 06/11/20
0,99.9,13.7,2.82,2.82,0.15,0.14,1 11:33:11 06/11/20
0,99.9,13.8,2.82,2.82,0.23,0.16,0 11:38:39 06/11/20
0,99.9,14.0,2.82,2.82,0.15,0.14,1 11:44:07 06/11/20
0,99.9,14.7,2.82,2.82,0.23,0.16,0 11:49:35 06/11/20
0,99.9,16.4,2.82,2.82,0.19,0.14,0 11:55:07 06/11/20
0,99.9,18.8,2.82,2.82,0.16,0.15,1 12:00:41 06/11/20
0,99.9,20.9,2.82,2.82,0.23,0.17,0 12:06:09 06/11/20
0,99.9,22.8,2.82,2.82,0.13,0.13,1 12:11:36 06/11/20
0,99.9,24.5,2.82,2.82,0.23,0.17,0 12:17:07 06/11/20
0,99.9,25.9,2.82,2.82,0.15,0.14,1 12:22:37 06/11/20
0,99.9,26.9,2.82,2.82,0.23,0.16,0 12:28:06 06/11/20
0,99.9,27.5,2.82,2.82,0.15,0.14,1 12:33:36 06/11/20
0,99.9,28.0,2.82,2.82,0.23,0.16,0 12:39:06 06/11/20
0,99.9,28.0,2.82,2.82,0.15,0.14,1 12:44:35 06/11/20
0,99.9,27.8,2.82,2.82,0.23,0.17,0 12:50:06 06/11/20
0,99.9,27.3,2.82,2.82,0.15,0.14,1 12:55:35 06/11/20
0,99.9,26.2,2.82,2.82,0.23,0.16,0 13:01:04 06/11/20
0,99.9,25.2,2.82,2.82,0.15,0.14,1 13:06:34 06/11/20
0,99.9,24.4,2.82,2.82,0.23,0.16,0 13:12:03 06/11/20
0,99.9,23.7,2.82,2.82,0.15,0.14,1 13:17:32 06/11/20
0,99.9,23.2,2.82,2.82,0.23,0.16,0 13:23:02 06/11/20
0,99.9,23.0,2.83,2.82,0.16,0.15,1 13:28:32 06/11/20
0,99.9,23.4,2.82,2.82,0.23,0.17,0 13:34:00 06/11/20
0,99.9,23.6,2.83,2.82,0.15,0.14,1 13:39:29 06/11/20
0,99.9,23.5,2.83,2.82,0.12,0.12,1 13:45:03 06/11/20
0,99.9,23.0,2.83,2.82,0.23,0.16,0 13:50:36 06/11/20
0,99.9,22.1,2.83,2.82,0.15,0.14,1 13:56:05 06/11/20
0,99.9,21.4,2.83,2.82,0.23,0.17,0 14:01:35 06/11/20
0,99.9,20.9,2.83,2.82,0.15,0.14,1 14:07:03 06/11/20
0,99.9,20.6,2.83,2.83,0.23,0.17,0 14:12:32 06/11/20
0,99.9,20.3,2.83,2.83,0.15,0.14,1 14:18:01 06/11/20
0,99.9,20.1,2.83,2.83,0.23,0.17,0 14:23:29 06/11/20
0,99.9,19.9,2.83,2.83,0.15,0.14,1 14:28:59 06/11/20
0,99.9,19.9,2.83,2.83,0.23,0.17,0 14:34:27 06/11/20
0,99.9,19.9,2.83,2.83,0.15,0.14,1 14:39:55 06/11/20
0,99.9,19.7,2.83,2.83,0.23,0.16,0 14:45:24 06/11/20
0,99.9,19.3,2.83,2.83,0.15,0.14,1 14:50:53 06/11/20
0,99.9,19.0,2.83,2.83,0.23,0.16,0 14:56:22 06/11/20
0,99.9,18.6,2.83,2.83,0.15,0.14,1 15:01:51 06/11/20
0,99.9,18.2,2.83,2.83,0.23,0.17,0 15:07:19 06/11/20
0,99.9,17.8,2.83,2.83,0.15,0.14,1 15:12:47 06/11/20
0,99.9,17.5,2.83,2.83,0.23,0.17,0 15:18:18 06/11/20
0,99.9,17.2,2.83,2.83,0.15,0.14,1 15:23:44 06/11/20
0,99.9,16.8,2.83,2.83,0.23,0.16,0 15:29:12 06/11/20
0,99.9,16.6,2.83,2.83,0.15,0.14,1 15:34:41 06/11/20
0,99.9,16.4,2.83,2.83,0.23,0.17,0 15:40:10 06/11/20
0,99.9,16.2,2.83,2.83,0.15,0.14,1 15:45:37 06/11/20
0,99.9,16.1,2.83,2.83,0.23,0.17,0 15:51:06 06/11/20
0,99.9,16.2,2.83,2.83,0.15,0.14,1 15:56:34 06/11/20
0,99.9,16.2,2.83,2.83,0.23,0.17,0 16:02:07 06/11/20
0,99.9,16.2,2.83,2.83,0.13,0.1,0 16:07:41 06/11/20
0,99.9,16.1,2.83,2.83,0.15,0.14,1 16:13:08 06/11/20
0,99.9,15.8,2.83,2.83,0.23,0.17,0 16:18:37 06/11/20
0,99.9,15.4,2.83,2.83,0.14,0.13,1 16:24:05 06/11/20
0,99.9,14.9,2.83,2.83,0.08,0.09,1 16:29:34 06/11/20
0,99.9,14.4,2.83,2.83,0.23,0.17,0 16:35:02 06/11/20
0,99.9,13.9,2.83,2.84,0.13,0.13,1 16:40:30 06/11/20
0,99.9,12.3,2.83,2.84,0.19,0.14,0 17:16:03 06/11/20
0,99.9,12.2,2.83,2.84,0.23,0.17,0 17:17:28 06/11/20
0,99.9,11.2,2.83,2.84,0.15,0.14,1 17:22:56 06/11/20
0,99.9,10.5,2.83,2.84,0.22,0.16,0 17:28:23 06/11/20
0,99.9,9.9,2.83,2.84,0.15,0.14,1 17:33:52 06/11/20
0,99.9,9.5,2.84,2.84,0.23,0.17,0 17:39:19 06/11/20
0,99.9,9.2,2.84,2.84,0.15,0.14,1 17:44:47 06/11/20
0,99.9,8.9,2.83,2.84,0.19,0.14,0 17:50:12 06/11/20
0,99.9,8.7,2.84,2.84,0.15,0.14,1 17:55:42 06/11/20
0,99.9,8.5,2.84,2.84,0.22,0.16,0 18:01:10 06/11/20
0,99.9,8.3,2.84,2.84,0.15,0.14,1 18:06:37 06/11/20
0,99.9,8.1,2.84,2.84,0.23,0.17,0 18:12:05 06/11/20
0,99.9,7.9,2.84,2.84,0.15,0.14,1 18:17:32 06/11/20
0,99.9,7.7,2.84,2.84,0.23,0.17,0 18:23:01 06/11/20
0,99.9,7.6,2.84,2.84,0.19,0.14,0 18:28:31 06/11/20
0,99.9,7.4,2.84,2.84,0.15,0.14,1 18:34:04 06/11/20
0,99.9,7.3,2.84,2.84,0.21,0.15,0 18:39:31 06/11/20
0,99.9,7.2,2.84,2.84,0.15,0.14,1 18:45:00 06/11/20
0,99.9,7.1,2.84,2.84,0.22,0.16,0 18:50:27 06/11/20
0,99.9,7.1,2.84,2.84,0.15,0.14,1 18:55:55 06/11/20
0,99.9,7.1,2.84,2.84,0.12,0.12,1 19:01:25 06/11/20
0,99.9,7.1,2.84,2.84,0.23,0.17,0 19:06:59 06/11/20
0,99.9,7.1,2.84,2.84,0.15,0.14,1 19:12:26 06/11/20
0,99.9,7.2,2.84,2.84,0.23,0.17,0 19:17:54 06/11/20
0,99.9,7.2,2.84,2.84,0.15,0.14,1 19:23:21 06/11/20
1,99.9,7.1,2.84,2.84,0.22,0.16,0 19:28:48 06/11/20
0,99.9,7.1,2.84,2.84,0.15,0.14,1 19:34:16 06/11/20
0,99.9,7.1,2.84,2.84,0.23,0.17,0 19:39:44 06/11/20
0,99.9,7.0,2.84,2.84,0.15,0.14,1 19:45:11 06/11/20
0,99.9,7.0,2.84,2.84,0.22,0.16,0 19:50:38 06/11/20
0,99.9,6.9,2.84,2.84,0.14,0.14,1 19:56:05 06/11/20
0,99.9,6.9,2.84,2.84,0.22,0.16,0 20:01:33 06/11/20
0,99.9,6.8,2.84,2.84,0.13,0.13,1 20:06:59 06/11/20
0,99.9,6.8,2.84,2.84,0.12,0.12,1 20:12:32 06/11/20
0,99.9,6.7,2.84,2.84,0.23,0.17,0 20:18:05 06/11/20
0,99.9,6.7,2.84,2.84,0.15,0.14,1 20:23:32 06/11/20
0,99.9,6.6,2.84,2.84,0.2,0.15,0 20:28:58 06/11/20
0,99.9,6.5,2.84,2.84,0.15,0.14,1 20:34:27 06/11/20
0,99.9,6.5,2.84,2.84,0.12,0.12,1 20:39:59 06/11/20
0,99.9,6.4,2.84,2.84,0.24,0.17,0 20:45:33 06/11/20
0,99.9,6.4,2.84,2.84,0.14,0.13,1 20:50:57 06/11/20
0,99.9,6.3,2.84,2.84,0.2,0.15,0 20:56:24 06/11/20
0,99.9,6.2,2.84,2.84,0.15,0.14,1 21:01:53 06/11/20
0,99.9,6.1,2.84,2.84,0.23,0.17,0 21:07:24 06/11/20
0,99.9,6.0,2.84,2.84,0.15,0.14,1 21:12:58 06/11/20
0,99.9,5.9,2.84,2.84,0.22,0.16,0 21:18:25 06/11/20
0,99.9,5.8,2.84,2.84,0.15,0.14,1 21:23:52 06/11/20
0,99.9,5.7,2.86,2.85,0.21,0.15,0 21:29:18 06/11/20
0,99.9,5.6,2.84,2.84,0.15,0.14,1 21:34:47 06/11/20
0,99.9,5.5,2.84,2.84,0.23,0.17,0 21:40:15 06/11/20
0,99.9,5.4,2.84,2.84,0.19,0.14,0 21:45:48 06/11/20
0,99.9,5.3,2.84,2.84,0.15,0.14,1 21:51:18 06/11/20
0,99.9,5.2,2.84,2.84,0.22,0.16,0 21:56:45 06/11/20
0,99.9,5.1,2.84,2.84,0.15,0.14,1 22:02:13 06/11/20
0,99.9,5.0,2.84,2.84,0.23,0.17,0 22:07:40 06/11/20
0,99.9,4.9,2.84,2.84,0.15,0.14,1 22:13:07 06/11/20
0,99.9,4.8,2.84,2.84,0.23,0.17,0 22:18:35 06/11/20
0,99.9,4.7,2.84,2.84,0.15,0.14,1 22:24:03 06/11/20
0,99.9,4.6,2.84,2.83,0.22,0.16,0 22:29:29 06/11/20
0,99.9,4.5,2.84,2.84,0.15,0.14,1 22:34:57 06/11/20
0,99.9,4.4,2.84,2.83,0.23,0.17,0 22:40:25 06/11/20
0,99.9,4.3,2.84,2.84,0.15,0.14,1 22:45:51 06/11/20
0,99.9,4.2,2.84,2.83,0.22,0.15,0 22:51:18 06/11/20
0,99.9,4.0,2.84,2.84,0.18,0.13,0 22:56:51 06/11/20
0,99.9,3.9,2.84,2.84,0.15,0.14,1 23:02:23 06/11/20
0,99.9,3.9,2.84,2.83,0.22,0.16,0 23:07:50 06/11/20
0,99.9,3.8,2.84,2.84,0.15,0.14,1 23:13:17 06/11/20
0,99.9,3.6,2.84,2.83,0.23,0.17,0 23:18:44 06/11/20
0,99.9,3.6,2.84,2.83,0.13,0.12,1 23:24:09 06/11/20
0,99.9,3.4,2.84,2.83,0.22,0.17,0 23:29:38 06/11/20
0,99.9,3.4,2.84,2.83,0.15,0.14,1 23:35:06 06/11/20
0,99.9,3.3,2.84,2.83,0.2,0.15,0 23:40:31 06/11/20
0,99.9,3.2,2.84,2.83,0.15,0.14,1 23:46:00 06/11/20
0,99.9,3.1,2.84,2.84,0.12,0.12,1 23:51:31 06/11/20
0,99.9,3.1,2.84,2.83,0.12,0.12,1 23:57:07 06/11/20
