0,99.9,3.0,2.84,2.83,0.12,0.12,1 00:02:44 07/11/20
0,99.9,3.0,2.84,2.83,0.23,0.17,0 00:08:16 07/11/20
0,99.9,2.9,2.84,2.83,0.15,0.14,1 00:13:43 07/11/20
0,99.9,2.9,2.84,2.83,0.23,0.17,0 00:19:11 07/11/20
0,99.9,2.8,2.84,2.83,0.13,0.12,1 00:24:36 07/11/20
0,99.9,2.8,2.84,2.83,0.21,0.16,0 00:30:04 07/11/20
0,99.9,2.7,2.84,2.83,0.15,0.14,1 00:35:32 07/11/20
0,99.9,2.7,2.83,2.83,0.23,0.17,0 00:40:59 07/11/20
0,99.9,2.6,2.84,2.83,0.15,0.14,1 00:46:26 07/11/20
0,99.9,2.5,2.84,2.83,0.22,0.17,0 00:51:53 07/11/20
0,99.9,2.5,2.84,2.83,0.15,0.14,1 00:57:21 07/11/20
0,99.9,2.4,2.83,2.83,0.23,0.17,0 01:02:51 07/11/20
0,99.9,2.4,2.84,2.83,0.15,0.14,1 01:08:25 07/11/20
0,99.9,2.3,2.83,2.83,0.2,0.15,0 01:13:49 07/11/20
0,99.9,2.3,2.83,2.83,0.19,0.14,0 01:19:22 07/11/20
0,99.9,2.2,2.83,2.83,0.15,0.14,1 01:24:54 07/11/20
0,99.9,2.2,2.84,2.83,0.12,0.12,1 01:30:25 07/11/20
0,99.9,2.2,2.83,2.83,0.21,0.16,0 01:35:56 07/11/20
0,99.9,2.2,2.84,2.83,0.19,0.14,0 01:41:29 07/11/20
0,99.9,2.2,2.83,2.83,0.15,0.14,1 01:47:01 07/11/20
0,99.9,2.1,2.83,2.83,0.2,0.16,0 01:52:26 07/11/20
0,99.9,2.1,2.83,2.83,0.15,0.14,1 01:57:56 07/11/20
0,99.9,2.1,2.83,2.83,0.22,0.17,0 02:03:22 07/11/20
0,99.9,2.1,2.83,2.83,0.15,0.14,1 02:08:49 07/11/20
0,99.9,2.1,2.83,2.83,0.2,0.16,0 02:14:15 07/11/20
0,99.9,2.1,2.83,2.83,0.15,0.14,1 02:19:44 07/11/20
0,99.9,2.2,2.83,2.83,0.23,0.18,0 02:25:12 07/11/20
0,99.9,2.2,2.83,2.83,0.15,0.14,1 02:30:38 07/11/20
0,99.9,2.3,2.83,2.83,0.22,0.17,0 02:36:06 07/11/20
0,99.9,2.4,2.83,2.83,0.16,0.14,1 02:41:34 07/11/20
0,99.9,2.5,2.83,2.83,0.23,0.17,0 02:47:02 07/11/20
0,99.9,2.6,2.83,2.83,0.15,0.14,1 02:52:28 07/11/20
0,99.9,2.6,2.83,2.83,0.22,0.17,0 02:57:54 07/11/20
0,99.9,2.6,2.83,2.83,0.16,0.14,1 03:03:23 07/11/20
0,99.9,2.7,2.83,2.83,0.23,0.17,0 03:08:49 07/11/20
0,99.9,2.7,2.83,2.83,0.15,0.14,1 03:14:16 07/11/20
0,99.9,2.7,2.83,2.83,0.12,0.12,1 03:19:47 07/11/20
0,99.9,2.8,2.83,2.83,0.22,0.17,0 03:25:19 07/11/20
0,99.9,2.9,2.83,2.83,0.14,0.13,1 03:30:45 07/11/20
0,99.9,2.9,2.83,2.83,0.23,0.17,0 03:36:14 07/11/20
0,99.9,3.0,2.83,2.83,0.15,0.14,1 03:41:41 07/11/20
0,99.9,3.0,2.83,2.83,0.22,0.17,0 03:47:08 07/11/20
0,99.9,3.1,2.83,2.83,0.14,0.13,1 03:52:34 07/11/20
0,99.9,3.1,2.83,2.83,0.12,0.12,1 03:58:06 07/11/20
0,99.9,3.2,2.83,2.83,0.23,0.18,0 04:03:39 07/11/20
0,99.9,3.2,2.83,2.83,0.15,0.14,1 04:09:06 07/11/20
0,99.9,3.3,2.83,2.83,0.23,0.17,0 04:14:33 07/11/20
0,99.9,3.3,2.83,2.83,0.15,0.14,1 04:20:01 07/11/20
0,99.9,3.3,2.83,2.83,0.23,0.18,0 04:25:28 07/11/20
0,99.9,3.3,2.83,2.82,0.13,0.12,1 04:30:54 07/11/20
0,99.9,3.3,2.83,2.82,0.22,0.17,0 04:36:22 07/11/20
0,99.9,3.3,2.83,2.82,0.15,0.14,1 04:41:50 07/11/20
0,99.9,3.3,2.83,2.82,0.23,0.18,0 04:47:17 07/11/20
0,99.9,3.3,2.83,2.83,0.15,0.14,1 04:52:45 07/11/20
0,99.9,3.3,2.83,2.82,0.22,0.17,0 04:58:11 07/11/20
0,99.9,3.2,2.83,2.82,0.15,0.14,1 05:03:39 07/11/20
0,99.9,3.2,2.83,2.82,0.23,0.18,0 05:09:06 07/11/20
0,99.9,3.2,2.83,2.82,0.15,0.14,1 05:14:34 07/11/20
0,99.9,3.2,2.83,2.82,0.2,0.15,0 05:19:58 07/11/20
0,99.9,3.2,2.83,2.82,0.14,0.13,1 05:25:27 07/11/20
0,99.9,3.3,2.83,2.82,0.23,0.18,0 05:30:55 07/11/20
0,99.9,3.3,2.83,2.82,0.15,0.14,1 05:36:23 07/11/20
0,99.9,3.3,2.83,2.82,0.23,0.17,0 05:41:49 07/11/20
0,99.9,3.3,2.83,2.82,0.15,0.14,1 05:47:16 07/11/20
0,99.9,3.4,2.83,2.82,0.23,0.18,0 05:52:44 07/11/20
0,99.9,3.4,2.83,2.82,0.15,0.14,1 05:58:12 07/11/20
0,99.9,3.4,2.83,2.82,0.23,0.17,0 06:03:38 07/11/20
0,99.9,3.4,2.83,2.82,0.15,0.14,1 06:09:06 07/11/20
0,99.9,3.5,2.83,2.82,0.23,0.18,0 06:14:33 07/11/20
0,99.9,3.5,2.83,2.82,0.15,0.14,1 06:20:01 07/11/20
0,99.9,3.5,2.83,2.82,0.23,0.17,0 06:25:30 07/11/20
0,99.9,3.6,2.83,2.82,0.15,0.14,1 06:30:55 07/11/20
0,99.9,3.6,2.83,2.82,0.21,0.16,0 06:36:21 07/11/20
0,99.9,3.6,2.83,2.82,0.15,0.14,1 06:41:49 07/11/20
0,99.9,3.6,2.83,2.82,0.23,0.17,0 06:47:17 07/11/20
0,99.9,3.7,2.83,2.82,0.16,0.14,1 06:52:45 07/11/20
0,99.9,3.7,2.83,2.82,0.23,0.17,0 06:58:11 07/11/20
0,99.9,3.7,2.83,2.82,0.15,0.14,1 07:03:38 07/11/20
0,99.9,3.8,2.83,2.82,0.23,0.18,0 07:09:06 07/11/20
0,99.9,3.8,2.83,2.82,0.14,0.13,1 07:14:34 07/11/20
0,99.9,3.8,2.83,2.82,0.21,0.16,0 07:19:59 07/11/20
0,99.9,3.8,2.83,2.82,0.15,0.14,1 07:25:28 07/11/20
0,99.9,3.8,2.83,2.82,0.23,0.18,0 07:30:56 07/11/20
0,99.9,3.8,2.83,2.82,0.15,0.14,1 07:36:23 07/11/20
0,99.9,3.8,2.83,2.82,0.13,0.12,1 07:41:53 07/11/20
0,99.9,3.8,2.83,2.82,0.23,0.18,0 07:47:26 07/11/20
0,99.9,3.9,2.83,2.82,0.15,0.14,1 07:52:54 07/11/20
0,99.9,3.9,2.83,2.82,0.21,0.16,0 07:58:19 07/11/20
0,99.9,4.0,2.83,2.82,0.15,0.14,1 08:03:48 07/11/20
0,99.9,4.1,2.83,2.82,0.21,0.16,0 08:09:13 07/11/20
0,99.9,4.2,2.83,2.82,0.19,0.15,0 08:14:46 07/11/20
0,99.9,4.4,2.83,2.82,0.15,0.14,1 08:20:21 07/11/20
0,99.9,4.5,2.83,2.82,0.23,0.18,0 08:25:46 07/11/20
0,99.9,4.7,2.83,2.82,0.15,0.14,1 08:31:22 07/11/20
0,99.9,4.9,2.83,2.82,0.22,0.17,0 08:36:49 07/11/20
0,99.9,5.0,2.83,2.82,0.15,0.14,1 08:42:17 07/11/20
0,99.9,5.3,2.83,2.82,0.23,0.17,0 08:47:44 07/11/20
0,99.9,5.5,2.83,2.82,0.14,0.13,1 08:53:19 07/11/20
0,99.9,5.8,2.83,2.82,0.23,0.18,0 08:58:48 07/11/20
0,99.9,6.1,2.83,2.82,0.15,0.14,1 09:04:15 07/11/20
0,99.9,6.4,2.83,2.82,0.13,0.12,1 09:09:47 07/11/20
0,99.9,6.7,2.83,2.82,0.23,0.17,0 09:15:19 07/11/20
0,99.9,7.2,2.83,2.82,0.16,0.14,1 09:20:47 07/11/20
0,99.9,7.6,2.83,2.82,0.23,0.17,0 09:26:14 07/11/20
0,99.9,8.1,2.83,2.82,0.16,0.14,1 09:31:42 07/11/20
0,99.9,8.7,2.82,2.82,0.23,0.18,0 09:37:09 07/11/20
0,99.9,9.4,2.83,2.82,0.16,0.14,1 09:42:38 07/11/20
0,99.9,10.1,2.82,2.82,0.21,0.16,0 09:48:03 07/11/20
0,99.9,10.9,2.83,2.82,0.16,0.14,1 09:53:34 07/11/20
0,99.9,12.0,2.82,2.82,0.23,0.18,0 09:59:03 07/11/20
0,99.9,13.4,2.83,2.82,0.14,0.13,1 10:04:27 07/11/20
0,99.9,14.6,2.82,2.82,0.23,0.18,0 10:09:56 07/11/20
0,99.9,15.8,2.82,2.82,0.16,0.14,1 10:15:25 07/11/20
0,99.9,16.7,2.83,2.82,0.23,0.18,0 10:20:53 07/11/20
0,99.9,17.3,2.83,2.82,0.13,0.12,1 10:26:28 07/11/20
0,99.9,17.6,2.83,2.82,0.13,0.12,1 10:32:02 07/11/20
0,99.9,17.5,2.82,2.82,0.23,0.18,0 10:37:36 07/11/20
0,99.9,17.3,2.82,2.82,0.15,0.14,1 10:43:04 07/11/20
0,99.9,17.1,2.83,2.82,0.23,0.18,0 10:48:33 07/11/20
0,99.9,16.9,2.82,2.82,0.16,0.14,1 10:54:02 07/11/20
0,99.9,16.7,2.82,2.82,0.23,0.18,0 10:59:30 07/11/20
0,99.9,16.6,2.82,2.82,0.16,0.14,1 11:04:58 07/11/20
0,99.9,16.6,2.82,2.82,0.23,0.18,0 11:10:26 07/11/20
0,99.9,16.7,2.82,2.82,0.16,0.14,1 11:15:56 07/11/20
0,99.9,16.8,2.83,2.82,0.23,0.18,0 11:21:23 07/11/20
0,99.9,17.0,2.82,2.82,0.14,0.13,1 11:26:50 07/11/20
0,99.9,17.2,2.83,2.82,0.23,0.18,0 11:32:20 07/11/20
0,99.9,17.5,2.83,2.82,0.15,0.14,1 11:37:48 07/11/20
0,99.9,17.9,2.83,2.82,0.24,0.18,0 11:43:17 07/11/20
0,99.9,18.4,2.83,2.82,0.15,0.14,1 11:48:45 07/11/20
0,99.9,19.3,2.82,2.82,0.21,0.16,0 11:54:12 07/11/20
0,99.9,20.7,2.83,2.82,0.15,0.14,1 11:59:42 07/11/20
0,99.9,21.9,2.83,2.82,0.2,0.16,0 12:05:09 07/11/20
0,99.9,22.3,2.83,2.82,0.15,0.14,1 12:10:40 07/11/20
0,99.9,22.3,2.83,2.82,0.23,0.18,0 12:16:10 07/11/20
0,99.9,22.1,2.83,2.82,0.16,0.14,1 12:21:39 07/11/20
0,99.9,22.5,2.83,2.82,0.24,0.18,0 12:27:08 07/11/20
0,99.9,23.6,2.83,2.83,0.16,0.14,1 12:32:42 07/11/20
0,99.9,24.9,2.83,2.82,0.2,0.16,0 12:38:12 07/11/20
0,99.9,25.9,2.83,2.82,0.19,0.15,0 12:43:48 07/11/20
0,99.9,26.6,2.83,2.82,0.16,0.14,1 12:49:23 07/11/20
0,99.9,26.7,2.83,2.83,0.13,0.12,1 12:54:55 07/11/20
0,99.9,26.4,2.83,2.83,0.24,0.19,0 13:00:31 07/11/20
0,99.9,25.9,2.83,2.83,0.16,0.14,1 13:06:01 07/11/20
3,99.9,25.6,2.83,2.83,0.23,0.19,0 13:11:30 07/11/20
0,99.9,25.5,2.83,2.83,0.15,0.14,1 13:16:58 07/11/20
0,99.9,25.3,2.83,2.83,0.09,0.09,1 13:22:30 07/11/20
0,99.9,25.5,2.83,2.83,0.23,0.18,0 13:28:00 07/11/20
0,99.9,25.9,2.83,2.83,0.19,0.16,0 13:33:30 07/11/20
0,99.9,26.1,2.83,2.83,0.16,0.14,1 13:39:05 07/11/20
0,99.9,25.9,2.83,2.83,0.23,0.18,0 13:44:34 07/11/20
0,99.9,25.4,2.83,2.83,0.14,0.13,1 13:50:02 07/11/20
0,99.9,24.7,2.83,2.83,0.24,0.19,0 13:55:34 07/11/20
0,99.9,24.1,2.83,2.83,0.15,0.14,1 14:01:02 07/11/20
0,99.9,23.9,2.83,2.83,0.24,0.19,0 14:06:33 07/11/20
0,99.9,23.8,2.83,2.83,0.16,0.14,1 14:12:01 07/11/20
0,99.9,23.6,2.83,2.83,0.24,0.19,0 14:17:31 07/11/20
0,99.9,23.5,2.83,2.83,0.15,0.14,1 14:23:05 07/11/20
0,99.9,23.4,2.83,2.83,0.23,0.18,0 14:28:37 07/11/20
0,99.9,23.5,2.83,2.83,0.15,0.14,1 14:34:06 07/11/20
0,99.9,23.5,2.83,2.83,0.23,0.18,0 14:39:35 07/11/20
0,99.9,23.3,2.83,2.83,0.19,0.15,0 14:45:08 07/11/20
0,99.9,23.0,2.83,2.84,0.16,0.14,1 14:50:44 07/11/20
0,99.9,22.6,2.83,2.84,0.13,0.12,1 14:56:16 07/11/20
0,99.9,22.2,2.83,2.84,0.24,0.19,0 15:01:51 07/11/20
0,99.9,21.9,2.83,2.84,0.15,0.14,1 15:07:19 07/11/20
0,99.9,21.6,2.81,2.89,0.23,0.18,0 15:12:47 07/11/20
0,99.9,21.3,2.83,2.84,0.19,0.15,0 15:18:20 07/11/20
0,99.9,21.0,2.83,2.84,0.14,0.12,1 15:23:53 07/11/20
0,99.9,20.8,2.84,2.84,0.22,0.18,0 15:29:31 07/11/20
0,99.9,20.5,2.83,2.84,0.16,0.14,1 15:35:02 07/11/20
0,99.9,20.4,2.83,2.84,0.24,0.19,0 15:40:30 07/11/20
0,99.9,20.2,2.83,2.84,0.15,0.14,1 15:45:58 07/11/20
0,99.9,20.0,2.83,2.84,0.23,0.19,0 15:51:28 07/11/20
0,99.9,19.8,2.83,2.84,0.16,0.14,1 15:56:57 07/11/20
0,99.9,19.6,2.84,2.84,0.2,0.16,0 16:02:22 07/11/20
0,99.9,19.4,2.84,2.84,0.16,0.15,1 16:07:57 07/11/20
0,99.9,19.2,2.84,2.84,0.23,0.18,0 16:13:30 07/11/20
0,99.9,18.8,2.84,2.84,0.14,0.13,1 16:18:58 07/11/20
0,99.9,18.4,2.84,2.84,0.21,0.17,0 16:24:36 07/11/20
0,99.9,18.0,2.84,2.84,0.15,0.14,1 16:30:06 07/11/20
0,99.9,17.5,2.84,2.84,0.12,0.12,1 16:35:40 07/11/20
0,99.9,17.0,2.84,2.84,0.23,0.19,0 16:41:11 07/11/20
0,99.9,16.4,2.84,2.84,0.15,0.14,1 16:46:39 07/11/20
0,99.9,15.9,2.84,2.84,0.21,0.17,0 16:52:07 07/11/20
0,99.9,15.4,2.84,2.84,0.14,0.12,1 16:57:34 07/11/20
0,99.9,14.9,2.84,2.84,0.21,0.17,0 17:03:03 07/11/20
0,99.9,14.5,2.84,2.84,0.15,0.14,1 17:08:32 07/11/20
0,99.9,14.1,2.84,2.84,0.12,0.12,1 17:14:04 07/11/20
0,99.9,13.7,2.84,2.84,0.22,0.18,0 17:19:37 07/11/20
0,99.9,13.3,2.84,2.84,0.15,0.14,1 17:25:05 07/11/20
0,99.9,12.9,2.84,2.85,0.12,0.12,1 17:30:37 07/11/20
0,99.9,12.6,2.84,2.84,0.19,0.16,0 17:36:08 07/11/20
0,99.9,12.3,2.84,2.85,0.15,0.14,1 17:41:39 07/11/20
0,99.9,12.0,2.84,2.85,0.23,0.19,0 17:47:07 07/11/20
0,99.9,11.8,2.84,2.85,0.15,0.14,1 17:52:34 07/11/20
0,99.9,11.5,2.84,2.85,0.23,0.18,0 17:58:02 07/11/20
0,99.9,11.3,2.84,2.85,0.15,0.14,1 18:03:37 07/11/20
0,99.9,11.2,2.84,2.85,0.21,0.17,0 18:09:05 07/11/20
0,99.9,11.0,2.84,2.85,0.15,0.14,1 18:14:34 07/11/20
0,99.9,10.8,2.84,2.85,0.23,0.18,0 18:20:05 07/11/20
0,99.9,10.7,2.84,2.85,0.15,0.14,1 18:25:30 07/11/20
0,99.9,10.5,2.84,2.85,0.2,0.17,0 18:30:56 07/11/20
0,99.9,10.3,2.84,2.85,0.15,0.13,1 18:36:25 07/11/20
0,99.9,10.1,2.84,2.85,0.22,0.18,0 18:41:53 07/11/20
0,99.9,10.0,2.84,2.85,0.13,0.12,1 18:47:19 07/11/20
0,99.9,9.9,2.84,2.85,0.23,0.19,0 18:52:52 07/11/20
0,99.9,9.7,2.84,2.85,0.15,0.14,1 18:58:26 07/11/20
0,99.9,9.6,2.84,2.85,0.23,0.18,0 19:03:53 07/11/20
0,99.9,9.5,2.84,2.85,0.13,0.12,1 19:09:19 07/11/20
0,99.9,9.3,2.84,2.85,0.22,0.18,0 19:14:48 07/11/20
0,99.9,9.2,2.84,2.85,0.15,0.14,1 19:20:17 07/11/20
0,99.9,9.1,2.84,2.85,0.23,0.18,0 19:25:44 07/11/20
0,99.9,9.0,2.84,2.85,0.14,0.13,1 19:31:11 07/11/20
0,99.9,8.9,2.84,2.85,0.23,0.18,0 19:36:42 07/11/20
0,99.9,8.8,2.84,2.85,0.14,0.13,1 19:42:15 07/11/20
0,99.9,8.7,2.84,2.85,0.08,0.08,1 19:47:46 07/11/20
0,99.9,8.6,2.84,2.85,0.23,0.18,0 19:53:14 07/11/20
0,99.9,8.6,2.84,2.85,0.14,0.13,1 19:58:38 07/11/20
0,99.9,8.4,2.84,2.85,0.23,0.18,0 20:04:13 07/11/20
0,99.9,8.4,2.84,2.85,0.14,0.13,1 20:09:42 07/11/20
0,99.9,8.3,2.84,2.85,0.19,0.16,0 20:15:09 07/11/20
0,99.9,8.1,2.84,2.85,0.11,0.1,0 20:20:40 07/11/20
0,99.9,8.1,2.84,2.85,0.15,0.13,1 20:26:05 07/11/20
0,99.9,7.9,2.84,2.85,0.23,0.19,0 20:31:34 07/11/20
0,99.9,7.9,2.84,2.85,0.15,0.13,1 20:37:01 07/11/20
0,99.9,7.8,2.84,2.85,0.12,0.11,1 20:42:33 07/11/20
0,99.9,7.7,2.84,2.85,0.21,0.17,0 20:48:04 07/11/20
0,99.9,7.7,2.84,2.85,0.15,0.13,1 20:53:32 07/11/20
0,99.9,7.6,2.84,2.85,0.12,0.11,1 20:59:04 07/11/20
0,99.9,7.5,2.84,2.85,0.21,0.18,0 21:04:36 07/11/20
0,99.9,7.5,2.84,2.85,0.15,0.14,1 21:10:04 07/11/20
0,99.9,7.4,2.84,2.84,0.22,0.18,0 21:15:31 07/11/20
0,99.9,7.4,2.84,2.85,0.15,0.14,1 21:20:59 07/11/20
0,99.9,7.3,2.84,2.84,0.22,0.18,0 21:26:26 07/11/20
0,99.9,7.3,2.84,2.85,0.15,0.14,1 21:31:54 07/11/20
0,99.9,7.3,2.84,2.84,0.21,0.17,0 21:37:20 07/11/20
0,99.9,7.2,2.84,2.84,0.13,0.12,1 21:42:47 07/11/20
0,99.9,7.2,2.84,2.84,0.22,0.18,0 21:48:19 07/11/20
0,99.9,7.1,2.84,2.85,0.15,0.14,1 21:53:45 07/11/20
0,99.9,7.1,2.84,2.84,0.22,0.18,0 21:59:11 07/11/20
0,99.9,7.1,2.84,2.84,0.15,0.14,1 22:04:44 07/11/20
0,99.9,7.1,2.84,2.84,0.21,0.17,0 22:10:15 07/11/20
0,99.9,7.1,2.84,2.84,0.15,0.14,1 22:15:43 07/11/20
0,99.9,7.1,2.84,2.84,0.22,0.18,0 22:21:11 07/11/20
0,99.9,7.1,2.84,2.84,0.15,0.14,1 22:26:38 07/11/20
0,99.9,7.1,2.84,2.84,0.22,0.18,0 22:32:05 07/11/20
0,99.9,7.1,2.84,2.84,0.15,0.14,1 22:37:33 07/11/20
0,99.9,7.0,2.84,2.84,0.21,0.17,0 22:43:00 07/11/20
0,99.9,7.0,2.84,2.84,0.15,0.14,1 22:48:28 07/11/20
0,99.9,7.0,2.84,2.84,0.12,0.11,1 22:54:02 07/11/20
0,99.9,7.0,2.84,2.84,0.22,0.18,0 22:59:32 07/11/20
0,99.9,6.9,2.84,2.84,0.15,0.14,1 23:04:59 07/11/20
0,99.9,6.9,2.84,2.84,0.22,0.18,0 23:10:27 07/11/20
0,99.9,6.9,2.84,2.84,0.15,0.14,1 23:15:54 07/11/20
0,99.9,6.8,2.84,2.84,0.22,0.18,0 23:21:22 07/11/20
0,99.9,6.8,2.84,2.84,0.15,0.14,1 23:26:49 07/11/20
0,99.9,6.7,2.84,2.84,0.22,0.18,0 23:32:17 07/11/20
0,99.9,6.7,2.84,2.84,0.15,0.13,1 23:37:44 07/11/20
0,99.9,6.6,2.84,2.84,0.22,0.18,0 23:43:12 07/11/20
0,99.9,6.6,2.84,2.84,0.15,0.13,1 23:48:39 07/11/20
0,99.9,6.5,2.84,2.84,0.12,0.12,1 23:54:10 07/11/20
0,99.9,6.5,2.84,2.84,0.12,0.11,1 23:59:49 07/11/20
