0,99.9,6.5,2.84,2.84,0.22,0.18,0 00:05:19 08/11/20
0,99.9,6.4,2.84,2.84,0.15,0.14,1 00:10:47 08/11/20
0,99.9,6.4,2.84,2.84,0.19,0.16,0 00:16:12 08/11/20
0,99.9,6.4,2.84,2.84,0.13,0.12,1 00:21:40 08/11/20
0,99.9,6.4,2.84,2.84,0.22,0.18,0 00:27:09 08/11/20
0,99.9,6.3,2.84,2.84,0.16,0.14,1 00:32:38 08/11/20
0,99.9,6.3,2.84,2.84,0.22,0.18,0 00:38:05 08/11/20
0,99.9,6.3,2.84,2.84,0.15,0.13,1 00:43:32 08/11/20
0,99.9,6.3,2.84,2.84,0.22,0.18,0 00:49:02 08/11/20
0,99.9,6.4,2.84,2.84,0.15,0.13,1 00:54:35 08/11/20
0,99.9,6.4,2.84,2.84,0.23,0.18,0 01:00:03 08/11/20
0,99.9,6.4,2.84,2.84,0.15,0.13,1 01:05:30 08/11/20
0,99.9,6.4,2.84,2.84,0.23,0.18,0 01:10:58 08/11/20
0,99.9,6.4,2.84,2.84,0.15,0.14,1 01:16:26 08/11/20
0,99.9,6.5,2.84,2.84,0.22,0.18,0 01:21:53 08/11/20
0,99.9,6.5,2.84,2.84,0.15,0.14,1 01:27:20 08/11/20
0,99.9,6.5,2.84,2.84,0.12,0.12,1 01:32:51 08/11/20
0,99.9,6.5,2.84,2.84,0.23,0.18,0 01:38:25 08/11/20
0,99.9,6.4,2.84,2.84,0.15,0.13,1 01:43:51 08/11/20
0,99.9,6.4,2.84,2.84,0.23,0.18,0 01:49:19 08/11/20
0,99.9,6.3,2.84,2.84,0.15,0.14,1 01:54:56 08/11/20
0,99.9,6.3,2.84,2.84,0.21,0.17,0 02:00:23 08/11/20
0,99.9,6.2,2.84,2.84,0.18,0.15,0 02:05:55 08/11/20
0,99.9,6.1,2.84,2.84,0.14,0.13,1 02:11:25 08/11/20
0,99.9,6.0,2.84,2.84,0.2,0.17,0 02:16:52 08/11/20
0,99.9,5.9,2.84,2.84,0.15,0.14,1 02:22:22 08/11/20
0,99.9,5.8,2.84,2.83,0.22,0.18,0 02:27:49 08/11/20
0,99.9,5.8,2.84,2.84,0.15,0.14,1 02:33:19 08/11/20
0,99.9,5.7,2.84,2.84,0.22,0.18,0 02:38:52 08/11/20
0,99.9,5.6,2.84,2.84,0.18,0.15,0 02:44:23 08/11/20
0,99.9,5.6,2.84,2.83,0.15,0.14,1 02:49:56 08/11/20
0,99.9,5.5,2.84,2.84,0.23,0.18,0 02:55:27 08/11/20
0,99.9,5.4,2.84,2.84,0.15,0.14,1 03:01:00 08/11/20
0,99.9,5.4,2.84,2.83,0.23,0.19,0 03:06:27 08/11/20
0,99.9,5.3,2.84,2.83,0.13,0.12,1 03:11:53 08/11/20
0,99.9,5.2,2.84,2.83,0.23,0.18,0 03:17:22 08/11/20
0,99.9,5.2,2.84,2.84,0.14,0.13,1 03:22:58 08/11/20
0,99.9,5.2,2.84,2.84,0.13,0.12,1 03:28:29 08/11/20
0,99.9,5.1,2.84,2.84,0.22,0.18,0 03:34:02 08/11/20
0,99.9,5.1,2.84,2.83,0.15,0.14,1 03:39:29 08/11/20
0,99.9,5.0,2.84,2.83,0.22,0.18,0 03:45:03 08/11/20
0,99.9,5.0,2.84,2.83,0.15,0.14,1 03:50:33 08/11/20
0,99.9,5.0,2.84,2.83,0.23,0.19,0 03:56:00 08/11/20
0,99.9,4.9,2.84,2.83,0.18,0.15,0 04:01:31 08/11/20
0,99.9,4.9,2.84,2.83,0.15,0.14,1 04:07:03 08/11/20
0,99.9,4.9,2.84,2.83,0.2,0.16,0 04:12:29 08/11/20
0,99.9,4.9,2.84,2.83,0.15,0.14,1 04:17:59 08/11/20
0,99.9,4.9,2.84,2.83,0.22,0.18,0 04:23:25 08/11/20
0,99.9,4.9,2.84,2.83,0.15,0.14,1 04:28:53 08/11/20
0,99.9,4.8,2.84,2.83,0.23,0.19,0 04:34:23 08/11/20
0,99.9,4.9,2.84,2.83,0.15,0.14,1 04:39:57 08/11/20
0,99.9,4.9,2.84,2.83,0.21,0.17,0 04:45:23 08/11/20
0,99.9,4.8,2.84,2.83,0.15,0.14,1 04:50:51 08/11/20
0,99.9,4.8,2.84,2.83,0.22,0.18,0 04:56:18 08/11/20
0,99.9,4.8,2.84,2.83,0.16,0.14,1 05:01:46 08/11/20
0,99.9,4.8,2.84,2.83,0.22,0.18,0 05:07:14 08/11/20
0,99.9,4.7,2.84,2.83,0.15,0.14,1 05:12:43 08/11/20
0,99.9,4.7,2.84,2.83,0.23,0.18,0 05:18:08 08/11/20
0,99.9,4.7,2.84,2.83,0.15,0.14,1 05:23:36 08/11/20
0,99.9,4.7,2.84,2.83,0.22,0.18,0 05:29:02 08/11/20
0,99.9,4.7,2.84,2.83,0.15,0.14,1 05:34:30 08/11/20
0,99.9,4.7,2.84,2.83,0.23,0.19,0 05:40:02 08/11/20
0,99.9,4.7,2.84,2.83,0.15,0.14,1 05:45:33 08/11/20
0,99.9,4.6,2.84,2.83,0.13,0.12,1 05:51:04 08/11/20
0,99.9,4.6,2.84,2.83,0.23,0.19,0 05:56:40 08/11/20
0,99.9,4.6,2.84,2.83,0.15,0.14,1 06:02:04 08/11/20
0,99.9,4.7,2.84,2.83,0.22,0.18,0 06:07:32 08/11/20
0,99.9,4.6,2.84,2.83,0.18,0.15,0 06:13:04 08/11/20
0,99.9,4.7,2.84,2.83,0.16,0.14,1 06:18:36 08/11/20
0,99.9,4.7,2.84,2.83,0.22,0.18,0 06:24:02 08/11/20
0,99.9,4.6,2.84,2.83,0.16,0.14,1 06:29:30 08/11/20
0,99.9,4.6,2.84,2.83,0.23,0.19,0 06:34:57 08/11/20
0,99.9,4.6,2.84,2.83,0.15,0.14,1 06:40:24 08/11/20
0,99.9,4.6,2.84,2.83,0.23,0.19,0 06:45:52 08/11/20
0,99.9,4.6,2.84,2.83,0.16,0.14,1 06:51:20 08/11/20
0,99.9,4.6,2.83,2.83,0.22,0.18,0 06:56:46 08/11/20
0,99.9,4.6,2.83,2.83,0.16,0.14,1 07:02:14 08/11/20
0,99.9,4.6,2.83,2.83,0.23,0.19,0 07:07:43 08/11/20
0,99.9,4.6,2.84,2.83,0.15,0.14,1 07:13:08 08/11/20
0,99.9,4.7,2.84,2.83,0.23,0.19,0 07:18:36 08/11/20
0,99.9,4.7,2.83,2.83,0.14,0.12,1 07:24:02 08/11/20
0,99.9,4.8,2.84,2.83,0.22,0.18,0 07:29:30 08/11/20
0,99.9,4.9,2.84,2.83,0.15,0.14,1 07:34:59 08/11/20
0,99.9,5.0,2.84,2.83,0.23,0.19,0 07:40:35 08/11/20
0,99.9,5.1,2.83,2.83,0.15,0.14,1 07:46:01 08/11/20
0,99.9,5.2,2.83,2.83,0.13,0.12,1 07:51:35 08/11/20
0,99.9,5.3,2.83,2.83,0.09,0.08,1 07:57:07 08/11/20
0,99.9,5.4,2.83,2.83,0.22,0.18,0 08:02:35 08/11/20
0,99.9,5.5,2.83,2.83,0.15,0.14,1 08:08:00 08/11/20
0,99.9,5.6,2.83,2.83,0.23,0.19,0 08:13:27 08/11/20
0,99.9,5.7,2.83,2.83,0.15,0.14,1 08:18:54 08/11/20
0,99.9,5.8,2.82,2.84,0.23,0.19,0 08:24:22 08/11/20
0,99.9,5.9,2.83,2.83,0.15,0.14,1 08:29:50 08/11/20
0,99.9,6.1,2.83,2.83,0.13,0.12,1 08:35:20 08/11/20
0,99.9,6.3,2.83,2.83,0.23,0.19,0 08:40:53 08/11/20
0,99.9,6.5,2.83,2.83,0.14,0.13,1 08:46:19 08/11/20
0,99.9,6.8,2.83,2.83,0.23,0.19,0 08:51:48 08/11/20
0,99.9,7.1,2.83,2.83,0.16,0.14,1 08:57:16 08/11/20
0,99.9,7.4,2.83,2.83,0.23,0.19,0 09:02:43 08/11/20
0,99.9,7.8,2.83,2.83,0.15,0.14,1 09:08:10 08/11/20
0,99.9,8.1,2.83,2.83,0.23,0.19,0 09:13:38 08/11/20
0,99.9,8.5,2.83,2.83,0.19,0.15,0 09:19:09 08/11/20
0,99.9,8.8,2.83,2.83,0.15,0.14,1 09:24:43 08/11/20
0,99.9,9.3,2.83,2.83,0.23,0.19,0 09:30:17 08/11/20
0,99.9,9.7,2.83,2.83,0.15,0.14,1 09:35:46 08/11/20
0,99.9,10.0,2.83,2.83,0.23,0.19,0 09:41:15 08/11/20
0,99.9,10.3,2.83,2.83,0.15,0.14,1 09:46:42 08/11/20
0,99.9,10.6,2.83,2.83,0.23,0.18,0 09:52:09 08/11/20
0,99.9,10.8,2.83,2.83,0.15,0.14,1 09:57:38 08/11/20
0,99.9,11.1,2.83,2.83,0.2,0.17,0 10:03:03 08/11/20
0,99.9,11.4,2.83,2.83,0.15,0.14,1 10:08:33 08/11/20
0,99.9,11.7,2.83,2.83,0.24,0.19,0 10:14:02 08/11/20
0,99.9,12.1,2.83,2.83,0.14,0.13,1 10:19:27 08/11/20
0,99.9,12.4,2.83,2.83,0.21,0.17,0 10:24:55 08/11/20
0,99.9,12.8,2.83,2.83,0.13,0.12,1 10:30:22 08/11/20
0,99.9,13.1,2.83,2.83,0.23,0.19,0 10:35:52 08/11/20
0,99.9,13.4,2.83,2.83,0.15,0.14,1 10:41:20 08/11/20
0,99.9,13.7,2.83,2.83,0.23,0.19,0 10:46:48 08/11/20
0,99.9,14.0,2.83,2.83,0.15,0.13,1 10:52:17 08/11/20
0,99.9,14.2,2.83,2.83,0.21,0.18,0 10:57:43 08/11/20
0,99.9,14.4,2.83,2.83,0.19,0.16,0 11:03:16 08/11/20
0,99.9,14.6,2.83,2.83,0.19,0.16,0 11:08:54 08/11/20
0,99.9,14.8,2.83,2.83,0.14,0.13,1 11:14:26 08/11/20
0,99.9,15.0,2.83,2.83,0.23,0.19,0 11:19:55 08/11/20
1,99.9,15.1,2.83,2.83,0.15,0.14,1 11:25:23 08/11/20
0,99.9,15.2,2.83,2.83,0.23,0.19,0 11:30:52 08/11/20
0,99.9,15.2,2.83,2.83,0.15,0.14,1 11:36:19 08/11/20
0,99.9,15.3,2.83,2.83,0.22,0.18,0 11:41:47 08/11/20
0,99.9,15.4,2.83,2.83,0.15,0.14,1 11:47:16 08/11/20
0,99.9,15.5,2.83,2.83,0.23,0.19,0 11:52:45 08/11/20
0,99.9,15.8,2.83,2.83,0.15,0.14,1 11:58:13 08/11/20
0,99.9,16.1,2.83,2.83,0.23,0.19,0 12:03:43 08/11/20
0,99.9,16.4,2.83,2.83,0.15,0.14,1 12:09:09 08/11/20
0,99.9,16.8,2.83,2.83,0.23,0.19,0 12:14:38 08/11/20
0,99.9,17.3,2.83,2.83,0.15,0.14,1 12:20:05 08/11/20
0,99.9,17.7,2.83,2.83,0.23,0.19,0 12:25:34 08/11/20
0,99.9,18.1,2.83,2.83,0.15,0.14,1 12:31:02 08/11/20
0,99.9,18.4,2.83,2.83,0.23,0.19,0 12:36:31 08/11/20
0,99.9,18.5,2.83,2.83,0.15,0.14,1 12:41:59 08/11/20
0,99.9,18.6,2.83,2.83,0.23,0.19,0 12:47:28 08/11/20
0,99.9,18.7,2.83,2.83,0.16,0.14,1 12:52:58 08/11/20
0,99.9,18.9,2.83,2.83,0.21,0.17,0 12:58:23 08/11/20
0,99.9,19.2,2.83,2.83,0.15,0.14,1 13:03:54 08/11/20
0,99.9,19.7,2.83,2.83,0.23,0.19,0 13:09:22 08/11/20
0,99.9,20.3,2.83,2.83,0.15,0.14,1 13:14:51 08/11/20
0,99.9,20.7,2.83,2.83,0.24,0.2,0 13:20:21 08/11/20
0,99.9,21.2,2.83,2.83,0.15,0.14,1 13:25:48 08/11/20
0,99.9,22.1,2.83,2.83,0.23,0.19,0 13:31:19 08/11/20
0,99.9,22.9,2.83,2.83,0.15,0.14,1 13:36:46 08/11/20
0,99.9,23.2,2.83,2.83,0.23,0.19,0 13:42:15 08/11/20
0,99.9,23.2,2.83,2.83,0.14,0.13,1 13:47:43 08/11/20
0,99.9,23.0,2.83,2.83,0.23,0.19,0 13:53:13 08/11/20
0,99.9,22.6,2.83,2.83,0.15,0.14,1 13:58:43 08/11/20
0,99.9,22.3,2.83,2.83,0.23,0.19,0 14:04:12 08/11/20
0,99.9,22.0,2.83,2.83,0.15,0.14,1 14:09:40 08/11/20
0,99.9,21.7,2.83,2.83,0.23,0.19,0 14:15:09 08/11/20
0,99.9,21.6,2.83,2.84,0.15,0.14,1 14:20:38 08/11/20
0,99.9,21.5,2.83,2.82,0.2,0.17,0 14:26:06 08/11/20
0,99.9,21.6,2.83,2.83,0.15,0.14,1 14:31:37 08/11/20
0,99.9,21.8,2.83,2.83,0.23,0.19,0 14:37:05 08/11/20
0,99.9,22.1,2.83,2.84,0.14,0.12,1 14:42:32 08/11/20
0,99.9,22.3,2.84,2.84,0.21,0.17,0 14:48:01 08/11/20
0,99.9,22.4,2.84,2.84,0.15,0.14,1 14:53:32 08/11/20
0,99.9,22.3,2.84,2.84,0.13,0.12,1 14:59:05 08/11/20
0,99.9,22.2,2.84,2.84,0.24,0.2,0 15:04:40 08/11/20
0,99.9,21.9,2.84,2.84,0.14,0.13,1 15:10:07 08/11/20
0,99.9,21.6,2.84,2.84,0.24,0.2,0 15:15:37 08/11/20
0,99.9,21.4,2.84,2.84,0.15,0.14,1 15:21:05 08/11/20
0,99.9,21.2,2.84,2.84,0.23,0.19,0 15:26:34 08/11/20
0,99.9,21.0,2.84,2.84,0.15,0.14,1 15:32:04 08/11/20
0,99.9,20.9,2.84,2.84,0.23,0.19,0 15:37:32 08/11/20
0,99.9,20.9,2.84,2.84,0.16,0.14,1 15:43:02 08/11/20
0,99.9,20.8,2.84,2.84,0.21,0.18,0 15:48:28 08/11/20
0,99.9,20.7,2.84,2.84,0.13,0.12,1 15:53:56 08/11/20
0,99.9,20.7,2.84,2.84,0.23,0.19,0 15:59:28 08/11/20
0,99.9,20.6,2.84,2.84,0.15,0.14,1 16:04:56 08/11/20
0,99.9,20.4,2.84,2.84,0.23,0.19,0 16:10:26 08/11/20
0,99.9,20.2,2.84,2.84,0.15,0.14,1 16:15:53 08/11/20
0,99.9,20.0,2.84,2.84,0.21,0.17,0 16:21:21 08/11/20
0,99.9,19.8,2.84,2.84,0.15,0.14,1 16:26:51 08/11/20
0,99.9,19.5,2.84,2.84,0.22,0.19,0 16:32:19 08/11/20
0,99.9,19.2,2.84,2.84,0.15,0.14,1 16:37:48 08/11/20
0,99.9,18.9,2.84,2.84,0.23,0.2,0 16:43:18 08/11/20
0,99.9,18.5,2.84,2.85,0.15,0.14,1 16:48:46 08/11/20
0,99.9,18.1,2.84,2.84,0.23,0.19,0 16:54:16 08/11/20
0,99.9,17.8,2.84,2.85,0.15,0.14,1 16:59:43 08/11/20
0,99.9,17.4,2.84,2.85,0.23,0.19,0 17:05:14 08/11/20
0,99.9,17.0,2.84,2.85,0.15,0.14,1 17:10:48 08/11/20
0,99.9,16.6,2.84,2.85,0.23,0.19,0 17:16:17 08/11/20
0,99.9,16.2,2.84,2.85,0.15,0.13,1 17:21:44 08/11/20
0,99.9,15.9,2.84,2.85,0.23,0.19,0 17:27:14 08/11/20
0,99.9,15.6,2.84,2.85,0.15,0.14,1 17:32:41 08/11/20
0,99.9,15.3,2.84,2.85,0.23,0.19,0 17:38:10 08/11/20
0,99.9,15.0,2.84,2.85,0.15,0.14,1 17:43:37 08/11/20
0,99.9,14.7,2.84,2.85,0.22,0.18,0 17:49:08 08/11/20
0,99.9,14.5,2.84,2.85,0.19,0.16,0 17:54:37 08/11/20
0,99.9,14.2,2.84,2.85,0.14,0.13,1 18:00:11 08/11/20
0,99.9,14.0,2.84,2.85,0.23,0.19,0 18:05:39 08/11/20
0,99.9,13.8,2.85,2.85,0.15,0.14,1 18:11:07 08/11/20
0,99.9,13.6,2.85,2.85,0.23,0.19,0 18:16:35 08/11/20
0,99.9,13.4,2.85,2.85,0.14,0.13,1 18:22:03 08/11/20
0,99.9,13.2,2.85,2.85,0.23,0.19,0 18:27:31 08/11/20
0,99.9,13.1,2.85,2.85,0.15,0.14,1 18:32:59 08/11/20
0,99.9,13.0,2.85,2.85,0.23,0.19,0 18:38:27 08/11/20
0,99.9,12.9,2.85,2.85,0.15,0.14,1 18:43:55 08/11/20
0,99.9,12.9,2.85,2.85,0.2,0.17,0 18:49:23 08/11/20
0,99.9,12.8,2.85,2.85,0.15,0.14,1 18:54:51 08/11/20
0,99.9,12.8,2.85,2.85,0.22,0.19,0 19:00:19 08/11/20
0,99.9,12.8,2.85,2.85,0.15,0.14,1 19:05:47 08/11/20
0,99.9,12.7,2.85,2.85,0.22,0.19,0 19:11:15 08/11/20
0,99.9,12.7,2.85,2.85,0.15,0.14,1 19:16:43 08/11/20
0,99.9,12.7,2.85,2.85,0.22,0.19,0 19:22:11 08/11/20
0,99.9,12.7,2.85,2.85,0.15,0.14,1 19:27:39 08/11/20
0,99.9,12.6,2.85,2.85,0.23,0.19,0 19:33:07 08/11/20
0,99.9,12.7,2.85,2.85,0.15,0.14,1 19:38:35 08/11/20
0,99.9,12.6,2.85,2.85,0.22,0.19,0 19:44:03 08/11/20
0,99.9,12.5,2.85,2.85,0.15,0.14,1 19:49:32 08/11/20
0,99.9,12.5,2.85,2.85,0.22,0.18,0 19:54:59 08/11/20
0,99.9,12.5,2.85,2.85,0.15,0.13,1 20:00:27 08/11/20
0,99.9,12.4,2.85,2.85,0.22,0.18,0 20:05:54 08/11/20
0,99.9,12.4,2.85,2.85,0.15,0.13,1 20:11:22 08/11/20
0,99.9,12.3,2.85,2.85,0.22,0.18,0 20:16:50 08/11/20
0,99.9,12.2,2.85,2.85,0.15,0.13,1 20:22:18 08/11/20
0,99.9,12.1,2.85,2.85,0.22,0.19,0 20:27:47 08/11/20
0,99.9,12.1,2.85,2.85,0.15,0.14,1 20:33:15 08/11/20
0,99.9,12.0,2.85,2.85,0.22,0.19,0 20:38:42 08/11/20
0,99.9,12.0,2.85,2.85,0.15,0.14,1 20:44:10 08/11/20
0,99.9,11.9,2.85,2.85,0.22,0.19,0 20:49:38 08/11/20
0,99.9,11.9,2.85,2.85,0.15,0.14,1 20:55:07 08/11/20
0,99.9,11.9,2.85,2.85,0.22,0.18,0 21:00:34 08/11/20
0,99.9,11.9,2.85,2.85,0.14,0.13,1 21:06:01 08/11/20
0,99.9,11.8,2.85,2.85,0.22,0.18,0 21:11:29 08/11/20
0,99.9,11.8,2.85,2.85,0.15,0.14,1 21:16:58 08/11/20
0,99.9,11.8,2.85,2.85,0.22,0.19,0 21:22:25 08/11/20
0,99.9,11.8,2.85,2.85,0.13,0.12,1 21:27:51 08/11/20
0,99.9,11.7,2.85,2.85,0.23,0.19,0 21:33:22 08/11/20
0,99.9,11.7,2.85,2.85,0.14,0.13,1 21:38:49 08/11/20
0,99.9,11.7,2.85,2.85,0.21,0.17,0 21:44:15 08/11/20
0,99.9,11.7,2.85,2.85,0.14,0.13,1 21:49:44 08/11/20
0,99.9,11.7,2.85,2.85,0.22,0.19,0 21:55:13 08/11/20
0,99.9,11.7,2.85,2.85,0.15,0.14,1 22:00:40 08/11/20
0,99.9,11.6,2.85,2.85,0.22,0.19,0 22:06:08 08/11/20
0,99.9,11.6,2.85,2.85,0.15,0.14,1 22:11:36 08/11/20
0,99.9,11.6,2.85,2.85,0.12,0.11,1 22:17:07 08/11/20
0,99.9,11.5,2.85,2.85,0.22,0.18,0 22:22:40 08/11/20
0,99.9,11.5,2.85,2.85,0.15,0.14,1 22:28:09 08/11/20
0,99.9,11.4,2.85,2.85,0.2,0.17,0 22:33:35 08/11/20
0,99.9,11.3,2.85,2.85,0.15,0.14,1 22:39:05 08/11/20
0,99.9,11.3,2.85,2.85,0.22,0.18,0 22:44:35 08/11/20
0,99.9,11.2,2.85,2.85,0.14,0.13,1 22:50:08 08/11/20
0,99.9,11.2,2.85,2.85,0.22,0.18,0 22:55:36 08/11/20
0,99.9,11.1,2.85,2.85,0.18,0.15,0 23:01:10 08/11/20
0,99.9,11.1,2.85,2.85,0.15,0.14,1 23:06:41 08/11/20
0,99.9,11.0,2.85,2.85,0.22,0.18,0 23:12:09 08/11/20
0,99.9,11.0,2.85,2.85,0.15,0.13,1 23:17:36 08/11/20
0,99.9,10.9,2.85,2.85,0.22,0.18,0 23:23:05 08/11/20
0,99.9,10.9,2.85,2.85,0.15,0.14,1 23:28:35 08/11/20
0,99.9,10.9,2.85,2.85,0.2,0.17,0 23:33:59 08/11/20
0,99.9,10.8,2.85,2.85,0.15,0.13,1 23:39:27 08/11/20
0,99.9,10.8,2.85,2.85,0.22,0.18,0 23:44:55 08/11/20
0,99.9,10.8,2.85,2.85,0.15,0.14,1 23:50:24 08/11/20
0,99.9,10.7,2.85,2.85,0.22,0.18,0 23:55:52 08/11/20
