0,99.9,11.5,2.85,2.85,0.22,0.18,0 00:00:41 11/11/20
0,99.9,11.3,2.85,2.86,0.15,0.14,1 00:06:08 11/11/20
0,99.9,11.1,2.85,2.85,0.2,0.16,0 00:11:34 11/11/20
0,99.9,10.9,2.85,2.86,0.15,0.14,1 00:17:04 11/11/20
0,99.9,10.7,2.85,2.85,0.22,0.18,0 00:22:31 11/11/20
0,99.9,10.5,2.85,2.86,0.15,0.14,1 00:28:05 11/11/20
0,99.9,10.4,2.85,2.85,0.22,0.18,0 00:33:36 11/11/20
0,99.9,10.3,2.85,2.85,0.15,0.14,1 00:39:03 11/11/20
0,99.9,10.2,2.85,2.85,0.22,0.18,0 00:44:32 11/11/20
0,99.9,10.2,2.85,2.86,0.15,0.14,1 00:50:00 11/11/20
0,99.9,10.1,2.85,2.85,0.23,0.18,0 00:55:28 11/11/20
0,99.9,10.1,2.85,2.85,0.15,0.14,1 01:00:54 11/11/20
0,99.9,10.1,2.85,2.85,0.22,0.18,0 01:06:23 11/11/20
0,99.9,10.1,2.85,2.85,0.15,0.14,1 01:11:50 11/11/20
0,99.9,10.1,2.85,2.85,0.22,0.18,0 01:17:18 11/11/20
0,99.9,10.2,2.85,2.85,0.15,0.14,1 01:22:45 11/11/20
0,99.9,10.2,2.85,2.85,0.22,0.18,0 01:28:13 11/11/20
0,99.9,10.2,2.85,2.85,0.14,0.12,1 01:33:39 11/11/20
0,99.9,10.1,2.85,2.85,0.22,0.18,0 01:39:08 11/11/20
0,99.9,10.1,2.85,2.85,0.15,0.14,1 01:44:36 11/11/20
0,99.9,10.0,2.85,2.85,0.22,0.18,0 01:50:04 11/11/20
0,99.9,9.9,2.85,2.85,0.15,0.14,1 01:55:33 11/11/20
0,99.9,9.8,2.85,2.85,0.22,0.18,0 02:00:59 11/11/20
0,99.9,9.8,2.85,2.85,0.16,0.14,1 02:06:27 11/11/20
0,99.9,9.7,2.85,2.85,0.08,0.08,1 02:11:56 11/11/20
0,99.9,9.7,2.85,2.85,0.22,0.18,0 02:17:22 11/11/20
0,99.9,9.6,2.85,2.85,0.15,0.14,1 02:22:50 11/11/20
0,99.9,9.5,2.85,2.85,0.22,0.18,0 02:28:25 11/11/20
0,99.9,9.4,2.85,2.85,0.15,0.14,1 02:33:55 11/11/20
0,99.9,9.2,2.85,2.85,0.22,0.18,0 02:39:22 11/11/20
0,99.9,9.0,2.85,2.85,0.15,0.14,1 02:44:49 11/11/20
0,99.9,8.9,2.85,2.85,0.23,0.18,0 02:50:17 11/11/20
0,99.9,8.8,2.85,2.85,0.15,0.14,1 02:55:45 11/11/20
0,99.9,8.7,2.85,2.85,0.23,0.18,0 03:01:13 11/11/20
0,99.9,8.6,2.85,2.85,0.14,0.12,1 03:06:38 11/11/20
0,99.9,8.5,2.85,2.85,0.22,0.18,0 03:12:07 11/11/20
0,99.9,8.5,2.85,2.85,0.16,0.14,1 03:17:35 11/11/20
0,99.9,8.4,2.85,2.85,0.22,0.18,0 03:23:02 11/11/20
0,99.9,8.4,2.85,2.85,0.16,0.14,1 03:28:30 11/11/20
0,99.9,8.4,2.85,2.85,0.22,0.18,0 03:33:58 11/11/20
0,99.9,8.4,2.85,2.85,0.14,0.12,1 03:39:24 11/11/20
0,99.9,8.4,2.85,2.85,0.23,0.18,0 03:44:53 11/11/20
0,99.9,8.5,2.85,2.85,0.15,0.14,1 03:50:20 11/11/20
0,99.9,8.5,2.85,2.85,0.22,0.18,0 03:55:48 11/11/20
0,99.9,8.6,2.85,2.85,0.15,0.14,1 04:01:15 11/11/20
0,99.9,8.6,2.85,2.85,0.23,0.18,0 04:06:44 11/11/20
2,99.9,8.6,2.85,2.85,0.16,0.14,1 04:12:11 11/11/20
0,99.9,8.7,2.85,2.85,0.22,0.18,0 04:17:38 11/11/20
0,99.9,8.7,2.85,2.85,0.16,0.14,1 04:23:06 11/11/20
0,99.9,8.8,2.85,2.85,0.22,0.18,0 04:28:41 11/11/20
0,99.9,8.8,2.85,2.85,0.16,0.14,1 04:34:11 11/11/20
0,99.9,8.8,2.85,2.85,0.21,0.16,0 04:39:45 11/11/20
0,99.9,8.9,2.85,2.85,0.15,0.14,1 04:45:14 11/11/20
0,99.9,8.9,2.85,2.85,0.23,0.18,0 04:50:42 11/11/20
0,99.9,9.0,2.85,2.85,0.15,0.14,1 04:56:09 11/11/20
0,99.9,9.1,2.85,2.85,0.2,0.16,0 05:01:36 11/11/20
0,99.9,9.1,2.85,2.85,0.14,0.13,1 05:07:03 11/11/20
0,99.9,9.2,2.85,2.85,0.22,0.18,0 05:12:35 11/11/20
0,99.9,9.3,2.85,2.85,0.16,0.14,1 05:18:00 11/11/20
0,99.9,9.4,2.85,2.85,0.23,0.18,0 05:23:28 11/11/20
0,99.9,9.5,2.85,2.85,0.13,0.12,1 05:28:53 11/11/20
0,99.9,9.5,2.85,2.85,0.23,0.18,0 05:34:23 11/11/20
0,99.9,9.6,2.85,2.85,0.18,0.15,0 05:39:55 11/11/20
0,99.9,9.6,2.85,2.85,0.15,0.14,1 05:45:27 11/11/20
0,99.9,9.7,2.85,2.85,0.23,0.18,0 05:50:55 11/11/20
0,99.9,9.7,2.85,2.85,0.15,0.14,1 05:56:23 11/11/20
0,99.9,9.7,2.85,2.85,0.13,0.12,1 06:01:54 11/11/20
0,99.9,9.7,2.85,2.85,0.23,0.18,0 06:07:27 11/11/20
0,99.9,9.8,2.85,2.85,0.15,0.14,1 06:12:54 11/11/20
0,99.9,9.8,2.85,2.85,0.23,0.18,0 06:18:28 11/11/20
0,99.9,9.8,2.85,2.85,0.16,0.14,1 06:23:59 11/11/20
0,99.9,9.8,2.85,2.85,0.22,0.18,0 06:29:26 11/11/20
0,99.9,9.8,2.85,2.85,0.16,0.14,1 06:34:55 11/11/20
0,99.9,9.8,2.85,2.85,0.13,0.12,1 06:40:26 11/11/20
0,99.9,9.7,2.85,2.85,0.22,0.18,0 06:45:58 11/11/20
0,99.9,9.7,2.85,2.85,0.14,0.13,1 06:51:24 11/11/20
0,99.9,9.5,2.85,2.85,0.13,0.12,1 06:56:57 11/11/20
0,99.9,9.4,2.85,2.85,0.23,0.18,0 07:02:31 11/11/20
0,99.9,9.2,2.85,2.85,0.16,0.14,1 07:07:58 11/11/20
0,99.9,9.1,2.85,2.85,0.22,0.18,0 07:13:25 11/11/20
0,99.9,8.9,2.85,2.85,0.16,0.14,1 07:18:53 11/11/20
0,99.9,8.7,2.85,2.85,0.22,0.18,0 07:24:21 11/11/20
0,99.9,8.6,2.85,2.85,0.16,0.14,1 07:29:49 11/11/20
0,99.9,8.4,2.85,2.85,0.23,0.18,0 07:35:16 11/11/20
0,99.9,8.2,2.85,2.85,0.15,0.14,1 07:40:43 11/11/20
0,99.9,8.1,2.85,2.85,0.13,0.12,1 07:46:15 11/11/20
0,99.9,8.0,2.85,2.84,0.22,0.18,0 07:51:47 11/11/20
0,99.9,7.9,2.85,2.85,0.19,0.15,0 07:57:19 11/11/20
0,99.9,7.9,2.85,2.85,0.16,0.14,1 08:02:52 11/11/20
0,99.9,7.9,2.85,2.85,0.22,0.18,0 08:08:28 11/11/20
0,99.9,8.0,2.85,2.85,0.15,0.14,1 08:13:55 11/11/20
0,99.9,8.1,2.85,2.84,0.22,0.18,0 08:19:23 11/11/20
0,99.9,8.2,2.85,2.85,0.15,0.14,1 08:24:51 11/11/20
0,99.9,8.4,2.85,2.85,0.23,0.19,0 08:30:19 11/11/20
0,99.9,8.6,2.85,2.84,0.15,0.14,1 08:35:45 11/11/20
0,99.9,8.8,2.85,2.84,0.23,0.19,0 08:41:13 11/11/20
0,99.9,9.0,2.85,2.84,0.15,0.13,1 08:46:40 11/11/20
0,99.9,9.2,2.85,2.84,0.23,0.19,0 08:52:08 11/11/20
0,99.9,9.5,2.85,2.85,0.19,0.15,0 08:57:39 11/11/20
0,99.9,9.7,2.85,2.85,0.15,0.13,1 09:03:21 11/11/20
0,99.9,9.9,2.85,2.84,0.23,0.19,0 09:08:49 11/11/20
0,99.9,10.1,2.85,2.84,0.15,0.14,1 09:14:16 11/11/20
0,99.9,10.3,2.85,2.84,0.21,0.17,0 09:19:43 11/11/20
0,99.9,10.5,2.85,2.84,0.14,0.12,1 09:25:10 11/11/20
0,99.9,10.7,2.85,2.84,0.23,0.18,0 09:30:40 11/11/20
0,99.9,10.9,2.85,2.84,0.15,0.14,1 09:36:07 11/11/20
0,99.9,11.2,2.85,2.84,0.23,0.19,0 09:41:36 11/11/20
0,99.9,11.6,2.85,2.84,0.16,0.14,1 09:47:03 11/11/20
0,99.9,11.9,2.85,2.84,0.21,0.17,0 09:52:29 11/11/20
0,99.9,12.2,2.85,2.84,0.14,0.13,1 09:58:00 11/11/20
0,99.9,12.3,2.85,2.84,0.22,0.18,0 10:03:26 11/11/20
0,99.9,12.4,2.85,2.84,0.16,0.14,1 10:09:01 11/11/20
0,99.9,12.7,2.85,2.84,0.23,0.18,0 10:14:32 11/11/20
0,99.9,13.1,2.85,2.84,0.11,0.09,0 10:20:02 11/11/20
0,99.9,13.6,2.85,2.84,0.16,0.14,1 10:25:27 11/11/20
0,99.9,13.9,2.84,2.84,0.23,0.19,0 10:30:55 11/11/20
0,99.9,14.2,2.85,2.84,0.16,0.14,1 10:36:24 11/11/20
0,99.9,14.5,2.85,2.84,0.23,0.19,0 10:41:52 11/11/20
0,99.9,14.7,2.85,2.84,0.15,0.14,1 10:47:19 11/11/20
0,99.9,14.9,2.85,2.84,0.23,0.18,0 10:52:47 11/11/20
0,99.9,15.0,2.85,2.84,0.15,0.14,1 10:58:15 11/11/20
0,99.9,15.1,2.85,2.84,0.23,0.18,0 11:03:44 11/11/20
0,99.9,15.3,2.84,2.84,0.14,0.13,1 11:09:10 11/11/20
0,99.9,15.6,2.85,2.84,0.23,0.19,0 11:14:40 11/11/20
0,99.9,15.9,2.84,2.84,0.13,0.12,1 11:20:06 11/11/20
0,99.9,16.5,2.84,2.84,0.23,0.18,0 11:25:36 11/11/20
0,99.9,16.8,2.85,2.84,0.16,0.14,1 11:31:05 11/11/20
0,99.9,17.2,2.84,2.84,0.23,0.19,0 11:36:33 11/11/20
0,99.9,17.6,2.84,2.84,0.15,0.14,1 11:42:01 11/11/20
0,99.9,18.0,2.84,2.84,0.23,0.19,0 11:47:30 11/11/20
0,99.9,18.5,2.84,2.84,0.15,0.14,1 11:52:58 11/11/20
0,99.9,19.2,2.84,2.84,0.23,0.19,0 11:58:27 11/11/20
0,99.9,20.1,2.85,2.84,0.15,0.14,1 12:04:05 11/11/20
0,99.9,20.1,2.85,2.84,0.13,0.11,0 12:04:16 11/11/20
0,99.9,21.3,2.84,2.84,0.16,0.14,1 12:09:43 11/11/20
0,99.9,22.1,2.85,2.84,0.11,0.1,1 12:15:15 11/11/20
0,99.9,22.5,2.84,2.84,0.23,0.19,0 12:20:49 11/11/20
0,99.9,22.4,2.84,2.84,0.14,0.12,1 12:26:16 11/11/20
0,99.9,22.3,2.85,2.84,0.23,0.19,0 12:31:47 11/11/20
0,99.9,22.3,2.84,2.84,0.16,0.14,1 12:37:17 11/11/20
0,99.9,22.0,2.85,2.84,0.23,0.18,0 12:42:45 11/11/20
0,99.9,21.5,2.85,2.85,0.15,0.14,1 12:48:13 11/11/20
0,99.9,20.9,2.84,2.84,0.23,0.18,0 12:53:42 11/11/20
0,99.9,20.4,2.85,2.85,0.16,0.14,1 12:59:11 11/11/20
0,99.9,20.0,2.85,2.85,0.23,0.18,0 13:04:40 11/11/20
0,99.9,19.6,2.85,2.85,0.16,0.14,1 13:10:09 11/11/20
0,99.9,19.2,2.84,2.84,0.21,0.17,0 13:15:35 11/11/20
0,99.9,19.0,2.85,2.85,0.15,0.14,1 13:21:05 11/11/20
0,99.9,18.8,2.85,2.85,0.23,0.19,0 13:26:34 11/11/20
0,99.9,18.6,2.85,2.85,0.15,0.13,1 13:32:02 11/11/20
0,99.9,18.4,2.85,2.85,0.21,0.17,0 13:37:29 11/11/20
0,99.9,18.1,2.85,2.85,0.15,0.13,1 13:42:59 11/11/20
0,99.9,17.8,2.85,2.85,0.23,0.19,0 13:48:28 11/11/20
0,99.9,17.6,2.85,2.85,0.15,0.14,1 13:53:56 11/11/20
0,99.9,17.5,2.85,2.85,0.21,0.17,0 13:59:24 11/11/20
0,99.9,17.3,2.85,2.85,0.16,0.14,1 14:05:01 11/11/20
0,99.9,17.1,2.85,2.85,0.22,0.18,0 14:10:31 11/11/20
0,99.9,16.9,2.85,2.85,0.16,0.14,1 14:15:59 11/11/20
0,99.9,16.7,2.85,2.85,0.23,0.19,0 14:21:28 11/11/20
0,99.9,16.4,2.85,2.85,0.15,0.13,1 14:26:55 11/11/20
0,99.9,16.3,2.85,2.85,0.23,0.19,0 14:32:25 11/11/20
0,99.9,16.1,2.85,2.85,0.15,0.14,1 14:37:52 11/11/20
0,99.9,15.9,2.85,2.85,0.22,0.18,0 14:43:20 11/11/20
0,99.9,15.8,2.85,2.85,0.15,0.14,1 14:48:48 11/11/20
0,99.9,15.6,2.85,2.85,0.23,0.19,0 14:54:18 11/11/20
0,99.9,15.6,2.85,2.85,0.12,0.1,0 14:59:47 11/11/20
0,99.9,15.7,2.85,2.85,0.16,0.14,1 15:05:14 11/11/20
0,99.9,15.9,2.85,2.85,0.22,0.18,0 15:10:41 11/11/20
0,99.9,16.0,2.85,2.85,0.15,0.13,1 15:16:10 11/11/20
0,99.9,16.1,2.85,2.85,0.23,0.19,0 15:21:38 11/11/20
0,99.9,16.2,2.85,2.85,0.15,0.14,1 15:27:07 11/11/20
0,99.9,16.2,2.85,2.85,0.12,0.11,1 15:32:38 11/11/20
0,99.9,16.2,2.85,2.85,0.23,0.18,0 15:38:11 11/11/20
0,99.9,16.1,2.85,2.85,0.18,0.15,0 15:43:44 11/11/20
0,99.9,15.9,2.85,2.85,0.15,0.14,1 15:49:17 11/11/20
0,99.9,15.7,2.85,2.85,0.23,0.19,0 15:54:46 11/11/20
0,99.9,15.4,2.85,2.85,0.15,0.14,1 16:00:14 11/11/20
0,99.9,15.2,2.85,2.85,0.21,0.17,0 16:05:40 11/11/20
0,99.9,15.0,2.85,2.85,0.14,0.13,1 16:11:22 11/11/20
0,99.9,14.8,2.85,2.86,0.13,0.12,1 16:16:51 11/11/20
0,99.9,14.6,2.85,2.85,0.23,0.19,0 16:22:26 11/11/20
0,99.9,14.4,2.85,2.85,0.15,0.14,1 16:27:52 11/11/20
1,99.9,14.2,2.85,2.85,0.23,0.19,0 16:33:20 11/11/20
0,99.9,14.0,2.85,2.85,0.15,0.14,1 16:38:49 11/11/20
0,99.9,13.8,2.85,2.85,0.24,0.19,0 16:44:18 11/11/20
0,99.9,13.6,2.85,2.85,0.15,0.14,1 16:49:44 11/11/20
0,99.9,13.3,2.85,2.85,0.23,0.18,0 16:55:12 11/11/20
0,99.9,13.0,2.85,2.85,0.16,0.14,1 17:00:41 11/11/20
0,99.9,12.7,2.85,2.86,0.23,0.18,0 17:06:08 11/11/20
0,99.9,12.5,2.85,2.86,0.14,0.13,1 17:11:35 11/11/20
0,99.9,12.2,2.85,2.85,0.22,0.18,0 17:17:04 11/11/20
0,99.9,11.9,2.85,2.85,0.15,0.13,1 17:22:31 11/11/20
0,99.9,11.7,2.85,2.85,0.22,0.18,0 17:27:59 11/11/20
0,99.9,11.5,2.85,2.85,0.15,0.14,1 17:33:28 11/11/20
0,99.9,11.3,2.85,2.86,0.23,0.18,0 17:38:58 11/11/20
0,99.9,11.0,2.85,2.86,0.15,0.14,1 17:44:24 11/11/20
0,99.9,10.8,2.85,2.85,0.21,0.17,0 17:49:52 11/11/20
0,99.9,10.6,2.85,2.86,0.15,0.13,1 17:55:21 11/11/20
0,99.9,10.5,2.85,2.85,0.23,0.18,0 18:00:46 11/11/20
0,99.9,10.3,2.85,2.86,0.15,0.14,1 18:06:14 11/11/20
0,99.9,10.1,2.85,2.85,0.21,0.17,0 18:11:40 11/11/20
0,99.9,10.0,2.85,2.86,0.15,0.14,1 18:17:15 11/11/20
0,99.9,9.9,2.85,2.86,0.23,0.18,0 18:22:46 11/11/20
0,99.9,9.8,2.85,2.86,0.15,0.13,1 18:28:13 11/11/20
0,99.9,9.7,2.85,2.85,0.23,0.18,0 18:33:44 11/11/20
0,99.9,9.7,2.85,2.86,0.15,0.13,1 18:39:19 11/11/20
0,99.9,9.6,2.85,2.85,0.22,0.18,0 18:44:45 11/11/20
0,99.9,9.5,2.85,2.86,0.14,0.12,1 18:50:12 11/11/20
0,99.9,9.4,2.85,2.86,0.22,0.18,0 18:55:41 11/11/20
0,99.9,9.4,2.85,2.86,0.15,0.14,1 19:01:09 11/11/20
0,99.9,9.3,2.85,2.86,0.15,0.12,0 19:06:42 11/11/20
0,99.9,9.3,2.85,2.86,0.15,0.13,1 19:12:12 11/11/20
0,99.9,9.2,2.85,2.85,0.2,0.16,0 19:17:38 11/11/20
0,99.9,9.2,2.85,2.86,0.18,0.15,0 19:23:11 11/11/20
0,99.9,9.3,2.85,2.85,0.15,0.14,1 19:28:45 11/11/20
0,99.9,9.2,2.85,2.85,0.23,0.18,0 19:34:12 11/11/20
0,99.9,9.3,2.85,2.85,0.15,0.13,1 19:39:39 11/11/20
0,99.9,9.3,2.85,2.85,0.23,0.18,0 19:45:08 11/11/20
0,99.9,9.3,2.85,2.85,0.12,0.1,0 19:50:36 11/11/20
0,99.9,9.3,2.85,2.85,0.15,0.14,1 19:56:02 11/11/20
0,99.9,9.4,2.85,2.85,0.22,0.18,0 20:01:31 11/11/20
0,99.9,9.4,2.85,2.86,0.15,0.13,1 20:06:59 11/11/20
0,99.9,9.4,2.85,2.85,0.22,0.18,0 20:12:35 11/11/20
0,99.9,9.5,2.85,2.85,0.15,0.14,1 20:18:02 11/11/20
0,99.9,9.5,2.85,2.85,0.22,0.18,0 20:23:29 11/11/20
0,99.9,9.5,2.85,2.85,0.18,0.15,0 20:29:01 11/11/20
0,99.9,9.5,2.85,2.85,0.15,0.14,1 20:34:34 11/11/20
0,99.9,9.6,2.85,2.85,0.22,0.19,0 20:40:01 11/11/20
0,99.9,9.6,2.85,2.85,0.15,0.14,1 20:45:30 11/11/20
0,99.9,9.5,2.85,2.85,0.22,0.18,0 20:50:57 11/11/20
0,99.9,9.5,2.85,2.85,0.14,0.13,1 20:56:33 11/11/20
0,99.9,9.5,2.85,2.85,0.22,0.18,0 21:02:01 11/11/20
0,99.9,9.5,2.85,2.85,0.14,0.13,1 21:07:28 11/11/20
0,99.9,9.4,2.85,2.85,0.19,0.15,0 21:12:54 11/11/20
0,99.9,9.4,2.85,2.85,0.16,0.14,1 21:18:24 11/11/20
0,99.9,9.4,2.85,2.85,0.22,0.18,0 21:23:51 11/11/20
0,99.9,9.3,2.85,2.85,0.15,0.14,1 21:29:20 11/11/20
0,99.9,9.3,2.85,2.85,0.23,0.18,0 21:34:47 11/11/20
0,99.9,9.3,2.85,2.85,0.15,0.13,1 21:40:14 11/11/20
0,99.9,9.3,2.85,2.85,0.22,0.18,0 21:45:42 11/11/20
0,99.9,9.3,2.85,2.85,0.18,0.15,0 21:51:13 11/11/20
0,99.9,9.3,2.85,2.85,0.14,0.12,1 21:56:45 11/11/20
0,99.9,9.3,2.85,2.85,0.22,0.18,0 22:02:14 11/11/20
0,99.9,9.4,2.85,2.85,0.15,0.13,1 22:07:49 11/11/20
0,99.9,9.4,2.85,2.85,0.22,0.18,0 22:13:18 11/11/20
0,99.9,9.5,2.85,2.85,0.18,0.15,0 22:18:49 11/11/20
0,99.9,9.5,2.85,2.85,0.15,0.14,1 22:24:23 11/11/20
0,99.9,9.5,2.85,2.85,0.23,0.18,0 22:29:50 11/11/20
0,99.9,9.5,2.85,2.85,0.15,0.13,1 22:35:17 11/11/20
0,99.9,9.5,2.85,2.85,0.23,0.18,0 22:40:46 11/11/20
0,99.9,9.6,2.85,2.85,0.15,0.14,1 22:46:13 11/11/20
0,99.9,9.6,2.85,2.85,0.22,0.18,0 22:51:40 11/11/20
0,99.9,9.6,2.85,2.85,0.15,0.14,1 22:57:09 11/11/20
0,99.9,9.6,2.85,2.85,0.23,0.18,0 23:02:36 11/11/20
0,99.9,9.6,2.85,2.85,0.15,0.13,1 23:08:03 11/11/20
0,99.9,9.6,2.85,2.85,0.23,0.18,0 23:13:31 11/11/20
0,99.9,9.6,2.85,2.85,0.15,0.14,1 23:18:59 11/11/20
0,99.9,9.6,2.85,2.85,0.22,0.18,0 23:24:26 11/11/20
0,99.9,9.6,2.85,2.85,0.15,0.14,1 23:29:54 11/11/20
0,99.9,9.7,2.85,2.85,0.21,0.17,0 23:35:21 11/11/20
0,99.9,9.6,2.85,2.85,0.15,0.13,1 23:40:49 11/11/20
0,99.9,9.7,2.85,2.85,0.23,0.18,0 23:46:17 11/11/20
0,99.9,9.7,2.85,2.85,0.15,0.14,1 23:51:45 11/11/20
0,99.9,9.7,2.85,2.85,0.19,0.15,0 23:57:10 11/11/20
