0,99.9,12.2,2.85,2.86,0.15,0.14,1 00:02:33 15/11/20
0,99.9,12.2,2.85,2.85,0.22,0.17,0 00:08:01 15/11/20
0,99.9,12.3,2.85,2.85,0.15,0.14,1 00:13:29 15/11/20
0,99.9,12.3,2.85,2.85,0.22,0.17,0 00:18:57 15/11/20
0,99.9,12.3,2.85,2.85,0.15,0.13,1 00:24:25 15/11/20
0,99.9,12.4,2.85,2.85,0.21,0.17,0 00:29:52 15/11/20
0,99.9,12.4,2.85,2.85,0.15,0.13,1 00:35:20 15/11/20
0,99.9,12.5,2.85,2.85,0.21,0.17,0 00:40:48 15/11/20
0,99.9,12.6,2.85,2.85,0.15,0.14,1 00:46:17 15/11/20
0,99.9,12.6,2.85,2.85,0.22,0.17,0 00:51:44 15/11/20
0,99.9,12.7,2.85,2.85,0.14,0.12,1 00:57:10 15/11/20
0,99.9,12.8,2.85,2.85,0.22,0.17,0 01:02:40 15/11/20
0,99.9,12.8,2.85,2.85,0.16,0.14,1 01:08:09 15/11/20
0,99.9,12.9,2.92,2.83,0.22,0.17,0 01:13:36 15/11/20
0,99.9,12.9,2.85,2.85,0.14,0.13,1 01:19:03 15/11/20
0,99.9,12.9,2.85,2.85,0.2,0.16,0 01:24:31 15/11/20
0,99.9,12.9,2.85,2.85,0.15,0.13,1 01:29:59 15/11/20
0,99.9,12.9,2.85,2.85,0.22,0.17,0 01:35:28 15/11/20
0,99.9,12.9,2.85,2.85,0.15,0.13,1 01:40:55 15/11/20
0,99.9,12.9,2.85,2.85,0.22,0.17,0 01:46:23 15/11/20
0,99.9,12.9,2.85,2.85,0.14,0.12,1 01:51:50 15/11/20
0,99.9,12.9,2.85,2.85,0.22,0.18,0 01:57:20 15/11/20
0,99.9,13.0,2.85,2.85,0.17,0.14,0 02:02:52 15/11/20
0,99.9,13.1,2.85,2.85,0.18,0.14,0 02:08:28 15/11/20
0,99.9,13.1,2.85,2.85,0.14,0.13,1 02:14:00 15/11/20
0,99.9,13.2,2.85,2.85,0.12,0.11,1 02:19:32 15/11/20
0,99.9,13.3,2.85,2.85,0.22,0.17,0 02:25:05 15/11/20
0,99.9,13.3,2.85,2.85,0.13,0.12,1 02:30:31 15/11/20
0,99.9,13.4,2.85,2.85,0.22,0.17,0 02:36:01 15/11/20
0,99.9,13.4,2.85,2.85,0.15,0.13,1 02:41:29 15/11/20
0,99.9,13.4,2.85,2.85,0.22,0.17,0 02:46:57 15/11/20
0,99.9,13.3,2.85,2.85,0.15,0.14,1 02:52:26 15/11/20
0,99.9,13.3,2.85,2.85,0.22,0.18,0 02:57:54 15/11/20
0,99.9,13.3,2.85,2.85,0.15,0.14,1 03:03:22 15/11/20
0,99.9,13.3,2.85,2.85,0.22,0.18,0 03:08:50 15/11/20
0,99.9,13.3,2.85,2.85,0.15,0.14,1 03:14:18 15/11/20
0,99.9,13.3,2.85,2.85,0.22,0.18,0 03:19:45 15/11/20
0,99.9,13.3,2.85,2.85,0.15,0.14,1 03:25:13 15/11/20
0,99.9,13.4,2.85,2.85,0.22,0.18,0 03:30:41 15/11/20
0,99.9,13.4,2.85,2.85,0.16,0.14,1 03:36:10 15/11/20
0,99.9,13.5,2.85,2.85,0.22,0.18,0 03:41:37 15/11/20
0,99.9,13.5,2.85,2.85,0.15,0.14,1 03:47:05 15/11/20
0,99.9,13.6,2.85,2.85,0.22,0.18,0 03:52:33 15/11/20
0,99.9,13.6,2.85,2.85,0.15,0.14,1 03:58:01 15/11/20
0,99.9,13.6,2.85,2.85,0.22,0.17,0 04:03:29 15/11/20
0,99.9,13.6,2.85,2.85,0.18,0.14,0 04:09:01 15/11/20
0,99.9,13.6,2.85,2.85,0.15,0.13,1 04:14:34 15/11/20
0,99.9,13.5,2.85,2.85,0.22,0.17,0 04:20:02 15/11/20
0,99.9,13.4,2.85,2.85,0.15,0.13,1 04:25:30 15/11/20
0,99.9,13.3,2.85,2.85,0.23,0.18,0 04:30:58 15/11/20
0,99.9,13.2,2.85,2.85,0.15,0.13,1 04:36:25 15/11/20
0,99.9,13.1,2.85,2.85,0.18,0.15,0 04:41:51 15/11/20
0,99.9,13.0,2.85,2.85,0.15,0.13,1 04:47:21 15/11/20
0,99.9,12.9,2.85,2.85,0.22,0.17,0 04:52:49 15/11/20
0,99.9,12.8,2.85,2.85,0.15,0.13,1 04:58:17 15/11/20
0,99.9,12.7,2.85,2.85,0.22,0.18,0 05:03:46 15/11/20
0,99.9,12.6,2.85,2.85,0.15,0.14,1 05:09:13 15/11/20
0,99.9,12.5,2.85,2.85,0.22,0.18,0 05:14:41 15/11/20
0,99.9,12.4,2.85,2.85,0.15,0.14,1 05:20:09 15/11/20
0,99.9,12.4,2.85,2.85,0.23,0.18,0 05:25:38 15/11/20
0,99.9,12.3,2.85,2.85,0.15,0.13,1 05:31:05 15/11/20
0,99.9,12.3,2.85,2.85,0.22,0.17,0 05:36:32 15/11/20
0,99.9,12.3,2.85,2.85,0.15,0.13,1 05:42:00 15/11/20
0,99.9,12.3,2.85,2.85,0.22,0.18,0 05:47:29 15/11/20
0,99.9,12.3,2.85,2.85,0.15,0.14,1 05:52:56 15/11/20
0,99.9,12.4,2.85,2.85,0.22,0.18,0 05:58:24 15/11/20
0,99.9,12.4,2.85,2.85,0.16,0.14,1 06:03:53 15/11/20
0,99.9,12.4,2.85,2.85,0.22,0.17,0 06:09:20 15/11/20
0,99.9,12.4,2.85,2.85,0.15,0.13,1 06:14:47 15/11/20
0,99.9,12.5,2.85,2.85,0.22,0.17,0 06:20:15 15/11/20
0,99.9,12.5,2.85,2.85,0.16,0.14,1 06:25:44 15/11/20
0,99.9,12.5,2.85,2.85,0.22,0.18,0 06:31:12 15/11/20
0,99.9,12.6,2.85,2.85,0.14,0.12,1 06:36:37 15/11/20
0,99.9,12.6,2.85,2.85,0.22,0.18,0 06:42:07 15/11/20
0,99.9,12.5,2.85,2.85,0.15,0.14,1 06:47:35 15/11/20
0,99.9,12.5,2.85,2.85,0.22,0.18,0 06:53:03 15/11/20
0,99.9,12.4,2.85,2.85,0.15,0.13,1 06:58:31 15/11/20
0,99.9,12.4,2.85,2.85,0.22,0.17,0 07:03:58 15/11/20
0,99.9,12.3,2.85,2.85,0.15,0.13,1 07:09:26 15/11/20
0,99.9,12.3,2.85,2.85,0.22,0.17,0 07:14:54 15/11/20
0,99.9,12.3,2.85,2.85,0.15,0.14,1 07:20:23 15/11/20
0,99.9,12.2,2.85,2.85,0.22,0.18,0 07:25:50 15/11/20
0,99.9,12.2,2.85,2.85,0.15,0.14,1 07:31:18 15/11/20
0,99.9,12.2,2.85,2.85,0.21,0.16,0 07:36:45 15/11/20
0,99.9,12.2,2.85,2.85,0.15,0.13,1 07:42:13 15/11/20
0,99.9,12.2,2.85,2.85,0.22,0.17,0 07:47:41 15/11/20
0,99.9,12.2,2.85,2.85,0.15,0.13,1 07:53:09 15/11/20
0,99.9,12.2,2.83,2.85,0.23,0.18,0 07:58:38 15/11/20
0,99.9,12.2,2.85,2.85,0.15,0.14,1 08:04:05 15/11/20
0,99.9,12.2,2.85,2.85,0.22,0.18,0 08:09:33 15/11/20
0,99.9,12.2,2.85,2.85,0.15,0.14,1 08:15:01 15/11/20
0,99.9,12.2,2.85,2.85,0.22,0.17,0 08:20:29 15/11/20
0,99.9,12.2,2.85,2.85,0.15,0.13,1 08:25:56 15/11/20
0,99.9,12.3,2.85,2.85,0.12,0.11,1 08:31:28 15/11/20
0,99.9,12.4,2.85,2.85,0.22,0.18,0 08:37:01 15/11/20
0,99.9,12.5,2.85,2.85,0.16,0.14,1 08:42:29 15/11/20
0,99.9,12.6,2.85,2.85,0.22,0.18,0 08:47:57 15/11/20
0,99.9,12.8,2.85,2.85,0.16,0.14,1 08:53:25 15/11/20
0,99.9,13.1,2.85,2.85,0.22,0.17,0 08:58:55 15/11/20
0,99.9,13.4,2.85,2.85,0.15,0.13,1 09:04:20 15/11/20
0,99.9,13.8,2.85,2.85,0.21,0.16,0 09:09:47 15/11/20
0,99.9,14.2,2.85,2.85,0.15,0.13,1 09:15:16 15/11/20
0,99.9,14.5,2.85,2.85,0.22,0.17,0 09:20:44 15/11/20
0,99.9,14.8,2.85,2.85,0.15,0.13,1 09:26:13 15/11/20
0,99.9,15.1,2.85,2.85,0.21,0.16,0 09:31:40 15/11/20
0,99.9,15.4,2.85,2.85,0.16,0.14,1 09:37:09 15/11/20
0,99.9,15.6,2.85,2.85,0.22,0.18,0 09:42:37 15/11/20
0,99.9,15.8,2.85,2.85,0.16,0.14,1 09:48:06 15/11/20
0,99.9,16.0,2.85,2.85,0.22,0.17,0 09:53:33 15/11/20
0,99.9,16.2,2.85,2.85,0.15,0.13,1 09:59:02 15/11/20
0,99.9,16.5,2.85,2.85,0.23,0.18,0 10:04:30 15/11/20
0,99.9,16.9,2.85,2.85,0.16,0.14,1 10:09:59 15/11/20
0,99.9,17.7,2.85,2.85,0.22,0.17,0 10:15:26 15/11/20
0,99.9,18.4,2.85,2.85,0.16,0.14,1 10:20:55 15/11/20
0,99.9,18.9,2.85,2.85,0.22,0.18,0 10:26:24 15/11/20
0,99.9,18.9,2.85,2.85,0.16,0.14,1 10:31:52 15/11/20
0,99.9,18.9,2.85,2.85,0.22,0.17,0 10:37:20 15/11/20
0,99.9,18.8,2.85,2.85,0.16,0.14,1 10:42:49 15/11/20
0,99.9,18.6,2.85,2.85,0.22,0.17,0 10:48:17 15/11/20
0,99.9,18.5,2.85,2.85,0.16,0.14,1 10:53:46 15/11/20
0,99.9,18.4,2.85,2.85,0.21,0.16,0 10:59:13 15/11/20
0,99.9,18.3,2.85,2.85,0.16,0.14,1 11:04:43 15/11/20
0,99.9,18.3,2.85,2.85,0.22,0.17,0 11:10:11 15/11/20
0,99.9,18.3,2.85,2.85,0.16,0.14,1 11:15:40 15/11/20
0,99.9,18.3,2.85,2.85,0.12,0.11,1 11:21:13 15/11/20
0,99.9,18.4,2.85,2.85,0.22,0.18,0 11:26:46 15/11/20
0,99.9,18.5,2.85,2.85,0.16,0.14,1 11:32:14 15/11/20
0,99.9,18.5,2.85,2.85,0.22,0.17,0 11:37:42 15/11/20
0,99.9,18.5,2.85,2.85,0.16,0.14,1 11:43:11 15/11/20
0,99.9,18.4,2.85,2.85,0.22,0.17,0 11:48:39 15/11/20
0,99.9,18.2,2.85,2.85,0.14,0.12,1 11:54:06 15/11/20
0,99.9,18.1,2.85,2.85,0.22,0.17,0 11:59:37 15/11/20
0,99.9,18.0,2.85,2.85,0.16,0.14,1 12:05:05 15/11/20
0,99.9,18.0,2.85,2.85,0.22,0.17,0 12:10:33 15/11/20
0,99.9,18.4,2.85,2.85,0.18,0.14,0 12:16:05 15/11/20
0,99.9,18.6,2.85,2.85,0.16,0.14,1 12:21:39 15/11/20
0,99.9,18.6,2.85,2.85,0.22,0.17,0 12:27:07 15/11/20
0,99.9,18.6,2.85,2.85,0.15,0.14,1 12:32:36 15/11/20
0,99.9,18.5,2.85,2.85,0.22,0.17,0 12:38:04 15/11/20
0,99.9,18.4,2.85,2.85,0.16,0.14,1 12:43:33 15/11/20
0,99.9,18.2,2.85,2.85,0.22,0.17,0 12:49:01 15/11/20
2,99.9,18.1,2.85,2.85,0.16,0.14,1 12:54:30 15/11/20
0,99.9,18.0,2.85,2.85,0.22,0.17,0 12:59:58 15/11/20
0,99.9,17.9,2.85,2.86,0.16,0.14,1 13:05:27 15/11/20
0,99.9,17.8,2.85,2.85,0.22,0.18,0 13:10:56 15/11/20
0,99.9,17.7,2.85,2.86,0.15,0.13,1 13:16:24 15/11/20
0,99.9,17.5,2.85,2.86,0.12,0.11,1 13:21:57 15/11/20
0,99.9,17.3,2.85,2.86,0.22,0.17,0 13:27:29 15/11/20
0,99.9,17.2,2.85,2.86,0.15,0.13,1 13:32:58 15/11/20
0,99.9,17.0,2.85,2.85,0.23,0.18,0 13:38:26 15/11/20
0,99.9,16.8,2.85,2.86,0.15,0.13,1 13:43:54 15/11/20
0,99.9,16.7,2.85,2.86,0.22,0.17,0 13:49:23 15/11/20
0,99.9,16.6,2.85,2.86,0.16,0.14,1 13:54:51 15/11/20
0,99.9,16.4,2.85,2.86,0.22,0.18,0 14:00:20 15/11/20
0,99.9,16.3,2.85,2.86,0.15,0.13,1 14:05:47 15/11/20
0,99.9,16.2,2.85,2.86,0.23,0.18,0 14:11:17 15/11/20
0,99.9,16.0,2.85,2.86,0.15,0.14,1 14:16:44 15/11/20
0,99.9,15.9,2.85,2.86,0.22,0.17,0 14:22:15 15/11/20
0,99.9,15.7,2.85,2.86,0.15,0.13,1 14:27:40 15/11/20
0,99.9,15.5,2.85,2.86,0.22,0.17,0 14:33:08 15/11/20
0,99.9,15.4,2.85,2.86,0.15,0.14,1 14:38:37 15/11/20
0,99.9,15.1,2.85,2.86,0.22,0.18,0 14:44:05 15/11/20
0,99.9,15.0,2.85,2.86,0.15,0.14,1 14:49:33 15/11/20
0,99.9,14.8,2.85,2.86,0.22,0.18,0 14:55:01 15/11/20
0,99.9,14.7,2.85,2.86,0.15,0.14,1 15:00:30 15/11/20
0,99.9,14.6,2.85,2.86,0.22,0.18,0 15:05:58 15/11/20
0,99.9,14.5,2.85,2.86,0.15,0.13,1 15:11:25 15/11/20
0,99.9,14.4,2.85,2.86,0.22,0.17,0 15:16:53 15/11/20
0,99.9,14.3,2.85,2.86,0.14,0.13,1 15:22:20 15/11/20
0,99.9,14.2,2.85,2.86,0.22,0.17,0 15:27:49 15/11/20
0,99.9,14.1,2.85,2.86,0.15,0.13,1 15:33:17 15/11/20
0,99.9,14.0,2.85,2.86,0.21,0.16,0 15:38:45 15/11/20
0,99.9,13.9,2.85,2.86,0.15,0.13,1 15:44:13 15/11/20
0,99.9,13.9,2.85,2.86,0.22,0.17,0 15:49:41 15/11/20
0,99.9,13.8,2.85,2.86,0.15,0.13,1 15:55:09 15/11/20
0,99.9,13.8,2.86,2.86,0.22,0.17,0 16:00:37 15/11/20
0,99.9,13.7,2.85,2.86,0.14,0.13,1 16:06:04 15/11/20
0,99.9,13.7,2.85,2.86,0.22,0.17,0 16:11:33 15/11/20
0,99.9,13.7,2.86,2.86,0.15,0.13,1 16:17:01 15/11/20
0,99.9,13.7,2.86,2.86,0.22,0.17,0 16:22:29 15/11/20
0,99.9,13.6,2.86,2.86,0.15,0.14,1 16:27:57 15/11/20
0,99.9,13.6,2.85,2.86,0.19,0.15,0 16:33:23 15/11/20
0,99.9,13.6,2.86,2.86,0.15,0.14,1 16:38:53 15/11/20
0,99.9,13.6,2.85,2.86,0.22,0.17,0 16:44:21 15/11/20
0,99.9,13.6,2.86,2.86,0.15,0.14,1 16:49:49 15/11/20
0,99.9,13.5,2.85,2.86,0.18,0.15,0 16:55:15 15/11/20
0,99.9,13.5,2.86,2.86,0.15,0.14,1 17:00:45 15/11/20
0,99.9,13.5,2.86,2.86,0.22,0.17,0 17:06:13 15/11/20
0,99.9,13.4,2.86,2.86,0.16,0.14,1 17:11:42 15/11/20
0,99.9,13.4,2.86,2.86,0.22,0.17,0 17:17:10 15/11/20
0,99.9,13.4,2.86,2.86,0.16,0.14,1 17:22:38 15/11/20
0,99.9,13.4,2.86,2.86,0.22,0.17,0 17:28:06 15/11/20
0,99.9,13.4,2.86,2.86,0.16,0.14,1 17:33:33 15/11/20
0,99.9,13.4,2.86,2.86,0.22,0.17,0 17:39:01 15/11/20
0,99.9,13.3,2.86,2.86,0.16,0.14,1 17:44:29 15/11/20
0,99.9,13.3,2.86,2.86,0.22,0.17,0 17:49:57 15/11/20
0,99.9,13.2,2.86,2.86,0.16,0.14,1 17:55:25 15/11/20
0,99.9,13.1,2.86,2.86,0.22,0.17,0 18:00:53 15/11/20
0,99.9,12.8,2.86,2.86,0.16,0.14,1 18:06:22 15/11/20
0,99.9,12.5,2.86,2.86,0.22,0.17,0 18:11:49 15/11/20
0,99.9,12.2,2.86,2.86,0.15,0.14,1 18:17:16 15/11/20
0,99.9,11.8,2.86,2.86,0.22,0.17,0 18:22:44 15/11/20
0,99.9,11.6,2.86,2.86,0.16,0.14,1 18:28:12 15/11/20
0,99.9,11.3,2.86,2.86,0.22,0.18,0 18:33:40 15/11/20
0,99.9,11.1,2.86,2.86,0.15,0.14,1 18:39:07 15/11/20
0,99.9,10.8,2.85,2.86,0.21,0.17,0 18:44:35 15/11/20
0,99.9,10.6,2.86,2.86,0.16,0.14,1 18:50:03 15/11/20
0,99.9,10.4,2.86,2.86,0.13,0.12,1 18:55:34 15/11/20
0,99.9,10.3,2.86,2.86,0.21,0.17,0 19:01:07 15/11/20
0,99.9,10.1,2.85,2.86,0.16,0.14,1 19:06:35 15/11/20
0,99.9,10.0,2.86,2.86,0.21,0.17,0 19:12:03 15/11/20
0,99.9,9.9,2.85,2.86,0.15,0.14,1 19:17:30 15/11/20
0,99.9,9.7,2.86,2.86,0.22,0.18,0 19:22:58 15/11/20
0,99.9,9.6,2.86,2.86,0.15,0.14,1 19:28:25 15/11/20
0,99.9,9.5,2.85,2.86,0.22,0.18,0 19:33:54 15/11/20
0,99.9,9.4,2.86,2.86,0.15,0.13,1 19:39:21 15/11/20
0,99.9,9.3,2.85,2.86,0.18,0.15,0 19:44:46 15/11/20
0,99.9,9.2,2.86,2.86,0.15,0.13,1 19:50:16 15/11/20
0,99.9,9.1,2.85,2.86,0.21,0.17,0 19:55:43 15/11/20
0,99.9,9.1,2.86,2.86,0.15,0.13,1 20:01:12 15/11/20
0,99.9,9.0,2.86,2.86,0.12,0.11,1 20:06:42 15/11/20
0,99.9,9.0,2.86,2.86,0.22,0.18,0 20:12:16 15/11/20
0,99.9,8.9,2.86,2.86,0.18,0.14,0 20:17:46 15/11/20
0,99.9,8.9,2.85,2.86,0.15,0.13,1 20:23:20 15/11/20
0,99.9,8.9,2.86,2.86,0.22,0.18,0 20:28:48 15/11/20
0,99.9,8.9,2.85,2.86,0.15,0.13,1 20:34:14 15/11/20
0,99.9,8.9,2.85,2.85,0.22,0.17,0 20:39:42 15/11/20
0,99.9,8.9,2.85,2.86,0.15,0.13,1 20:45:09 15/11/20
0,99.9,8.9,2.86,2.86,0.22,0.17,0 20:50:38 15/11/20
0,99.9,8.9,2.86,2.86,0.15,0.13,1 20:56:05 15/11/20
0,99.9,8.9,2.86,2.85,0.21,0.17,0 21:01:32 15/11/20
0,99.9,8.9,2.86,2.86,0.15,0.13,1 21:07:00 15/11/20
0,99.9,8.9,2.86,2.86,0.14,0.11,0 21:12:33 15/11/20
0,99.9,9.0,2.86,2.86,0.13,0.11,1 21:18:11 15/11/20
0,99.9,9.0,2.86,2.86,0.08,0.08,1 21:23:42 15/11/20
0,99.9,9.0,2.85,2.85,0.22,0.18,0 21:29:08 15/11/20
0,99.9,9.0,2.85,2.85,0.14,0.12,1 21:34:35 15/11/20
0,99.9,9.0,2.86,2.85,0.22,0.18,0 21:40:04 15/11/20
0,99.9,9.0,2.85,2.85,0.18,0.14,0 21:45:35 15/11/20
0,99.9,9.0,2.85,2.85,0.15,0.13,1 21:51:07 15/11/20
0,99.9,9.0,2.85,2.85,0.22,0.17,0 21:56:38 15/11/20
0,99.9,9.1,2.85,2.85,0.14,0.13,1 22:02:01 15/11/20
0,99.9,9.1,2.85,2.85,0.22,0.17,0 22:07:30 15/11/20
0,99.9,9.1,2.85,2.85,0.16,0.14,1 22:12:59 15/11/20
0,99.9,9.1,2.85,2.85,0.22,0.17,0 22:18:26 15/11/20
0,99.9,9.1,2.85,2.85,0.14,0.12,1 22:23:51 15/11/20
0,99.9,9.1,2.85,2.85,0.22,0.17,0 22:29:20 15/11/20
0,99.9,9.1,2.85,2.85,0.17,0.14,0 22:34:54 15/11/20
0,99.9,9.1,2.85,2.85,0.15,0.13,1 22:40:24 15/11/20
0,99.9,9.1,2.85,2.85,0.22,0.18,0 22:45:52 15/11/20
0,99.9,9.1,2.85,2.85,0.15,0.13,1 22:51:20 15/11/20
0,99.9,9.2,2.85,2.85,0.21,0.17,0 22:56:47 15/11/20
0,99.9,9.2,2.85,2.85,0.15,0.14,1 23:02:15 15/11/20
0,99.9,9.2,2.85,2.85,0.21,0.17,0 23:07:42 15/11/20
0,99.9,9.3,2.85,2.85,0.15,0.13,1 23:13:10 15/11/20
0,99.9,9.3,2.85,2.85,0.22,0.17,0 23:18:38 15/11/20
0,99.9,9.3,2.85,2.85,0.15,0.13,1 23:24:06 15/11/20
0,99.9,9.3,2.85,2.85,0.22,0.17,0 23:29:33 15/11/20
0,99.9,9.4,2.85,2.85,0.13,0.11,1 23:34:58 15/11/20
0,99.9,9.4,2.85,2.85,0.22,0.18,0 23:40:28 15/11/20
0,99.9,9.5,2.85,2.85,0.15,0.13,1 23:45:56 15/11/20
0,99.9,9.6,2.85,2.85,0.22,0.17,0 23:51:24 15/11/20
0,99.9,9.6,2.85,2.85,0.15,0.13,1 23:56:51 15/11/20
