0,99.9,13.8,2.85,2.85,0.22,0.16,0 00:05:08 19/11/20
0,99.9,13.8,2.85,2.86,0.15,0.14,1 00:10:35 19/11/20
0,99.9,13.9,2.85,2.85,0.19,0.14,0 00:16:02 19/11/20
0,99.9,13.9,2.85,2.86,0.15,0.14,1 00:21:31 19/11/20
0,99.9,13.9,2.85,2.85,0.22,0.14,0 00:26:59 19/11/20
0,99.9,13.9,2.85,2.86,0.15,0.14,1 00:32:28 19/11/20
0,99.9,14.0,2.85,2.85,0.22,0.14,0 00:37:56 19/11/20
0,99.9,14.0,2.85,2.86,0.14,0.13,1 00:43:22 19/11/20
0,99.9,14.0,2.85,2.86,0.22,0.14,0 00:48:52 19/11/20
0,99.9,14.0,2.85,2.85,0.15,0.14,1 00:54:19 19/11/20
0,99.9,14.0,2.85,2.85,0.21,0.14,0 00:59:47 19/11/20
0,99.9,14.0,2.85,2.86,0.15,0.14,1 01:05:15 19/11/20
0,99.9,13.9,2.85,2.85,0.21,0.14,0 01:10:43 19/11/20
0,99.9,13.8,2.85,2.86,0.16,0.14,1 01:16:12 19/11/20
0,99.9,13.7,2.85,2.85,0.21,0.14,0 01:21:39 19/11/20
0,99.9,13.5,2.85,2.85,0.15,0.14,1 01:27:07 19/11/20
0,99.9,13.3,2.85,2.85,0.21,0.15,0 01:32:35 19/11/20
0,99.9,13.0,2.85,2.85,0.16,0.14,1 01:38:04 19/11/20
0,99.9,12.7,2.85,2.85,0.22,0.15,0 01:43:32 19/11/20
0,99.9,12.4,2.85,2.85,0.15,0.14,1 01:48:59 19/11/20
0,99.9,12.2,2.85,2.85,0.23,0.16,0 01:54:28 19/11/20
0,99.9,12.0,2.85,2.85,0.16,0.14,1 01:59:56 19/11/20
0,99.9,11.8,2.85,2.85,0.21,0.15,0 02:05:22 19/11/20
0,99.9,11.6,2.85,2.85,0.15,0.14,1 02:10:50 19/11/20
0,99.9,11.5,2.85,2.86,0.12,0.11,1 02:16:23 19/11/20
0,99.9,11.4,2.85,2.85,0.22,0.16,0 02:21:55 19/11/20
0,99.9,11.3,2.85,2.85,0.15,0.14,1 02:27:23 19/11/20
0,99.9,11.2,2.85,2.85,0.21,0.16,0 02:32:50 19/11/20
0,99.9,11.2,2.85,2.85,0.17,0.13,0 02:38:22 19/11/20
0,99.9,11.2,2.85,2.85,0.16,0.14,1 02:43:55 19/11/20
0,99.9,11.2,2.85,2.84,0.21,0.16,0 02:49:24 19/11/20
0,99.9,11.1,2.85,2.85,0.15,0.13,1 02:54:50 19/11/20
0,99.9,11.1,2.85,2.85,0.22,0.16,0 03:00:19 19/11/20
0,99.9,11.1,2.85,2.85,0.16,0.14,1 03:05:46 19/11/20
0,99.9,11.1,2.85,2.85,0.2,0.15,0 03:11:13 19/11/20
0,99.9,11.1,2.85,2.85,0.15,0.14,1 03:16:41 19/11/20
0,99.9,11.0,2.85,2.85,0.21,0.16,0 03:22:09 19/11/20
0,99.9,10.9,2.85,2.85,0.16,0.14,1 03:27:37 19/11/20
0,99.9,10.8,2.85,2.85,0.22,0.17,0 03:33:06 19/11/20
0,99.9,10.7,2.85,2.85,0.15,0.14,1 03:38:32 19/11/20
0,99.9,10.6,2.85,2.85,0.22,0.16,0 03:44:01 19/11/20
0,99.9,10.5,2.85,2.85,0.16,0.14,1 03:49:28 19/11/20
0,99.9,10.3,2.85,2.85,0.21,0.16,0 03:54:56 19/11/20
0,99.9,10.3,2.85,2.85,0.15,0.14,1 04:00:23 19/11/20
0,99.9,10.2,2.85,2.85,0.22,0.16,0 04:05:51 19/11/20
0,99.9,10.1,2.85,2.85,0.16,0.14,1 04:11:20 19/11/20
0,99.9,10.0,2.85,2.85,0.21,0.16,0 04:16:46 19/11/20
0,99.9,10.0,2.85,2.85,0.16,0.14,1 04:22:14 19/11/20
0,99.9,10.0,2.85,2.85,0.22,0.16,0 04:27:42 19/11/20
0,99.9,9.9,2.85,2.85,0.15,0.14,1 04:33:09 19/11/20
0,99.9,9.9,2.85,2.85,0.22,0.17,0 04:38:37 19/11/20
0,99.9,9.8,2.85,2.85,0.16,0.14,1 04:44:05 19/11/20
0,99.9,9.8,2.85,2.85,0.21,0.16,0 04:49:32 19/11/20
0,99.9,9.8,2.85,2.85,0.16,0.14,1 04:55:00 19/11/20
0,99.9,9.8,2.85,2.85,0.22,0.17,0 05:00:29 19/11/20
0,99.9,9.8,2.85,2.85,0.15,0.14,1 05:05:55 19/11/20
0,99.9,9.7,2.85,2.85,0.22,0.16,0 05:11:23 19/11/20
0,99.9,9.6,2.85,2.85,0.18,0.13,0 05:16:54 19/11/20
0,99.9,9.6,2.85,2.85,0.16,0.14,1 05:22:28 19/11/20
0,99.9,9.5,2.85,2.85,0.22,0.16,0 05:27:55 19/11/20
0,99.9,9.4,2.85,2.85,0.15,0.14,1 05:33:22 19/11/20
0,99.9,9.3,2.85,2.85,0.22,0.16,0 05:38:51 19/11/20
0,99.9,9.1,2.85,2.85,0.16,0.14,1 05:44:18 19/11/20
0,99.9,9.1,2.85,2.85,0.21,0.16,0 05:49:46 19/11/20
0,99.9,9.0,2.85,2.85,0.18,0.13,0 05:55:17 19/11/20
0,99.9,8.9,2.85,2.85,0.15,0.14,1 06:00:49 19/11/20
0,99.9,8.8,2.85,2.85,0.22,0.17,0 06:06:17 19/11/20
0,99.9,8.8,2.85,2.85,0.15,0.13,1 06:11:45 19/11/20
0,99.9,8.7,2.85,2.85,0.22,0.17,0 06:17:13 19/11/20
0,99.9,8.7,2.85,2.85,0.16,0.14,1 06:22:40 19/11/20
0,99.9,8.6,2.85,2.85,0.21,0.16,0 06:28:07 19/11/20
0,99.9,8.6,2.85,2.85,0.16,0.14,1 06:33:35 19/11/20
0,99.9,8.5,2.85,2.85,0.21,0.16,0 06:39:02 19/11/20
0,99.9,8.5,2.85,2.85,0.16,0.14,1 06:44:30 19/11/20
0,99.9,8.4,2.85,2.85,0.21,0.16,0 06:49:57 19/11/20
0,99.9,8.4,2.85,2.85,0.16,0.14,1 06:55:26 19/11/20
0,99.9,8.3,2.85,2.85,0.21,0.16,0 07:00:53 19/11/20
0,99.9,8.3,2.85,2.85,0.16,0.14,1 07:06:21 19/11/20
0,99.9,8.3,2.85,2.85,0.13,0.12,1 07:11:51 19/11/20
0,99.9,8.3,2.85,2.85,0.22,0.16,0 07:17:25 19/11/20
0,99.9,8.3,2.85,2.85,0.15,0.13,1 07:22:52 19/11/20
0,99.9,8.3,2.85,2.85,0.22,0.17,0 07:28:20 19/11/20
0,99.9,8.4,2.85,2.85,0.16,0.14,1 07:33:47 19/11/20
0,99.9,8.5,2.85,2.85,0.21,0.16,0 07:39:14 19/11/20
0,99.9,8.6,2.85,2.85,0.16,0.14,1 07:44:42 19/11/20
0,99.9,8.6,2.85,2.85,0.21,0.16,0 07:50:09 19/11/20
0,99.9,8.7,2.85,2.85,0.16,0.14,1 07:55:37 19/11/20
0,99.9,8.8,2.85,2.85,0.21,0.16,0 08:01:04 19/11/20
0,99.9,8.9,2.85,2.85,0.16,0.14,1 08:06:32 19/11/20
0,99.9,8.9,2.85,2.85,0.21,0.16,0 08:12:00 19/11/20
0,99.9,9.0,2.85,2.85,0.16,0.14,1 08:17:28 19/11/20
0,99.9,9.1,2.85,2.85,0.22,0.17,0 08:22:55 19/11/20
0,99.9,9.1,2.85,2.85,0.15,0.13,1 08:28:22 19/11/20
0,99.9,9.2,2.85,2.85,0.22,0.17,0 08:33:50 19/11/20
0,99.9,9.3,2.85,2.85,0.15,0.14,1 08:39:18 19/11/20
0,99.9,9.3,2.85,2.85,0.18,0.14,0 08:44:43 19/11/20
0,99.9,9.4,2.85,2.85,0.16,0.14,1 08:50:13 19/11/20
0,99.9,9.4,2.85,2.85,0.21,0.16,0 08:55:40 19/11/20
0,99.9,9.5,2.85,2.85,0.16,0.14,1 09:01:09 19/11/20
0,99.9,9.6,2.85,2.85,0.19,0.15,0 09:06:34 19/11/20
0,99.9,9.8,2.85,2.85,0.16,0.14,1 09:12:04 19/11/20
0,99.9,9.9,2.85,2.85,0.22,0.17,0 09:17:31 19/11/20
0,99.9,10.1,2.85,2.85,0.18,0.13,0 09:23:02 19/11/20
0,99.9,10.3,2.85,2.85,0.15,0.14,1 09:28:35 19/11/20
0,99.9,10.4,2.85,2.85,0.22,0.17,0 09:34:03 19/11/20
0,99.9,10.6,2.85,2.85,0.16,0.14,1 09:39:31 19/11/20
0,99.9,10.8,2.85,2.85,0.21,0.16,0 09:44:58 19/11/20
0,99.9,10.9,2.85,2.85,0.15,0.14,1 09:50:26 19/11/20
0,99.9,11.1,2.85,2.85,0.22,0.17,0 09:55:54 19/11/20
0,99.9,11.4,2.85,2.84,0.16,0.14,1 10:01:22 19/11/20
0,99.9,11.5,2.85,2.84,0.22,0.16,0 10:06:49 19/11/20
0,99.9,11.6,2.85,2.85,0.15,0.14,1 10:12:17 19/11/20
0,99.9,11.7,2.85,2.84,0.22,0.17,0 10:17:46 19/11/20
0,99.9,11.7,2.85,2.85,0.16,0.14,1 10:23:13 19/11/20
0,99.9,11.7,2.85,2.84,0.22,0.17,0 10:28:41 19/11/20
0,99.9,11.8,2.85,2.84,0.15,0.14,1 10:34:09 19/11/20
0,99.9,11.8,2.85,2.84,0.2,0.16,0 10:39:35 19/11/20
0,99.9,11.9,2.85,2.85,0.15,0.14,1 10:45:04 19/11/20
0,99.9,12.1,2.85,2.84,0.22,0.17,0 10:50:33 19/11/20
0,99.9,12.3,2.85,2.84,0.16,0.14,1 10:56:00 19/11/20
0,99.9,12.5,2.85,2.84,0.22,0.17,0 11:01:28 19/11/20
0,99.9,12.7,2.85,2.84,0.16,0.14,1 11:06:56 19/11/20
0,99.9,13.0,2.85,2.84,0.2,0.15,0 11:12:23 19/11/20
0,99.9,13.3,2.85,2.84,0.15,0.13,1 11:17:52 19/11/20
0,99.9,13.5,2.85,2.84,0.22,0.16,0 11:23:19 19/11/20
0,99.9,13.9,2.85,2.84,0.15,0.14,1 11:28:47 19/11/20
0,99.9,14.2,2.85,2.84,0.22,0.16,0 11:34:15 19/11/20
0,99.9,14.6,2.85,2.84,0.16,0.14,1 11:39:45 19/11/20
0,99.9,14.7,2.85,2.84,0.23,0.17,0 11:45:13 19/11/20
0,99.9,14.7,2.85,2.84,0.16,0.14,1 11:50:40 19/11/20
0,99.9,14.6,2.85,2.84,0.22,0.17,0 11:56:08 19/11/20
0,99.9,14.4,2.85,2.84,0.16,0.14,1 12:01:36 19/11/20
0,99.9,14.1,2.85,2.84,0.22,0.17,0 12:07:04 19/11/20
0,99.9,13.9,2.84,2.84,0.14,0.12,1 12:12:30 19/11/20
0,99.9,13.7,2.85,2.84,0.2,0.15,0 12:17:58 19/11/20
0,99.9,13.5,2.85,2.85,0.16,0.14,1 12:23:28 19/11/20
0,99.9,13.5,2.84,2.84,0.22,0.17,0 12:28:56 19/11/20
0,99.9,13.7,2.85,2.84,0.16,0.14,1 12:34:24 19/11/20
0,99.9,14.7,2.85,2.84,0.22,0.17,0 12:39:52 19/11/20
0,99.9,15.8,2.85,2.84,0.16,0.14,1 12:45:21 19/11/20
0,99.9,16.5,2.84,2.84,0.22,0.17,0 12:50:48 19/11/20
0,99.9,17.0,2.85,2.84,0.16,0.14,1 12:56:17 19/11/20
0,99.9,16.9,2.85,2.84,0.22,0.17,0 13:01:46 19/11/20
0,99.9,16.4,2.85,2.84,0.15,0.14,1 13:07:13 19/11/20
0,99.9,15.9,2.84,2.84,0.22,0.17,0 13:12:42 19/11/20
0,99.9,15.6,2.85,2.84,0.1,0.08,0 13:18:12 19/11/20
0,99.9,15.4,2.85,2.84,0.16,0.14,1 13:23:38 19/11/20
0,99.9,15.0,2.85,2.84,0.22,0.17,0 13:29:07 19/11/20
0,99.9,14.7,2.85,2.85,0.15,0.13,1 13:34:34 19/11/20
0,99.9,14.4,2.85,2.84,0.22,0.17,0 13:40:02 19/11/20
0,99.9,14.2,2.85,2.85,0.13,0.12,1 13:45:28 19/11/20
0,99.9,14.1,2.85,2.85,0.14,0.11,0 13:51:05 19/11/20
0,99.9,13.9,2.85,2.85,0.15,0.13,1 13:56:35 19/11/20
0,99.9,14.3,2.85,2.84,0.22,0.17,0 14:02:03 19/11/20
0,99.9,15.2,2.84,2.84,0.13,0.12,1 14:07:29 19/11/20
0,99.9,15.8,2.85,2.85,0.22,0.17,0 14:12:59 19/11/20
0,99.9,15.9,2.85,2.85,0.11,0.08,0 14:18:29 19/11/20
0,99.9,15.9,2.85,2.85,0.16,0.14,1 14:23:56 19/11/20
0,99.9,15.7,2.85,2.84,0.2,0.15,0 14:29:23 19/11/20
0,99.9,15.4,2.85,2.85,0.16,0.14,1 14:34:54 19/11/20
0,99.9,14.8,2.85,2.85,0.22,0.17,0 14:40:20 19/11/20
0,99.9,14.2,2.85,2.85,0.15,0.14,1 14:45:48 19/11/20
0,99.9,13.7,2.85,2.85,0.21,0.16,0 14:51:15 19/11/20
0,99.9,13.3,2.85,2.85,0.15,0.14,1 14:56:44 19/11/20
0,99.9,13.0,2.85,2.85,0.22,0.17,0 15:02:12 19/11/20
0,99.9,12.7,2.85,2.84,0.15,0.13,1 15:07:40 19/11/20
0,99.9,12.5,2.85,2.85,0.22,0.17,0 15:13:09 19/11/20
0,99.9,12.4,2.85,2.85,0.16,0.14,1 15:18:37 19/11/20
0,99.9,12.2,2.85,2.85,0.22,0.16,0 15:24:04 19/11/20
0,99.9,12.0,2.86,2.85,0.14,0.12,1 15:29:30 19/11/20
0,99.9,11.8,2.85,2.85,0.21,0.15,0 15:34:59 19/11/20
0,99.9,11.7,2.85,2.85,0.15,0.14,1 15:40:27 19/11/20
0,99.9,11.5,2.85,2.85,0.22,0.16,0 15:45:55 19/11/20
0,99.9,11.3,2.85,2.85,0.16,0.14,1 15:51:24 19/11/20
0,99.9,11.2,2.85,2.85,0.22,0.16,0 15:56:51 19/11/20
0,99.9,11.1,2.85,2.85,0.16,0.14,1 16:02:20 19/11/20
0,99.9,10.9,2.85,2.85,0.22,0.16,0 16:07:46 19/11/20
0,99.9,10.8,2.85,2.85,0.17,0.13,0 16:13:19 19/11/20
0,99.9,10.7,2.85,2.85,0.16,0.14,1 16:18:51 19/11/20
0,99.9,10.6,2.85,2.85,0.2,0.15,0 16:24:17 19/11/20
0,99.9,10.4,2.85,2.85,0.15,0.14,1 16:29:46 19/11/20
0,99.9,10.3,2.85,2.85,0.2,0.15,0 16:35:12 19/11/20
0,99.9,10.2,2.85,2.85,0.18,0.13,0 16:40:45 19/11/20
0,99.9,10.0,2.85,2.85,0.15,0.14,1 16:46:18 19/11/20
0,99.9,9.9,2.85,2.83,0.23,0.17,0 16:51:46 19/11/20
0,99.9,9.7,2.85,2.85,0.14,0.13,1 16:57:13 19/11/20
0,99.9,9.5,2.85,2.85,0.22,0.17,0 17:02:41 19/11/20
0,99.9,9.4,2.85,2.85,0.16,0.14,1 17:08:09 19/11/20
0,99.9,9.3,2.85,2.85,0.22,0.17,0 17:13:36 19/11/20
0,99.9,9.2,2.85,2.85,0.16,0.14,1 17:19:05 19/11/20
0,99.9,9.1,2.85,2.85,0.22,0.17,0 17:24:32 19/11/20
0,99.9,9.0,2.85,2.85,0.15,0.14,1 17:29:59 19/11/20
0,99.9,8.8,2.85,2.85,0.22,0.17,0 17:35:27 19/11/20
0,99.9,8.7,2.85,2.85,0.15,0.14,1 17:40:54 19/11/20
0,99.9,8.6,2.85,2.85,0.22,0.17,0 17:46:23 19/11/20
0,99.9,8.5,2.85,2.85,0.15,0.14,1 17:51:50 19/11/20
0,99.9,8.4,2.85,2.85,0.22,0.17,0 17:57:18 19/11/20
0,99.9,8.4,2.85,2.85,0.17,0.13,0 18:02:49 19/11/20
0,99.9,8.4,2.85,2.85,0.16,0.14,1 18:08:22 19/11/20
0,99.9,8.3,2.85,2.85,0.13,0.12,1 18:13:53 19/11/20
0,99.9,8.3,2.85,2.85,0.13,0.12,1 18:19:30 19/11/20
0,99.9,8.3,2.85,2.85,0.2,0.15,0 18:25:00 19/11/20
0,99.9,8.3,2.85,2.85,0.16,0.14,1 18:30:29 19/11/20
0,99.9,8.2,2.85,2.85,0.22,0.16,0 18:35:56 19/11/20
0,99.9,8.0,2.85,2.85,0.16,0.14,1 18:41:25 19/11/20
0,99.9,7.8,2.85,2.85,0.21,0.16,0 18:46:51 19/11/20
0,99.9,7.5,2.85,2.85,0.16,0.14,1 18:52:19 19/11/20
0,99.9,7.2,2.85,2.85,0.22,0.16,0 18:57:46 19/11/20
0,99.9,7.0,2.85,2.85,0.16,0.14,1 19:03:14 19/11/20
0,99.9,6.7,2.85,2.85,0.21,0.16,0 19:08:41 19/11/20
0,99.9,6.5,2.85,2.85,0.18,0.13,0 19:14:13 19/11/20
0,99.9,6.2,2.85,2.85,0.16,0.14,1 19:19:45 19/11/20
0,99.9,6.0,2.85,2.85,0.22,0.16,0 19:25:12 19/11/20
0,99.9,5.8,2.85,2.85,0.17,0.15,1 19:30:41 19/11/20
0,99.9,5.6,2.85,2.85,0.22,0.17,0 19:36:07 19/11/20
0,99.9,5.4,2.85,2.85,0.14,0.12,1 19:41:32 19/11/20
0,99.9,5.2,2.85,2.85,0.22,0.16,0 19:47:02 19/11/20
0,99.9,5.0,2.85,2.85,0.16,0.14,1 19:52:29 19/11/20
0,99.9,4.9,2.85,2.85,0.22,0.17,0 19:57:57 19/11/20
0,99.9,4.7,2.85,2.85,0.16,0.14,1 20:03:23 19/11/20
0,99.9,4.5,2.85,2.85,0.22,0.17,0 20:08:51 19/11/20
0,99.9,4.4,2.85,2.85,0.14,0.13,1 20:14:16 19/11/20
0,99.9,4.3,2.85,2.85,0.21,0.16,0 20:19:45 19/11/20
0,99.9,4.2,2.85,2.85,0.1,0.08,0 20:25:14 19/11/20
0,99.9,4.1,2.85,2.85,0.16,0.14,1 20:30:40 19/11/20
0,99.9,4.0,2.85,2.85,0.22,0.17,0 20:36:07 19/11/20
0,99.9,3.9,2.85,2.85,0.16,0.14,1 20:41:34 19/11/20
0,99.9,3.8,2.85,2.84,0.21,0.17,0 20:47:01 19/11/20
0,99.9,3.8,2.85,2.85,0.16,0.14,1 20:52:29 19/11/20
0,99.9,3.7,2.85,2.85,0.13,0.12,1 20:58:00 19/11/20
0,99.9,3.6,2.85,2.84,0.22,0.17,0 21:03:32 19/11/20
0,99.9,3.6,2.85,2.84,0.16,0.14,1 21:09:00 19/11/20
0,99.9,3.5,2.85,2.84,0.21,0.16,0 21:14:26 19/11/20
0,99.9,3.5,2.85,2.84,0.16,0.14,1 21:19:53 19/11/20
0,99.9,3.4,2.85,2.84,0.21,0.16,0 21:25:21 19/11/20
0,99.9,3.4,2.85,2.84,0.16,0.14,1 21:30:48 19/11/20
0,99.9,3.3,2.85,2.84,0.22,0.17,0 21:36:15 19/11/20
0,99.9,3.3,2.85,2.84,0.16,0.14,1 21:41:42 19/11/20
0,99.9,3.2,2.85,2.84,0.21,0.16,0 21:47:09 19/11/20
0,99.9,3.2,2.84,2.84,0.15,0.13,1 21:52:36 19/11/20
0,99.9,3.2,2.85,2.84,0.22,0.17,0 21:58:04 19/11/20
0,99.9,3.1,2.85,2.84,0.16,0.14,1 22:03:31 19/11/20
0,99.9,3.1,2.85,2.84,0.19,0.15,0 22:08:57 19/11/20
0,99.9,3.1,2.85,2.84,0.16,0.14,1 22:14:25 19/11/20
0,99.9,3.0,2.84,2.84,0.21,0.16,0 22:19:53 19/11/20
0,99.9,3.0,2.85,2.84,0.16,0.14,1 22:25:20 19/11/20
0,99.9,2.9,2.85,2.84,0.22,0.17,0 22:30:47 19/11/20
0,99.9,2.9,2.85,2.84,0.16,0.14,1 22:36:15 19/11/20
0,99.9,2.9,2.84,2.84,0.22,0.16,0 22:41:41 19/11/20
0,99.9,2.9,2.85,2.84,0.16,0.14,1 22:47:08 19/11/20
0,99.9,2.8,2.84,2.84,0.22,0.16,0 22:52:36 19/11/20
0,99.9,2.9,2.85,2.84,0.16,0.14,1 22:58:03 19/11/20
0,99.9,2.9,2.85,2.84,0.22,0.17,0 23:03:30 19/11/20
0,99.9,3.0,2.84,2.84,0.16,0.14,1 23:08:57 19/11/20
0,99.9,3.0,2.84,2.84,0.22,0.17,0 23:14:25 19/11/20
0,99.9,3.1,2.85,2.84,0.15,0.13,1 23:19:50 19/11/20
0,99.9,3.1,2.84,2.84,0.22,0.16,0 23:25:19 19/11/20
0,99.9,3.1,2.84,2.84,0.16,0.14,1 23:30:46 19/11/20
0,99.9,3.1,2.84,2.84,0.22,0.17,0 23:36:13 19/11/20
0,99.9,3.1,2.84,2.84,0.16,0.14,1 23:41:41 19/11/20
0,99.9,3.2,2.84,2.84,0.22,0.16,0 23:47:07 19/11/20
