0,99.9,-3.7,2.81,2.8,0.22,0.18,0 00:04:03 30/11/20
0,99.9,-3.7,2.81,2.8,0.16,0.14,1 00:09:29 30/11/20
0,99.9,-3.7,2.81,2.8,0.21,0.17,0 00:14:56 30/11/20
0,99.9,-3.8,2.81,2.8,0.16,0.13,1 00:20:22 30/11/20
0,99.9,-3.8,2.81,2.8,0.22,0.18,0 00:25:50 30/11/20
0,99.9,-3.8,2.81,2.8,0.16,0.13,1 00:31:16 30/11/20
0,99.9,-3.8,2.81,2.8,0.22,0.18,0 00:36:44 30/11/20
0,99.9,-3.8,2.81,2.8,0.16,0.13,1 00:42:09 30/11/20
0,99.9,-3.9,2.81,2.8,0.21,0.17,0 00:47:36 30/11/20
0,99.9,-3.9,2.81,2.8,0.16,0.13,1 00:53:03 30/11/20
0,99.9,-3.9,2.81,2.8,0.22,0.18,0 00:58:30 30/11/20
0,99.9,-4.0,2.81,2.8,0.16,0.13,1 01:03:56 30/11/20
0,99.9,-4.0,2.81,2.8,0.21,0.17,0 01:09:23 30/11/20
0,99.9,-4.0,2.81,2.8,0.16,0.13,1 01:14:50 30/11/20
0,99.9,-4.1,2.81,2.79,0.22,0.18,0 01:20:18 30/11/20
0,99.9,-4.1,2.81,2.8,0.16,0.13,1 01:25:43 30/11/20
0,99.9,-4.1,2.81,2.8,0.22,0.18,0 01:31:11 30/11/20
0,99.9,-4.1,2.81,2.8,0.16,0.13,1 01:36:37 30/11/20
0,99.9,-4.1,2.8,2.79,0.22,0.18,0 01:42:05 30/11/20
0,99.9,-4.2,2.8,2.8,0.16,0.13,1 01:47:30 30/11/20
0,99.9,-4.2,2.8,2.8,0.22,0.18,0 01:52:58 30/11/20
0,99.9,-4.2,2.8,2.8,0.16,0.13,1 01:58:24 30/11/20
0,99.9,-4.2,2.8,2.8,0.21,0.17,0 02:03:51 30/11/20
0,99.9,-4.2,2.8,2.79,0.16,0.13,1 02:09:17 30/11/20
0,99.9,-4.3,2.8,2.79,0.22,0.18,0 02:14:44 30/11/20
0,99.9,-4.3,2.8,2.79,0.16,0.13,1 02:20:11 30/11/20
0,99.9,-4.3,2.8,2.79,0.21,0.17,0 02:25:37 30/11/20
0,99.9,-4.3,2.8,2.79,0.16,0.13,1 02:31:05 30/11/20
0,99.9,-4.3,2.8,2.79,0.22,0.18,0 02:36:31 30/11/20
0,99.9,-4.3,2.8,2.79,0.16,0.13,1 02:41:57 30/11/20
0,99.9,-4.3,2.8,2.79,0.21,0.17,0 02:47:24 30/11/20
0,99.9,-4.4,2.8,2.79,0.16,0.13,1 02:52:51 30/11/20
0,99.9,-4.4,2.8,2.79,0.2,0.16,0 02:58:17 30/11/20
0,99.9,-4.4,2.8,2.79,0.16,0.13,1 03:03:44 30/11/20
0,99.9,-4.4,2.8,2.79,0.21,0.18,0 03:09:12 30/11/20
0,99.9,-4.5,2.8,2.79,0.16,0.13,1 03:14:38 30/11/20
0,99.9,-4.5,2.8,2.79,0.21,0.17,0 03:20:04 30/11/20
0,99.9,-4.5,2.8,2.79,0.16,0.13,1 03:25:31 30/11/20
0,99.9,-4.5,2.8,2.79,0.21,0.18,0 03:30:58 30/11/20
0,99.9,-4.6,2.8,2.79,0.16,0.13,1 03:36:25 30/11/20
0,99.9,-4.6,2.8,2.79,0.21,0.17,0 03:41:51 30/11/20
0,99.9,-4.6,2.8,2.79,0.16,0.13,1 03:47:18 30/11/20
0,99.9,-4.6,2.8,2.79,0.22,0.18,0 03:52:46 30/11/20
0,99.9,-4.6,2.8,2.79,0.15,0.12,1 03:58:11 30/11/20
0,99.9,-4.6,2.8,2.79,0.21,0.17,0 04:03:38 30/11/20
0,99.9,-4.6,2.8,2.79,0.15,0.13,1 04:09:05 30/11/20
0,99.9,-4.6,2.8,2.79,0.21,0.17,0 04:14:31 30/11/20
0,99.9,-4.6,2.8,2.79,0.16,0.13,1 04:19:59 30/11/20
0,99.9,-4.6,2.8,2.79,0.21,0.17,0 04:25:25 30/11/20
0,99.9,-4.6,2.8,2.79,0.15,0.12,1 04:30:51 30/11/20
0,99.9,-4.6,2.8,2.79,0.21,0.17,0 04:36:18 30/11/20
0,99.9,-4.6,2.8,2.79,0.16,0.13,1 04:41:45 30/11/20
0,99.9,-4.6,2.8,2.79,0.21,0.18,0 04:47:13 30/11/20
0,99.9,-4.6,2.8,2.79,0.15,0.12,1 04:52:38 30/11/20
0,99.9,-4.5,2.8,2.79,0.21,0.17,0 04:58:05 30/11/20
0,99.9,-4.5,2.8,2.79,0.16,0.13,1 05:03:32 30/11/20
0,99.9,-4.5,2.8,2.79,0.2,0.17,0 05:08:58 30/11/20
0,99.9,-4.5,2.8,2.79,0.16,0.13,1 05:14:26 30/11/20
0,99.9,-4.4,2.8,2.79,0.21,0.17,0 05:19:52 30/11/20
0,99.9,-4.4,2.8,2.79,0.15,0.12,1 05:25:18 30/11/20
0,99.9,-4.3,2.8,2.79,0.2,0.17,0 05:30:45 30/11/20
0,99.9,-4.3,2.8,2.79,0.16,0.13,1 05:36:12 30/11/20
0,99.9,-4.3,2.8,2.79,0.13,0.1,1 05:41:42 30/11/20
0,99.9,-4.2,2.8,2.79,0.21,0.17,0 05:47:15 30/11/20
0,99.9,-4.1,2.8,2.79,0.16,0.13,1 05:52:41 30/11/20
0,99.9,-4.0,2.8,2.79,0.13,0.1,1 05:58:11 30/11/20
0,99.9,-3.8,2.8,2.79,0.21,0.17,0 06:03:43 30/11/20
0,99.9,-3.7,2.8,2.79,0.15,0.13,1 06:09:10 30/11/20
0,99.9,-3.5,2.8,2.79,0.21,0.17,0 06:14:37 30/11/20
0,99.9,-3.3,2.8,2.79,0.15,0.12,1 06:20:03 30/11/20
0,99.9,-3.1,2.8,2.79,0.18,0.15,0 06:25:28 30/11/20
0,99.9,-2.9,2.8,2.79,0.15,0.13,1 06:30:57 30/11/20
0,99.9,-2.7,2.8,2.79,0.21,0.17,0 06:36:24 30/11/20
0,99.9,-2.5,2.8,2.79,0.15,0.13,1 06:41:52 30/11/20
0,99.9,-2.3,2.8,2.79,0.2,0.17,0 06:47:17 30/11/20
0,99.9,-2.1,2.8,2.79,0.15,0.12,1 06:52:44 30/11/20
0,99.9,-2.0,2.8,2.79,0.21,0.17,0 06:58:12 30/11/20
0,99.9,-1.8,2.8,2.79,0.15,0.12,1 07:03:38 30/11/20
0,99.9,-1.7,2.8,2.79,0.21,0.17,0 07:09:05 30/11/20
0,99.9,-1.5,2.8,2.79,0.15,0.13,1 07:14:33 30/11/20
0,99.9,-1.4,2.8,2.79,0.2,0.17,0 07:19:59 30/11/20
0,99.9,-1.3,2.8,2.79,0.15,0.12,1 07:25:25 30/11/20
0,99.9,-1.2,2.8,2.79,0.2,0.17,0 07:30:52 30/11/20
0,99.9,-1.1,2.8,2.79,0.15,0.12,1 07:36:19 30/11/20
0,99.9,-1.0,2.8,2.79,0.21,0.17,0 07:41:47 30/11/20
0,99.9,-0.9,2.8,2.79,0.15,0.12,1 07:47:14 30/11/20
0,99.9,-0.9,2.8,2.79,0.21,0.17,0 07:52:40 30/11/20
0,99.9,-0.8,2.8,2.79,0.15,0.12,1 07:58:07 30/11/20
0,99.9,-0.7,2.8,2.79,0.2,0.17,0 08:03:34 30/11/20
0,99.9,-0.6,2.8,2.79,0.15,0.12,1 08:09:01 30/11/20
0,99.9,-0.6,2.8,2.79,0.21,0.17,0 08:14:28 30/11/20
0,99.9,-0.5,2.8,2.79,0.15,0.12,1 08:19:55 30/11/20
0,99.9,-0.5,2.8,2.79,0.21,0.17,0 08:25:22 30/11/20
0,99.9,-0.4,2.8,2.79,0.15,0.13,1 08:30:50 30/11/20
0,99.9,-0.4,2.8,2.79,0.2,0.17,0 08:36:16 30/11/20
0,99.9,-0.3,2.8,2.79,0.15,0.12,1 08:41:43 30/11/20
0,99.9,-0.3,2.8,2.79,0.2,0.17,0 08:47:09 30/11/20
0,99.9,-0.2,2.8,2.79,0.14,0.12,1 08:52:36 30/11/20
0,99.9,-0.2,2.79,2.79,0.2,0.17,0 08:58:03 30/11/20
0,99.9,-0.1,2.8,2.79,0.14,0.12,1 09:03:30 30/11/20
0,99.9,-0.1,2.8,2.79,0.2,0.17,0 09:08:57 30/11/20
0,99.9,0.0,2.8,2.79,0.14,0.12,1 09:14:24 30/11/20
0,99.9,0.1,2.8,2.79,0.2,0.17,0 09:19:51 30/11/20
0,99.9,0.1,2.79,2.79,0.14,0.12,1 09:25:18 30/11/20
0,99.9,0.2,2.8,2.79,0.2,0.17,0 09:30:45 30/11/20
0,99.9,0.3,2.79,2.79,0.12,0.1,1 09:36:10 30/11/20
7,99.9,0.4,2.8,2.79,0.2,0.17,0 09:41:39 30/11/20
0,99.9,0.5,2.8,2.79,0.14,0.12,1 09:47:06 30/11/20
0,99.9,0.6,2.79,2.78,0.17,0.15,0 09:52:31 30/11/20
0,99.9,0.7,2.8,2.79,0.14,0.12,1 09:58:00 30/11/20
0,99.9,0.8,2.79,2.78,0.2,0.17,0 10:03:27 30/11/20
0,99.9,0.9,2.8,2.79,0.14,0.12,1 10:08:54 30/11/20
0,99.9,1.0,2.8,2.79,0.2,0.17,0 10:14:21 30/11/20
0,99.9,1.1,2.79,2.78,0.14,0.11,1 10:19:48 30/11/20
0,99.9,1.2,2.8,2.78,0.2,0.17,0 10:25:15 30/11/20
0,99.9,1.3,2.79,2.78,0.14,0.12,1 10:30:42 30/11/20
0,99.9,1.5,2.79,2.78,0.2,0.17,0 10:36:09 30/11/20
0,99.9,1.7,2.79,2.79,0.14,0.12,1 10:41:36 30/11/20
0,99.9,1.9,2.79,2.78,0.2,0.17,0 10:47:03 30/11/20
0,99.9,2.1,2.79,2.78,0.14,0.12,1 10:52:30 30/11/20
0,99.9,2.3,2.8,2.79,0.12,0.1,1 10:58:01 30/11/20
0,99.9,2.5,2.79,2.78,0.2,0.17,0 11:03:34 30/11/20
0,99.9,2.7,2.79,2.79,0.16,0.14,0 11:09:04 30/11/20
0,99.9,2.9,2.8,2.78,0.16,0.14,0 11:14:40 30/11/20
0,99.9,3.0,2.8,2.79,0.16,0.14,0 11:20:16 30/11/20
0,99.9,3.1,2.79,2.79,0.15,0.12,1 11:25:49 30/11/20
0,99.9,3.2,2.79,2.79,0.12,0.1,1 11:31:20 30/11/20
0,99.9,3.2,2.79,2.78,0.2,0.17,0 11:36:52 30/11/20
0,99.9,3.2,2.8,2.79,0.15,0.12,1 11:42:20 30/11/20
0,99.9,3.3,2.79,2.78,0.2,0.17,0 11:47:46 30/11/20
0,99.9,3.3,2.79,2.78,0.14,0.12,1 11:53:13 30/11/20
0,99.9,3.3,2.79,2.78,0.2,0.17,0 11:58:41 30/11/20
0,99.9,3.3,2.8,2.78,0.16,0.14,0 12:04:12 30/11/20
0,99.9,3.3,2.79,2.78,0.15,0.12,1 12:09:44 30/11/20
0,99.9,3.2,2.79,2.78,0.17,0.15,0 12:15:09 30/11/20
0,99.9,3.2,2.8,2.79,0.15,0.12,1 12:20:39 30/11/20
0,99.9,3.2,2.79,2.78,0.19,0.17,0 12:26:05 30/11/20
0,99.9,3.3,2.79,2.78,0.14,0.12,1 12:31:32 30/11/20
0,99.9,3.4,2.79,2.78,0.2,0.17,0 12:37:00 30/11/20
0,99.9,3.6,2.8,2.79,0.15,0.12,1 12:42:27 30/11/20
0,99.9,3.7,2.8,2.78,0.2,0.17,0 12:47:54 30/11/20
0,99.9,3.8,2.79,2.78,0.13,0.11,1 12:53:20 30/11/20
0,99.9,3.9,2.8,2.79,0.2,0.17,0 12:58:48 30/11/20
0,99.9,4.0,2.79,2.78,0.14,0.12,1 13:04:15 30/11/20
0,99.9,4.1,2.79,2.78,0.2,0.17,0 13:09:43 30/11/20
0,99.9,4.2,2.79,2.79,0.15,0.12,1 13:15:10 30/11/20
0,99.9,4.3,2.8,2.78,0.2,0.17,0 13:20:38 30/11/20
0,99.9,4.3,2.79,2.78,0.14,0.12,1 13:26:04 30/11/20
0,99.9,4.4,2.8,2.78,0.2,0.17,0 13:31:32 30/11/20
0,99.9,4.5,2.79,2.79,0.14,0.12,1 13:36:59 30/11/20
0,99.9,4.7,2.8,2.79,0.2,0.17,0 13:42:26 30/11/20
0,99.9,4.8,2.79,2.79,0.14,0.11,1 13:47:53 30/11/20
0,99.9,4.9,2.79,2.79,0.2,0.17,0 13:53:20 30/11/20
0,99.9,5.0,2.8,2.79,0.14,0.12,1 13:58:50 30/11/20
0,99.9,5.1,2.8,2.79,0.2,0.17,0 14:04:15 30/11/20
0,99.9,5.1,2.8,2.79,0.14,0.12,1 14:09:42 30/11/20
0,99.9,5.0,2.8,2.79,0.2,0.17,0 14:15:09 30/11/20
0,99.9,5.0,2.8,2.79,0.15,0.12,1 14:20:37 30/11/20
0,99.9,4.9,2.8,2.79,0.2,0.17,0 14:26:05 30/11/20
0,99.9,4.8,2.8,2.79,0.14,0.12,1 14:31:31 30/11/20
0,99.9,4.7,2.8,2.79,0.21,0.17,0 14:37:00 30/11/20
0,99.9,4.7,2.8,2.79,0.15,0.12,1 14:42:26 30/11/20
0,99.9,4.6,2.8,2.79,0.17,0.15,0 14:47:51 30/11/20
0,99.9,4.6,2.8,2.79,0.14,0.12,1 14:53:20 30/11/20
0,99.9,4.6,2.8,2.79,0.12,0.1,1 14:58:51 30/11/20
0,99.9,4.5,2.8,2.79,0.2,0.17,0 15:04:24 30/11/20
0,99.9,4.6,2.8,2.79,0.15,0.12,1 15:09:51 30/11/20
0,99.9,4.5,2.8,2.79,0.2,0.17,0 15:15:18 30/11/20
0,99.9,4.5,2.8,2.79,0.14,0.12,1 15:20:45 30/11/20
0,99.9,4.4,2.8,2.79,0.21,0.17,0 15:26:13 30/11/20
0,99.9,4.4,2.8,2.79,0.15,0.12,1 15:31:40 30/11/20
0,99.9,4.4,2.8,2.79,0.2,0.17,0 15:37:08 30/11/20
0,99.9,4.4,2.8,2.79,0.14,0.12,1 15:42:34 30/11/20
0,99.9,4.4,2.8,2.79,0.2,0.17,0 15:48:02 30/11/20
0,99.9,4.3,2.8,2.79,0.15,0.12,1 15:53:29 30/11/20
0,99.9,4.3,2.8,2.79,0.21,0.17,0 15:58:56 30/11/20
0,99.9,4.3,2.8,2.79,0.14,0.12,1 16:04:23 30/11/20
0,99.9,4.3,2.8,2.79,0.2,0.17,0 16:09:50 30/11/20
0,99.9,4.2,2.8,2.79,0.17,0.14,0 16:15:21 30/11/20
0,99.9,4.2,2.8,2.79,0.16,0.14,0 16:20:57 30/11/20
0,99.9,4.2,2.8,2.79,0.15,0.12,1 16:26:30 30/11/20
0,99.9,4.1,2.8,2.79,0.2,0.17,0 16:31:57 30/11/20
0,99.9,4.1,2.8,2.79,0.15,0.12,1 16:37:25 30/11/20
0,99.9,4.1,2.8,2.79,0.2,0.17,0 16:42:51 30/11/20
0,99.9,4.0,2.8,2.79,0.15,0.12,1 16:48:19 30/11/20
0,99.9,4.0,2.8,2.79,0.2,0.17,0 16:53:46 30/11/20
0,99.9,4.0,2.8,2.79,0.15,0.12,1 16:59:13 30/11/20
0,99.9,3.9,2.8,2.79,0.2,0.17,0 17:04:40 30/11/20
0,99.9,3.9,2.8,2.79,0.15,0.12,1 17:10:07 30/11/20
0,99.9,3.9,2.8,2.79,0.12,0.1,1 17:15:38 30/11/20
0,99.9,3.8,2.8,2.79,0.2,0.17,0 17:21:11 30/11/20
0,99.9,3.8,2.8,2.79,0.13,0.11,1 17:26:36 30/11/20
0,99.9,3.7,2.8,2.79,0.2,0.17,0 17:32:06 30/11/20
0,99.9,3.7,2.8,2.79,0.15,0.12,1 17:37:32 30/11/20
0,99.9,3.7,2.8,2.79,0.2,0.17,0 17:42:59 30/11/20
0,99.9,3.7,2.8,2.79,0.15,0.12,1 17:48:27 30/11/20
0,99.9,3.6,2.8,2.79,0.2,0.17,0 17:53:54 30/11/20
0,99.9,3.6,2.8,2.79,0.15,0.12,1 17:59:21 30/11/20
0,99.9,3.6,2.8,2.79,0.2,0.17,0 18:04:49 30/11/20
0,99.9,3.6,2.8,2.79,0.15,0.12,1 18:10:15 30/11/20
0,99.9,3.6,2.8,2.79,0.2,0.17,0 18:15:42 30/11/20
0,99.9,3.6,2.8,2.79,0.16,0.14,0 18:21:13 30/11/20
0,99.9,3.6,2.8,2.79,0.16,0.14,0 18:26:49 30/11/20
0,99.9,3.6,2.8,2.79,0.15,0.12,1 18:32:22 30/11/20
0,99.9,3.6,2.78,2.79,0.2,0.17,0 18:37:49 30/11/20
0,99.9,3.7,2.8,2.79,0.15,0.13,1 18:43:17 30/11/20
0,99.9,3.7,2.8,2.79,0.2,0.17,0 18:48:43 30/11/20
0,99.9,3.7,2.8,2.79,0.15,0.12,1 18:54:10 30/11/20
0,99.9,3.7,2.8,2.79,0.13,0.11,1 18:59:41 30/11/20
0,99.9,3.8,2.8,2.79,0.13,0.11,1 19:05:17 30/11/20
0,99.9,3.8,2.8,2.79,0.21,0.17,0 19:10:50 30/11/20
0,99.9,3.8,2.8,2.79,0.15,0.13,1 19:16:17 30/11/20
0,99.9,3.8,2.8,2.79,0.21,0.17,0 19:21:45 30/11/20
0,99.9,3.9,2.8,2.79,0.15,0.12,1 19:27:11 30/11/20
0,99.9,3.9,2.8,2.79,0.2,0.17,0 19:32:39 30/11/20
0,99.9,4.0,2.8,2.79,0.15,0.13,1 19:38:06 30/11/20
0,99.9,4.0,2.8,2.79,0.2,0.17,0 19:43:33 30/11/20
0,99.9,4.1,2.8,2.79,0.15,0.12,1 19:49:00 30/11/20
0,99.9,4.1,2.8,2.79,0.2,0.17,0 19:54:27 30/11/20
0,99.9,4.2,2.8,2.79,0.16,0.13,1 19:59:56 30/11/20
0,99.9,4.2,2.8,2.79,0.21,0.17,0 20:05:22 30/11/20
0,99.9,4.3,2.8,2.79,0.16,0.13,1 20:10:50 30/11/20
0,99.9,4.3,2.8,2.79,0.2,0.17,0 20:16:16 30/11/20
0,99.9,4.4,2.8,2.79,0.15,0.13,1 20:21:44 30/11/20
0,99.9,4.4,2.8,2.79,0.21,0.17,0 20:27:11 30/11/20
0,99.9,4.4,2.8,2.79,0.16,0.13,1 20:32:38 30/11/20
0,99.9,4.5,2.8,2.79,0.2,0.17,0 20:38:05 30/11/20
0,99.9,4.5,2.8,2.79,0.15,0.13,1 20:43:32 30/11/20
0,99.9,4.5,2.8,2.79,0.21,0.17,0 20:49:00 30/11/20
0,99.9,4.5,2.8,2.79,0.16,0.13,1 20:54:27 30/11/20
0,99.9,4.6,2.8,2.79,0.2,0.17,0 20:59:54 30/11/20
0,99.9,4.6,2.8,2.8,0.15,0.13,1 21:05:21 30/11/20
0,99.9,4.6,2.8,2.79,0.18,0.15,0 21:10:47 30/11/20
0,99.9,4.6,2.8,2.79,0.16,0.13,1 21:16:16 30/11/20
0,99.9,4.6,2.8,2.79,0.2,0.17,0 21:21:43 30/11/20
0,99.9,4.7,2.8,2.79,0.15,0.13,1 21:27:10 30/11/20
0,99.9,4.7,2.8,2.8,0.13,0.11,1 21:32:41 30/11/20
0,99.9,4.7,2.8,2.79,0.21,0.17,0 21:38:14 30/11/20
0,99.9,4.8,2.8,2.79,0.16,0.13,1 21:43:42 30/11/20
0,99.9,4.8,2.8,2.79,0.2,0.17,0 21:49:08 30/11/20
0,99.9,4.8,2.8,2.8,0.16,0.13,1 21:54:36 30/11/20
0,99.9,4.9,2.8,2.79,0.21,0.17,0 22:00:03 30/11/20
0,99.9,4.9,2.8,2.79,0.16,0.13,1 22:05:31 30/11/20
0,99.9,4.9,2.8,2.79,0.2,0.17,0 22:10:57 30/11/20
0,99.9,4.9,2.8,2.8,0.16,0.13,1 22:16:25 30/11/20
0,99.9,4.9,2.8,2.79,0.18,0.15,0 22:22:00 30/11/20
0,99.9,5.0,2.8,2.8,0.15,0.13,1 22:27:28 30/11/20
0,99.9,5.0,2.8,2.79,0.2,0.17,0 22:32:55 30/11/20
0,99.9,5.0,2.8,2.8,0.16,0.13,1 22:38:23 30/11/20
0,99.9,5.1,2.8,2.8,0.21,0.17,0 22:43:50 30/11/20
0,99.9,5.1,2.8,2.8,0.15,0.13,1 22:49:17 30/11/20
0,99.9,5.1,2.8,2.8,0.2,0.17,0 22:54:45 30/11/20
0,99.9,5.1,2.8,2.8,0.16,0.13,1 23:00:12 30/11/20
0,99.9,5.1,2.8,2.8,0.21,0.17,0 23:05:40 30/11/20
0,99.9,5.2,2.8,2.8,0.15,0.13,1 23:11:06 30/11/20
0,99.9,5.1,2.8,2.79,0.21,0.17,0 23:16:34 30/11/20
0,99.9,5.2,2.8,2.8,0.16,0.13,1 23:22:02 30/11/20
0,99.9,5.2,2.8,2.8,0.2,0.17,0 23:27:28 30/11/20
0,99.9,5.2,2.8,2.8,0.17,0.14,0 23:32:59 30/11/20
0,99.9,5.3,2.8,2.8,0.16,0.13,1 23:38:32 30/11/20
0,99.9,5.3,2.8,2.8,0.21,0.17,0 23:44:00 30/11/20
0,99.9,5.4,2.8,2.8,0.15,0.13,1 23:49:26 30/11/20
0,99.9,5.4,2.8,2.8,0.21,0.17,0 23:54:54 30/11/20
