162,99.90,9.74,1032.13,0.01,4.00 00:00:41 31/12/18
158,99.90,9.71,1032.26,0.00,4.00 00:11:15 31/12/18
157,99.90,9.69,1032.17,0.00,4.01 00:21:45 31/12/18
160,99.90,9.65,1032.23,0.00,4.00 00:32:15 31/12/18
160,99.90,9.65,1032.21,0.00,4.00 00:42:44 31/12/18
160,99.90,9.66,1032.30,0.00,4.00 00:53:14 31/12/18
160,99.90,9.72,1032.30,0.00,4.00 01:03:54 31/12/18
160,99.90,9.72,1032.29,0.00,4.00 01:14:31 31/12/18
154,99.90,9.73,1032.14,0.00,4.00 01:25:14 31/12/18
159,99.90,9.74,1032.12,0.00,4.00 01:35:48 31/12/18
156,99.90,9.74,1032.18,0.00,4.00 01:46:18 31/12/18
150,98.90,10.51,1032.13,0.00,3.98 01:57:03 31/12/18
158,99.90,10.07,1032.35,0.00,3.99 02:07:35 31/12/18
163,99.90,9.91,1032.29,0.00,3.99 02:18:02 31/12/18
163,99.90,9.84,1032.16,0.00,3.99 02:28:34 31/12/18
157,99.90,9.90,1032.23,0.00,3.99 02:39:06 31/12/18
155,99.90,9.91,1032.36,0.00,3.99 02:49:48 31/12/18
159,99.90,9.91,1032.45,0.00,3.99 03:00:23 31/12/18
159,98.80,10.56,1032.56,0.00,3.98 03:10:61 31/12/18
164,99.90,10.15,1032.56,0.00,3.98 03:21:38 31/12/18
160,99.90,10.00,1032.62,0.00,3.98 03:32:09 31/12/18
160,99.90,9.94,1032.60,0.01,3.99 03:42:39 31/12/18
160,99.90,9.93,1032.53,0.00,3.98 03:53:18 31/12/18
153,99.90,9.93,1032.46,0.00,3.99 04:03:55 31/12/18
159,99.90,9.93,1032.50,0.00,3.99 04:14:25 31/12/18
158,99.90,9.93,1032.44,0.00,3.99 04:24:55 31/12/18
153,99.90,9.93,1032.38,0.00,3.99 04:35:30 31/12/18
156,99.90,9.94,1032.27,0.00,3.98 04:46:03 31/12/18
157,98.90,10.64,1032.33,0.00,3.97 04:56:37 31/12/18
161,99.90,10.20,1032.36,0.01,3.98 05:07:14 31/12/18
159,99.90,10.09,1032.35,0.01,3.98 05:17:52 31/12/18
156,99.90,10.03,1032.38,0.00,3.98 05:28:30 31/12/18
157,99.90,10.02,1032.40,0.00,3.98 05:38:61 31/12/18
152,99.90,10.03,1032.45,0.01,3.98 05:49:51 31/12/18
158,99.90,10.09,1032.46,0.01,3.98 06:00:24 31/12/18
158,99.90,10.09,1032.51,0.01,3.98 06:10:55 31/12/18
158,99.90,10.05,1032.59,0.01,3.98 06:21:34 31/12/18
161,99.90,10.09,1032.60,0.01,3.98 06:32:11 31/12/18
159,98.90,10.68,1032.75,0.01,3.97 06:42:42 31/12/18
160,99.90,10.29,1032.82,0.01,3.98 06:53:13 31/12/18
159,99.90,10.11,1032.87,0.01,3.98 07:03:42 31/12/18
160,99.90,10.04,1032.84,0.01,3.98 07:14:13 31/12/18
162,99.90,10.03,1032.87,0.01,3.98 07:24:41 31/12/18
159,99.90,10.03,1032.83,0.01,3.98 07:35:16 31/12/18
167,99.90,10.02,1032.94,0.04,3.98 07:45:52 31/12/18
193,99.90,10.02,1033.05,0.22,3.98 07:56:29 31/12/18
223,98.90,10.66,1033.24,0.58,3.97 08:07:04 31/12/18
306,99.90,10.19,1033.29,1.63,3.97 08:17:38 31/12/18
414,99.90,10.03,1033.36,2.91,3.97 08:28:08 31/12/18
473,99.90,9.95,1033.50,3.84,3.97 08:38:45 31/12/18
553,99.90,9.94,1033.62,4.07,3.98 08:49:17 31/12/18
604,99.90,9.93,1033.66,4.10,3.98 08:59:57 31/12/18
660,98.90,10.56,1033.74,4.37,3.96 09:10:32 31/12/18
674,99.90,10.11,1033.83,4.60,3.97 09:21:01 31/12/18
707,99.90,9.94,1033.78,4.39,3.97 09:31:35 31/12/18
733,98.70,10.57,1033.84,4.87,3.96 09:42:03 31/12/18
717,99.90,10.17,1033.81,5.00,3.97 09:52:33 31/12/18
743,99.90,9.95,1033.95,5.00,3.97 10:03:34 31/12/18
792,99.90,10.01,1033.97,4.02,3.97 10:14:08 31/12/18
804,99.90,9.96,1034.02,4.03,3.98 10:24:38 31/12/18
818,98.70,10.73,1034.06,4.26,3.97 10:35:08 31/12/18
794,99.90,10.30,1034.01,5.00,3.97 10:45:39 31/12/18
787,99.90,10.20,1034.08,5.00,3.98 11:04:16 31/12/18
802,99.90,10.13,1034.05,5.00,3.98 11:14:46 31/12/18
790,99.90,10.13,1034.01,5.00,3.98 11:25:19 31/12/18
820,99.90,10.14,1034.02,4.26,3.98 11:36:03 31/12/18
831,99.90,10.16,1034.01,4.77,3.98 11:46:38 31/12/18
793,99.90,10.23,1033.98,5.00,3.98 11:57:13 31/12/18
755,98.70,10.85,1033.86,4.89,3.96 12:07:45 31/12/18
816,99.80,10.41,1033.77,0.00,98.00 12:18:21 31/12/18
824,99.90,10.25,1033.67,4.06,3.98 12:28:50 31/12/18
827,99.90,10.31,1033.56,4.07,3.98 12:39:26 31/12/18
831,99.90,10.34,1033.44,4.22,3.98 12:49:59 31/12/18
839,99.90,10.43,1033.28,5.00,3.99 13:00:31 31/12/18
830,99.90,10.51,1033.22,5.00,3.98 13:11:08 31/12/18
809,99.90,10.53,1033.20,5.00,3.98 13:21:38 31/12/18
845,99.90,10.53,1033.13,4.61,3.99 13:32:08 31/12/18
850,99.00,11.19,1033.02,5.00,3.98 13:42:40 31/12/18
843,99.90,10.88,1033.03,4.20,3.99 13:53:10 31/12/18
840,99.90,10.73,1033.09,5.00,3.99 14:03:40 31/12/18
844,99.90,10.72,1032.96,5.00,3.99 14:14:11 31/12/18
865,99.90,10.74,1032.95,5.00,3.99 14:24:53 31/12/18
828,99.90,10.75,1032.97,4.09,3.99 14:35:26 31/12/18
830,99.90,10.74,1032.90,5.00,3.99 14:47:58 31/12/18
833,99.90,10.73,1032.98,5.00,3.99 14:58:29 31/12/18
812,99.90,10.72,1033.00,5.00,3.98 15:09:07 31/12/18
812,99.90,10.65,1033.05,5.00,3.98 15:19:36 31/12/18
782,99.90,10.63,1033.13,5.00,3.98 15:30:08 31/12/18
760,99.90,10.53,1033.22,4.62,3.98 15:40:46 31/12/18
752,99.90,10.39,1033.32,5.00,3.98 15:51:20 31/12/18
766,99.90,10.34,1033.34,5.00,3.98 16:01:54 31/12/18
738,99.90,10.26,1033.39,4.96,3.98 16:12:25 31/12/18
694,99.90,10.23,1033.32,4.66,3.98 16:23:03 31/12/18
609,99.90,10.15,1033.35,4.12,3.97 16:33:46 31/12/18
623,99.90,10.07,1033.41,4.25,3.98 16:44:20 31/12/18
539,99.90,10.04,1033.46,4.13,3.97 16:54:55 31/12/18
531,99.90,10.09,1033.44,4.18,3.97 16:55:01 31/12/18
349,99.90,9.95,1033.43,3.50,3.97 17:05:36 31/12/18
247,99.90,9.92,1033.49,1.60,3.97 17:16:05 31/12/18
178,98.50,10.46,1033.47,0.34,3.96 17:26:37 31/12/18
153,99.40,9.93,1033.45,0.07,3.97 17:37:08 31/12/18
156,99.90,9.74,1033.41,0.03,3.97 17:47:43 31/12/18
144,99.90,9.65,1033.37,0.01,3.97 17:58:29 31/12/18
144,99.90,9.65,1033.33,0.01,3.97 18:09:10 31/12/18
146,98.50,10.27,1033.37,0.01,3.96 18:19:49 31/12/18
151,99.60,9.89,1033.35,0.01,3.96 18:30:18 31/12/18
153,99.90,9.73,1033.38,0.02,3.97 18:40:50 31/12/18
151,99.90,9.72,1033.38,0.01,3.97 18:51:27 31/12/18
153,99.90,9.73,1033.30,0.01,3.96 19:02:06 31/12/18
153,99.90,9.72,1033.27,0.01,3.96 19:12:43 31/12/18
154,99.90,9.73,1033.26,0.01,3.97 19:23:14 31/12/18
157,99.90,9.74,1033.26,0.01,3.97 19:33:53 31/12/18
160,99.90,9.76,1033.25,0.02,3.97 19:44:31 31/12/18
160,99.90,9.82,1033.23,0.02,3.97 19:55:01 31/12/18
158,99.90,9.83,1033.23,0.02,3.96 20:05:40 31/12/18
159,99.90,9.83,1033.28,0.02,3.96 20:16:17 31/12/18
158,99.90,9.82,1033.36,0.01,3.96 20:26:48 31/12/18
156,99.90,9.74,1033.28,0.01,3.96 20:37:27 31/12/18
147,99.90,9.67,1033.27,0.01,3.96 20:48:16 31/12/18
153,99.90,9.65,1033.22,0.01,3.97 20:58:51 31/12/18
149,99.90,9.57,1032.97,0.01,3.96 21:09:35 31/12/18
150,98.70,10.19,1032.85,0.01,3.95 21:20:11 31/12/18
153,99.70,9.78,1032.84,0.01,3.96 21:30:47 31/12/18
155,98.20,10.24,1032.86,0.01,3.94 21:41:16 31/12/18
155,99.50,9.72,1032.90,0.01,3.96 21:51:47 31/12/18
151,99.90,9.53,1032.75,0.01,3.96 22:02:28 31/12/18
152,98.10,10.16,1032.62,0.02,3.93 22:13:07 31/12/18
155,99.30,9.63,1032.64,0.02,3.95 22:23:41 31/12/18
154,99.80,9.38,1032.48,0.02,3.95 22:34:12 31/12/18
155,99.90,9.28,1032.46,0.02,3.95 22:44:50 31/12/18
156,99.90,9.25,1032.49,0.02,3.95 22:55:29 31/12/18
160,99.90,9.17,1032.45,0.02,3.95 23:06:05 31/12/18
154,98.00,9.86,1032.31,0.02,3.93 23:16:39 31/12/18
156,99.10,9.34,1032.30,0.02,3.94 23:27:15 31/12/18
158,99.50,9.16,1032.33,0.02,3.94 23:37:53 31/12/18
154,99.50,9.07,1032.36,0.02,3.94 23:48:35 31/12/18
155,97.40,9.77,1032.27,0.02,3.92 23:59:13 31/12/18
