0,84.5,20.295,1008.39,0.05,3.33 00:03:35 09/09/21
0,84.7,20.275002,1008.33,0.05,3.33 00:08:48 09/09/21
0,86.7,20.205,1008.35,0.05,3.33 00:14:03 09/09/21
0,84.3,20.18,1008.39,0.05,3.33 00:19:19 09/09/21
0,84.2,20.165,1008.36,0.05,3.33 00:24:33 09/09/21
0,83.9,20.15,1008.32,0.05,3.33 00:29:48 09/09/21
0,84.1,20.16,1008.34,0.05,3.33 00:35:05 09/09/21
0,84.5,20.165,1008.24,0.05,3.33 00:40:19 09/09/21
0,85.7,20.11,1008.25,0.05,3.33 00:45:33 09/09/21
0,85.3,20.095001,1008.17,0.05,3.33 00:50:49 09/09/21
0,86.5,20.08,1008.11,0.05,3.33 00:56:03 09/09/21
0,88.4,20.005,1008.09,0.05,3.33 01:01:20 09/09/21
0,86.8,19.985,1008.07,0.05,3.33 01:06:32 09/09/21
0,87.5,19.905,1007.97,0.05,3.33 01:11:47 09/09/21
0,88.3,19.82,1007.96,0.05,3.32 01:17:07 09/09/21
0,87.5,19.8,1007.93,0.05,3.33 01:22:26 09/09/21
0,86.5,19.77,1007.94,0.05,3.33 01:27:42 09/09/21
0,86.8,19.7,1007.84,0.05,3.32 01:32:56 09/09/21
0,85.6,19.685001,1007.83,0.05,3.33 01:38:11 09/09/21
0,85.6,19.68,1007.71,0.05,3.32 01:43:26 09/09/21
0,85.7,19.675,1007.66,0.05,3.33 01:48:40 09/09/21
0,86.4,19.67,1007.69,0.05,3.33 01:53:56 09/09/21
0,86.0,19.675,1007.63,0.05,3.33 01:59:12 09/09/21
0,86.6,19.675,1007.69,0.05,3.32 02:04:26 09/09/21
0,86.6,19.675,1007.57,0.05,3.32 02:09:41 09/09/21
0,87.7,19.735,1007.5,0.05,3.32 02:14:54 09/09/21
0,86.5,19.675,1007.43,0.05,3.32 02:20:12 09/09/21
0,86.1,19.67,1007.36,0.05,3.32 02:25:23 09/09/21
0,86.3,19.645,1007.24,0.05,3.32 02:30:39 09/09/21
0,87.0,19.58,1007.19,0.05,3.32 02:35:54 09/09/21
0,86.9,19.564999,1007.2,0.05,3.32 02:41:10 09/09/21
0,87.4,19.494999,1007.12,0.05,3.32 02:46:24 09/09/21
0,87.1,19.47,1007.06,0.05,3.32 02:51:46 09/09/21
0,87.2,19.455,1006.91,0.05,3.32 02:57:01 09/09/21
0,87.2,19.385,1006.96,0.05,3.32 03:02:21 09/09/21
0,87.1,19.37,1006.92,0.04,3.32 03:07:40 09/09/21
0,88.4,19.365002,1006.87,0.05,3.32 03:12:53 09/09/21
0,88.4,19.29,1006.75,0.04,3.32 03:18:08 09/09/21
0,88.1,19.279999,1006.77,0.05,3.32 03:23:24 09/09/21
0,88.1,19.27,1006.8,0.04,3.32 03:28:42 09/09/21
0,87.1,19.26,1006.87,0.04,3.32 03:33:55 09/09/21
0,87.5,19.18,1006.9,0.04,3.32 03:39:09 09/09/21
0,87.9,19.16,1006.96,0.05,3.32 03:44:23 09/09/21
0,88.1,19.08,1007.03,0.05,3.32 03:49:39 09/09/21
0,87.6,19.05,1006.98,0.05,3.32 03:54:53 09/09/21
0,88.3,18.98,1007.01,0.04,3.32 04:00:08 09/09/21
0,88.6,18.939999,1007.01,0.04,3.31 04:05:22 09/09/21
0,89.7,18.87,1007.03,0.04,3.32 04:10:36 09/09/21
0,90.1,18.779999,1006.99,0.04,3.32 04:15:58 09/09/21
0,90.0,18.705,1006.97,0.04,3.32 04:21:14 09/09/21
0,90.1,18.66,1006.86,0.04,3.31 04:26:29 09/09/21
0,90.2,18.585,1006.9,0.04,3.32 04:31:43 09/09/21
0,89.6,18.494999,1006.87,0.04,3.32 04:36:58 09/09/21
0,90.2,18.400002,1006.86,0.04,3.31 04:42:13 09/09/21
0,90.5,18.365002,1006.76,0.04,3.31 04:47:30 09/09/21
0,90.7,18.295,1006.72,0.04,3.31 04:52:42 09/09/21
0,90.4,18.26,1006.72,0.04,3.31 04:57:56 09/09/21
0,90.1,18.175,1006.76,0.04,3.31 05:03:14 09/09/21
0,90.6,18.099998,1006.77,0.04,3.31 05:08:30 09/09/21
0,90.6,18.08,1006.77,0.04,3.31 05:13:47 09/09/21
0,90.5,17.99,1006.78,0.04,3.31 05:19:02 09/09/21
0,91.1,17.91,1006.86,0.04,3.31 05:24:16 09/09/21
0,90.2,17.810001,1006.96,0.04,3.31 05:29:33 09/09/21
0,90.8,17.720001,1007.08,0.04,3.31 05:34:45 09/09/21
0,91.5,17.619999,1007.02,0.04,3.31 05:40:02 09/09/21
0,91.4,17.575,1006.99,0.04,3.31 05:45:16 09/09/21
0,91.3,17.485,1006.88,0.04,3.31 05:50:31 09/09/21
0,91.3,17.39,1006.69,0.04,3.31 05:55:43 09/09/21
0,91.3,17.3,1006.58,0.04,3.31 06:01:01 09/09/21
0,91.2,17.225,1006.56,0.04,3.3 06:06:13 09/09/21
0,92.0,17.2,1006.71,0.04,3.3 06:11:27 09/09/21
0,93.1,17.119999,1006.67,0.04,3.31 06:16:43 09/09/21
0,91.7,17.099998,1006.8,0.04,3.31 06:21:55 09/09/21
0,92.1,17.075,1006.89,0.04,3.31 06:27:11 09/09/21
0,92.3,17.0,1006.88,0.04,3.3 06:32:25 09/09/21
0,91.9,16.92,1006.82,0.17,3.31 06:37:40 09/09/21
0,92.2,16.895,1006.59,0.78,3.3 06:42:53 09/09/21
0,92.5,16.880001,1006.49,1.18,3.3 06:48:10 09/09/21
0,92.7,16.875,1006.35,1.45,3.31 06:53:22 09/09/21
0,91.9,16.875,1006.36,1.69,3.3 06:58:38 09/09/21
0,92.4,16.885,1006.67,1.88,3.3 07:03:52 09/09/21
0,93.1,16.900002,1006.58,2.02,3.31 07:09:09 09/09/21
1,91.7,16.97,1006.6,2.19,3.3 07:14:22 09/09/21
1,91.9,16.974998,1006.54,2.3,3.3 07:19:34 09/09/21
2,91.7,16.994999,1006.61,2.41,3.31 07:24:48 09/09/21
3,92.2,17.055,1006.55,2.47,3.3 07:30:04 09/09/21
3,91.6,17.064999,1006.63,2.51,3.3 07:35:18 09/09/21
3,91.9,17.085,1006.6,2.55,3.3 07:40:32 09/09/21
3,92.5,17.15,1006.62,2.6,3.3 07:45:46 09/09/21
4,93.8,17.175,1006.69,2.62,3.3 07:51:02 09/09/21
4,93.4,17.25,1006.69,2.62,3.3 07:56:16 09/09/21
4,93.2,17.29,1006.71,2.65,3.3 08:01:31 09/09/21
4,94.4,17.375,1006.7,2.65,3.3 08:06:46 09/09/21
4,93.6,17.45,1006.67,2.66,3.3 08:12:02 09/09/21
5,94.1,17.555,1006.61,2.7,3.3 08:17:15 09/09/21
5,93.3,17.64,1006.58,2.6,3.3 08:22:30 09/09/21
6,93.0,17.67,1006.64,2.69,3.3 08:27:44 09/09/21
6,93.2,17.83,1006.66,1.77,3.3 08:32:57 09/09/21
5,93.7,17.945,1006.65,1.76,3.3 08:38:11 09/09/21
7,93.6,18.105,1006.59,1.84,3.3 08:43:26 09/09/21
8,94.8,18.310001,1006.79,1.68,3.3 08:48:41 09/09/21
9,94.0,18.529999,1006.75,1.62,3.3 08:53:59 09/09/21
9,94.0,18.82,1006.71,1.63,3.3 08:59:11 09/09/21
9,94.5,19.115,1006.77,1.68,3.3 09:04:26 09/09/21
8,94.7,19.485,1006.89,1.65,3.3 09:09:40 09/09/21
6,94.5,19.845,1007.01,1.86,3.3 09:14:53 09/09/21
8,93.8,19.98,1006.99,2.0,3.3 09:20:09 09/09/21
8,94.0,20.154999,1007.0,1.97,3.3 09:25:22 09/09/21
9,94.3,20.28,1006.89,1.92,3.3 09:30:39 09/09/21
8,94.3,20.51,1006.9,1.91,3.3 09:35:55 09/09/21
11,94.4,20.78,1007.01,1.97,3.3 09:41:10 09/09/21
8,95.0,21.015,1007.0,1.85,3.3 09:46:23 09/09/21
9,94.3,21.2,1006.96,1.93,3.3 09:51:40 09/09/21
8,95.0,21.32,1007.07,1.94,3.3 09:56:52 09/09/21
7,94.5,21.38,1007.06,1.95,3.3 10:02:07 09/09/21
9,93.8,21.384998,1007.2,2.0,3.3 10:07:23 09/09/21
9,94.3,21.470001,1007.25,1.95,3.29 10:12:38 09/09/21
10,95.0,21.560001,1007.24,1.98,3.3 10:17:54 09/09/21
8,94.8,21.67,1007.3,1.89,3.3 10:23:10 09/09/21
11,95.2,21.865,1007.31,1.98,3.29 10:28:30 09/09/21
8,95.0,21.974998,1007.4,1.89,3.3 10:33:53 09/09/21
12,94.8,22.135,1007.43,2.04,3.3 10:39:15 09/09/21
12,95.9,22.265,1007.52,2.02,3.3 10:44:37 09/09/21
12,95.6,22.445,1007.44,2.05,3.3 10:49:51 09/09/21
12,96.2,22.654999,1007.51,2.01,3.3 10:55:15 09/09/21
12,96.0,22.849998,1007.51,2.05,3.29 11:00:31 09/09/21
12,95.5,23.045,1007.63,2.05,3.3 11:05:44 09/09/21
12,95.7,23.23,1007.53,2.0,3.3 11:11:00 09/09/21
8,95.9,23.505001,1007.49,1.97,3.3 11:16:19 09/09/21
10,95.3,23.64,1007.6,2.08,3.3 11:21:33 09/09/21
12,96.3,23.83,1007.71,2.11,3.29 11:26:47 09/09/21
8,95.7,24.02,1007.63,2.04,3.3 11:32:02 09/09/21
12,95.2,24.135,1007.68,2.19,3.3 11:37:18 09/09/21
12,95.8,24.335,1007.77,2.12,3.3 11:42:34 09/09/21
8,95.9,24.525,1007.65,2.22,3.29 11:47:50 09/09/21
12,95.9,24.635,1007.71,2.24,3.29 11:53:05 09/09/21
9,95.9,24.81,1007.7,1.95,3.3 11:58:22 09/09/21
13,95.5,24.855,1007.67,2.17,3.3 12:03:35 09/09/21
12,95.8,24.96,1007.69,2.19,3.3 12:08:54 09/09/21
13,95.8,25.119999,1007.72,2.03,3.3 12:14:10 09/09/21
8,96.0,25.33,1007.76,2.06,3.29 12:19:22 09/09/21
12,96.0,25.425,1007.63,2.2,3.29 12:24:40 09/09/21
9,95.5,25.439999,1007.73,2.09,3.3 12:29:53 09/09/21
9,95.3,25.39,1007.69,2.11,3.29 12:35:11 09/09/21
8,95.6,25.38,1007.72,2.07,3.29 12:40:28 09/09/21
10,95.7,25.43,1007.73,2.08,3.29 12:45:42 09/09/21
8,95.7,25.375,1007.7,2.11,3.29 12:50:57 09/09/21
8,95.6,25.355,1007.75,2.13,3.29 12:56:13 09/09/21
9,95.7,25.3,1007.68,2.11,3.29 13:01:31 09/09/21
14,96.1,25.36,1007.64,2.09,3.29 13:06:45 09/09/21
8,95.8,25.49,1007.68,2.11,3.29 13:12:00 09/09/21
13,96.1,25.59,1007.64,2.12,3.29 13:17:19 09/09/21
14,96.2,25.84,1007.59,2.11,3.29 13:22:32 09/09/21
14,96.3,26.125,1007.62,2.15,3.29 13:27:54 09/09/21
9,95.5,26.325,1007.61,2.07,3.29 13:33:12 09/09/21
8,95.2,26.27,1007.63,2.05,3.29 13:38:27 09/09/21
8,95.0,26.255001,1007.59,2.12,3.29 13:43:49 09/09/21
12,95.6,26.26,1007.61,2.1,3.29 13:49:09 09/09/21
10,95.4,26.345,1007.61,2.1,3.29 13:54:25 09/09/21
10,95.4,26.369999,1007.66,2.06,3.29 13:59:41 09/09/21
8,94.9,26.375,1007.67,2.08,3.29 14:04:56 09/09/21
7,94.8,26.27,1007.73,2.05,3.29 14:10:11 09/09/21
7,94.7,25.965,1007.83,2.07,3.29 14:15:28 09/09/21
9,95.2,25.835,1007.83,2.08,3.29 14:20:54 09/09/21
10,95.5,25.815,1007.8,2.12,3.29 14:26:10 09/09/21
11,95.9,25.88,1007.83,2.09,3.29 14:31:23 09/09/21
10,96.0,26.035,1007.78,2.06,3.29 14:36:43 09/09/21
9,95.5,26.1,1007.78,2.11,3.29 14:41:56 09/09/21
8,95.7,26.16,1007.79,2.11,3.29 14:47:13 09/09/21
7,95.3,26.085,1007.74,2.06,3.29 14:52:27 09/09/21
7,95.2,25.98,1007.63,2.08,3.29 14:57:46 09/09/21
9,95.7,25.895,1007.55,2.08,3.29 15:03:00 09/09/21
9,95.7,25.91,1007.52,2.1,3.28 15:08:18 09/09/21
9,95.5,25.915,1007.48,2.11,3.28 15:13:31 09/09/21
8,95.6,25.91,1007.47,2.08,3.28 15:18:49 09/09/21
9,95.7,25.85,1007.52,2.09,3.28 15:24:30 09/09/21
9,95.2,25.9,1007.52,2.15,3.28 15:29:46 09/09/21
8,95.3,25.825,1007.55,2.02,3.28 15:35:00 09/09/21
8,95.5,25.810001,1007.54,2.03,3.28 15:40:24 09/09/21
6,95.4,25.805,1007.53,2.03,3.28 15:45:44 09/09/21
8,95.5,25.73,1007.48,2.04,3.28 15:50:56 09/09/21
9,95.6,25.705,1007.46,2.11,3.28 15:56:13 09/09/21
9,95.9,25.73,1007.52,2.08,3.28 16:01:28 09/09/21
10,96.1,25.825,1007.54,2.1,3.28 16:06:45 09/09/21
9,96.1,25.985,1007.48,2.07,3.28 16:12:01 09/09/21
8,95.6,26.025,1007.44,2.08,3.28 16:17:22 09/09/21
6,95.6,26.025,1007.45,2.07,3.28 16:22:40 09/09/21
7,95.4,25.95,1007.4,2.05,3.28 16:27:57 09/09/21
9,95.6,25.925,1007.36,2.09,3.28 16:33:12 09/09/21
8,95.7,25.92,1007.36,2.05,3.28 16:38:28 09/09/21
8,95.8,25.925,1007.42,2.08,3.28 16:43:44 09/09/21
9,96.1,26.07,1007.42,2.06,3.27 16:49:00 09/09/21
8,96.0,26.185001,1007.38,2.09,3.28 16:54:15 09/09/21
8,95.7,26.135,1007.49,2.09,3.27 16:59:31 09/09/21
8,95.4,26.05,1007.49,2.08,3.28 17:04:48 09/09/21
8,95.5,26.025,1007.53,2.05,3.28 17:10:04 09/09/21
7,95.3,26.015,1007.6,2.07,3.27 17:15:23 09/09/21
7,95.1,25.925,1007.55,2.07,3.27 17:20:48 09/09/21
6,95.0,25.84,1007.57,2.04,3.27 17:26:13 09/09/21
5,95.1,25.75,1007.55,2.04,3.27 17:31:31 09/09/21
5,95.3,25.665,1007.52,2.03,3.27 17:36:49 09/09/21
5,95.4,25.64,1007.5,2.06,3.27 17:42:05 09/09/21
6,95.4,25.619999,1007.44,2.07,3.27 17:47:18 09/09/21
6,95.5,25.605,1007.37,2.03,3.27 17:52:35 09/09/21
5,95.6,25.54,1007.45,2.05,3.27 17:57:50 09/09/21
5,95.6,25.529999,1007.46,2.05,3.27 18:03:11 09/09/21
6,95.6,25.465,1007.52,2.03,3.27 18:08:31 09/09/21
6,95.6,25.439999,1007.54,2.05,3.27 18:13:48 09/09/21
5,95.8,25.43,1007.45,2.05,3.27 18:19:03 09/09/21
5,96.0,25.365002,1007.46,2.06,3.27 18:24:17 09/09/21
5,96.0,25.355,1007.46,2.03,3.27 18:29:36 09/09/21
5,96.1,25.34,1007.34,2.01,3.27 18:34:54 09/09/21
4,95.9,25.27,1007.3,1.99,3.27 18:40:16 09/09/21
4,95.9,25.244999,1007.23,2.0,3.27 18:45:29 09/09/21
4,96.0,25.175,1007.18,2.01,3.27 18:50:46 09/09/21
4,96.0,25.15,1007.19,2.02,3.26 18:56:00 09/09/21
4,96.1,25.130001,1007.2,2.01,3.27 19:01:18 09/09/21
3,96.2,25.05,1007.23,2.04,3.26 19:06:34 09/09/21
3,96.2,25.029999,1007.19,2.04,3.26 19:11:50 09/09/21
4,96.3,24.96,1007.29,2.01,3.27 19:17:12 09/09/21
3,96.2,24.945,1007.4,1.96,3.26 19:22:29 09/09/21
2,96.5,24.875,1007.54,1.86,3.26 19:27:53 09/09/21
1,96.2,24.85,1007.54,1.74,3.27 19:33:09 09/09/21
0,96.3,24.755001,1007.6,1.65,3.26 19:38:25 09/09/21
0,96.8,24.654999,1007.65,1.54,3.26 19:43:39 09/09/21
0,96.5,24.555,1007.66,1.46,3.26 19:48:57 09/09/21
0,96.7,24.47,1007.65,1.39,3.26 19:54:12 09/09/21
0,96.8,24.380001,1007.68,1.33,3.26 19:59:27 09/09/21
0,96.7,24.285,1007.69,1.25,3.26 20:04:41 09/09/21
0,97.0,24.195,1007.73,1.03,3.26 20:09:59 09/09/21
0,96.9,24.165,1007.92,0.61,3.26 20:15:14 09/09/21
0,97.2,24.075,1008.01,0.09,3.26 20:20:32 09/09/21
0,97.4,23.99,1008.14,0.06,3.26 20:25:50 09/09/21
0,97.9,23.96,1008.1,0.06,3.26 20:31:10 09/09/21
0,97.6,23.880001,1008.14,0.06,3.26 20:36:24 09/09/21
0,97.6,23.845001,1008.1,0.06,3.26 20:41:44 09/09/21
0,97.5,23.765,1008.17,0.06,3.26 20:47:05 09/09/21
0,97.5,23.68,1008.15,0.06,3.26 20:52:19 09/09/21
0,97.5,23.59,1008.18,0.05,3.26 20:57:36 09/09/21
0,98.1,23.515,1008.21,0.06,3.26 21:02:49 09/09/21
0,97.5,23.47,1008.14,0.05,3.26 21:08:04 09/09/21
0,98.5,23.380001,1008.15,0.06,3.25 21:13:22 09/09/21
0,97.7,23.315,1008.23,0.05,3.25 21:18:37 09/09/21
0,98.0,23.29,1008.26,0.06,3.25 21:23:53 09/09/21
0,98.2,23.27,1008.21,0.05,3.25 21:29:07 09/09/21
0,98.0,23.205,1008.29,0.05,3.25 21:34:28 09/09/21
0,98.4,23.185001,1008.34,0.05,3.25 21:39:45 09/09/21
0,98.6,23.11,1008.4,0.05,3.25 21:45:00 09/09/21
0,98.4,23.095001,1008.45,0.05,3.25 21:50:18 09/09/21
0,98.4,23.064999,1008.47,0.05,3.25 21:55:33 09/09/21
0,98.8,22.99,1008.5,0.05,3.25 22:00:48 09/09/21
0,98.5,22.965,1008.48,0.05,3.25 22:06:08 09/09/21
0,98.9,22.895,1008.49,0.05,3.25 22:11:27 09/09/21
0,98.5,22.855,1008.45,0.05,3.25 22:16:43 09/09/21
0,98.7,22.775002,1008.5,0.05,3.25 22:21:57 09/09/21
0,98.8,22.7,1008.46,0.05,3.25 22:27:12 09/09/21
0,98.7,22.61,1008.43,0.05,3.25 22:32:27 09/09/21
0,98.6,22.575,1008.49,0.05,3.24 22:37:44 09/09/21
0,98.8,22.494999,1008.55,0.05,3.24 22:42:59 09/09/21
0,98.7,22.405,1008.55,0.05,3.25 22:48:13 09/09/21
0,99.5,22.380001,1008.72,0.05,3.24 22:53:28 09/09/21
0,99.9,22.285,1008.67,0.05,3.24 22:58:43 09/09/21
0,99.1,22.189999,1008.73,0.05,3.24 23:04:01 09/09/21
0,99.1,22.105,1008.73,0.05,3.24 23:09:15 09/09/21
0,99.3,22.075,1008.77,0.05,3.24 23:14:30 09/09/21
0,99.1,21.99,1008.76,0.05,3.24 23:19:45 09/09/21
0,99.4,21.905,1008.72,0.05,3.24 23:24:59 09/09/21
0,99.0,21.805,1008.69,0.05,3.24 23:30:14 09/09/21
0,99.3,21.720001,1008.75,0.05,3.24 23:35:32 09/09/21
0,99.9,21.7,1008.7,0.05,3.24 23:40:47 09/09/21
0,99.6,21.619999,1008.63,0.05,3.24 23:45:59 09/09/21
0,99.9,21.599998,1008.63,0.05,3.24 23:51:15 09/09/21
0,99.9,21.595001,1008.63,0.05,3.24 23:56:31 09/09/21
