5,99.9,19.705,1012.13,0.07,3.11 00:03:22 11/09/21
5,99.9,19.675,1012.24,0.07,3.11 00:08:37 11/09/21
5,99.9,19.615,1012.26,0.07,3.11 00:13:52 11/09/21
5,99.9,19.59,1012.24,0.07,3.11 00:19:07 11/09/21
5,99.9,19.595001,1012.31,0.07,3.11 00:24:25 11/09/21
5,99.9,19.595001,1012.29,0.07,3.11 00:29:45 11/09/21
5,99.9,19.585,1012.27,0.07,3.11 00:34:59 11/09/21
5,99.9,19.58,1012.26,0.07,3.11 00:40:14 11/09/21
5,99.9,19.58,1012.32,0.07,3.11 00:45:27 11/09/21
5,99.9,19.52,1012.37,0.07,3.11 00:50:44 11/09/21
5,99.9,19.505,1012.44,0.07,3.11 00:55:58 11/09/21
5,99.9,19.48,1012.49,0.07,3.1 01:01:14 11/09/21
5,99.9,19.415,1012.57,0.07,3.11 01:06:28 11/09/21
5,99.9,19.39,1012.75,0.07,3.11 01:11:44 11/09/21
5,99.9,19.32,1012.85,0.07,3.11 01:16:57 11/09/21
4,99.9,19.29,1012.94,0.07,3.1 01:22:12 11/09/21
5,99.9,19.220001,1012.93,0.07,3.1 01:27:30 11/09/21
4,99.9,19.21,1012.99,0.07,3.1 01:32:48 11/09/21
4,99.9,19.185001,1013.0,0.07,3.11 01:38:04 11/09/21
2,99.9,19.105,1013.05,0.07,3.1 01:43:19 11/09/21
5,99.9,19.015,1013.06,0.07,3.1 01:48:34 11/09/21
5,99.9,18.935001,1013.05,0.07,3.1 01:53:48 11/09/21
4,99.9,18.905,1013.09,0.07,3.1 01:59:02 11/09/21
5,99.9,18.82,1013.08,0.07,3.1 02:04:22 11/09/21
5,99.9,18.79,1013.11,0.07,3.1 02:09:41 11/09/21
4,99.9,18.71,1013.08,0.07,3.1 02:14:56 11/09/21
5,99.9,18.605,1013.06,0.07,3.1 02:20:11 11/09/21
5,99.9,18.52,1013.09,0.07,3.09 02:25:25 11/09/21
5,99.9,18.425,1013.03,0.07,3.1 02:30:39 11/09/21
5,99.9,18.380001,1012.98,0.06,3.13 02:35:54 11/09/21
5,99.9,18.279999,1012.93,0.07,3.09 02:41:08 11/09/21
5,99.9,18.189999,1012.89,0.07,3.1 02:46:23 11/09/21
5,99.9,18.105,1012.96,0.06,3.1 02:51:37 11/09/21
5,99.9,18.009998,1012.9,0.06,3.09 02:56:52 11/09/21
5,99.9,17.915,1012.98,0.06,3.09 03:02:06 11/09/21
5,99.9,17.880001,1012.93,0.06,3.09 03:07:21 11/09/21
4,99.9,17.805,1012.95,0.06,3.09 03:12:33 11/09/21
4,99.9,17.720001,1012.92,0.06,3.09 03:17:50 11/09/21
4,99.9,17.689999,1012.9,0.06,3.09 03:23:04 11/09/21
4,99.9,17.619999,1012.94,0.06,3.09 03:28:17 11/09/21
4,99.9,17.595001,1012.99,0.06,3.09 03:33:34 11/09/21
4,99.9,17.529999,1013.04,0.06,3.09 03:38:49 11/09/21
4,99.9,17.505,1013.06,0.06,3.09 03:44:02 11/09/21
4,99.9,17.425,1013.06,0.06,3.09 03:49:16 11/09/21
4,99.9,17.385,1013.1,0.07,3.09 03:54:31 11/09/21
3,99.9,17.310001,1013.12,0.06,3.09 03:59:46 11/09/21
4,99.9,17.23,1013.11,0.07,3.09 04:05:00 11/09/21
4,99.9,17.2,1013.12,0.07,3.09 04:10:12 11/09/21
4,99.9,17.115,1013.07,0.06,3.08 04:15:26 11/09/21
4,99.9,17.11,1013.06,0.06,3.09 04:20:46 11/09/21
3,99.9,17.08,1012.98,0.06,3.09 04:26:05 11/09/21
3,99.9,17.009998,1013.01,0.06,3.08 04:31:20 11/09/21
3,99.9,17.0,1013.03,0.06,3.09 04:36:34 11/09/21
4,99.9,16.92,1013.11,0.06,3.09 04:41:48 11/09/21
3,99.9,16.895,1013.05,0.06,3.09 04:47:03 11/09/21
3,99.9,16.895,1013.09,0.07,3.08 04:52:15 11/09/21
3,99.9,16.900002,1013.11,0.07,3.08 04:57:31 11/09/21
4,99.9,16.91,1013.14,0.07,3.08 05:02:46 11/09/21
3,99.9,16.93,1013.1,0.07,3.08 05:08:01 11/09/21
3,99.9,16.99,1013.12,0.07,3.08 05:13:14 11/09/21
4,99.9,17.005,1013.12,0.07,3.08 05:18:29 11/09/21
3,99.9,17.07,1013.14,0.08,3.08 05:23:44 11/09/21
3,99.9,17.025,1013.09,0.08,3.08 05:28:56 11/09/21
2,99.9,17.085,1013.03,0.08,3.08 05:34:12 11/09/21
4,99.9,17.099998,1013.1,0.08,3.08 05:39:26 11/09/21
4,99.9,17.099998,1013.12,0.08,3.08 05:44:41 11/09/21
4,99.9,17.105,1013.14,0.08,3.08 05:50:00 11/09/21
4,99.9,17.11,1013.18,0.08,3.07 05:55:18 11/09/21
4,99.9,17.11,1013.17,0.09,3.07 06:00:31 11/09/21
4,99.9,17.11,1013.14,0.08,3.08 06:05:47 11/09/21
4,99.9,17.175,1013.13,0.08,3.07 06:11:01 11/09/21
4,99.9,17.185001,1013.12,0.08,3.07 06:16:15 11/09/21
4,99.9,17.18,1013.18,0.08,3.07 06:21:30 11/09/21
5,99.9,17.185001,1013.24,0.08,3.08 06:26:44 11/09/21
4,99.9,17.18,1013.24,0.08,3.07 06:31:58 11/09/21
4,99.9,17.195,1013.27,0.09,3.07 06:37:13 11/09/21
4,99.9,17.195,1013.28,0.09,3.07 06:42:28 11/09/21
3,99.9,17.185001,1013.26,0.11,3.07 06:47:41 11/09/21
0,99.9,17.195,1013.28,0.17,3.07 06:52:56 11/09/21
0,99.9,17.185001,1013.3,0.31,3.07 06:58:10 11/09/21
0,99.9,17.2,1013.34,0.48,3.07 07:03:24 11/09/21
0,99.9,17.195,1013.4,0.62,3.07 07:08:39 11/09/21
0,99.9,17.185001,1013.46,0.82,3.07 07:13:51 11/09/21
0,99.9,17.189999,1013.42,0.97,3.07 07:19:16 11/09/21
0,99.9,17.2,1013.45,1.25,3.07 07:24:30 11/09/21
1,99.9,17.2,1013.46,1.38,3.07 07:29:45 11/09/21
1,99.9,17.205,1013.43,1.5,3.07 07:34:59 11/09/21
3,99.9,17.205,1013.51,3.66,3.07 07:40:13 11/09/21
3,99.9,17.215,1013.55,3.77,3.07 07:45:28 11/09/21
1,99.9,17.215,1013.65,3.71,3.07 07:50:42 11/09/21
3,99.9,17.220001,1013.7,3.74,3.07 07:55:57 11/09/21
3,99.9,17.265,1013.71,3.64,3.06 08:01:12 11/09/21
3,99.9,17.225,1013.74,3.74,3.06 08:06:25 11/09/21
4,99.9,17.220001,1013.87,3.79,3.06 08:11:40 11/09/21
6,99.9,17.215,1013.76,3.85,3.07 08:16:54 11/09/21
5,99.9,17.21,1013.7,3.91,3.06 08:22:09 11/09/21
6,99.9,17.26,1013.79,3.71,3.06 08:27:23 11/09/21
6,99.9,17.220001,1013.93,3.97,3.07 08:32:37 11/09/21
6,99.9,17.220001,1013.86,3.85,3.06 08:37:56 11/09/21
9,99.9,17.29,1013.91,4.04,3.06 08:43:14 11/09/21
10,99.9,17.3,1013.99,3.89,3.06 08:48:27 11/09/21
10,99.9,17.315,1013.99,3.95,3.06 08:53:43 11/09/21
11,99.9,17.37,1013.95,4.12,3.06 08:58:58 11/09/21
9,99.9,17.400002,1014.04,4.06,3.06 09:04:13 11/09/21
9,99.9,17.48,1014.03,4.14,3.06 09:09:26 11/09/21
8,99.9,17.56,1014.09,4.45,3.06 09:14:39 11/09/21
10,99.9,17.59,1014.16,3.9,3.06 09:19:53 11/09/21
10,99.9,17.675,1014.26,1.21,3.06 09:25:10 11/09/21
7,99.9,17.765,1014.26,3.86,3.07 09:30:23 11/09/21
14,99.9,17.79,1014.32,4.93,3.06 09:35:39 11/09/21
13,99.9,17.815,1014.36,4.85,3.06 09:40:54 11/09/21
10,99.9,17.89,1014.33,4.67,3.06 09:46:07 11/09/21
10,99.9,17.97,1014.38,4.86,3.06 09:51:20 11/09/21
11,99.9,18.075,1014.4,4.54,3.06 09:56:36 11/09/21
8,99.9,18.17,1014.43,4.82,3.06 10:01:49 11/09/21
12,99.9,18.25,1014.48,4.83,3.06 10:07:06 11/09/21
11,99.9,18.3,1014.48,3.74,3.06 10:12:18 11/09/21
14,99.9,18.365002,1014.52,4.72,3.09 10:17:34 11/09/21
15,99.9,18.395,1014.54,4.41,3.1 10:22:50 11/09/21
10,99.9,18.505,1014.55,4.77,3.06 10:28:04 11/09/21
12,99.9,18.595001,1014.58,4.54,3.06 10:33:18 11/09/21
12,99.9,18.68,1014.63,4.3,3.06 10:38:33 11/09/21
10,99.9,18.805,1014.65,4.2,3.06 10:43:47 11/09/21
8,99.9,18.95,1014.72,4.66,3.06 10:49:02 11/09/21
17,99.9,18.97,1014.75,3.67,3.05 10:54:16 11/09/21
7,99.9,18.965,1014.73,3.96,3.06 10:59:29 11/09/21
19,99.9,18.985,1014.79,4.42,3.06 11:04:44 11/09/21
10,99.9,19.045,1014.78,4.98,3.06 11:10:00 11/09/21
8,99.9,19.075,1014.82,4.86,3.06 11:15:13 11/09/21
16,99.9,19.145,1014.81,4.09,3.05 11:20:30 11/09/21
13,99.9,19.18,1014.92,4.41,3.06 11:25:44 11/09/21
8,99.9,19.24,1014.9,4.97,3.06 11:30:57 11/09/21
10,99.9,19.265,1014.86,4.14,3.05 11:36:14 11/09/21
10,99.9,19.33,1014.85,5.0,3.06 11:41:30 11/09/21
13,99.9,19.42,1014.85,4.74,3.05 11:46:43 11/09/21
14,99.9,19.455,1014.79,4.74,3.05 11:51:58 11/09/21
16,99.9,19.54,1014.77,5.0,3.05 11:57:13 11/09/21
17,99.9,19.64,1014.72,3.85,3.05 12:02:27 11/09/21
9,99.9,19.77,1014.77,3.94,3.05 12:07:42 11/09/21
11,99.9,19.85,1014.82,4.69,3.05 12:12:58 11/09/21
5,99.9,19.775002,1014.78,4.92,3.05 12:18:10 11/09/21
8,99.9,19.765,1014.9,4.36,3.05 12:23:28 11/09/21
14,99.9,19.76,1014.8,5.0,3.05 12:28:41 11/09/21
14,99.9,19.775002,1014.85,4.0,3.05 12:33:57 11/09/21
14,99.9,19.855,1014.87,4.69,3.05 12:39:11 11/09/21
10,99.9,19.93,1014.85,4.87,3.05 12:44:26 11/09/21
9,99.9,20.015,1014.84,4.57,3.05 12:49:40 11/09/21
11,99.9,20.04,1014.81,4.62,3.05 12:54:55 11/09/21
16,99.9,19.98,1014.84,2.26,3.05 13:00:09 11/09/21
13,99.9,20.029999,1014.86,3.62,3.05 13:05:23 11/09/21
23,99.9,20.025,1014.9,2.06,3.04 13:10:38 11/09/21
18,99.9,19.97,1014.94,3.05,3.05 13:15:55 11/09/21
16,99.9,20.035,1014.86,2.9,3.04 13:21:09 11/09/21
17,99.9,19.97,1014.84,3.0,3.04 13:26:25 11/09/21
11,99.9,19.985,1014.89,2.8,3.04 13:31:42 11/09/21
17,99.9,19.974998,1014.84,2.85,3.04 13:36:54 11/09/21
16,99.9,19.96,1014.98,2.71,3.04 13:42:08 11/09/21
21,99.9,19.8,1015.0,2.81,3.04 13:47:27 11/09/21
22,99.9,19.720001,1014.98,4.35,3.03 13:52:46 11/09/21
33,99.9,19.744999,1014.94,1.82,3.04 13:58:01 11/09/21
34,99.9,19.87,1014.93,4.99,3.04 14:03:17 11/09/21
37,99.9,20.130001,1014.87,3.75,3.04 14:08:31 11/09/21
37,99.9,20.33,1014.76,1.76,3.03 14:13:46 11/09/21
35,99.9,20.46,1014.76,4.29,3.04 14:19:01 11/09/21
31,99.9,20.545,1014.83,1.92,3.04 14:24:19 11/09/21
17,99.9,20.509998,1014.76,2.27,3.04 14:29:39 11/09/21
14,99.9,20.555,1014.73,2.39,3.04 14:34:54 11/09/21
28,99.9,20.474998,1014.81,2.53,3.04 14:40:09 11/09/21
30,99.9,20.400002,1014.81,2.49,3.03 14:45:24 11/09/21
28,99.9,20.45,1014.8,2.98,3.03 14:50:38 11/09/21
29,99.9,20.45,1014.79,2.4,3.03 14:55:53 11/09/21
18,99.9,20.474998,1014.7,2.47,3.03 15:01:08 11/09/21
18,99.9,20.56,1014.69,2.39,3.03 15:06:23 11/09/21
16,99.9,20.645,1014.7,4.3,3.04 15:11:39 11/09/21
14,99.9,20.665,1014.63,2.41,3.03 15:16:51 11/09/21
12,99.9,20.725,1014.52,2.74,3.03 15:22:08 11/09/21
11,99.9,20.73,1014.51,2.71,3.03 15:27:23 11/09/21
5,99.9,20.67,1014.51,3.64,3.03 15:32:38 11/09/21
9,99.9,20.654999,1014.53,2.78,3.02 15:37:59 11/09/21
7,99.9,20.635,1014.58,4.26,3.03 15:43:17 11/09/21
12,99.9,20.42,1014.89,3.98,3.03 15:48:32 11/09/21
18,99.9,20.220001,1014.84,3.65,3.03 15:53:46 11/09/21
16,99.9,20.025,1014.84,1.84,3.03 15:58:59 11/09/21
23,99.9,19.815,1014.88,4.69,3.03 16:04:15 11/09/21
23,99.9,19.725,1014.86,3.03,3.02 16:09:30 11/09/21
26,99.9,19.695,1014.83,3.54,3.03 16:14:46 11/09/21
27,99.9,19.689999,1014.78,3.03,3.03 16:20:02 11/09/21
25,99.9,19.695,1014.8,3.0,3.02 16:25:14 11/09/21
25,99.9,19.705,1014.8,3.06,3.03 16:30:29 11/09/21
26,99.9,19.735,1014.85,3.03,3.02 16:35:45 11/09/21
21,99.9,19.779999,1014.82,2.14,2.99 16:40:59 11/09/21
21,99.9,19.79,1014.84,2.5,3.02 16:46:15 11/09/21
22,99.9,19.795,1014.89,2.77,3.02 16:51:27 11/09/21
23,99.9,19.8,1014.84,3.68,3.02 16:56:42 11/09/21
19,99.9,19.87,1014.86,3.66,3.02 17:01:56 11/09/21
12,99.9,19.89,1014.92,3.45,3.02 17:07:17 11/09/21
11,99.9,19.95,1014.89,3.75,3.02 17:12:37 11/09/21
13,99.9,19.955,1014.86,3.74,3.02 17:17:51 11/09/21
12,99.9,19.98,1014.84,3.68,3.02 17:23:06 11/09/21
8,99.9,20.05,1014.82,3.78,3.02 17:28:20 11/09/21
7,99.9,20.07,1014.87,3.76,3.02 17:33:36 11/09/21
7,99.9,20.08,1014.82,3.6,3.01 17:38:50 11/09/21
7,99.9,20.08,1014.81,3.68,3.01 17:44:03 11/09/21
8,99.9,20.09,1014.84,3.6,3.01 17:49:21 11/09/21
7,99.9,20.15,1014.83,3.68,3.01 17:54:34 11/09/21
9,99.9,20.16,1014.86,3.76,3.01 17:59:49 11/09/21
8,99.9,20.16,1014.91,3.76,3.01 18:05:05 11/09/21
8,99.9,20.165,1014.95,3.7,3.01 18:10:19 11/09/21
7,99.9,20.09,1014.87,3.65,3.01 18:15:33 11/09/21
8,99.9,20.08,1014.88,3.62,3.01 18:20:47 11/09/21
6,99.9,19.994999,1014.9,3.69,3.01 18:26:03 11/09/21
7,99.9,19.900002,1014.91,3.73,3.01 18:31:19 11/09/21
6,99.9,19.815,1014.87,3.76,3.01 18:36:31 11/09/21
6,99.9,19.785,1014.9,3.7,3.01 18:41:47 11/09/21
2,99.9,19.71,1014.9,3.76,3.01 18:47:01 11/09/21
4,99.9,19.619999,1014.84,3.69,3.01 18:52:18 11/09/21
4,99.9,19.599998,1014.81,3.77,3.0 18:57:32 11/09/21
7,99.9,19.535,1014.8,3.71,3.01 19:02:47 11/09/21
5,99.9,19.59,1014.85,3.71,3.01 19:08:01 11/09/21
5,99.9,19.585,1014.84,3.71,3.0 19:13:16 11/09/21
6,99.9,19.585,1014.82,3.77,3.0 19:18:31 11/09/21
0,99.9,19.585,1014.81,3.77,3.0 19:23:44 11/09/21
4,99.9,19.58,1014.75,3.67,3.0 19:29:05 11/09/21
3,99.9,19.575,1014.72,3.69,3.0 19:34:22 11/09/21
2,99.9,19.564999,1014.69,3.76,3.0 19:39:39 11/09/21
2,99.9,19.515,1014.72,3.73,3.0 19:44:55 11/09/21
0,99.9,19.505,1014.73,3.65,3.0 19:50:07 11/09/21
0,99.9,19.49,1014.74,3.22,3.0 19:55:22 11/09/21
0,99.9,19.42,1014.64,2.8,3.0 20:00:37 11/09/21
0,99.9,19.41,1014.72,2.25,2.99 20:05:52 11/09/21
0,99.9,19.385,1014.87,1.48,2.99 20:11:05 11/09/21
0,99.9,19.32,1014.9,0.91,2.99 20:16:22 11/09/21
0,99.9,19.310001,1014.92,0.43,2.99 20:21:36 11/09/21
0,99.9,19.285,1014.97,0.08,2.99 20:26:49 11/09/21
0,99.9,19.23,1015.0,0.05,2.99 20:32:06 11/09/21
0,99.9,19.215,1015.09,0.01,2.99 20:37:18 11/09/21
0,99.9,19.195,1015.06,0.01,2.99 20:42:34 11/09/21
0,99.9,19.130001,1015.16,0.01,3.0 20:47:50 11/09/21
0,99.9,19.115,1015.15,0.01,2.99 20:53:04 11/09/21
0,99.9,19.095001,1015.14,0.01,2.98 20:58:17 11/09/21
0,99.9,19.029999,1015.14,0.01,2.99 21:03:34 11/09/21
0,99.9,19.02,1015.19,0.01,2.98 21:08:54 11/09/21
0,99.9,19.005,1015.23,0.01,2.99 21:14:14 11/09/21
0,99.9,18.994999,1015.31,0.01,2.98 21:19:35 11/09/21
0,99.9,18.98,1015.38,0.01,2.98 21:24:49 11/09/21
0,99.9,18.915,1015.45,0.01,2.98 21:30:03 11/09/21
0,99.9,18.905,1015.46,0.01,2.98 21:35:16 11/09/21
0,99.9,18.89,1015.54,0.01,2.98 21:40:33 11/09/21
0,99.9,18.880001,1015.59,0.01,2.98 21:45:45 11/09/21
0,99.9,18.87,1015.55,0.01,2.98 21:51:02 11/09/21
0,99.9,18.82,1015.53,0.01,2.98 21:56:15 11/09/21
0,99.9,18.815,1015.55,0.01,3.01 22:01:30 11/09/21
0,99.9,18.8,1015.48,0.01,2.98 22:06:49 11/09/21
0,99.9,18.735,1015.47,0.02,2.97 22:12:13 11/09/21
3,99.9,18.71,1015.55,0.01,2.97 22:17:32 11/09/21
5,99.9,18.619999,1015.47,0.01,2.99 22:22:45 11/09/21
6,99.9,18.525,1015.46,0.01,2.97 22:28:01 11/09/21
6,99.9,18.43,1015.47,0.01,2.97 22:33:16 11/09/21
6,99.9,18.33,1015.45,0.01,2.97 22:38:31 11/09/21
6,99.9,18.220001,1015.46,0.01,2.97 22:43:45 11/09/21
6,99.9,18.11,1015.36,0.02,2.97 22:48:59 11/09/21
5,99.9,18.009998,1015.48,0.02,2.97 22:54:12 11/09/21
6,99.9,17.905,1015.42,0.02,2.97 22:59:29 11/09/21
5,99.9,17.815,1015.47,0.02,2.97 23:04:46 11/09/21
5,99.9,17.725,1015.45,0.02,2.96 23:10:06 11/09/21
5,99.9,17.695,1015.4,0.02,2.97 23:15:20 11/09/21
4,99.9,17.619999,1015.5,0.02,2.97 23:20:33 11/09/21
4,99.9,17.535,1015.52,0.02,2.97 23:25:49 11/09/21
4,99.9,17.445,1015.55,0.02,2.96 23:31:03 11/09/21
4,99.9,17.395,1015.51,0.02,2.97 23:36:18 11/09/21
4,99.9,17.25,1015.5,0.02,2.96 23:41:33 11/09/21
4,99.9,17.225,1015.64,0.02,2.96 23:46:45 11/09/21
3,99.9,17.189999,1015.64,0.02,2.96 23:52:01 11/09/21
4,99.9,17.11,1015.6,0.02,2.95 23:57:16 11/09/21
