0,99.9,10.8,995.97,0.1,4.03 00:01:29 01/11/21
0,99.9,10.725,996.03,0.09,4.02 00:06:41 01/11/21
0,99.9,10.65,996.07,0.09,4.02 00:11:54 01/11/21
0,99.9,10.635,996.08,0.09,4.03 00:17:09 01/11/21
0,99.9,10.62,996.1,0.1,4.02 00:22:30 01/11/21
0,99.9,10.6,996.1,0.09,4.02 00:27:43 01/11/21
0,99.9,10.52,996.15,0.1,4.03 00:33:00 01/11/21
0,99.9,10.45,996.16,0.09,4.02 00:38:10 01/11/21
0,99.9,10.434999,996.13,0.09,4.02 00:43:24 01/11/21
0,99.9,10.48,996.19,0.1,4.02 00:48:37 01/11/21
0,99.9,10.424999,996.18,0.09,4.02 00:53:54 01/11/21
1,99.9,10.41,996.15,0.09,4.02 00:59:09 01/11/21
0,99.9,10.405,996.09,0.09,4.02 01:04:26 01/11/21
0,99.9,10.389999,996.05,0.09,4.03 01:09:38 01/11/21
0,99.9,10.315001,996.02,0.09,4.03 01:14:53 01/11/21
0,99.9,10.295,996.06,0.09,4.02 01:20:06 01/11/21
0,99.9,10.225,996.06,0.09,4.02 01:25:20 01/11/21
0,99.9,10.215,996.06,0.09,4.03 01:30:31 01/11/21
0,99.9,10.190001,996.08,0.09,4.02 01:35:45 01/11/21
0,99.9,10.129999,996.11,0.09,4.02 01:40:58 01/11/21
0,99.9,10.12,996.08,0.09,4.02 01:46:14 01/11/21
0,99.9,10.11,996.03,0.09,4.02 01:51:24 01/11/21
0,99.9,10.094999,995.95,0.09,4.02 01:56:41 01/11/21
0,99.9,10.085,995.8,0.09,4.02 02:01:53 01/11/21
1,99.9,10.02,995.79,0.09,4.02 02:07:14 01/11/21
0,99.9,10.02,995.78,0.09,4.02 02:12:26 01/11/21
0,99.9,10.01,995.83,0.09,4.02 02:17:42 01/11/21
0,99.9,10.0,995.72,0.09,4.02 02:22:54 01/11/21
0,99.9,9.995,995.7,0.09,4.02 02:28:07 01/11/21
0,99.9,9.93,995.69,0.09,4.02 02:33:22 01/11/21
0,99.9,9.915,995.67,0.09,4.02 02:38:34 01/11/21
0,99.9,9.889999,995.64,0.09,4.03 02:43:50 01/11/21
0,99.9,9.885,995.54,0.09,4.02 02:49:08 01/11/21
0,99.9,9.825001,995.5,0.09,4.03 02:54:22 01/11/21
0,99.9,9.815001,995.46,0.09,4.02 02:59:34 01/11/21
0,99.9,9.815001,995.4,0.09,4.02 03:04:48 01/11/21
0,99.9,9.815001,995.27,0.09,4.02 03:10:02 01/11/21
0,99.9,9.795,995.23,0.09,4.02 03:15:15 01/11/21
0,99.9,9.795,995.35,0.09,4.02 03:20:34 01/11/21
0,99.9,9.79,995.32,0.09,4.02 03:25:52 01/11/21
0,99.9,9.785,995.34,0.09,4.02 03:31:02 01/11/21
0,99.9,9.725,995.36,0.09,4.02 03:36:16 01/11/21
0,99.9,9.705,995.42,0.09,4.02 03:41:31 01/11/21
0,99.9,9.7,995.37,0.09,4.02 03:46:46 01/11/21
0,99.9,9.684999,995.3,0.09,4.02 03:51:55 01/11/21
0,99.9,9.62,995.34,0.09,4.02 03:57:12 01/11/21
0,99.9,9.605,995.3,0.09,4.02 04:02:22 01/11/21
0,99.9,9.525,995.15,0.09,4.02 04:07:35 01/11/21
0,99.9,9.505,995.19,0.09,4.02 04:12:48 01/11/21
0,99.9,9.49,995.16,0.09,4.02 04:18:03 01/11/21
0,99.9,9.440001,995.32,0.09,4.02 04:23:15 01/11/21
0,99.9,9.42,995.34,0.09,4.02 04:28:29 01/11/21
0,99.9,9.485001,995.47,0.09,4.02 04:33:46 01/11/21
0,99.9,9.485001,995.44,0.09,4.02 04:39:02 01/11/21
0,99.9,9.43,995.55,0.09,4.02 04:44:16 01/11/21
0,99.9,9.42,995.47,0.09,4.02 04:49:32 01/11/21
0,99.9,9.41,995.46,0.09,4.02 04:54:45 01/11/21
0,99.9,9.4,995.49,0.1,4.02 04:59:58 01/11/21
0,99.9,9.405,995.42,0.09,4.02 05:05:08 01/11/21
0,99.9,9.4,995.56,0.09,4.02 05:10:22 01/11/21
0,99.9,9.389999,995.49,0.1,4.02 05:15:38 01/11/21
0,99.9,9.33,995.57,0.09,4.02 05:20:53 01/11/21
0,99.9,9.325001,995.46,0.1,4.02 05:26:10 01/11/21
0,99.9,9.31,995.4,0.1,4.02 05:31:24 01/11/21
0,99.9,9.305,995.35,0.1,4.02 05:36:41 01/11/21
0,99.9,9.3,995.39,0.1,4.02 05:41:58 01/11/21
0,99.9,9.235001,995.41,0.1,4.02 05:47:15 01/11/21
0,99.9,9.21,995.42,0.1,4.02 05:52:26 01/11/21
0,99.9,9.2,995.5,0.09,4.02 05:57:37 01/11/21
0,99.9,9.129999,995.46,0.1,4.02 06:02:53 01/11/21
0,99.9,9.12,995.41,0.09,4.02 06:08:03 01/11/21
0,99.9,9.105,995.39,0.1,4.02 06:13:26 01/11/21
0,99.9,9.11,995.35,0.1,4.02 06:18:41 01/11/21
0,99.9,9.105,995.35,0.1,4.02 06:23:51 01/11/21
0,99.9,9.1,995.37,0.1,4.02 06:29:09 01/11/21
0,99.9,9.105,995.45,0.1,4.02 06:34:19 01/11/21
0,99.9,9.094999,995.47,0.1,4.02 06:39:33 01/11/21
0,99.9,9.094999,995.6,0.1,4.02 06:44:45 01/11/21
0,99.9,9.1,995.66,0.11,4.02 06:50:00 01/11/21
0,99.9,9.16,995.7,0.12,4.02 06:55:12 01/11/21
0,99.9,9.18,995.77,0.14,4.02 07:00:23 01/11/21
0,99.9,9.21,995.76,0.19,4.02 07:05:40 01/11/21
0,99.9,9.275,995.77,0.34,4.02 07:10:50 01/11/21
1,99.9,9.285,995.82,0.57,4.02 07:16:04 01/11/21
1,99.9,9.285,995.92,0.85,4.02 07:21:16 01/11/21
2,99.9,9.275,995.96,1.06,4.02 07:26:31 01/11/21
3,99.9,9.280001,996.07,2.36,4.02 07:31:42 01/11/21
4,99.9,9.27,996.16,2.43,4.02 07:36:57 01/11/21
6,99.9,9.215,996.27,2.73,4.02 07:42:11 01/11/21
7,99.9,9.215,996.27,3.07,4.02 07:47:24 01/11/21
7,99.9,9.275,996.41,3.36,4.02 07:52:36 01/11/21
9,99.9,9.280001,996.44,3.68,4.02 07:57:54 01/11/21
9,99.9,9.3,996.64,3.89,4.02 08:03:12 01/11/21
10,99.9,9.355,996.51,4.0,4.02 08:08:26 01/11/21
9,99.9,9.37,996.58,3.66,4.02 08:13:38 01/11/21
10,99.9,9.385,996.56,4.02,4.02 08:18:51 01/11/21
13,99.9,9.395,996.61,4.03,4.02 08:24:07 01/11/21
9,99.9,9.54,996.78,4.03,4.02 08:29:16 01/11/21
4,99.9,9.575,996.77,4.03,4.02 08:34:30 01/11/21
5,99.9,9.59,996.77,4.02,4.02 08:39:47 01/11/21
6,99.9,9.66,996.75,4.11,4.02 08:45:04 01/11/21
6,99.9,9.755,996.78,4.1,4.02 08:50:18 01/11/21
5,99.9,10.0,996.8,4.14,4.02 08:55:30 01/11/21
6,99.9,10.345,996.85,4.12,4.02 09:00:45 01/11/21
5,99.9,10.690001,996.87,4.1,4.02 09:05:59 01/11/21
6,99.9,11.0,996.84,4.12,4.02 09:11:12 01/11/21
6,99.9,11.155001,996.97,4.11,4.02 09:16:25 01/11/21
6,99.9,11.395,996.96,4.15,4.02 09:21:37 01/11/21
6,99.9,11.51,996.91,4.09,4.02 09:26:53 01/11/21
8,99.9,11.559999,997.0,4.08,4.02 09:32:11 01/11/21
6,99.9,11.66,996.92,4.15,4.02 09:37:27 01/11/21
7,99.9,11.58,997.01,4.11,4.02 09:42:47 01/11/21
5,99.9,11.405001,996.87,4.09,4.02 09:48:02 01/11/21
6,99.9,11.24,996.87,4.11,4.02 09:53:26 01/11/21
5,99.9,11.23,996.86,4.11,4.02 09:58:39 01/11/21
4,99.9,11.245001,996.88,4.1,4.02 10:03:51 01/11/21
6,99.9,11.18,996.91,4.15,4.02 10:09:07 01/11/21
6,99.9,11.235001,996.88,4.12,4.02 10:14:19 01/11/21
2,99.9,11.18,996.91,4.03,4.02 10:19:32 01/11/21
7,99.9,11.155001,996.99,4.14,4.02 10:24:47 01/11/21
5,99.9,11.065,997.02,4.03,4.02 10:30:01 01/11/21
6,99.9,11.07,997.05,4.03,4.02 10:35:12 01/11/21
3,99.9,11.055,997.07,4.03,4.02 10:40:27 01/11/21
7,99.9,11.045,997.18,4.12,4.02 10:45:40 01/11/21
5,99.9,11.0,997.05,4.07,4.02 10:50:54 01/11/21
6,99.9,11.059999,997.01,4.03,4.01 10:56:15 01/11/21
6,99.9,11.135,997.02,4.07,4.02 11:01:28 01/11/21
7,99.9,11.165,997.02,4.14,4.02 11:06:42 01/11/21
5,99.9,11.255,996.95,4.09,4.02 11:11:57 01/11/21
7,99.9,11.335,996.95,4.15,4.02 11:17:12 01/11/21
4,99.9,11.360001,996.9,4.12,4.02 11:22:23 01/11/21
4,99.9,11.440001,996.93,4.11,4.02 11:27:34 01/11/21
5,99.9,11.445,996.88,4.12,4.02 11:32:49 01/11/21
4,99.9,11.450001,996.97,4.13,3.96 11:38:02 01/11/21
5,99.9,11.525,996.94,4.09,4.02 11:43:18 01/11/21
8,99.9,11.62,996.95,4.07,4.02 11:48:29 01/11/21
5,99.9,11.645,996.98,4.02,4.02 11:53:44 01/11/21
5,99.9,11.665,996.85,4.08,4.02 11:59:03 01/11/21
6,99.9,11.73,996.79,4.15,4.02 12:04:20 01/11/21
6,99.9,11.68,996.77,4.11,4.02 12:09:35 01/11/21
7,99.9,11.745001,996.82,4.07,4.01 12:14:53 01/11/21
6,99.9,11.83,996.78,4.13,4.02 12:20:07 01/11/21
9,99.9,11.925,996.75,4.15,4.02 12:25:21 01/11/21
5,99.9,12.035,996.61,4.1,4.02 12:30:37 01/11/21
7,99.9,12.225,996.78,4.08,4.02 12:35:56 01/11/21
8,99.9,12.325,996.72,4.07,4.02 12:41:10 01/11/21
8,99.9,12.34,996.62,4.08,4.02 12:46:24 01/11/21
7,99.9,12.395,996.55,4.08,4.02 12:51:36 01/11/21
8,99.9,12.355,996.6,4.14,4.02 12:56:56 01/11/21
8,99.9,12.34,996.58,4.15,4.02 13:02:13 01/11/21
8,99.9,12.415,996.51,4.07,4.02 13:07:26 01/11/21
9,99.9,12.675,996.51,4.12,4.02 13:12:40 01/11/21
10,99.9,12.969999,996.44,4.12,4.02 13:17:58 01/11/21
8,99.9,13.255,996.29,4.08,4.02 13:23:20 01/11/21
5,99.9,13.309999,996.3,4.09,4.02 13:28:37 01/11/21
8,99.9,13.235001,996.27,4.08,4.01 13:33:52 01/11/21
6,99.9,13.08,996.3,4.12,4.02 13:39:09 01/11/21
6,99.9,13.02,996.25,4.07,4.02 13:44:21 01/11/21
7,99.9,12.950001,996.27,4.14,4.02 13:49:36 01/11/21
10,99.9,12.950001,996.3,4.12,4.02 13:54:46 01/11/21
10,99.9,13.03,996.23,4.11,4.02 14:00:00 01/11/21
8,99.9,13.125,996.16,4.09,4.02 14:05:15 01/11/21
5,99.9,13.309999,996.1,4.02,4.01 14:10:28 01/11/21
9,99.9,13.315001,996.13,4.07,4.01 14:15:42 01/11/21
7,99.9,13.299999,996.08,4.08,4.02 14:20:55 01/11/21
7,99.9,13.24,996.09,4.08,4.01 14:26:10 01/11/21
8,99.9,13.25,996.13,4.08,4.02 14:31:23 01/11/21
9,99.9,13.255,996.18,4.1,4.01 14:36:36 01/11/21
6,99.9,13.225,996.1,4.02,4.01 14:41:49 01/11/21
6,99.9,13.085,996.07,4.15,4.02 14:47:04 01/11/21
3,99.9,13.04,996.01,3.88,4.02 14:52:22 01/11/21
3,99.9,12.96,995.9,4.02,4.02 14:57:39 01/11/21
4,99.9,12.934999,995.86,4.02,4.02 15:02:58 01/11/21
3,99.9,12.93,995.85,4.02,4.02 15:08:14 01/11/21
3,99.9,12.88,995.83,4.02,4.01 15:13:28 01/11/21
5,99.9,12.855,995.88,3.88,4.02 15:18:44 01/11/21
5,99.9,12.835,995.83,4.02,4.01 15:23:55 01/11/21
3,99.9,12.844999,995.8,4.01,4.02 15:29:09 01/11/21
3,99.9,12.835,995.79,4.02,4.02 15:34:24 01/11/21
4,99.9,12.82,995.73,3.43,4.01 15:39:42 01/11/21
4,99.9,12.77,995.72,3.56,4.02 15:44:58 01/11/21
3,99.9,12.775,995.64,4.02,4.01 15:50:16 01/11/21
3,99.9,12.77,995.65,4.02,4.02 15:55:27 01/11/21
2,99.9,12.745001,995.57,3.02,4.01 16:00:39 01/11/21
2,99.9,12.68,995.56,4.01,4.01 16:05:58 01/11/21
2,99.9,12.67,995.6,4.02,4.01 16:11:16 01/11/21
2,99.9,12.645,995.6,4.02,4.01 16:16:30 01/11/21
2,99.9,12.57,995.63,4.02,4.02 16:21:44 01/11/21
2,99.9,12.559999,995.58,3.69,4.01 16:26:56 01/11/21
1,99.9,12.47,995.68,3.42,4.01 16:32:22 01/11/21
1,99.9,12.389999,995.71,3.61,4.02 16:37:32 01/11/21
2,99.9,12.29,995.74,3.75,4.01 16:43:04 01/11/21
1,99.9,12.265,995.78,3.43,4.01 16:48:19 01/11/21
0,99.9,12.18,995.85,2.75,4.01 16:53:32 01/11/21
1,99.9,12.145,995.88,2.5,4.01 16:58:54 01/11/21
0,99.9,12.085,996.04,2.21,4.01 17:04:21 01/11/21
4,99.9,12.075,996.01,2.34,4.01 17:09:41 01/11/21
3,99.9,12.005,996.02,2.24,4.01 17:14:52 01/11/21
0,99.9,11.91,996.04,2.04,4.01 17:20:04 01/11/21
0,99.9,11.865,996.14,1.78,4.01 17:25:21 01/11/21
0,99.9,11.775,996.12,1.33,4.01 17:30:31 01/11/21
0,99.9,11.684999,996.14,0.65,4.01 17:35:45 01/11/21
0,99.9,11.655001,996.16,0.18,4.01 17:40:58 01/11/21
0,99.9,11.575,996.23,0.13,4.01 17:46:12 01/11/21
0,99.9,11.549999,996.23,0.07,4.01 17:51:25 01/11/21
0,99.9,11.47,996.2,0.06,4.01 17:56:39 01/11/21
0,99.9,11.385,996.19,0.06,4.01 18:01:51 01/11/21
0,99.9,11.285,996.16,0.06,4.01 18:07:06 01/11/21
0,99.9,11.195,996.21,0.06,4.01 18:12:19 01/11/21
0,99.9,11.1,996.31,0.06,4.01 18:17:38 01/11/21
0,99.9,11.065,996.39,0.06,4.01 18:22:56 01/11/21
0,99.9,10.995,996.44,0.06,4.01 18:28:08 01/11/21
0,99.9,10.975,996.57,0.06,4.01 18:33:22 01/11/21
0,99.9,10.965,996.49,0.06,4.01 18:38:35 01/11/21
0,99.9,10.96,996.53,0.06,4.01 18:43:47 01/11/21
0,99.9,10.905,996.56,0.06,4.01 18:49:00 01/11/21
0,99.9,10.950001,996.55,0.06,4.01 18:54:15 01/11/21
0,99.9,10.905,996.63,0.06,4.01 18:59:29 01/11/21
0,99.9,10.955,996.74,0.06,4.01 19:04:40 01/11/21
2,99.9,10.96,996.87,0.08,4.01 19:09:54 01/11/21
0,99.9,10.96,996.9,0.09,4.01 19:15:08 01/11/21
0,99.9,10.96,996.96,0.11,4.01 19:20:26 01/11/21
0,99.9,10.905,996.89,0.11,4.01 19:25:45 01/11/21
0,99.9,10.9,996.86,0.1,4.01 19:30:58 01/11/21
0,99.9,10.895,996.92,0.09,4.01 19:36:11 01/11/21
0,99.9,10.88,996.98,0.09,4.01 19:41:24 01/11/21
0,99.9,10.87,996.95,0.1,4.01 19:46:41 01/11/21
0,99.9,10.87,996.86,0.09,4.01 19:51:51 01/11/21
0,99.9,10.855,996.92,0.09,4.01 19:57:03 01/11/21
0,99.9,10.79,996.92,0.09,4.01 20:02:18 01/11/21
0,99.9,10.780001,996.97,0.09,4.01 20:07:31 01/11/21
0,99.9,10.77,996.97,0.09,4.01 20:12:45 01/11/21
0,99.9,10.745001,996.91,0.09,4.01 20:17:56 01/11/21
0,99.9,10.675,996.89,0.09,4.01 20:23:21 01/11/21
0,99.9,10.6,996.82,0.09,4.01 20:28:33 01/11/21
0,99.9,10.5,996.88,0.09,4.01 20:33:48 01/11/21
1,99.9,10.4,996.84,0.09,4.01 20:38:58 01/11/21
0,99.9,10.29,996.8,0.09,4.01 20:44:13 01/11/21
0,99.9,10.190001,996.87,0.09,4.01 20:49:27 01/11/21
0,99.9,10.07,996.91,0.09,4.01 20:54:47 01/11/21
0,99.9,9.97,996.92,0.1,4.01 21:00:01 01/11/21
0,99.9,9.815001,996.99,0.11,4.01 21:05:20 01/11/21
0,99.9,9.705,997.05,0.11,4.01 21:10:36 01/11/21
0,99.9,9.594999,997.06,0.11,4.01 21:15:49 01/11/21
0,99.9,9.42,997.03,0.11,4.01 21:21:03 01/11/21
0,99.9,9.37,997.08,0.11,4.01 21:26:21 01/11/21
0,99.9,9.219999,997.12,0.12,4.01 21:31:42 01/11/21
0,99.9,9.165,997.03,0.11,4.01 21:37:01 01/11/21
0,99.9,9.059999,997.06,0.11,4.01 21:42:14 01/11/21
0,99.9,8.91,997.14,0.11,4.01 21:47:25 01/11/21
0,99.9,8.88,997.15,0.08,4.0 21:52:38 01/11/21
0,99.9,8.795,997.11,0.08,4.01 21:57:55 01/11/21
0,99.9,8.780001,997.07,0.08,4.01 22:03:09 01/11/21
0,99.9,8.705,997.01,0.08,4.0 22:08:25 01/11/21
0,99.9,8.675,997.05,0.08,4.01 22:13:40 01/11/21
0,99.9,8.585,997.06,0.08,4.0 22:18:53 01/11/21
0,99.9,8.5,997.01,0.08,4.01 22:24:06 01/11/21
0,99.9,8.48,996.93,0.08,4.01 22:29:18 01/11/21
0,99.9,8.41,996.89,0.08,4.01 22:34:31 01/11/21
0,99.9,8.38,996.89,0.08,4.01 22:39:46 01/11/21
0,99.9,8.31,996.9,0.08,4.01 22:44:57 01/11/21
0,99.9,8.235001,996.87,0.08,4.01 22:50:11 01/11/21
0,99.9,8.205,996.89,0.08,4.01 22:55:23 01/11/21
0,99.9,8.175,996.92,0.08,4.01 23:00:38 01/11/21
0,99.9,8.115,996.88,0.08,4.0 23:05:50 01/11/21
0,99.9,8.09,996.86,0.08,4.01 23:11:04 01/11/21
0,99.9,8.01,996.91,0.08,4.0 23:16:16 01/11/21
0,99.9,7.975,996.88,0.08,4.0 23:21:31 01/11/21
0,99.9,7.92,996.88,0.08,4.0 23:26:42 01/11/21
0,99.9,7.9049997,996.82,0.08,4.0 23:31:55 01/11/21
0,99.9,7.875,996.8,0.08,4.0 23:37:10 01/11/21
0,99.9,7.8100004,996.74,0.08,4.0 23:42:21 01/11/21
0,99.9,7.79,996.61,0.08,4.0 23:47:37 01/11/21
0,99.9,7.785,996.65,0.08,4.0 23:52:47 01/11/21
0,99.9,7.72,996.61,0.09,4.0 23:58:03 01/11/21
