0,99.9,4.19,1022.79,0.05,3.69 00:03:39 10/11/21
1,99.9,4.1000004,1022.81,0.06,3.69 00:09:00 10/11/21
0,99.9,4.0099998,1022.72,0.06,3.69 00:14:15 10/11/21
0,99.9,3.9699998,1022.69,0.06,3.69 00:19:39 10/11/21
0,99.9,3.8850002,1022.65,0.06,3.68 00:24:59 10/11/21
0,99.9,3.7949998,1022.64,0.06,3.69 00:30:19 10/11/21
0,99.9,3.7649999,1022.6,0.06,3.69 00:35:30 10/11/21
0,99.9,3.685,1022.61,0.05,3.69 00:40:41 10/11/21
0,99.9,3.6000001,1022.53,0.06,3.69 00:45:53 10/11/21
0,99.9,3.575,1022.51,0.06,3.69 00:51:08 10/11/21
0,99.9,3.495,1022.46,0.06,3.69 00:56:18 10/11/21
0,99.9,3.4650002,1022.34,0.05,3.69 01:01:31 10/11/21
0,99.9,3.4,1022.29,0.05,3.68 01:06:45 10/11/21
0,99.9,3.3850002,1022.33,0.05,3.69 01:11:58 10/11/21
0,99.9,3.325,1022.11,0.06,3.69 01:17:10 10/11/21
0,99.9,3.32,1021.88,0.05,3.68 01:22:25 10/11/21
0,99.9,3.31,1021.83,0.06,3.69 01:27:40 10/11/21
0,99.9,3.3,1021.95,0.05,3.68 01:32:59 10/11/21
0,99.9,3.22,1021.88,0.05,3.68 01:38:08 10/11/21
0,99.9,3.2,1021.95,0.05,3.68 01:43:22 10/11/21
0,99.9,3.17,1021.82,0.05,3.69 01:48:31 10/11/21
0,99.9,3.1,1021.82,0.05,3.69 01:53:47 10/11/21
0,99.9,3.075,1021.81,0.05,3.69 01:58:59 10/11/21
0,99.9,2.995,1021.83,0.05,3.69 02:04:11 10/11/21
0,99.9,2.97,1021.92,0.05,3.68 02:09:22 10/11/21
0,99.9,2.8899999,1021.92,0.05,3.68 02:14:38 10/11/21
0,99.9,2.8600001,1021.93,0.05,3.68 02:19:55 10/11/21
0,99.9,2.8049998,1021.82,0.05,3.68 02:25:09 10/11/21
0,99.9,2.79,1021.65,0.05,3.68 02:30:21 10/11/21
0,99.9,2.855,1021.71,0.05,3.69 02:35:36 10/11/21
0,99.9,2.875,1021.62,0.05,3.68 02:40:44 10/11/21
0,99.9,2.875,1021.59,0.05,3.68 02:45:59 10/11/21
0,99.9,2.88,1021.64,0.05,3.68 02:51:15 10/11/21
0,99.9,2.875,1021.62,0.04,3.68 02:56:31 10/11/21
0,99.9,2.865,1021.68,0.04,3.68 03:01:44 10/11/21
0,99.9,2.79,1021.58,0.05,3.68 03:07:01 10/11/21
0,99.9,2.78,1021.47,0.04,3.68 03:12:18 10/11/21
0,99.9,2.705,1021.37,0.05,3.68 03:17:31 10/11/21
0,99.9,2.705,1021.42,0.05,3.68 03:22:42 10/11/21
0,99.9,2.71,1021.39,0.05,3.68 03:27:57 10/11/21
0,99.9,2.76,1021.4,0.05,3.68 03:33:14 10/11/21
0,99.9,2.705,1021.35,0.04,3.68 03:38:27 10/11/21
0,99.9,2.6799998,1021.33,0.04,3.68 03:43:43 10/11/21
0,99.9,2.6799998,1021.31,0.05,3.68 03:49:07 10/11/21
0,99.9,2.6799998,1021.33,0.05,3.68 03:54:24 10/11/21
0,99.9,2.675,1021.43,0.05,3.68 03:59:32 10/11/21
0,99.9,2.665,1021.44,0.04,3.68 04:04:46 10/11/21
0,99.9,2.67,1021.46,0.05,3.68 04:09:58 10/11/21
0,99.9,2.685,1021.53,0.05,3.68 04:15:11 10/11/21
0,99.9,2.76,1021.55,0.05,3.68 04:20:23 10/11/21
0,99.9,2.775,1021.61,0.05,3.68 04:25:34 10/11/21
0,99.9,2.78,1021.49,0.05,3.68 04:30:47 10/11/21
0,99.9,2.78,1021.58,0.05,3.68 04:36:03 10/11/21
0,99.9,2.775,1021.71,0.04,3.68 04:41:13 10/11/21
0,99.9,2.71,1021.6,0.05,3.68 04:46:25 10/11/21
0,99.9,2.685,1021.73,0.04,3.68 04:51:42 10/11/21
0,99.9,2.685,1021.73,0.05,3.68 04:56:58 10/11/21
0,99.9,2.685,1021.92,0.05,3.68 05:02:09 10/11/21
0,99.9,2.6799998,1021.97,0.05,3.68 05:07:21 10/11/21
0,99.9,2.67,1021.9,0.05,3.68 05:12:35 10/11/21
0,99.9,2.665,1021.8,0.04,3.68 05:17:48 10/11/21
0,99.9,2.605,1021.81,0.04,3.68 05:23:02 10/11/21
0,99.9,2.595,1021.63,0.05,3.68 05:28:15 10/11/21
0,99.9,2.59,1021.52,0.04,3.68 05:33:25 10/11/21
0,99.9,2.575,1021.68,0.04,3.68 05:38:37 10/11/21
0,99.9,2.495,1021.83,0.04,3.68 05:43:51 10/11/21
0,99.9,2.455,1021.75,0.04,3.67 05:49:03 10/11/21
0,99.9,2.38,1021.67,0.04,3.68 05:54:13 10/11/21
0,99.9,2.375,1021.65,0.04,3.68 05:59:25 10/11/21
0,99.9,2.305,1021.64,0.03,3.68 06:04:40 10/11/21
0,99.9,2.35,1021.64,0.03,3.68 06:09:51 10/11/21
0,99.9,2.285,1021.55,0.03,3.68 06:15:03 10/11/21
0,99.9,2.265,1021.61,0.03,3.68 06:20:24 10/11/21
0,99.9,2.2,1021.5,0.03,3.67 06:25:39 10/11/21
0,99.9,2.17,1021.49,0.03,3.68 06:30:49 10/11/21
0,99.9,2.1,1021.53,0.03,3.68 06:36:01 10/11/21
0,99.9,2.005,1021.52,0.02,3.68 06:41:14 10/11/21
0,99.9,1.985,1021.57,0.02,3.68 06:46:24 10/11/21
0,99.9,1.9,1021.52,0.03,3.67 06:51:38 10/11/21
0,99.9,1.87,1021.48,0.03,3.67 06:56:49 10/11/21
0,99.9,1.7950001,1021.39,0.03,3.67 07:02:01 10/11/21
0,99.9,1.7750001,1021.33,0.03,3.67 07:07:15 10/11/21
0,99.9,1.705,1021.26,0.04,3.67 07:12:27 10/11/21
0,99.9,1.685,1020.74,0.06,3.67 07:17:40 10/11/21
0,99.9,1.68,1020.82,0.1,3.67 07:22:55 10/11/21
0,99.9,1.665,1021.26,0.18,3.67 07:28:05 10/11/21
0,99.9,1.5999999,1021.28,0.34,3.67 07:33:17 10/11/21
0,99.9,1.5799999,1021.44,0.86,3.67 07:38:27 10/11/21
0,99.9,1.56,1021.41,1.16,3.68 07:43:40 10/11/21
0,99.9,1.5,1021.66,1.35,3.67 07:48:53 10/11/21
0,99.9,1.485,1021.77,1.45,3.67 07:54:05 10/11/21
1,99.9,1.485,1021.69,1.68,3.68 07:59:16 10/11/21
1,99.9,1.48,1021.7,1.81,3.67 08:04:28 10/11/21
1,99.9,1.49,1021.73,1.96,3.67 08:09:51 10/11/21
2,99.9,1.495,1021.76,2.12,3.67 08:15:01 10/11/21
2,99.9,1.48,1021.66,2.23,3.67 08:20:14 10/11/21
6,99.9,2.065,1021.78,3.67,3.67 08:39:54 10/11/21
7,99.9,1.95,1021.79,3.68,3.67 08:45:09 10/11/21
7,99.9,1.815,1021.77,3.68,3.67 08:50:19 10/11/21
7,99.9,1.76,1022.04,3.68,3.67 08:55:33 10/11/21
8,99.9,1.82,1021.91,3.68,3.67 09:00:45 10/11/21
8,99.9,1.855,1021.96,3.68,3.67 09:05:57 10/11/21
9,99.9,2.015,1022.04,3.68,3.67 09:11:10 10/11/21
9,99.9,2.195,1022.17,3.67,3.67 09:16:22 10/11/21
9,99.9,2.385,1022.25,3.67,3.67 09:21:34 10/11/21
11,99.9,2.495,1022.33,3.68,3.67 09:26:47 10/11/21
11,99.9,2.6799998,1022.25,3.68,3.67 09:32:03 10/11/21
9,99.9,2.715,1022.33,3.68,3.67 09:37:20 10/11/21
12,99.9,2.79,1022.21,3.68,3.67 09:42:33 10/11/21
13,99.9,2.895,1022.2,3.69,3.67 09:47:46 10/11/21
13,99.9,3.0,1022.01,3.74,3.67 09:52:58 10/11/21
11,99.9,3.035,1021.92,3.68,3.67 09:58:09 10/11/21
11,99.9,3.12,1021.97,3.79,3.67 10:03:20 10/11/21
14,99.9,3.205,1022.04,3.74,3.67 10:08:40 10/11/21
12,99.9,3.33,1022.16,3.75,3.67 10:13:55 10/11/21
13,99.9,3.515,1021.99,3.76,3.67 10:19:11 10/11/21
14,99.9,3.68,1021.99,3.76,3.67 10:24:20 10/11/21
13,99.9,3.7849998,1021.88,3.73,3.67 10:29:32 10/11/21
15,99.9,3.9,1021.84,3.75,3.67 10:34:46 10/11/21
14,99.9,4.01,1022.1,3.75,3.67 10:39:57 10/11/21
17,99.9,4.105,1022.02,3.75,3.67 10:45:16 10/11/21
16,99.9,4.295,1022.18,3.76,3.67 10:50:30 10/11/21
17,99.9,4.3849998,1022.14,3.74,3.67 10:55:44 10/11/21
16,99.9,4.5,1022.13,3.78,3.67 11:00:56 10/11/21
18,99.9,4.585,1022.18,3.77,3.67 11:06:11 10/11/21
15,99.9,4.63,1022.24,3.74,3.67 11:11:20 10/11/21
16,99.9,4.7799997,1022.29,3.73,3.67 11:16:32 10/11/21
17,99.9,4.83,1022.27,3.79,3.67 11:21:47 10/11/21
19,99.9,4.92,1022.12,3.72,3.67 11:26:59 10/11/21
17,99.9,5.01,1022.11,3.75,3.67 11:32:12 10/11/21
19,99.9,5.09,1022.14,3.8,3.67 11:37:25 10/11/21
18,99.9,5.19,1022.25,3.79,3.67 11:42:38 10/11/21
19,99.9,5.285,1022.25,3.74,3.67 11:47:51 10/11/21
19,99.9,5.385,1022.24,3.78,3.67 11:53:02 10/11/21
18,99.9,5.4,1022.19,3.76,3.66 11:58:14 10/11/21
19,99.9,5.485,1022.17,3.72,3.67 12:03:28 10/11/21
20,99.9,5.52,1022.14,3.76,3.67 12:08:40 10/11/21
21,99.9,5.67,1022.06,3.76,3.66 12:13:58 10/11/21
16,99.9,5.785,1022.01,3.74,3.67 12:19:18 10/11/21
12,99.9,5.91,1021.92,3.76,3.67 12:24:36 10/11/21
12,99.9,6.085,1021.74,3.79,3.67 12:29:50 10/11/21
14,99.9,6.2749996,1021.81,3.72,3.66 12:35:13 10/11/21
10,99.9,6.4700003,1021.83,3.68,3.67 12:40:32 10/11/21
9,99.9,6.66,1021.74,3.67,3.67 12:45:44 10/11/21
6,99.9,6.8500004,1021.74,3.67,3.67 12:50:58 10/11/21
8,99.9,7.0699997,1021.65,3.68,3.67 12:56:10 10/11/21
8,99.9,7.42,1021.5,3.67,3.66 13:01:26 10/11/21
8,99.9,7.795,1021.48,3.67,3.67 13:06:43 10/11/21
9,99.9,8.115,1021.39,3.11,3.67 13:12:01 10/11/21
8,99.9,8.48,1021.34,2.76,3.67 13:17:17 10/11/21
7,99.9,8.775,1021.28,3.68,3.67 13:22:33 10/11/21
7,99.9,9.0,1021.11,3.41,3.67 13:27:45 10/11/21
7,99.9,9.295,1021.2,3.68,3.67 13:33:01 10/11/21
6,99.9,9.415,1021.12,3.68,3.67 13:38:21 10/11/21
6,99.9,9.57,1021.14,3.67,3.67 13:43:32 10/11/21
6,99.9,9.68,1021.15,3.68,3.67 13:48:44 10/11/21
5,99.9,9.795,1021.2,3.68,3.67 13:53:58 10/11/21
5,99.9,9.780001,1021.21,3.68,3.67 13:59:12 10/11/21
5,99.9,9.725,1021.22,3.68,3.67 14:04:24 10/11/21
5,99.9,9.66,1021.3,3.37,3.66 14:09:39 10/11/21
6,99.9,9.555,1021.24,3.75,3.67 14:14:52 10/11/21
5,99.9,9.46,1021.23,3.79,3.67 14:20:04 10/11/21
5,99.9,9.385,1021.17,3.75,3.67 14:25:18 10/11/21
6,99.9,9.295,1021.14,3.72,3.67 14:30:31 10/11/21
6,99.9,9.255,1021.07,3.75,3.67 14:35:44 10/11/21
5,99.9,9.18,1021.13,3.72,3.66 14:40:56 10/11/21
5,99.9,9.115,1021.07,3.75,3.67 14:46:09 10/11/21
6,99.9,9.09,1021.04,3.78,3.67 14:51:25 10/11/21
5,99.9,9.075,1021.07,3.72,3.66 14:56:37 10/11/21
5,99.9,9.07,1020.99,3.75,3.67 15:01:48 10/11/21
5,99.9,9.085,1021.09,3.78,3.67 15:07:03 10/11/21
5,99.9,9.07,1021.07,3.73,3.66 15:12:23 10/11/21
4,99.9,9.025,1021.13,3.76,3.67 15:17:38 10/11/21
4,99.9,9.0,1021.18,3.74,3.67 15:22:55 10/11/21
4,99.9,8.934999,1021.15,3.73,3.67 15:28:13 10/11/21
2,99.9,8.905001,1021.07,3.75,3.66 15:33:27 10/11/21
3,99.9,8.825,1021.05,3.74,3.67 15:38:44 10/11/21
3,99.9,8.805,1021.07,3.76,3.66 15:44:05 10/11/21
3,99.9,8.73,1021.06,3.77,3.66 15:49:26 10/11/21
3,99.9,8.71,1021.03,3.72,3.66 15:54:47 10/11/21
3,99.9,8.635,1021.06,3.67,3.66 16:00:11 10/11/21
3,99.9,8.610001,1021.13,3.67,3.66 16:05:29 10/11/21
2,99.9,8.53,1021.19,3.67,3.66 16:10:40 10/11/21
2,99.9,8.445,1021.31,3.67,3.66 16:15:53 10/11/21
2,99.9,8.360001,1021.33,3.67,3.67 16:21:06 10/11/21
2,99.9,8.255,1021.29,3.67,3.66 16:26:20 10/11/21
1,99.9,8.16,1021.17,3.67,3.66 16:31:32 10/11/21
1,99.9,8.06,1021.25,3.5,3.66 16:36:44 10/11/21
1,99.9,7.9500003,1021.21,3.43,3.66 16:41:58 10/11/21
1,99.9,7.8399997,1021.15,3.18,3.66 16:47:13 10/11/21
0,99.9,7.675,1021.25,2.93,3.66 16:52:25 10/11/21
0,99.9,7.54,1021.09,2.66,3.66 16:57:37 10/11/21
0,99.9,7.36,1021.23,2.41,3.66 17:02:48 10/11/21
1,99.9,7.1800003,1021.23,2.21,3.66 17:08:02 10/11/21
2,99.9,7.0,1021.23,1.88,3.66 17:13:20 10/11/21
3,99.9,6.89,1021.25,1.67,3.66 17:18:36 10/11/21
4,99.9,6.77,1021.32,1.34,3.66 17:23:49 10/11/21
5,99.9,6.59,1021.29,0.51,3.66 17:29:02 10/11/21
6,99.9,6.48,1021.37,0.11,3.66 17:34:18 10/11/21
5,99.9,6.365,1021.41,0.05,3.66 17:39:28 10/11/21
5,99.9,6.1949997,1021.54,0.03,3.66 17:44:43 10/11/21
5,99.9,6.075,1021.54,0.03,3.66 17:49:54 10/11/21
5,99.9,5.96,1021.48,0.03,3.66 17:55:08 10/11/21
4,99.9,5.8050003,1021.51,0.03,3.66 18:00:18 10/11/21
4,99.9,5.6949997,1021.51,0.03,3.66 18:05:34 10/11/21
4,99.9,5.58,1021.61,0.03,3.66 18:10:43 10/11/21
3,99.9,5.49,1021.73,0.03,3.66 18:15:56 10/11/21
4,99.9,5.39,1021.69,0.03,3.66 18:21:13 10/11/21
4,99.9,5.2799997,1021.7,0.03,3.66 18:26:31 10/11/21
3,99.9,5.19,1021.72,0.03,3.66 18:31:44 10/11/21
2,99.9,5.09,1021.7,0.03,3.66 18:36:56 10/11/21
3,99.9,4.98,1021.67,0.03,3.66 18:42:10 10/11/21
2,99.9,4.885,1021.7,0.03,3.66 18:47:23 10/11/21
2,99.9,4.785,1021.76,0.03,3.66 18:52:39 10/11/21
2,99.9,4.6949997,1021.74,0.03,3.66 18:57:57 10/11/21
1,99.9,4.6000004,1021.77,0.04,3.66 19:03:08 10/11/21
2,99.9,4.575,1021.78,0.04,3.66 19:08:21 10/11/21
2,99.9,4.49,1021.73,0.04,3.66 19:13:34 10/11/21
1,99.9,4.39,1021.68,0.04,3.66 19:18:47 10/11/21
1,99.9,4.295,1021.68,0.04,3.66 19:24:00 10/11/21
1,99.9,4.21,1021.64,0.04,3.65 19:29:13 10/11/21
1,99.9,4.175,1021.61,0.04,3.66 19:34:25 10/11/21
1,99.9,4.1000004,1021.63,0.04,3.66 19:39:35 10/11/21
1,99.9,4.005,1021.64,0.04,3.65 19:44:48 10/11/21
1,99.9,3.975,1021.66,0.04,3.66 19:50:05 10/11/21
1,99.9,3.8899999,1021.67,0.04,3.66 19:55:22 10/11/21
1,99.9,3.81,1021.54,0.04,3.66 20:00:41 10/11/21
0,99.9,3.7849998,1021.58,0.04,3.66 20:05:56 10/11/21
1,99.9,3.685,1021.57,0.04,3.65 20:11:15 10/11/21
0,99.9,3.615,1021.52,0.04,3.65 20:16:30 10/11/21
1,99.9,3.585,1021.61,0.04,3.66 20:21:43 10/11/21
1,99.9,3.5149999,1021.71,0.04,3.66 20:26:54 10/11/21
0,99.9,3.42,1021.79,0.04,3.65 20:32:07 10/11/21
0,99.9,3.3899999,1021.71,0.04,3.66 20:37:19 10/11/21
0,99.9,3.3650002,1021.85,0.04,3.65 20:42:36 10/11/21
0,99.9,3.29,1021.8,0.04,3.65 20:47:51 10/11/21
0,99.9,3.205,1021.84,0.04,3.65 20:53:07 10/11/21
0,99.9,3.185,1021.81,0.04,3.65 20:58:21 10/11/21
0,99.9,3.105,1021.91,0.04,3.65 21:03:39 10/11/21
0,99.9,3.065,1021.79,0.04,3.65 21:08:52 10/11/21
0,99.9,2.995,1021.81,0.04,3.65 21:14:03 10/11/21
0,99.9,2.97,1021.72,0.04,3.65 21:19:14 10/11/21
0,99.9,2.905,1021.67,0.03,3.65 21:24:33 10/11/21
0,99.9,2.8899999,1021.64,0.03,3.65 21:29:50 10/11/21
0,99.9,2.87,1021.7,0.03,3.65 21:35:06 10/11/21
0,99.9,2.81,1021.77,0.03,3.65 21:40:25 10/11/21
0,99.9,2.795,1021.78,0.03,3.65 21:45:44 10/11/21
0,99.9,2.78,1021.78,0.03,3.65 21:50:55 10/11/21
0,99.9,2.7150002,1021.74,0.03,3.65 21:56:06 10/11/21
0,99.9,2.69,1021.63,0.03,3.65 22:01:20 10/11/21
0,99.9,2.6799998,1021.62,0.03,3.65 22:06:36 10/11/21
0,99.9,2.605,1021.53,0.03,3.65 22:11:53 10/11/21
0,99.9,2.575,1021.49,0.02,3.65 22:17:05 10/11/21
0,99.9,2.495,1021.42,0.02,3.65 22:22:22 10/11/21
0,99.9,2.4650002,1021.45,0.02,3.65 22:27:41 10/11/21
0,99.9,2.4,1021.54,0.02,3.65 22:33:05 10/11/21
0,99.9,2.385,1021.61,0.02,3.65 22:38:20 10/11/21
0,99.9,2.305,1021.69,0.02,3.65 22:43:34 10/11/21
0,99.9,2.285,1021.73,0.02,3.65 22:48:45 10/11/21
0,99.9,2.275,1021.73,0.02,3.65 22:53:58 10/11/21
0,99.9,2.205,1021.68,0.02,3.65 22:59:13 10/11/21
0,99.9,2.19,1021.8,0.02,3.65 23:04:30 10/11/21
0,99.9,2.19,1021.89,0.02,3.65 23:09:55 10/11/21
0,99.9,2.265,1021.88,0.02,3.65 23:15:11 10/11/21
0,99.9,2.2,1021.91,0.02,3.65 23:20:24 10/11/21
0,99.9,2.19,1021.9,0.02,3.65 23:25:35 10/11/21
0,99.9,2.175,1021.95,0.02,3.65 23:30:49 10/11/21
0,99.9,2.17,1022.02,0.02,3.65 23:36:01 10/11/21
0,99.9,2.1599998,1021.98,0.02,3.65 23:41:17 10/11/21
0,99.9,2.1,1022.03,0.02,3.64 23:46:28 10/11/21
0,99.9,2.085,1021.92,0.02,3.65 23:51:42 10/11/21
0,99.9,2.075,1021.92,0.02,3.65 23:57:00 10/11/21
