0,99.9,2.065,1021.99,0.02,3.65 00:02:14 11/11/21
0,99.9,2.06,1021.97,0.02,3.65 00:07:24 11/11/21
0,99.9,2.0,1021.91,0.02,3.65 00:12:35 11/11/21
0,99.9,1.985,1021.96,0.02,3.65 00:17:46 11/11/21
0,99.9,1.97,1021.93,0.02,3.64 00:23:01 11/11/21
0,99.9,1.91,1021.88,0.02,3.64 00:28:12 11/11/21
0,99.9,1.905,1021.84,0.02,3.65 00:33:25 11/11/21
0,99.9,1.885,1021.7,0.02,3.65 00:38:36 11/11/21
0,99.9,1.885,1021.64,0.02,3.65 00:43:49 11/11/21
0,99.9,1.88,1021.68,0.02,3.65 00:49:07 11/11/21
0,99.9,1.875,1021.71,0.02,3.65 00:54:27 11/11/21
0,99.9,1.88,1021.71,0.02,3.65 00:59:43 11/11/21
0,99.9,1.865,1021.59,0.02,3.65 01:05:00 11/11/21
0,99.9,1.81,1021.47,0.02,3.65 01:10:20 11/11/21
0,99.9,1.865,1021.53,0.02,3.64 01:15:38 11/11/21
0,99.9,1.86,1021.45,0.02,3.65 01:20:48 11/11/21
0,99.9,1.8,1021.41,0.02,3.64 01:26:00 11/11/21
0,99.9,1.79,1021.39,0.02,3.65 01:31:13 11/11/21
0,99.9,1.7850001,1021.3,0.02,3.65 01:36:24 11/11/21
0,99.9,1.7850001,1021.15,0.02,3.65 01:41:38 11/11/21
0,99.9,1.78,1021.1,0.02,3.65 01:46:51 11/11/21
0,99.9,1.79,1021.05,0.02,3.64 01:52:04 11/11/21
0,99.9,1.79,1021.06,0.02,3.65 01:57:13 11/11/21
0,99.9,1.7850001,1021.04,0.02,3.64 02:02:28 11/11/21
0,99.9,1.78,1021.1,0.02,3.64 02:07:40 11/11/21
0,99.9,1.77,1021.05,0.02,3.64 02:12:58 11/11/21
0,99.9,1.78,1021.09,0.02,3.65 02:18:13 11/11/21
0,99.9,1.7650001,1021.21,0.02,3.65 02:23:24 11/11/21
0,99.9,1.695,1021.21,0.02,3.64 02:28:36 11/11/21
0,99.9,1.68,1021.2,0.02,3.64 02:33:52 11/11/21
0,99.9,1.655,1021.23,0.02,3.64 02:39:10 11/11/21
0,99.9,1.5799999,1021.21,0.02,3.64 02:44:23 11/11/21
0,99.9,1.5550001,1021.17,0.02,3.64 02:49:35 11/11/21
0,99.9,1.48,1021.13,0.02,3.64 02:54:46 11/11/21
0,99.9,1.41,1021.14,0.02,3.64 02:59:58 11/11/21
0,99.9,1.38,1021.18,0.02,3.64 03:05:10 11/11/21
0,99.9,1.31,1021.18,0.02,3.64 03:10:24 11/11/21
0,99.9,1.29,1021.09,0.02,3.64 03:15:35 11/11/21
0,99.9,1.27,1021.17,0.02,3.64 03:20:47 11/11/21
0,99.9,1.2,1021.06,0.02,3.64 03:26:07 11/11/21
0,99.9,1.1800001,1021.05,0.02,3.64 03:31:20 11/11/21
0,99.9,1.155,1021.07,0.02,3.64 03:36:34 11/11/21
0,99.9,1.085,1020.96,0.02,3.64 03:41:44 11/11/21
0,99.9,1.065,1021.09,0.02,3.64 03:46:57 11/11/21
0,99.9,1.0,1021.01,0.02,3.64 03:52:10 11/11/21
0,99.9,0.985,1020.97,0.02,3.64 03:57:27 11/11/21
0,99.9,0.975,1020.94,0.02,3.64 04:02:42 11/11/21
0,99.9,0.95500004,1020.89,0.02,3.64 04:07:55 11/11/21
0,99.9,0.88500005,1020.77,0.02,3.64 04:13:16 11/11/21
0,99.9,0.89000005,1020.81,0.01,3.64 04:18:27 11/11/21
0,99.9,0.875,1020.9,0.02,3.64 04:23:41 11/11/21
0,99.9,0.87,1020.96,0.02,3.64 04:28:50 11/11/21
0,99.9,0.865,1020.83,0.02,3.64 04:34:05 11/11/21
0,99.9,0.88500005,1020.88,0.02,3.64 04:39:14 11/11/21
0,99.9,0.96500003,1020.99,0.02,3.64 04:44:28 11/11/21
0,99.9,1.07,1021.07,0.03,3.64 04:49:45 11/11/21
2,99.9,1.175,1021.03,0.04,3.64 04:55:02 11/11/21
2,99.9,1.2850001,1021.09,0.06,3.64 05:00:14 11/11/21
2,99.9,1.38,1021.09,0.07,3.64 05:05:26 11/11/21
1,99.9,1.47,1021.12,0.07,3.64 05:10:36 11/11/21
0,99.9,1.5550001,1021.16,0.07,3.64 05:15:50 11/11/21
0,99.9,1.65,1021.12,0.06,3.64 05:21:01 11/11/21
0,99.9,1.67,1021.14,0.07,3.64 05:26:14 11/11/21
0,99.9,1.75,1020.99,0.06,3.64 05:31:27 11/11/21
0,99.9,1.7750001,1020.93,0.06,3.64 05:36:40 11/11/21
0,99.9,1.86,1020.98,0.06,3.63 05:41:51 11/11/21
0,99.9,1.89,1021.09,0.06,3.64 05:47:03 11/11/21
0,99.9,1.98,1021.13,0.05,3.64 05:52:15 11/11/21
0,99.9,2.045,1021.08,0.05,3.64 05:57:28 11/11/21
0,99.9,2.125,1021.17,0.05,3.64 06:02:41 11/11/21
0,99.9,2.15,1021.17,0.05,3.64 06:08:01 11/11/21
0,99.9,2.1799998,1021.19,0.05,3.64 06:13:14 11/11/21
0,99.9,2.24,1021.13,0.05,3.64 06:18:25 11/11/21
0,99.9,2.26,1021.18,0.05,3.64 06:23:41 11/11/21
0,99.9,2.27,1021.2,0.05,3.64 06:28:53 11/11/21
0,99.9,2.3400002,1021.26,0.05,3.64 06:34:05 11/11/21
0,99.9,2.35,1021.26,0.05,3.64 06:39:25 11/11/21
0,99.9,2.365,1021.38,0.05,3.64 06:44:36 11/11/21
0,99.9,2.37,1021.43,0.05,3.64 06:49:49 11/11/21
0,99.9,2.4299998,1021.37,0.05,3.64 06:55:04 11/11/21
0,99.9,2.4499998,1021.43,0.06,3.64 07:00:20 11/11/21
0,99.9,2.46,1021.42,0.07,3.63 07:05:34 11/11/21
0,99.9,2.48,1021.47,0.08,3.63 07:10:46 11/11/21
0,99.9,2.55,1021.53,0.12,3.64 07:15:58 11/11/21
0,99.9,2.555,1021.56,0.21,3.64 07:21:10 11/11/21
0,99.9,2.565,1021.71,0.35,3.64 07:26:22 11/11/21
0,99.9,2.63,1021.7,0.54,3.63 07:31:34 11/11/21
1,99.9,2.655,1021.81,0.72,3.64 07:36:49 11/11/21
1,99.9,2.675,1021.84,0.95,3.63 07:41:59 11/11/21
0,99.9,2.745,1021.81,1.03,3.63 07:47:13 11/11/21
2,99.9,2.7649999,1021.87,1.28,3.64 07:52:25 11/11/21
1,99.9,2.85,1021.85,1.38,3.63 07:57:37 11/11/21
2,99.9,2.915,1021.85,1.45,3.64 08:02:51 11/11/21
3,99.9,2.935,1021.93,1.53,3.64 08:08:02 11/11/21
4,99.9,2.96,1021.92,1.58,3.64 08:13:17 11/11/21
4,99.9,3.0300002,1022.0,1.67,3.63 08:18:28 11/11/21
4,99.9,3.1100001,1021.98,1.69,3.63 08:23:41 11/11/21
4,99.9,3.145,1021.95,1.79,3.63 08:28:53 11/11/21
6,99.9,3.2199998,1021.94,1.88,3.63 08:34:09 11/11/21
5,99.9,3.3200002,1022.03,2.15,3.63 08:39:26 11/11/21
6,99.9,3.3600001,1022.11,2.24,3.63 08:44:38 11/11/21
6,99.9,3.435,1022.24,2.33,3.63 08:49:49 11/11/21
6,99.9,3.4499998,1022.23,2.39,3.63 08:55:01 11/11/21
7,99.9,3.53,1022.37,2.42,3.63 09:00:13 11/11/21
8,99.9,3.55,1022.33,2.49,3.63 09:05:28 11/11/21
8,99.9,3.625,1022.4,2.55,3.64 09:10:40 11/11/21
8,99.9,3.65,1022.47,2.64,3.64 09:15:51 11/11/21
9,99.9,3.73,1022.6,2.61,3.63 09:21:05 11/11/21
9,99.9,3.815,1022.57,2.64,3.63 09:26:16 11/11/21
9,99.9,3.83,1022.47,2.69,3.63 09:31:30 11/11/21
9,99.9,3.855,1022.54,2.75,3.64 09:36:42 11/11/21
8,99.9,3.9299998,1022.52,2.77,3.63 09:41:53 11/11/21
10,99.9,3.9450002,1022.59,2.73,3.63 09:47:07 11/11/21
10,99.9,4.02,1022.61,2.74,3.64 09:52:20 11/11/21
11,99.9,4.06,1022.56,2.78,3.64 09:57:33 11/11/21
12,99.9,4.145,1022.69,2.82,3.63 10:02:45 11/11/21
13,99.9,4.21,1022.55,2.88,3.63 10:08:09 11/11/21
12,99.9,4.245,1022.51,2.91,3.63 10:13:25 11/11/21
14,99.9,4.32,1022.5,2.9,3.63 10:18:48 11/11/21
14,99.9,4.34,1022.48,2.94,3.64 10:23:59 11/11/21
14,99.9,4.42,1022.55,2.99,3.63 10:29:12 11/11/21
14,99.9,4.5,1022.59,3.07,3.64 10:34:25 11/11/21
14,99.9,4.5299997,1022.53,3.11,3.63 10:39:38 11/11/21
14,99.9,4.565,1022.48,3.21,3.63 10:44:50 11/11/21
19,99.9,4.65,1022.39,3.47,3.63 10:50:04 11/11/21
15,99.9,4.7349997,1022.33,3.64,3.63 10:55:16 11/11/21
16,99.9,4.8,1022.35,3.64,3.64 11:00:30 11/11/21
14,99.9,4.83,1022.39,3.63,3.63 11:05:41 11/11/21
16,99.9,4.91,1022.42,3.63,3.63 11:10:57 11/11/21
14,99.9,4.94,1022.38,3.63,3.63 11:16:13 11/11/21
16,99.9,5.025,1022.28,3.63,3.63 11:21:28 11/11/21
15,99.9,5.105,1022.29,3.55,3.63 11:26:41 11/11/21
13,99.9,5.2,1022.44,3.49,3.63 11:31:54 11/11/21
7,99.9,5.2349997,1022.41,3.48,3.63 11:37:05 11/11/21
7,99.9,5.33,1022.36,3.63,3.63 11:42:18 11/11/21
7,99.9,5.5,1022.31,3.63,3.63 11:47:34 11/11/21
7,99.9,5.6,1022.28,3.64,3.63 11:52:42 11/11/21
6,99.9,5.69,1022.27,3.63,3.63 11:57:56 11/11/21
6,99.9,5.79,1022.25,3.63,3.63 12:03:07 11/11/21
6,99.9,5.8900003,1022.25,3.63,3.63 12:08:22 11/11/21
6,99.9,5.985,1022.18,3.63,3.63 12:13:48 11/11/21
6,99.9,6.1,1022.16,3.63,3.63 12:19:04 11/11/21
6,99.9,6.1949997,1022.01,3.63,3.63 12:24:23 11/11/21
6,99.9,6.295,1021.99,3.63,3.63 12:29:37 11/11/21
6,99.9,6.395,1021.96,3.63,3.63 12:34:49 11/11/21
6,99.9,6.49,1022.01,3.63,3.63 12:40:03 11/11/21
8,99.9,6.6,1021.98,3.64,3.63 12:45:15 11/11/21
7,99.9,6.705,1022.01,3.23,3.63 12:50:28 11/11/21
6,99.9,6.865,1021.94,3.63,3.63 12:55:42 11/11/21
7,99.9,6.98,1021.89,3.63,3.63 13:00:55 11/11/21
7,99.9,7.1099997,1021.84,2.89,3.63 13:06:08 11/11/21
7,99.9,7.34,1021.95,3.12,3.63 13:11:20 11/11/21
7,99.9,7.465,1021.99,3.6,3.63 13:16:35 11/11/21
6,99.9,7.58,1021.83,3.54,3.63 13:21:46 11/11/21
7,99.9,7.745,1021.88,3.63,3.63 13:27:00 11/11/21
6,99.9,7.86,1021.81,3.63,3.63 13:32:11 11/11/21
6,99.9,7.9,1021.76,3.63,3.63 13:37:26 11/11/21
6,99.9,8.055,1021.59,3.63,3.63 13:42:38 11/11/21
6,99.9,8.16,1021.62,3.5,3.63 13:47:50 11/11/21
6,99.9,8.25,1021.69,3.37,3.63 13:53:10 11/11/21
6,99.9,8.29,1021.59,3.62,3.63 13:58:26 11/11/21
6,99.9,8.375,1021.53,3.54,3.63 14:03:39 11/11/21
6,99.9,8.47,1021.53,3.53,3.63 14:08:51 11/11/21
6,99.9,8.5,1021.32,3.39,3.63 14:14:05 11/11/21
5,99.9,8.575,1021.39,3.53,3.63 14:19:18 11/11/21
6,99.9,8.66,1021.39,3.54,3.63 14:24:34 11/11/21
5,99.9,8.705,1021.39,3.55,3.63 14:29:51 11/11/21
5,99.9,8.775,1021.38,3.63,3.63 14:35:06 11/11/21
5,99.9,8.860001,1021.35,3.63,3.63 14:40:18 11/11/21
5,99.9,8.945,1021.28,3.47,3.63 14:45:36 11/11/21
5,99.9,8.985,1021.37,3.47,3.63 14:50:56 11/11/21
5,99.9,9.004999,1021.27,3.4,3.63 14:56:08 11/11/21
4,99.9,9.08,1021.25,3.55,3.63 15:01:20 11/11/21
5,99.9,9.1,1021.28,3.52,3.63 15:06:38 11/11/21
4,99.9,9.175,1021.29,3.41,3.63 15:11:54 11/11/21
5,99.9,9.190001,1021.31,3.39,3.63 15:17:11 11/11/21
5,99.9,9.200001,1021.27,3.36,3.63 15:22:30 11/11/21
4,99.9,9.264999,1021.23,3.45,3.63 15:27:41 11/11/21
4,99.9,9.264999,1021.25,3.4,3.63 15:32:55 11/11/21
4,99.9,9.275,1021.31,3.3,3.63 15:38:11 11/11/21
3,99.9,9.285,1021.29,3.31,3.63 15:43:24 11/11/21
3,99.9,9.29,1021.29,3.27,3.63 15:48:35 11/11/21
3,99.9,9.295,1021.24,3.28,3.63 15:53:47 11/11/21
3,99.9,9.295,1021.21,3.15,3.63 15:59:02 11/11/21
3,99.9,9.295,1021.21,3.0,3.63 16:04:14 11/11/21
2,99.9,9.225,1021.18,2.98,3.63 16:09:26 11/11/21
2,99.9,9.21,1021.17,2.89,3.63 16:14:41 11/11/21
3,99.9,9.139999,1021.22,2.92,3.63 16:19:58 11/11/21
1,99.9,9.12,1021.15,2.86,3.63 16:25:15 11/11/21
2,99.9,9.1,1021.19,2.76,3.63 16:30:28 11/11/21
1,99.9,9.014999,1021.13,2.63,3.63 16:35:42 11/11/21
1,99.9,8.934999,1021.13,2.55,3.63 16:40:56 11/11/21
0,99.9,8.844999,1021.02,2.3,3.63 16:46:08 11/11/21
0,99.9,8.76,1021.0,2.18,3.63 16:51:25 11/11/21
0,99.9,8.73,1021.04,1.98,3.63 16:56:46 11/11/21
0,99.9,8.639999,1021.05,1.73,3.63 17:02:03 11/11/21
0,99.9,8.54,1021.01,1.54,3.63 17:07:18 11/11/21
0,99.9,8.455,1020.9,1.41,3.62 17:12:43 11/11/21
0,99.9,8.365,1020.95,1.08,3.63 17:18:01 11/11/21
0,99.9,8.26,1020.98,0.63,3.63 17:23:14 11/11/21
0,99.9,8.16,1021.02,0.23,3.63 17:28:25 11/11/21
0,99.9,8.07,1021.13,0.07,3.63 17:33:40 11/11/21
0,99.9,8.0,1021.08,0.03,3.63 17:38:51 11/11/21
0,99.9,7.9700003,1021.13,0.03,3.63 17:44:06 11/11/21
0,99.9,7.9,1021.15,0.02,3.63 17:49:22 11/11/21
0,99.9,7.88,1021.17,0.02,3.62 17:54:45 11/11/21
0,99.9,7.865,1021.22,0.02,3.63 18:00:02 11/11/21
0,99.9,7.79,1021.3,0.02,3.63 18:05:13 11/11/21
0,99.9,7.705,1021.21,0.02,3.62 18:10:27 11/11/21
0,99.9,7.68,1021.25,0.02,3.62 18:15:40 11/11/21
0,99.9,7.67,1021.34,0.02,3.62 18:21:06 11/11/21
0,99.9,7.665,1021.33,0.02,3.63 18:26:23 11/11/21
0,99.9,7.5950003,1021.43,0.02,3.62 18:31:37 11/11/21
0,99.9,7.51,1021.4,0.02,3.62 18:36:50 11/11/21
0,99.9,7.495,1021.5,0.03,3.62 18:42:03 11/11/21
0,99.9,7.48,1021.49,0.02,3.62 18:47:16 11/11/21
0,99.9,7.4700003,1021.56,0.02,3.62 18:52:27 11/11/21
0,99.9,7.4049997,1021.56,0.03,3.62 18:57:40 11/11/21
0,99.9,7.395,1021.52,0.03,3.63 19:02:55 11/11/21
0,99.9,7.375,1021.54,0.03,3.62 19:08:06 11/11/21
1,99.9,7.29,1021.47,0.03,3.62 19:13:19 11/11/21
3,99.9,7.265,1021.48,0.03,3.62 19:18:31 11/11/21
5,99.9,7.12,1021.5,0.03,3.63 19:23:46 11/11/21
3,99.9,7.02,1021.4,0.03,3.62 19:28:58 11/11/21
4,99.9,6.91,1021.44,0.03,3.62 19:34:12 11/11/21
4,99.9,6.8,1021.4,0.03,3.62 19:39:25 11/11/21
4,99.9,6.6949997,1021.34,0.03,3.62 19:44:40 11/11/21
4,99.9,6.59,1021.3,0.03,3.62 19:49:50 11/11/21
4,99.9,6.49,1021.2,0.03,3.62 19:55:03 11/11/21
4,99.9,6.38,1021.22,0.03,3.62 20:00:17 11/11/21
4,99.9,6.215,1021.06,0.03,3.62 20:05:29 11/11/21
5,99.9,6.12,1021.04,0.03,3.62 20:10:42 11/11/21
3,99.9,6.01,1021.04,0.03,3.62 20:15:54 11/11/21
3,99.9,5.895,1021.11,0.03,3.62 20:21:07 11/11/21
2,99.9,5.785,1021.14,0.03,3.62 20:26:20 11/11/21
2,99.9,5.625,1021.12,0.03,3.62 20:31:33 11/11/21
2,99.9,5.58,1021.01,0.03,3.62 20:36:44 11/11/21
2,99.9,5.435,1020.97,0.03,3.62 20:41:59 11/11/21
2,99.9,5.39,1020.9,0.03,3.62 20:47:15 11/11/21
2,99.9,5.295,1020.79,0.03,3.62 20:52:32 11/11/21
2,99.9,5.21,1020.81,0.03,3.62 20:57:47 11/11/21
2,99.9,5.13,1020.86,0.03,3.62 21:02:55 11/11/21
1,99.9,5.035,1020.8,0.03,3.62 21:08:10 11/11/21
1,99.9,4.985,1020.71,0.03,3.62 21:13:22 11/11/21
1,99.9,4.8999996,1020.76,0.03,3.62 21:18:35 11/11/21
1,99.9,4.81,1020.75,0.03,3.62 21:23:48 11/11/21
1,99.9,4.715,1020.78,0.03,3.62 21:28:59 11/11/21
1,99.9,4.62,1020.68,0.04,3.62 21:34:21 11/11/21
1,99.9,4.585,1020.62,0.03,3.62 21:39:34 11/11/21
0,99.9,4.45,1020.56,0.03,3.62 21:44:47 11/11/21
1,99.9,4.405,1020.53,0.03,3.62 21:50:00 11/11/21
1,99.9,4.315,1020.41,0.03,3.62 21:55:12 11/11/21
0,99.9,4.295,1020.44,0.03,3.62 22:00:23 11/11/21
0,99.9,4.225,1020.45,0.03,3.62 22:05:35 11/11/21
0,99.9,4.1949997,1020.47,0.03,3.62 22:10:48 11/11/21
0,99.9,4.125,1020.53,0.03,3.62 22:16:01 11/11/21
0,99.9,4.1000004,1020.48,0.03,3.62 22:21:14 11/11/21
0,99.9,4.015,1020.42,0.03,3.62 22:26:26 11/11/21
0,99.9,3.935,1020.28,0.03,3.62 22:31:40 11/11/21
0,99.9,3.915,1020.23,0.04,3.61 22:36:53 11/11/21
0,99.9,3.8899999,1020.18,0.03,3.62 22:42:04 11/11/21
0,99.9,3.82,1020.18,0.04,3.62 22:47:17 11/11/21
0,99.9,3.7949998,1020.1,0.04,3.62 22:52:29 11/11/21
0,99.9,3.715,1020.2,0.04,3.61 22:57:43 11/11/21
0,99.9,3.6200001,1020.18,0.04,3.61 23:02:54 11/11/21
0,99.9,3.595,1020.25,0.04,3.61 23:08:05 11/11/21
0,99.9,3.52,1020.17,0.04,3.62 23:13:19 11/11/21
0,99.9,3.4450002,1020.21,0.04,3.62 23:18:32 11/11/21
0,99.9,3.4099998,1020.18,0.04,3.61 23:23:43 11/11/21
0,99.9,3.33,1020.16,0.04,3.61 23:28:57 11/11/21
0,99.9,3.295,1020.07,0.04,3.61 23:34:07 11/11/21
0,99.9,3.21,1020.05,0.04,3.62 23:39:20 11/11/21
0,99.9,3.125,1020.02,0.04,3.62 23:44:35 11/11/21
0,99.9,3.1,1020.08,0.03,3.62 23:49:47 11/11/21
0,99.9,3.0149999,1020.09,0.03,3.61 23:55:00 11/11/21
