1,99.9,11.305,1013.43,0.11,3.53 00:01:25 14/11/21
1,99.9,11.295,1013.52,0.11,3.54 00:06:38 14/11/21
1,99.9,11.29,1013.49,0.11,3.53 00:12:00 14/11/21
1,99.9,11.295,1013.5,0.11,3.54 00:17:16 14/11/21
1,99.9,11.29,1013.53,0.11,3.54 00:22:28 14/11/21
1,99.9,11.280001,1013.53,0.11,3.53 00:27:45 14/11/21
1,99.9,11.285,1013.6,0.11,3.53 00:33:02 14/11/21
1,99.9,11.275,1013.59,0.11,3.53 00:38:17 14/11/21
1,99.9,11.26,1013.59,0.11,3.53 00:43:30 14/11/21
2,99.9,11.2,1013.64,0.11,3.53 00:48:46 14/11/21
1,99.9,11.190001,1013.59,0.11,3.53 00:54:09 14/11/21
1,99.9,11.184999,1013.63,0.11,3.53 00:59:30 14/11/21
1,99.9,11.17,1013.61,0.11,3.53 01:04:49 14/11/21
1,99.9,11.094999,1013.53,0.11,3.53 01:10:05 14/11/21
1,99.9,11.09,1013.68,0.11,3.53 01:15:15 14/11/21
0,99.9,11.02,1013.59,0.11,3.53 01:20:27 14/11/21
0,99.9,10.995,1013.67,0.11,3.53 01:25:40 14/11/21
1,99.9,10.924999,1013.69,0.11,3.53 01:30:56 14/11/21
1,99.9,10.915,1013.74,0.11,3.53 01:36:09 14/11/21
0,99.9,10.895,1013.72,0.11,3.53 01:41:21 14/11/21
1,99.9,10.835,1013.74,0.11,3.53 01:46:34 14/11/21
1,99.9,10.825001,1013.77,0.11,3.53 01:51:50 14/11/21
1,99.9,10.81,1013.8,0.11,3.53 01:57:02 14/11/21
1,99.9,10.81,1013.85,0.11,3.53 02:02:15 14/11/21
0,99.9,10.8,1013.88,0.11,3.53 02:07:30 14/11/21
1,99.9,10.795,1013.84,0.11,3.53 02:12:42 14/11/21
1,99.9,10.79,1013.88,0.11,3.53 02:17:57 14/11/21
1,99.9,10.795,1014.01,0.11,3.53 02:23:08 14/11/21
1,99.9,10.81,1014.1,0.11,3.53 02:28:21 14/11/21
0,99.9,10.805,1014.17,0.11,3.53 02:33:36 14/11/21
1,99.9,10.81,1014.17,0.11,3.53 02:38:52 14/11/21
0,99.9,10.81,1014.12,0.11,3.53 02:44:02 14/11/21
3,99.9,10.815001,1014.16,0.11,3.53 02:49:16 14/11/21
1,99.9,10.815001,1014.24,0.11,3.53 02:54:30 14/11/21
1,99.9,10.81,1014.26,0.11,3.53 02:59:42 14/11/21
1,99.9,10.795,1014.29,0.11,3.53 03:04:57 14/11/21
1,99.9,10.785,1014.36,0.11,3.53 03:10:10 14/11/21
1,99.9,10.780001,1014.4,0.11,3.53 03:15:24 14/11/21
1,99.9,10.775,1014.42,0.11,3.53 03:20:38 14/11/21
0,99.9,10.715,1014.46,0.11,3.53 03:25:48 14/11/21
1,99.9,10.755,1014.51,0.11,3.53 03:31:05 14/11/21
0,99.9,10.7,1014.56,0.11,3.53 03:36:17 14/11/21
1,99.9,10.690001,1014.61,0.11,3.53 03:41:32 14/11/21
0,99.9,10.684999,1014.63,0.11,3.53 03:46:45 14/11/21
1,99.9,10.675,1014.66,0.11,3.53 03:51:56 14/11/21
0,99.9,10.615,1014.73,0.11,3.53 03:57:13 14/11/21
0,99.9,10.61,1014.74,0.11,3.53 04:02:21 14/11/21
0,99.9,10.594999,1014.77,0.11,3.53 04:07:36 14/11/21
0,99.9,10.585,1014.76,0.11,3.53 04:12:49 14/11/21
1,99.9,10.565,1014.71,0.11,3.53 04:18:09 14/11/21
0,99.9,10.514999,1014.82,0.11,3.53 04:23:25 14/11/21
0,99.9,10.495,1014.88,0.11,3.53 04:28:36 14/11/21
1,99.9,10.49,1014.94,0.11,3.52 04:34:01 14/11/21
0,99.9,10.485001,1014.9,0.11,3.52 04:39:15 14/11/21
0,99.9,10.415,1014.94,0.11,3.53 04:44:25 14/11/21
0,99.9,10.4,1015.01,0.11,3.53 04:49:40 14/11/21
0,99.9,10.389999,1015.07,0.11,3.53 04:54:54 14/11/21
0,99.9,11.030001,1015.3,0.11,3.52 05:14:31 14/11/21
0,99.9,10.835,1015.31,0.11,3.52 05:19:43 14/11/21
0,99.9,10.615,1015.39,0.11,3.52 05:24:59 14/11/21
0,99.9,10.47,1015.32,0.11,3.52 05:30:11 14/11/21
0,99.9,10.4,1015.41,0.11,3.52 05:35:24 14/11/21
0,99.9,10.385,1015.5,0.12,3.52 05:40:41 14/11/21
0,99.9,10.38,1015.47,0.12,3.52 05:46:06 14/11/21
5,99.9,10.38,1015.48,0.12,3.52 05:51:28 14/11/21
0,99.9,10.38,1015.53,0.11,3.52 05:56:43 14/11/21
0,99.9,10.32,1015.54,0.12,3.52 06:01:54 14/11/21
0,99.9,10.315001,1015.66,0.12,3.52 06:07:10 14/11/21
0,99.9,10.31,1015.74,0.12,3.52 06:12:22 14/11/21
1,99.9,10.31,1015.75,0.12,3.52 06:17:42 14/11/21
0,99.9,10.32,1015.85,0.12,3.52 06:22:57 14/11/21
1,99.9,10.315001,1015.86,0.12,3.52 06:28:11 14/11/21
1,99.9,10.31,1015.97,0.11,3.52 06:33:22 14/11/21
1,99.9,10.295,1016.02,0.12,3.52 06:38:38 14/11/21
1,99.9,10.295,1016.01,0.11,3.52 06:43:52 14/11/21
1,99.9,10.29,1016.08,0.11,3.52 06:49:04 14/11/21
1,99.9,10.29,1016.14,0.11,3.52 06:54:22 14/11/21
1,99.9,10.29,1016.2,0.11,3.52 06:59:40 14/11/21
1,99.9,10.295,1016.25,0.11,3.52 07:04:51 14/11/21
1,99.9,10.29,1016.32,0.11,3.52 07:10:06 14/11/21
1,99.9,10.29,1016.35,0.12,3.52 07:15:28 14/11/21
1,99.9,10.29,1016.34,0.13,3.52 07:20:41 14/11/21
1,99.9,10.280001,1016.41,0.16,3.52 07:25:53 14/11/21
2,99.9,10.225,1016.48,0.24,3.52 07:31:06 14/11/21
2,99.9,10.219999,1016.54,0.35,3.52 07:36:28 14/11/21
2,99.9,10.280001,1016.64,0.47,3.52 07:41:42 14/11/21
2,99.9,10.27,1016.7,0.68,3.52 07:46:55 14/11/21
4,99.9,10.215,1016.76,0.91,3.52 07:52:10 14/11/21
4,99.9,10.225,1016.9,0.94,3.51 07:57:27 14/11/21
5,99.9,10.219999,1017.02,1.06,3.52 08:02:46 14/11/21
5,99.9,10.215,1017.08,1.24,3.52 08:07:57 14/11/21
5,99.9,10.215,1017.22,1.37,3.52 08:13:12 14/11/21
7,99.9,10.215,1017.3,1.41,3.52 08:18:29 14/11/21
5,99.9,10.219999,1017.28,1.47,3.52 08:23:44 14/11/21
6,99.9,10.215,1017.33,1.48,3.52 08:28:58 14/11/21
6,99.9,10.215,1017.37,1.76,3.52 08:34:10 14/11/21
8,99.9,10.215,1017.51,1.63,3.52 08:39:26 14/11/21
9,99.9,10.27,1017.52,1.87,3.52 08:44:37 14/11/21
10,99.9,10.219999,1017.6,1.94,3.51 08:49:54 14/11/21
11,99.9,10.225,1017.69,2.01,3.51 08:55:20 14/11/21
11,99.9,10.29,1017.86,2.41,3.51 09:00:36 14/11/21
11,99.9,10.29,1017.76,2.61,3.51 09:05:50 14/11/21
12,99.9,10.295,1017.76,2.75,3.51 09:11:03 14/11/21
11,99.9,10.3,1017.84,2.82,3.52 09:16:14 14/11/21
15,99.9,10.295,1017.9,3.11,3.51 09:21:34 14/11/21
15,99.9,10.305,1017.95,3.09,3.51 09:27:06 14/11/21
13,99.9,10.385,1018.09,3.13,3.51 09:32:21 14/11/21
16,99.9,10.385,1018.15,3.12,3.51 09:37:40 14/11/21
23,99.9,10.4,1018.21,3.0,3.51 09:43:03 14/11/21
15,99.9,10.4,1018.27,3.33,3.51 09:48:31 14/11/21
12,99.9,10.41,1018.32,2.99,3.51 09:53:48 14/11/21
11,99.9,10.405,1018.5,2.89,3.51 09:59:02 14/11/21
11,99.9,10.395,1018.6,2.75,3.51 10:04:15 14/11/21
16,99.9,10.389999,1018.66,3.15,3.51 10:09:44 14/11/21
12,99.9,10.385,1018.73,2.99,3.51 10:14:59 14/11/21
16,99.9,10.38,1018.72,3.33,3.51 10:20:14 14/11/21
13,99.9,10.325001,1018.75,3.52,3.51 10:25:25 14/11/21
13,99.9,10.37,1018.85,3.51,3.51 10:30:38 14/11/21
15,99.9,10.38,1018.83,3.52,3.51 10:35:53 14/11/21
17,99.9,10.395,1018.87,3.51,3.51 10:41:03 14/11/21
15,99.9,10.415,1018.95,3.51,3.51 10:46:18 14/11/21
15,99.9,10.485001,1019.04,3.48,3.51 10:51:37 14/11/21
15,99.9,10.5,1019.12,3.51,3.51 10:56:52 14/11/21
11,99.9,10.51,1019.15,3.51,3.51 11:02:08 14/11/21
9,99.9,10.58,1019.16,3.48,3.51 11:07:21 14/11/21
7,99.9,10.585,1019.21,3.44,3.51 11:12:44 14/11/21
6,99.9,10.6,1019.27,3.45,3.51 11:18:00 14/11/21
5,99.9,10.6,1019.33,3.51,3.51 11:23:17 14/11/21
4,99.9,10.594999,1019.35,3.51,3.51 11:28:29 14/11/21
4,99.9,10.575,1019.37,3.45,3.51 11:33:45 14/11/21
3,99.9,10.52,1019.33,3.28,3.51 11:38:58 14/11/21
4,99.9,10.505,1019.45,3.48,3.51 11:44:11 14/11/21
3,99.9,10.485001,1019.5,3.39,3.51 11:49:27 14/11/21
3,99.9,10.485001,1019.58,3.29,3.51 11:54:40 14/11/21
3,99.9,10.43,1019.62,3.36,3.51 11:59:52 14/11/21
4,99.9,10.49,1019.66,3.44,3.51 12:05:04 14/11/21
4,99.9,10.424999,1019.6,3.51,3.51 12:10:16 14/11/21
3,99.9,10.48,1019.63,3.29,3.51 12:15:30 14/11/21
4,99.9,10.485001,1019.75,3.33,3.51 12:20:47 14/11/21
4,99.9,10.485001,1019.75,3.51,3.51 12:25:56 14/11/21
4,99.9,10.485001,1019.76,3.38,3.51 12:31:10 14/11/21
4,99.9,10.49,1019.75,3.41,3.51 12:36:23 14/11/21
4,99.9,10.485001,1019.81,3.33,3.51 12:41:37 14/11/21
5,99.9,10.49,1019.85,3.51,3.51 12:46:49 14/11/21
5,99.9,10.495,1019.89,3.45,3.51 12:52:05 14/11/21
5,99.9,10.495,1019.85,3.51,3.51 12:57:20 14/11/21
6,99.9,10.5,1019.86,3.51,3.51 13:02:38 14/11/21
6,99.9,10.5,1019.89,3.51,3.51 13:07:56 14/11/21
7,99.9,10.565,1019.8,3.51,3.51 13:13:18 14/11/21
7,99.9,10.585,1019.79,3.52,3.51 13:18:36 14/11/21
7,99.9,10.59,1019.85,3.51,3.51 13:23:49 14/11/21
5,99.9,10.61,1019.91,3.51,3.51 13:29:04 14/11/21
9,99.9,10.68,1019.88,3.51,3.51 13:34:18 14/11/21
5,99.9,10.715,1019.95,3.08,3.51 13:39:29 14/11/21
6,99.9,10.795,1019.96,3.51,3.51 13:44:43 14/11/21
7,99.9,10.8,1019.96,3.51,3.5 13:49:58 14/11/21
5,99.9,10.795,1019.98,3.51,3.51 13:55:28 14/11/21
7,99.9,10.81,1020.07,3.51,3.51 14:00:40 14/11/21
5,99.9,10.725,1020.13,3.51,3.51 14:05:55 14/11/21
8,99.9,10.7,1020.14,3.64,3.51 14:11:12 14/11/21
9,99.9,10.690001,1020.15,3.51,3.51 14:16:27 14/11/21
3,99.9,10.695,1020.22,3.51,3.51 14:21:41 14/11/21
4,99.9,10.690001,1020.26,3.51,3.5 14:26:57 14/11/21
5,99.9,10.695,1020.27,3.51,3.5 14:32:09 14/11/21
6,99.9,10.695,1020.23,3.51,3.5 14:37:21 14/11/21
4,99.9,10.690001,1020.22,3.51,3.5 14:42:39 14/11/21
4,99.9,10.629999,1020.19,3.51,3.5 14:47:55 14/11/21
4,99.9,10.55,1020.24,3.51,3.5 14:53:11 14/11/21
3,99.9,10.525,1020.29,3.5,3.5 14:58:22 14/11/21
2,99.9,10.455,1020.3,3.5,3.5 15:03:41 14/11/21
2,99.9,10.43,1020.28,3.46,3.5 15:08:58 14/11/21
2,99.9,10.405,1020.31,3.31,3.5 15:14:16 14/11/21
2,99.9,10.335,1020.35,3.19,3.5 15:19:37 14/11/21
3,99.9,10.315001,1020.39,3.33,3.5 15:24:51 14/11/21
2,99.9,10.3,1020.46,3.25,3.5 15:30:08 14/11/21
2,99.9,10.29,1020.52,3.08,3.5 15:35:26 14/11/21
1,99.9,10.235001,1020.54,2.95,3.5 15:40:44 14/11/21
1,99.9,10.219999,1020.63,3.03,3.5 15:45:56 14/11/21
1,99.9,10.215,1020.68,2.9,3.5 15:51:10 14/11/21
1,99.9,10.21,1020.67,2.97,3.5 15:56:22 14/11/21
1,99.9,10.195,1020.73,2.88,3.5 16:01:37 14/11/21
1,99.9,10.125,1020.73,2.85,3.5 16:06:52 14/11/21
1,99.9,10.11,1020.77,2.71,3.5 16:12:03 14/11/21
0,99.9,10.035,1020.78,2.66,3.5 16:17:16 14/11/21
0,99.9,10.02,1020.74,2.66,3.5 16:22:35 14/11/21
0,99.9,9.95,1020.77,2.35,3.5 16:27:53 14/11/21
0,99.9,9.975,1020.83,2.09,3.5 16:33:05 14/11/21
0,99.9,9.905,1020.91,1.85,3.5 16:38:17 14/11/21
0,99.9,9.84,1020.97,1.6,3.5 16:43:30 14/11/21
0,99.9,9.82,1021.04,1.44,3.5 16:48:45 14/11/21
0,99.9,9.815001,1021.0,1.22,3.5 16:53:59 14/11/21
0,99.9,9.79,1021.05,0.87,3.5 16:59:12 14/11/21
0,99.9,9.725,1021.17,0.4,3.5 17:04:24 14/11/21
0,99.9,9.719999,1021.25,0.29,3.5 17:09:39 14/11/21
0,99.9,9.719999,1021.32,0.22,3.5 17:14:56 14/11/21
0,99.9,9.715,1021.36,0.12,3.49 17:20:15 14/11/21
0,99.9,9.715,1021.42,0.07,3.5 17:25:26 14/11/21
0,99.9,9.705,1021.5,0.05,3.5 17:30:38 14/11/21
0,99.9,9.7,1021.62,0.04,3.5 17:35:56 14/11/21
0,99.9,9.690001,1021.65,0.04,3.5 17:41:04 14/11/21
0,99.9,9.695,1021.74,0.04,3.5 17:46:31 14/11/21
0,99.9,9.705,1021.81,0.05,3.5 17:51:44 14/11/21
0,99.9,9.7,1021.73,0.05,3.5 17:57:12 14/11/21
0,99.9,9.7,1021.83,0.05,3.5 18:02:29 14/11/21
0,99.9,9.684999,1021.78,0.05,3.5 18:07:47 14/11/21
0,99.9,9.605,1021.83,0.05,3.5 18:13:01 14/11/21
0,99.9,9.51,1021.89,0.05,3.5 18:18:13 14/11/21
0,99.9,9.35,1021.92,0.05,3.5 18:23:26 14/11/21
0,99.9,9.295,1021.98,0.05,3.5 18:28:40 14/11/21
0,99.9,9.139999,1022.04,0.05,3.49 18:33:50 14/11/21
0,99.9,9.030001,1022.14,0.05,3.5 18:39:05 14/11/21
0,99.9,8.924999,1022.2,0.05,3.5 18:44:19 14/11/21
4,99.9,8.745,1022.24,0.05,3.5 18:49:33 14/11/21
5,99.9,8.635,1022.27,0.05,3.49 18:54:46 14/11/21
6,99.9,8.535,1022.31,0.05,3.49 18:59:56 14/11/21
6,99.9,8.495,1022.39,0.05,3.5 19:05:09 14/11/21
7,99.9,8.42,1022.39,0.05,3.49 19:10:29 14/11/21
6,99.9,8.405,1022.43,0.05,3.49 19:15:46 14/11/21
7,99.9,8.395,1022.36,0.05,3.5 19:20:59 14/11/21
6,99.9,8.4,1022.45,0.06,3.49 19:26:12 14/11/21
6,99.9,8.4,1022.4,0.06,3.49 19:31:24 14/11/21
6,99.9,8.415,1022.42,0.06,3.49 19:36:38 14/11/21
7,99.9,8.48,1022.45,0.06,3.49 19:42:04 14/11/21
5,99.9,8.514999,1022.55,0.06,3.49 19:47:22 14/11/21
5,99.9,8.52,1022.51,0.06,3.49 19:52:33 14/11/21
5,99.9,8.525,1022.58,0.06,3.49 19:57:48 14/11/21
5,99.9,8.5,1022.64,0.06,3.49 20:02:59 14/11/21
5,99.9,8.43,1022.71,0.06,3.5 20:08:12 14/11/21
6,99.9,8.395,1022.72,0.06,3.49 20:13:29 14/11/21
5,99.9,8.31,1022.81,0.06,3.49 20:18:46 14/11/21
6,99.9,8.205,1022.9,0.06,3.49 20:24:00 14/11/21
6,99.9,8.05,1022.88,0.06,3.49 20:29:16 14/11/21
5,99.9,7.995,1022.88,0.06,3.49 20:34:25 14/11/21
5,99.9,7.88,1022.89,0.06,3.49 20:39:42 14/11/21
15,99.9,7.735,1022.83,0.06,3.49 20:44:53 14/11/21
4,99.9,7.62,1022.8,0.06,3.49 20:50:05 14/11/21
4,99.9,7.51,1022.8,0.06,3.49 20:55:22 14/11/21
3,99.9,7.415,1022.76,0.06,3.49 21:00:32 14/11/21
2,99.9,7.3199997,1022.89,0.06,3.49 21:05:44 14/11/21
3,99.9,7.2349997,1022.88,0.06,3.49 21:10:56 14/11/21
2,99.9,7.21,1022.86,0.06,3.49 21:16:18 14/11/21
2,99.9,7.19,1022.94,0.06,3.49 21:21:31 14/11/21
2,99.9,7.12,1023.02,0.06,3.49 21:26:48 14/11/21
2,99.9,7.085,1023.05,0.06,3.49 21:32:10 14/11/21
1,99.9,6.995,1023.08,0.06,3.49 21:37:27 14/11/21
1,99.9,6.8999996,1022.99,0.06,3.49 21:42:41 14/11/21
2,99.9,6.815,1023.01,0.06,3.49 21:47:52 14/11/21
1,99.9,6.7200003,1023.0,0.06,3.49 21:53:06 14/11/21
1,99.9,6.685,1022.92,0.06,3.49 21:58:18 14/11/21
1,99.9,6.54,1022.9,0.06,3.49 22:03:41 14/11/21
1,99.9,6.51,1022.98,0.06,3.49 22:08:53 14/11/21
0,99.9,6.42,1022.97,0.06,3.49 22:14:08 14/11/21
1,99.9,6.385,1023.12,0.06,3.49 22:19:18 14/11/21
1,99.9,6.3,1023.17,0.06,3.49 22:24:32 14/11/21
0,99.9,6.54,1023.23,0.06,3.48 22:44:05 14/11/21
1,99.9,6.3199997,1023.11,0.06,3.48 22:49:23 14/11/21
0,99.9,6.09,1023.05,0.06,3.48 22:54:44 14/11/21
0,99.9,5.98,1022.92,0.06,3.48 23:00:01 14/11/21
0,99.9,5.89,1022.92,0.06,3.48 23:05:15 14/11/21
0,99.9,5.815,1022.87,0.07,3.48 23:10:27 14/11/21
0,99.9,5.7349997,1022.9,0.07,3.48 23:15:44 14/11/21
0,99.9,5.7200003,1022.9,0.07,3.48 23:21:02 14/11/21
0,99.9,5.6949997,1022.87,0.07,3.48 23:26:14 14/11/21
0,99.9,5.6800003,1022.94,0.07,3.48 23:31:31 14/11/21
0,99.9,5.61,1022.88,0.07,3.48 23:36:59 14/11/21
0,99.9,5.59,1022.86,0.07,3.48 23:42:10 14/11/21
0,99.9,5.52,1022.89,0.07,3.48 23:47:22 14/11/21
0,99.9,5.505,1022.86,0.07,3.48 23:52:36 14/11/21
0,99.9,5.435,1023.02,0.07,3.48 23:58:02 14/11/21
