0,99.9,6.7200003,1022.24,0.07,3.45 00:03:14 16/11/21
0,99.9,6.71,1022.38,0.07,3.44 00:08:26 16/11/21
0,99.9,6.705,1022.29,0.07,3.44 00:13:38 16/11/21
0,99.9,6.7,1022.15,0.07,3.45 00:18:54 16/11/21
0,99.9,6.7,1022.04,0.07,3.44 00:24:09 16/11/21
0,99.9,6.705,1022.1,0.07,3.44 00:29:31 16/11/21
0,99.9,6.7,1022.11,0.07,3.44 00:34:52 16/11/21
0,99.9,6.6949997,1022.12,0.07,3.44 00:40:10 16/11/21
0,99.9,6.69,1022.03,0.07,3.44 00:45:26 16/11/21
0,99.9,6.685,1021.98,0.07,3.44 00:50:44 16/11/21
0,99.9,6.685,1022.09,0.07,3.44 00:55:57 16/11/21
0,99.9,6.685,1022.1,0.07,3.44 01:01:13 16/11/21
0,99.9,6.69,1022.08,0.07,3.44 01:06:36 16/11/21
0,99.9,6.685,1021.92,0.07,3.44 01:11:52 16/11/21
0,99.9,6.685,1021.96,0.07,3.44 01:17:06 16/11/21
0,99.9,6.685,1021.98,0.07,3.45 01:22:16 16/11/21
0,99.9,6.6800003,1022.0,0.07,3.44 01:27:29 16/11/21
0,99.9,6.675,1021.94,0.07,3.44 01:32:44 16/11/21
0,99.9,6.625,1021.85,0.07,3.44 01:37:55 16/11/21
0,99.9,6.62,1021.79,0.07,3.44 01:43:07 16/11/21
0,99.9,6.625,1021.73,0.07,3.44 01:48:32 16/11/21
0,99.9,6.675,1021.68,0.07,3.44 01:53:45 16/11/21
0,99.9,6.675,1021.63,0.07,3.45 01:58:55 16/11/21
0,99.9,6.615,1021.53,0.07,3.44 02:04:08 16/11/21
0,99.9,6.605,1021.43,0.07,3.44 02:09:25 16/11/21
0,99.9,6.605,1021.47,0.07,3.44 02:14:42 16/11/21
0,99.9,6.5950003,1021.44,0.07,3.44 02:19:59 16/11/21
0,99.9,6.6000004,1021.36,0.07,3.44 02:25:21 16/11/21
0,99.9,6.6000004,1021.41,0.07,3.44 02:30:39 16/11/21
0,99.9,6.59,1021.37,0.07,3.44 02:35:53 16/11/21
0,99.9,6.5950003,1021.3,0.07,3.44 02:41:05 16/11/21
0,99.9,6.59,1021.27,0.07,3.44 02:46:17 16/11/21
0,99.9,6.59,1021.17,0.07,3.44 02:51:30 16/11/21
0,99.9,6.59,1021.17,0.07,3.44 02:56:42 16/11/21
0,99.9,6.58,1021.14,0.07,3.44 03:01:54 16/11/21
0,99.9,6.575,1021.18,0.07,3.44 03:07:08 16/11/21
0,99.9,6.58,1021.25,0.07,3.44 03:12:21 16/11/21
0,99.9,6.575,1021.29,0.07,3.44 03:17:34 16/11/21
0,99.9,6.58,1021.41,0.07,3.44 03:22:45 16/11/21
0,99.9,6.53,1021.27,0.07,3.44 03:27:59 16/11/21
0,99.9,6.575,1021.22,0.07,3.44 03:33:12 16/11/21
0,99.9,6.5699997,1021.22,0.07,3.44 03:38:24 16/11/21
0,99.9,6.52,1021.16,0.07,3.44 03:43:39 16/11/21
0,99.9,6.52,1021.17,0.07,3.44 03:48:49 16/11/21
0,99.9,6.52,1021.2,0.07,3.44 03:54:02 16/11/21
0,99.9,6.52,1021.11,0.08,3.44 03:59:22 16/11/21
0,99.9,6.5150003,1021.06,0.08,3.44 04:04:38 16/11/21
0,99.9,6.575,1021.15,0.08,3.44 04:09:49 16/11/21
0,99.9,6.5699997,1021.07,0.08,3.44 04:15:03 16/11/21
0,99.9,6.5699997,1021.08,0.08,3.44 04:20:17 16/11/21
0,99.9,6.5699997,1021.0,0.08,3.44 04:25:29 16/11/21
0,99.9,6.525,1021.0,0.08,3.44 04:30:46 16/11/21
0,99.9,6.575,1020.93,0.08,3.44 04:36:04 16/11/21
0,99.9,6.575,1021.01,0.08,3.44 04:41:16 16/11/21
0,99.9,6.52,1020.97,0.08,3.44 04:46:28 16/11/21
0,99.9,6.565,1021.01,0.08,3.44 04:51:39 16/11/21
0,99.9,6.51,1020.95,0.08,3.44 04:56:55 16/11/21
0,99.9,6.51,1020.91,0.08,3.44 05:02:05 16/11/21
0,99.9,6.51,1020.91,0.08,3.44 05:07:20 16/11/21
0,99.9,6.5150003,1020.98,0.08,3.44 05:12:32 16/11/21
0,99.9,6.51,1020.96,0.09,3.44 05:17:43 16/11/21
0,99.9,6.505,1020.98,0.08,3.44 05:22:59 16/11/21
0,99.9,6.505,1021.0,0.08,3.44 05:28:11 16/11/21
0,99.9,6.505,1020.97,0.08,3.44 05:33:22 16/11/21
0,99.9,6.505,1020.99,0.09,3.44 05:38:36 16/11/21
0,99.9,6.505,1021.0,0.09,3.44 05:43:48 16/11/21
0,99.9,6.5,1020.92,0.09,3.44 05:49:03 16/11/21
0,99.9,6.51,1021.04,0.09,3.44 05:54:13 16/11/21
0,99.9,6.5,1020.93,0.09,3.44 05:59:28 16/11/21
0,99.9,6.505,1021.02,0.09,3.44 06:04:44 16/11/21
0,99.9,6.51,1020.98,0.09,3.44 06:10:00 16/11/21
0,99.9,6.495,1020.97,0.09,3.44 06:15:15 16/11/21
0,99.9,6.5,1021.01,0.09,3.44 06:20:29 16/11/21
0,99.9,6.495,1021.03,0.09,3.44 06:25:38 16/11/21
0,99.9,6.5,1021.12,0.09,3.44 06:30:54 16/11/21
0,99.9,6.5,1021.08,0.09,3.44 06:36:06 16/11/21
0,99.9,6.5,1021.1,0.09,3.44 06:41:19 16/11/21
0,99.9,6.5,1021.12,0.09,3.44 06:46:30 16/11/21
0,99.9,6.5,1021.08,0.09,3.44 06:51:42 16/11/21
0,99.9,6.5,1021.12,0.09,3.44 06:56:56 16/11/21
0,99.9,6.505,1021.17,0.09,3.43 07:02:10 16/11/21
0,99.9,6.5,1021.05,0.09,3.44 07:07:22 16/11/21
0,99.9,6.5,1021.08,0.09,3.44 07:12:35 16/11/21
0,99.9,6.505,1021.07,0.09,3.43 07:17:52 16/11/21
0,99.9,6.51,1021.12,0.1,3.43 07:23:10 16/11/21
0,99.9,6.51,1021.14,0.11,3.43 07:28:24 16/11/21
0,99.9,6.505,1021.04,0.13,3.44 07:33:35 16/11/21
0,99.9,6.505,1021.02,0.18,3.44 07:38:46 16/11/21
0,99.9,6.505,1021.07,0.25,3.43 07:44:01 16/11/21
0,99.9,6.505,1021.21,0.31,3.44 07:49:16 16/11/21
0,99.9,6.505,1021.17,0.4,3.44 07:54:26 16/11/21
0,99.9,6.505,1021.17,0.49,3.44 07:59:43 16/11/21
0,99.9,6.51,1021.21,0.59,3.43 08:05:02 16/11/21
0,99.9,6.505,1021.2,0.69,3.43 08:10:13 16/11/21
0,99.9,6.495,1021.2,0.82,3.43 08:15:24 16/11/21
0,99.9,6.5,1021.26,0.94,3.44 08:20:38 16/11/21
0,99.9,6.495,1021.16,1.08,3.44 08:25:50 16/11/21
0,99.9,6.495,1021.19,1.19,3.43 08:31:15 16/11/21
0,99.9,6.5550003,1021.16,1.42,3.43 08:36:24 16/11/21
0,99.9,6.505,1021.24,1.43,3.43 08:41:39 16/11/21
1,99.9,6.505,1021.27,1.41,3.43 08:46:51 16/11/21
1,99.9,6.5,1021.21,1.46,3.44 08:52:02 16/11/21
1,99.9,6.495,1021.23,1.6,3.44 08:57:16 16/11/21
1,99.9,6.505,1021.29,1.57,3.43 09:02:33 16/11/21
1,99.9,6.505,1021.23,1.61,3.44 09:07:46 16/11/21
1,99.9,6.5150003,1021.21,1.72,3.44 09:13:03 16/11/21
1,99.9,6.565,1021.16,1.74,3.43 09:18:15 16/11/21
2,99.9,6.5699997,1021.18,1.74,3.44 09:23:33 16/11/21
2,99.9,6.58,1021.24,1.77,3.43 09:28:49 16/11/21
3,99.9,6.58,1021.17,1.77,3.43 09:34:04 16/11/21
2,99.9,6.585,1021.17,1.89,3.44 09:39:16 16/11/21
1,99.9,6.585,1021.21,1.78,3.43 09:44:28 16/11/21
2,99.9,6.5950003,1021.09,1.88,3.44 09:49:40 16/11/21
0,99.9,6.5950003,1021.06,2.2,3.44 09:54:56 16/11/21
2,99.9,6.6000004,1020.95,3.0,3.43 10:00:06 16/11/21
2,99.9,6.615,1020.96,3.01,3.43 10:05:20 16/11/21
3,99.9,6.67,1020.9,2.92,3.43 10:10:33 16/11/21
2,99.9,6.675,1020.95,2.92,3.43 10:15:46 16/11/21
2,99.9,6.685,1020.92,2.85,3.43 10:20:58 16/11/21
2,99.9,6.685,1020.94,3.13,3.44 10:26:10 16/11/21
2,99.9,6.6949997,1020.87,3.18,3.43 10:31:23 16/11/21
3,99.9,6.705,1020.84,3.09,3.43 10:36:37 16/11/21
3,99.9,6.705,1020.85,2.82,3.43 10:41:52 16/11/21
1,99.9,6.76,1020.79,2.91,3.43 10:47:03 16/11/21
2,99.9,6.765,1020.76,3.12,3.43 10:52:17 16/11/21
2,99.9,6.77,1020.79,3.19,3.43 10:57:33 16/11/21
2,99.9,6.785,1020.77,3.21,3.43 11:02:49 16/11/21
3,99.9,6.79,1020.78,3.16,3.43 11:08:04 16/11/21
3,99.9,6.7799997,1020.72,3.13,3.43 11:13:19 16/11/21
2,99.9,6.795,1020.66,3.18,3.44 11:18:38 16/11/21
3,99.9,6.79,1020.54,3.1,3.43 11:23:56 16/11/21
3,99.9,6.795,1020.63,2.91,3.43 11:29:10 16/11/21
2,99.9,6.8,1020.56,3.07,3.43 11:34:22 16/11/21
3,99.9,6.795,1020.61,3.06,3.43 11:39:38 16/11/21
3,99.9,6.795,1020.59,3.09,3.43 11:44:48 16/11/21
3,99.9,6.8,1020.58,2.99,3.43 11:50:10 16/11/21
3,99.9,6.8,1020.42,2.95,3.43 11:55:25 16/11/21
2,99.9,6.8050003,1020.36,3.03,3.43 12:00:36 16/11/21
3,99.9,6.8,1020.24,2.88,3.43 12:05:48 16/11/21
3,99.9,6.79,1020.16,2.87,3.43 12:11:05 16/11/21
4,99.9,6.795,1020.21,3.02,3.43 12:16:14 16/11/21
4,99.9,6.79,1020.12,3.05,3.43 12:21:26 16/11/21
4,99.9,6.79,1020.15,3.0,3.43 12:26:40 16/11/21
4,99.9,6.785,1020.16,3.24,3.43 12:31:52 16/11/21
3,99.9,6.79,1020.07,3.17,3.43 12:37:07 16/11/21
4,99.9,6.785,1020.05,2.87,3.43 12:42:19 16/11/21
4,99.9,6.785,1019.92,3.19,3.43 12:47:33 16/11/21
6,99.9,6.785,1019.91,3.43,3.43 12:52:43 16/11/21
5,99.9,6.79,1019.96,3.43,3.43 12:57:59 16/11/21
4,99.9,6.795,1019.9,3.34,3.43 13:03:10 16/11/21
3,99.9,7.3100004,1020.01,3.43,3.43 13:22:46 16/11/21
3,99.9,7.1949997,1019.94,2.92,3.43 13:27:57 16/11/21
3,99.9,6.9750004,1019.84,3.04,3.43 13:33:11 16/11/21
5,99.9,6.885,1019.75,3.17,3.42 13:38:26 16/11/21
5,99.9,6.87,1019.76,2.92,3.42 13:43:45 16/11/21
6,99.9,6.865,1019.73,2.97,3.43 13:48:58 16/11/21
5,99.9,6.8050003,1019.7,2.89,3.42 13:54:10 16/11/21
5,99.9,6.795,1019.69,2.82,3.43 13:59:25 16/11/21
5,99.9,6.79,1019.6,2.9,3.43 14:04:37 16/11/21
4,99.9,6.79,1019.59,2.94,3.43 14:09:51 16/11/21
5,99.9,6.7799997,1019.53,3.13,3.43 14:15:02 16/11/21
5,99.9,6.7749996,1019.49,3.07,3.42 14:20:20 16/11/21
5,99.9,6.7749996,1019.38,3.04,3.43 14:25:36 16/11/21
5,99.9,6.77,1019.25,3.02,3.42 14:30:59 16/11/21
5,99.9,6.7799997,1019.14,3.14,3.42 14:36:12 16/11/21
4,99.9,6.79,1019.08,3.29,3.42 14:41:25 16/11/21
2,99.9,6.7799997,1019.04,3.08,3.43 14:46:35 16/11/21
2,99.9,6.7749996,1019.02,3.13,3.43 14:51:48 16/11/21
4,99.9,6.725,1019.04,3.07,3.43 14:57:04 16/11/21
3,99.9,6.77,1019.04,2.97,3.42 15:02:14 16/11/21
2,99.9,6.71,1019.03,2.91,3.42 15:07:28 16/11/21
3,99.9,6.715,1018.96,2.86,3.42 15:12:41 16/11/21
4,99.9,6.71,1018.9,2.91,3.43 15:17:52 16/11/21
3,99.9,6.71,1018.88,2.89,3.42 15:23:06 16/11/21
4,99.9,6.705,1018.81,2.84,3.42 15:28:18 16/11/21
2,99.9,6.71,1018.88,2.78,3.42 15:33:31 16/11/21
2,99.9,6.7,1018.92,2.74,3.42 15:38:45 16/11/21
1,99.9,6.69,1018.88,2.66,3.42 15:43:57 16/11/21
1,99.9,6.685,1019.01,2.59,3.42 15:49:14 16/11/21
1,99.9,6.69,1019.03,2.59,3.42 15:54:33 16/11/21
1,99.9,6.685,1019.01,2.5,3.42 15:59:44 16/11/21
1,99.9,6.6800003,1019.03,2.44,3.42 16:04:56 16/11/21
1,99.9,6.675,1018.97,2.28,3.42 16:10:15 16/11/21
1,99.9,6.675,1018.99,2.29,3.42 16:15:32 16/11/21
2,99.9,6.615,1018.99,2.18,3.42 16:20:46 16/11/21
2,99.9,6.615,1019.05,2.09,3.42 16:25:56 16/11/21
2,99.9,6.605,1019.01,1.92,3.42 16:31:09 16/11/21
2,99.9,6.605,1019.02,1.82,3.42 16:36:23 16/11/21
2,99.9,6.6000004,1018.9,1.73,3.42 16:41:34 16/11/21
2,99.9,6.5950003,1018.87,1.59,3.42 16:46:50 16/11/21
2,99.9,6.5950003,1018.87,1.52,3.42 16:52:00 16/11/21
2,99.9,6.585,1018.93,0.82,3.42 16:57:15 16/11/21
2,99.9,6.535,1019.07,0.48,3.42 17:02:27 16/11/21
1,99.9,6.5150003,1019.03,0.2,3.42 17:07:39 16/11/21
1,99.9,6.5,1018.93,0.15,3.42 17:12:53 16/11/21
1,99.9,6.5,1018.91,0.1,3.42 17:18:07 16/11/21
1,99.9,6.495,1018.88,0.09,3.42 17:23:17 16/11/21
1,99.9,6.49,1018.88,0.08,3.42 17:28:32 16/11/21
1,99.9,6.49,1018.93,0.08,3.42 17:33:43 16/11/21
0,99.9,6.48,1018.95,0.08,3.42 17:39:01 16/11/21
1,99.9,6.48,1018.92,0.09,3.42 17:44:18 16/11/21
1,99.9,6.42,1018.87,0.09,3.42 17:49:31 16/11/21
1,99.9,6.415,1018.9,0.09,3.42 17:54:42 16/11/21
1,99.9,6.41,1018.93,0.08,3.42 17:59:57 16/11/21
1,99.9,6.395,1018.85,0.08,3.42 18:05:20 16/11/21
0,99.9,6.3999996,1018.9,0.08,3.41 18:10:31 16/11/21
1,99.9,6.39,1018.84,0.09,3.42 18:15:44 16/11/21
1,99.9,6.325,1018.8,0.09,3.42 18:20:55 16/11/21
0,99.9,6.3199997,1018.83,0.09,3.42 18:26:09 16/11/21
1,99.9,6.315,1018.74,0.09,3.41 18:31:22 16/11/21
0,99.9,6.315,1018.81,0.09,3.42 18:36:35 16/11/21
1,99.9,6.3050003,1018.8,0.09,3.42 18:41:46 16/11/21
0,99.9,6.3,1018.81,0.09,3.41 18:47:01 16/11/21
1,99.9,6.3,1018.82,0.08,3.41 18:52:12 16/11/21
1,99.9,6.29,1018.87,0.09,3.41 18:57:29 16/11/21
1,99.9,6.24,1018.88,0.09,3.42 19:02:47 16/11/21
1,99.9,6.2749996,1018.92,0.09,3.41 19:07:58 16/11/21
1,99.9,6.225,1018.9,0.09,3.41 19:13:14 16/11/21
1,99.9,6.27,1018.86,0.09,3.41 19:18:24 16/11/21
1,99.9,6.27,1018.89,0.09,3.42 19:23:38 16/11/21
1,99.9,6.27,1018.9,0.09,3.41 19:28:49 16/11/21
1,99.9,6.215,1018.91,0.09,3.41 19:34:03 16/11/21
1,99.9,6.215,1018.96,0.09,3.41 19:39:21 16/11/21
1,99.9,6.21,1018.9,0.09,3.41 19:44:36 16/11/21
1,99.9,6.255,1018.89,0.09,3.41 19:49:49 16/11/21
2,99.9,6.21,1018.82,0.09,3.41 19:55:06 16/11/21
2,99.9,6.21,1018.79,0.09,3.41 20:00:16 16/11/21
1,99.9,6.205,1018.76,0.09,3.41 20:05:27 16/11/21
2,99.9,6.2,1018.67,0.09,3.41 20:10:41 16/11/21
1,99.9,6.1949997,1018.67,0.09,3.41 20:15:55 16/11/21
2,99.9,6.1949997,1018.63,0.09,3.41 20:21:13 16/11/21
2,99.9,6.2,1018.58,0.09,3.41 20:26:27 16/11/21
2,99.9,6.2,1018.55,0.09,3.41 20:31:42 16/11/21
2,99.9,6.2,1018.47,0.1,3.41 20:36:53 16/11/21
2,99.9,6.1949997,1018.38,0.09,3.41 20:42:05 16/11/21
2,99.9,6.19,1018.4,0.1,3.41 20:47:18 16/11/21
2,99.9,6.1949997,1018.4,0.09,3.41 20:52:33 16/11/21
2,99.9,6.19,1018.51,0.09,3.41 20:57:45 16/11/21
2,99.9,6.19,1018.51,0.09,3.41 21:02:58 16/11/21
1,99.9,6.185,1018.43,0.09,3.41 21:08:10 16/11/21
2,99.9,6.1949997,1018.38,0.09,3.41 21:13:24 16/11/21
2,99.9,6.185,1018.26,0.1,3.41 21:18:36 16/11/21
2,99.9,6.185,1018.23,0.1,3.41 21:23:49 16/11/21
2,99.9,6.19,1018.24,0.1,3.41 21:29:01 16/11/21
1,99.9,6.185,1018.18,0.1,3.4 21:34:19 16/11/21
1,99.9,6.1949997,1018.12,0.1,3.41 21:39:35 16/11/21
0,99.9,6.19,1018.2,0.09,3.4 21:44:47 16/11/21
1,99.9,6.185,1018.22,0.1,3.41 21:50:01 16/11/21
0,99.9,6.185,1018.27,0.1,3.4 21:55:13 16/11/21
0,99.9,6.1949997,1018.25,0.1,3.4 22:00:26 16/11/21
0,99.9,6.1949997,1018.18,0.1,3.4 22:05:38 16/11/21
0,99.9,6.185,1018.24,0.1,3.4 22:10:52 16/11/21
0,99.9,6.185,1018.25,0.1,3.4 22:16:03 16/11/21
0,99.9,6.185,1018.26,0.1,3.41 22:21:16 16/11/21
0,99.9,6.185,1018.28,0.09,3.4 22:26:30 16/11/21
0,99.9,6.185,1018.29,0.09,3.4 22:31:42 16/11/21
0,99.9,6.185,1018.27,0.09,3.4 22:36:55 16/11/21
0,99.9,6.185,1018.31,0.09,3.4 22:42:08 16/11/21
0,99.9,6.185,1018.31,0.1,3.4 22:47:22 16/11/21
0,99.9,6.19,1018.34,0.09,3.4 22:52:35 16/11/21
0,99.9,6.185,1018.34,0.09,3.4 22:57:45 16/11/21
0,99.9,6.185,1018.39,0.09,3.4 23:03:02 16/11/21
0,99.9,6.1800003,1018.39,0.09,3.4 23:08:11 16/11/21
0,99.9,6.125,1018.28,0.09,3.4 23:13:25 16/11/21
0,99.9,6.175,1018.2,0.09,3.4 23:18:42 16/11/21
0,99.9,6.17,1018.12,0.09,3.4 23:24:00 16/11/21
0,99.9,6.12,1017.98,0.09,3.4 23:29:10 16/11/21
0,99.9,6.115,1018.09,0.09,3.4 23:34:23 16/11/21
0,99.9,6.11,1018.15,0.09,3.4 23:39:36 16/11/21
0,99.9,6.105,1018.27,0.09,3.39 23:44:49 16/11/21
0,99.9,6.1000004,1018.15,0.09,3.4 23:50:01 16/11/21
0,99.9,6.105,1018.26,0.09,3.39 23:55:24 16/11/21
