0,99.9,6.105,1018.24,0.09,3.4 00:00:35 17/11/21
0,99.9,6.1000004,1018.38,0.09,3.4 00:05:55 17/11/21
0,99.9,6.1549997,1018.39,0.09,3.4 00:11:11 17/11/21
0,99.9,6.105,1018.33,0.09,3.4 00:16:22 17/11/21
0,99.9,6.1000004,1018.33,0.09,3.4 00:21:38 17/11/21
0,99.9,6.105,1018.37,0.09,3.4 00:26:48 17/11/21
0,99.9,6.105,1018.44,0.09,3.4 00:32:01 17/11/21
0,99.9,6.1000004,1018.42,0.09,3.4 00:37:13 17/11/21
0,99.9,6.1000004,1018.45,0.09,3.39 00:42:30 17/11/21
0,99.9,6.105,1018.46,0.09,3.39 00:47:58 17/11/21
0,99.9,6.115,1018.43,0.09,3.39 00:53:09 17/11/21
0,99.9,6.105,1018.37,0.09,3.39 00:58:22 17/11/21
0,99.9,6.105,1018.37,0.09,3.39 01:03:35 17/11/21
0,99.9,6.1000004,1018.46,0.09,3.39 01:08:48 17/11/21
0,99.9,6.1000004,1018.37,0.09,3.39 01:14:06 17/11/21
0,99.9,6.105,1018.35,0.09,3.39 01:19:22 17/11/21
0,99.9,6.105,1018.46,0.09,3.39 01:24:40 17/11/21
0,99.9,6.105,1018.37,0.09,3.39 01:29:56 17/11/21
0,99.9,6.105,1018.42,0.09,3.39 01:35:08 17/11/21
0,99.9,6.105,1018.3,0.09,3.39 01:40:22 17/11/21
0,99.9,6.105,1018.37,0.09,3.39 01:45:35 17/11/21
0,99.9,6.105,1018.18,0.09,3.39 01:50:47 17/11/21
0,99.9,6.105,1018.2,0.09,3.39 01:55:58 17/11/21
0,99.9,6.11,1018.04,0.09,3.39 02:01:13 17/11/21
0,99.9,6.11,1017.94,0.09,3.39 02:06:24 17/11/21
0,99.9,6.115,1017.82,0.09,3.39 02:11:39 17/11/21
0,99.9,6.115,1017.86,0.09,3.38 02:16:49 17/11/21
0,99.9,6.11,1017.74,0.09,3.39 02:22:02 17/11/21
0,99.9,6.11,1017.78,0.09,3.38 02:27:15 17/11/21
0,99.9,6.165,1017.65,0.09,3.39 02:32:30 17/11/21
0,99.9,6.115,1017.61,0.09,3.39 02:37:42 17/11/21
0,99.9,6.0950003,1017.63,0.09,3.39 02:42:54 17/11/21
0,99.9,6.085,1017.59,0.09,3.39 02:48:06 17/11/21
0,99.9,6.0699997,1017.55,0.09,3.38 02:53:21 17/11/21
0,99.9,6.0699997,1017.45,0.09,3.39 02:58:32 17/11/21
0,99.9,6.0150003,1017.38,0.09,3.39 03:03:46 17/11/21
0,99.9,6.02,1017.42,0.09,3.39 03:08:56 17/11/21
0,99.9,6.08,1017.46,0.09,3.38 03:14:11 17/11/21
0,99.9,6.085,1017.39,0.09,3.38 03:19:24 17/11/21
0,99.9,6.09,1017.31,0.09,3.39 03:24:36 17/11/21
0,99.9,6.1000004,1017.21,0.09,3.39 03:29:47 17/11/21
0,99.9,6.1549997,1017.13,0.09,3.38 03:35:00 17/11/21
0,99.9,6.115,1017.11,0.09,3.39 03:40:14 17/11/21
0,99.9,6.12,1017.16,0.09,3.39 03:45:27 17/11/21
0,99.9,6.175,1017.08,0.09,3.38 03:50:39 17/11/21
0,99.9,6.185,1017.12,0.09,3.39 03:55:51 17/11/21
0,99.9,6.19,1017.22,0.09,3.38 04:01:05 17/11/21
0,99.9,6.185,1017.37,0.09,3.39 04:06:16 17/11/21
0,99.9,6.1800003,1017.49,0.09,3.38 04:11:36 17/11/21
0,99.9,6.1800003,1017.6,0.09,3.39 04:16:51 17/11/21
0,99.9,6.17,1017.55,0.09,3.38 04:22:06 17/11/21
0,99.9,6.17,1017.58,0.09,3.39 04:27:16 17/11/21
0,99.9,6.125,1017.6,0.09,3.38 04:32:33 17/11/21
0,99.9,6.1800003,1017.7,0.09,3.38 04:37:41 17/11/21
0,99.9,6.185,1017.7,0.09,3.38 04:42:54 17/11/21
0,99.9,6.1800003,1017.5,0.09,3.38 04:48:12 17/11/21
0,99.9,6.19,1017.5,0.09,3.38 04:53:29 17/11/21
0,99.9,6.2,1017.62,0.09,3.38 04:58:42 17/11/21
0,99.9,6.265,1017.49,0.09,3.38 05:03:55 17/11/21
0,99.9,6.2200003,1017.32,0.09,3.38 05:09:08 17/11/21
0,99.9,6.285,1017.28,0.09,3.38 05:14:21 17/11/21
0,99.9,6.295,1017.37,0.09,3.38 05:19:41 17/11/21
0,99.9,6.3599997,1017.53,0.09,3.38 05:24:53 17/11/21
0,99.9,6.365,1017.6,0.09,3.38 05:30:12 17/11/21
0,99.9,6.38,1017.64,0.09,3.38 05:35:34 17/11/21
0,99.9,6.39,1017.66,0.09,3.38 05:40:49 17/11/21
0,99.9,6.395,1017.54,0.09,3.38 05:46:03 17/11/21
0,99.9,6.4049997,1017.53,0.09,3.38 05:51:16 17/11/21
0,99.9,6.41,1017.52,0.09,3.38 05:56:28 17/11/21
0,99.9,6.42,1017.46,0.09,3.38 06:01:41 17/11/21
0,99.9,6.485,1017.42,0.09,3.38 06:06:53 17/11/21
0,99.9,6.485,1017.36,0.09,3.38 06:12:05 17/11/21
0,99.9,6.495,1017.11,0.09,3.38 06:17:23 17/11/21
0,99.9,6.5150003,1017.03,0.09,3.38 06:22:43 17/11/21
0,99.9,6.51,1017.14,0.09,3.38 06:27:53 17/11/21
0,99.9,6.5,1017.2,0.09,3.38 06:33:04 17/11/21
0,99.9,6.495,1017.11,0.09,3.38 06:38:18 17/11/21
0,99.9,6.505,1017.18,0.09,3.38 06:43:32 17/11/21
0,99.9,6.51,1017.12,0.09,3.37 06:48:43 17/11/21
0,99.9,6.575,1017.02,0.09,3.37 06:53:56 17/11/21
0,99.9,6.59,1016.99,0.09,3.37 06:59:13 17/11/21
0,99.9,6.6549997,1017.12,0.09,3.38 07:04:22 17/11/21
0,99.9,6.675,1017.19,0.09,3.37 07:09:34 17/11/21
0,99.9,6.6800003,1017.12,0.1,3.38 07:14:49 17/11/21
0,99.9,6.7,1017.19,0.1,3.38 07:20:00 17/11/21
0,99.9,6.765,1017.13,0.12,3.37 07:25:14 17/11/21
0,99.9,6.7749996,1017.16,0.17,3.38 07:30:25 17/11/21
0,99.9,6.785,1017.36,0.21,3.38 07:35:38 17/11/21
0,99.9,6.795,1017.43,0.23,3.37 07:40:55 17/11/21
0,99.9,6.865,1017.52,0.28,3.37 07:46:14 17/11/21
0,99.9,6.88,1017.47,0.36,3.37 07:51:27 17/11/21
1,99.9,6.94,1017.4,0.48,3.37 07:56:40 17/11/21
1,99.9,6.955,1017.47,0.78,3.37 08:01:53 17/11/21
1,99.9,6.9700003,1017.48,0.85,3.37 08:07:08 17/11/21
3,99.9,6.99,1017.61,1.01,3.37 08:12:38 17/11/21
3,99.9,7.075,1017.7,1.07,3.37 08:17:56 17/11/21
3,99.9,7.08,1017.78,0.93,3.37 08:23:07 17/11/21
2,99.9,7.0950003,1017.8,0.97,3.37 08:28:21 17/11/21
3,99.9,7.15,1017.91,1.01,3.37 08:33:35 17/11/21
3,99.9,7.17,1018.08,0.97,3.37 08:38:46 17/11/21
2,99.9,7.175,1018.0,0.84,3.37 08:44:03 17/11/21
2,99.9,7.1949997,1018.06,1.08,3.37 08:49:12 17/11/21
5,99.9,7.255,1018.03,1.44,3.37 08:54:26 17/11/21
5,99.9,7.265,1018.01,1.67,3.37 08:59:37 17/11/21
6,99.9,7.2749996,1018.01,1.66,3.37 09:04:53 17/11/21
7,99.9,7.3050003,1018.06,1.66,3.37 09:10:05 17/11/21
7,99.9,7.365,1017.96,1.75,3.37 09:15:18 17/11/21
7,99.9,7.395,1018.1,1.8,3.37 09:20:29 17/11/21
11,99.9,7.46,1018.1,2.08,3.37 09:25:44 17/11/21
10,99.9,7.485,1018.15,2.18,3.36 09:30:57 17/11/21
14,99.9,7.58,1018.17,2.22,3.37 09:36:09 17/11/21
13,99.9,7.675,1018.07,2.36,3.37 09:41:26 17/11/21
12,99.9,7.7749996,1018.09,2.33,3.36 09:46:42 17/11/21
12,99.9,7.855,1018.11,2.91,3.36 09:51:55 17/11/21
12,99.9,7.9500003,1018.19,2.89,3.37 09:57:09 17/11/21
12,99.9,8.025,1018.29,2.85,3.36 10:02:22 17/11/21
11,99.9,8.065,1018.33,2.78,3.37 10:07:35 17/11/21
10,99.9,8.145,1018.43,2.74,3.37 10:12:48 17/11/21
13,99.9,8.16,1018.5,2.97,3.37 10:18:02 17/11/21
13,99.9,8.245,1018.56,3.07,3.36 10:23:17 17/11/21
13,99.9,8.32,1018.68,3.14,3.37 10:28:27 17/11/21
15,99.9,8.344999,1018.63,3.37,3.37 10:33:41 17/11/21
14,99.9,8.375,1018.67,3.37,3.37 10:38:53 17/11/21
15,99.9,8.455,1018.7,3.37,3.36 10:44:07 17/11/21
15,99.9,8.53,1018.66,3.27,3.37 10:49:20 17/11/21
13,99.9,8.555,1018.81,3.07,3.36 10:54:32 17/11/21
14,99.9,8.65,1018.87,3.14,3.36 10:59:45 17/11/21
18,99.9,8.675,1018.85,3.32,3.37 11:05:06 17/11/21
15,99.9,8.76,1018.91,3.22,3.37 11:10:18 17/11/21
15,99.9,8.83,1018.95,2.92,3.36 11:15:33 17/11/21
16,99.9,8.865,1018.96,3.36,3.37 11:20:48 17/11/21
17,99.9,8.950001,1018.91,3.13,3.36 11:26:02 17/11/21
16,99.9,9.03,1018.87,3.37,3.36 11:31:12 17/11/21
19,99.9,9.07,1018.77,3.32,3.36 11:36:25 17/11/21
18,99.9,9.145,1018.8,2.97,3.36 11:41:38 17/11/21
18,99.9,9.23,1018.86,3.33,3.36 11:47:06 17/11/21
20,99.9,9.33,1018.85,3.36,3.36 11:52:22 17/11/21
17,99.9,9.34,1018.83,3.36,3.36 11:57:36 17/11/21
13,99.9,9.365,1018.84,3.0,3.36 12:02:47 17/11/21
14,99.9,9.425,1018.92,3.09,3.36 12:08:03 17/11/21
14,99.9,9.434999,1018.91,3.09,3.36 12:13:13 17/11/21
13,99.9,9.455,1018.93,3.01,3.36 12:18:28 17/11/21
15,99.9,9.455,1018.89,3.27,3.36 12:23:41 17/11/21
14,99.9,9.514999,1018.97,3.36,3.36 12:28:54 17/11/21
11,99.9,9.54,1019.11,3.29,3.36 12:34:06 17/11/21
5,99.9,9.549999,1019.12,3.24,3.36 12:39:19 17/11/21
3,99.9,9.559999,1019.05,2.75,3.36 12:44:31 17/11/21
4,99.9,9.63,1019.11,3.36,3.36 12:49:45 17/11/21
5,99.9,9.63,1019.07,3.18,3.36 12:54:59 17/11/21
5,99.9,9.655001,1019.17,3.36,3.36 13:00:13 17/11/21
5,99.9,9.72,1019.07,3.13,3.36 13:05:28 17/11/21
4,99.9,9.745001,1019.12,2.92,3.36 13:10:51 17/11/21
6,99.9,9.765,1019.1,3.36,3.36 13:16:07 17/11/21
5,99.9,9.83,1019.12,3.0,3.36 13:21:21 17/11/21
7,99.9,9.844999,1019.05,3.36,3.35 13:26:35 17/11/21
8,99.9,9.93,1019.07,3.38,3.36 13:31:49 17/11/21
8,99.9,10.02,1019.08,3.36,3.36 13:37:02 17/11/21
6,99.9,10.105,1019.09,3.36,3.35 13:42:19 17/11/21
8,99.9,10.165,1019.15,3.47,3.35 13:47:45 17/11/21
8,99.9,10.305,1019.23,3.52,3.35 13:52:58 17/11/21
7,99.9,10.344999,1019.33,3.51,3.36 13:58:10 17/11/21
8,99.9,10.42,1019.36,3.51,3.35 14:03:24 17/11/21
7,99.9,10.445,1019.28,3.36,3.36 14:08:38 17/11/21
7,99.9,10.525,1019.3,3.71,3.35 14:13:56 17/11/21
9,99.9,10.54,1019.26,3.68,3.35 14:19:13 17/11/21
7,99.9,10.625,1019.32,3.59,3.35 14:24:27 17/11/21
8,99.9,10.645,1019.31,3.73,3.35 14:29:39 17/11/21
7,99.9,10.72,1019.4,3.67,3.35 14:34:51 17/11/21
9,99.9,10.795,1019.4,3.36,3.35 14:40:07 17/11/21
5,99.9,10.825,1019.4,3.36,3.35 14:45:18 17/11/21
5,99.9,10.84,1019.36,3.36,3.35 14:50:33 17/11/21
3,99.9,10.855,1019.33,3.35,3.35 14:55:46 17/11/21
3,99.9,10.85,1019.4,3.35,3.35 15:01:00 17/11/21
3,99.9,10.84,1019.45,3.35,3.35 15:06:13 17/11/21
3,99.9,10.85,1019.47,3.08,3.35 15:11:26 17/11/21
4,99.9,10.835,1019.45,3.22,3.35 15:16:40 17/11/21
3,99.9,10.775,1019.49,3.16,3.35 15:21:53 17/11/21
3,99.9,10.775,1019.63,3.03,3.35 15:27:06 17/11/21
4,99.9,10.75,1019.63,3.29,3.35 15:32:20 17/11/21
3,99.9,10.73,1019.73,3.35,3.35 15:37:34 17/11/21
4,99.9,10.655001,1019.79,3.35,3.35 15:42:47 17/11/21
4,99.9,10.58,1019.75,3.41,3.35 15:48:10 17/11/21
6,99.9,10.57,1019.68,3.47,3.35 15:53:35 17/11/21
3,99.9,10.555,1019.72,3.35,3.34 15:59:06 17/11/21
2,99.9,11.05,1019.96,2.66,3.33 16:18:48 17/11/21
3,99.9,10.815001,1020.02,2.82,3.33 16:24:00 17/11/21
6,99.9,10.440001,1019.98,2.77,3.33 16:29:12 17/11/21
9,99.9,10.235001,1020.09,2.89,3.33 16:34:29 17/11/21
11,99.9,9.985001,1020.21,2.53,3.33 16:39:47 17/11/21
13,99.9,9.865,1020.27,2.36,3.33 16:45:04 17/11/21
13,99.9,9.695,1020.29,2.07,3.33 16:50:28 17/11/21
11,99.9,9.58,1020.4,1.66,3.33 16:55:43 17/11/21
11,99.9,9.42,1020.54,1.33,3.33 17:00:58 17/11/21
9,99.9,9.325001,1020.57,0.56,3.33 17:06:08 17/11/21
9,99.9,9.674999,1020.86,0.1,3.32 17:25:46 17/11/21
7,99.9,9.395,1020.99,0.08,3.32 17:30:59 17/11/21
7,99.9,9.059999,1021.01,0.07,3.33 17:36:16 17/11/21
6,99.9,8.79,1021.06,0.07,3.33 17:41:34 17/11/21
5,99.9,8.6,1021.07,0.07,3.32 17:46:46 17/11/21
5,99.9,8.415,1021.05,0.07,3.32 17:52:03 17/11/21
4,99.9,8.3,1021.21,0.07,3.32 17:57:15 17/11/21
4,99.9,8.125,1021.34,0.07,3.33 18:02:30 17/11/21
3,99.9,8.01,1021.44,0.07,3.33 18:07:48 17/11/21
4,99.9,7.895,1021.52,0.07,3.33 18:13:10 17/11/21
3,99.9,7.785,1021.59,0.07,3.32 18:18:20 17/11/21
3,99.9,7.635,1021.74,0.08,3.33 18:23:39 17/11/21
3,99.9,7.505,1021.91,0.07,3.32 18:28:57 17/11/21
2,99.9,7.335,1022.04,0.08,3.32 18:34:09 17/11/21
2,99.9,7.2200003,1022.02,0.07,3.32 18:39:22 17/11/21
2,99.9,7.12,1022.18,0.08,3.33 18:44:43 17/11/21
2,99.9,7.02,1022.26,0.07,3.33 18:49:56 17/11/21
2,99.9,6.8450003,1022.18,0.08,3.33 18:55:09 17/11/21
2,99.9,6.74,1022.29,0.08,3.32 19:00:25 17/11/21
1,99.9,6.645,1022.36,0.07,3.32 19:05:36 17/11/21
1,99.9,6.54,1022.43,0.08,3.32 19:10:52 17/11/21
2,99.9,6.5,1022.45,0.08,3.32 19:16:14 17/11/21
2,99.9,6.41,1022.47,0.08,3.32 19:21:34 17/11/21
1,99.9,6.33,1022.65,0.08,3.32 19:26:51 17/11/21
1,99.9,6.2349997,1022.77,0.08,3.32 19:32:04 17/11/21
1,99.9,6.19,1022.88,0.08,3.32 19:37:15 17/11/21
1,99.9,6.105,1022.95,0.08,3.32 19:42:29 17/11/21
1,99.9,6.01,1022.95,0.08,3.32 19:47:42 17/11/21
1,99.9,5.92,1023.0,0.08,3.31 19:53:02 17/11/21
1,99.9,5.835,1023.16,0.08,3.32 19:58:15 17/11/21
1,99.9,5.74,1023.19,0.08,3.31 20:03:34 17/11/21
0,99.9,5.71,1023.2,0.08,3.32 20:08:49 17/11/21
0,99.9,5.61,1023.13,0.08,3.32 20:14:01 17/11/21
0,99.9,5.52,1023.06,0.08,3.32 20:19:16 17/11/21
1,99.9,5.4399996,1023.17,0.08,3.32 20:24:29 17/11/21
1,99.9,5.42,1023.27,0.08,3.31 20:29:43 17/11/21
0,99.9,5.3999996,1023.37,0.08,3.31 20:34:51 17/11/21
1,99.9,5.315,1023.45,0.08,3.31 20:40:20 17/11/21
0,99.9,5.3050003,1023.48,0.08,3.31 20:45:35 17/11/21
0,99.9,5.2200003,1023.64,0.08,3.31 20:50:47 17/11/21
1,99.9,5.1400003,1023.65,0.08,3.31 20:56:04 17/11/21
0,99.9,5.115,1023.71,0.08,3.31 21:01:12 17/11/21
0,99.9,5.04,1023.7,0.08,3.31 21:06:30 17/11/21
0,99.9,5.03,1023.75,0.08,3.31 21:11:46 17/11/21
0,99.9,5.005,1023.87,0.09,3.31 21:16:59 17/11/21
1,99.9,4.98,1023.91,0.09,3.31 21:22:19 17/11/21
1,99.9,4.92,1023.97,0.08,3.31 21:27:44 17/11/21
0,99.9,4.9049997,1023.86,0.09,3.31 21:32:52 17/11/21
0,99.9,4.875,1023.69,0.09,3.31 21:38:07 17/11/21
0,99.9,4.8050003,1023.76,0.09,3.31 21:43:18 17/11/21
0,99.9,4.79,1023.73,0.09,3.31 21:48:31 17/11/21
0,99.9,4.79,1023.89,0.09,3.31 21:53:44 17/11/21
0,99.9,4.8,1023.91,0.09,3.31 21:58:57 17/11/21
0,99.9,4.795,1023.92,0.09,3.3 22:04:22 17/11/21
0,99.9,4.8050003,1024.12,0.1,3.3 22:09:50 17/11/21
0,99.9,4.81,1024.1,0.09,3.3 22:15:00 17/11/21
0,99.9,4.8,1024.19,0.09,3.3 22:20:11 17/11/21
0,99.9,4.74,1024.11,0.1,3.31 22:25:25 17/11/21
0,99.9,4.73,1024.17,0.1,3.3 22:30:37 17/11/21
0,99.9,4.7200003,1024.12,0.1,3.3 22:35:50 17/11/21
0,99.9,4.7,1024.19,0.1,3.3 22:41:06 17/11/21
0,99.9,4.6949997,1024.33,0.09,3.3 22:46:23 17/11/21
0,99.9,4.685,1024.4,0.1,3.3 22:51:45 17/11/21
0,99.9,4.6949997,1024.4,0.1,3.3 22:56:56 17/11/21
0,99.9,4.63,1024.29,0.1,3.3 23:02:10 17/11/21
0,99.9,4.62,1024.36,0.1,3.3 23:07:21 17/11/21
0,99.9,4.62,1024.32,0.1,3.3 23:12:38 17/11/21
0,99.9,4.6800003,1024.29,0.1,3.3 23:17:54 17/11/21
0,99.9,4.77,1024.27,0.1,3.3 23:23:07 17/11/21
0,99.9,4.865,1024.3,0.11,3.3 23:28:21 17/11/21
0,99.9,4.965,1024.34,0.11,3.3 23:33:39 17/11/21
0,99.9,5.025,1024.5,0.11,3.3 23:38:54 17/11/21
0,99.9,5.1800003,1024.54,0.12,3.3 23:44:08 17/11/21
0,99.9,5.2799997,1024.77,0.12,3.3 23:49:18 17/11/21
0,99.9,5.38,1024.78,0.12,3.3 23:54:31 17/11/21
0,99.9,5.4049997,1024.62,0.13,3.29 23:59:45 17/11/21
