0,99.9,15.8,2.9,2.9,0.27,0.24,0 00:03:44 01/10/20
0,99.9,15.8,2.9,2.9,0.17,0.16,1 00:09:11 01/10/20
0,99.9,15.8,2.9,2.9,0.27,0.23,0 00:14:40 01/10/20
0,99.9,15.7,2.91,2.9,0.2,0.18,1 00:20:09 01/10/20
0,99.9,15.7,2.9,2.9,0.27,0.23,0 00:25:44 01/10/20
0,99.9,15.7,2.9,2.9,0.19,0.18,1 00:31:14 01/10/20
0,99.9,15.7,2.9,2.9,0.26,0.23,0 00:36:43 01/10/20
0,99.9,15.7,2.9,2.9,0.2,0.18,1 00:42:11 01/10/20
0,99.9,15.7,2.9,2.9,0.24,0.21,0 00:47:38 01/10/20
0,99.9,15.7,2.9,2.9,0.19,0.18,1 00:53:07 01/10/20
0,99.9,15.6,2.9,2.9,0.16,0.15,1 00:58:40 01/10/20
0,99.9,15.7,2.9,2.9,0.27,0.24,0 01:04:13 01/10/20
0,99.9,15.7,2.9,2.9,0.17,0.16,1 01:09:40 01/10/20
0,99.9,15.7,2.9,2.9,0.27,0.23,0 01:15:09 01/10/20
0,99.9,15.6,2.9,2.9,0.2,0.18,1 01:20:38 01/10/20
0,99.9,15.7,2.9,2.9,0.27,0.24,0 01:26:06 01/10/20
0,99.9,15.7,2.9,2.9,0.19,0.18,1 01:31:34 01/10/20
0,99.9,15.7,2.9,2.9,0.27,0.23,0 01:37:03 01/10/20
0,99.9,15.7,2.9,2.9,0.2,0.18,1 01:42:31 01/10/20
0,99.9,15.7,2.9,2.9,0.27,0.23,0 01:47:59 01/10/20
0,99.9,15.8,2.9,2.9,0.19,0.18,1 01:53:27 01/10/20
0,99.9,15.8,2.9,2.9,0.28,0.24,0 01:58:56 01/10/20
0,99.9,15.8,2.9,2.9,0.17,0.16,1 02:04:22 01/10/20
0,99.9,15.8,2.9,2.9,0.27,0.23,0 02:09:52 01/10/20
0,99.9,15.8,2.9,2.9,0.2,0.18,1 02:15:22 01/10/20
0,99.9,15.8,2.9,2.9,0.28,0.24,0 02:20:49 01/10/20
0,99.9,15.8,2.9,2.9,0.19,0.18,1 02:26:17 01/10/20
0,99.9,15.8,2.9,2.9,0.27,0.23,0 02:31:45 01/10/20
0,99.9,15.7,2.9,2.9,0.2,0.18,1 02:37:14 01/10/20
0,99.9,15.7,2.9,2.9,0.28,0.23,0 02:42:43 01/10/20
0,99.9,15.7,2.9,2.9,0.19,0.18,1 02:48:10 01/10/20
0,99.9,15.6,2.9,2.9,0.16,0.15,1 02:53:42 01/10/20
0,99.9,15.6,2.9,2.9,0.28,0.23,0 02:59:16 01/10/20
0,99.9,15.6,2.9,2.9,0.18,0.16,1 03:04:43 01/10/20
0,99.9,15.6,2.9,2.9,0.27,0.22,0 03:10:12 01/10/20
0,99.9,15.5,2.9,2.9,0.2,0.19,1 03:15:42 01/10/20
0,99.9,15.5,2.9,2.9,0.28,0.23,0 03:21:09 01/10/20
0,99.9,15.5,2.9,2.9,0.19,0.18,1 03:26:37 01/10/20
0,99.9,15.5,2.9,2.9,0.27,0.22,0 03:32:05 01/10/20
0,99.9,15.4,2.9,2.9,0.2,0.18,1 03:37:34 01/10/20
0,99.9,15.4,2.9,2.9,0.28,0.23,0 03:43:02 01/10/20
0,99.9,15.4,2.9,2.9,0.17,0.16,1 03:48:28 01/10/20
0,99.9,15.4,2.9,2.9,0.27,0.22,0 03:53:58 01/10/20
0,99.9,15.4,2.9,2.9,0.2,0.18,1 03:59:27 01/10/20
0,99.9,15.4,2.9,2.9,0.28,0.23,0 04:04:55 01/10/20
0,99.9,15.4,2.9,2.9,0.19,0.18,1 04:10:23 01/10/20
0,99.9,15.4,2.9,2.9,0.27,0.22,0 04:15:52 01/10/20
0,99.9,15.4,2.9,2.9,0.2,0.18,1 04:21:20 01/10/20
0,99.9,15.4,2.9,2.9,0.28,0.23,0 04:26:49 01/10/20
0,99.9,15.4,2.9,2.9,0.2,0.18,1 04:32:16 01/10/20
0,99.9,15.4,2.9,2.9,0.27,0.23,0 04:37:51 01/10/20
0,99.9,15.4,2.9,2.9,0.2,0.18,1 04:43:22 01/10/20
0,99.9,15.4,2.89,2.9,0.24,0.2,0 04:48:49 01/10/20
0,99.9,15.4,2.9,2.9,0.2,0.18,1 04:54:18 01/10/20
0,99.9,15.4,2.9,2.9,0.27,0.23,0 04:59:47 01/10/20
0,99.9,15.4,2.9,2.9,0.2,0.18,1 05:05:15 01/10/20
0,99.9,15.4,2.9,2.9,0.28,0.23,0 05:10:43 01/10/20
0,99.9,15.3,2.9,2.9,0.2,0.18,1 05:16:11 01/10/20
0,99.9,15.3,2.89,2.9,0.27,0.23,0 05:21:39 01/10/20
0,99.9,15.3,2.9,2.9,0.2,0.18,1 05:27:08 01/10/20
0,99.9,15.3,2.89,2.9,0.28,0.23,0 05:32:36 01/10/20
0,99.9,15.3,2.89,2.9,0.2,0.18,1 05:38:04 01/10/20
0,99.9,15.2,2.89,2.89,0.26,0.21,0 05:43:32 01/10/20
0,99.9,15.2,2.89,2.9,0.18,0.16,1 05:48:59 01/10/20
0,99.9,15.2,2.89,2.89,0.28,0.23,0 05:54:29 01/10/20
0,99.9,15.1,2.89,2.9,0.2,0.18,1 05:59:57 01/10/20
0,99.9,15.2,2.89,2.89,0.27,0.23,0 06:05:25 01/10/20
0,99.9,15.1,2.9,2.9,0.22,0.18,0 06:10:57 01/10/20
0,99.9,15.1,2.9,2.89,0.2,0.19,1 06:16:31 01/10/20
0,99.9,15.1,2.89,2.9,0.28,0.24,0 06:22:00 01/10/20
0,99.9,15.1,2.89,2.89,0.2,0.18,1 06:27:27 01/10/20
0,99.9,15.1,2.89,2.89,0.27,0.23,0 06:32:55 01/10/20
0,99.9,15.1,2.89,2.89,0.2,0.19,1 06:38:27 01/10/20
0,99.9,15.0,2.89,2.89,0.28,0.23,0 06:44:01 01/10/20
0,99.9,15.0,2.89,2.9,0.2,0.19,1 06:49:30 01/10/20
0,99.9,14.9,2.89,2.89,0.28,0.24,0 06:54:58 01/10/20
0,99.9,14.9,2.89,2.89,0.2,0.18,1 07:00:25 01/10/20
0,99.9,14.9,2.89,2.89,0.29,0.24,0 07:05:55 01/10/20
0,99.9,14.8,2.89,2.9,0.2,0.19,1 07:11:22 01/10/20
0,99.9,14.8,2.89,2.89,0.28,0.24,0 07:16:50 01/10/20
0,99.9,14.8,2.89,2.89,0.2,0.18,1 07:22:18 01/10/20
0,99.9,14.7,2.89,2.89,0.27,0.23,0 07:27:46 01/10/20
0,99.9,14.6,2.89,2.89,0.2,0.18,1 07:33:15 01/10/20
0,99.9,14.6,2.89,2.89,0.28,0.24,0 07:38:43 01/10/20
0,99.9,14.6,2.89,2.89,0.2,0.19,1 07:44:11 01/10/20
0,99.9,14.5,2.89,2.89,0.25,0.21,0 07:49:37 01/10/20
0,99.9,14.5,2.89,2.89,0.2,0.19,1 07:55:08 01/10/20
0,99.9,14.5,2.89,2.89,0.23,0.2,0 08:00:33 01/10/20
0,99.9,14.5,2.89,2.89,0.2,0.18,1 08:06:03 01/10/20
0,99.9,14.5,2.89,2.89,0.26,0.22,0 08:11:31 01/10/20
0,99.9,14.5,2.89,2.89,0.2,0.19,1 08:17:00 01/10/20
0,99.9,14.5,2.89,2.89,0.28,0.24,0 08:22:28 01/10/20
0,99.9,14.5,2.89,2.89,0.2,0.19,1 08:27:56 01/10/20
0,99.9,14.4,2.89,2.89,0.27,0.23,0 08:33:24 01/10/20
0,99.9,14.4,2.89,2.89,0.2,0.18,1 08:38:52 01/10/20
0,99.9,14.4,2.89,2.89,0.27,0.23,0 08:44:20 01/10/20
0,99.9,14.4,2.89,2.89,0.21,0.19,1 08:49:50 01/10/20
0,99.9,14.4,2.89,2.89,0.29,0.25,0 08:55:18 01/10/20
0,99.9,14.4,2.89,2.89,0.18,0.17,1 09:00:43 01/10/20
0,99.9,14.4,2.89,2.89,0.28,0.24,0 09:06:14 01/10/20
0,99.9,14.4,2.89,2.89,0.2,0.18,1 09:11:41 01/10/20
0,99.9,14.4,2.89,2.89,0.28,0.24,0 09:17:09 01/10/20
0,99.9,14.4,2.89,2.89,0.2,0.18,1 09:22:38 01/10/20
0,99.9,14.3,2.89,2.89,0.28,0.24,0 09:28:06 01/10/20
0,99.9,14.4,2.89,2.89,0.2,0.19,1 09:33:34 01/10/20
0,99.9,14.4,2.89,2.89,0.28,0.24,0 09:39:02 01/10/20
0,99.9,14.4,2.89,2.89,0.2,0.19,1 09:44:31 01/10/20
0,99.9,14.4,2.89,2.89,0.28,0.23,0 09:49:58 01/10/20
0,99.9,14.4,2.89,2.89,0.2,0.18,1 09:55:26 01/10/20
0,99.9,14.5,2.89,2.89,0.26,0.22,0 10:00:54 01/10/20
0,99.9,14.5,2.89,2.89,0.18,0.17,1 10:06:21 01/10/20
0,99.9,14.6,2.89,2.89,0.28,0.24,0 10:11:51 01/10/20
0,99.9,14.7,2.89,2.89,0.2,0.19,1 10:17:20 01/10/20
0,99.9,14.8,2.89,2.89,0.28,0.23,0 10:22:47 01/10/20
0,99.9,14.9,2.89,2.89,0.2,0.18,1 10:28:15 01/10/20
0,99.9,15.1,2.89,2.89,0.29,0.24,0 10:33:45 01/10/20
0,99.9,15.2,2.89,2.89,0.2,0.19,1 10:39:12 01/10/20
0,99.9,15.3,2.89,2.89,0.28,0.24,0 10:44:41 01/10/20
0,99.9,15.4,2.89,2.89,0.17,0.16,1 10:50:06 01/10/20
0,99.9,15.3,2.89,2.89,0.28,0.23,0 10:55:36 01/10/20
0,99.9,15.3,2.89,2.89,0.2,0.19,1 11:01:05 01/10/20
0,99.9,15.3,2.89,2.89,0.28,0.24,0 11:06:33 01/10/20
0,99.9,15.3,2.89,2.89,0.2,0.19,1 11:12:01 01/10/20
0,99.9,15.2,2.89,2.89,0.28,0.23,0 11:17:29 01/10/20
0,99.9,15.2,2.89,2.89,0.18,0.17,1 11:22:56 01/10/20
0,99.9,15.2,2.89,2.89,0.25,0.21,0 11:28:27 01/10/20
0,99.9,15.1,2.89,2.89,0.2,0.19,1 11:33:54 01/10/20
0,99.9,15.1,2.89,2.89,0.28,0.23,0 11:39:22 01/10/20
0,99.9,15.0,2.89,2.89,0.21,0.19,1 11:44:52 01/10/20
0,99.9,15.0,2.89,2.89,0.28,0.24,0 11:50:19 01/10/20
0,99.9,15.0,2.89,2.89,0.2,0.19,1 11:55:47 01/10/20
0,99.9,15.0,2.89,2.89,0.28,0.23,0 12:01:15 01/10/20
0,99.9,15.0,2.89,2.89,0.2,0.18,1 12:06:43 01/10/20
0,99.9,15.1,2.89,2.89,0.26,0.22,0 12:12:11 01/10/20
0,99.9,15.1,2.89,2.89,0.2,0.19,1 12:17:40 01/10/20
0,99.9,15.0,2.89,2.89,0.28,0.24,0 12:23:09 01/10/20
0,99.9,15.0,2.89,2.89,0.2,0.19,1 12:28:36 01/10/20
0,99.9,15.0,2.89,2.89,0.28,0.23,0 12:34:04 01/10/20
0,99.9,15.0,2.89,2.89,0.21,0.19,1 12:39:34 01/10/20
0,99.9,15.0,2.89,2.89,0.28,0.24,0 12:45:01 01/10/20
0,99.9,15.0,2.89,2.89,0.2,0.19,1 12:50:29 01/10/20
0,99.9,15.1,2.89,2.89,0.29,0.23,0 12:55:58 01/10/20
0,99.9,15.1,2.89,2.89,0.2,0.18,1 13:01:25 01/10/20
0,99.9,15.1,2.89,2.89,0.29,0.24,0 13:06:55 01/10/20
0,99.9,15.1,2.89,2.89,0.19,0.18,1 13:12:21 01/10/20
0,99.9,15.2,2.89,2.89,0.27,0.22,0 13:17:50 01/10/20
0,99.9,15.2,2.89,2.89,0.2,0.19,1 13:23:18 01/10/20
0,99.9,15.2,2.89,2.89,0.28,0.23,0 13:28:47 01/10/20
0,99.9,15.2,2.89,2.89,0.2,0.19,1 13:34:15 01/10/20
0,99.9,15.2,2.89,2.89,0.29,0.23,0 13:39:43 01/10/20
0,99.9,15.3,2.89,2.89,0.2,0.19,1 13:45:12 01/10/20
0,99.9,15.3,2.89,2.89,0.28,0.23,0 13:50:39 01/10/20
0,99.9,15.4,2.89,2.89,0.2,0.18,1 13:56:08 01/10/20
0,99.9,15.4,2.89,2.89,0.28,0.24,0 14:01:36 01/10/20
0,99.9,15.6,2.89,2.89,0.2,0.19,1 14:07:05 01/10/20
0,99.9,15.6,2.89,2.89,0.28,0.23,0 14:12:32 01/10/20
0,99.9,15.8,2.89,2.89,0.21,0.19,1 14:18:02 01/10/20
0,99.9,16.1,2.89,2.89,0.28,0.23,0 14:23:29 01/10/20
0,99.9,16.3,2.89,2.89,0.2,0.19,1 14:28:57 01/10/20
0,99.9,16.6,2.89,2.89,0.29,0.24,0 14:34:27 01/10/20
0,99.9,16.8,2.89,2.89,0.21,0.19,1 14:39:54 01/10/20
0,99.9,16.9,2.89,2.89,0.28,0.23,0 14:45:22 01/10/20
0,99.9,16.9,2.89,2.89,0.2,0.19,1 14:50:51 01/10/20
0,99.9,16.8,2.89,2.89,0.28,0.23,0 14:56:20 01/10/20
0,99.9,16.7,2.89,2.89,0.2,0.19,1 15:01:47 01/10/20
0,99.9,16.6,2.89,2.89,0.28,0.23,0 15:07:16 01/10/20
0,99.9,16.6,2.89,2.89,0.2,0.19,1 15:12:44 01/10/20
0,99.9,16.6,2.89,2.89,0.28,0.22,0 15:18:13 01/10/20
0,99.9,16.7,2.89,2.89,0.2,0.18,1 15:23:40 01/10/20
0,99.9,16.8,2.89,2.89,0.28,0.22,0 15:29:09 01/10/20
0,99.9,16.8,2.89,2.89,0.21,0.2,1 15:34:39 01/10/20
0,99.9,16.8,2.89,2.89,0.28,0.23,0 15:40:06 01/10/20
0,99.9,16.7,2.89,2.89,0.2,0.19,1 15:45:34 01/10/20
0,99.9,16.6,2.89,2.89,0.29,0.23,0 15:51:03 01/10/20
0,99.9,16.6,2.89,2.89,0.21,0.19,1 15:56:32 01/10/20
0,99.9,16.7,2.89,2.89,0.28,0.22,0 16:01:59 01/10/20
0,99.9,16.9,2.89,2.89,0.21,0.19,1 16:07:28 01/10/20
0,99.9,16.9,2.89,2.89,0.24,0.19,0 16:12:54 01/10/20
0,99.9,16.9,2.89,2.89,0.23,0.18,0 16:18:28 01/10/20
0,99.9,17.0,2.89,2.89,0.21,0.19,1 16:24:02 01/10/20
0,99.9,17.3,2.89,2.89,0.28,0.23,0 16:29:30 01/10/20
0,99.9,17.8,2.89,2.89,0.21,0.19,1 16:34:59 01/10/20
0,99.9,18.2,2.89,2.89,0.28,0.24,0 16:40:27 01/10/20
0,99.9,18.7,2.89,2.89,0.21,0.19,1 16:45:56 01/10/20
0,99.9,19.3,2.89,2.89,0.28,0.24,0 16:51:24 01/10/20
0,99.9,19.7,2.89,2.89,0.21,0.19,1 16:56:53 01/10/20
0,99.9,20.5,2.89,2.89,0.29,0.25,0 17:02:22 01/10/20
0,99.9,21.3,2.89,2.89,0.2,0.19,1 17:07:51 01/10/20
0,99.9,21.9,2.89,2.89,0.28,0.24,0 17:13:19 01/10/20
0,99.9,22.3,2.89,2.89,0.2,0.19,1 17:18:48 01/10/20
0,99.9,22.3,2.89,2.89,0.28,0.24,0 17:24:17 01/10/20
0,99.9,22.3,2.89,2.89,0.2,0.19,1 17:29:46 01/10/20
0,99.9,22.1,2.89,2.89,0.28,0.24,0 17:35:15 01/10/20
0,99.9,22.1,2.89,2.89,0.2,0.19,1 17:40:44 01/10/20
0,99.9,22.3,2.89,2.89,0.28,0.24,0 17:46:13 01/10/20
0,99.9,22.5,2.89,2.89,0.2,0.19,1 17:51:42 01/10/20
0,99.9,22.7,2.89,2.89,0.29,0.25,0 17:57:12 01/10/20
0,99.9,22.8,2.89,2.89,0.2,0.19,1 18:02:40 01/10/20
0,99.9,22.7,2.89,2.89,0.28,0.24,0 18:08:09 01/10/20
0,99.9,22.6,2.89,2.89,0.2,0.19,1 18:13:38 01/10/20
0,99.9,22.3,2.89,2.89,0.28,0.24,0 18:19:07 01/10/20
0,99.9,21.9,2.89,2.89,0.2,0.18,1 18:24:36 01/10/20
0,99.9,21.5,2.89,2.89,0.26,0.22,0 18:30:04 01/10/20
0,99.9,20.9,2.89,2.89,0.2,0.19,1 18:35:34 01/10/20
0,99.9,20.3,2.89,2.89,0.28,0.25,0 18:41:03 01/10/20
0,99.9,19.6,2.89,2.89,0.2,0.19,1 18:46:32 01/10/20
0,99.9,18.9,2.89,2.89,0.28,0.24,0 18:52:00 01/10/20
0,99.9,18.3,2.89,2.89,0.2,0.19,1 18:57:29 01/10/20
0,99.9,17.8,2.89,2.89,0.28,0.24,0 19:02:57 01/10/20
0,99.9,17.4,2.89,2.89,0.2,0.19,1 19:08:26 01/10/20
0,99.9,16.9,2.89,2.89,0.28,0.24,0 19:13:54 01/10/20
0,99.9,16.6,2.89,2.9,0.2,0.19,1 19:19:23 01/10/20
0,99.9,16.2,2.89,2.89,0.28,0.24,0 19:24:52 01/10/20
0,99.9,15.8,2.89,2.9,0.2,0.18,1 19:30:19 01/10/20
0,99.9,15.5,2.89,2.89,0.28,0.25,0 19:35:48 01/10/20
0,99.9,15.3,2.89,2.89,0.2,0.19,1 19:41:16 01/10/20
0,99.9,15.0,2.89,2.89,0.28,0.24,0 19:46:45 01/10/20
0,99.9,14.7,2.89,2.9,0.2,0.18,1 19:52:12 01/10/20
0,99.9,14.5,2.89,2.89,0.28,0.24,0 19:57:40 01/10/20
0,99.9,14.2,2.89,2.9,0.2,0.18,1 20:03:09 01/10/20
0,99.9,14.0,2.89,2.9,0.28,0.25,0 20:08:37 01/10/20
0,99.9,13.7,2.89,2.9,0.2,0.19,1 20:14:05 01/10/20
0,99.9,13.5,2.89,2.9,0.28,0.24,0 20:19:33 01/10/20
0,99.9,13.3,2.89,2.9,0.2,0.19,1 20:25:01 01/10/20
0,99.9,13.1,2.89,2.89,0.28,0.24,0 20:30:29 01/10/20
0,99.9,12.9,2.89,2.9,0.2,0.19,1 20:35:57 01/10/20
0,99.9,12.7,2.89,2.9,0.28,0.24,0 20:41:25 01/10/20
0,99.9,12.6,2.89,2.9,0.2,0.19,1 20:46:53 01/10/20
0,99.9,12.4,2.89,2.9,0.28,0.24,0 20:52:21 01/10/20
0,99.9,12.3,2.89,2.9,0.21,0.19,1 20:57:50 01/10/20
0,99.9,12.2,2.96,2.87,0.29,0.23,0 21:03:17 01/10/20
0,99.9,12.1,2.89,2.89,0.14,0.13,0 21:08:46 01/10/20
0,99.9,12.0,2.89,2.89,0.2,0.18,1 21:14:13 01/10/20
0,99.9,11.9,2.89,2.89,0.27,0.24,0 21:19:40 01/10/20
0,99.9,11.8,2.89,2.9,0.2,0.18,1 21:25:08 01/10/20
0,99.9,11.7,2.89,2.89,0.27,0.23,0 21:30:36 01/10/20
0,99.9,11.7,2.89,2.89,0.2,0.19,1 21:36:05 01/10/20
0,99.9,11.6,2.89,2.89,0.28,0.24,0 21:41:32 01/10/20
0,99.9,11.5,2.89,2.89,0.2,0.19,1 21:47:00 01/10/20
0,99.9,11.5,2.89,2.89,0.28,0.24,0 21:52:28 01/10/20
0,99.9,11.5,2.89,2.89,0.21,0.19,1 21:57:57 01/10/20
0,99.9,11.5,2.89,2.89,0.27,0.23,0 22:03:23 01/10/20
0,99.9,11.4,2.89,2.89,0.2,0.18,1 22:08:51 01/10/20
0,99.9,11.4,2.89,2.89,0.27,0.23,0 22:14:19 01/10/20
0,99.9,11.3,2.89,2.89,0.18,0.17,1 22:19:46 01/10/20
0,99.9,11.3,2.95,2.87,0.29,0.24,0 22:25:15 01/10/20
0,99.9,11.3,2.89,2.89,0.2,0.19,1 22:30:43 01/10/20
0,99.9,11.2,2.89,2.89,0.17,0.15,1 22:36:14 01/10/20
0,99.9,11.2,2.89,2.89,0.23,0.2,0 22:41:46 01/10/20
0,99.9,11.2,2.89,2.89,0.2,0.18,1 22:47:15 01/10/20
0,99.9,11.2,2.89,2.89,0.28,0.24,0 22:52:43 01/10/20
0,99.9,11.2,2.89,2.89,0.2,0.19,1 22:58:11 01/10/20
0,99.9,11.2,2.89,2.89,0.28,0.24,0 23:03:39 01/10/20
0,99.9,11.1,2.89,2.89,0.2,0.18,1 23:09:07 01/10/20
0,99.9,11.0,2.89,2.89,0.27,0.23,0 23:14:34 01/10/20
0,99.9,11.0,2.89,2.89,0.2,0.18,1 23:20:02 01/10/20
0,99.9,10.9,2.89,2.89,0.28,0.24,0 23:25:30 01/10/20
0,99.9,10.9,2.89,2.89,0.2,0.19,1 23:30:58 01/10/20
0,99.9,10.8,2.89,2.89,0.17,0.15,1 23:36:29 01/10/20
0,99.9,10.8,2.89,2.89,0.27,0.24,0 23:42:02 01/10/20
0,99.9,10.8,2.89,2.89,0.21,0.19,1 23:47:31 01/10/20
0,99.9,10.8,2.89,2.89,0.28,0.24,0 23:52:58 01/10/20
0,99.9,10.9,2.89,2.89,0.21,0.19,1 23:58:26 01/10/20
