0,99.9,11.5,2.88,2.88,0.28,0.25,0 00:02:53 05/10/20
0,99.9,11.5,2.88,2.88,0.21,0.19,1 00:08:21 05/10/20
0,99.9,11.5,2.88,2.88,0.28,0.24,0 00:13:49 05/10/20
0,99.9,11.5,2.88,2.88,0.13,0.13,0 00:19:18 05/10/20
0,99.9,11.5,2.88,2.88,0.2,0.19,1 00:24:44 05/10/20
0,99.9,11.5,2.88,2.88,0.25,0.22,0 00:30:11 05/10/20
0,99.9,11.5,2.88,2.88,0.21,0.19,1 00:35:40 05/10/20
0,99.9,11.5,2.88,2.88,0.28,0.25,0 00:41:08 05/10/20
0,99.9,11.5,2.88,2.88,0.2,0.19,1 00:46:35 05/10/20
0,99.9,11.5,2.88,2.88,0.28,0.25,0 00:52:04 05/10/20
0,99.9,11.5,2.88,2.88,0.21,0.19,1 00:57:32 05/10/20
0,99.9,11.4,2.88,2.88,0.28,0.25,0 01:02:59 05/10/20
0,99.9,11.5,2.88,2.88,0.21,0.19,1 01:08:27 05/10/20
0,99.9,11.4,2.88,2.88,0.28,0.24,0 01:13:55 05/10/20
0,99.9,11.4,2.88,2.88,0.2,0.19,1 01:19:22 05/10/20
0,99.9,11.4,2.88,2.88,0.28,0.24,0 01:24:50 05/10/20
0,99.9,11.4,2.88,2.88,0.18,0.17,1 01:30:17 05/10/20
0,99.9,11.4,2.88,2.88,0.28,0.25,0 01:35:46 05/10/20
0,99.9,11.4,2.88,2.88,0.21,0.2,1 01:41:15 05/10/20
0,99.9,11.4,2.88,2.88,0.28,0.24,0 01:46:41 05/10/20
0,99.9,11.3,2.88,2.88,0.21,0.19,1 01:52:10 05/10/20
0,99.9,11.3,2.88,2.88,0.28,0.25,0 01:57:37 05/10/20
0,99.9,11.3,2.88,2.88,0.21,0.19,1 02:03:05 05/10/20
0,99.9,11.3,2.88,2.88,0.28,0.25,0 02:08:33 05/10/20
0,99.9,11.3,2.88,2.88,0.2,0.19,1 02:14:00 05/10/20
0,99.9,11.3,2.88,2.88,0.25,0.22,0 02:19:27 05/10/20
0,99.9,11.2,2.88,2.88,0.21,0.19,1 02:24:56 05/10/20
3,99.9,11.3,2.88,2.88,0.28,0.25,0 02:30:24 05/10/20
0,99.9,11.3,2.88,2.88,0.2,0.19,1 02:35:51 05/10/20
0,99.9,11.3,2.88,2.88,0.28,0.24,0 02:41:19 05/10/20
0,99.9,11.4,2.88,2.88,0.21,0.19,1 02:46:48 05/10/20
0,99.9,11.4,2.88,2.88,0.28,0.25,0 02:52:15 05/10/20
0,99.9,11.3,2.88,2.88,0.21,0.19,1 02:57:43 05/10/20
0,99.9,11.4,2.88,2.88,0.28,0.25,0 03:03:11 05/10/20
0,99.9,11.4,2.88,2.88,0.2,0.19,1 03:08:38 05/10/20
0,99.9,11.4,2.88,2.88,0.28,0.25,0 03:14:07 05/10/20
0,99.9,11.4,2.88,2.88,0.21,0.19,1 03:19:34 05/10/20
0,99.9,11.4,2.88,2.88,0.28,0.25,0 03:25:02 05/10/20
0,99.9,11.4,2.88,2.88,0.2,0.19,1 03:30:30 05/10/20
0,99.9,11.4,2.88,2.88,0.28,0.25,0 03:35:57 05/10/20
0,99.9,11.5,2.88,2.88,0.17,0.16,1 03:41:23 05/10/20
0,99.9,11.5,2.88,2.88,0.29,0.25,0 03:46:54 05/10/20
0,99.9,11.5,2.88,2.88,0.18,0.17,1 03:52:19 05/10/20
0,99.9,11.5,2.88,2.88,0.29,0.25,0 03:57:49 05/10/20
0,99.9,11.5,2.88,2.88,0.2,0.19,1 04:03:16 05/10/20
0,99.9,11.5,2.88,2.88,0.28,0.25,0 04:08:44 05/10/20
0,99.9,11.5,2.88,2.88,0.21,0.19,1 04:14:13 05/10/20
0,99.9,11.5,2.88,2.88,0.28,0.25,0 04:19:40 05/10/20
0,99.9,11.5,2.88,2.88,0.21,0.19,1 04:25:08 05/10/20
0,99.9,11.4,2.88,2.87,0.28,0.25,0 04:30:35 05/10/20
0,99.9,11.3,2.88,2.88,0.2,0.19,1 04:36:03 05/10/20
0,99.9,11.3,2.88,2.88,0.28,0.25,0 04:41:32 05/10/20
0,99.9,11.3,2.88,2.88,0.21,0.19,1 04:46:59 05/10/20
0,99.9,11.2,2.88,2.88,0.26,0.23,0 04:52:26 05/10/20
0,99.9,11.2,2.88,2.88,0.2,0.19,1 04:57:54 05/10/20
0,99.9,11.1,2.88,2.88,0.28,0.25,0 05:03:22 05/10/20
0,99.9,11.1,2.88,2.88,0.21,0.19,1 05:08:51 05/10/20
0,99.9,11.1,2.88,2.87,0.29,0.25,0 05:14:18 05/10/20
0,99.9,11.1,2.88,2.87,0.14,0.13,0 05:19:47 05/10/20
0,99.9,11.1,2.88,2.88,0.2,0.19,1 05:25:13 05/10/20
0,99.9,11.1,2.88,2.87,0.28,0.24,0 05:30:41 05/10/20
0,99.9,11.1,2.88,2.88,0.21,0.19,1 05:36:09 05/10/20
0,99.9,11.1,2.88,2.87,0.29,0.25,0 05:41:37 05/10/20
0,99.9,11.1,2.87,2.87,0.2,0.19,1 05:47:05 05/10/20
0,99.9,11.0,2.88,2.87,0.29,0.25,0 05:52:33 05/10/20
0,99.9,11.0,2.88,2.87,0.21,0.19,1 05:58:01 05/10/20
0,99.9,11.0,2.88,2.88,0.16,0.16,1 06:03:32 05/10/20
0,99.9,10.9,2.87,2.87,0.28,0.25,0 06:09:04 05/10/20
0,99.9,10.9,2.88,2.87,0.2,0.19,1 06:14:32 05/10/20
0,99.9,10.9,2.88,2.87,0.29,0.25,0 06:20:00 05/10/20
0,99.9,10.8,2.87,2.87,0.21,0.19,1 06:25:28 05/10/20
0,99.9,10.8,2.87,2.87,0.28,0.25,0 06:30:56 05/10/20
0,99.9,10.8,2.88,2.87,0.2,0.19,1 06:36:23 05/10/20
0,99.9,10.8,2.87,2.87,0.29,0.25,0 06:41:52 05/10/20
0,99.9,10.8,2.87,2.87,0.21,0.2,1 06:47:19 05/10/20
0,99.9,10.7,2.87,2.87,0.26,0.23,0 06:52:45 05/10/20
0,99.9,10.7,2.87,2.87,0.21,0.19,1 06:58:14 05/10/20
0,99.9,10.7,2.87,2.87,0.29,0.25,0 07:03:42 05/10/20
0,99.9,10.7,2.87,2.87,0.21,0.2,1 07:09:10 05/10/20
0,99.9,10.7,2.87,2.87,0.28,0.25,0 07:14:37 05/10/20
0,99.9,10.7,2.87,2.87,0.21,0.19,1 07:20:05 05/10/20
0,99.9,10.7,2.87,2.87,0.29,0.25,0 07:25:33 05/10/20
0,99.9,10.7,2.87,2.87,0.22,0.2,1 07:31:02 05/10/20
0,99.9,10.6,2.87,2.87,0.24,0.21,0 07:36:26 05/10/20
0,99.9,10.6,2.87,2.87,0.21,0.2,1 07:41:57 05/10/20
0,99.9,10.5,2.87,2.87,0.29,0.25,0 07:47:24 05/10/20
0,99.9,10.5,2.87,2.87,0.21,0.19,1 07:52:52 05/10/20
0,99.9,10.5,2.87,2.87,0.28,0.25,0 07:58:19 05/10/20
0,99.9,10.4,2.87,2.87,0.21,0.2,1 08:03:47 05/10/20
0,99.9,10.4,2.87,2.87,0.29,0.25,0 08:09:15 05/10/20
0,99.9,10.4,2.87,2.87,0.21,0.19,1 08:14:42 05/10/20
0,99.9,10.4,2.87,2.87,0.29,0.25,0 08:20:11 05/10/20
0,99.9,10.4,2.87,2.87,0.21,0.2,1 08:25:38 05/10/20
0,99.9,10.4,2.87,2.87,0.28,0.25,0 08:31:06 05/10/20
0,99.9,10.4,2.87,2.87,0.21,0.19,1 08:36:33 05/10/20
0,99.9,10.4,2.87,2.87,0.26,0.22,0 08:42:00 05/10/20
0,99.9,10.4,2.87,2.87,0.19,0.18,1 08:47:27 05/10/20
0,99.9,10.4,2.87,2.87,0.28,0.25,0 08:52:56 05/10/20
0,99.9,10.4,2.87,2.87,0.21,0.2,1 08:58:25 05/10/20
0,99.9,10.4,2.87,2.87,0.29,0.25,0 09:03:52 05/10/20
0,99.9,10.4,2.87,2.87,0.21,0.19,1 09:09:20 05/10/20
0,99.9,10.4,2.87,2.87,0.28,0.25,0 09:14:47 05/10/20
0,99.9,10.4,2.87,2.87,0.21,0.2,1 09:20:15 05/10/20
0,99.9,10.5,2.87,2.87,0.29,0.25,0 09:25:43 05/10/20
0,99.9,10.5,2.87,2.87,0.21,0.19,1 09:31:11 05/10/20
0,99.9,10.6,2.87,2.87,0.29,0.25,0 09:36:39 05/10/20
0,99.9,10.7,2.87,2.87,0.21,0.2,1 09:42:06 05/10/20
0,99.9,10.8,2.87,2.87,0.29,0.26,0 09:47:35 05/10/20
0,99.9,10.9,2.87,2.87,0.21,0.19,1 09:53:04 05/10/20
0,99.9,11.0,2.87,2.87,0.29,0.25,0 09:58:30 05/10/20
0,99.9,11.1,2.87,2.87,0.21,0.2,1 10:03:57 05/10/20
0,99.9,11.3,2.87,2.87,0.29,0.25,0 10:09:25 05/10/20
0,99.9,11.5,2.87,2.87,0.21,0.19,1 10:14:52 05/10/20
0,99.9,11.6,2.87,2.87,0.28,0.25,0 10:20:20 05/10/20
0,99.9,11.7,2.87,2.87,0.21,0.2,1 10:25:49 05/10/20
0,99.9,11.7,2.87,2.87,0.29,0.25,0 10:31:16 05/10/20
0,99.9,11.8,2.87,2.87,0.21,0.2,1 10:36:44 05/10/20
0,99.9,11.9,2.87,2.87,0.17,0.16,1 10:42:15 05/10/20
0,99.9,12.1,2.87,2.87,0.28,0.25,0 10:47:48 05/10/20
