0,99.9,13.4,2.88,2.88,0.26,0.23,0 00:03:11 09/10/20
0,99.9,13.4,2.88,2.88,0.2,0.19,1 00:08:39 09/10/20
0,99.9,13.3,2.88,2.88,0.17,0.16,1 00:14:10 09/10/20
0,99.9,13.3,2.88,2.88,0.26,0.23,0 00:19:43 09/10/20
0,99.9,13.3,2.88,2.88,0.2,0.19,1 00:25:11 09/10/20
0,99.9,13.3,2.88,2.88,0.26,0.23,0 00:30:39 09/10/20
0,99.9,13.2,2.88,2.88,0.2,0.19,1 00:36:07 09/10/20
0,99.9,13.2,2.88,2.88,0.26,0.23,0 00:41:35 09/10/20
0,99.9,13.2,2.88,2.88,0.2,0.19,1 00:47:03 09/10/20
0,99.9,13.1,2.88,2.88,0.26,0.23,0 00:52:31 09/10/20
0,99.9,13.1,2.88,2.88,0.12,0.11,0 00:58:02 09/10/20
0,99.9,13.0,2.88,2.88,0.2,0.19,1 01:03:27 09/10/20
0,99.9,12.9,2.88,2.88,0.26,0.22,0 01:08:55 09/10/20
0,99.9,12.9,2.88,2.88,0.17,0.17,1 01:14:21 09/10/20
0,99.9,12.8,2.88,2.88,0.26,0.22,0 01:19:51 09/10/20
0,99.9,12.8,2.88,2.88,0.21,0.19,1 01:25:20 09/10/20
0,99.9,12.7,2.88,2.88,0.27,0.23,0 01:30:48 09/10/20
0,99.9,12.7,2.88,2.88,0.21,0.19,1 01:36:15 09/10/20
0,99.9,12.7,2.88,2.88,0.27,0.23,0 01:41:43 09/10/20
0,99.9,12.6,2.88,2.88,0.21,0.2,1 01:47:11 09/10/20
0,99.9,12.6,2.88,2.88,0.24,0.2,0 01:52:37 09/10/20
0,99.9,12.5,2.88,2.88,0.21,0.2,1 01:58:08 09/10/20
0,99.9,12.5,2.88,2.88,0.27,0.24,0 02:03:36 09/10/20
0,99.9,12.5,2.88,2.88,0.2,0.19,1 02:09:02 09/10/20
0,99.9,12.4,2.88,2.88,0.26,0.23,0 02:14:30 09/10/20
0,99.9,12.4,2.88,2.88,0.2,0.19,1 02:19:58 09/10/20
0,99.9,12.4,2.88,2.88,0.26,0.22,0 02:25:26 09/10/20
0,99.9,12.3,2.88,2.88,0.21,0.19,1 02:30:55 09/10/20
0,99.9,12.3,2.88,2.88,0.27,0.23,0 02:36:22 09/10/20
0,99.9,12.3,2.88,2.88,0.21,0.2,1 02:41:50 09/10/20
0,99.9,12.3,2.88,2.88,0.27,0.23,0 02:47:18 09/10/20
0,99.9,12.3,2.88,2.88,0.21,0.2,1 02:52:46 09/10/20
0,99.9,12.3,2.88,2.88,0.17,0.16,1 02:58:17 09/10/20
0,99.9,12.3,2.88,2.88,0.26,0.23,0 03:03:50 09/10/20
0,99.9,12.3,2.88,2.88,0.2,0.19,1 03:09:18 09/10/20
0,99.9,12.2,2.88,2.88,0.26,0.23,0 03:14:46 09/10/20
0,99.9,12.2,2.88,2.88,0.21,0.2,1 03:20:15 09/10/20
0,99.9,12.1,2.88,2.88,0.27,0.23,0 03:25:43 09/10/20
0,99.9,12.0,2.88,2.88,0.21,0.2,1 03:31:10 09/10/20
0,99.9,12.0,2.88,2.88,0.27,0.23,0 03:36:38 09/10/20
0,99.9,11.9,2.88,2.88,0.19,0.18,1 03:42:05 09/10/20
0,99.9,11.8,2.88,2.88,0.26,0.23,0 03:47:33 09/10/20
0,99.9,11.8,2.88,2.88,0.2,0.19,1 03:53:01 09/10/20
0,99.9,11.7,2.88,2.88,0.16,0.16,1 03:58:34 09/10/20
0,99.9,11.7,2.88,2.88,0.24,0.21,0 04:04:04 09/10/20
0,99.9,11.6,2.88,2.88,0.21,0.2,1 04:09:34 09/10/20
0,99.9,11.6,2.88,2.88,0.26,0.23,0 04:15:01 09/10/20
0,99.9,11.5,2.88,2.88,0.2,0.19,1 04:20:29 09/10/20
0,99.9,11.4,2.86,2.92,0.27,0.24,0 04:25:58 09/10/20
0,99.9,11.4,2.88,2.88,0.21,0.2,1 04:31:25 09/10/20
0,99.9,11.3,2.88,2.88,0.27,0.23,0 04:36:53 09/10/20
0,99.9,11.3,2.88,2.88,0.21,0.2,1 04:42:22 09/10/20
0,99.9,11.3,2.88,2.88,0.26,0.23,0 04:47:48 09/10/20
0,99.9,11.2,2.88,2.88,0.2,0.19,1 04:53:16 09/10/20
0,99.9,11.2,2.88,2.88,0.27,0.23,0 04:58:45 09/10/20
0,99.9,11.1,2.88,2.88,0.21,0.2,1 05:04:12 09/10/20
1,99.9,11.1,2.88,2.88,0.27,0.23,0 05:09:40 09/10/20
0,99.9,11.1,2.88,2.88,0.2,0.19,1 05:15:07 09/10/20
0,99.9,11.1,2.88,2.88,0.26,0.23,0 05:20:35 09/10/20
0,99.9,11.1,2.88,2.88,0.21,0.2,1 05:26:04 09/10/20
0,99.9,11.0,2.88,2.88,0.27,0.24,0 05:31:31 09/10/20
0,99.9,11.0,2.88,2.88,0.21,0.2,1 05:36:59 09/10/20
0,99.9,11.0,2.88,2.87,0.25,0.22,0 05:42:25 09/10/20
0,99.9,10.9,2.88,2.88,0.2,0.19,1 05:47:54 09/10/20
0,99.9,10.9,2.88,2.87,0.24,0.21,0 05:53:20 09/10/20
0,99.9,10.8,2.88,2.88,0.21,0.2,1 05:58:50 09/10/20
0,99.9,10.8,2.88,2.88,0.26,0.23,0 06:04:17 09/10/20
0,99.9,10.7,2.88,2.88,0.21,0.18,0 06:09:49 09/10/20
0,99.9,10.6,2.88,2.88,0.21,0.2,1 06:15:22 09/10/20
0,99.9,10.5,2.88,2.87,0.25,0.21,0 06:20:49 09/10/20
0,99.9,10.4,2.88,2.88,0.2,0.19,1 06:26:17 09/10/20
0,99.9,10.3,2.88,2.87,0.27,0.23,0 06:31:46 09/10/20
0,99.9,10.2,2.88,2.88,0.21,0.2,1 06:37:13 09/10/20
0,99.9,10.2,2.88,2.87,0.28,0.24,0 06:42:42 09/10/20
0,99.9,10.1,2.88,2.88,0.2,0.19,1 06:48:08 09/10/20
0,99.9,10.0,2.88,2.88,0.27,0.24,0 06:53:37 09/10/20
0,99.9,10.0,2.88,2.88,0.21,0.2,1 06:59:04 09/10/20
0,99.9,10.0,2.88,2.87,0.26,0.23,0 07:04:31 09/10/20
0,99.9,10.0,2.88,2.87,0.21,0.2,1 07:10:00 09/10/20
0,99.9,10.0,2.88,2.87,0.27,0.24,0 07:15:27 09/10/20
0,99.9,10.0,2.88,2.87,0.2,0.19,1 07:20:54 09/10/20
0,99.9,10.0,2.88,2.87,0.27,0.23,0 07:26:23 09/10/20
0,99.9,10.0,2.88,2.87,0.21,0.2,1 07:31:50 09/10/20
0,99.9,10.0,2.87,2.87,0.27,0.23,0 07:37:18 09/10/20
0,99.9,10.0,2.87,2.87,0.2,0.19,1 07:42:45 09/10/20
0,99.9,10.0,2.87,2.87,0.27,0.24,0 07:48:13 09/10/20
0,99.9,10.0,2.87,2.87,0.18,0.17,1 07:53:39 09/10/20
0,99.9,10.0,2.87,2.87,0.27,0.23,0 07:59:08 09/10/20
0,99.9,10.1,2.87,2.87,0.2,0.19,1 08:04:37 09/10/20
0,99.9,10.1,2.87,2.87,0.28,0.24,0 08:10:04 09/10/20
0,99.9,10.2,2.87,2.87,0.22,0.19,0 08:15:35 09/10/20
0,99.9,10.3,2.88,2.87,0.2,0.19,1 08:21:08 09/10/20
0,99.9,10.3,2.87,2.87,0.27,0.24,0 08:26:36 09/10/20
0,99.9,10.4,2.87,2.87,0.19,0.18,1 08:32:03 09/10/20
0,99.9,10.5,2.87,2.87,0.27,0.23,0 08:37:31 09/10/20
0,99.9,10.6,2.87,2.87,0.21,0.18,0 08:43:04 09/10/20
0,99.9,10.8,2.87,2.87,0.2,0.19,1 08:48:36 09/10/20
0,99.9,10.9,2.87,2.87,0.27,0.23,0 08:54:04 09/10/20
0,99.9,11.0,2.87,2.87,0.17,0.16,1 08:59:29 09/10/20
0,99.9,11.2,2.87,2.87,0.24,0.21,0 09:04:58 09/10/20
0,99.9,11.3,2.87,2.87,0.2,0.19,1 09:10:27 09/10/20
0,99.9,11.5,2.87,2.87,0.25,0.22,0 09:15:54 09/10/20
0,99.9,11.7,2.87,2.87,0.2,0.19,1 09:21:22 09/10/20
0,99.9,11.9,2.87,2.87,0.28,0.24,0 09:26:51 09/10/20
0,99.9,12.0,2.87,2.87,0.2,0.19,1 09:32:19 09/10/20
0,99.9,12.2,2.87,2.87,0.24,0.21,0 09:37:44 09/10/20
0,99.9,12.4,2.87,2.87,0.21,0.2,1 09:43:14 09/10/20
0,99.9,12.7,2.87,2.87,0.28,0.24,0 09:48:42 09/10/20
0,99.9,12.9,2.87,2.87,0.21,0.19,1 09:54:10 09/10/20
0,99.9,13.2,2.87,2.87,0.28,0.24,0 09:59:39 09/10/20
0,99.9,13.3,2.87,2.87,0.21,0.2,1 10:05:07 09/10/20
0,99.9,13.6,2.87,2.87,0.28,0.24,0 10:10:35 09/10/20
0,99.9,13.8,2.87,2.87,0.21,0.2,1 10:16:03 09/10/20
0,99.9,14.1,2.87,2.87,0.28,0.24,0 10:21:31 09/10/20
0,99.9,14.3,2.87,2.87,0.22,0.19,0 10:27:02 09/10/20
0,99.9,14.6,2.87,2.87,0.21,0.2,1 10:32:35 09/10/20
0,99.9,14.9,2.87,2.87,0.28,0.24,0 10:38:03 09/10/20
0,99.9,15.1,2.87,2.87,0.21,0.2,1 10:43:31 09/10/20
0,99.9,15.4,2.87,2.87,0.28,0.24,0 10:49:00 09/10/20
0,99.9,15.6,2.87,2.87,0.2,0.19,1 10:54:27 09/10/20
0,99.9,15.8,2.87,2.87,0.27,0.23,0 10:59:55 09/10/20
0,99.9,16.1,2.87,2.87,0.2,0.19,1 11:05:24 09/10/20
0,99.9,16.4,2.87,2.87,0.26,0.23,0 11:10:51 09/10/20
0,99.9,16.7,2.87,2.87,0.2,0.19,1 11:16:20 09/10/20
0,99.9,17.1,2.87,2.87,0.27,0.23,0 11:21:49 09/10/20
0,99.9,17.7,2.87,2.87,0.2,0.19,1 11:27:17 09/10/20
0,99.9,18.3,2.87,2.87,0.27,0.24,0 11:32:45 09/10/20
0,99.9,18.6,2.87,2.87,0.2,0.19,1 11:38:14 09/10/20
0,99.9,18.9,2.87,2.87,0.27,0.23,0 11:43:42 09/10/20
0,99.9,19.1,2.87,2.87,0.2,0.19,1 11:49:11 09/10/20
0,99.9,19.3,2.87,2.87,0.26,0.22,0 11:54:38 09/10/20
0,99.9,19.5,2.87,2.87,0.2,0.19,1 12:00:09 09/10/20
0,99.9,19.8,2.87,2.87,0.29,0.25,0 12:05:38 09/10/20
0,99.9,20.1,2.87,2.87,0.17,0.16,1 12:11:03 09/10/20
0,99.9,20.6,2.87,2.87,0.28,0.24,0 12:16:34 09/10/20
0,99.9,21.1,2.87,2.87,0.2,0.19,1 12:22:03 09/10/20
0,99.9,21.7,2.87,2.87,0.28,0.25,0 12:27:33 09/10/20
0,99.9,22.3,2.87,2.87,0.2,0.19,1 12:33:00 09/10/20
0,99.9,23.1,2.87,2.87,0.27,0.23,0 12:38:29 09/10/20
0,99.9,24.1,2.87,2.87,0.2,0.19,1 12:43:59 09/10/20
0,99.9,25.5,2.87,2.87,0.28,0.25,0 12:49:28 09/10/20
0,99.9,26.7,2.87,2.87,0.21,0.2,1 12:54:58 09/10/20
0,99.9,27.4,2.87,2.87,0.28,0.24,0 13:00:27 09/10/20
0,99.9,27.8,2.87,2.87,0.2,0.19,1 13:05:56 09/10/20
0,99.9,27.5,2.87,2.87,0.28,0.24,0 13:11:26 09/10/20
0,99.9,27.7,2.87,2.88,0.2,0.19,1 13:16:56 09/10/20
0,99.9,27.9,2.87,2.87,0.27,0.23,0 13:22:25 09/10/20
0,99.9,27.8,2.87,2.88,0.21,0.19,1 13:27:56 09/10/20
0,99.9,27.7,2.87,2.87,0.27,0.23,0 13:33:25 09/10/20
0,99.9,27.4,2.87,2.88,0.2,0.19,1 13:38:55 09/10/20
0,99.9,26.8,2.87,2.88,0.29,0.24,0 13:44:25 09/10/20
0,99.9,25.9,2.87,2.88,0.2,0.19,1 13:49:54 09/10/20
0,99.9,25.0,2.87,2.88,0.28,0.23,0 13:55:22 09/10/20
0,99.9,24.4,2.87,2.88,0.23,0.19,0 14:00:55 09/10/20
0,99.9,24.0,2.87,2.88,0.2,0.19,1 14:06:30 09/10/20
0,99.9,23.7,2.87,2.88,0.28,0.24,0 14:11:59 09/10/20
0,99.9,23.4,2.87,2.88,0.2,0.19,1 14:17:28 09/10/20
0,99.9,23.0,2.87,2.88,0.28,0.24,0 14:22:58 09/10/20
0,99.9,22.6,2.87,2.88,0.2,0.19,1 14:28:27 09/10/20
0,99.9,22.2,2.87,2.88,0.28,0.24,0 14:33:55 09/10/20
0,99.9,21.9,2.87,2.88,0.2,0.19,1 14:39:24 09/10/20
0,99.9,21.7,2.87,2.88,0.28,0.23,0 14:44:53 09/10/20
0,99.9,21.7,2.87,2.88,0.2,0.19,1 14:50:22 09/10/20
0,99.9,21.7,2.87,2.88,0.28,0.24,0 14:55:52 09/10/20
0,99.9,21.8,2.87,2.88,0.19,0.18,1 15:01:19 09/10/20
0,99.9,21.8,2.87,2.88,0.27,0.23,0 15:06:48 09/10/20
0,99.9,21.8,2.88,2.89,0.19,0.19,1 15:12:17 09/10/20
0,99.9,21.7,2.87,2.89,0.16,0.15,1 15:17:52 09/10/20
0,99.9,21.8,2.88,2.88,0.28,0.23,0 15:23:25 09/10/20
0,99.9,21.8,2.88,2.89,0.2,0.19,1 15:28:54 09/10/20
0,99.9,21.8,2.88,2.89,0.25,0.22,0 15:34:21 09/10/20
0,99.9,21.8,2.88,2.89,0.19,0.19,1 15:39:51 09/10/20
0,99.9,21.8,2.88,2.89,0.27,0.23,0 15:45:19 09/10/20
0,99.9,21.8,2.88,2.89,0.19,0.18,1 15:50:48 09/10/20
0,99.9,21.7,2.88,2.89,0.27,0.23,0 15:56:17 09/10/20
0,99.9,21.8,2.88,2.89,0.2,0.19,1 16:01:46 09/10/20
0,99.9,21.9,2.88,2.89,0.27,0.23,0 16:07:15 09/10/20
0,99.9,22.0,2.88,2.89,0.2,0.19,1 16:12:44 09/10/20
0,99.9,22.0,2.88,2.89,0.27,0.23,0 16:18:13 09/10/20
3,99.9,21.7,2.88,2.89,0.2,0.19,1 16:23:42 09/10/20
0,99.9,21.5,2.88,2.89,0.26,0.23,0 16:29:11 09/10/20
0,99.9,21.2,2.88,2.89,0.19,0.18,1 16:34:39 09/10/20
0,99.9,20.9,2.88,2.89,0.26,0.23,0 16:40:08 09/10/20
0,99.9,20.5,2.88,2.89,0.17,0.17,1 16:45:35 09/10/20
0,99.9,20.2,2.88,2.89,0.27,0.23,0 16:51:06 09/10/20
0,99.9,19.9,2.88,2.89,0.19,0.18,1 16:56:34 09/10/20
0,99.9,19.5,2.88,2.89,0.27,0.23,0 17:02:03 09/10/20
0,99.9,19.3,2.88,2.89,0.2,0.19,1 17:07:33 09/10/20
0,99.9,19.0,2.88,2.89,0.26,0.22,0 17:13:00 09/10/20
0,99.9,18.7,2.88,2.89,0.19,0.19,1 17:18:29 09/10/20
0,99.9,18.4,2.88,2.89,0.26,0.22,0 17:23:57 09/10/20
0,99.9,18.1,2.97,2.87,0.2,0.19,1 17:29:27 09/10/20
0,99.9,17.8,2.88,2.89,0.15,0.15,1 17:34:59 09/10/20
0,99.9,17.5,2.88,2.89,0.25,0.21,0 17:40:30 09/10/20
0,99.9,17.2,2.88,2.89,0.2,0.19,1 17:46:00 09/10/20
0,99.9,16.9,2.88,2.89,0.26,0.22,0 17:51:28 09/10/20
0,99.9,16.6,2.88,2.89,0.19,0.18,1 17:56:57 09/10/20
0,99.9,16.4,2.88,2.89,0.27,0.23,0 18:02:25 09/10/20
0,99.9,16.1,2.88,2.89,0.17,0.17,1 18:07:52 09/10/20
0,99.9,15.9,2.88,2.89,0.26,0.22,0 18:13:21 09/10/20
0,99.9,15.7,2.88,2.89,0.19,0.18,1 18:18:50 09/10/20
0,99.9,15.5,2.88,2.89,0.27,0.23,0 18:24:18 09/10/20
0,99.9,15.4,2.89,2.89,0.12,0.11,0 18:29:49 09/10/20
0,99.9,15.2,2.88,2.89,0.19,0.18,1 18:35:14 09/10/20
0,99.9,15.1,2.89,2.89,0.26,0.22,0 18:40:42 09/10/20
0,99.9,14.9,2.89,2.89,0.21,0.18,0 18:46:14 09/10/20
0,99.9,14.8,2.88,2.9,0.2,0.19,1 18:51:49 09/10/20
0,99.9,14.6,2.88,2.89,0.23,0.2,0 18:57:15 09/10/20
0,99.9,14.4,2.88,2.89,0.19,0.18,1 19:02:44 09/10/20
0,99.9,14.2,2.88,2.89,0.26,0.22,0 19:08:12 09/10/20
0,99.9,14.0,2.89,2.89,0.12,0.11,0 19:13:43 09/10/20
0,99.9,13.8,2.89,2.89,0.17,0.16,1 19:19:08 09/10/20
0,99.9,13.6,2.89,2.89,0.26,0.22,0 19:24:37 09/10/20
0,99.9,13.3,2.89,2.89,0.17,0.16,1 19:30:06 09/10/20
0,99.9,13.1,2.88,2.89,0.26,0.22,0 19:35:33 09/10/20
0,99.9,12.9,2.89,2.89,0.19,0.18,1 19:41:00 09/10/20
0,99.9,12.6,2.88,2.89,0.26,0.22,0 19:46:29 09/10/20
0,99.9,12.4,2.89,2.89,0.19,0.18,1 19:51:56 09/10/20
0,99.9,12.2,2.89,2.89,0.26,0.23,0 19:57:24 09/10/20
0,99.9,12.0,2.89,2.89,0.12,0.11,0 20:02:56 09/10/20
0,99.9,11.9,2.89,2.89,0.19,0.18,1 20:08:28 09/10/20
0,99.9,11.7,2.89,2.89,0.25,0.22,0 20:13:56 09/10/20
0,99.9,11.6,2.88,2.89,0.19,0.18,1 20:19:24 09/10/20
0,99.9,11.5,2.89,2.89,0.26,0.22,0 20:24:53 09/10/20
0,99.9,11.4,2.89,2.89,0.19,0.18,1 20:30:20 09/10/20
0,99.9,11.3,2.89,2.89,0.27,0.23,0 20:35:49 09/10/20
0,99.9,11.3,2.89,2.89,0.19,0.18,1 20:41:15 09/10/20
0,99.9,11.3,2.89,2.89,0.22,0.19,0 20:46:41 09/10/20
0,99.9,11.3,2.89,2.89,0.19,0.18,1 20:52:12 09/10/20
0,99.9,11.2,2.89,2.89,0.26,0.22,0 20:57:39 09/10/20
0,99.9,11.2,2.89,2.89,0.19,0.18,1 21:03:07 09/10/20
0,99.9,11.2,2.89,2.89,0.25,0.22,0 21:08:35 09/10/20
0,99.9,11.3,2.89,2.89,0.19,0.18,1 21:14:02 09/10/20
0,99.9,11.2,2.89,2.89,0.25,0.22,0 21:19:30 09/10/20
0,99.9,11.2,2.88,2.89,0.17,0.16,1 21:24:58 09/10/20
0,99.9,11.2,2.89,2.89,0.1,0.1,1 21:30:37 09/10/20
0,99.9,11.2,2.89,2.89,0.16,0.15,1 21:36:06 09/10/20
0,99.9,11.1,2.89,2.89,0.25,0.22,0 21:41:39 09/10/20
0,99.9,11.1,2.88,2.89,0.19,0.18,1 21:47:08 09/10/20
0,99.9,11.0,2.88,2.89,0.26,0.22,0 21:52:35 09/10/20
0,99.9,10.9,2.88,2.89,0.19,0.18,1 21:58:03 09/10/20
0,99.9,10.8,2.88,2.89,0.25,0.22,0 22:03:30 09/10/20
0,99.9,10.8,2.88,2.89,0.19,0.18,1 22:08:58 09/10/20
0,99.9,10.7,2.88,2.89,0.26,0.23,0 22:14:26 09/10/20
0,99.9,10.6,2.88,2.89,0.19,0.18,1 22:19:54 09/10/20
0,99.9,10.5,2.88,2.88,0.25,0.22,0 22:25:21 09/10/20
0,99.9,10.4,2.88,2.89,0.19,0.18,1 22:30:50 09/10/20
0,99.9,10.3,2.88,2.89,0.26,0.23,0 22:36:17 09/10/20
0,99.9,10.3,2.88,2.89,0.19,0.18,1 22:41:45 09/10/20
0,99.9,10.2,2.88,2.88,0.25,0.22,0 22:47:12 09/10/20
0,99.9,10.2,2.88,2.89,0.19,0.18,1 22:52:40 09/10/20
0,99.9,10.3,2.88,2.89,0.26,0.23,0 22:58:08 09/10/20
0,99.9,10.3,2.88,2.89,0.21,0.18,0 23:03:39 09/10/20
5,99.9,10.3,2.88,2.88,0.16,0.16,1 23:09:10 09/10/20
0,99.9,10.4,2.88,2.88,0.26,0.23,0 23:14:40 09/10/20
0,99.9,10.5,2.88,2.89,0.2,0.19,1 23:20:09 09/10/20
0,99.9,10.6,2.88,2.88,0.26,0.22,0 23:25:35 09/10/20
0,99.9,10.7,2.88,2.88,0.19,0.18,1 23:31:04 09/10/20
0,99.9,10.8,2.88,2.88,0.26,0.23,0 23:36:31 09/10/20
7,99.9,10.9,2.88,2.88,0.19,0.18,1 23:42:08 09/10/20
0,99.9,11.0,2.88,2.88,0.25,0.22,0 23:47:35 09/10/20
0,99.9,11.1,2.88,2.88,0.19,0.18,1 23:53:04 09/10/20
0,99.9,11.1,2.88,2.88,0.26,0.23,0 23:58:31 09/10/20
