0,99.9,8.1,2.88,2.88,0.21,0.16,0 00:01:58 12/10/20
0,99.9,8.1,2.87,2.87,0.2,0.19,1 00:07:32 12/10/20
0,99.9,8.0,2.88,2.87,0.27,0.21,0 00:13:00 12/10/20
0,99.9,7.9,2.87,2.87,0.2,0.19,1 00:18:27 12/10/20
0,99.9,7.9,2.87,2.87,0.27,0.21,0 00:23:54 12/10/20
0,99.9,7.9,2.87,2.87,0.19,0.19,1 00:29:21 12/10/20
0,99.9,7.8,2.87,2.87,0.27,0.21,0 00:34:49 12/10/20
0,99.9,7.8,2.87,2.87,0.19,0.19,1 00:40:16 12/10/20
0,99.9,7.8,2.87,2.87,0.27,0.21,0 00:45:45 12/10/20
0,99.9,7.7,2.87,2.87,0.22,0.16,0 00:51:15 12/10/20
0,99.9,7.7,2.87,2.87,0.2,0.19,1 00:56:49 12/10/20
0,99.9,7.7,2.87,2.87,0.26,0.2,0 01:02:16 12/10/20
0,99.9,7.7,2.87,2.87,0.2,0.19,1 01:07:44 12/10/20
0,99.9,7.6,2.87,2.87,0.16,0.16,1 01:13:22 12/10/20
0,99.9,7.6,2.87,2.87,0.27,0.21,0 01:18:48 12/10/20
0,99.9,7.5,2.87,2.87,0.2,0.19,1 01:24:15 12/10/20
0,99.9,7.5,2.87,2.87,0.26,0.2,0 01:29:42 12/10/20
0,99.9,7.5,2.87,2.87,0.2,0.19,1 01:35:10 12/10/20
0,99.9,7.4,2.87,2.87,0.26,0.2,0 01:40:37 12/10/20
0,99.9,7.4,2.87,2.87,0.2,0.19,1 01:46:05 12/10/20
0,99.9,7.3,2.87,2.87,0.26,0.2,0 01:51:32 12/10/20
0,99.9,7.3,2.87,2.87,0.2,0.19,1 01:57:00 12/10/20
0,99.9,7.3,2.87,2.87,0.26,0.2,0 02:02:27 12/10/20
0,99.9,7.3,2.87,2.87,0.2,0.19,1 02:07:55 12/10/20
0,99.9,7.3,2.87,2.87,0.26,0.2,0 02:13:22 12/10/20
0,99.9,7.3,2.87,2.87,0.22,0.16,0 02:18:54 12/10/20
0,99.9,7.2,2.87,2.87,0.19,0.19,1 02:24:26 12/10/20
0,99.9,7.2,2.87,2.87,0.27,0.21,0 02:29:54 12/10/20
0,99.9,7.2,2.87,2.87,0.19,0.19,1 02:35:21 12/10/20
0,99.9,7.1,2.87,2.87,0.27,0.21,0 02:40:49 12/10/20
0,99.9,7.1,2.87,2.87,0.19,0.19,1 02:46:16 12/10/20
0,99.9,7.0,2.87,2.87,0.27,0.21,0 02:51:44 12/10/20
0,99.9,7.0,2.87,2.87,0.19,0.19,1 02:57:11 12/10/20
0,99.9,7.0,2.87,2.87,0.27,0.21,0 03:02:39 12/10/20
0,99.9,7.0,2.87,2.87,0.19,0.19,1 03:08:06 12/10/20
0,99.9,6.9,2.87,2.87,0.27,0.21,0 03:13:34 12/10/20
0,99.9,6.9,2.87,2.87,0.2,0.19,1 03:19:02 12/10/20
0,99.9,6.9,2.87,2.87,0.27,0.21,0 03:24:35 12/10/20
0,99.9,6.9,2.87,2.87,0.2,0.19,1 03:30:06 12/10/20
0,99.9,6.9,2.87,2.87,0.16,0.16,1 03:35:36 12/10/20
0,99.9,6.9,2.87,2.86,0.27,0.21,0 03:41:09 12/10/20
0,99.9,7.0,2.87,2.86,0.2,0.19,1 03:46:36 12/10/20
0,99.9,7.1,2.87,2.86,0.27,0.21,0 03:52:04 12/10/20
0,99.9,7.2,2.87,2.86,0.2,0.19,1 03:57:31 12/10/20
0,99.9,7.4,2.87,2.86,0.27,0.21,0 04:02:59 12/10/20
0,99.9,7.5,2.87,2.86,0.22,0.16,0 04:08:30 12/10/20
0,99.9,7.7,2.87,2.86,0.2,0.2,1 04:14:03 12/10/20
0,99.9,7.8,2.87,2.86,0.27,0.2,0 04:19:30 12/10/20
0,99.9,7.9,2.87,2.86,0.2,0.2,1 04:24:59 12/10/20
0,99.9,8.0,2.87,2.86,0.27,0.2,0 04:30:26 12/10/20
0,99.9,8.1,2.87,2.86,0.2,0.2,1 04:35:53 12/10/20
0,99.9,8.2,2.87,2.86,0.28,0.21,0 04:41:21 12/10/20
0,99.9,8.3,2.87,2.86,0.2,0.19,1 04:46:48 12/10/20
0,99.9,8.4,2.87,2.86,0.27,0.21,0 04:52:16 12/10/20
0,99.9,8.4,2.87,2.86,0.2,0.19,1 04:57:43 12/10/20
0,99.9,8.5,2.87,2.86,0.28,0.21,0 05:03:12 12/10/20
0,99.9,8.5,2.87,2.86,0.2,0.2,1 05:08:39 12/10/20
0,99.9,8.5,2.87,2.86,0.27,0.2,0 05:14:16 12/10/20
0,99.9,8.6,2.87,2.86,0.2,0.2,1 05:19:43 12/10/20
0,99.9,8.6,2.87,2.86,0.27,0.2,0 05:25:10 12/10/20
0,99.9,8.6,2.87,2.86,0.2,0.19,1 05:30:38 12/10/20
0,99.9,8.6,2.87,2.86,0.27,0.21,0 05:36:06 12/10/20
0,99.9,8.6,2.86,2.86,0.2,0.19,1 05:41:33 12/10/20
0,99.9,8.6,2.87,2.86,0.28,0.21,0 05:47:01 12/10/20
0,99.9,8.6,2.87,2.86,0.22,0.16,0 05:52:32 12/10/20
0,99.9,8.7,2.86,2.86,0.2,0.19,1 05:58:05 12/10/20
0,99.9,8.7,2.87,2.86,0.28,0.21,0 06:03:33 12/10/20
0,99.9,8.6,2.86,2.86,0.2,0.19,1 06:09:00 12/10/20
0,99.9,8.7,2.86,2.86,0.28,0.2,0 06:14:29 12/10/20
0,99.9,8.7,2.87,2.86,0.22,0.16,0 06:20:00 12/10/20
0,99.9,8.7,2.86,2.86,0.2,0.19,1 06:25:32 12/10/20
0,99.9,8.7,2.86,2.86,0.28,0.21,0 06:31:00 12/10/20
0,99.9,8.7,2.86,2.86,0.22,0.16,0 06:36:31 12/10/20
0,99.9,8.6,2.86,2.86,0.21,0.2,1 06:42:05 12/10/20
0,99.9,8.6,2.86,2.86,0.28,0.21,0 06:47:32 12/10/20
0,99.9,8.5,2.86,2.86,0.2,0.19,1 06:52:59 12/10/20
0,99.9,8.4,2.86,2.86,0.28,0.21,0 06:58:28 12/10/20
0,99.9,8.3,2.86,2.86,0.2,0.2,1 07:03:55 12/10/20
0,99.9,8.2,2.86,2.86,0.27,0.2,0 07:09:30 12/10/20
0,99.9,8.2,2.86,2.86,0.22,0.16,0 07:15:03 12/10/20
0,99.9,8.1,2.86,2.86,0.2,0.2,1 07:20:36 12/10/20
0,99.9,8.2,2.86,2.86,0.28,0.21,0 07:26:03 12/10/20
0,99.9,8.2,2.86,2.86,0.2,0.19,1 07:31:30 12/10/20
0,99.9,8.2,2.86,2.86,0.28,0.21,0 07:36:59 12/10/20
0,99.9,8.3,2.86,2.86,0.2,0.2,1 07:42:26 12/10/20
0,99.9,8.3,2.86,2.86,0.27,0.2,0 07:47:53 12/10/20
0,99.9,8.4,2.86,2.86,0.2,0.19,1 07:53:21 12/10/20
0,99.9,8.4,2.86,2.86,0.28,0.21,0 07:58:50 12/10/20
0,99.9,8.5,2.86,2.86,0.2,0.19,1 08:04:16 12/10/20
0,99.9,8.5,2.86,2.86,0.28,0.21,0 08:09:44 12/10/20
0,99.9,8.6,2.86,2.86,0.2,0.19,1 08:15:11 12/10/20
0,99.9,8.6,2.86,2.86,0.28,0.21,0 08:20:40 12/10/20
0,99.9,8.7,2.86,2.86,0.2,0.19,1 08:26:07 12/10/20
0,99.9,8.7,2.86,2.86,0.27,0.21,0 08:31:34 12/10/20
0,99.9,8.8,2.86,2.86,0.2,0.19,1 08:37:02 12/10/20
0,99.9,8.8,2.86,2.86,0.16,0.16,1 08:42:33 12/10/20
0,99.9,8.9,2.86,2.86,0.28,0.22,0 08:48:07 12/10/20
0,99.9,9.0,2.86,2.86,0.2,0.19,1 08:53:34 12/10/20
0,99.9,9.0,2.86,2.86,0.28,0.21,0 08:59:01 12/10/20
0,99.9,9.1,2.86,2.86,0.2,0.19,1 09:04:37 12/10/20
0,99.9,9.2,2.86,2.86,0.16,0.16,1 09:10:09 12/10/20
0,99.9,9.3,2.86,2.86,0.28,0.22,0 09:15:43 12/10/20
0,99.9,9.4,2.86,2.86,0.23,0.18,0 09:21:14 12/10/20
0,99.9,9.5,2.86,2.86,0.19,0.19,1 09:26:46 12/10/20
0,99.9,9.6,2.86,2.85,0.25,0.2,0 09:32:13 12/10/20
0,99.9,9.8,2.86,2.86,0.2,0.19,1 09:37:42 12/10/20
0,99.9,10.0,2.86,2.85,0.27,0.22,0 09:43:09 12/10/20
0,99.9,10.3,2.86,2.86,0.2,0.19,1 09:48:38 12/10/20
0,99.9,10.5,2.86,2.86,0.28,0.22,0 09:54:05 12/10/20
0,99.9,10.8,2.86,2.86,0.2,0.19,1 09:59:33 12/10/20
0,99.9,11.2,2.86,2.85,0.27,0.22,0 10:05:00 12/10/20
0,99.9,11.6,2.86,2.85,0.2,0.19,1 10:10:28 12/10/20
0,99.9,12.0,2.86,2.85,0.27,0.22,0 10:15:56 12/10/20
0,99.9,12.5,2.86,2.85,0.2,0.2,1 10:21:25 12/10/20
0,99.9,13.1,2.86,2.85,0.28,0.22,0 10:26:53 12/10/20
0,99.9,13.5,2.86,2.86,0.2,0.19,1 10:32:21 12/10/20
0,99.9,13.8,2.86,2.85,0.27,0.22,0 10:37:48 12/10/20
0,99.9,14.1,2.86,2.85,0.2,0.19,1 10:43:16 12/10/20
0,99.9,14.4,2.86,2.85,0.27,0.22,0 10:48:44 12/10/20
0,99.9,14.8,2.86,2.85,0.2,0.19,1 10:54:12 12/10/20
0,99.9,15.1,2.86,2.86,0.28,0.23,0 10:59:49 12/10/20
0,99.9,15.4,2.86,2.85,0.2,0.19,1 11:05:18 12/10/20
0,99.9,15.7,2.86,2.85,0.28,0.23,0 11:10:46 12/10/20
0,99.9,16.0,2.86,2.85,0.2,0.19,1 11:16:14 12/10/20
0,99.9,16.2,2.86,2.85,0.29,0.24,0 11:21:43 12/10/20
0,99.9,16.3,2.86,2.86,0.2,0.19,1 11:27:11 12/10/20
0,99.9,16.5,2.86,2.85,0.28,0.23,0 11:32:40 12/10/20
0,99.9,16.6,2.86,2.86,0.2,0.19,1 11:38:07 12/10/20
0,99.9,16.9,2.86,2.86,0.28,0.23,0 11:43:36 12/10/20
0,99.9,17.0,2.86,2.86,0.2,0.19,1 11:49:05 12/10/20
0,99.9,17.2,2.86,2.86,0.28,0.23,0 11:54:32 12/10/20
0,99.9,17.4,2.86,2.86,0.2,0.19,1 12:00:01 12/10/20
0,99.9,17.6,2.86,2.86,0.28,0.23,0 12:05:29 12/10/20
0,99.9,17.7,2.86,2.86,0.2,0.19,1 12:10:58 12/10/20
0,99.9,18.0,2.86,2.86,0.28,0.23,0 12:16:26 12/10/20
0,99.9,18.3,2.86,2.86,0.2,0.19,1 12:21:55 12/10/20
0,99.9,18.6,2.86,2.86,0.28,0.23,0 12:27:23 12/10/20
0,99.9,18.7,2.86,2.86,0.2,0.19,1 12:32:52 12/10/20
0,99.9,18.8,2.86,2.86,0.28,0.23,0 12:38:20 12/10/20
0,99.9,18.9,2.86,2.86,0.2,0.19,1 12:43:49 12/10/20
0,99.9,19.3,2.86,2.86,0.28,0.23,0 12:49:17 12/10/20
0,99.9,21.0,2.86,2.86,0.2,0.2,1 12:54:47 12/10/20
0,99.9,22.9,2.86,2.86,0.28,0.24,0 13:00:15 12/10/20
0,99.9,24.6,2.86,2.86,0.21,0.2,1 13:05:45 12/10/20
0,99.9,25.8,2.86,2.86,0.28,0.23,0 13:11:24 12/10/20
0,99.9,25.7,2.86,2.86,0.12,0.12,1 13:11:34 12/10/20
0,99.9,26.5,2.86,2.86,0.28,0.24,0 13:17:01 12/10/20
0,99.9,26.3,2.86,2.86,0.2,0.19,1 13:22:30 12/10/20
0,99.9,26.2,2.86,2.86,0.29,0.24,0 13:28:01 12/10/20
0,99.9,26.8,2.86,2.86,0.2,0.19,1 13:33:30 12/10/20
0,99.9,27.5,2.86,2.86,0.28,0.23,0 13:38:59 12/10/20
0,99.9,28.7,2.86,2.86,0.2,0.19,1 13:44:28 12/10/20
0,99.9,29.5,2.86,2.86,0.28,0.23,0 13:49:58 12/10/20
0,99.9,30.2,2.86,2.86,0.2,0.19,1 13:55:28 12/10/20
0,99.9,30.1,2.86,2.86,0.28,0.23,0 14:00:58 12/10/20
0,99.9,29.4,2.86,2.86,0.2,0.19,1 14:06:28 12/10/20
0,99.9,28.3,2.86,2.86,0.28,0.23,0 14:11:58 12/10/20
0,99.9,27.4,2.86,2.87,0.2,0.19,1 14:17:28 12/10/20
0,99.9,26.6,2.86,2.86,0.28,0.23,0 14:22:57 12/10/20
0,99.9,26.1,2.86,2.87,0.2,0.19,1 14:28:27 12/10/20
0,99.9,26.0,2.86,2.87,0.28,0.23,0 14:33:56 12/10/20
0,99.9,25.9,2.86,2.87,0.2,0.19,1 14:39:26 12/10/20
0,99.9,25.6,2.86,2.87,0.28,0.23,0 14:44:55 12/10/20
0,99.9,25.3,2.86,2.87,0.21,0.2,1 14:50:26 12/10/20
0,99.9,24.9,2.86,2.87,0.28,0.24,0 14:55:54 12/10/20
0,99.9,24.4,2.86,2.87,0.2,0.19,1 15:01:26 12/10/20
0,99.9,23.9,2.86,2.87,0.27,0.23,0 15:06:52 12/10/20
0,99.9,23.5,2.86,2.87,0.23,0.19,0 15:12:25 12/10/20
0,99.9,23.2,2.86,2.87,0.23,0.19,0 15:18:03 12/10/20
0,99.9,23.0,2.86,2.87,0.2,0.2,1 15:23:39 12/10/20
0,99.9,23.0,2.86,2.87,0.28,0.24,0 15:29:07 12/10/20
0,99.9,22.9,2.86,2.87,0.2,0.19,1 15:34:36 12/10/20
0,99.9,22.7,2.86,2.87,0.28,0.24,0 15:40:05 12/10/20
0,99.9,22.5,2.86,2.87,0.2,0.19,1 15:45:34 12/10/20
0,99.9,22.1,2.86,2.87,0.28,0.24,0 15:51:03 12/10/20
0,99.9,21.7,2.86,2.87,0.2,0.19,1 15:56:32 12/10/20
0,99.9,21.3,2.87,2.88,0.16,0.16,1 16:02:04 12/10/20
0,99.9,21.1,2.87,2.88,0.26,0.22,0 16:07:37 12/10/20
0,99.9,21.1,2.87,2.88,0.22,0.18,0 16:13:11 12/10/20
0,99.9,21.3,2.87,2.88,0.2,0.19,1 16:18:46 12/10/20
0,99.9,21.5,2.87,2.88,0.28,0.24,0 16:24:14 12/10/20
0,99.9,21.6,2.87,2.88,0.2,0.19,1 16:29:43 12/10/20
0,99.9,21.7,2.87,2.88,0.24,0.21,0 16:35:10 12/10/20
0,99.9,21.6,2.87,2.88,0.22,0.19,0 16:40:53 12/10/20
0,99.9,21.4,2.87,2.88,0.18,0.17,1 16:46:26 12/10/20
0,99.9,21.1,2.87,2.88,0.27,0.23,0 16:51:56 12/10/20
0,99.9,20.8,2.87,2.88,0.17,0.17,1 16:57:24 12/10/20
0,99.9,20.6,2.87,2.88,0.28,0.24,0 17:02:54 12/10/20
0,99.9,20.4,2.87,2.88,0.19,0.18,1 17:08:23 12/10/20
0,99.9,20.2,2.87,2.88,0.27,0.23,0 17:13:51 12/10/20
0,99.9,20.4,2.87,2.88,0.2,0.19,1 17:19:21 12/10/20
0,99.9,20.6,2.87,2.88,0.28,0.23,0 17:24:49 12/10/20
0,99.9,20.5,2.87,2.88,0.2,0.19,1 17:30:19 12/10/20
0,99.9,20.2,2.87,2.88,0.25,0.21,0 17:35:45 12/10/20
0,99.9,19.9,2.87,2.88,0.2,0.19,1 17:41:16 12/10/20
0,99.9,19.5,2.87,2.88,0.27,0.23,0 17:46:44 12/10/20
0,99.9,19.2,2.87,2.88,0.19,0.18,1 17:52:12 12/10/20
0,99.9,18.8,2.87,2.88,0.27,0.23,0 17:57:41 12/10/20
0,99.9,18.4,2.87,2.88,0.19,0.18,1 18:03:09 12/10/20
0,99.9,18.1,2.87,2.88,0.27,0.23,0 18:08:38 12/10/20
0,99.9,17.8,2.87,2.88,0.19,0.18,1 18:14:06 12/10/20
0,99.9,17.4,2.87,2.88,0.27,0.23,0 18:19:35 12/10/20
0,99.9,17.1,2.87,2.88,0.19,0.18,1 18:25:03 12/10/20
0,99.9,16.7,2.87,2.88,0.16,0.15,1 18:30:35 12/10/20
0,99.9,16.2,2.87,2.88,0.27,0.23,0 18:36:14 12/10/20
0,99.9,15.8,2.87,2.88,0.19,0.18,1 18:41:46 12/10/20
0,99.9,15.4,2.87,2.88,0.26,0.23,0 18:47:14 12/10/20
0,99.9,15.0,2.87,2.88,0.19,0.18,1 18:52:42 12/10/20
0,99.9,14.6,2.87,2.88,0.27,0.24,0 18:58:12 12/10/20
0,99.9,14.3,2.87,2.88,0.19,0.18,1 19:03:39 12/10/20
0,99.9,13.9,2.87,2.88,0.27,0.23,0 19:09:07 12/10/20
0,99.9,13.6,2.87,2.88,0.21,0.18,0 19:14:39 12/10/20
0,99.9,13.2,2.87,2.88,0.19,0.18,1 19:20:13 12/10/20
0,99.9,13.0,2.88,2.88,0.27,0.23,0 19:25:40 12/10/20
0,99.9,12.7,2.88,2.88,0.19,0.18,1 19:31:08 12/10/20
0,99.9,12.4,2.88,2.88,0.26,0.23,0 19:36:36 12/10/20
0,99.9,12.2,2.87,2.88,0.19,0.18,1 19:42:04 12/10/20
0,99.9,12.0,2.87,2.88,0.24,0.21,0 19:47:31 12/10/20
0,99.9,11.8,2.88,2.88,0.18,0.17,1 19:52:58 12/10/20
0,99.9,11.7,2.88,2.88,0.26,0.22,0 19:58:27 12/10/20
0,99.9,11.7,2.88,2.88,0.19,0.18,1 20:03:55 12/10/20
0,99.9,11.6,2.87,2.88,0.26,0.23,0 20:09:24 12/10/20
0,99.9,11.6,2.88,2.88,0.19,0.18,1 20:14:51 12/10/20
0,99.9,11.5,2.88,2.88,0.26,0.23,0 20:20:19 12/10/20
0,99.9,11.5,2.88,2.88,0.19,0.18,1 20:25:47 12/10/20
0,99.9,11.4,2.88,2.88,0.27,0.23,0 20:31:16 12/10/20
0,99.9,11.4,2.88,2.88,0.19,0.18,1 20:36:50 12/10/20
0,99.9,11.3,2.88,2.88,0.25,0.22,0 20:42:19 12/10/20
0,99.9,11.2,2.88,2.88,0.19,0.18,1 20:47:48 12/10/20
0,99.9,11.1,2.88,2.88,0.26,0.23,0 20:53:15 12/10/20
0,99.9,11.0,2.88,2.88,0.19,0.18,1 20:58:43 12/10/20
0,99.9,10.9,2.88,2.88,0.24,0.21,0 21:04:10 12/10/20
3,99.9,10.8,2.88,2.88,0.19,0.18,1 21:09:38 12/10/20
0,99.9,10.7,2.88,2.88,0.26,0.23,0 21:15:07 12/10/20
0,99.9,10.6,2.88,2.88,0.17,0.16,1 21:20:34 12/10/20
0,99.9,10.5,2.88,2.88,0.26,0.23,0 21:26:02 12/10/20
0,99.9,10.4,2.88,2.88,0.19,0.19,1 21:31:31 12/10/20
0,99.9,10.3,2.88,2.88,0.26,0.22,0 21:36:57 12/10/20
0,99.9,10.2,2.88,2.88,0.19,0.18,1 21:42:25 12/10/20
0,99.9,10.1,2.88,2.88,0.26,0.23,0 21:47:53 12/10/20
0,99.9,10.1,2.88,2.88,0.19,0.18,1 21:53:22 12/10/20
0,99.9,10.0,2.88,2.88,0.26,0.22,0 21:58:48 12/10/20
0,99.9,10.0,2.88,2.88,0.19,0.18,1 22:04:17 12/10/20
0,99.9,9.9,2.88,2.88,0.26,0.23,0 22:09:44 12/10/20
0,99.9,9.9,2.88,2.88,0.21,0.18,0 22:15:15 12/10/20
0,99.9,9.9,2.87,2.88,0.19,0.18,1 22:20:48 12/10/20
0,99.9,9.8,2.88,2.88,0.26,0.23,0 22:26:16 12/10/20
0,99.9,9.8,2.88,2.88,0.21,0.18,0 22:31:47 12/10/20
0,99.9,9.8,2.88,2.88,0.19,0.18,1 22:37:20 12/10/20
0,99.9,9.8,2.88,2.88,0.26,0.23,0 22:42:48 12/10/20
0,99.9,9.8,2.88,2.88,0.19,0.18,1 22:48:16 12/10/20
0,99.9,9.8,2.87,2.88,0.26,0.22,0 22:53:43 12/10/20
0,99.9,9.8,2.88,2.88,0.19,0.18,1 22:59:12 12/10/20
0,99.9,9.8,2.88,2.88,0.26,0.22,0 23:04:39 12/10/20
0,99.9,9.8,2.87,2.88,0.21,0.18,0 23:10:10 12/10/20
0,99.9,9.8,2.88,2.88,0.19,0.18,1 23:15:43 12/10/20
0,99.9,9.8,2.88,2.88,0.26,0.23,0 23:21:11 12/10/20
0,99.9,9.8,2.87,2.88,0.21,0.18,0 23:26:42 12/10/20
0,99.9,9.9,2.87,2.88,0.19,0.18,1 23:32:15 12/10/20
0,99.9,9.8,2.87,2.87,0.26,0.23,0 23:37:43 12/10/20
0,99.9,9.8,2.87,2.88,0.19,0.18,1 23:43:11 12/10/20
0,99.9,9.8,2.87,2.88,0.26,0.22,0 23:48:38 12/10/20
0,99.9,9.7,2.87,2.88,0.19,0.18,1 23:54:07 12/10/20
0,99.9,9.7,2.87,2.87,0.26,0.23,0 23:59:34 12/10/20
