0,99.9,8.2,2.86,2.86,0.26,0.23,0 00:02:31 18/10/20
0,99.9,8.2,2.86,2.86,0.19,0.18,1 00:07:59 18/10/20
0,99.9,8.1,2.86,2.86,0.26,0.23,0 00:13:26 18/10/20
0,99.9,8.1,2.86,2.86,0.22,0.19,0 00:18:58 18/10/20
0,99.9,8.1,2.86,2.86,0.18,0.17,1 00:24:30 18/10/20
0,99.9,8.1,2.86,2.86,0.27,0.24,0 00:29:58 18/10/20
0,99.9,8.1,2.86,2.86,0.18,0.17,1 00:35:25 18/10/20
0,99.9,8.1,2.86,2.86,0.27,0.24,0 00:40:53 18/10/20
0,99.9,8.1,2.86,2.86,0.18,0.17,1 00:46:20 18/10/20
0,99.9,8.1,2.86,2.86,0.27,0.24,0 00:51:48 18/10/20
0,99.9,8.1,2.86,2.86,0.18,0.17,1 00:57:15 18/10/20
0,99.9,8.1,2.86,2.86,0.27,0.24,0 01:02:43 18/10/20
0,99.9,8.1,2.86,2.86,0.18,0.17,1 01:08:10 18/10/20
0,99.9,8.0,2.86,2.86,0.27,0.24,0 01:13:38 18/10/20
0,99.9,8.0,2.86,2.86,0.18,0.17,1 01:19:05 18/10/20
0,99.9,8.0,2.86,2.86,0.27,0.24,0 01:24:33 18/10/20
0,99.9,8.0,2.86,2.86,0.18,0.17,1 01:30:00 18/10/20
0,99.9,8.0,2.86,2.85,0.27,0.24,0 01:35:28 18/10/20
0,99.9,7.9,2.86,2.86,0.18,0.17,1 01:40:55 18/10/20
0,99.9,7.9,2.86,2.86,0.27,0.24,0 01:46:23 18/10/20
0,99.9,7.9,2.86,2.86,0.18,0.17,1 01:51:50 18/10/20
0,99.9,7.9,2.87,2.86,0.27,0.24,0 01:57:18 18/10/20
0,99.9,7.9,2.86,2.86,0.18,0.17,1 02:02:45 18/10/20
0,99.9,7.8,2.86,2.85,0.27,0.24,0 02:08:13 18/10/20
0,99.9,7.8,2.86,2.86,0.18,0.17,1 02:13:40 18/10/20
0,99.9,7.8,2.86,2.85,0.27,0.24,0 02:19:09 18/10/20
0,99.9,7.8,2.86,2.85,0.18,0.17,1 02:24:36 18/10/20
0,99.9,7.8,2.86,2.85,0.27,0.24,0 02:30:04 18/10/20
0,99.9,7.8,2.86,2.85,0.22,0.19,0 02:35:34 18/10/20
0,99.9,7.8,2.86,2.86,0.19,0.18,1 02:41:07 18/10/20
0,99.9,7.9,2.86,2.85,0.26,0.23,0 02:46:35 18/10/20
0,99.9,7.9,2.86,2.85,0.19,0.18,1 02:52:03 18/10/20
0,99.9,7.9,2.86,2.86,0.15,0.15,1 02:57:33 18/10/20
0,99.9,7.9,2.86,2.85,0.27,0.24,0 03:03:06 18/10/20
0,99.9,7.9,2.86,2.85,0.18,0.17,1 03:08:33 18/10/20
0,99.9,7.9,2.86,2.85,0.27,0.24,0 03:14:01 18/10/20
0,99.9,7.9,2.86,2.85,0.19,0.17,1 03:19:28 18/10/20
0,99.9,7.9,2.86,2.85,0.27,0.24,0 03:24:56 18/10/20
0,99.9,7.9,2.86,2.85,0.19,0.17,1 03:30:24 18/10/20
0,99.9,7.8,2.86,2.85,0.27,0.24,0 03:35:52 18/10/20
0,99.9,7.8,2.86,2.85,0.22,0.19,0 03:41:22 18/10/20
0,99.9,7.8,2.86,2.85,0.19,0.18,1 03:46:55 18/10/20
0,99.9,7.8,2.86,2.85,0.26,0.24,0 03:52:22 18/10/20
0,99.9,7.8,2.85,2.85,0.17,0.16,1 03:57:48 18/10/20
0,99.9,7.8,2.86,2.85,0.26,0.24,0 04:03:17 18/10/20
0,99.9,7.7,2.86,2.85,0.19,0.18,1 04:08:45 18/10/20
0,99.9,7.7,2.86,2.85,0.26,0.24,0 04:14:12 18/10/20
0,99.9,7.7,2.86,2.85,0.19,0.18,1 04:19:40 18/10/20
0,99.9,7.7,2.86,2.85,0.26,0.23,0 04:25:07 18/10/20
0,99.9,7.6,2.86,2.85,0.19,0.18,1 04:30:35 18/10/20
0,99.9,7.6,2.85,2.85,0.26,0.24,0 04:36:02 18/10/20
0,99.9,7.5,2.85,2.85,0.19,0.18,1 04:41:30 18/10/20
0,99.9,7.5,2.85,2.85,0.26,0.24,0 04:46:57 18/10/20
0,99.9,7.5,2.85,2.85,0.19,0.18,1 04:52:25 18/10/20
0,99.9,7.5,2.85,2.85,0.26,0.24,0 04:57:52 18/10/20
0,99.9,7.5,2.86,2.85,0.19,0.18,1 05:03:20 18/10/20
0,99.9,7.5,2.85,2.85,0.26,0.23,0 05:08:47 18/10/20
0,99.9,7.5,2.85,2.85,0.19,0.18,1 05:14:15 18/10/20
0,99.9,7.5,2.86,2.85,0.27,0.24,0 05:19:43 18/10/20
0,99.9,7.5,2.85,2.85,0.19,0.18,1 05:25:10 18/10/20
0,99.9,7.5,2.86,2.85,0.27,0.24,0 05:30:38 18/10/20
0,99.9,7.5,2.85,2.85,0.22,0.19,0 05:36:08 18/10/20
0,99.9,7.5,2.85,2.85,0.19,0.18,1 05:41:41 18/10/20
0,99.9,7.5,2.85,2.85,0.27,0.24,0 05:47:08 18/10/20
0,99.9,7.5,2.85,2.85,0.19,0.18,1 05:52:36 18/10/20
0,99.9,7.5,2.85,2.85,0.26,0.24,0 05:58:03 18/10/20
0,99.9,7.5,2.85,2.85,0.19,0.18,1 06:03:31 18/10/20
0,99.9,7.6,2.85,2.85,0.26,0.24,0 06:08:58 18/10/20
0,99.9,7.6,2.85,2.85,0.19,0.18,1 06:14:26 18/10/20
0,99.9,7.6,2.85,2.85,0.27,0.24,0 06:19:54 18/10/20
0,99.9,7.6,2.85,2.85,0.19,0.18,1 06:25:21 18/10/20
0,99.9,7.7,2.85,2.85,0.27,0.24,0 06:30:48 18/10/20
0,99.9,7.7,2.85,2.85,0.19,0.18,1 06:36:16 18/10/20
0,99.9,7.7,2.85,2.85,0.27,0.23,0 06:41:43 18/10/20
0,99.9,7.7,2.85,2.85,0.19,0.18,1 06:47:11 18/10/20
0,99.9,7.8,2.85,2.85,0.27,0.24,0 06:52:38 18/10/20
0,99.9,7.8,2.85,2.85,0.19,0.18,1 06:58:06 18/10/20
0,99.9,7.8,2.85,2.85,0.27,0.23,0 07:03:33 18/10/20
0,99.9,7.8,2.85,2.85,0.19,0.18,1 07:09:01 18/10/20
0,99.9,7.9,2.85,2.85,0.27,0.24,0 07:14:28 18/10/20
0,99.9,7.9,2.85,2.85,0.22,0.19,0 07:19:59 18/10/20
0,99.9,7.9,2.85,2.85,0.19,0.18,1 07:25:33 18/10/20
0,99.9,7.9,2.85,2.85,0.16,0.15,1 07:31:03 18/10/20
0,99.9,7.9,2.85,2.85,0.27,0.24,0 07:36:36 18/10/20
0,99.9,7.9,2.85,2.85,0.19,0.17,1 07:42:03 18/10/20
0,99.9,7.9,2.85,2.85,0.27,0.24,0 07:47:32 18/10/20
0,99.9,7.9,2.85,2.85,0.22,0.19,0 07:53:02 18/10/20
0,99.9,7.9,2.85,2.85,0.19,0.18,1 07:58:35 18/10/20
0,99.9,7.9,2.85,2.85,0.27,0.23,0 08:04:02 18/10/20
0,99.9,7.9,2.85,2.85,0.19,0.18,1 08:09:31 18/10/20
0,99.9,8.0,2.85,2.85,0.27,0.23,0 08:14:58 18/10/20
0,99.9,8.0,2.85,2.85,0.19,0.18,1 08:20:26 18/10/20
0,99.9,8.0,2.85,2.85,0.15,0.15,1 08:25:56 18/10/20
0,99.9,8.1,2.85,2.85,0.27,0.23,0 08:31:30 18/10/20
0,99.9,8.1,2.85,2.85,0.22,0.19,0 08:37:00 18/10/20
0,99.9,8.2,2.85,2.85,0.19,0.18,1 08:42:33 18/10/20
0,99.9,8.2,2.85,2.85,0.27,0.22,0 08:48:01 18/10/20
0,99.9,8.2,2.85,2.85,0.19,0.18,1 08:53:29 18/10/20
0,99.9,8.3,2.85,2.85,0.15,0.15,1 08:58:59 18/10/20
0,99.9,8.3,2.85,2.85,0.27,0.23,0 09:04:33 18/10/20
0,99.9,8.4,2.85,2.85,0.19,0.18,1 09:10:01 18/10/20
0,99.9,8.5,2.85,2.85,0.27,0.23,0 09:15:27 18/10/20
0,99.9,8.6,2.85,2.85,0.19,0.18,1 09:20:55 18/10/20
0,99.9,8.6,2.85,2.85,0.27,0.23,0 09:26:22 18/10/20
0,99.9,8.7,2.85,2.85,0.17,0.16,1 09:31:48 18/10/20
0,99.9,8.8,2.85,2.84,0.27,0.23,0 09:37:18 18/10/20
0,99.9,8.9,2.85,2.85,0.19,0.18,1 09:42:46 18/10/20
0,99.9,9.0,2.85,2.85,0.28,0.24,0 09:48:13 18/10/20
0,99.9,9.2,2.85,2.85,0.18,0.17,1 09:53:40 18/10/20
0,99.9,9.3,2.85,2.84,0.28,0.24,0 09:59:08 18/10/20
0,99.9,9.5,2.85,2.85,0.17,0.16,1 10:04:35 18/10/20
0,99.9,9.7,2.85,2.84,0.27,0.23,0 10:10:03 18/10/20
0,99.9,9.9,2.85,2.85,0.19,0.18,1 10:15:31 18/10/20
0,99.9,10.1,2.85,2.85,0.27,0.23,0 10:20:58 18/10/20
0,99.9,10.4,2.85,2.84,0.18,0.17,1 10:26:26 18/10/20
0,99.9,10.6,2.85,2.84,0.28,0.24,0 10:31:54 18/10/20
0,99.9,10.8,2.85,2.85,0.23,0.19,0 10:37:25 18/10/20
0,99.9,11.0,2.85,2.85,0.19,0.17,1 10:42:58 18/10/20
0,99.9,11.1,2.85,2.84,0.28,0.24,0 10:48:26 18/10/20
0,99.9,11.3,2.85,2.85,0.23,0.19,0 10:53:58 18/10/20
0,99.9,11.5,2.85,2.84,0.19,0.17,1 10:59:30 18/10/20
0,99.9,11.7,2.85,2.84,0.27,0.23,0 11:04:58 18/10/20
0,99.9,11.9,2.85,2.84,0.19,0.18,1 11:10:26 18/10/20
0,99.9,12.1,2.85,2.84,0.28,0.24,0 11:15:54 18/10/20
0,99.9,12.3,2.85,2.85,0.19,0.18,1 11:21:22 18/10/20
0,99.9,12.5,2.85,2.84,0.27,0.24,0 11:26:50 18/10/20
0,99.9,12.7,2.85,2.85,0.19,0.17,1 11:32:17 18/10/20
0,99.9,12.9,2.85,2.84,0.27,0.24,0 11:37:45 18/10/20
0,99.9,13.1,2.85,2.85,0.19,0.17,1 11:43:13 18/10/20
0,99.9,18.0,2.85,2.85,0.28,0.24,0 16:46:47 18/10/20
0,99.9,17.0,2.85,2.85,0.19,0.17,1 16:52:15 18/10/20
0,99.9,16.3,2.85,2.85,0.28,0.25,0 16:57:45 18/10/20
0,99.9,15.9,2.85,2.85,0.19,0.18,1 17:03:12 18/10/20
0,99.9,15.5,2.85,2.85,0.28,0.24,0 17:08:41 18/10/20
0,99.9,15.2,2.85,2.86,0.19,0.17,1 17:14:08 18/10/20
0,99.9,14.9,2.85,2.85,0.27,0.23,0 17:19:36 18/10/20
0,99.9,14.6,2.85,2.86,0.19,0.17,1 17:25:04 18/10/20
0,99.9,14.4,2.85,2.85,0.27,0.23,0 17:30:33 18/10/20
0,99.9,14.2,2.85,2.86,0.19,0.18,1 17:36:02 18/10/20
0,99.9,14.0,2.85,2.86,0.28,0.24,0 17:41:30 18/10/20
0,99.9,13.8,2.85,2.86,0.19,0.18,1 17:46:57 18/10/20
0,99.9,13.6,2.85,2.86,0.27,0.24,0 17:52:25 18/10/20
0,99.9,13.5,2.85,2.86,0.19,0.18,1 17:57:53 18/10/20
5,99.9,13.3,2.85,2.86,0.27,0.24,0 18:03:21 18/10/20
0,99.9,13.2,2.85,2.86,0.19,0.18,1 18:08:50 18/10/20
0,99.9,13.1,2.85,2.86,0.28,0.24,0 18:14:18 18/10/20
0,99.9,12.9,2.85,2.86,0.18,0.17,1 18:19:45 18/10/20
0,99.9,12.8,2.85,2.86,0.27,0.23,0 18:25:12 18/10/20
0,99.9,12.7,2.85,2.86,0.18,0.17,1 18:30:40 18/10/20
0,99.9,12.6,2.85,2.86,0.27,0.23,0 18:36:08 18/10/20
0,99.9,12.5,2.85,2.86,0.18,0.17,1 18:41:36 18/10/20
0,99.9,12.4,2.86,2.86,0.27,0.23,0 18:47:04 18/10/20
0,99.9,12.3,2.85,2.86,0.19,0.18,1 18:52:33 18/10/20
0,99.9,12.2,2.85,2.86,0.27,0.24,0 18:58:00 18/10/20
0,99.9,12.1,2.86,2.86,0.21,0.18,0 19:03:32 18/10/20
0,99.9,12.0,2.85,2.86,0.18,0.17,1 19:09:05 18/10/20
0,99.9,11.9,2.85,2.86,0.26,0.23,0 19:14:32 18/10/20
0,99.9,11.8,2.85,2.86,0.18,0.17,1 19:20:00 18/10/20
0,99.9,11.8,2.85,2.86,0.26,0.23,0 19:25:28 18/10/20
0,99.9,11.7,2.86,2.86,0.16,0.16,1 19:30:55 18/10/20
0,99.9,11.6,2.86,2.86,0.27,0.24,0 19:36:24 18/10/20
0,99.9,11.6,2.85,2.86,0.19,0.17,1 19:41:52 18/10/20
0,99.9,11.5,2.85,2.86,0.26,0.23,0 19:47:20 18/10/20
0,99.9,11.5,2.85,2.86,0.18,0.17,1 19:52:47 18/10/20
0,99.9,11.4,2.86,2.86,0.26,0.23,0 19:58:15 18/10/20
0,99.9,11.4,2.86,2.86,0.19,0.17,1 20:03:43 18/10/20
0,99.9,11.4,2.86,2.86,0.27,0.24,0 20:09:11 18/10/20
0,99.9,11.3,2.86,2.86,0.22,0.19,0 20:14:42 18/10/20
0,99.9,11.3,2.86,2.86,0.18,0.17,1 20:20:15 18/10/20
0,99.9,11.2,2.86,2.86,0.27,0.24,0 20:25:44 18/10/20
0,99.9,11.2,2.86,2.86,0.19,0.17,1 20:31:11 18/10/20
0,99.9,11.1,2.86,2.86,0.27,0.23,0 20:36:39 18/10/20
0,99.9,11.1,2.86,2.86,0.18,0.17,1 20:42:06 18/10/20
0,99.9,11.0,2.86,2.86,0.26,0.23,0 20:47:34 18/10/20
0,99.9,11.0,2.86,2.86,0.19,0.17,1 20:53:03 18/10/20
0,99.9,11.0,2.86,2.86,0.27,0.23,0 20:58:30 18/10/20
0,99.9,11.0,2.86,2.86,0.19,0.18,1 21:03:59 18/10/20
0,99.9,10.9,2.86,2.86,0.26,0.23,0 21:09:25 18/10/20
0,99.9,10.9,2.86,2.86,0.18,0.17,1 21:14:53 18/10/20
0,99.9,10.9,2.86,2.86,0.27,0.23,0 21:20:21 18/10/20
0,99.9,10.8,2.86,2.86,0.18,0.17,1 21:25:49 18/10/20
0,99.9,10.8,2.86,2.86,0.26,0.23,0 21:31:16 18/10/20
0,99.9,10.8,2.86,2.86,0.18,0.17,1 21:36:44 18/10/20
0,99.9,10.7,2.86,2.86,0.27,0.23,0 21:42:12 18/10/20
0,99.9,10.7,2.86,2.86,0.19,0.17,1 21:47:40 18/10/20
0,99.9,10.6,2.86,2.86,0.26,0.23,0 21:53:07 18/10/20
0,99.9,10.6,2.86,2.86,0.18,0.17,1 21:58:35 18/10/20
0,99.9,10.5,2.86,2.86,0.27,0.23,0 22:04:03 18/10/20
0,99.9,10.5,2.86,2.86,0.19,0.18,1 22:09:32 18/10/20
0,99.9,10.4,2.86,2.86,0.26,0.23,0 22:14:58 18/10/20
0,99.9,10.4,2.86,2.86,0.18,0.17,1 22:20:27 18/10/20
0,99.9,10.3,2.86,2.86,0.27,0.24,0 22:25:54 18/10/20
0,99.9,10.3,2.86,2.86,0.19,0.18,1 22:31:23 18/10/20
0,99.9,10.3,2.86,2.85,0.26,0.23,0 22:36:49 18/10/20
0,99.9,10.2,2.86,2.86,0.19,0.17,1 22:42:18 18/10/20
0,99.9,10.2,2.86,2.85,0.27,0.23,0 22:47:45 18/10/20
0,99.9,10.1,2.86,2.86,0.18,0.17,1 22:53:12 18/10/20
0,99.9,10.1,2.86,2.85,0.26,0.23,0 22:58:40 18/10/20
0,99.9,10.1,2.86,2.86,0.19,0.18,1 23:04:09 18/10/20
0,99.9,10.0,2.86,2.85,0.27,0.24,0 23:09:37 18/10/20
0,99.9,10.0,2.86,2.86,0.18,0.17,1 23:15:03 18/10/20
0,99.9,10.0,2.86,2.85,0.27,0.23,0 23:20:31 18/10/20
0,99.9,9.9,2.86,2.86,0.19,0.17,1 23:25:59 18/10/20
0,99.9,9.9,2.86,2.86,0.26,0.23,0 23:31:26 18/10/20
0,99.9,9.9,2.86,2.86,0.19,0.17,1 23:36:55 18/10/20
0,99.9,9.9,2.86,2.85,0.27,0.23,0 23:42:22 18/10/20
0,99.9,9.8,2.86,2.85,0.18,0.17,1 23:47:49 18/10/20
0,99.9,9.8,2.86,2.85,0.27,0.23,0 23:53:18 18/10/20
0,99.9,9.8,2.86,2.86,0.18,0.17,1 23:58:45 18/10/20
