0,99.9,12.0,2.86,2.86,0.16,0.15,1 09:10:38 23/10/20
0,99.9,12.0,2.86,2.86,0.25,0.22,0 09:16:06 23/10/20
0,99.9,12.1,2.86,2.86,0.18,0.17,1 09:21:34 23/10/20
0,99.9,12.3,2.86,2.86,0.15,0.14,1 09:27:06 23/10/20
0,99.9,12.4,2.86,2.86,0.25,0.21,0 09:32:38 23/10/20
0,99.9,12.5,2.86,2.86,0.15,0.14,1 09:38:04 23/10/20
0,99.9,12.6,2.86,2.86,0.25,0.21,0 09:43:34 23/10/20
0,99.9,12.7,2.86,2.86,0.18,0.16,1 09:49:02 23/10/20
0,99.9,12.9,2.86,2.86,0.22,0.19,0 09:54:29 23/10/20
0,99.9,13.0,2.86,2.86,0.18,0.17,1 09:59:59 23/10/20
0,99.9,13.2,2.86,2.86,0.26,0.22,0 10:05:28 23/10/20
0,99.9,13.4,2.86,2.86,0.18,0.17,1 10:10:57 23/10/20
0,99.9,13.6,2.86,2.86,0.25,0.21,0 10:16:23 23/10/20
0,99.9,13.8,2.86,2.86,0.18,0.17,1 10:21:51 23/10/20
0,99.9,14.0,2.86,2.86,0.25,0.21,0 10:27:19 23/10/20
0,99.9,14.2,2.86,2.86,0.18,0.17,1 10:32:47 23/10/20
0,99.9,14.4,2.86,2.86,0.25,0.21,0 10:38:14 23/10/20
0,99.9,14.7,2.86,2.86,0.18,0.17,1 10:43:43 23/10/20
0,99.9,15.0,2.86,2.86,0.25,0.21,0 10:49:10 23/10/20
0,99.9,15.3,2.86,2.86,0.18,0.17,1 10:54:39 23/10/20
0,99.9,15.6,2.86,2.86,0.25,0.21,0 11:00:07 23/10/20
0,99.9,15.9,2.86,2.86,0.19,0.17,1 11:05:35 23/10/20
0,99.9,16.0,2.86,2.86,0.25,0.21,0 11:11:06 23/10/20
0,99.9,16.2,2.86,2.86,0.21,0.17,0 11:16:35 23/10/20
0,99.9,16.3,2.86,2.86,0.18,0.17,1 11:22:09 23/10/20
0,99.9,16.4,2.86,2.86,0.25,0.21,0 11:27:37 23/10/20
0,99.9,16.5,2.86,2.86,0.18,0.17,1 11:33:05 23/10/20
0,99.9,16.5,2.86,2.86,0.25,0.21,0 11:38:34 23/10/20
0,99.9,16.6,2.86,2.86,0.19,0.17,1 11:44:02 23/10/20
0,99.9,16.7,2.86,2.86,0.26,0.21,0 11:49:31 23/10/20
0,99.9,16.9,2.86,2.86,0.18,0.17,1 11:54:58 23/10/20
0,99.9,17.2,2.86,2.86,0.23,0.19,0 12:00:25 23/10/20
0,99.9,17.4,2.86,2.86,0.18,0.17,1 12:05:56 23/10/20
0,99.9,17.6,2.86,2.86,0.25,0.21,0 12:11:24 23/10/20
0,99.9,17.7,2.86,2.86,0.19,0.17,1 12:16:52 23/10/20
0,99.9,17.8,2.86,2.86,0.13,0.13,1 12:22:25 23/10/20
0,99.9,17.8,2.86,2.86,0.15,0.14,1 12:28:01 23/10/20
0,99.9,17.8,2.86,2.86,0.26,0.22,0 12:33:35 23/10/20
0,99.9,17.9,2.86,2.86,0.18,0.17,1 12:39:03 23/10/20
0,99.9,18.0,2.86,2.86,0.23,0.19,0 12:44:30 23/10/20
0,99.9,18.2,2.86,2.86,0.18,0.17,1 12:50:00 23/10/20
0,99.9,18.3,2.86,2.86,0.23,0.19,0 12:55:27 23/10/20
0,99.9,18.4,2.86,2.86,0.18,0.17,1 13:00:57 23/10/20
0,99.9,18.5,2.86,2.86,0.26,0.21,0 13:06:26 23/10/20
0,99.9,18.6,2.86,2.86,0.15,0.14,1 13:11:52 23/10/20
0,99.9,18.8,2.86,2.86,0.26,0.22,0 13:17:23 23/10/20
0,99.9,19.0,2.86,2.86,0.18,0.17,1 13:22:51 23/10/20
0,99.9,19.2,2.86,2.86,0.26,0.22,0 13:28:20 23/10/20
0,99.9,19.2,2.86,2.86,0.21,0.17,0 13:33:52 23/10/20
0,99.9,19.1,2.86,2.86,0.18,0.17,1 13:39:27 23/10/20
0,99.9,18.9,2.86,2.86,0.26,0.22,0 13:44:56 23/10/20
0,99.9,18.7,2.86,2.87,0.17,0.16,1 13:50:32 23/10/20
0,99.9,18.6,2.86,2.86,0.26,0.21,0 13:56:02 23/10/20
0,99.9,18.4,2.86,2.87,0.18,0.17,1 14:01:29 23/10/20
0,99.9,18.3,2.86,2.87,0.26,0.21,0 14:06:58 23/10/20
0,99.9,18.3,2.86,2.87,0.18,0.17,1 14:12:26 23/10/20
0,99.9,18.3,2.86,2.87,0.15,0.14,1 14:17:58 23/10/20
0,99.9,18.4,2.86,2.87,0.26,0.21,0 14:23:33 23/10/20
0,99.9,18.7,2.86,2.87,0.18,0.17,1 14:29:01 23/10/20
0,99.9,19.3,2.86,2.86,0.26,0.21,0 14:34:30 23/10/20
0,99.9,20.0,2.86,2.87,0.18,0.17,1 14:39:58 23/10/20
0,99.9,20.5,2.86,2.87,0.25,0.21,0 14:45:26 23/10/20
0,99.9,21.1,2.86,2.87,0.18,0.17,1 14:50:55 23/10/20
0,99.9,21.7,2.86,2.87,0.26,0.21,0 14:56:24 23/10/20
0,99.9,21.9,2.86,2.87,0.18,0.17,1 15:01:53 23/10/20
0,99.9,22.1,2.86,2.87,0.26,0.21,0 15:07:22 23/10/20
0,99.9,22.0,2.87,2.87,0.18,0.17,1 15:12:51 23/10/20
0,99.9,21.8,2.87,2.87,0.24,0.2,0 15:18:19 23/10/20
0,99.9,21.5,2.86,2.87,0.18,0.16,1 15:23:48 23/10/20
0,99.9,21.2,2.87,2.87,0.25,0.21,0 15:29:17 23/10/20
0,99.9,20.8,2.86,2.87,0.18,0.17,1 15:34:46 23/10/20
0,99.9,20.5,2.86,2.87,0.26,0.21,0 15:40:15 23/10/20
0,99.9,20.5,2.86,2.87,0.18,0.16,1 15:45:43 23/10/20
0,99.9,20.5,2.87,2.87,0.26,0.21,0 15:51:13 23/10/20
0,99.9,20.6,2.87,2.87,0.12,0.11,0 15:56:44 23/10/20
0,99.9,20.7,2.87,2.87,0.18,0.17,1 16:02:10 23/10/20
0,99.9,20.8,2.87,2.87,0.25,0.21,0 16:07:38 23/10/20
0,99.9,20.9,2.87,2.87,0.18,0.16,1 16:13:07 23/10/20
0,99.9,21.0,2.87,2.87,0.26,0.21,0 16:18:37 23/10/20
0,99.9,21.2,2.87,2.87,0.18,0.17,1 16:24:05 23/10/20
0,99.9,21.4,2.87,2.87,0.26,0.22,0 16:29:34 23/10/20
0,99.9,21.7,2.87,2.87,0.18,0.16,1 16:35:03 23/10/20
0,99.9,21.8,2.87,2.87,0.25,0.21,0 16:40:31 23/10/20
0,99.9,21.8,2.87,2.87,0.17,0.16,1 16:46:00 23/10/20
0,99.9,21.8,2.87,2.87,0.25,0.21,0 16:51:29 23/10/20
0,99.9,21.7,2.87,2.87,0.18,0.17,1 16:56:59 23/10/20
0,99.9,21.6,2.87,2.87,0.26,0.22,0 17:02:28 23/10/20
0,99.9,21.6,2.87,2.87,0.18,0.17,1 17:07:56 23/10/20
0,99.9,21.7,2.87,2.87,0.26,0.22,0 17:13:25 23/10/20
0,99.9,21.9,2.87,2.87,0.18,0.17,1 17:18:55 23/10/20
0,99.9,22.1,2.87,2.87,0.14,0.14,1 17:24:26 23/10/20
0,99.9,22.3,2.87,2.87,0.25,0.21,0 17:30:00 23/10/20
0,99.9,22.4,2.87,2.87,0.16,0.15,1 17:35:28 23/10/20
0,99.9,22.4,2.87,2.87,0.25,0.21,0 17:40:58 23/10/20
0,99.9,22.3,2.87,2.87,0.17,0.16,1 17:46:27 23/10/20
0,99.9,22.1,2.87,2.87,0.22,0.18,0 17:51:54 23/10/20
0,99.9,21.7,2.87,2.88,0.17,0.16,1 17:57:25 23/10/20
0,99.9,21.3,2.87,2.88,0.23,0.19,0 18:02:53 23/10/20
0,99.9,20.8,2.87,2.88,0.18,0.17,1 18:08:23 23/10/20
0,99.9,20.2,2.87,2.88,0.14,0.14,1 18:13:55 23/10/20
0,99.9,19.5,2.87,2.88,0.26,0.21,0 18:19:30 23/10/20
0,99.9,18.9,2.87,2.88,0.16,0.15,1 18:24:56 23/10/20
0,99.9,18.4,2.87,2.88,0.25,0.21,0 18:30:26 23/10/20
0,99.9,17.9,2.87,2.88,0.18,0.16,1 18:35:55 23/10/20
0,99.9,17.4,2.87,2.88,0.21,0.17,0 18:41:21 23/10/20
0,99.9,16.9,2.87,2.88,0.21,0.17,0 18:46:55 23/10/20
0,99.9,16.6,2.87,2.88,0.18,0.17,1 18:52:29 23/10/20
0,99.9,16.2,2.87,2.88,0.25,0.21,0 18:57:58 23/10/20
0,99.9,15.9,2.87,2.88,0.17,0.16,1 19:03:25 23/10/20
0,99.9,15.6,2.87,2.88,0.14,0.14,1 19:08:57 23/10/20
0,99.9,15.4,2.87,2.88,0.25,0.21,0 19:14:31 23/10/20
0,99.9,15.2,2.87,2.88,0.2,0.16,0 19:20:04 23/10/20
0,99.9,14.9,2.87,2.88,0.18,0.16,1 19:25:36 23/10/20
0,99.9,14.8,2.87,2.88,0.25,0.2,0 19:31:04 23/10/20
0,99.9,14.6,2.87,2.88,0.17,0.16,1 19:36:32 23/10/20
0,99.9,14.5,2.87,2.88,0.25,0.2,0 19:42:00 23/10/20
0,99.9,14.4,2.87,2.88,0.16,0.15,1 19:47:27 23/10/20
0,99.9,14.3,2.87,2.88,0.25,0.2,0 19:52:57 23/10/20
0,99.9,14.1,2.87,2.88,0.21,0.17,0 19:58:28 23/10/20
0,99.9,14.0,2.87,2.88,0.16,0.15,1 20:04:01 23/10/20
0,99.9,13.9,2.87,2.88,0.26,0.22,0 20:09:31 23/10/20
0,99.9,13.8,2.87,2.88,0.17,0.16,1 20:14:58 23/10/20
0,99.9,13.7,2.87,2.88,0.25,0.22,0 20:20:26 23/10/20
0,99.9,13.6,2.87,2.88,0.18,0.16,1 20:25:54 23/10/20
0,99.9,13.6,2.87,2.88,0.25,0.21,0 20:31:22 23/10/20
0,99.9,13.5,2.87,2.88,0.17,0.16,1 20:36:50 23/10/20
0,99.9,13.4,2.87,2.88,0.25,0.21,0 20:42:18 23/10/20
0,99.9,13.3,2.87,2.88,0.17,0.16,1 20:47:46 23/10/20
0,99.9,13.3,2.87,2.88,0.25,0.21,0 20:53:14 23/10/20
0,99.9,13.2,2.87,2.88,0.17,0.16,1 20:58:42 23/10/20
0,99.9,13.2,2.87,2.88,0.14,0.14,1 21:04:13 23/10/20
0,99.9,13.2,2.87,2.88,0.25,0.21,0 21:09:46 23/10/20
0,99.9,13.2,2.87,2.88,0.16,0.15,1 21:15:13 23/10/20
0,99.9,13.2,2.87,2.88,0.24,0.21,0 21:20:42 23/10/20
0,99.9,13.2,2.88,2.88,0.17,0.16,1 21:26:10 23/10/20
0,99.9,13.1,2.87,2.88,0.24,0.2,0 21:31:38 23/10/20
0,99.9,13.1,2.87,2.88,0.17,0.16,1 21:37:06 23/10/20
0,99.9,13.1,2.87,2.88,0.24,0.2,0 21:42:34 23/10/20
0,99.9,13.1,2.87,2.88,0.17,0.16,1 21:48:02 23/10/20
0,99.9,13.1,2.87,2.88,0.24,0.2,0 21:53:30 23/10/20
0,99.9,13.1,2.87,2.88,0.17,0.16,1 21:58:58 23/10/20
0,99.9,13.2,2.87,2.88,0.24,0.21,0 22:04:26 23/10/20
0,99.9,13.2,2.87,2.88,0.17,0.16,1 22:09:55 23/10/20
0,99.9,13.3,2.88,2.88,0.25,0.21,0 22:15:23 23/10/20
0,99.9,13.4,2.87,2.88,0.17,0.16,1 22:20:51 23/10/20
0,99.9,13.4,2.87,2.88,0.25,0.22,0 22:26:19 23/10/20
0,99.9,13.5,2.87,2.88,0.17,0.16,1 22:31:46 23/10/20
0,99.9,13.6,2.88,2.88,0.24,0.21,0 22:37:14 23/10/20
0,99.9,13.6,2.87,2.88,0.17,0.16,1 22:42:42 23/10/20
0,99.9,13.7,2.87,2.88,0.24,0.21,0 22:48:10 23/10/20
0,99.9,13.8,2.87,2.88,0.17,0.16,1 22:53:38 23/10/20
0,99.9,13.7,2.87,2.88,0.24,0.21,0 22:59:06 23/10/20
0,99.9,13.7,2.88,2.88,0.17,0.16,1 23:04:34 23/10/20
0,99.9,13.7,2.88,2.88,0.24,0.21,0 23:10:02 23/10/20
0,99.9,13.7,2.87,2.88,0.17,0.16,1 23:15:30 23/10/20
0,99.9,13.6,2.87,2.88,0.24,0.21,0 23:20:58 23/10/20
0,99.9,13.5,2.87,2.88,0.17,0.16,1 23:26:27 23/10/20
0,99.9,13.5,2.87,2.88,0.24,0.21,0 23:31:55 23/10/20
0,99.9,13.4,2.87,2.88,0.17,0.16,1 23:37:23 23/10/20
0,99.9,13.4,2.87,2.88,0.24,0.21,0 23:42:51 23/10/20
0,99.9,13.3,2.87,2.88,0.17,0.16,1 23:48:19 23/10/20
0,99.9,13.3,2.87,2.87,0.24,0.21,0 23:53:47 23/10/20
0,99.9,13.3,2.87,2.88,0.17,0.16,1 23:59:14 23/10/20
