184,91.2,15.83,1006.21,0.0,4.07 00:02:40 08/06/19
186,91.1,15.805,1006.43,0.0,4.06 00:14:17 08/06/19
184,91.1,15.715,1006.26,0.0,4.06 00:25:53 08/06/19
185,91.0,15.635,1006.35,0.0,4.06 00:37:30 08/06/19
184,91.0,15.63,1006.44,0.0,4.06 00:49:06 08/06/19
185,90.9,15.615,1006.44,0.0,4.06 01:00:41 08/06/19
173,90.8,15.445,1006.49,0.0,4.06 01:12:20 08/06/19
184,90.7,15.41,1006.66,0.0,4.05 01:23:57 08/06/19
187,90.6,15.41,1006.76,0.0,4.05 01:35:32 08/06/19
187,90.4,15.395,1006.87,0.0,4.05 01:47:08 08/06/19
185,90.2,15.42,1007.07,0.0,4.05 01:58:49 08/06/19
186,89.7,15.41,1006.95,0.0,4.05 02:10:28 08/06/19
186,89.4,15.335,1006.98,0.0,4.05 02:22:07 08/06/19
186,88.4,15.309999,1007.04,0.0,4.05 02:33:42 08/06/19
184,87.7,15.215,1007.02,0.0,4.04 02:45:19 08/06/19
183,87.4,15.185,1007.29,0.0,4.04 02:56:55 08/06/19
183,87.4,15.110001,1007.32,0.0,4.04 03:08:32 08/06/19
183,86.7,15.025,1007.38,0.0,4.04 03:20:06 08/06/19
179,86.6,14.995,1007.57,0.0,4.04 03:31:45 08/06/19
178,86.7,14.91,1007.41,0.0,4.04 03:43:20 08/06/19
179,86.9,14.82,1007.4,0.0,4.04 03:54:57 08/06/19
182,86.7,14.725,1007.42,0.0,4.03 04:06:33 08/06/19
186,87.3,14.71,1007.74,0.0,4.03 04:18:10 08/06/19
192,87.1,14.625,1007.9,0.01,4.03 04:29:48 08/06/19
202,87.6,14.605,1007.82,0.04,4.03 04:41:21 08/06/19
217,87.5,14.585,1007.94,0.11,4.03 04:52:58 08/06/19
270,87.5,14.585,1008.14,0.68,4.03 05:04:34 08/06/19
306,87.3,14.5,1008.27,1.28,4.03 05:16:10 08/06/19
372,87.6,14.434999,1008.55,2.38,4.03 05:27:46 08/06/19
399,88.2,14.405001,1008.62,2.83,4.03 05:39:23 08/06/19
482,88.2,14.315001,1008.97,3.93,4.03 05:50:59 08/06/19
532,88.1,14.275,1009.17,4.19,4.02 06:02:34 08/06/19
522,88.3,14.225,1009.41,4.12,4.03 06:14:10 08/06/19
595,88.3,14.200001,1009.5,4.12,4.03 06:25:46 08/06/19
653,88.4,14.16,1009.72,5.0,4.03 06:37:22 08/06/19
595,88.7,14.195,1009.9,4.93,4.03 06:48:58 08/06/19
656,89.0,14.190001,1010.13,4.1,4.03 07:00:34 08/06/19
658,89.9,14.13,1010.43,4.58,4.03 07:12:10 08/06/19
712,90.0,14.110001,1010.56,4.09,4.04 07:23:46 08/06/19
742,90.2,14.12,1010.75,4.19,4.05 07:35:20 08/06/19
710,90.7,14.045,1010.9,4.15,4.05 07:46:56 08/06/19
735,90.9,14.03,1011.12,4.99,4.05 07:58:34 08/06/19
695,91.0,14.004999,1011.29,5.0,4.05 08:10:10 08/06/19
758,91.0,13.934999,1011.44,5.0,4.07 08:21:44 08/06/19
789,91.1,14.01,1011.65,4.28,4.13 08:33:23 08/06/19
815,90.5,14.200001,1011.87,5.0,4.14 08:44:57 08/06/19
810,90.8,14.33,1012.07,4.4,4.13 08:56:35 08/06/19
854,91.0,14.525,1012.26,5.0,4.13 09:08:10 08/06/19
855,90.0,14.715,1012.35,5.0,4.11 09:19:46 08/06/19
837,90.2,14.969999,1012.53,4.7,4.15 09:31:23 08/06/19
851,90.2,15.175,1012.53,5.0,4.13 09:42:59 08/06/19
825,88.5,15.360001,1012.77,5.0,4.12 09:54:35 08/06/19
814,88.8,15.389999,1012.95,4.29,4.14 10:06:12 08/06/19
805,87.8,15.275,1013.04,5.0,4.13 10:17:49 08/06/19
786,88.0,15.21,1013.34,5.0,4.12 10:29:24 08/06/19
803,88.1,15.27,1013.45,5.0,4.11 10:41:01 08/06/19
786,88.2,15.225,1013.59,5.0,4.12 10:52:36 08/06/19
820,88.7,15.29,1013.86,5.0,4.16 11:04:13 08/06/19
802,88.8,15.385,1013.92,5.0,4.13 11:15:50 08/06/19
826,88.3,15.514999,1014.14,5.0,4.12 11:27:26 08/06/19
807,87.8,15.67,1014.2,5.0,4.12 11:39:03 08/06/19
784,87.2,15.6,1014.41,5.0,4.11 11:50:39 08/06/19
806,87.0,15.595,1014.47,5.0,4.11 12:02:17 08/06/19
802,86.8,15.61,1014.74,4.35,4.12 12:13:52 08/06/19
801,87.1,15.690001,1014.74,5.0,4.13 12:25:29 08/06/19
847,86.6,16.02,1015.01,5.0,4.12 12:37:03 08/06/19
859,86.1,16.355,1015.06,5.0,4.11 12:48:42 08/06/19
855,86.4,16.75,1015.36,4.26,4.17 13:00:17 08/06/19
879,87.6,17.205,1015.38,5.0,4.14 13:11:56 08/06/19
856,83.9,17.645,1015.49,5.0,4.13 13:23:31 08/06/19
843,81.3,17.38,1015.63,5.0,4.12 13:34:10 08/06/19
860,83.7,17.369999,1015.79,5.0,4.12 13:44:46 08/06/19
855,82.1,17.560001,1015.88,5.0,4.11 13:55:25 08/06/19
863,80.6,17.630001,1016.05,4.3,4.18 14:06:02 08/06/19
864,81.0,17.654999,1015.95,5.0,4.14 14:16:40 08/06/19
872,79.3,19.085,1016.09,4.29,4.16 14:41:44 08/06/19
760,76.7,18.735,1015.88,5.0,4.14 14:52:25 08/06/19
828,77.9,18.145,1016.44,5.0,4.13 15:03:00 08/06/19
855,80.4,17.69,1016.39,5.0,4.11 15:13:55 08/06/19
904,83.5,17.835,1016.66,5.0,4.11 15:24:36 08/06/19
905,78.7,18.75,1016.49,5.0,4.11 15:35:11 08/06/19
830,77.2,19.365,1016.55,4.44,4.15 15:45:49 08/06/19
864,77.7,19.045,1016.71,5.0,4.13 15:56:42 08/06/19
769,76.5,18.625,1017.43,5.0,4.13 16:07:24 08/06/19
833,84.2,17.665,1017.66,5.0,4.12 16:18:02 08/06/19
856,87.7,17.05,1017.59,5.0,4.12 16:28:39 08/06/19
897,90.9,17.17,1017.74,5.0,4.11 16:39:20 08/06/19
897,88.7,17.89,1017.73,5.0,4.21 16:50:03 08/06/19
890,87.9,18.38,1017.49,5.0,4.14 17:00:41 08/06/19
887,85.4,18.49,1017.53,5.0,4.13 17:11:17 08/06/19
879,85.4,18.585,1017.63,5.0,4.12 17:21:55 08/06/19
883,81.6,18.6,1017.54,5.0,4.12 17:32:36 08/06/19
884,79.2,18.66,1017.76,5.0,4.11 17:43:14 08/06/19
888,76.1,18.119999,1017.9,5.0,4.1 17:53:51 08/06/19
881,75.3,18.240002,1017.85,5.0,4.22 18:04:28 08/06/19
875,74.2,18.48,1017.9,5.0,4.14 18:15:04 08/06/19
803,74.5,18.21,1017.99,5.0,4.13 18:25:45 08/06/19
871,73.7,18.17,1018.03,5.0,4.12 18:36:22 08/06/19
760,74.7,18.240002,1018.12,5.0,4.11 18:47:00 08/06/19
805,76.1,18.11,1018.39,5.0,4.11 18:57:37 08/06/19
779,73.0,17.71,1018.55,4.84,4.12 19:08:15 08/06/19
849,76.3,17.435,1018.6,5.0,4.14 19:18:54 08/06/19
747,77.2,17.404999,1018.56,5.0,4.13 19:29:31 08/06/19
737,78.9,17.4,1018.61,5.0,4.12 19:40:09 08/06/19
733,79.6,17.38,1018.66,5.0,4.11 19:50:46 08/06/19
735,79.8,17.295,1018.81,5.0,4.11 20:01:22 08/06/19
726,80.7,17.105,1018.85,5.0,4.11 20:12:01 08/06/19
741,81.0,16.93,1018.95,5.0,4.15 20:22:38 08/06/19
708,81.7,16.89,1019.07,4.58,4.16 20:33:14 08/06/19
724,81.7,16.815,1019.16,5.0,4.18 20:43:51 08/06/19
691,82.2,16.79,1019.22,5.0,4.16 20:54:31 08/06/19
682,82.3,16.65,1019.34,5.0,4.15 21:05:07 08/06/19
678,82.1,16.515,1019.47,5.0,4.14 21:15:45 08/06/19
647,83.1,16.405,1019.63,5.0,4.13 21:26:23 08/06/19
590,82.5,16.305,1019.71,5.0,4.12 21:36:59 08/06/19
537,83.1,16.130001,1019.9,4.33,4.12 21:47:37 08/06/19
461,82.5,15.915001,1020.05,3.75,4.11 21:58:14 08/06/19
382,83.9,15.725,1020.22,2.44,4.11 22:08:51 08/06/19
310,85.0,15.514999,1020.36,1.12,4.1 22:19:29 08/06/19
260,83.5,15.385,1020.48,0.36,4.1 22:30:07 08/06/19
227,83.7,15.1,1020.64,0.09,4.09 22:40:42 08/06/19
207,84.8,14.885,1020.7,0.02,4.09 22:51:19 08/06/19
194,84.7,14.725,1020.8,0.0,4.09 23:01:57 08/06/19
187,86.0,14.639999,1020.85,0.0,4.08 23:12:33 08/06/19
183,85.3,14.525,1020.93,0.0,4.08 23:23:09 08/06/19
181,86.0,14.315001,1020.9,0.0,4.08 23:33:44 08/06/19
178,86.0,14.135,1020.95,0.0,4.07 23:44:21 08/06/19
176,90.5,14.094999,1020.94,0.0,4.07 23:55:00 08/06/19
