175,87.1,14.014999,1020.98,0.0,4.07 00:05:37 09/06/19
173,87.5,13.940001,1021.02,0.0,4.07 00:16:14 09/06/19
173,87.8,13.91,1021.07,0.0,4.06 00:26:49 09/06/19
171,87.1,13.805,1021.12,0.0,4.06 00:37:26 09/06/19
171,88.2,13.635,1021.14,0.0,4.06 00:48:02 09/06/19
169,87.6,13.434999,1021.09,0.0,4.06 00:58:39 09/06/19
169,89.1,13.24,1021.03,0.0,4.06 01:09:16 09/06/19
169,88.3,13.105,1021.17,0.0,4.05 01:19:51 09/06/19
168,89.3,12.92,1021.29,0.0,4.05 01:30:32 09/06/19
171,89.8,12.809999,1021.23,0.0,4.05 01:41:11 09/06/19
169,89.4,12.645,1021.23,0.0,4.05 01:51:50 09/06/19
168,90.1,12.549999,1021.34,0.0,4.05 02:02:25 09/06/19
168,90.1,12.43,1021.41,0.0,4.05 02:13:02 09/06/19
167,90.7,12.335,1021.4,0.0,4.05 02:23:41 09/06/19
168,89.7,12.225,1021.47,0.0,4.04 02:34:20 09/06/19
168,90.6,11.950001,1021.56,0.0,4.04 02:44:56 09/06/19
167,90.1,11.83,1021.53,0.0,4.04 02:55:34 09/06/19
167,90.1,11.73,1021.47,0.0,4.04 03:06:08 09/06/19
166,90.0,11.705,1021.48,0.0,4.04 03:16:47 09/06/19
167,90.7,11.63,1021.62,0.0,4.04 03:27:23 09/06/19
168,90.3,11.625,1021.62,0.0,4.04 03:37:57 09/06/19
171,90.8,11.625,1021.75,0.0,4.03 03:48:34 09/06/19
176,90.2,11.545,1021.75,0.0,4.03 03:59:07 09/06/19
181,90.1,11.440001,1021.75,0.0,4.03 04:09:46 09/06/19
191,91.4,11.325,1021.75,0.01,4.03 04:20:21 09/06/19
209,90.8,11.155001,1021.69,0.06,4.03 04:30:55 09/06/19
235,91.4,11.02,1021.72,0.25,4.03 04:41:31 09/06/19
275,91.3,10.835,1021.71,0.83,4.03 04:52:06 09/06/19
335,91.7,10.639999,1021.74,1.95,4.03 05:02:44 09/06/19
415,91.6,10.440001,1021.8,3.68,4.03 05:13:19 09/06/19
480,93.3,10.335,1021.86,4.13,4.02 05:23:55 09/06/19
539,92.6,10.305,1021.92,4.2,4.02 05:34:30 09/06/19
601,93.3,10.235001,1021.93,4.1,4.08 05:45:06 09/06/19
645,92.3,10.195,1021.99,4.96,4.03 05:55:40 09/06/19
689,93.0,10.115,1021.88,5.0,4.04 06:06:17 09/06/19
718,92.9,10.22,1021.94,5.0,4.04 06:16:52 09/06/19
716,92.5,10.325,1021.92,5.0,4.05 06:27:27 09/06/19
745,92.7,10.51,1021.88,4.21,4.07 06:38:03 09/06/19
760,92.8,10.72,1021.93,4.49,4.08 06:48:40 09/06/19
797,92.3,10.945,1022.01,4.35,4.11 06:59:15 09/06/19
819,92.3,11.215,1022.13,4.62,4.14 07:09:50 09/06/19
835,92.4,11.545,1022.22,5.0,4.14 07:20:24 09/06/19
833,92.9,12.065001,1022.24,4.81,4.13 07:31:00 09/06/19
840,92.8,12.57,1022.18,5.0,4.13 07:41:38 09/06/19
826,93.1,13.27,1022.25,5.0,4.11 07:52:14 09/06/19
821,92.2,13.9,1022.28,4.26,4.13 08:02:49 09/06/19
833,93.4,14.45,1022.37,5.0,4.13 08:13:26 09/06/19
836,92.0,15.075001,1022.4,5.0,4.12 08:24:05 09/06/19
855,91.6,15.535,1022.42,5.0,4.11 08:34:42 09/06/19
871,91.6,15.879999,1022.3,4.3,4.15 08:45:17 09/06/19
875,90.8,15.865,1022.32,5.0,4.14 08:55:55 09/06/19
878,90.8,15.72,1022.24,5.0,4.12 09:06:32 09/06/19
861,91.0,15.745001,1022.2,5.0,4.12 09:17:09 09/06/19
885,90.7,15.775,1022.16,5.0,4.11 09:27:47 09/06/19
885,90.8,15.995,1022.24,4.31,4.19 09:38:24 09/06/19
887,91.2,16.31,1022.24,5.0,4.14 09:49:01 09/06/19
743,90.7,16.595001,1022.22,5.0,4.13 09:59:39 09/06/19
892,91.0,16.975,1022.22,5.0,4.12 10:10:15 09/06/19
893,86.9,17.21,1022.17,5.0,4.11 10:20:53 09/06/19
896,90.8,17.57,1022.13,5.0,4.11 10:31:30 09/06/19
897,90.3,18.04,1022.05,5.0,4.22 10:42:08 09/06/19
900,87.0,18.39,1021.89,5.0,4.14 10:52:46 09/06/19
900,89.1,18.665,1021.84,5.0,4.13 11:03:24 09/06/19
903,89.6,19.125,1021.77,5.0,4.12 11:14:02 09/06/19
890,87.6,19.465,1021.87,5.0,4.12 11:24:39 09/06/19
872,88.5,19.655,1021.83,5.0,4.11 11:35:19 09/06/19
893,87.4,19.765,1021.7,5.0,4.21 11:45:56 09/06/19
891,86.3,19.975,1021.73,5.0,4.14 11:56:35 09/06/19
899,87.3,20.155,1021.6,5.0,4.13 12:07:11 09/06/19
897,87.3,20.349998,1021.41,5.0,4.12 12:18:01 09/06/19
897,83.3,20.67,1021.3,5.0,4.12 12:28:39 09/06/19
903,84.4,20.75,1021.24,5.0,4.11 12:33:52 09/06/19
897,84.6,20.779999,1021.05,5.0,4.11 12:39:10 09/06/19
897,81.6,20.865,1021.06,5.0,4.11 12:41:13 09/06/19
901,84.9,20.945,1020.98,5.0,4.21 12:46:30 09/06/19
905,85.5,21.259998,1020.79,5.0,4.14 12:57:10 09/06/19
909,84.6,21.79,1020.51,5.0,4.13 13:07:48 09/06/19
904,83.1,22.175,1020.51,5.0,4.12 13:18:32 09/06/19
903,81.9,22.3,1020.46,5.0,4.12 13:29:15 09/06/19
894,74.3,22.425,1020.24,5.0,4.11 13:39:55 09/06/19
886,79.6,22.43,1020.21,5.0,4.11 13:50:34 09/06/19
884,79.1,22.27,1020.16,4.37,4.21 14:01:12 09/06/19
879,81.2,22.265,1020.05,5.0,4.15 14:11:51 09/06/19
890,77.1,22.25,1019.92,5.0,4.14 14:22:31 09/06/19
879,77.3,22.275,1019.64,5.0,4.13 14:33:10 09/06/19
875,78.3,22.25,1019.52,5.0,4.12 14:43:49 09/06/19
876,79.8,22.29,1019.46,5.0,4.11 14:54:29 09/06/19
875,70.3,22.119999,1019.3,5.0,4.11 15:05:05 09/06/19
864,76.1,22.18,1019.26,4.26,4.17 15:15:46 09/06/19
843,76.7,22.14,1019.24,5.0,4.14 15:26:25 09/06/19
838,74.8,21.785,1019.02,5.0,4.14 15:37:05 09/06/19
832,73.6,21.615,1018.92,5.0,4.13 15:47:43 09/06/19
841,73.8,21.535,1018.84,5.0,4.12 15:58:22 09/06/19
844,74.8,21.555,1018.78,5.0,4.11 16:09:01 09/06/19
809,73.1,21.54,1018.78,5.0,4.11 16:19:40 09/06/19
815,73.9,21.314999,1018.66,5.0,4.11 16:30:19 09/06/19
831,74.3,21.135,1018.63,4.22,4.14 16:40:59 09/06/19
823,74.7,21.150002,1018.34,5.0,4.15 16:51:37 09/06/19
842,75.6,21.16,1018.34,5.0,4.13 17:02:16 09/06/19
818,75.4,21.19,1018.32,5.0,4.13 17:12:55 09/06/19
810,75.7,21.18,1018.14,5.0,4.12 17:23:33 09/06/19
763,76.6,20.98,1018.2,5.0,4.11 17:34:12 09/06/19
744,76.5,20.765,1018.01,4.78,4.12 17:44:51 09/06/19
747,76.0,20.474998,1017.91,5.0,4.15 17:55:30 09/06/19
747,76.8,20.285,1017.81,5.0,4.18 18:06:09 09/06/19
756,78.1,20.26,1017.84,5.0,4.16 18:16:47 09/06/19
753,78.3,20.175,1017.81,5.0,4.15 18:27:23 09/06/19
739,78.3,19.994999,1017.8,5.0,4.14 18:38:07 09/06/19
770,78.8,19.91,1017.84,5.0,4.13 18:48:52 09/06/19
782,79.8,19.91,1017.62,5.0,4.12 18:59:34 09/06/19
755,79.6,19.91,1017.65,5.0,4.12 19:10:15 09/06/19
739,79.5,19.810001,1017.71,5.0,4.07 19:20:54 09/06/19
747,79.7,19.69,1017.6,4.23,4.12 19:31:33 09/06/19
736,79.5,19.529999,1017.54,5.0,4.15 19:42:12 09/06/19
736,79.5,19.4,1017.41,4.78,4.18 19:52:49 09/06/19
719,79.9,19.305,1017.42,5.0,4.17 20:03:27 09/06/19
718,79.9,19.21,1017.42,5.0,4.15 20:14:06 09/06/19
669,80.0,19.1,1017.35,5.0,4.14 20:24:44 09/06/19
648,80.0,19.0,1017.22,5.0,4.13 20:35:26 09/06/19
671,80.1,18.82,1017.19,5.0,4.13 20:46:09 09/06/19
689,80.5,18.7,1017.19,5.0,4.12 20:56:47 09/06/19
683,80.6,18.615,1017.01,5.0,4.12 21:07:25 09/06/19
662,80.2,18.515,1017.02,5.0,4.11 21:18:03 09/06/19
629,80.2,18.415,1016.93,4.4,4.11 21:28:41 09/06/19
578,80.4,18.32,1016.87,4.6,4.11 21:39:20 09/06/19
519,80.5,18.21,1016.91,4.17,4.11 21:49:57 09/06/19
427,80.7,18.045,1016.89,3.76,4.1 22:00:34 09/06/19
347,80.5,17.93,1016.76,1.75,4.1 22:11:12 09/06/19
289,80.5,17.82,1016.83,0.73,4.09 22:21:50 09/06/19
243,81.1,17.715,1016.84,0.21,4.09 22:32:28 09/06/19
