177,80.6,25.555,1015.01,0.0,4.07 00:00:49 25/06/19
176,79.6,25.465,1015.06,0.0,4.07 00:06:05 25/06/19
174,80.3,25.395,1015.02,0.0,4.07 00:11:21 25/06/19
174,80.8,25.26,1015.01,0.0,4.07 00:16:37 25/06/19
174,80.2,25.220001,1014.99,0.0,4.07 00:21:51 25/06/19
170,80.3,25.14,1014.96,0.0,4.06 00:27:12 25/06/19
172,81.0,25.11,1014.95,0.0,4.06 00:32:32 25/06/19
170,81.5,25.025,1014.95,0.0,4.06 00:37:49 25/06/19
170,82.0,24.945,1015.0,0.0,4.06 00:43:05 25/06/19
169,81.8,24.915,1015.06,0.0,4.06 00:48:21 25/06/19
170,82.4,24.835,1015.01,0.0,4.06 00:53:36 25/06/19
169,82.9,24.75,1014.97,0.0,4.06 00:58:52 25/06/19
168,83.3,24.725,1014.94,0.0,4.06 01:04:08 25/06/19
168,82.8,24.64,1014.93,0.0,4.06 01:09:25 25/06/19
167,83.8,24.61,1014.93,0.0,4.05 01:14:41 25/06/19
167,84.7,24.535,1014.89,0.0,4.05 01:19:56 25/06/19
165,84.1,24.515,1014.9,0.0,4.05 01:25:18 25/06/19
165,85.4,24.435,1014.85,0.0,4.05 01:30:39 25/06/19
165,85.4,24.404999,1014.84,0.0,4.05 01:35:52 25/06/19
164,85.3,24.265,1014.89,0.0,4.05 01:41:14 25/06/19
166,87.8,24.235,1014.86,0.0,4.05 01:46:30 25/06/19
165,84.3,24.215,1014.87,0.0,4.05 01:51:48 25/06/19
165,89.6,24.215,1014.81,0.0,4.05 01:57:03 25/06/19
165,85.0,24.21,1014.79,0.0,4.05 02:02:19 25/06/19
164,83.8,24.215,1014.77,0.0,4.05 02:07:36 25/06/19
163,84.7,24.23,1014.69,0.0,4.04 02:12:49 25/06/19
161,83.5,24.235,1014.72,0.0,4.04 02:18:06 25/06/19
161,83.3,24.3,1014.78,0.0,4.04 02:23:22 25/06/19
162,83.7,24.315,1014.81,0.0,4.04 02:28:36 25/06/19
159,83.7,24.325,1014.71,0.0,4.04 02:33:54 25/06/19
159,83.6,24.39,1014.66,0.0,4.04 02:39:09 25/06/19
160,84.0,24.355,1014.55,0.0,4.04 02:44:23 25/06/19
160,84.0,24.395,1014.49,0.0,4.04 02:49:40 25/06/19
159,82.7,24.375,1014.51,0.0,4.04 02:54:55 25/06/19
160,82.4,24.310001,1014.61,0.0,4.04 03:00:12 25/06/19
160,82.4,24.305,1014.63,0.0,4.04 03:05:26 25/06/19
159,83.3,24.29,1014.65,0.0,4.04 03:10:44 25/06/19
159,82.8,24.265,1014.57,0.0,4.04 03:16:00 25/06/19
159,82.7,24.205,1014.54,0.0,4.04 03:21:16 25/06/19
159,82.8,24.19,1014.48,0.0,4.03 03:26:31 25/06/19
159,83.7,24.115,1014.33,0.0,4.04 03:31:48 25/06/19
161,84.6,24.105,1014.29,0.0,4.03 03:37:01 25/06/19
161,84.7,24.085,1014.2,0.0,4.03 03:42:18 25/06/19
163,85.4,24.015,1014.16,0.0,4.03 03:47:32 25/06/19
163,84.3,23.935,1014.21,0.0,4.03 03:52:48 25/06/19
163,83.8,23.91,1014.24,0.0,4.03 03:58:06 25/06/19
164,84.3,23.9,1014.15,0.0,4.03 04:03:21 25/06/19
166,87.2,23.904999,1014.15,0.0,4.03 04:08:35 25/06/19
169,84.0,23.835,1014.09,0.0,4.03 04:13:52 25/06/19
174,85.1,23.805,1014.02,0.0,4.03 04:19:08 25/06/19
180,85.4,23.795,1014.02,0.01,4.03 04:24:24 25/06/19
189,84.7,23.720001,1014.0,0.02,4.03 04:29:40 25/06/19
199,86.7,23.69,1014.01,0.05,4.03 04:34:55 25/06/19
212,85.4,23.61,1013.84,0.1,4.03 04:40:11 25/06/19
229,84.9,23.58,1013.8,0.21,4.03 04:45:26 25/06/19
249,85.7,23.505001,1013.73,0.39,4.03 04:50:43 25/06/19
273,84.4,23.49,1013.74,0.68,4.03 04:56:02 25/06/19
303,84.2,23.470001,1013.81,1.13,4.03 05:01:22 25/06/19
343,84.4,23.395,1013.85,1.87,4.02 05:06:38 25/06/19
384,84.1,23.384998,1013.92,2.8,4.03 05:11:51 25/06/19
401,85.6,23.395,1013.93,2.98,4.02 05:17:09 25/06/19
423,85.5,23.48,1013.78,3.1,4.02 05:22:24 25/06/19
453,85.5,23.555,1013.69,3.47,4.02 05:27:41 25/06/19
484,85.7,23.59,1013.81,3.95,4.02 05:32:56 25/06/19
522,85.4,23.615,1013.83,4.11,4.02 05:38:11 25/06/19
561,85.2,23.615,1013.78,4.1,4.02 05:43:27 25/06/19
590,86.0,23.665,1013.77,4.82,4.02 05:48:43 25/06/19
606,85.1,23.67,1013.79,4.34,4.02 05:53:58 25/06/19
622,85.8,23.665,1013.65,5.0,4.02 05:59:14 25/06/19
642,85.8,23.615,1013.65,5.0,4.02 06:04:28 25/06/19
664,85.6,23.605,1013.66,5.0,4.02 06:09:45 25/06/19
687,85.8,23.59,1013.7,4.98,4.03 06:15:01 25/06/19
706,85.4,23.59,1013.83,4.44,4.03 06:20:18 25/06/19
734,85.8,23.595001,1013.89,5.0,4.03 06:25:33 25/06/19
742,85.8,23.66,1013.94,5.0,4.04 06:30:48 25/06/19
740,87.0,23.67,1013.91,4.34,4.04 06:36:03 25/06/19
736,86.3,23.69,1013.92,4.16,4.04 06:41:17 25/06/19
753,86.2,23.715,1014.03,5.0,4.05 06:46:34 25/06/19
756,86.9,23.79,1014.07,5.0,4.05 06:51:50 25/06/19
742,87.0,23.810001,1014.06,5.0,4.05 06:57:06 25/06/19
752,86.8,23.895,1014.05,5.0,4.05 07:02:22 25/06/19
738,89.2,23.92,1014.02,4.72,4.05 07:07:35 25/06/19
732,88.2,23.93,1013.97,4.14,4.05 07:12:53 25/06/19
745,87.4,23.994999,1013.98,5.0,4.06 07:18:09 25/06/19
751,87.6,24.0,1013.98,5.0,4.06 07:23:23 25/06/19
761,87.3,24.060001,1013.91,4.19,4.06 07:28:41 25/06/19
771,87.3,24.07,1013.88,4.45,4.08 07:33:54 25/06/19
780,88.1,24.09,1013.87,4.25,4.09 07:39:12 25/06/19
789,88.2,24.17,1013.89,4.16,4.1 07:44:27 25/06/19
799,88.4,24.2,1013.83,4.17,4.13 07:49:43 25/06/19
788,88.0,24.28,1013.83,5.0,4.14 07:54:59 25/06/19
781,88.0,24.36,1013.87,4.75,4.15 08:00:14 25/06/19
799,88.6,24.38,1013.92,4.43,4.17 08:05:30 25/06/19
825,88.7,24.4,1013.97,5.0,4.14 08:10:47 25/06/19
849,89.2,24.575,1013.99,5.0,4.13 08:16:02 25/06/19
861,90.2,24.95,1014.04,5.0,4.12 08:21:18 25/06/19
818,88.3,25.28,1013.96,5.0,4.11 08:26:37 25/06/19
809,88.1,25.375,1013.91,4.24,4.13 08:31:59 25/06/19
812,87.5,25.365,1013.91,4.29,4.17 08:37:13 25/06/19
862,87.7,25.38,1013.93,5.0,4.15 08:42:30 25/06/19
864,88.7,25.529999,1013.96,5.0,4.14 08:47:46 25/06/19
877,89.7,25.805,1013.91,5.0,4.13 08:53:02 25/06/19
877,88.7,26.07,1013.91,5.0,4.13 08:58:19 25/06/19
879,89.1,26.225,1013.93,5.0,4.12 09:03:39 25/06/19
880,88.6,26.470001,1014.03,5.0,4.12 09:08:59 25/06/19
882,88.5,26.66,1013.95,5.0,4.11 09:14:15 25/06/19
883,87.5,26.91,1014.01,4.26,4.17 09:19:31 25/06/19
884,87.5,27.125,1014.03,5.0,4.16 09:24:47 25/06/19
886,87.5,27.314999,1014.0,5.0,4.15 09:30:04 25/06/19
886,86.9,27.51,1013.94,5.0,4.14 09:35:21 25/06/19
888,86.8,27.69,1013.93,5.0,4.13 09:40:36 25/06/19
889,86.4,27.880001,1013.95,5.0,4.13 09:45:53 25/06/19
890,85.4,28.060001,1013.9,5.0,4.12 09:51:09 25/06/19
891,85.4,28.195,1013.94,5.0,4.12 09:56:29 25/06/19
893,85.2,28.380001,1013.87,5.0,4.12 10:01:51 25/06/19
893,85.4,28.555,1013.92,5.0,4.11 10:07:07 25/06/19
893,85.0,28.675,1013.88,5.0,4.11 10:12:24 25/06/19
895,85.3,28.880001,1013.93,4.37,4.21 10:17:40 25/06/19
895,84.9,29.09,1013.92,5.0,4.16 10:22:57 25/06/19
895,84.0,29.265,1013.95,5.0,4.15 10:28:14 25/06/19
897,84.5,29.375,1014.01,5.0,4.14 10:33:30 25/06/19
899,84.6,29.465,1013.99,5.0,4.14 10:38:47 25/06/19
899,83.2,29.645,1014.0,5.0,4.13 10:44:05 25/06/19
898,84.1,29.825,1014.06,5.0,4.13 10:49:20 25/06/19
900,84.4,30.015,1014.08,5.0,4.12 10:54:38 25/06/19
900,84.6,30.224998,1014.14,5.0,4.12 10:59:54 25/06/19
901,83.5,30.445,1014.15,5.0,4.12 11:05:11 25/06/19
904,84.1,30.695,1014.2,5.0,4.11 11:10:28 25/06/19
903,83.8,30.895,1014.23,5.0,4.11 11:15:44 25/06/19
903,83.2,31.015,1014.16,5.0,4.22 11:21:01 25/06/19
904,83.4,31.145,1014.06,5.0,4.16 11:26:18 25/06/19
904,81.5,31.33,1014.07,5.0,4.15 11:31:34 25/06/19
905,82.1,31.54,1014.11,5.0,4.15 11:36:52 25/06/19
906,80.6,31.699999,1014.14,5.0,4.14 11:42:13 25/06/19
906,81.4,31.825,1014.14,5.0,4.13 11:47:35 25/06/19
905,80.6,31.925,1014.09,5.0,4.13 11:52:52 25/06/19
903,80.8,32.035,1014.16,5.0,4.13 11:58:09 25/06/19
903,81.0,32.120003,1014.21,5.0,4.13 12:03:27 25/06/19
903,80.9,32.225,1014.14,5.0,4.12 12:08:44 25/06/19
902,79.3,32.35,1014.17,5.0,4.12 12:14:01 25/06/19
902,78.9,32.485,1014.16,5.0,4.12 12:19:18 25/06/19
895,78.7,32.51,1014.25,5.0,4.11 12:24:36 25/06/19
908,79.3,32.6,1014.22,5.0,4.21 12:29:54 25/06/19
907,79.1,32.81,1014.28,5.0,4.17 12:35:10 25/06/19
904,75.0,32.915,1014.3,5.0,4.15 12:40:31 25/06/19
906,77.0,33.015,1014.31,5.0,4.14 12:45:57 25/06/19
904,76.5,33.120003,1014.34,5.0,4.14 12:51:23 25/06/19
907,73.8,33.29,1014.32,5.0,4.13 12:56:49 25/06/19
909,77.0,33.465,1014.29,5.0,4.13 13:02:15 25/06/19
907,74.6,33.434998,1014.21,5.0,4.13 13:07:38 25/06/19
906,75.7,33.585,1014.25,5.0,4.12 13:12:55 25/06/19
905,73.8,33.77,1014.18,5.0,4.12 13:18:13 25/06/19
908,75.5,33.875,1014.26,5.0,4.12 13:23:30 25/06/19
902,74.4,33.989998,1014.28,5.0,4.11 13:28:48 25/06/19
907,76.5,34.08,1014.35,5.0,4.11 13:34:05 25/06/19
908,76.6,34.245003,1014.36,5.0,4.21 13:39:23 25/06/19
904,75.3,34.4,1014.33,5.0,4.17 13:44:41 25/06/19
902,74.5,34.515,1014.3,5.0,4.16 13:49:58 25/06/19
901,74.9,34.59,1014.32,5.0,4.15 13:55:16 25/06/19
899,67.9,34.54,1014.3,5.0,4.14 14:00:33 25/06/19
902,71.3,34.519997,1014.38,5.0,4.14 14:05:51 25/06/19
903,72.6,34.59,1014.38,5.0,4.13 14:11:09 25/06/19
904,72.7,34.684998,1014.39,5.0,4.13 14:16:26 25/06/19
908,72.4,34.739998,1014.39,5.0,4.13 14:21:44 25/06/19
907,72.2,34.9,1014.35,5.0,4.12 14:27:03 25/06/19
900,71.5,35.095,1014.35,5.0,4.12 14:32:20 25/06/19
904,70.5,35.260002,1014.32,5.0,4.12 14:37:38 25/06/19
900,70.7,35.295,1014.4,5.0,4.11 14:42:55 25/06/19
907,72.1,35.385002,1014.29,5.0,4.11 14:48:13 25/06/19
907,70.6,35.5,1014.25,5.0,4.21 14:53:31 25/06/19
903,69.1,35.705,1014.33,5.0,4.17 14:58:50 25/06/19
902,65.6,35.485,1014.35,5.0,4.16 15:04:08 25/06/19
902,65.7,35.43,1014.4,5.0,4.15 15:09:25 25/06/19
906,62.5,35.415,1014.45,5.0,4.14 15:14:41 25/06/19
900,65.2,35.42,1014.47,5.0,4.14 15:20:01 25/06/19
901,62.3,35.355003,1014.43,5.0,4.13 15:25:18 25/06/19
901,65.2,35.33,1014.48,5.0,4.13 15:30:36 25/06/19
902,62.5,35.245,1014.47,5.0,4.13 15:35:54 25/06/19
902,64.7,35.175003,1014.43,5.0,4.12 15:41:13 25/06/19
904,63.6,35.14,1014.45,5.0,4.12 15:46:30 25/06/19
900,66.1,35.32,1014.43,5.0,4.12 15:51:48 25/06/19
900,63.1,35.515,1014.5,5.0,4.11 15:57:09 25/06/19
901,63.7,35.535,1014.43,5.0,4.11 16:02:33 25/06/19
902,64.4,35.6,1014.43,5.0,4.22 16:07:50 25/06/19
849,63.2,35.655,1014.45,5.0,4.17 16:13:08 25/06/19
900,64.7,35.645,1014.43,5.0,4.16 16:18:26 25/06/19
900,65.5,35.65,1014.49,5.0,4.15 16:23:44 25/06/19
889,65.4,35.82,1014.58,5.0,4.14 16:29:02 25/06/19
862,61.6,35.86,1014.66,5.0,4.14 16:34:23 25/06/19
898,61.8,35.739998,1014.6,5.0,4.13 16:39:46 25/06/19
898,63.4,35.66,1014.77,5.0,4.13 16:45:04 25/06/19
893,60.2,35.645,1014.7,5.0,4.13 16:50:23 25/06/19
894,60.6,35.55,1014.78,5.0,4.12 16:55:40 25/06/19
892,62.5,35.475,1014.84,5.0,4.12 17:00:58 25/06/19
893,60.7,35.475,1014.81,5.0,4.12 17:06:16 25/06/19
893,60.0,35.455,1014.85,5.0,4.12 17:11:34 25/06/19
887,61.5,35.39,1014.9,4.38,4.2 17:16:55 25/06/19
878,60.7,35.39,1014.94,5.0,4.17 17:22:19 25/06/19
886,61.5,35.395,1014.99,5.0,4.16 17:27:36 25/06/19
882,61.6,35.39,1015.01,5.0,4.15 17:32:54 25/06/19
886,61.4,35.370003,1014.97,5.0,4.14 17:38:11 25/06/19
885,59.4,35.285,1015.0,5.0,4.14 17:43:29 25/06/19
875,58.7,35.18,1015.03,5.0,4.14 17:48:47 25/06/19
882,58.2,34.92,1015.04,5.0,4.13 17:54:06 25/06/19
881,58.7,34.655,1015.09,5.0,4.13 17:59:23 25/06/19
878,59.4,34.605,1015.1,5.0,4.12 18:04:41 25/06/19
874,59.4,34.59,1015.21,5.0,4.12 18:09:58 25/06/19
875,58.9,34.455,1015.18,5.0,4.12 18:15:17 25/06/19
872,59.8,34.36,1015.23,5.0,4.12 18:20:32 25/06/19
869,57.6,34.25,1015.29,5.0,4.11 18:25:51 25/06/19
869,58.9,34.144997,1015.23,4.29,4.18 18:31:10 25/06/19
868,58.1,33.985,1015.24,5.0,4.17 18:36:27 25/06/19
864,57.4,33.92,1015.24,5.0,4.16 18:41:44 25/06/19
863,58.0,33.84,1015.25,5.0,4.15 18:47:02 25/06/19
860,59.3,33.824997,1015.35,5.0,4.14 18:52:19 25/06/19
856,58.7,33.739998,1015.33,5.0,4.14 18:57:38 25/06/19
849,58.9,33.644997,1015.36,5.0,4.14 19:02:54 25/06/19
853,59.0,33.555,1015.45,5.0,4.13 19:08:13 25/06/19
848,59.1,33.475,1015.5,5.0,4.13 19:13:28 25/06/19
845,60.3,33.445,1015.56,5.0,4.12 19:18:47 25/06/19
810,60.1,33.36,1015.57,5.0,4.12 19:24:05 25/06/19
801,60.3,33.324997,1015.67,5.0,4.12 19:29:22 25/06/19
796,60.5,33.260002,1015.73,5.0,4.11 19:34:40 25/06/19
788,60.2,33.165,1015.8,4.21,4.13 19:39:57 25/06/19
788,61.1,33.155,1015.88,4.27,4.16 19:45:14 25/06/19
786,60.9,33.15,1015.95,4.38,4.19 19:50:33 25/06/19
784,62.1,33.08,1015.95,5.0,4.17 19:55:49 25/06/19
781,61.7,33.059998,1016.07,5.0,4.16 20:01:07 25/06/19
784,61.3,32.97,1016.07,5.0,4.15 20:06:24 25/06/19
777,62.0,32.885002,1016.1,5.0,4.15 20:11:42 25/06/19
775,62.0,32.855,1016.15,5.0,4.14 20:17:00 25/06/19
767,62.8,32.775,1016.15,5.0,4.14 20:22:17 25/06/19
761,62.3,32.68,1016.22,5.0,4.13 20:27:34 25/06/19
761,62.5,32.58,1016.27,5.0,4.13 20:32:51 25/06/19
756,62.8,32.46,1016.33,5.0,4.13 20:38:08 25/06/19
749,63.0,32.36,1016.39,5.0,4.12 20:43:26 25/06/19
739,62.9,32.260002,1016.35,5.0,4.12 20:48:44 25/06/19
728,63.8,32.155,1016.36,5.0,4.12 20:54:00 25/06/19
716,63.8,32.045,1016.44,5.0,4.12 20:59:17 25/06/19
704,64.3,31.89,1016.5,4.58,4.12 21:04:35 25/06/19
699,65.2,31.785,1016.5,5.0,4.12 21:09:52 25/06/19
698,65.9,31.685001,1016.64,4.85,4.12 21:15:10 25/06/19
671,68.1,31.544998,1016.68,5.0,4.12 21:20:26 25/06/19
657,68.8,31.509998,1016.79,4.94,4.12 21:25:43 25/06/19
639,67.4,31.414999,1016.83,4.72,4.11 21:31:01 25/06/19
617,70.1,31.305,1016.87,4.61,4.11 21:36:21 25/06/19
586,68.1,31.205,1017.02,4.25,4.11 21:41:43 25/06/19
561,68.7,31.095001,1017.12,4.2,4.11 21:46:58 25/06/19
534,70.2,30.974998,1017.19,4.03,4.1 21:52:17 25/06/19
505,73.3,30.8,1017.31,3.68,4.1 21:57:34 25/06/19
474,72.7,30.635,1017.44,3.29,4.1 22:02:51 25/06/19
440,73.6,30.529999,1017.58,2.83,4.1 22:08:08 25/06/19
403,71.1,30.404999,1017.69,2.32,4.09 22:13:26 25/06/19
369,72.0,30.244999,1017.78,1.82,4.09 22:18:43 25/06/19
333,72.5,30.14,1017.91,1.24,4.09 22:23:59 25/06/19
300,73.4,30.029999,1017.96,0.69,4.09 22:29:14 25/06/19
274,74.1,29.904999,1018.08,0.38,4.08 22:34:39 25/06/19
255,73.1,29.725,1018.26,0.21,4.08 22:39:56 25/06/19
238,73.3,29.58,1018.3,0.11,4.08 22:45:15 25/06/19
225,75.2,29.275002,1018.32,0.06,4.08 22:50:31 25/06/19
214,74.4,29.135,1018.43,0.03,4.08 22:55:49 25/06/19
205,75.7,28.994999,1018.53,0.01,4.08 23:01:05 25/06/19
198,74.0,28.795,1018.66,0.0,4.07 23:06:21 25/06/19
193,76.9,28.56,1018.73,0.0,4.08 23:11:36 25/06/19
187,75.0,28.36,1018.79,0.0,4.07 23:16:54 25/06/19
182,75.6,28.225,1018.85,0.0,4.07 23:22:11 25/06/19
179,77.0,28.05,1018.83,0.0,4.07 23:27:27 25/06/19
176,76.1,27.92,1018.93,0.0,4.07 23:32:44 25/06/19
175,77.1,27.74,1018.92,0.0,4.07 23:37:58 25/06/19
171,75.7,27.61,1018.91,0.0,4.06 23:43:20 25/06/19
171,76.5,27.494999,1018.96,0.0,4.07 23:48:42 25/06/19
169,77.6,27.310001,1019.0,0.0,4.06 23:53:58 25/06/19
167,77.2,27.135,1019.08,0.0,4.06 23:59:15 25/06/19
