887,99.9,4.165,1015.53,0.0,3.99 00:01:20 01/11/19
865,99.9,4.19,1015.46,0.0,3.99 00:06:31 01/11/19
889,99.9,4.26,1015.37,0.0,3.99 00:11:47 01/11/19
885,99.9,4.29,1015.38,0.0,3.99 00:16:59 01/11/19
884,99.9,4.31,1015.23,0.0,3.99 00:22:16 01/11/19
888,99.9,4.375,1015.16,0.0,3.99 00:27:31 01/11/19
893,99.9,4.38,1015.18,0.0,3.98 00:32:49 01/11/19
891,99.9,4.395,1015.22,0.0,3.99 00:38:07 01/11/19
888,99.9,4.395,1015.04,0.0,3.98 00:43:19 01/11/19
894,99.9,4.405,1014.97,0.0,3.99 00:48:32 01/11/19
894,99.9,4.41,1014.95,0.0,3.98 00:53:46 01/11/19
883,99.9,4.465,1014.95,0.0,3.98 00:58:58 01/11/19
883,99.9,4.46,1014.94,0.0,3.98 01:04:11 01/11/19
885,99.9,4.465,1014.89,0.0,3.98 01:09:23 01/11/19
885,99.9,4.41,1014.73,0.0,3.98 01:14:37 01/11/19
882,99.9,4.415,1014.66,0.0,3.98 01:19:49 01/11/19
882,99.9,4.41,1014.65,0.0,3.98 01:25:03 01/11/19
881,99.9,4.405,1014.57,0.0,3.98 01:30:14 01/11/19
880,99.9,4.3849998,1014.48,0.0,3.98 01:35:28 01/11/19
879,99.9,4.375,1014.46,0.0,3.98 01:40:38 01/11/19
878,99.9,4.31,1014.42,0.0,3.98 01:45:52 01/11/19
878,99.9,4.31,1014.32,0.0,3.98 01:51:05 01/11/19
881,99.9,4.315,1014.2,0.0,3.98 01:56:19 01/11/19
881,99.9,4.3849998,1014.19,0.0,3.98 02:01:31 01/11/19
881,99.9,4.405,1014.13,0.0,3.98 02:06:43 01/11/19
874,99.9,4.485,1014.07,0.0,3.98 02:11:56 01/11/19
880,99.9,4.51,1013.91,0.0,3.97 02:17:10 01/11/19
880,99.9,4.605,1013.8,0.0,3.98 02:22:22 01/11/19
882,99.9,4.685,1013.61,0.0,3.97 02:27:35 01/11/19
888,99.9,4.765,1013.48,0.0,3.98 02:32:46 01/11/19
889,99.9,4.795,1013.42,0.0,3.97 02:38:00 01/11/19
889,99.9,4.87,1013.33,0.0,3.97 02:43:14 01/11/19
889,99.9,4.8900003,1013.24,0.0,3.98 02:48:24 01/11/19
889,99.9,4.905,1013.09,0.0,3.97 02:53:38 01/11/19
890,99.9,4.965,1013.02,0.0,3.97 02:58:51 01/11/19
892,99.9,4.99,1012.94,0.0,3.97 03:04:08 01/11/19
891,99.9,5.065,1012.9,0.0,3.97 03:09:26 01/11/19
890,99.9,5.075,1012.72,0.0,3.97 03:14:37 01/11/19
891,99.9,5.09,1012.56,0.0,3.97 03:19:55 01/11/19
891,99.9,5.175,1012.58,0.0,3.97 03:25:12 01/11/19
891,99.9,5.19,1012.53,0.0,3.97 03:30:26 01/11/19
891,99.9,5.26,1012.59,0.0,3.97 03:35:38 01/11/19
892,99.9,5.2799997,1012.49,0.0,3.97 03:40:52 01/11/19
891,99.9,5.3450003,1012.27,0.0,3.97 03:46:04 01/11/19
892,99.9,5.37,1012.18,0.0,3.97 03:51:20 01/11/19
891,99.9,5.4449997,1012.1,0.0,3.97 03:56:30 01/11/19
891,99.9,5.4700003,1012.1,0.0,3.97 04:01:42 01/11/19
891,99.9,5.55,1012.13,0.0,3.97 04:06:55 01/11/19
892,99.9,5.58,1012.1,0.0,3.97 04:12:08 01/11/19
891,99.9,5.6499996,1012.07,0.0,3.97 04:17:19 01/11/19
892,99.9,5.67,1012.05,0.0,3.96 04:22:35 01/11/19
891,99.9,5.7349997,1011.86,0.0,3.97 04:27:46 01/11/19
891,99.9,5.76,1011.7,0.0,3.96 04:33:00 01/11/19
892,99.9,5.835,1011.7,0.0,3.97 04:38:15 01/11/19
890,99.9,5.865,1011.57,0.0,3.96 04:43:26 01/11/19
887,99.9,5.9449997,1011.54,0.0,3.96 04:48:39 01/11/19
896,99.9,5.965,1011.46,0.0,3.96 04:53:53 01/11/19
901,99.9,5.98,1011.41,0.0,3.97 04:59:05 01/11/19
900,99.9,6.0550003,1011.4,0.0,3.97 05:04:18 01/11/19
901,99.9,6.0699997,1011.19,0.0,3.96 05:09:30 01/11/19
901,99.9,6.135,1011.09,0.0,3.97 05:14:43 01/11/19
901,99.9,6.16,1011.18,0.0,3.97 05:19:56 01/11/19
901,99.9,6.23,1011.02,0.0,3.96 05:25:12 01/11/19
904,99.9,6.245,1011.01,0.0,3.96 05:30:26 01/11/19
904,99.9,6.325,1010.95,0.0,3.96 05:35:44 01/11/19
903,99.9,6.335,1010.86,0.0,3.96 05:40:55 01/11/19
887,99.9,6.3500004,1010.83,0.0,3.96 05:46:10 01/11/19
887,99.9,6.365,1010.78,0.0,3.96 05:51:23 01/11/19
887,99.9,6.375,1010.62,0.0,3.96 05:56:36 01/11/19
888,99.9,6.4449997,1010.49,0.0,3.96 06:01:49 01/11/19
888,99.9,6.46,1010.34,0.0,3.96 06:07:02 01/11/19
888,99.9,6.48,1010.25,0.0,3.96 06:12:15 01/11/19
888,99.9,6.55,1010.12,0.0,3.96 06:17:28 01/11/19
886,99.9,6.5699997,1010.04,0.0,3.96 06:22:39 01/11/19
888,99.9,6.6499996,1009.84,0.0,3.96 06:27:54 01/11/19
888,99.9,6.715,1009.73,0.0,3.96 06:33:16 01/11/19
886,99.9,6.75,1009.5,0.0,3.96 06:38:28 01/11/19
888,99.9,6.82,1009.53,0.01,3.96 06:43:41 01/11/19
888,99.9,6.84,1009.42,0.05,3.96 06:48:54 01/11/19
888,99.9,6.86,1009.31,0.12,3.96 06:54:07 01/11/19
888,99.9,6.925,1009.23,0.23,3.96 06:59:21 01/11/19
887,99.9,6.94,1009.11,0.42,3.96 07:04:33 01/11/19
887,99.9,7.005,1009.07,0.71,3.96 07:09:45 01/11/19
888,99.9,7.035,1009.07,1.18,3.96 07:14:58 01/11/19
890,99.9,7.075,1008.97,1.94,3.96 07:20:13 01/11/19
890,99.9,7.1549997,1008.88,3.54,3.96 07:25:26 01/11/19
892,99.9,7.24,1008.88,3.43,3.96 07:30:46 01/11/19
891,99.9,7.325,1008.87,3.69,3.96 07:36:00 01/11/19
890,99.9,7.36,1008.76,4.06,3.96 07:41:13 01/11/19
892,99.9,7.4449997,1008.74,4.06,3.96 07:46:25 01/11/19
895,99.9,7.4700003,1008.7,4.1,3.96 07:51:40 01/11/19
896,99.9,7.55,1008.66,4.53,3.96 07:56:53 01/11/19
896,99.9,7.635,1008.6,4.54,3.96 08:02:05 01/11/19
899,99.9,7.66,1008.57,4.69,3.96 08:07:23 01/11/19
897,99.9,7.75,1008.5,4.32,3.96 08:12:39 01/11/19
901,99.9,7.82,1008.48,4.37,3.96 08:17:54 01/11/19
900,99.9,7.86,1008.31,4.56,3.96 08:23:06 01/11/19
902,99.9,7.9300003,1008.27,4.97,3.97 08:28:20 01/11/19
906,99.9,7.9750004,1008.26,4.77,3.96 08:33:33 01/11/19
906,99.9,8.065001,1008.15,5.0,3.96 08:38:45 01/11/19
910,99.9,8.15,1008.07,5.0,3.97 08:44:01 01/11/19
911,99.9,8.235001,1007.97,4.89,3.98 08:49:14 01/11/19
910,99.9,8.26,1007.93,4.06,3.98 08:54:26 01/11/19
908,99.9,8.33,1007.87,4.24,3.98 08:59:40 01/11/19
911,99.9,8.360001,1007.76,5.0,3.98 09:04:53 01/11/19
910,99.9,8.45,1007.62,4.16,3.98 09:10:09 01/11/19
908,99.9,8.475,1007.56,5.0,3.98 09:15:17 01/11/19
908,99.9,8.555,1007.43,5.0,3.98 09:20:31 01/11/19
909,99.9,8.58,1007.2,5.0,3.98 09:25:44 01/11/19
910,99.9,8.655001,1007.17,4.72,3.99 09:30:58 01/11/19
910,99.9,8.745,1007.1,5.0,3.98 09:36:12 01/11/19
910,99.9,8.77,1006.91,5.0,3.99 09:41:25 01/11/19
910,99.9,8.845,1006.9,5.0,3.99 09:46:39 01/11/19
908,99.9,8.94,1006.81,5.0,3.99 09:51:54 01/11/19
908,99.9,8.969999,1006.69,5.0,4.0 09:57:06 01/11/19
909,99.9,9.05,1006.53,4.84,4.0 10:02:17 01/11/19
911,99.9,9.07,1006.61,5.0,4.0 10:07:32 01/11/19
912,99.9,9.15,1006.52,4.97,4.0 10:12:45 01/11/19
913,99.9,9.235001,1006.49,5.0,4.0 10:18:04 01/11/19
912,99.9,9.255,1006.39,5.0,4.02 10:23:21 01/11/19
913,99.9,9.345,1006.34,4.08,4.02 10:28:34 01/11/19
913,99.9,9.43,1006.3,4.12,4.03 10:33:47 01/11/19
913,99.9,9.46,1006.38,4.46,4.02 10:39:01 01/11/19
910,99.9,9.54,1006.37,4.19,4.02 10:44:15 01/11/19
912,99.9,9.559999,1006.24,4.17,4.02 10:49:27 01/11/19
907,99.9,9.64,1006.29,4.44,4.02 10:54:42 01/11/19
911,99.9,9.66,1006.3,4.27,4.02 10:59:54 01/11/19
913,99.9,9.735001,1006.23,4.18,4.02 11:05:08 01/11/19
910,99.9,9.76,1006.17,5.0,4.03 11:10:19 01/11/19
908,99.9,9.764999,1006.08,5.0,4.02 11:15:35 01/11/19
910,99.9,9.835,1005.89,5.0,4.02 11:20:48 01/11/19
913,99.9,9.91,1005.73,4.73,4.03 11:26:01 01/11/19
910,99.9,9.934999,1005.66,4.23,4.02 11:31:15 01/11/19
911,99.9,9.965,1005.62,4.56,4.02 11:36:28 01/11/19
907,99.9,10.035,1005.47,4.48,4.03 11:41:42 01/11/19
912,99.9,10.059999,1005.39,4.08,4.03 11:46:55 01/11/19
908,99.9,10.120001,1005.28,5.0,4.03 11:52:12 01/11/19
911,99.9,10.15,1005.16,4.09,4.04 11:57:31 01/11/19
910,99.9,10.219999,1005.05,4.09,4.04 12:02:43 01/11/19
910,99.9,10.23,1004.88,5.0,4.05 12:07:58 01/11/19
899,99.9,10.27,1004.81,4.1,4.05 12:13:19 01/11/19
906,99.9,10.360001,1004.77,5.0,4.06 12:18:33 01/11/19
901,99.9,10.44,1004.61,4.24,4.06 12:23:46 01/11/19
903,99.9,10.469999,1004.49,4.32,4.08 12:29:00 01/11/19
906,99.9,10.535,1004.3,4.22,4.1 12:34:13 01/11/19
900,99.9,10.585,1004.13,5.0,4.12 12:39:27 01/11/19
899,99.9,10.66,1003.96,5.0,4.15 12:44:41 01/11/19
900,99.9,10.775,1003.8,4.32,4.15 12:49:55 01/11/19
898,99.9,10.855,1003.74,5.0,4.14 12:55:09 01/11/19
893,99.9,10.94,1003.55,4.27,4.15 13:00:21 01/11/19
889,99.9,11.05,1003.52,4.24,4.15 13:05:35 01/11/19
901,99.9,11.059999,1003.38,4.9,4.15 13:10:48 01/11/19
909,99.9,11.14,1003.2,4.24,4.16 13:16:03 01/11/19
913,99.9,11.245,1003.04,4.3,4.17 13:21:19 01/11/19
905,99.9,11.43,1002.91,4.29,4.17 13:26:42 01/11/19
900,99.9,11.46,1002.77,4.77,4.15 13:32:00 01/11/19
901,99.9,11.545,1002.69,4.37,4.15 13:37:14 01/11/19
892,99.9,11.620001,1002.5,4.24,4.13 13:42:27 01/11/19
902,99.9,11.66,1002.48,4.3,4.16 13:47:41 01/11/19
915,99.9,11.675,1002.31,4.27,4.16 13:52:55 01/11/19
906,99.9,11.67,1002.19,4.3,4.16 13:58:08 01/11/19
912,99.9,11.745,1001.92,4.3,4.17 14:03:22 01/11/19
913,99.9,11.764999,1001.85,4.37,4.16 14:08:39 01/11/19
907,99.9,11.78,1001.62,5.0,4.16 14:13:58 01/11/19
908,99.9,11.915,1001.48,4.84,4.16 14:19:11 01/11/19
911,99.9,11.94,1001.42,4.28,4.16 14:24:25 01/11/19
898,99.9,11.965,1001.18,5.0,4.15 14:29:39 01/11/19
901,99.9,12.030001,1001.06,5.0,4.16 14:34:56 01/11/19
906,99.9,12.045,1000.92,5.0,4.15 14:40:15 01/11/19
900,99.9,12.04,1000.8,5.0,4.14 14:45:29 01/11/19
891,99.9,12.055,1000.69,5.0,4.15 14:50:44 01/11/19
889,99.9,12.059999,1000.56,4.23,4.15 14:55:56 01/11/19
905,99.9,12.059999,1000.57,5.0,4.15 15:01:08 01/11/19
908,99.9,12.055,1000.38,5.0,4.15 15:06:22 01/11/19
913,99.9,12.05,1000.24,5.0,4.17 15:11:41 01/11/19
900,99.9,12.07,1000.18,4.3,4.16 15:16:59 01/11/19
908,99.9,12.065001,1000.01,5.0,4.15 15:22:14 01/11/19
908,99.9,12.075,999.93,5.0,4.15 15:27:25 01/11/19
900,99.9,12.07,999.78,5.0,4.17 15:32:40 01/11/19
889,99.9,13.005,999.41,4.11,4.05 15:52:18 01/11/19
891,99.9,13.285,998.02,4.21,3.97 16:55:13 01/11/19
889,99.9,13.085,997.98,4.08,3.98 17:00:31 01/11/19
881,99.9,12.805,997.99,3.78,3.98 17:05:53 01/11/19
885,99.9,12.719999,997.95,3.27,3.98 17:11:07 01/11/19
885,99.9,12.635,997.91,2.8,3.98 17:16:27 01/11/19
868,99.9,12.575,997.85,2.14,3.98 17:21:44 01/11/19
891,99.9,12.575,997.76,1.88,3.98 17:27:07 01/11/19
880,99.9,12.58,997.71,1.09,3.98 17:32:24 01/11/19
879,99.9,12.585,997.67,0.46,3.98 17:37:36 01/11/19
880,99.9,12.585,997.59,0.14,3.98 17:42:52 01/11/19
887,99.9,12.64,997.46,0.06,3.98 17:48:10 01/11/19
879,99.9,12.655001,997.47,0.02,3.98 17:53:29 01/11/19
878,99.9,12.655001,997.31,0.0,3.98 17:58:42 01/11/19
879,99.9,12.66,997.35,0.0,3.98 18:03:56 01/11/19
878,99.9,12.66,997.34,0.0,3.98 18:09:09 01/11/19
877,99.9,12.665,997.26,0.0,3.98 18:14:23 01/11/19
875,99.9,12.675,997.34,0.0,3.98 18:19:38 01/11/19
882,99.9,12.690001,997.23,0.0,3.98 18:24:51 01/11/19
881,99.9,12.75,997.19,0.0,3.98 18:30:05 01/11/19
864,99.9,12.755,997.11,0.0,3.98 18:35:19 01/11/19
867,99.9,12.785,997.04,0.0,3.98 18:40:32 01/11/19
864,99.9,12.85,997.09,0.0,3.98 18:45:46 01/11/19
869,99.9,12.85,996.94,0.0,3.98 18:51:01 01/11/19
881,99.9,12.860001,996.82,0.0,3.98 18:56:14 01/11/19
867,99.9,12.895,996.87,0.0,3.98 19:01:28 01/11/19
878,99.9,12.94,996.78,0.0,3.98 19:06:42 01/11/19
859,99.9,12.96,996.7,0.0,3.98 19:11:55 01/11/19
871,99.9,13.030001,996.66,0.0,3.98 19:17:09 01/11/19
878,99.9,12.995,996.62,0.0,3.98 19:22:24 01/11/19
858,99.9,13.004999,996.47,0.0,3.98 19:27:37 01/11/19
867,99.9,13.055,996.39,0.0,3.97 19:32:51 01/11/19
872,99.9,13.07,996.29,0.0,3.97 19:38:06 01/11/19
860,99.9,13.08,996.29,0.0,3.98 19:43:18 01/11/19
872,99.9,13.1,996.23,0.0,3.98 19:48:35 01/11/19
873,99.9,13.16,996.17,0.0,3.98 19:53:48 01/11/19
873,99.9,13.17,996.06,0.0,3.98 19:59:01 01/11/19
873,99.9,13.175,995.93,0.0,3.98 20:04:14 01/11/19
854,99.9,13.21,995.91,0.0,3.97 20:09:32 01/11/19
851,99.9,13.25,995.79,0.0,3.98 20:14:50 01/11/19
845,99.9,13.255,995.67,0.0,3.97 20:20:02 01/11/19
885,99.9,13.28,995.7,0.0,3.97 20:25:30 01/11/19
880,99.9,13.34,995.55,0.0,3.97 20:30:49 01/11/19
876,99.9,13.385,995.48,0.0,3.97 20:36:01 01/11/19
888,99.9,13.38,995.41,0.0,3.97 20:41:17 01/11/19
884,99.9,13.389999,995.32,0.0,3.97 20:46:31 01/11/19
883,99.9,13.45,995.28,0.0,3.97 20:51:44 01/11/19
878,99.9,13.415,995.24,0.0,3.97 20:56:58 01/11/19
876,99.9,13.475,995.28,0.0,3.97 21:02:12 01/11/19
880,99.9,13.48,995.14,0.0,3.97 21:07:26 01/11/19
885,99.9,13.495,995.1,0.0,3.97 21:12:40 01/11/19
882,99.9,13.504999,995.04,0.0,3.97 21:17:53 01/11/19
878,99.9,13.565001,994.93,0.0,3.97 21:23:09 01/11/19
890,99.9,13.57,994.91,0.0,3.97 21:28:23 01/11/19
886,99.9,13.58,994.78,0.0,3.97 21:33:36 01/11/19
867,99.9,13.594999,994.64,0.0,3.97 21:38:50 01/11/19
881,99.9,13.6,994.53,0.0,3.97 21:44:04 01/11/19
885,99.9,13.645,994.53,0.0,3.97 21:49:18 01/11/19
898,99.9,13.655001,994.41,0.0,3.96 21:54:49 01/11/19
891,99.9,13.66,994.3,0.0,3.97 22:00:03 01/11/19
882,99.9,13.655001,994.15,0.0,3.97 22:05:17 01/11/19
885,99.9,13.65,994.05,0.0,3.97 22:10:30 01/11/19
897,99.9,13.59,993.98,0.0,3.96 22:15:48 01/11/19
885,99.9,13.585,993.91,0.0,3.97 22:21:08 01/11/19
884,99.9,13.585,993.9,0.0,3.97 22:26:22 01/11/19
898,99.9,13.594999,993.71,0.0,3.97 22:31:35 01/11/19
889,99.9,13.655001,993.68,0.0,3.96 22:36:52 01/11/19
891,99.9,13.610001,993.54,0.0,3.97 22:42:11 01/11/19
893,99.9,13.665,993.64,0.0,3.96 22:47:25 01/11/19
890,99.9,13.665,993.57,0.0,3.96 22:52:37 01/11/19
894,99.9,13.68,993.65,0.0,3.97 22:57:53 01/11/19
893,99.9,13.67,993.57,0.0,3.97 23:03:07 01/11/19
903,99.9,13.675,993.49,0.0,3.96 23:08:25 01/11/19
896,99.9,13.695,993.47,0.0,3.96 23:13:47 01/11/19
894,99.9,13.775,993.71,0.0,3.96 23:19:07 01/11/19
896,99.9,13.77,993.32,0.0,3.96 23:24:21 01/11/19
886,99.9,13.78,993.19,0.0,3.96 23:29:34 01/11/19
894,99.9,13.79,993.03,0.0,3.96 23:34:48 01/11/19
894,99.9,13.809999,992.95,0.0,3.96 23:40:02 01/11/19
884,99.9,13.865,992.9,0.0,3.96 23:45:16 01/11/19
878,99.9,13.87,992.82,0.0,3.96 23:50:28 01/11/19
891,99.9,13.875,992.7,0.0,3.96 23:55:48 01/11/19
