892,99.9,13.889999,992.65,0.0,3.97 00:01:04 02/11/19
898,99.9,13.95,992.67,0.0,3.96 00:06:24 02/11/19
882,99.9,13.98,992.57,0.0,3.96 00:11:43 02/11/19
894,99.9,14.035,992.47,0.0,3.96 00:16:57 02/11/19
884,99.9,14.055,992.35,0.0,3.96 00:22:09 02/11/19
896,99.9,14.07,992.23,0.0,3.96 00:27:25 02/11/19
885,99.9,14.09,992.13,0.0,3.96 00:32:39 02/11/19
882,99.9,14.16,992.0,0.0,3.96 00:37:53 02/11/19
881,99.9,14.165,992.01,0.0,3.96 00:43:07 02/11/19
899,99.9,14.185,991.82,0.0,3.96 00:48:21 02/11/19
887,99.9,14.24,991.69,0.0,3.96 00:53:33 02/11/19
890,99.9,14.190001,991.59,0.0,3.96 00:58:49 02/11/19
882,99.9,14.25,991.49,0.0,3.96 01:04:01 02/11/19
890,99.9,14.255,991.49,0.0,3.96 01:09:17 02/11/19
897,99.9,14.275,991.51,0.0,3.96 01:14:31 02/11/19
887,99.9,14.34,991.38,0.0,3.96 01:19:43 02/11/19
895,99.9,14.360001,991.36,0.0,3.96 01:25:00 02/11/19
886,99.9,14.37,991.17,0.0,3.96 01:30:14 02/11/19
892,99.9,14.45,991.08,0.0,3.96 01:35:27 02/11/19
887,99.9,14.455,990.99,0.0,3.96 01:40:41 02/11/19
898,99.9,14.469999,990.93,0.0,3.96 01:45:55 02/11/19
864,99.9,14.475,990.85,0.0,3.96 01:51:08 02/11/19
892,99.9,14.485,990.8,0.0,3.96 01:56:23 02/11/19
895,99.9,14.5,990.71,0.0,3.96 02:01:37 02/11/19
893,99.9,14.5,990.61,0.0,3.96 02:06:52 02/11/19
894,99.9,14.555,990.4,0.0,3.96 02:12:06 02/11/19
892,99.9,14.565001,990.24,0.0,3.96 02:17:20 02/11/19
893,99.9,14.59,990.18,0.0,3.96 02:22:34 02/11/19
895,99.9,14.594999,990.1,0.0,3.96 02:27:48 02/11/19
895,99.9,14.65,990.0,0.0,3.96 02:33:03 02/11/19
894,99.9,14.675,989.95,0.0,3.96 02:38:17 02/11/19
894,99.9,14.665,989.86,0.0,3.96 02:43:30 02/11/19
896,99.9,14.675,989.79,0.0,3.96 02:48:44 02/11/19
890,99.9,14.690001,989.72,0.0,3.96 02:53:58 02/11/19
889,99.9,14.700001,989.64,0.0,3.96 02:59:13 02/11/19
884,99.9,14.76,989.63,0.0,3.96 03:04:30 02/11/19
874,99.9,14.775,989.57,0.0,3.96 03:09:49 02/11/19
882,99.9,14.79,989.45,0.0,3.96 03:15:01 02/11/19
892,99.9,14.799999,989.42,0.0,3.96 03:20:17 02/11/19
896,99.9,14.860001,989.26,0.0,3.96 03:25:32 02/11/19
891,99.9,14.87,989.28,0.0,3.96 03:30:46 02/11/19
889,99.9,14.875,989.09,0.0,3.96 03:36:00 02/11/19
883,99.9,14.889999,988.88,0.0,3.96 03:41:14 02/11/19
883,99.9,14.96,988.81,0.0,3.96 03:46:29 02/11/19
877,99.9,14.969999,988.78,0.0,3.95 03:51:42 02/11/19
871,99.9,14.96,988.86,0.0,3.95 03:56:56 02/11/19
865,99.9,14.975,988.89,0.0,3.96 04:02:10 02/11/19
895,99.9,14.98,988.96,0.0,3.95 04:07:28 02/11/19
890,99.9,15.045,988.91,0.0,3.96 04:12:47 02/11/19
884,99.9,15.05,988.85,0.0,3.95 04:18:01 02/11/19
883,99.9,15.004999,988.78,0.0,3.95 04:23:15 02/11/19
862,99.9,15.0,988.68,0.0,3.95 04:28:30 02/11/19
887,99.9,14.99,988.56,0.0,3.95 04:33:46 02/11/19
884,99.9,14.99,988.72,0.0,3.95 04:38:58 02/11/19
886,99.9,14.99,988.74,0.0,3.95 04:44:13 02/11/19
884,99.9,14.995,988.78,0.0,3.95 04:49:26 02/11/19
880,99.9,15.08,988.84,0.0,3.95 04:54:40 02/11/19
869,99.9,15.075,988.77,0.0,3.95 04:59:55 02/11/19
875,99.9,15.085,988.73,0.0,3.95 05:05:09 02/11/19
879,99.9,15.08,988.71,0.0,3.95 05:10:23 02/11/19
878,99.9,15.085,988.69,0.0,3.95 05:15:35 02/11/19
871,99.9,15.075,988.72,0.0,3.95 05:20:52 02/11/19
875,99.9,15.085,988.7,0.0,3.95 05:26:05 02/11/19
871,99.9,15.07,988.62,0.0,3.95 05:31:19 02/11/19
875,99.9,15.08,988.61,0.0,3.95 05:36:34 02/11/19
877,99.9,15.085,988.62,0.0,3.95 05:41:48 02/11/19
876,99.9,15.1,988.71,0.0,3.95 05:47:02 02/11/19
870,99.9,15.1,988.84,0.0,3.95 05:52:17 02/11/19
860,99.9,15.085,988.79,0.0,3.94 05:57:28 02/11/19
854,99.9,15.085,988.77,0.0,3.95 06:02:44 02/11/19
865,99.9,15.085,988.74,0.0,3.94 06:07:58 02/11/19
911,99.9,15.085,988.78,0.0,3.94 06:13:26 02/11/19
892,99.9,15.08,988.67,0.0,3.94 06:18:44 02/11/19
870,99.9,15.025,988.77,0.0,3.94 06:23:58 02/11/19
876,99.9,15.0,988.74,0.0,3.94 06:29:13 02/11/19
874,99.9,14.92,988.77,0.0,3.94 06:34:24 02/11/19
872,99.9,14.844999,988.87,0.0,3.94 06:39:40 02/11/19
882,99.9,14.82,988.88,0.0,3.94 06:44:54 02/11/19
894,99.9,14.715,988.68,0.02,3.94 06:50:10 02/11/19
872,99.9,14.625,988.65,0.06,3.94 06:55:21 02/11/19
879,99.9,14.465,988.58,0.19,3.94 07:00:35 02/11/19
889,99.9,14.43,988.59,0.48,3.94 07:05:55 02/11/19
892,99.9,14.335,988.72,1.03,3.94 07:11:13 02/11/19
880,99.9,14.23,988.75,1.88,3.94 07:16:27 02/11/19
890,99.9,14.139999,988.85,2.87,3.94 07:21:45 02/11/19
881,99.9,14.059999,988.83,3.55,3.94 07:27:04 02/11/19
871,99.9,14.03,988.84,4.06,3.94 07:32:18 02/11/19
877,99.9,13.945,988.95,4.07,3.93 07:37:32 02/11/19
889,99.9,13.925,988.98,4.5,3.94 07:42:46 02/11/19
884,99.9,13.85,988.97,4.82,3.94 07:48:00 02/11/19
888,99.9,13.815001,988.9,4.65,3.94 07:53:14 02/11/19
899,99.9,13.735001,989.05,5.0,3.94 07:58:28 02/11/19
889,99.9,13.645,989.15,5.0,3.94 08:03:40 02/11/19
884,99.9,13.57,989.15,5.0,3.95 08:08:56 02/11/19
911,99.9,13.555,989.23,5.0,3.95 08:14:10 02/11/19
901,99.9,13.605,989.2,4.07,4.0 08:19:24 02/11/19
912,99.9,13.62,989.28,4.19,4.0 08:24:38 02/11/19
909,99.9,13.639999,989.27,4.15,4.06 08:29:52 02/11/19
914,99.9,13.72,989.32,4.35,4.08 08:35:04 02/11/19
911,99.9,13.809999,989.3,5.0,4.1 08:40:19 02/11/19
914,99.9,13.915,989.37,4.98,4.06 08:45:33 02/11/19
921,99.9,14.01,989.43,4.2,4.1 08:50:47 02/11/19
912,99.9,14.115,989.3,4.23,4.14 08:56:00 02/11/19
917,99.9,14.29,989.32,4.34,4.17 09:01:14 02/11/19
920,99.9,14.64,989.15,5.0,4.22 09:06:28 02/11/19
925,99.9,15.055,989.23,5.0,4.22 09:11:44 02/11/19
918,99.9,15.215,989.15,4.17,4.11 09:17:05 02/11/19
911,99.9,15.215,989.27,4.17,4.11 09:22:20 02/11/19
906,99.9,15.105,989.38,4.16,4.09 09:27:35 02/11/19
906,99.9,14.934999,989.32,5.0,4.08 09:32:49 02/11/19
912,99.9,14.835,989.21,5.0,4.07 09:38:03 02/11/19
916,99.9,14.73,989.14,5.0,4.1 09:43:18 02/11/19
911,99.9,14.639999,989.12,5.0,4.11 09:48:32 02/11/19
914,99.9,14.610001,989.07,4.93,4.13 09:53:46 02/11/19
900,99.9,14.625,989.15,5.0,4.12 09:58:59 02/11/19
888,99.9,14.555,989.78,4.28,4.09 10:04:13 02/11/19
894,99.9,14.2,989.79,4.68,4.09 10:09:27 02/11/19
907,99.9,13.915,989.88,4.14,4.1 10:14:41 02/11/19
908,99.9,13.61,989.82,4.17,4.12 10:19:54 02/11/19
910,99.9,13.5,989.95,4.18,4.14 10:25:09 02/11/19
911,99.9,13.46,989.92,5.0,4.14 10:30:23 02/11/19
894,99.9,13.450001,989.83,5.0,4.13 10:35:35 02/11/19
904,99.9,13.365,989.75,5.0,4.16 10:40:52 02/11/19
908,99.9,13.355,989.75,4.22,4.16 10:46:05 02/11/19
909,99.9,13.35,989.85,4.22,4.16 10:51:19 02/11/19
917,99.9,13.355,989.74,5.0,4.19 10:56:31 02/11/19
926,99.9,13.434999,989.93,5.0,4.19 11:01:51 02/11/19
918,99.9,13.535,989.73,4.38,4.17 11:07:09 02/11/19
904,99.9,13.49,989.65,4.22,4.14 11:12:22 02/11/19
914,99.9,13.475,989.56,5.0,4.17 11:17:37 02/11/19
914,99.9,13.395,989.58,4.25,4.14 11:22:51 02/11/19
908,99.9,13.344999,989.63,5.0,4.15 11:28:05 02/11/19
908,99.9,13.2,989.72,5.0,4.15 11:33:17 02/11/19
920,99.9,13.075,989.63,4.23,4.15 11:38:36 02/11/19
922,99.9,12.96,989.62,4.3,4.17 11:43:55 02/11/19
910,99.9,12.79,989.54,4.22,4.14 11:49:09 02/11/19
913,99.9,13.16,989.44,4.18,4.12 12:08:48 02/11/19
918,99.9,12.98,989.37,4.83,4.17 12:14:02 02/11/19
921,99.9,12.82,989.28,4.22,4.16 12:19:16 02/11/19
921,99.9,12.76,989.12,4.67,4.18 12:24:29 02/11/19
909,99.9,12.825,989.28,5.0,4.16 12:29:41 02/11/19
924,99.9,12.84,989.3,4.27,4.17 12:34:57 02/11/19
920,99.9,12.905001,989.19,4.32,4.18 12:40:09 02/11/19
932,99.9,13.004999,989.21,5.0,4.22 12:45:28 02/11/19
928,99.9,13.185,989.15,5.0,4.23 12:50:46 02/11/19
918,99.9,13.405001,989.05,4.83,4.21 12:56:01 02/11/19
921,99.9,13.655001,988.9,5.0,4.22 13:01:15 02/11/19
922,99.9,13.795,988.69,5.0,4.14 13:06:29 02/11/19
923,99.9,13.975,988.62,5.0,4.22 13:11:43 02/11/19
927,99.9,14.094999,988.64,5.0,4.23 13:16:55 02/11/19
927,99.9,14.25,988.56,5.0,4.23 13:22:11 02/11/19
922,99.9,14.295,988.48,5.0,4.21 13:27:27 02/11/19
928,99.9,14.38,988.27,5.0,4.14 13:32:39 02/11/19
931,99.9,14.4,988.12,5.0,4.23 13:37:53 02/11/19
932,99.9,14.5,987.93,5.0,4.22 13:43:07 02/11/19
911,99.9,14.65,987.84,5.0,4.22 13:48:22 02/11/19
925,99.9,14.700001,987.73,5.0,4.14 13:53:34 02/11/19
928,99.9,14.685,987.52,5.0,4.22 13:58:51 02/11/19
927,99.9,14.715,987.48,5.0,4.22 14:04:02 02/11/19
929,99.9,14.715,987.46,5.0,4.22 14:09:18 02/11/19
923,99.9,14.635,987.33,4.25,4.19 14:14:32 02/11/19
923,99.9,14.610001,987.24,5.0,4.22 14:19:47 02/11/19
924,99.9,14.605,987.22,4.4,4.22 14:25:00 02/11/19
921,99.9,14.610001,987.02,5.0,4.22 14:30:12 02/11/19
919,99.9,14.6,986.94,5.0,4.14 14:35:28 02/11/19
926,99.9,14.65,986.86,4.42,4.17 14:40:43 02/11/19
922,99.9,14.58,986.8,4.26,4.17 14:45:54 02/11/19
896,99.9,14.559999,986.8,5.0,4.17 14:51:10 02/11/19
899,99.9,14.49,986.85,4.27,4.17 14:56:23 02/11/19
905,99.9,14.465,986.8,4.22,4.15 15:01:38 02/11/19
904,99.9,14.4,986.69,4.32,4.16 15:06:51 02/11/19
914,99.9,14.385,986.64,4.23,4.14 15:12:07 02/11/19
911,99.9,14.389999,986.52,5.0,4.16 15:17:20 02/11/19
911,99.9,14.385,986.49,5.0,4.15 15:22:38 02/11/19
899,99.9,14.315001,986.44,4.22,4.16 15:27:55 02/11/19
915,99.9,14.29,986.42,5.0,4.15 15:33:09 02/11/19
924,99.9,14.28,986.35,5.0,4.17 15:38:30 02/11/19
915,99.9,14.35,986.38,5.0,4.16 15:43:48 02/11/19
915,99.9,14.365,986.39,4.32,4.15 15:49:02 02/11/19
913,99.9,14.355,986.3,5.0,4.16 15:54:15 02/11/19
913,99.9,14.365,986.16,4.3,4.16 15:59:30 02/11/19
904,99.9,14.360001,986.32,5.0,4.15 16:04:45 02/11/19
887,99.9,14.305,986.33,5.0,4.15 16:09:59 02/11/19
895,99.9,14.29,986.22,5.0,4.14 16:15:13 02/11/19
884,99.9,14.27,986.32,5.0,4.14 16:20:26 02/11/19
873,99.9,14.190001,986.34,4.68,4.15 16:25:39 02/11/19
903,99.9,14.110001,986.38,4.94,4.14 16:30:54 02/11/19
877,99.9,14.17,986.4,4.67,4.13 16:36:08 02/11/19
893,99.9,14.115,986.4,4.1,4.12 16:41:22 02/11/19
897,99.9,14.105,986.42,3.19,4.12 16:46:37 02/11/19
891,99.9,14.08,986.42,3.78,4.11 16:51:50 02/11/19
887,99.9,14.07,986.4,4.02,4.11 16:57:04 02/11/19
887,99.9,14.0,986.28,2.74,4.11 17:02:16 02/11/19
876,99.9,13.99,986.27,2.58,4.1 17:07:32 02/11/19
876,99.9,13.98,986.22,2.64,4.1 17:12:46 02/11/19
870,99.9,13.895,986.24,2.53,4.09 17:18:00 02/11/19
881,99.9,13.83,986.07,2.08,4.09 17:23:14 02/11/19
855,99.9,13.815001,986.14,0.96,4.09 17:28:28 02/11/19
866,99.9,13.79,986.07,0.71,4.08 17:33:48 02/11/19
860,99.9,13.735001,986.16,0.22,4.13 17:39:05 02/11/19
851,99.9,13.72,986.2,0.08,4.08 17:44:19 02/11/19
878,99.9,13.639999,986.16,0.03,4.07 17:49:33 02/11/19
850,99.9,13.615,986.18,0.02,4.07 17:54:47 02/11/19
850,99.9,13.605,986.23,0.0,4.06 18:00:04 02/11/19
871,99.9,13.59,986.2,0.0,4.07 18:05:24 02/11/19
858,99.9,13.52,986.31,0.0,4.07 18:10:36 02/11/19
876,99.9,13.49,986.21,0.0,4.06 18:15:56 02/11/19
808,99.9,13.48,986.18,0.0,4.06 18:21:13 02/11/19
867,99.9,13.405001,986.28,0.0,4.06 18:26:25 02/11/19
882,99.9,13.34,986.33,0.0,4.06 18:31:41 02/11/19
882,99.9,13.375,986.27,0.0,4.05 18:36:56 02/11/19
883,99.9,13.309999,986.34,0.0,4.06 18:42:10 02/11/19
890,99.9,13.299999,986.33,0.0,4.05 18:47:23 02/11/19
876,99.9,13.295,986.26,0.0,4.05 18:52:37 02/11/19
881,99.9,13.205,986.16,0.0,4.05 18:57:51 02/11/19
870,99.9,13.13,986.07,0.0,4.05 19:03:08 02/11/19
875,99.9,13.125,986.11,0.0,4.05 19:08:27 02/11/19
870,99.9,13.1,986.02,0.0,4.05 19:13:41 02/11/19
897,99.9,13.004999,985.99,0.0,4.04 19:18:59 02/11/19
884,99.9,12.99,985.95,0.0,4.04 19:24:18 02/11/19
866,99.9,12.975,985.77,0.0,4.04 19:29:31 02/11/19
869,99.9,12.92,985.83,0.0,4.04 19:34:52 02/11/19
883,99.9,12.905001,985.78,0.0,4.04 19:40:07 02/11/19
886,99.9,12.885,985.73,0.0,4.04 19:45:21 02/11/19
890,99.9,12.809999,985.7,0.0,4.04 19:50:37 02/11/19
888,99.9,12.805,985.75,0.0,4.03 19:55:49 02/11/19
883,99.9,12.799999,985.77,0.0,4.03 20:01:02 02/11/19
877,99.9,12.799999,985.84,0.0,4.03 20:06:16 02/11/19
875,99.9,12.73,985.98,0.0,4.03 20:11:28 02/11/19
877,99.9,12.71,985.82,0.0,4.03 20:16:44 02/11/19
873,99.9,12.715,985.79,0.0,4.03 20:21:58 02/11/19
877,99.9,12.705,985.83,0.0,4.03 20:27:15 02/11/19
875,99.9,12.71,985.8,0.0,4.03 20:32:34 02/11/19
871,99.9,12.705,985.78,0.0,4.03 20:37:46 02/11/19
858,99.9,12.635,985.73,0.0,4.03 20:43:01 02/11/19
878,99.9,12.685,985.71,0.0,4.03 20:48:15 02/11/19
869,99.9,12.675,985.81,0.0,4.03 20:53:27 02/11/19
875,99.9,12.610001,985.73,0.0,4.02 20:58:43 02/11/19
873,99.9,12.610001,985.75,0.0,4.03 21:03:55 02/11/19
862,99.9,12.605,985.74,0.0,4.02 21:09:10 02/11/19
874,99.9,12.58,985.77,0.0,4.02 21:14:24 02/11/19
867,99.9,12.525,985.82,0.0,4.02 21:19:39 02/11/19
867,99.9,12.514999,985.77,0.0,4.02 21:24:52 02/11/19
854,99.9,12.504999,985.9,0.0,4.02 21:30:06 02/11/19
861,99.9,12.5,985.92,0.0,4.02 21:35:19 02/11/19
863,99.9,12.49,985.95,0.0,4.02 21:40:33 02/11/19
863,99.9,12.43,985.85,0.0,4.02 21:45:48 02/11/19
864,99.9,12.475,986.02,0.0,4.02 21:51:01 02/11/19
861,99.9,12.415,986.03,0.0,4.02 21:56:14 02/11/19
857,99.9,12.415,986.08,0.0,4.01 22:01:28 02/11/19
841,99.9,12.41,986.17,0.0,4.02 22:06:42 02/11/19
863,99.9,12.42,986.16,0.0,4.01 22:11:56 02/11/19
855,99.9,12.440001,986.05,0.0,4.01 22:17:12 02/11/19
853,99.9,12.485,985.87,0.0,4.01 22:22:23 02/11/19
870,99.9,12.440001,985.79,0.0,4.01 22:27:37 02/11/19
868,99.9,12.434999,985.69,0.0,4.01 22:32:52 02/11/19
860,99.9,12.42,985.6,0.0,4.01 22:38:05 02/11/19
861,99.9,12.405001,985.53,0.0,4.01 22:43:20 02/11/19
841,99.9,12.395,985.36,0.0,4.01 22:48:32 02/11/19
843,99.9,12.34,985.35,0.0,4.01 22:53:44 02/11/19
848,99.9,12.309999,985.18,0.0,4.01 22:59:03 02/11/19
855,99.9,12.299999,985.22,0.0,4.01 23:04:14 02/11/19
864,99.9,12.295,985.06,0.0,4.0 23:09:27 02/11/19
854,99.9,12.24,984.93,0.0,4.01 23:14:41 02/11/19
841,99.9,12.22,984.81,0.0,4.01 23:19:55 02/11/19
838,99.9,12.215,984.85,0.0,4.01 23:25:07 02/11/19
844,99.9,12.145,984.91,0.0,4.0 23:30:22 02/11/19
839,99.9,12.13,984.82,0.0,4.0 23:35:37 02/11/19
820,99.9,12.110001,984.76,0.0,4.0 23:40:48 02/11/19
806,99.9,12.08,984.89,0.0,4.0 23:46:04 02/11/19
819,99.9,12.014999,984.91,0.0,4.0 23:51:17 02/11/19
816,99.9,11.995,984.91,0.0,4.0 23:56:30 02/11/19
