883,99.9,9.405001,989.72,0.0,4.0 00:04:00 05/11/19
878,99.9,9.4,989.91,0.0,4.0 00:09:14 05/11/19
872,99.9,9.395,989.98,0.0,3.99 00:14:27 05/11/19
870,99.9,9.33,990.06,0.0,4.0 00:19:40 05/11/19
862,99.9,9.32,990.09,0.0,3.99 00:24:58 05/11/19
876,99.9,9.315001,990.14,0.0,3.99 00:30:17 05/11/19
879,99.9,9.325,990.19,0.0,3.99 00:35:30 05/11/19
875,99.9,9.4,990.26,0.0,4.0 00:40:41 05/11/19
875,99.9,9.42,990.27,0.0,3.99 00:45:56 05/11/19
874,99.9,9.5,990.31,0.0,3.99 00:51:09 05/11/19
858,99.9,9.53,990.39,0.0,3.99 00:56:23 05/11/19
857,99.9,9.610001,990.45,0.0,3.99 01:01:36 05/11/19
850,99.9,9.639999,990.49,0.0,3.99 01:06:49 05/11/19
863,99.9,9.705,990.56,0.0,3.99 01:12:03 05/11/19
864,99.9,9.73,990.61,0.0,3.99 01:17:17 05/11/19
863,99.9,9.799999,990.65,0.0,3.99 01:22:29 05/11/19
852,99.9,9.809999,990.67,0.0,3.99 01:27:41 05/11/19
861,99.9,9.82,990.72,0.0,3.99 01:32:56 05/11/19
853,99.9,9.825,990.79,0.0,3.99 01:38:09 05/11/19
865,99.9,9.88,990.83,0.0,3.99 01:43:24 05/11/19
856,99.9,9.885,990.86,0.0,3.99 01:48:36 05/11/19
855,99.9,9.889999,990.87,0.0,3.99 01:53:50 05/11/19
853,99.9,9.91,990.86,0.0,3.99 01:59:03 05/11/19
838,99.9,9.92,991.0,0.0,3.99 02:04:17 05/11/19
813,99.9,9.93,991.03,0.0,3.98 02:09:30 05/11/19
837,99.9,9.99,991.07,0.0,3.99 02:14:42 05/11/19
856,99.9,9.99,991.14,0.0,3.99 02:19:58 05/11/19
832,99.9,9.995,991.1,0.0,3.98 02:25:10 05/11/19
839,99.9,10.004999,991.18,0.0,3.98 02:30:24 05/11/19
864,99.9,10.01,991.18,0.0,3.98 02:35:37 05/11/19
810,99.9,10.02,991.23,0.0,3.98 02:40:51 05/11/19
837,99.9,10.025,991.21,0.0,3.98 02:46:02 05/11/19
823,99.9,10.025,991.25,0.0,3.98 02:51:16 05/11/19
838,99.9,10.03,991.28,0.0,3.98 02:56:32 05/11/19
865,99.9,10.09,991.34,0.0,3.98 03:01:53 05/11/19
867,99.9,10.1,991.31,0.0,3.98 03:07:10 05/11/19
869,99.9,10.105,991.31,0.0,3.98 03:12:29 05/11/19
878,99.9,10.1,991.32,0.0,3.98 03:17:42 05/11/19
866,99.9,10.09,991.34,0.0,3.98 03:22:55 05/11/19
860,99.9,10.09,991.45,0.0,3.98 03:28:09 05/11/19
854,99.9,10.08,991.46,0.0,3.98 03:33:22 05/11/19
840,99.9,10.03,991.48,0.0,3.98 03:38:34 05/11/19
843,99.9,10.014999,991.48,0.0,3.98 03:43:49 05/11/19
839,99.9,10.01,991.47,0.0,3.98 03:49:03 05/11/19
812,99.9,10.01,991.43,0.0,3.97 03:54:17 05/11/19
825,99.9,10.01,991.51,0.0,3.98 03:59:30 05/11/19
840,99.9,10.0,991.54,0.0,3.98 04:04:46 05/11/19
851,99.9,10.0,991.55,0.0,3.98 04:10:05 05/11/19
832,99.9,10.0,991.58,0.0,3.98 04:15:16 05/11/19
841,99.9,9.99,991.61,0.0,3.97 04:20:32 05/11/19
841,99.9,9.99,991.58,0.0,3.97 04:25:49 05/11/19
841,99.9,9.99,991.63,0.0,3.97 04:31:12 05/11/19
838,99.9,9.995,991.67,0.0,3.96 04:36:30 05/11/19
829,99.9,9.985,991.62,0.0,3.97 04:41:41 05/11/19
821,99.9,9.985,991.74,0.0,3.97 04:46:56 05/11/19
840,99.9,9.93,991.79,0.0,3.97 04:52:07 05/11/19
841,99.9,9.92,991.8,0.0,3.97 04:57:23 05/11/19
813,99.9,9.915,991.79,0.0,3.97 05:02:36 05/11/19
856,99.9,9.905001,991.79,0.0,3.97 05:07:49 05/11/19
873,99.9,9.889999,991.83,0.0,3.97 05:13:04 05/11/19
872,99.9,9.895,991.93,0.0,3.97 05:18:16 05/11/19
867,99.9,9.889999,991.95,0.0,3.97 05:23:30 05/11/19
840,99.9,9.88,991.98,0.0,3.97 05:28:43 05/11/19
821,99.9,9.88,992.06,0.0,3.97 05:34:01 05/11/19
843,99.9,9.835,992.08,0.0,3.97 05:39:19 05/11/19
842,99.9,9.825,992.12,0.0,3.97 05:44:33 05/11/19
851,99.9,9.825,992.17,0.0,3.97 05:49:45 05/11/19
843,99.9,9.825,992.22,0.0,3.96 05:54:59 05/11/19
846,99.9,9.815001,992.27,0.0,3.96 06:00:10 05/11/19
855,99.9,9.815001,992.3,0.0,3.96 06:05:26 05/11/19
834,99.9,9.809999,992.24,0.0,3.96 06:10:40 05/11/19
813,99.9,9.809999,992.29,0.0,3.97 06:15:53 05/11/19
807,99.9,9.805,992.3,0.0,3.96 06:21:06 05/11/19
822,99.9,9.805,992.32,0.0,3.97 06:26:19 05/11/19
841,99.9,9.799999,992.39,0.0,3.96 06:31:33 05/11/19
834,99.9,9.799999,992.38,0.0,3.97 06:36:44 05/11/19
850,99.9,9.79,992.45,0.0,3.96 06:42:00 05/11/19
831,99.9,9.79,992.44,0.0,3.96 06:47:13 05/11/19
826,99.9,9.735001,992.51,0.0,3.97 06:52:26 05/11/19
821,99.9,9.785,992.6,0.01,3.96 06:57:44 05/11/19
838,99.9,9.785,992.68,0.04,3.96 07:03:02 05/11/19
844,99.9,9.78,992.7,0.12,3.96 07:08:16 05/11/19
835,99.9,9.73,992.69,0.41,3.96 07:13:27 05/11/19
821,99.9,9.72,992.75,1.04,3.96 07:18:42 05/11/19
818,99.9,9.72,992.8,1.87,3.96 07:23:55 05/11/19
828,99.9,9.71,992.89,2.69,3.96 07:29:09 05/11/19
816,99.9,9.695,992.92,3.47,3.96 07:34:23 05/11/19
844,99.9,9.639999,992.98,4.05,3.96 07:39:35 05/11/19
833,99.9,9.615,993.03,4.06,3.96 07:44:47 05/11/19
854,99.9,9.594999,993.13,4.25,3.96 07:50:02 05/11/19
879,99.9,9.54,993.31,4.49,3.96 07:55:19 05/11/19
855,99.9,9.52,993.34,4.47,3.96 08:00:37 05/11/19
873,99.9,9.504999,993.41,4.17,3.96 08:05:51 05/11/19
858,99.9,9.504999,993.49,4.6,3.96 08:11:04 05/11/19
861,99.9,9.495,993.58,5.0,3.97 08:16:18 05/11/19
894,99.9,9.485,993.59,5.0,3.96 08:21:31 05/11/19
907,99.9,9.434999,993.66,5.0,3.97 08:26:48 05/11/19
882,99.9,9.49,993.78,4.75,3.97 08:32:07 05/11/19
855,99.9,9.485,993.76,5.0,3.97 08:37:18 05/11/19
883,99.9,9.440001,993.87,4.55,3.98 08:42:33 05/11/19
877,99.9,9.495,993.93,4.22,3.98 08:47:44 05/11/19
881,99.9,9.5,994.06,5.0,3.97 08:52:59 05/11/19
863,99.9,9.504999,994.09,5.0,3.98 08:58:13 05/11/19
881,99.9,9.51,994.16,4.14,3.98 09:03:26 05/11/19
883,99.9,9.514999,994.23,4.06,3.99 09:08:43 05/11/19
876,99.9,9.535,994.21,4.12,3.99 09:14:00 05/11/19
880,99.9,9.54,994.18,5.0,4.0 09:19:13 05/11/19
875,99.9,9.62,994.28,4.08,4.02 09:24:32 05/11/19
884,99.9,9.700001,994.28,4.5,4.04 09:29:51 05/11/19
890,99.9,9.74,994.36,5.0,4.04 09:35:03 05/11/19
890,99.9,9.815001,994.33,4.17,4.04 09:40:17 05/11/19
886,99.9,9.84,994.31,4.1,4.04 09:45:34 05/11/19
893,99.9,9.93,994.4,4.14,4.06 09:50:52 05/11/19
895,99.9,9.940001,994.35,4.22,4.06 09:56:09 05/11/19
897,99.9,10.014999,994.48,4.94,4.08 10:01:28 05/11/19
896,99.9,10.035,994.43,4.2,4.08 10:06:41 05/11/19
898,99.9,10.105,994.44,4.46,4.1 10:11:54 05/11/19
896,99.9,10.13,994.52,4.32,4.11 10:17:06 05/11/19
895,99.9,10.22,994.63,4.23,4.12 10:22:19 05/11/19
891,99.9,10.29,994.67,4.65,4.1 10:27:35 05/11/19
893,99.9,10.305,994.74,5.0,4.1 10:32:48 05/11/19
891,99.9,10.265,994.88,4.17,4.08 10:38:02 05/11/19
885,99.9,10.305,994.94,5.0,4.08 10:43:15 05/11/19
907,99.9,10.245001,994.94,4.29,4.09 10:48:29 05/11/19
889,99.9,10.23,995.01,5.0,4.11 10:53:42 05/11/19
896,99.9,10.23,995.06,4.51,4.11 10:58:54 05/11/19
876,99.9,10.23,995.07,5.0,4.13 11:04:10 05/11/19
913,99.9,10.24,995.14,5.0,4.15 11:09:26 05/11/19
885,99.9,10.309999,995.09,4.41,4.15 11:14:45 05/11/19
887,99.9,10.33,995.07,4.23,4.15 11:19:56 05/11/19
915,99.9,10.41,995.09,4.24,4.16 11:25:15 05/11/19
916,99.9,10.495,995.08,4.42,4.16 11:30:33 05/11/19
908,99.9,10.535,995.12,4.34,4.16 11:35:47 05/11/19
906,99.9,10.615,995.15,4.8,4.15 11:41:00 05/11/19
915,99.9,10.695,995.24,4.63,4.14 11:46:14 05/11/19
883,99.9,10.705,995.25,4.26,4.16 11:51:27 05/11/19
883,99.9,10.705,995.21,4.95,4.16 11:56:41 05/11/19
880,99.9,10.705,995.24,4.22,4.16 12:01:55 05/11/19
891,99.9,10.700001,995.28,4.29,4.15 12:07:09 05/11/19
890,99.9,10.71,995.3,4.22,4.15 12:12:28 05/11/19
914,99.9,10.785,995.33,4.22,4.15 12:17:47 05/11/19
921,99.9,10.865,995.31,4.76,4.15 12:23:06 05/11/19
887,99.9,10.895,995.28,5.0,4.16 12:28:17 05/11/19
893,99.9,10.965,995.34,4.27,4.16 12:33:31 05/11/19
903,99.9,10.934999,995.27,5.0,4.17 12:38:46 05/11/19
914,99.9,11.014999,995.27,4.28,4.17 12:44:00 05/11/19
921,99.9,11.035,995.3,4.31,4.17 12:49:13 05/11/19
913,99.9,11.110001,995.36,4.26,4.17 12:54:27 05/11/19
911,99.9,11.18,995.28,4.38,4.17 12:59:41 05/11/19
909,99.9,11.195,995.28,4.3,4.16 13:04:55 05/11/19
914,99.9,11.21,995.33,4.48,4.16 13:10:08 05/11/19
896,99.9,11.22,995.32,5.0,4.15 13:15:21 05/11/19
891,99.9,11.285,995.35,5.0,4.15 13:20:35 05/11/19
903,99.9,11.309999,995.37,4.55,4.16 13:25:49 05/11/19
879,99.9,11.385,995.36,5.0,4.17 13:31:03 05/11/19
901,99.9,11.405001,995.31,4.28,4.18 13:36:16 05/11/19
898,99.9,11.475,995.36,4.31,4.18 13:41:33 05/11/19
907,99.9,11.575,995.39,4.34,4.2 13:46:52 05/11/19
901,99.9,11.67,995.44,4.3,4.2 13:52:05 05/11/19
904,99.9,11.775,995.42,4.35,4.19 13:57:19 05/11/19
900,99.9,11.809999,995.4,5.0,4.18 14:02:31 05/11/19
904,99.9,11.805,995.4,4.34,4.17 14:07:44 05/11/19
903,99.9,11.809999,995.36,5.0,4.16 14:13:00 05/11/19
903,99.9,11.87,995.44,4.86,4.16 14:18:14 05/11/19
896,99.9,11.88,995.43,4.23,4.17 14:23:30 05/11/19
902,99.9,11.885,995.51,4.24,4.16 14:28:41 05/11/19
922,99.9,11.889999,995.58,4.22,4.15 14:33:58 05/11/19
914,99.9,11.895,995.58,4.32,4.16 14:39:17 05/11/19
913,99.9,11.905001,995.58,4.22,4.15 14:44:30 05/11/19
911,99.9,11.9,995.62,5.0,4.15 14:49:44 05/11/19
893,99.9,11.885,995.6,4.29,4.15 14:54:56 05/11/19
918,99.9,11.815001,995.63,4.21,4.15 15:00:13 05/11/19
910,99.9,11.815001,995.65,5.0,4.14 15:05:23 05/11/19
910,99.9,11.799999,995.68,4.43,4.15 15:10:37 05/11/19
909,99.9,11.735001,995.73,5.0,4.16 15:15:52 05/11/19
902,99.9,11.725,995.78,4.25,4.15 15:21:06 05/11/19
908,99.9,11.77,995.79,4.22,4.15 15:26:20 05/11/19
886,99.9,11.725,995.83,4.66,4.16 15:31:33 05/11/19
918,99.9,11.71,995.81,4.58,4.16 15:36:51 05/11/19
906,99.9,11.695,995.82,4.73,4.14 15:42:09 05/11/19
906,99.9,11.68,995.79,4.87,4.16 15:47:22 05/11/19
902,99.9,11.610001,995.79,4.23,4.17 15:52:37 05/11/19
886,99.9,11.545,995.83,5.0,4.15 15:57:50 05/11/19
903,99.9,11.575,995.82,5.0,4.15 16:03:04 05/11/19
898,99.9,11.504999,995.93,5.0,4.15 16:08:17 05/11/19
895,99.9,11.485,996.01,5.0,4.15 16:13:29 05/11/19
894,99.9,11.41,996.0,5.0,4.14 16:18:45 05/11/19
896,99.9,11.33,996.0,5.0,4.14 16:23:58 05/11/19
899,99.9,11.305,996.05,5.0,4.14 16:29:11 05/11/19
895,99.9,11.225,996.04,4.34,4.13 16:34:29 05/11/19
882,99.9,11.200001,996.03,5.0,4.13 16:39:48 05/11/19
875,99.9,11.13,996.1,5.0,4.12 16:45:01 05/11/19
877,99.9,11.105,996.14,4.98,4.12 16:50:15 05/11/19
883,99.9,11.09,996.2,4.39,4.12 16:55:27 05/11/19
887,99.9,11.014999,996.28,4.24,4.1 17:00:43 05/11/19
880,99.9,11.0,996.32,4.21,4.1 17:05:58 05/11/19
884,99.9,10.98,996.39,3.93,4.1 17:11:09 05/11/19
878,99.9,10.9,996.42,3.12,4.09 17:16:23 05/11/19
863,99.9,10.83,996.53,2.07,4.09 17:21:36 05/11/19
862,99.9,10.805,996.52,1.31,4.08 17:26:50 05/11/19
863,99.9,10.79,996.53,0.7,4.09 17:32:02 05/11/19
878,99.9,10.72,996.62,0.32,4.08 17:37:20 05/11/19
877,99.9,10.700001,996.63,0.14,4.08 17:42:30 05/11/19
860,99.9,10.690001,996.72,0.06,4.07 17:47:45 05/11/19
874,99.9,10.615,996.78,0.01,4.07 17:52:58 05/11/19
856,99.9,10.605,996.84,0.0,4.07 17:58:12 05/11/19
860,99.9,10.594999,996.93,0.0,4.06 18:03:28 05/11/19
864,99.9,10.58,996.9,0.0,4.06 18:08:48 05/11/19
868,99.9,10.525,996.91,0.0,4.06 18:14:03 05/11/19
862,99.9,10.514999,996.96,0.0,4.06 18:19:21 05/11/19
873,99.9,10.495,996.94,0.0,4.06 18:24:39 05/11/19
855,99.9,10.495,997.08,0.0,4.05 18:30:01 05/11/19
881,99.9,10.485,997.16,0.0,4.05 18:35:24 05/11/19
868,99.9,10.425,997.19,0.0,4.04 18:40:50 05/11/19
862,99.9,10.42,997.24,0.0,4.05 18:46:05 05/11/19
868,99.9,10.405001,997.22,0.0,4.05 18:51:18 05/11/19
869,99.9,10.4,997.32,0.0,4.05 18:56:30 05/11/19
873,99.9,10.335,997.26,0.0,4.04 19:01:43 05/11/19
870,99.9,10.32,997.31,0.0,4.04 19:06:58 05/11/19
859,99.9,10.315001,997.38,0.0,4.04 19:12:09 05/11/19
876,99.9,10.299999,997.39,0.0,4.04 19:17:24 05/11/19
878,99.9,10.29,997.4,0.0,4.04 19:22:38 05/11/19
880,99.9,10.235001,997.39,0.0,4.04 19:27:51 05/11/19
883,99.9,10.225,997.49,0.0,4.04 19:33:05 05/11/19
892,99.9,10.215,997.46,0.0,4.04 19:38:18 05/11/19
880,99.9,10.200001,997.47,0.0,4.04 19:43:32 05/11/19
880,99.9,10.135,997.45,0.0,4.03 19:48:45 05/11/19
870,99.9,10.185,997.43,0.0,4.03 19:53:59 05/11/19
877,99.9,10.13,997.48,0.0,4.03 19:59:13 05/11/19
869,99.9,10.13,997.47,0.0,4.03 20:04:26 05/11/19
861,99.9,10.125,997.42,0.0,4.03 20:09:40 05/11/19
835,99.9,10.125,997.38,0.0,4.03 20:14:51 05/11/19
859,99.9,10.12,997.25,0.0,4.03 20:20:06 05/11/19
865,99.9,10.125,997.44,0.0,4.03 20:25:18 05/11/19
853,99.9,10.175,997.58,0.0,4.03 20:30:33 05/11/19
842,99.9,10.13,997.64,0.0,4.03 20:35:44 05/11/19
856,99.9,10.175,997.78,0.0,4.02 20:41:00 05/11/19
854,99.9,10.125,997.8,0.0,4.02 20:46:16 05/11/19
827,99.9,10.12,997.78,0.0,4.02 20:51:36 05/11/19
847,99.9,10.105,997.82,0.0,4.02 20:56:49 05/11/19
831,99.9,10.094999,997.85,0.0,4.02 21:02:02 05/11/19
845,99.9,10.085,997.88,0.0,4.02 21:07:15 05/11/19
832,99.9,10.014999,997.93,0.0,4.02 21:12:29 05/11/19
836,99.9,10.004999,998.0,0.0,4.02 21:17:42 05/11/19
838,99.9,9.99,998.07,0.0,4.02 21:22:56 05/11/19
857,99.9,9.93,998.06,0.0,4.02 21:28:10 05/11/19
840,99.9,9.92,998.08,0.0,4.01 21:33:26 05/11/19
808,99.9,9.92,998.18,0.0,4.01 21:38:43 05/11/19
825,99.9,9.905001,998.21,0.0,4.01 21:43:58 05/11/19
865,99.9,9.84,998.18,0.0,4.01 21:49:11 05/11/19
802,99.9,9.885,998.16,0.0,4.01 21:54:23 05/11/19
824,99.9,9.825,998.13,0.0,4.01 21:59:37 05/11/19
845,99.9,9.82,998.18,0.0,4.01 22:04:51 05/11/19
869,99.9,9.809999,998.2,0.0,4.01 22:10:05 05/11/19
860,99.9,9.799999,998.19,0.0,4.01 22:15:18 05/11/19
863,99.9,9.79,998.16,0.0,4.01 22:20:32 05/11/19
859,99.9,9.735001,998.3,0.0,4.01 22:25:46 05/11/19
879,99.9,9.725,998.24,0.0,4.0 22:31:02 05/11/19
857,99.9,9.72,998.28,0.0,4.0 22:36:20 05/11/19
841,99.9,9.705,998.35,0.0,4.0 22:41:34 05/11/19
845,99.9,9.645,998.37,0.0,4.0 22:46:47 05/11/19
858,99.9,9.610001,998.31,0.0,4.0 22:52:04 05/11/19
846,99.9,9.6,998.34,0.0,4.0 22:57:22 05/11/19
847,99.9,9.57,998.29,0.0,4.0 23:02:36 05/11/19
838,99.9,9.51,998.34,0.0,4.0 23:07:49 05/11/19
843,99.9,9.5,998.31,0.0,4.0 23:13:06 05/11/19
815,99.9,9.495,998.29,0.0,4.0 23:18:25 05/11/19
814,99.9,9.495,998.39,0.0,4.0 23:23:38 05/11/19
834,99.9,9.495,998.45,0.0,4.0 23:28:52 05/11/19
810,99.9,9.49,998.5,0.0,4.0 23:34:03 05/11/19
840,99.9,9.495,998.58,0.0,4.0 23:39:19 05/11/19
813,99.9,9.495,998.58,0.0,4.0 23:44:31 05/11/19
802,99.9,9.485,998.63,0.0,4.0 23:49:43 05/11/19
823,99.9,9.43,998.66,0.0,4.0 23:54:57 05/11/19
