775,99.9,5.375,1000.78,0.0,3.98 00:05:11 08/11/19
780,99.9,5.31,1000.8,0.0,3.98 00:10:24 08/11/19
749,99.9,5.29,1000.9,0.0,3.98 00:15:36 08/11/19
753,99.9,5.2749996,1000.9,0.0,3.98 00:20:49 08/11/19
746,99.9,5.215,1000.98,0.0,3.98 00:26:01 08/11/19
760,99.9,5.2,1000.97,0.0,3.98 00:31:15 08/11/19
773,99.9,5.125,1001.03,0.0,3.98 00:36:28 08/11/19
782,99.9,5.105,1001.07,0.0,3.98 00:41:41 08/11/19
779,99.9,5.09,1001.11,0.0,3.98 00:46:53 08/11/19
758,99.9,5.065,1001.06,0.0,3.98 00:52:07 08/11/19
794,99.9,5.0,1000.97,0.0,3.98 00:57:19 08/11/19
761,99.9,4.94,1000.9,0.0,3.98 01:02:32 08/11/19
746,99.9,4.965,1000.83,0.0,3.98 01:07:44 08/11/19
719,99.9,4.895,1000.88,0.0,3.98 01:12:57 08/11/19
704,99.9,4.835,1000.96,0.0,3.97 01:18:11 08/11/19
752,99.9,4.8149996,1001.02,0.0,3.97 01:23:21 08/11/19
793,99.9,4.79,1001.05,0.0,3.97 01:28:40 08/11/19
795,99.9,4.73,1001.11,0.0,3.98 01:33:57 08/11/19
782,99.9,4.705,1001.16,0.0,3.97 01:39:10 08/11/19
787,99.9,4.6949997,1001.09,0.0,3.97 01:44:22 08/11/19
768,99.9,4.7,1001.01,0.0,3.97 01:49:35 08/11/19
788,99.9,4.705,1001.07,0.0,3.97 01:54:48 08/11/19
797,99.9,4.7,1001.13,0.0,3.97 02:00:01 08/11/19
782,99.9,4.69,1001.14,0.0,3.97 02:05:13 08/11/19
768,99.9,4.625,1001.14,0.0,3.97 02:10:26 08/11/19
795,99.9,4.615,1001.26,0.0,3.97 02:15:40 08/11/19
761,99.9,4.6099997,1001.19,0.0,3.97 02:20:52 08/11/19
789,99.9,4.6,1001.14,0.0,3.97 02:26:05 08/11/19
802,99.9,4.545,1001.08,0.0,3.97 02:31:17 08/11/19
764,99.9,4.52,1001.07,0.0,3.97 02:36:30 08/11/19
750,99.9,4.5,1000.92,0.0,3.97 02:41:41 08/11/19
787,99.9,4.43,1000.91,0.0,3.96 02:46:56 08/11/19
783,99.9,4.41,1001.03,0.0,3.97 02:52:07 08/11/19
774,99.9,4.39,1001.19,0.0,3.97 02:57:19 08/11/19
740,99.9,4.325,1001.25,0.0,3.96 03:02:34 08/11/19
865,99.9,4.38,1001.31,0.0,3.96 03:07:50 08/11/19
836,99.9,4.38,1001.34,0.0,3.96 03:13:08 08/11/19
831,99.9,4.325,1001.37,0.0,3.96 03:18:21 08/11/19
826,99.9,4.315,1001.39,0.0,3.96 03:23:33 08/11/19
580,99.9,4.315,1001.4,0.0,3.96 03:28:46 08/11/19
742,99.9,4.29,1001.38,0.0,3.96 03:33:59 08/11/19
642,99.9,4.275,1001.49,0.0,3.96 03:39:11 08/11/19
781,99.9,4.2200003,1001.51,0.0,3.96 03:44:25 08/11/19
781,99.9,4.275,1001.54,0.0,3.96 03:49:41 08/11/19
657,99.9,4.3,1001.77,0.0,3.96 03:54:59 08/11/19
801,99.9,4.315,1001.81,0.0,3.96 04:00:11 08/11/19
799,99.9,4.325,1001.9,0.0,3.96 04:05:23 08/11/19
788,99.9,4.325,1001.93,0.0,3.96 04:10:36 08/11/19
791,99.9,4.32,1001.85,0.01,3.96 04:15:49 08/11/19
808,99.9,4.32,1001.92,0.0,3.96 04:21:02 08/11/19
776,99.9,4.3,1001.83,0.0,3.96 04:26:13 08/11/19
776,99.9,4.29,1001.94,0.0,3.96 04:31:28 08/11/19
763,99.9,4.225,1002.07,0.0,3.96 04:36:38 08/11/19
737,99.9,4.215,1002.02,0.0,3.96 04:41:53 08/11/19
700,99.9,4.205,1002.07,0.0,3.96 04:47:05 08/11/19
720,99.9,4.2,1002.16,0.0,3.96 04:52:16 08/11/19
687,99.9,4.12,1002.2,0.0,3.96 04:57:32 08/11/19
759,99.9,4.0950003,1002.18,0.0,3.96 05:02:43 08/11/19
701,99.9,4.025,1002.24,0.0,3.96 05:07:57 08/11/19
789,99.9,3.99,1002.4,0.0,3.96 05:13:09 08/11/19
764,99.9,3.9250002,1002.43,0.0,3.96 05:18:24 08/11/19
784,99.9,3.97,1002.48,0.0,3.96 05:23:35 08/11/19
778,99.9,3.9099998,1002.41,0.0,3.96 05:28:45 08/11/19
747,99.9,3.915,1002.4,0.0,3.95 05:34:01 08/11/19
770,99.9,3.915,1002.37,0.0,3.96 05:39:11 08/11/19
767,99.9,3.9050002,1002.45,0.0,3.96 05:44:25 08/11/19
757,99.9,3.915,1002.49,0.0,3.96 05:49:37 08/11/19
769,99.9,3.9099998,1002.49,0.0,3.96 05:54:50 08/11/19
786,99.9,3.9099998,1002.62,0.0,3.95 06:00:01 08/11/19
780,99.9,3.9099998,1002.67,0.0,3.96 06:05:16 08/11/19
753,99.9,3.9099998,1002.65,0.0,3.95 06:10:27 08/11/19
765,99.9,3.915,1002.64,0.0,3.95 06:15:39 08/11/19
765,99.9,3.92,1002.6,0.0,3.95 06:20:54 08/11/19
765,99.9,3.915,1002.63,0.0,3.95 06:26:06 08/11/19
777,99.9,3.895,1002.7,0.0,3.95 06:31:19 08/11/19
746,99.9,3.8249998,1002.79,0.0,3.95 06:36:35 08/11/19
770,99.9,3.795,1002.8,0.0,3.95 06:41:53 08/11/19
776,99.9,3.715,1002.8,0.0,3.95 06:47:08 08/11/19
783,99.9,3.69,1002.83,0.0,3.95 06:52:19 08/11/19
774,99.9,3.615,1002.89,0.02,3.95 06:57:33 08/11/19
752,99.9,3.595,1002.93,0.07,3.95 07:02:42 08/11/19
771,99.9,3.595,1002.99,0.19,3.95 07:07:57 08/11/19
741,99.9,3.54,1002.91,0.45,3.95 07:13:09 08/11/19
750,99.9,3.525,1002.93,0.94,3.95 07:18:21 08/11/19
740,99.9,3.52,1002.98,1.72,3.95 07:23:35 08/11/19
743,99.9,3.515,1003.11,2.7,3.95 07:28:45 08/11/19
771,99.9,3.51,1003.15,3.68,3.95 07:33:59 08/11/19
785,99.9,3.515,1003.31,4.02,3.94 07:39:16 08/11/19
798,99.9,3.535,1003.46,4.2,3.95 07:44:32 08/11/19
792,99.9,3.53,1003.51,4.38,3.95 07:49:45 08/11/19
795,99.9,3.525,1003.58,5.0,3.95 07:54:58 08/11/19
790,99.9,3.53,1003.68,4.65,3.95 08:00:15 08/11/19
807,99.9,3.52,1003.71,5.0,3.95 08:05:32 08/11/19
811,99.9,3.52,1003.7,5.0,3.96 08:10:44 08/11/19
806,99.9,3.52,1003.72,5.0,3.96 08:15:57 08/11/19
804,99.9,3.53,1003.81,4.47,3.96 08:21:10 08/11/19
819,99.9,3.595,1003.85,5.0,3.98 08:26:22 08/11/19
815,99.9,3.61,1003.83,5.0,3.99 08:31:34 08/11/19
840,99.9,3.685,1003.83,4.14,4.06 08:36:48 08/11/19
848,99.9,3.7649999,1003.8,4.47,4.1 08:42:00 08/11/19
854,99.9,3.815,1003.9,4.25,4.16 08:47:14 08/11/19
843,99.9,3.9450002,1003.95,4.35,4.21 08:52:26 08/11/19
845,99.9,4.225,1003.93,5.0,4.22 08:57:37 08/11/19
859,99.9,4.495,1003.84,5.0,4.22 09:02:51 08/11/19
856,99.9,4.76,1003.93,4.32,4.22 09:08:02 08/11/19
855,99.9,5.035,1003.96,5.0,4.22 09:13:17 08/11/19
839,99.9,5.385,1003.99,5.0,4.22 09:18:30 08/11/19
844,99.9,5.6,1004.01,5.0,4.22 09:23:42 08/11/19
849,99.9,5.79,1004.01,5.0,4.22 09:28:55 08/11/19
853,99.9,5.9700003,1004.04,5.0,4.22 09:34:08 08/11/19
854,99.9,6.1,1004.05,5.0,4.22 09:39:20 08/11/19
848,99.9,6.215,1004.11,5.0,4.22 09:44:33 08/11/19
852,99.9,6.3100004,1004.15,4.26,4.16 09:49:46 08/11/19
849,99.9,6.385,1004.18,4.3,4.17 09:55:01 08/11/19
839,99.9,6.41,1004.33,5.0,4.13 10:00:14 08/11/19
847,99.9,6.46,1004.42,4.25,4.13 10:05:27 08/11/19
833,99.9,6.5,1004.43,4.24,4.13 10:10:46 08/11/19
853,99.9,6.63,1004.3,5.0,4.14 10:16:00 08/11/19
847,99.9,6.6549997,1004.33,4.29,4.14 10:21:13 08/11/19
858,99.9,6.725,1004.41,4.77,4.14 10:26:26 08/11/19
851,99.9,6.755,1004.34,4.22,4.14 10:31:38 08/11/19
853,99.9,6.83,1004.41,4.43,4.16 10:36:52 08/11/19
857,99.9,6.865,1004.41,4.22,4.16 10:42:06 08/11/19
844,99.9,6.955,1004.48,4.21,4.14 10:47:19 08/11/19
858,99.9,6.9700003,1004.55,4.23,4.14 10:52:33 08/11/19
874,99.9,7.04,1004.54,4.36,4.13 10:57:48 08/11/19
864,99.9,7.12,1004.66,5.0,4.15 11:03:07 08/11/19
868,99.9,7.08,1004.7,5.0,4.15 11:08:19 08/11/19
871,99.9,7.1499996,1004.83,4.3,4.17 11:13:30 08/11/19
849,99.9,7.175,1004.83,4.99,4.22 11:18:43 08/11/19
860,99.9,7.19,1004.78,4.47,4.22 11:23:56 08/11/19
850,99.9,7.25,1004.76,5.0,4.15 11:29:10 08/11/19
839,99.9,7.265,1004.73,5.0,4.15 11:34:23 08/11/19
858,99.9,7.295,1004.73,4.35,4.17 11:39:38 08/11/19
845,99.9,7.365,1004.68,4.31,4.16 11:44:54 08/11/19
849,99.9,7.4449997,1004.71,4.32,4.15 11:50:12 08/11/19
817,99.9,7.4700003,1004.72,4.22,4.16 11:55:25 08/11/19
837,99.9,7.54,1004.59,5.0,4.15 12:00:37 08/11/19
844,99.9,7.555,1004.49,4.26,4.17 12:05:51 08/11/19
841,99.9,7.58,1004.44,5.0,4.14 12:11:05 08/11/19
848,99.9,7.6499996,1004.43,4.48,4.15 12:16:16 08/11/19
839,99.9,7.675,1004.42,4.26,4.16 12:21:31 08/11/19
846,99.9,7.755,1004.44,4.26,4.16 12:26:45 08/11/19
844,99.9,7.8250003,1004.39,4.32,4.18 12:31:55 08/11/19
847,99.9,7.855,1004.38,5.0,4.22 12:37:14 08/11/19
869,99.9,7.9449997,1004.41,5.0,4.22 12:42:32 08/11/19
871,99.9,8.11,1004.43,5.0,4.22 12:47:46 08/11/19
871,99.9,8.25,1004.43,5.0,4.22 12:52:58 08/11/19
880,99.9,8.52,1004.35,5.0,4.22 12:58:11 08/11/19
870,99.9,8.825001,1004.42,5.0,4.23 13:03:23 08/11/19
887,99.9,9.190001,1004.4,5.0,4.22 13:08:36 08/11/19
893,99.9,9.5,1004.39,5.0,4.22 13:13:51 08/11/19
900,99.9,9.795,1004.43,5.0,4.22 13:19:07 08/11/19
894,99.9,10.095,1004.54,5.0,4.23 13:24:19 08/11/19
894,99.9,10.379999,1004.51,5.0,4.22 13:29:32 08/11/19
875,99.9,10.58,1004.5,5.0,4.23 13:34:46 08/11/19
865,99.9,10.705,1004.47,5.0,4.22 13:40:02 08/11/19
839,99.9,10.76,1004.44,5.0,4.23 13:45:21 08/11/19
832,99.9,10.780001,1004.4,5.0,4.22 13:50:35 08/11/19
857,99.9,10.87,1004.44,5.0,4.22 13:55:48 08/11/19
860,99.9,10.965,1004.47,5.0,4.22 14:01:06 08/11/19
848,99.9,11.085,1004.53,5.0,4.22 14:06:21 08/11/19
858,99.9,11.1,1004.46,5.0,4.22 14:11:37 08/11/19
860,99.9,11.1,1004.46,5.0,4.22 14:16:50 08/11/19
859,99.9,11.095,1004.49,5.0,4.22 14:22:04 08/11/19
854,99.9,11.095,1004.47,5.0,4.22 14:27:16 08/11/19
855,99.9,11.02,1004.49,5.0,4.22 14:32:32 08/11/19
864,99.9,10.855,1004.47,5.0,4.22 14:37:44 08/11/19
864,99.9,10.725,1004.43,5.0,4.17 14:42:59 08/11/19
872,99.9,10.55,1004.51,4.3,4.2 14:48:15 08/11/19
847,99.9,10.385,1004.49,4.22,4.16 14:53:33 08/11/19
869,99.9,10.27,1004.54,4.22,4.14 14:58:46 08/11/19
867,99.9,10.15,1004.58,5.0,4.15 15:04:01 08/11/19
853,99.9,10.045,1004.62,4.34,4.15 15:09:19 08/11/19
839,99.9,9.955,1004.68,5.0,4.14 15:14:36 08/11/19
852,99.9,9.85,1004.73,4.24,4.16 15:19:49 08/11/19
831,99.9,9.690001,1004.85,4.17,4.17 15:25:03 08/11/19
819,99.9,9.575,1004.92,5.0,4.14 15:30:15 08/11/19
840,99.9,9.425,1005.01,5.0,4.14 15:35:29 08/11/19
802,99.9,9.32,1005.05,5.0,4.16 15:40:43 08/11/19
814,99.9,9.255,1005.02,5.0,4.15 15:45:57 08/11/19
823,99.9,9.110001,1005.1,5.0,4.14 15:51:09 08/11/19
812,99.9,9.004999,1005.11,5.0,4.14 15:56:23 08/11/19
813,99.9,8.975,1005.2,4.86,4.16 16:01:37 08/11/19
832,99.9,8.885,1005.21,5.0,4.16 16:06:49 08/11/19
802,99.9,8.809999,1005.23,5.0,4.15 16:12:06 08/11/19
823,99.9,8.795,1005.28,4.38,4.16 16:17:22 08/11/19
817,99.9,8.72,1005.38,4.24,4.15 16:22:41 08/11/19
810,99.9,8.71,1005.37,5.0,4.15 16:27:58 08/11/19
805,99.9,8.685,1005.41,4.89,4.15 16:33:13 08/11/19
802,99.9,8.605,1005.46,5.0,4.15 16:38:24 08/11/19
818,99.9,8.51,1005.51,4.94,4.14 16:43:40 08/11/19
831,99.9,8.41,1005.53,5.0,4.13 16:48:52 08/11/19
831,99.9,8.295,1005.6,4.84,4.13 16:54:06 08/11/19
829,99.9,8.175,1005.66,4.56,4.12 16:59:19 08/11/19
822,99.9,8.005,1005.67,4.18,4.12 17:04:32 08/11/19
793,99.9,7.825,1005.69,4.1,4.11 17:09:44 08/11/19
755,99.9,7.7,1005.68,3.55,4.1 17:15:02 08/11/19
772,99.9,7.5249996,1005.79,2.69,4.1 17:20:20 08/11/19
796,99.9,7.405,1005.79,1.78,4.09 17:25:33 08/11/19
753,99.9,7.2799997,1005.76,1.02,4.09 17:30:45 08/11/19
760,99.9,7.105,1005.78,0.51,4.08 17:35:58 08/11/19
746,99.9,6.9300003,1005.76,0.23,4.08 17:41:12 08/11/19
768,99.9,6.81,1005.87,0.1,4.08 17:46:25 08/11/19
729,99.9,6.6949997,1005.89,0.03,4.07 17:51:38 08/11/19
746,99.9,6.535,1005.9,0.01,4.06 17:57:00 08/11/19
746,99.9,6.4350004,1005.86,0.0,4.07 18:02:13 08/11/19
739,99.9,6.365,1005.93,0.0,4.06 18:07:26 08/11/19
746,99.9,6.205,1005.97,0.0,4.06 18:12:39 08/11/19
733,99.9,6.04,1006.04,0.0,4.05 18:17:52 08/11/19
690,99.9,5.98,1006.1,0.0,4.05 18:23:08 08/11/19
723,99.9,5.895,1006.18,0.0,4.05 18:28:25 08/11/19
688,99.9,5.785,1006.11,0.0,4.05 18:33:39 08/11/19
688,99.9,5.63,1006.06,0.0,4.04 18:38:56 08/11/19
783,99.9,5.535,1006.09,0.0,4.05 18:44:13 08/11/19
740,99.9,5.495,1006.07,0.0,4.04 18:49:27 08/11/19
713,99.9,5.3900003,1006.13,0.0,4.04 18:54:39 08/11/19
755,99.9,5.245,1006.18,0.0,4.04 18:59:52 08/11/19
660,99.9,5.1949997,1006.17,0.0,4.04 19:05:04 08/11/19
668,99.9,5.1,1006.1,0.0,4.04 19:10:17 08/11/19
671,99.9,5.005,1006.14,0.0,4.04 19:15:28 08/11/19
625,99.9,4.92,1006.29,0.0,4.03 19:20:43 08/11/19
649,99.9,4.83,1006.32,0.0,4.03 19:25:56 08/11/19
632,99.9,4.795,1006.31,0.0,4.03 19:31:12 08/11/19
708,99.9,4.71,1006.26,0.0,4.03 19:36:28 08/11/19
679,99.9,4.625,1006.33,0.0,4.02 19:41:46 08/11/19
674,99.9,4.535,1006.34,0.0,4.02 19:47:04 08/11/19
690,99.9,4.495,1006.34,0.0,4.02 19:52:16 08/11/19
668,99.9,4.41,1006.48,0.0,4.02 19:57:29 08/11/19
651,99.9,4.33,1006.4,0.0,4.02 20:02:43 08/11/19
674,99.9,4.295,1006.49,0.0,4.02 20:07:57 08/11/19
631,99.9,4.2200003,1006.43,0.0,4.02 20:13:07 08/11/19
644,99.9,4.1949997,1006.47,0.0,4.01 20:18:20 08/11/19
670,99.9,4.125,1006.52,0.0,4.02 20:23:33 08/11/19
602,99.9,4.1,1006.55,0.0,4.01 20:28:49 08/11/19
610,99.9,4.025,1006.57,0.0,4.01 20:34:07 08/11/19
606,99.9,4.005,1006.67,0.0,4.01 20:39:19 08/11/19
613,99.9,3.9850001,1006.73,0.0,4.01 20:44:32 08/11/19
616,99.9,3.915,1006.76,0.0,4.01 20:49:43 08/11/19
592,99.9,3.895,1006.73,0.0,4.01 20:54:57 08/11/19
605,99.9,3.88,1006.78,0.0,4.01 21:00:11 08/11/19
589,99.9,3.875,1006.78,0.0,4.01 21:05:23 08/11/19
629,99.9,3.8049998,1006.84,0.0,4.01 21:10:35 08/11/19
590,99.9,3.79,1006.86,0.0,4.0 21:15:48 08/11/19
656,99.9,3.7800002,1006.87,0.0,4.0 21:21:01 08/11/19
640,99.9,3.715,1006.92,0.0,4.0 21:26:12 08/11/19
603,99.9,3.695,1007.04,0.0,4.0 21:31:27 08/11/19
554,99.9,3.685,1007.07,0.0,4.0 21:36:39 08/11/19
650,99.9,3.605,1007.09,0.01,4.0 21:41:51 08/11/19
637,99.9,3.595,1007.2,0.01,3.99 21:47:09 08/11/19
613,99.9,3.525,1007.18,0.01,4.0 21:52:25 08/11/19
634,99.9,3.49,1007.12,0.01,4.0 21:57:38 08/11/19
601,99.9,3.4250002,1007.17,0.01,3.99 22:02:50 08/11/19
609,99.9,3.4050002,1007.13,0.01,4.0 22:08:02 08/11/19
594,99.9,3.395,1007.25,0.01,3.99 22:13:19 08/11/19
609,99.9,3.33,1007.31,0.01,3.99 22:18:37 08/11/19
601,99.9,3.3000002,1007.32,0.01,4.0 22:23:48 08/11/19
622,99.9,3.225,1007.3,0.01,3.99 22:29:03 08/11/19
620,99.9,3.1999998,1007.28,0.01,3.99 22:34:16 08/11/19
607,99.9,3.185,1007.26,0.01,3.99 22:39:27 08/11/19
642,99.9,3.12,1007.36,0.01,3.99 22:44:38 08/11/19
541,99.9,3.1100001,1007.41,0.0,3.99 22:49:55 08/11/19
607,99.9,3.17,1007.39,0.0,3.99 22:55:11 08/11/19
623,99.9,3.21,1007.37,0.0,3.99 23:00:24 08/11/19
678,99.9,3.3000002,1007.3,0.0,3.99 23:05:38 08/11/19
616,99.9,3.4050002,1007.25,0.0,3.99 23:10:52 08/11/19
641,99.9,3.5,1007.28,0.0,3.98 23:16:02 08/11/19
591,99.9,3.53,1007.19,0.01,3.98 23:21:16 08/11/19
671,99.9,3.61,1007.18,0.01,3.99 23:26:29 08/11/19
648,99.9,3.63,1007.12,0.01,3.98 23:31:43 08/11/19
683,99.9,3.69,1007.09,0.01,3.98 23:36:54 08/11/19
656,99.9,3.695,1007.1,0.01,3.98 23:42:07 08/11/19
569,99.9,3.695,1007.06,0.01,3.98 23:47:20 08/11/19
721,99.9,3.635,1007.07,0.01,3.98 23:52:32 08/11/19
658,99.9,3.62,1007.03,0.0,3.98 23:57:45 08/11/19
