420,99.9,3.075,1012.4,0.01,3.98 00:02:25 11/11/19
406,99.9,3.0700002,1012.42,0.02,3.98 00:07:36 11/11/19
543,99.9,3.01,1012.37,0.02,3.98 00:12:50 11/11/19
554,99.9,2.99,1012.34,0.02,3.98 00:18:03 11/11/19
503,99.9,2.92,1012.38,0.02,3.98 00:23:15 11/11/19
499,99.9,2.8899999,1012.42,0.02,3.98 00:28:27 11/11/19
26,99.9,2.8600001,1012.38,0.02,3.97 00:33:44 11/11/19
471,99.9,2.7849998,1012.44,0.02,3.97 00:39:02 11/11/19
487,99.9,2.705,1012.4,0.02,3.97 00:44:14 11/11/19
23,99.9,2.675,1012.14,0.02,3.97 00:49:31 11/11/19
499,99.9,2.665,1012.0,0.02,3.97 00:54:48 11/11/19
552,99.9,2.6,1011.91,0.02,3.97 01:00:00 11/11/19
421,99.9,2.6,1011.93,0.01,3.97 01:05:13 11/11/19
43,99.9,2.5900002,1012.05,0.0,3.97 01:10:25 11/11/19
21,99.9,2.595,1012.22,0.0,3.97 01:15:38 11/11/19
464,99.9,2.5900002,1012.2,0.0,3.97 01:20:50 11/11/19
196,99.9,2.6,1012.1,0.0,3.97 01:26:03 11/11/19
459,99.9,2.675,1011.96,0.0,3.97 01:31:15 11/11/19
48,99.9,2.77,1011.64,0.0,3.97 01:36:28 11/11/19
57,99.9,2.8600001,1011.46,0.01,3.97 01:41:41 11/11/19
55,99.9,2.885,1011.33,0.0,3.97 01:46:54 11/11/19
408,99.9,2.905,1011.38,0.0,3.96 01:52:06 11/11/19
358,99.9,2.915,1011.45,0.0,3.97 01:57:18 11/11/19
655,99.9,2.98,1011.37,0.0,3.97 02:02:29 11/11/19
289,99.9,2.995,1011.24,0.0,3.96 02:07:43 11/11/19
160,99.9,3.075,1011.18,0.0,3.96 02:12:56 11/11/19
416,99.9,3.165,1011.25,0.0,3.96 02:18:08 11/11/19
168,99.9,3.205,1011.1,0.0,3.96 02:23:22 11/11/19
420,99.9,3.295,1010.7,0.0,3.96 02:28:34 11/11/19
484,99.9,3.38,1010.83,0.0,3.96 02:33:46 11/11/19
348,99.9,3.4550002,1010.88,0.0,3.96 02:38:59 11/11/19
25,99.9,3.4850001,1010.84,0.0,3.96 02:44:12 11/11/19
411,99.9,3.51,1010.79,0.0,3.96 02:49:24 11/11/19
263,99.9,3.585,1010.55,0.0,3.96 02:54:37 11/11/19
169,99.9,3.61,1010.58,0.0,3.96 02:59:48 11/11/19
125,99.9,3.68,1010.44,0.0,3.96 03:05:03 11/11/19
296,99.9,3.695,1010.38,0.0,3.96 03:10:13 11/11/19
247,99.9,3.755,1010.29,0.0,3.96 03:15:27 11/11/19
550,99.9,3.775,1010.37,0.0,3.96 03:20:41 11/11/19
473,99.9,3.8449998,1010.43,0.0,3.96 03:25:53 11/11/19
22,99.9,3.88,1010.31,0.0,3.96 03:31:05 11/11/19
581,99.9,3.9550002,1010.24,0.0,3.96 03:36:23 11/11/19
280,99.9,4.0299997,1010.19,0.0,3.96 03:41:39 11/11/19
370,99.9,4.05,1010.12,0.0,3.96 03:46:52 11/11/19
394,99.9,4.075,1010.06,0.0,3.96 03:52:08 11/11/19
380,99.9,4.09,1010.0,0.0,3.96 03:57:24 11/11/19
289,99.9,4.1499996,1009.94,0.01,3.96 04:02:38 11/11/19
402,99.9,4.225,1009.93,0.01,3.96 04:07:51 11/11/19
399,99.9,4.25,1009.76,0.0,3.96 04:13:04 11/11/19
542,99.9,4.275,1009.66,0.0,3.96 04:18:20 11/11/19
586,99.9,4.345,1009.56,0.0,3.96 04:23:38 11/11/19
284,99.9,4.375,1009.46,0.01,3.96 04:28:51 11/11/19
291,99.9,4.45,1009.35,0.0,3.96 04:34:03 11/11/19
457,99.9,4.48,1009.15,0.0,3.96 04:39:16 11/11/19
377,99.9,4.5550003,1009.08,0.0,3.96 04:44:29 11/11/19
335,99.9,4.64,1009.03,0.0,3.96 04:49:41 11/11/19
24,99.9,4.66,1008.78,0.0,3.96 04:54:54 11/11/19
327,99.9,4.73,1008.62,0.0,3.96 05:00:08 11/11/19
245,99.9,4.76,1008.55,0.0,3.96 05:05:20 11/11/19
421,99.9,4.7799997,1008.43,0.0,3.96 05:10:33 11/11/19
206,99.9,4.8500004,1008.3,0.0,3.96 05:15:45 11/11/19
208,99.9,4.88,1008.19,0.0,3.96 05:20:59 11/11/19
232,99.9,4.955,1008.05,0.0,3.96 05:26:11 11/11/19
270,99.9,4.9700003,1007.9,0.0,3.96 05:31:24 11/11/19
270,99.9,5.05,1007.73,0.0,3.96 05:36:36 11/11/19
518,99.9,5.125,1007.66,0.0,3.96 05:41:49 11/11/19
25,99.9,5.135,1007.37,0.0,3.95 05:47:03 11/11/19
61,99.9,5.1499996,1007.28,0.0,3.96 05:52:15 11/11/19
436,99.9,5.17,1007.27,0.0,3.95 05:57:28 11/11/19
57,99.9,5.24,1007.09,0.0,3.95 06:02:41 11/11/19
549,99.9,5.27,1007.02,0.0,3.96 06:07:53 11/11/19
473,99.9,5.365,1006.95,0.0,3.95 06:13:06 11/11/19
432,99.9,5.4300003,1006.91,0.0,3.95 06:18:20 11/11/19
61,99.9,5.46,1006.95,0.0,3.95 06:23:32 11/11/19
66,99.9,5.48,1007.01,0.0,3.96 06:28:43 11/11/19
383,99.9,5.55,1006.82,0.0,3.95 06:34:01 11/11/19
199,99.9,5.63,1006.79,0.0,3.95 06:39:19 11/11/19
125,99.9,5.645,1006.73,0.0,3.95 06:44:32 11/11/19
580,99.9,5.66,1006.74,0.0,3.95 06:49:45 11/11/19
309,99.9,5.7349997,1006.67,0.0,3.95 06:54:58 11/11/19
115,99.9,5.7349997,1006.56,0.01,3.95 07:00:10 11/11/19
133,99.9,5.745,1006.48,0.03,3.95 07:05:23 11/11/19
339,99.9,5.77,1006.42,0.06,3.95 07:10:36 11/11/19
35,99.9,5.8450003,1006.32,0.17,3.95 07:15:48 11/11/19
282,99.9,5.86,1006.31,0.4,3.95 07:21:02 11/11/19
146,99.9,5.935,1006.26,0.88,3.95 07:26:15 11/11/19
105,99.9,5.96,1006.13,1.67,3.95 07:31:28 11/11/19
177,99.9,5.98,1006.01,2.95,3.95 07:36:41 11/11/19
212,99.9,6.04,1005.93,3.72,3.95 07:41:55 11/11/19
584,99.9,6.065,1005.91,3.93,3.95 07:47:07 11/11/19
630,99.9,6.08,1005.93,4.07,3.95 07:52:23 11/11/19
586,99.9,6.145,1005.79,4.16,3.95 07:57:41 11/11/19
547,99.9,6.16,1005.74,4.86,3.95 08:02:54 11/11/19
397,99.9,6.175,1005.63,5.0,3.96 08:08:05 11/11/19
433,99.9,6.1949997,1005.63,5.0,3.95 08:13:20 11/11/19
605,99.9,6.25,1005.52,4.34,3.95 08:18:36 11/11/19
473,99.9,6.265,1005.49,4.72,3.96 08:23:55 11/11/19
608,99.9,6.2749996,1005.45,5.0,3.96 08:29:08 11/11/19
586,99.9,6.285,1005.34,5.0,3.96 08:34:21 11/11/19
627,99.9,6.29,1005.22,5.0,3.96 08:39:33 11/11/19
687,99.9,6.285,1005.03,4.24,3.96 08:44:46 11/11/19
711,99.9,6.2749996,1004.97,4.71,3.97 08:49:57 11/11/19
628,99.9,6.265,1004.77,5.0,4.02 08:55:12 11/11/19
692,99.9,6.225,1004.56,5.0,4.02 09:00:25 11/11/19
692,99.9,6.295,1004.51,4.15,4.03 09:05:36 11/11/19
671,99.9,6.36,1004.3,5.0,4.12 09:10:51 11/11/19
664,99.9,6.49,1004.19,4.28,4.17 09:16:02 11/11/19
675,99.9,6.725,1004.12,4.56,4.21 09:21:17 11/11/19
700,99.9,6.95,1003.97,5.0,4.22 09:26:30 11/11/19
708,99.9,7.25,1003.93,5.0,4.22 09:31:43 11/11/19
718,99.9,7.435,1003.88,5.0,4.22 09:36:56 11/11/19
715,99.9,7.5950003,1003.7,4.31,4.2 09:42:07 11/11/19
786,99.9,7.6400003,1003.69,5.0,4.18 09:47:23 11/11/19
781,99.9,7.665,1003.64,4.23,4.15 09:52:35 11/11/19
767,99.9,7.725,1003.66,4.27,4.13 09:57:48 11/11/19
778,99.9,7.6549997,1003.59,4.48,4.14 10:03:00 11/11/19
717,99.9,7.59,1003.55,4.39,4.15 10:08:18 11/11/19
670,99.9,7.6499996,1003.39,5.0,4.16 10:13:36 11/11/19
754,99.9,7.75,1003.32,5.0,4.15 10:18:53 11/11/19
765,99.9,7.855,1003.19,4.22,4.14 10:24:11 11/11/19
775,99.9,7.88,1003.16,5.0,4.14 10:29:29 11/11/19
775,99.9,7.95,1003.02,5.0,4.14 10:34:44 11/11/19
655,99.9,7.96,1002.98,5.0,4.14 10:39:59 11/11/19
681,99.9,7.965,1002.81,4.19,4.14 10:45:13 11/11/19
693,99.9,8.04,1002.8,4.25,4.15 10:50:25 11/11/19
766,99.9,8.055,1002.79,4.23,4.15 10:55:38 11/11/19
788,99.9,8.085,1002.8,5.0,4.16 11:00:52 11/11/19
792,99.9,8.155,1002.72,4.23,4.16 11:06:05 11/11/19
789,99.9,8.165,1002.64,5.0,4.17 11:11:18 11/11/19
795,99.9,8.245,1002.53,4.32,4.17 11:16:31 11/11/19
687,99.9,8.275,1002.49,5.0,4.17 11:21:44 11/11/19
675,99.9,8.295,1002.44,4.25,4.17 11:26:59 11/11/19
788,99.9,8.37,1002.45,4.28,4.16 11:32:11 11/11/19
634,99.9,8.435,1002.57,4.28,4.12 11:37:24 11/11/19
561,99.9,8.395,1002.52,5.0,4.15 11:42:37 11/11/19
708,99.9,8.385,1002.46,4.84,4.16 11:47:50 11/11/19
693,99.9,8.365,1002.25,5.0,4.15 11:53:04 11/11/19
747,99.9,8.299999,1002.15,4.23,4.15 11:58:15 11/11/19
748,99.9,8.275,1002.03,4.28,4.16 12:03:33 11/11/19
771,99.9,8.285,1001.94,5.0,4.15 12:08:43 11/11/19
765,99.9,8.27,1001.8,4.24,4.15 12:13:56 11/11/19
757,99.9,8.27,1001.68,4.85,4.15 12:19:10 11/11/19
661,99.9,8.335,1001.68,4.23,4.14 12:24:23 11/11/19
753,99.9,8.264999,1001.54,5.0,4.15 12:29:37 11/11/19
502,99.9,8.264999,1001.43,5.0,4.14 12:34:53 11/11/19
736,99.9,8.26,1001.36,5.0,4.14 12:40:11 11/11/19
740,99.9,8.185,1001.22,5.0,4.14 12:45:24 11/11/19
772,99.9,8.195,1001.09,4.22,4.16 12:50:37 11/11/19
657,99.9,8.26,1000.88,5.0,4.15 12:55:54 11/11/19
770,99.9,8.28,1000.81,5.0,4.14 13:01:12 11/11/19
566,99.9,8.285,1000.65,5.0,4.16 13:06:26 11/11/19
732,99.9,8.285,1000.63,4.21,4.15 13:11:39 11/11/19
788,99.9,8.28,1000.51,4.23,4.15 13:16:50 11/11/19
799,99.9,8.27,1000.43,4.34,4.14 13:22:06 11/11/19
772,99.9,8.275,1000.38,5.0,4.16 13:27:18 11/11/19
747,99.9,8.285,1000.32,5.0,4.15 13:32:32 11/11/19
559,99.9,8.275,1000.26,5.0,4.14 13:37:45 11/11/19
766,99.9,8.15,1000.23,5.0,4.14 13:42:58 11/11/19
744,99.9,8.115,1000.18,4.57,4.14 13:48:12 11/11/19
761,99.9,8.09,1000.19,5.0,4.16 13:53:24 11/11/19
755,99.9,8.025,1000.24,5.0,4.15 13:58:37 11/11/19
543,99.9,7.935,1000.14,5.0,4.15 14:03:51 11/11/19
533,99.9,7.915,1000.09,5.0,4.14 14:09:04 11/11/19
750,99.9,7.8399997,1000.17,4.22,4.16 14:14:17 11/11/19
759,99.9,7.81,1000.04,5.0,4.14 14:19:31 11/11/19
538,99.9,7.79,1000.1,5.0,4.14 14:24:43 11/11/19
751,99.9,7.635,1000.06,5.0,4.16 14:29:56 11/11/19
595,99.9,7.61,1000.01,4.38,4.15 14:35:10 11/11/19
762,99.9,7.535,999.92,4.58,4.15 14:40:26 11/11/19
533,99.9,7.46,999.9,4.81,4.15 14:45:44 11/11/19
749,99.9,7.4300003,999.99,5.0,4.16 14:50:55 11/11/19
530,99.9,7.35,999.92,5.0,4.16 14:56:10 11/11/19
725,99.9,7.33,999.92,5.0,4.16 15:01:23 11/11/19
729,99.9,7.3199997,999.9,5.0,4.15 15:06:40 11/11/19
519,99.9,7.305,999.89,5.0,4.15 15:11:58 11/11/19
484,99.9,7.23,999.84,5.0,4.15 15:17:11 11/11/19
504,99.9,7.21,999.89,5.0,4.15 15:22:24 11/11/19
530,99.9,7.145,999.79,5.0,4.15 15:27:37 11/11/19
729,99.9,7.135,999.81,5.0,4.14 15:32:52 11/11/19
749,99.9,7.115,999.77,5.0,4.15 15:38:03 11/11/19
751,99.9,7.0550003,999.72,5.0,4.14 15:43:16 11/11/19
744,99.9,7.04,999.69,5.0,4.15 15:48:33 11/11/19
691,99.9,7.04,999.62,5.0,4.15 15:53:52 11/11/19
758,99.9,7.02,999.57,5.0,4.16 15:59:03 11/11/19
441,99.9,7.02,999.68,4.85,4.15 16:04:17 11/11/19
427,99.9,7.005,999.63,4.39,4.14 16:09:28 11/11/19
721,99.9,6.94,999.6,4.56,4.13 16:14:43 11/11/19
770,99.9,6.925,999.65,4.35,4.12 16:19:56 11/11/19
706,99.9,6.9300003,999.69,4.36,4.11 16:25:09 11/11/19
763,99.9,6.92,999.74,4.26,4.11 16:30:24 11/11/19
779,99.9,6.915,999.78,4.64,4.11 16:35:33 11/11/19
796,99.9,6.905,999.79,5.0,4.11 16:40:47 11/11/19
749,99.9,6.91,999.78,4.97,4.1 16:46:01 11/11/19
757,99.9,6.915,999.72,4.34,4.1 16:51:15 11/11/19
783,99.9,6.92,999.77,4.62,4.09 16:56:27 11/11/19
649,99.9,6.92,999.77,4.21,4.09 17:01:40 11/11/19
461,99.9,6.915,999.73,3.32,4.08 17:07:01 11/11/19
741,99.9,6.9750004,999.76,2.73,4.08 17:12:16 11/11/19
750,99.9,6.915,999.82,1.92,4.08 17:17:29 11/11/19
733,99.9,6.91,999.92,1.19,4.07 17:22:42 11/11/19
671,99.9,6.905,999.92,0.61,4.07 17:27:54 11/11/19
628,99.9,6.905,1000.02,0.31,4.07 17:33:07 11/11/19
445,99.9,6.905,1000.05,0.11,4.06 17:38:20 11/11/19
608,99.9,6.905,1000.08,0.03,4.06 17:43:33 11/11/19
194,99.9,6.91,1000.12,0.01,4.06 17:48:46 11/11/19
515,99.9,6.905,1000.09,0.0,4.06 17:53:59 11/11/19
581,99.9,6.925,1000.05,0.0,4.05 17:59:12 11/11/19
57,99.9,6.92,1000.04,0.0,4.05 18:04:29 11/11/19
752,99.9,6.915,1000.1,0.0,4.05 18:09:45 11/11/19
585,99.9,6.8900003,1000.11,0.0,4.05 18:15:00 11/11/19
664,99.9,6.81,1000.22,0.0,4.04 18:20:13 11/11/19
521,99.9,6.74,1000.32,0.0,4.04 18:25:26 11/11/19
463,99.9,6.725,1000.35,0.0,4.04 18:30:39 11/11/19
503,99.9,6.705,1000.44,0.0,4.04 18:35:52 11/11/19
647,99.9,6.6800003,1000.45,0.0,4.04 18:41:05 11/11/19
577,99.9,6.625,1000.59,0.0,4.04 18:46:18 11/11/19
466,99.9,6.625,1000.65,0.0,4.03 18:51:31 11/11/19
507,99.9,6.63,1000.64,0.0,4.03 18:56:44 11/11/19
412,99.9,6.6949997,1000.74,0.0,4.03 19:01:57 11/11/19
19,99.9,6.705,1000.68,0.0,4.03 19:07:13 11/11/19
148,99.9,6.7799997,1000.72,0.0,4.03 19:12:31 11/11/19
519,99.9,6.8,1000.81,0.0,4.03 19:17:44 11/11/19
20,99.9,6.8,1000.86,0.0,4.03 19:22:57 11/11/19
25,99.9,6.8149996,1000.92,0.0,4.03 19:28:09 11/11/19
24,99.9,6.8149996,1000.87,0.0,4.03 19:33:23 11/11/19
370,99.9,6.825,1000.89,0.0,4.03 19:38:35 11/11/19
28,99.9,6.87,1000.99,0.0,4.02 19:43:53 11/11/19
35,99.9,6.885,1001.1,0.0,4.02 19:49:10 11/11/19
541,99.9,6.875,1001.06,0.0,4.02 19:54:25 11/11/19
16,99.9,6.83,1000.94,0.0,4.02 19:59:39 11/11/19
594,99.9,6.88,1000.97,0.0,4.02 20:04:51 11/11/19
16,99.9,6.8199997,1000.95,0.0,4.02 20:10:01 11/11/19
316,99.9,6.8,1000.89,0.0,4.02 20:15:17 11/11/19
25,99.9,6.7749996,1000.87,0.0,4.01 20:20:29 11/11/19
79,99.9,6.7,1000.85,0.01,4.01 20:25:42 11/11/19
539,99.9,6.625,1000.85,0.0,4.01 20:30:53 11/11/19
415,99.9,6.615,1000.95,0.01,4.01 20:36:09 11/11/19
485,99.9,6.5950003,1000.89,0.0,4.01 20:41:20 11/11/19
42,99.9,6.545,1000.93,0.01,4.01 20:46:35 11/11/19
314,99.9,6.535,1001.05,0.01,4.01 20:51:52 11/11/19
21,99.9,6.5150003,1001.18,0.0,4.01 20:57:09 11/11/19
99,99.9,6.49,1001.2,0.0,4.01 21:02:22 11/11/19
635,99.9,6.425,1001.23,0.0,4.01 21:07:35 11/11/19
278,99.9,6.42,1001.1,0.01,4.01 21:12:47 11/11/19
532,99.9,6.405,1001.1,0.02,4.01 21:18:00 11/11/19
569,99.9,6.3149996,1001.15,0.0,4.0 21:23:13 11/11/19
22,99.9,6.2200003,1001.14,0.01,4.0 21:28:26 11/11/19
99,99.9,6.115,1001.1,0.02,4.0 21:33:43 11/11/19
70,99.9,6.01,1001.16,0.02,4.0 21:39:01 11/11/19
33,99.9,5.905,1001.21,0.01,4.0 21:44:17 11/11/19
47,99.9,5.73,1001.19,0.0,4.0 21:49:35 11/11/19
308,99.9,5.62,1001.24,0.02,4.0 21:54:48 11/11/19
58,99.9,5.465,1001.29,0.0,4.0 22:00:01 11/11/19
27,99.9,5.4350004,1001.2,0.02,4.0 22:05:13 11/11/19
38,99.9,5.395,1001.25,0.02,4.0 22:10:26 11/11/19
93,99.9,5.295,1001.16,0.02,3.99 22:15:39 11/11/19
254,99.9,5.2,1001.24,0.02,3.99 22:20:55 11/11/19
33,99.9,5.115,1001.25,0.02,3.99 22:26:05 11/11/19
233,99.9,5.025,1001.2,0.03,3.99 22:31:18 11/11/19
204,99.9,4.9300003,1001.19,0.03,3.99 22:36:30 11/11/19
304,99.9,4.9,1001.19,0.03,3.99 22:41:43 11/11/19
164,99.9,4.8149996,1001.21,0.03,3.99 22:47:01 11/11/19
107,99.9,4.8,1001.12,0.03,3.99 22:52:17 11/11/19
25,99.9,4.79,1001.11,0.03,3.99 22:57:31 11/11/19
33,99.9,4.79,1001.12,0.03,3.99 23:02:43 11/11/19
40,99.9,4.8149996,1001.11,0.03,3.99 23:07:57 11/11/19
45,99.9,4.8900003,1001.12,0.03,3.99 23:13:08 11/11/19
48,99.9,4.905,1001.15,0.03,3.99 23:18:21 11/11/19
426,99.9,4.98,1001.16,0.01,3.98 23:23:34 11/11/19
28,99.9,5.01,1001.23,0.01,3.99 23:28:45 11/11/19
85,99.9,5.08,1001.35,0.01,3.98 23:34:00 11/11/19
402,99.9,5.1099997,1001.33,0.03,3.98 23:39:12 11/11/19
65,99.9,5.12,1001.4,0.02,3.98 23:44:26 11/11/19
31,99.9,5.125,1001.39,0.03,3.99 23:49:38 11/11/19
404,99.9,5.13,1001.3,0.03,3.98 23:54:51 11/11/19
