409,99.9,6.2200003,997.88,0.03,3.99 00:01:51 14/11/19
384,99.9,6.21,997.8,0.02,3.98 00:07:03 14/11/19
351,99.9,6.135,997.76,0.01,3.98 00:12:16 14/11/19
349,99.9,6.12,997.75,0.01,3.98 00:17:28 14/11/19
441,99.9,6.105,997.83,0.02,3.98 00:22:42 14/11/19
29,99.9,6.1099997,997.83,0.01,3.98 00:27:55 14/11/19
288,99.9,6.12,997.78,0.0,3.98 00:33:08 14/11/19
344,99.9,6.125,997.78,0.01,3.98 00:38:20 14/11/19
73,99.9,6.125,997.72,0.01,3.98 00:43:37 14/11/19
272,99.9,6.135,997.69,0.0,3.98 00:48:48 14/11/19
440,99.9,6.205,997.68,0.0,3.98 00:54:00 14/11/19
380,99.9,6.21,997.62,0.01,3.98 00:59:13 14/11/19
453,99.9,6.2349997,997.68,0.03,3.98 01:04:29 14/11/19
422,99.9,6.295,997.72,0.03,3.98 01:09:47 14/11/19
382,99.9,6.29,997.71,0.03,3.98 01:15:00 14/11/19
303,99.9,6.225,997.62,0.03,3.98 01:20:13 14/11/19
29,99.9,6.21,997.56,0.03,3.98 01:25:27 14/11/19
349,99.9,6.145,997.43,0.03,3.97 01:30:44 14/11/19
396,99.9,6.19,997.44,0.03,3.98 01:35:59 14/11/19
260,99.9,6.125,997.43,0.03,3.97 01:41:13 14/11/19
353,99.9,6.1,997.43,0.03,3.98 01:46:26 14/11/19
335,99.9,6.08,997.42,0.03,3.97 01:51:39 14/11/19
57,99.9,6.0150003,997.45,0.01,3.97 01:56:52 14/11/19
48,99.9,5.99,997.45,0.01,3.97 02:02:06 14/11/19
255,99.9,5.925,997.43,0.03,3.97 02:07:19 14/11/19
41,99.9,5.9,997.43,0.03,3.97 02:12:29 14/11/19
48,99.9,5.805,997.45,0.03,3.97 02:17:48 14/11/19
263,99.9,5.71,997.39,0.03,3.97 02:23:05 14/11/19
59,99.9,5.6,997.4,0.03,3.97 02:28:19 14/11/19
416,99.9,5.505,997.38,0.03,3.97 02:33:31 14/11/19
281,99.9,5.4300003,997.27,0.03,3.97 02:38:44 14/11/19
316,99.9,5.4,997.24,0.03,3.97 02:43:55 14/11/19
262,99.9,5.395,997.18,0.03,3.97 02:49:09 14/11/19
298,99.9,5.4,997.22,0.02,3.97 02:54:22 14/11/19
215,99.9,5.395,997.12,0.02,3.96 02:59:40 14/11/19
236,99.9,5.4,997.01,0.02,3.97 03:04:56 14/11/19
268,99.9,5.41,996.95,0.02,3.96 03:10:09 14/11/19
298,99.9,5.4300003,996.9,0.02,3.96 03:15:22 14/11/19
246,99.9,5.4350004,996.82,0.02,3.96 03:20:36 14/11/19
77,99.9,5.505,996.8,0.02,3.96 03:25:48 14/11/19
259,99.9,5.5150003,996.73,0.02,3.96 03:30:59 14/11/19
259,99.9,5.5299997,996.7,0.02,3.96 03:36:17 14/11/19
203,99.9,5.5950003,996.62,0.02,3.96 03:41:36 14/11/19
365,99.9,5.605,996.68,0.02,3.96 03:46:48 14/11/19
403,99.9,5.625,996.57,0.02,3.96 03:52:01 14/11/19
480,99.9,5.71,996.51,0.01,3.96 03:57:14 14/11/19
18,99.9,5.785,996.47,0.01,3.96 04:02:28 14/11/19
212,99.9,5.81,996.42,0.01,3.96 04:07:39 14/11/19
59,99.9,5.825,996.37,0.01,3.96 04:12:50 14/11/19
211,99.9,5.81,996.41,0.01,3.96 04:18:05 14/11/19
107,99.9,5.745,996.42,0.0,3.96 04:23:19 14/11/19
192,99.9,5.785,996.34,0.0,3.96 04:28:31 14/11/19
105,99.9,5.7200003,996.24,0.0,3.96 04:33:44 14/11/19
326,99.9,5.6949997,996.29,0.0,3.96 04:38:55 14/11/19
158,99.9,5.625,996.22,0.0,3.96 04:44:13 14/11/19
131,99.9,5.62,996.22,0.0,3.96 04:49:29 14/11/19
189,99.9,5.6,996.24,0.0,3.96 04:54:44 14/11/19
236,99.9,5.5950003,996.24,0.0,3.96 04:59:57 14/11/19
286,99.9,5.5950003,996.26,0.0,3.96 05:05:13 14/11/19
199,99.9,5.605,996.22,0.0,3.96 05:10:32 14/11/19
85,99.9,5.62,996.24,0.0,3.96 05:15:44 14/11/19
207,99.9,5.675,996.17,0.0,3.96 05:20:55 14/11/19
95,99.9,5.685,996.14,0.0,3.96 05:26:10 14/11/19
17,99.9,5.685,996.24,0.0,3.96 05:31:22 14/11/19
172,99.9,5.7,996.25,0.0,3.96 05:36:35 14/11/19
152,99.9,5.7,996.24,0.0,3.96 05:41:46 14/11/19
135,99.9,5.6949997,996.2,0.0,3.96 05:47:02 14/11/19
61,99.9,5.6949997,996.13,0.0,3.96 05:52:14 14/11/19
284,99.9,5.7,996.23,0.0,3.96 05:57:27 14/11/19
78,99.9,5.7,996.33,0.0,3.96 06:02:40 14/11/19
256,99.9,5.7,996.29,0.0,3.96 06:07:56 14/11/19
361,99.9,5.7,996.35,0.0,3.95 06:13:15 14/11/19
55,99.9,5.6949997,996.28,0.0,3.96 06:18:25 14/11/19
189,99.9,5.71,996.35,0.0,3.96 06:23:38 14/11/19
43,99.9,5.71,996.28,0.0,3.95 06:28:56 14/11/19
25,99.9,5.7749996,996.36,0.0,3.95 06:34:14 14/11/19
47,99.9,5.71,996.22,0.0,3.95 06:39:27 14/11/19
344,99.9,5.73,996.41,0.0,3.95 06:44:40 14/11/19
381,99.9,5.73,996.35,0.0,3.95 06:49:53 14/11/19
395,99.9,5.795,996.43,0.0,3.95 06:55:05 14/11/19
80,99.9,5.81,996.42,0.0,3.95 07:00:18 14/11/19
261,99.9,5.88,996.57,0.01,3.96 07:05:30 14/11/19
58,99.9,5.835,996.65,0.04,3.95 07:10:42 14/11/19
262,99.9,5.895,996.63,0.09,3.95 07:15:57 14/11/19
95,99.9,5.9,996.64,0.19,3.95 07:21:11 14/11/19
131,99.9,5.9700003,996.7,0.44,3.95 07:26:24 14/11/19
358,99.9,5.99,996.8,0.83,3.95 07:31:36 14/11/19
239,99.9,6.0,996.84,1.39,3.95 07:36:49 14/11/19
261,99.9,6.065,996.82,1.97,3.95 07:42:00 14/11/19
162,99.9,6.08,996.84,2.68,3.95 07:47:13 14/11/19
367,99.9,6.085,996.92,4.07,3.95 07:52:27 14/11/19
402,99.9,6.1,997.09,3.39,3.95 07:57:40 14/11/19
436,99.9,6.17,997.16,3.62,3.95 08:02:52 14/11/19
431,99.9,6.1949997,997.25,3.8,3.95 08:08:05 14/11/19
468,99.9,6.2749996,997.24,3.85,3.95 08:13:17 14/11/19
444,99.9,6.29,997.24,4.05,3.95 08:18:32 14/11/19
208,99.9,6.31,997.15,4.07,3.95 08:23:45 14/11/19
474,99.9,6.36,997.07,4.24,3.95 08:28:58 14/11/19
510,99.9,6.31,997.14,4.66,3.95 08:34:11 14/11/19
487,99.9,6.3900003,997.26,4.57,3.95 08:39:25 14/11/19
499,99.9,6.3900003,997.35,4.22,3.95 08:44:38 14/11/19
514,99.9,6.4,997.4,5.0,3.95 08:49:53 14/11/19
464,99.9,6.405,997.62,4.51,3.95 08:55:13 14/11/19
505,99.9,6.415,997.52,5.0,3.96 09:00:24 14/11/19
521,99.9,6.4700003,997.4,5.0,3.95 09:05:36 14/11/19
560,99.9,6.465,997.47,4.52,3.96 09:10:50 14/11/19
578,99.9,6.49,997.68,5.0,3.96 09:16:03 14/11/19
586,99.9,6.51,997.89,5.0,3.96 09:21:16 14/11/19
592,99.9,6.52,997.99,5.0,3.96 09:26:29 14/11/19
622,99.9,6.5950003,997.96,5.0,3.96 09:31:40 14/11/19
590,99.9,6.67,997.96,4.06,3.96 09:36:55 14/11/19
602,99.9,6.6949997,998.0,4.54,3.96 09:42:12 14/11/19
581,99.9,6.77,997.93,5.0,3.95 09:47:30 14/11/19
619,99.9,6.79,997.87,4.03,3.96 09:52:43 14/11/19
640,99.9,6.8,997.86,5.0,3.96 09:57:56 14/11/19
648,99.9,6.88,997.87,4.19,3.97 10:03:07 14/11/19
647,99.9,6.8900003,997.94,4.36,3.98 10:08:20 14/11/19
674,99.9,6.9750004,998.04,4.74,3.98 10:13:38 14/11/19
675,99.9,7.06,998.22,5.0,3.98 10:18:48 14/11/19
665,99.9,7.085,998.33,4.11,3.98 10:24:06 14/11/19
644,99.9,7.17,998.52,5.0,3.98 10:29:22 14/11/19
663,99.9,7.19,998.51,5.0,3.98 10:34:35 14/11/19
678,99.9,7.215,998.54,4.64,3.99 10:39:47 14/11/19
689,99.9,7.2799997,998.54,4.07,4.0 10:45:02 14/11/19
678,99.9,7.3,998.62,5.0,3.99 10:50:15 14/11/19
680,99.9,7.37,998.61,4.63,3.99 10:55:28 14/11/19
698,99.9,7.395,998.73,4.47,4.0 11:00:40 14/11/19
703,99.9,7.4,998.72,4.08,4.02 11:05:55 14/11/19
701,99.9,7.4800005,998.86,5.0,4.03 11:11:07 14/11/19
704,99.9,7.5,998.92,4.1,4.03 11:16:23 14/11/19
707,99.9,7.58,999.04,5.0,4.03 11:21:33 14/11/19
683,99.9,7.6549997,999.0,4.38,4.02 11:26:47 14/11/19
707,99.9,7.665,999.13,4.35,4.04 11:31:58 14/11/19
710,99.9,7.675,999.09,5.0,4.05 11:37:11 14/11/19
728,99.9,7.6899996,999.05,4.19,4.06 11:42:31 14/11/19
721,99.9,7.7599998,999.1,4.17,4.05 11:47:49 14/11/19
710,99.9,7.785,999.09,4.51,4.06 11:52:59 14/11/19
706,99.9,7.775,999.16,5.0,4.07 11:58:12 14/11/19
717,99.9,7.7299995,999.26,5.0,4.07 12:03:32 14/11/19
709,99.9,7.7200003,999.27,4.23,4.07 12:08:48 14/11/19
740,99.9,7.7200003,999.2,4.22,4.1 12:14:00 14/11/19
725,99.9,7.715,999.35,4.34,4.11 12:19:13 14/11/19
760,99.9,7.775,999.33,4.26,4.17 12:24:29 14/11/19
747,99.9,7.805,999.34,5.0,4.12 12:29:41 14/11/19
717,99.9,7.87,999.4,4.52,4.13 12:34:55 14/11/19
754,99.9,7.89,999.39,4.72,4.14 12:40:06 14/11/19
745,99.9,7.9,999.5,4.93,4.13 12:45:21 14/11/19
702,99.9,7.905,999.47,4.26,4.13 12:50:34 14/11/19
708,99.9,7.905,999.59,5.0,4.14 12:55:47 14/11/19
744,99.9,7.89,999.66,5.0,4.12 13:01:12 14/11/19
737,99.9,7.895,999.6,4.26,4.15 13:06:30 14/11/19
731,99.9,7.88,999.5,4.33,4.14 13:11:43 14/11/19
760,99.9,7.81,999.16,4.18,4.14 13:17:00 14/11/19
750,99.9,7.81,999.09,4.34,4.15 13:22:26 14/11/19
753,99.9,7.87,999.25,4.82,4.15 13:27:41 14/11/19
770,99.9,7.875,999.29,4.26,4.17 13:32:52 14/11/19
762,99.9,7.9,999.39,4.24,4.15 13:38:06 14/11/19
753,99.9,7.9700003,999.49,5.0,4.14 13:43:18 14/11/19
732,99.9,8.04,999.42,5.0,4.14 13:48:39 14/11/19
711,99.9,8.01,999.39,4.22,4.15 13:53:54 14/11/19
727,99.9,7.99,999.38,4.22,4.14 13:59:06 14/11/19
730,99.9,7.9849997,999.4,4.62,4.14 14:04:20 14/11/19
718,99.9,7.9700003,999.32,5.0,4.13 14:09:32 14/11/19
726,99.9,7.965,999.22,4.22,4.15 14:14:47 14/11/19
729,99.9,7.92,999.25,5.0,4.14 14:20:01 14/11/19
739,99.9,7.915,999.23,5.0,4.15 14:25:13 14/11/19
719,99.9,7.965,999.24,4.26,4.14 14:30:25 14/11/19
692,99.9,7.955,999.39,5.0,4.16 14:35:40 14/11/19
726,99.9,7.905,999.54,4.39,4.14 14:40:53 14/11/19
697,99.9,7.9,999.66,5.0,4.16 14:46:09 14/11/19
660,99.9,7.895,999.94,5.0,4.15 14:51:26 14/11/19
682,99.9,7.89,1000.05,5.0,4.15 14:56:41 14/11/19
688,99.9,7.88,1000.13,5.0,4.15 15:01:54 14/11/19
696,99.9,7.8650002,1000.19,5.0,4.14 15:07:07 14/11/19
663,99.9,7.86,1000.19,4.18,4.13 15:12:21 14/11/19
663,99.9,7.805,1000.28,4.53,4.14 15:17:31 14/11/19
665,99.9,7.7999997,1000.32,5.0,4.13 15:22:46 14/11/19
686,99.9,7.785,1000.35,4.19,4.12 15:27:59 14/11/19
682,99.9,7.71,1000.14,5.0,4.13 15:33:14 14/11/19
648,99.9,7.71,1000.16,5.0,4.13 15:38:30 14/11/19
689,99.9,7.7,1000.19,4.92,4.14 15:43:51 14/11/19
697,99.9,7.6949997,1000.34,5.0,4.15 15:49:08 14/11/19
717,99.9,7.6850004,1000.34,5.0,4.16 15:54:23 14/11/19
703,99.9,7.66,1000.3,4.68,4.16 15:59:34 14/11/19
707,99.9,7.605,1000.28,5.0,4.16 16:04:48 14/11/19
689,99.9,7.54,1000.2,5.0,4.15 16:10:02 14/11/19
690,99.9,7.5150003,1000.19,5.0,4.15 16:15:15 14/11/19
679,99.9,7.42,1000.3,5.0,4.14 16:20:28 14/11/19
669,99.9,7.375,1000.27,4.67,4.14 16:25:41 14/11/19
677,99.9,7.285,1000.4,4.9,4.13 16:30:52 14/11/19
603,99.9,7.1400003,1000.45,4.61,4.12 16:36:08 14/11/19
628,99.9,7.05,1000.42,4.31,4.11 16:41:21 14/11/19
594,99.9,7.01,1000.56,4.19,4.11 16:46:31 14/11/19
578,99.9,6.91,1000.61,4.16,4.1 16:51:44 14/11/19
522,99.9,6.875,1000.62,3.76,4.1 16:56:57 14/11/19
558,99.9,6.795,1000.64,3.54,4.09 17:02:11 14/11/19
495,99.9,6.725,1000.66,1.98,4.09 17:07:25 14/11/19
123,99.9,6.705,1000.75,0.97,4.08 17:12:42 14/11/19
100,99.9,6.7,1000.66,0.51,4.08 17:18:00 14/11/19
77,99.9,6.7,1000.73,0.21,4.07 17:23:15 14/11/19
51,99.9,6.7,1000.72,0.08,4.07 17:28:26 14/11/19
445,99.9,6.705,1000.65,0.03,4.07 17:33:37 14/11/19
510,99.9,6.7200003,1000.76,0.01,4.07 17:38:50 14/11/19
30,99.9,6.7200003,1001.0,0.0,4.06 17:44:09 14/11/19
539,99.9,6.73,1001.02,0.0,4.06 17:49:24 14/11/19
498,99.9,6.715,1001.08,0.0,4.05 17:54:43 14/11/19
555,99.9,6.7749996,1001.15,0.0,4.05 18:00:01 14/11/19
231,99.9,6.765,1001.21,0.0,4.05 18:05:14 14/11/19
25,99.9,6.715,1001.22,0.0,4.05 18:10:27 14/11/19
550,99.9,6.7,1001.38,0.0,4.05 18:15:40 14/11/19
486,99.9,6.69,1001.45,0.0,4.05 18:20:51 14/11/19
48,99.9,6.685,1001.46,0.0,4.04 18:26:10 14/11/19
374,99.9,6.675,1001.44,0.0,4.04 18:31:27 14/11/19
340,99.9,6.665,1001.3,0.0,4.04 18:36:40 14/11/19
496,99.9,6.615,1001.22,0.0,4.04 18:41:55 14/11/19
255,99.9,6.605,1001.25,0.0,4.04 18:47:06 14/11/19
283,99.9,6.59,1001.32,0.0,4.03 18:52:19 14/11/19
362,99.9,6.5299997,1001.41,0.0,4.04 18:57:30 14/11/19
383,99.9,6.5150003,1001.39,0.0,4.04 19:02:43 14/11/19
343,99.9,6.495,1001.5,0.0,4.03 19:07:58 14/11/19
371,99.9,6.48,1001.51,0.0,4.03 19:13:11 14/11/19
431,99.9,6.41,1001.43,0.0,4.03 19:18:24 14/11/19
450,99.9,6.41,1001.38,0.0,4.02 19:23:38 14/11/19
429,99.9,6.41,1001.4,0.0,4.02 19:28:51 14/11/19
16,99.9,6.405,1001.3,0.0,4.02 19:34:04 14/11/19
357,99.9,6.4,1001.39,0.0,4.02 19:39:19 14/11/19
279,99.9,6.3900003,1001.32,0.0,4.02 19:44:37 14/11/19
367,99.9,6.37,1001.38,0.0,4.02 19:49:51 14/11/19
421,99.9,6.31,1001.48,0.0,4.02 19:55:03 14/11/19
25,99.9,6.305,1001.39,0.0,4.02 20:00:19 14/11/19
16,99.9,6.305,1001.44,0.0,4.02 20:05:29 14/11/19
427,99.9,6.3,1001.57,0.0,4.01 20:10:42 14/11/19
427,99.9,6.295,1001.54,0.0,4.01 20:16:02 14/11/19
20,99.9,6.29,1001.52,0.0,4.02 20:21:17 14/11/19
120,99.9,6.29,1001.26,0.0,4.01 20:26:30 14/11/19
322,99.9,6.3,1001.41,0.0,4.01 20:31:43 14/11/19
23,99.9,6.3,1001.32,0.0,4.01 20:37:04 14/11/19
117,99.9,6.365,1001.3,0.0,4.01 20:42:17 14/11/19
298,99.9,6.365,1001.37,0.0,4.01 20:47:31 14/11/19
15,99.9,6.3149996,1001.37,0.0,4.01 20:52:44 14/11/19
53,99.9,6.355,1001.33,0.0,4.0 20:57:57 14/11/19
326,99.9,6.295,1001.46,0.0,4.01 21:03:10 14/11/19
400,99.9,6.23,1001.61,0.0,4.0 21:08:23 14/11/19
381,99.9,6.2200003,1001.49,0.0,4.0 21:13:33 14/11/19
269,99.9,6.21,1001.56,0.0,4.0 21:18:48 14/11/19
357,99.9,6.205,1001.37,0.0,4.0 21:23:59 14/11/19
344,99.9,6.2,1001.19,0.0,4.0 21:29:12 14/11/19
15,99.9,6.19,1001.22,0.0,4.0 21:34:27 14/11/19
261,99.9,6.12,1001.31,0.0,4.0 21:39:42 14/11/19
17,99.9,6.1,1001.36,0.0,4.0 21:44:52 14/11/19
53,99.9,6.025,1001.44,0.0,4.0 21:50:06 14/11/19
281,99.9,6.0,1001.45,0.0,4.0 21:55:19 14/11/19
19,99.9,5.9700003,1001.49,0.0,4.0 22:00:30 14/11/19
390,99.9,5.895,1001.57,0.0,4.0 22:05:42 14/11/19
299,99.9,5.875,1001.52,0.0,4.0 22:10:57 14/11/19
322,99.9,5.865,1001.41,0.0,3.99 22:16:11 14/11/19
233,99.9,5.8149996,1001.36,0.0,3.99 22:21:24 14/11/19
122,99.9,5.8149996,1001.26,0.0,4.0 22:26:34 14/11/19
268,99.9,5.8199997,1001.21,0.0,3.99 22:31:49 14/11/19
243,99.9,5.865,1001.16,0.0,3.99 22:37:00 14/11/19
62,99.9,5.81,1001.16,0.0,3.99 22:42:18 14/11/19
42,99.9,5.79,1001.17,0.0,3.99 22:47:36 14/11/19
133,99.9,5.715,1001.11,0.0,3.99 22:52:49 14/11/19
170,99.9,5.685,1001.18,0.0,3.99 22:58:00 14/11/19
212,99.9,5.6,1001.15,0.0,3.99 23:03:14 14/11/19
319,99.9,5.49,1001.17,0.0,3.99 23:08:27 14/11/19
186,99.9,5.395,1001.2,0.0,3.99 23:13:40 14/11/19
57,99.9,5.3,1001.11,0.01,3.99 23:18:53 14/11/19
287,99.9,5.1949997,1001.05,0.0,3.98 23:24:07 14/11/19
251,99.9,5.1,1000.99,0.0,3.98 23:29:19 14/11/19
235,99.9,4.99,1000.93,0.0,3.98 23:34:30 14/11/19
257,99.9,4.885,1000.89,0.0,3.98 23:39:44 14/11/19
276,99.9,4.79,1000.92,0.0,3.98 23:44:57 14/11/19
251,99.9,4.71,1000.93,0.0,3.98 23:50:10 14/11/19
124,99.9,4.6800003,1000.86,0.0,3.98 23:55:21 14/11/19
