120,99.9,4.605,1000.85,0.0,3.98 00:00:36 15/11/19
214,99.9,4.585,1000.76,0.0,3.98 00:05:52 15/11/19
205,99.9,4.565,1000.6,0.0,3.98 00:11:08 15/11/19
291,99.9,4.51,1000.61,0.0,3.98 00:16:22 15/11/19
424,99.9,4.495,1000.65,0.0,3.98 00:21:35 15/11/19
288,99.9,4.49,1000.62,0.0,3.98 00:26:46 15/11/19
379,99.9,4.485,1000.67,0.0,3.98 00:32:00 15/11/19
230,99.9,4.49,1000.62,0.0,3.98 00:37:11 15/11/19
106,99.9,4.49,1000.65,0.0,3.98 00:42:27 15/11/19
186,99.9,4.51,1000.64,0.0,3.97 00:47:39 15/11/19
176,99.9,4.585,1000.64,0.0,3.98 00:52:50 15/11/19
18,99.9,4.615,1000.57,0.0,3.97 00:58:04 15/11/19
219,99.9,4.685,1000.5,0.0,3.98 01:03:15 15/11/19
310,99.9,4.705,1000.51,0.0,3.97 01:08:30 15/11/19
174,99.9,4.7200003,1000.32,0.0,3.97 01:13:41 15/11/19
288,99.9,4.785,1000.02,0.0,3.97 01:18:55 15/11/19
148,99.9,4.795,999.87,0.0,3.97 01:24:08 15/11/19
240,99.9,4.79,999.82,0.02,3.97 01:29:19 15/11/19
22,99.9,4.785,999.77,0.01,3.97 01:34:34 15/11/19
298,99.9,4.715,999.76,0.0,3.97 01:39:46 15/11/19
91,99.9,4.69,999.98,0.0,3.97 01:45:00 15/11/19
319,99.9,4.605,1000.04,0.02,3.97 01:50:12 15/11/19
310,99.9,4.525,1000.11,0.01,3.97 01:55:28 15/11/19
363,99.9,4.495,999.9,0.01,3.97 02:00:46 15/11/19
20,99.9,4.42,999.82,0.01,3.97 02:06:02 15/11/19
503,99.9,4.46,999.77,0.01,3.96 02:11:20 15/11/19
274,99.9,4.395,999.68,0.01,3.96 02:16:33 15/11/19
297,99.9,4.38,999.48,0.01,3.97 02:21:43 15/11/19
129,99.9,4.37,999.38,0.01,3.97 02:26:58 15/11/19
332,99.9,4.31,999.51,0.01,3.96 02:32:11 15/11/19
15,99.9,4.29,999.58,0.01,3.96 02:37:23 15/11/19
190,99.9,4.275,999.57,0.01,3.96 02:42:37 15/11/19
362,99.9,4.2,999.57,0.01,3.96 02:47:49 15/11/19
324,99.9,4.185,999.77,0.01,3.96 02:53:01 15/11/19
320,99.9,4.115,999.63,0.01,3.96 02:58:14 15/11/19
171,99.9,4.105,999.42,0.01,3.96 03:03:27 15/11/19
151,99.9,4.0950003,999.37,0.01,3.96 03:08:43 15/11/19
313,99.9,4.035,999.21,0.01,3.96 03:14:01 15/11/19
289,99.9,4.0150003,999.2,0.01,3.96 03:19:12 15/11/19
313,99.9,3.9950001,999.17,0.01,3.96 03:24:26 15/11/19
415,99.9,3.915,999.08,0.01,3.96 03:29:39 15/11/19
424,99.9,3.9,998.97,0.0,3.96 03:34:51 15/11/19
406,99.9,3.8200002,998.87,0.0,3.96 03:40:04 15/11/19
383,99.9,3.7849998,998.7,0.0,3.96 03:45:17 15/11/19
342,99.9,3.715,998.83,0.01,3.96 03:50:29 15/11/19
38,99.9,3.71,998.86,0.0,3.96 03:55:42 15/11/19
229,99.9,3.695,998.76,0.0,3.96 04:00:55 15/11/19
248,99.9,3.635,998.64,0.0,3.96 04:06:06 15/11/19
282,99.9,3.68,998.48,0.0,3.96 04:11:21 15/11/19
321,99.9,3.625,998.29,0.0,3.96 04:16:31 15/11/19
220,99.9,3.68,998.23,0.0,3.96 04:21:45 15/11/19
283,99.9,3.69,998.07,0.0,3.96 04:26:58 15/11/19
321,99.9,3.7,998.12,0.0,3.96 04:32:14 15/11/19
283,99.9,3.705,998.14,0.0,3.96 04:37:32 15/11/19
307,99.9,3.71,998.22,0.0,3.95 04:42:44 15/11/19
251,99.9,3.695,998.04,0.0,3.96 04:47:56 15/11/19
83,99.9,3.705,997.97,0.0,3.95 04:53:14 15/11/19
27,99.9,3.7,997.92,0.0,3.95 04:58:31 15/11/19
142,99.9,3.7,997.87,0.0,3.95 05:03:43 15/11/19
29,99.9,3.695,997.85,0.0,3.96 05:08:56 15/11/19
47,99.9,3.69,997.73,0.0,3.96 05:14:09 15/11/19
289,99.9,3.695,997.79,0.0,3.95 05:19:21 15/11/19
294,99.9,3.685,997.63,0.0,3.96 05:24:33 15/11/19
246,99.9,3.625,997.65,0.01,3.95 05:29:45 15/11/19
230,99.9,3.615,997.88,0.01,3.96 05:34:57 15/11/19
37,99.9,3.61,997.9,0.0,3.95 05:40:12 15/11/19
300,99.9,3.605,998.05,0.0,3.95 05:45:24 15/11/19
287,99.9,3.6,998.28,0.0,3.95 05:50:40 15/11/19
14,99.9,3.59,998.22,0.0,3.95 05:55:48 15/11/19
19,99.9,3.525,998.16,0.0,3.95 06:01:02 15/11/19
270,99.9,3.515,998.21,0.0,3.95 06:06:14 15/11/19
215,99.9,3.51,998.01,0.0,3.95 06:11:28 15/11/19
201,99.9,3.5,997.69,0.0,3.95 06:16:40 15/11/19
249,99.9,3.4950001,997.55,0.0,3.95 06:21:53 15/11/19
181,99.9,3.5,997.39,0.0,3.95 06:27:06 15/11/19
123,99.9,3.4950001,997.18,0.0,3.94 06:32:19 15/11/19
162,99.9,3.4950001,997.25,0.0,3.95 06:37:31 15/11/19
179,99.9,3.5,997.16,0.0,3.95 06:42:42 15/11/19
103,99.9,3.505,997.12,0.0,3.95 06:47:56 15/11/19
97,99.9,3.505,997.08,0.0,3.95 06:53:12 15/11/19
22,99.9,3.51,997.06,0.0,3.94 06:58:32 15/11/19
125,99.9,3.565,997.17,0.0,3.95 07:03:42 15/11/19
196,99.9,3.52,997.37,0.01,3.94 07:08:53 15/11/19
25,99.9,3.52,997.37,0.03,3.94 07:14:11 15/11/19
188,99.9,3.58,997.25,0.07,3.94 07:19:29 15/11/19
22,99.9,3.585,997.05,0.15,3.94 07:24:41 15/11/19
130,99.9,3.59,997.1,0.32,3.94 07:29:54 15/11/19
109,99.9,3.59,997.18,0.65,3.94 07:35:07 15/11/19
42,99.9,3.59,997.22,1.1,3.94 07:40:17 15/11/19
243,99.9,3.6,997.42,1.79,3.94 07:45:32 15/11/19
99,99.9,3.605,997.4,2.29,3.94 07:50:44 15/11/19
103,99.9,3.605,997.47,2.88,3.95 07:55:56 15/11/19
414,99.9,3.61,997.84,3.41,3.94 08:01:14 15/11/19
158,99.9,3.625,997.97,3.71,3.94 08:06:29 15/11/19
188,99.9,3.62,997.83,4.06,3.94 08:11:42 15/11/19
210,99.9,3.625,997.84,4.06,3.94 08:16:55 15/11/19
432,99.9,3.685,998.15,4.01,3.94 08:22:07 15/11/19
331,99.9,3.635,998.01,4.16,3.94 08:27:21 15/11/19
346,99.9,3.695,997.86,4.2,3.94 08:32:34 15/11/19
278,99.9,3.7,997.6,4.59,3.95 08:37:46 15/11/19
291,99.9,3.705,997.68,4.13,3.94 08:42:59 15/11/19
423,99.9,3.71,998.1,4.55,3.94 08:48:12 15/11/19
496,99.9,3.72,998.32,4.67,3.94 08:53:24 15/11/19
476,99.9,3.7800002,998.66,4.29,3.94 08:58:36 15/11/19
487,99.9,3.73,998.37,4.61,3.94 09:03:50 15/11/19
318,99.9,3.7849998,998.1,4.43,3.94 09:09:03 15/11/19
530,99.9,3.79,998.27,4.23,3.94 09:14:16 15/11/19
491,99.9,3.8000002,998.28,5.0,3.94 09:19:28 15/11/19
498,99.9,3.8000002,998.37,4.36,3.94 09:24:40 15/11/19
507,99.9,3.8049998,998.27,4.02,3.94 09:29:52 15/11/19
504,99.9,3.8200002,998.27,5.0,3.95 09:35:10 15/11/19
529,99.9,3.8849998,998.41,4.41,3.95 09:40:25 15/11/19
514,99.9,3.8899999,998.31,5.0,3.95 09:45:40 15/11/19
517,99.9,3.9,998.35,5.0,3.95 09:50:52 15/11/19
525,99.9,3.9099998,998.56,4.23,3.95 09:56:05 15/11/19
549,99.9,3.9250002,998.79,5.0,3.95 10:01:18 15/11/19
564,99.9,3.98,998.7,4.07,3.96 10:06:30 15/11/19
600,99.9,3.9950001,998.58,4.03,3.96 10:11:43 15/11/19
615,99.9,4.02,998.6,5.0,3.96 10:16:55 15/11/19
643,99.9,4.085,998.43,5.0,3.97 10:22:10 15/11/19
653,99.9,4.115,998.41,4.03,3.98 10:27:21 15/11/19
674,99.9,4.2,998.15,5.0,4.0 10:32:34 15/11/19
668,99.9,4.29,998.42,5.0,4.0 10:37:47 15/11/19
679,99.9,4.38,998.11,5.0,4.01 10:43:00 15/11/19
670,99.9,4.465,998.03,5.0,4.02 10:48:12 15/11/19
654,99.9,4.51,998.12,4.31,4.0 10:53:24 15/11/19
666,99.9,4.5299997,998.27,4.08,4.02 10:58:37 15/11/19
655,99.9,4.605,998.0,4.1,4.02 11:03:49 15/11/19
638,99.9,4.6400003,998.01,5.0,4.02 11:09:01 15/11/19
648,99.9,4.69,997.99,4.08,4.02 11:14:15 15/11/19
655,99.9,4.705,997.87,4.16,4.02 11:19:26 15/11/19
654,99.9,4.77,997.7,4.14,4.03 11:24:40 15/11/19
685,99.9,4.79,997.86,4.17,4.06 11:29:52 15/11/19
698,99.9,4.8149996,997.98,5.0,4.06 11:35:07 15/11/19
679,99.9,4.9,998.27,4.14,4.07 11:40:19 15/11/19
677,99.9,4.98,998.15,4.21,4.06 11:45:31 15/11/19
684,99.9,5.005,998.03,4.66,4.09 11:50:43 15/11/19
660,99.9,5.075,998.07,5.0,4.08 11:55:57 15/11/19
605,99.9,5.1099997,998.13,4.57,4.11 12:01:10 15/11/19
686,99.9,5.185,998.03,4.46,4.13 12:06:21 15/11/19
602,99.9,5.205,997.88,4.29,4.15 12:11:34 15/11/19
688,99.9,5.285,997.54,5.0,4.13 12:16:47 15/11/19
677,99.9,5.3,997.47,4.65,4.12 12:22:05 15/11/19
688,99.9,5.325,997.54,4.26,4.14 12:27:23 15/11/19
662,99.9,5.395,997.92,4.29,4.15 12:32:36 15/11/19
647,99.9,5.405,998.18,5.0,4.12 12:38:06 15/11/19
615,99.9,5.4700003,997.98,5.0,4.11 12:43:19 15/11/19
649,99.9,5.41,997.81,5.0,4.12 12:48:31 15/11/19
653,99.9,5.385,998.14,4.17,4.13 12:53:43 15/11/19
687,99.9,5.38,998.05,4.26,4.15 12:59:02 15/11/19
682,99.9,5.33,997.95,4.25,4.13 13:04:18 15/11/19
700,99.9,5.325,998.04,4.33,4.14 13:09:32 15/11/19
704,99.9,5.395,997.92,4.83,4.14 13:14:42 15/11/19
681,99.9,5.46,998.12,4.31,4.1 13:19:57 15/11/19
683,99.9,5.485,998.34,5.0,4.13 13:25:11 15/11/19
672,99.9,5.5550003,998.4,4.5,4.13 13:30:21 15/11/19
649,99.9,5.52,998.45,5.0,4.15 13:35:35 15/11/19
638,99.9,5.585,998.46,5.0,4.15 13:40:47 15/11/19
637,99.9,5.59,998.36,4.34,4.15 13:46:04 15/11/19
620,99.9,5.6,998.35,5.0,4.15 13:51:14 15/11/19
636,99.9,5.6,998.34,5.0,4.14 13:56:25 15/11/19
629,99.9,5.5950003,998.37,5.0,4.15 14:01:40 15/11/19
625,99.9,5.59,998.32,4.52,4.16 14:06:51 15/11/19
628,99.9,5.5950003,998.35,4.99,4.15 14:12:03 15/11/19
645,99.9,5.5950003,998.28,5.0,4.14 14:17:19 15/11/19
682,99.9,5.605,998.31,4.69,4.15 14:22:31 15/11/19
681,99.9,5.67,998.27,4.24,4.12 14:27:42 15/11/19
686,99.9,5.69,998.24,4.26,4.16 14:32:57 15/11/19
709,99.9,5.7799997,998.26,4.27,4.16 14:38:13 15/11/19
696,99.9,5.8900003,998.38,4.24,4.16 14:43:31 15/11/19
682,99.9,5.9700003,998.33,5.0,4.16 14:48:42 15/11/19
690,99.9,6.04,998.34,4.36,4.15 14:53:57 15/11/19
675,99.9,6.06,998.54,4.7,4.13 14:59:08 15/11/19
656,99.9,6.0150003,998.65,5.0,4.14 15:04:22 15/11/19
667,99.9,6.0699997,998.59,5.0,4.14 15:09:44 15/11/19
654,99.9,6.085,998.49,5.0,4.15 15:14:56 15/11/19
656,99.9,6.08,998.33,4.94,4.14 15:20:10 15/11/19
650,99.9,6.085,998.28,4.23,4.15 15:25:23 15/11/19
632,99.9,6.09,998.45,5.0,4.13 15:30:38 15/11/19
614,99.9,6.1,998.6,4.59,4.14 15:35:49 15/11/19
592,99.9,6.08,998.61,4.7,4.14 15:41:02 15/11/19
586,99.9,6.08,998.61,4.34,4.14 15:46:18 15/11/19
578,99.9,6.085,998.8,4.35,4.14 15:51:35 15/11/19
566,99.9,6.075,998.66,5.0,4.13 15:56:50 15/11/19
567,99.9,6.08,998.57,5.0,4.12 16:02:05 15/11/19
527,99.9,6.08,998.84,4.6,4.11 16:07:23 15/11/19
512,99.9,6.075,999.32,4.24,4.11 16:12:36 15/11/19
499,99.9,6.075,999.41,4.16,4.1 16:17:50 15/11/19
471,99.9,6.08,999.39,4.16,4.09 16:23:03 15/11/19
422,99.9,6.0699997,999.35,4.17,4.08 16:28:20 15/11/19
531,99.9,6.065,999.39,3.95,4.08 16:33:36 15/11/19
380,99.9,6.065,999.32,3.68,4.07 16:38:53 15/11/19
508,99.9,6.0699997,999.3,3.49,4.08 16:44:09 15/11/19
424,99.9,6.06,999.25,3.44,4.07 16:49:23 15/11/19
479,99.9,6.0699997,999.23,3.69,4.06 16:54:40 15/11/19
343,99.9,6.075,999.38,2.9,4.06 17:00:03 15/11/19
477,99.9,6.075,999.53,1.86,4.06 17:05:18 15/11/19
419,99.9,6.0699997,999.51,1.05,4.05 17:10:32 15/11/19
379,99.9,6.0699997,999.66,0.5,4.06 17:15:45 15/11/19
338,99.9,6.06,999.72,0.19,4.05 17:20:59 15/11/19
366,99.9,6.0699997,999.81,0.06,4.05 17:26:10 15/11/19
339,99.9,6.075,999.84,0.03,4.05 17:31:25 15/11/19
368,99.9,6.075,999.8,0.01,4.04 17:36:37 15/11/19
383,99.9,6.075,999.87,0.0,4.04 17:41:50 15/11/19
13,99.9,6.085,999.97,0.0,4.04 17:47:01 15/11/19
364,99.9,6.1,1000.07,0.0,4.04 17:52:14 15/11/19
15,99.9,6.16,1000.09,0.0,4.03 17:57:30 15/11/19
34,99.9,6.1800003,1000.13,0.0,4.04 18:02:48 15/11/19
309,99.9,6.24,1000.15,0.0,4.04 18:08:02 15/11/19
367,99.9,6.1949997,1000.24,0.0,4.03 18:13:16 15/11/19
386,99.9,6.21,1000.22,0.0,4.03 18:18:27 15/11/19
173,99.9,6.26,1000.23,0.0,4.03 18:23:42 15/11/19
346,99.9,6.21,1000.31,0.0,4.03 18:28:55 15/11/19
25,99.9,6.265,1000.28,0.0,4.03 18:34:08 15/11/19
390,99.9,6.21,1000.27,0.0,4.02 18:39:21 15/11/19
388,99.9,6.205,1000.38,0.0,4.03 18:44:33 15/11/19
392,99.9,6.2,1000.36,0.0,4.02 18:49:48 15/11/19
264,99.9,6.19,1000.44,0.0,4.02 18:55:03 15/11/19
347,99.9,6.1949997,1000.41,0.0,4.02 19:00:21 15/11/19
12,99.9,6.185,1000.52,0.0,4.02 19:05:34 15/11/19
14,99.9,6.165,1000.72,0.0,4.04 19:10:47 15/11/19
333,99.9,6.17,1000.86,0.0,4.02 19:16:00 15/11/19
294,99.9,6.105,1000.82,0.0,4.02 19:21:11 15/11/19
317,99.9,6.0950003,1000.98,0.0,4.01 19:26:30 15/11/19
286,99.9,6.085,1001.22,0.0,4.01 19:31:47 15/11/19
20,99.9,6.085,1001.31,0.0,4.01 19:37:00 15/11/19
18,99.9,6.08,1001.38,0.0,4.01 19:42:13 15/11/19
351,99.9,6.0950003,1001.4,0.0,4.01 19:47:24 15/11/19
13,99.9,6.085,1001.4,0.0,4.01 19:52:37 15/11/19
433,99.9,6.105,1001.48,0.0,4.01 19:57:54 15/11/19
188,99.9,6.115,1001.38,0.0,4.01 20:03:04 15/11/19
276,99.9,6.1800003,1001.4,0.0,4.0 20:08:25 15/11/19
189,99.9,6.1949997,1001.53,0.0,4.01 20:13:39 15/11/19
48,99.9,6.1949997,1001.57,0.0,4.01 20:18:52 15/11/19
13,99.9,6.205,1001.64,0.0,4.0 20:24:03 15/11/19
273,99.9,6.205,1001.74,0.0,4.0 20:29:16 15/11/19
270,99.9,6.2,1001.76,0.0,4.0 20:34:31 15/11/19
416,99.9,6.26,1001.84,0.0,4.0 20:39:43 15/11/19
302,99.9,6.205,1001.84,0.0,4.0 20:44:57 15/11/19
349,99.9,6.205,1001.96,0.0,4.0 20:50:08 15/11/19
221,99.9,6.2,1002.02,0.0,4.0 20:55:22 15/11/19
273,99.9,6.19,1001.95,0.0,4.0 21:00:35 15/11/19
81,99.9,6.1,1001.92,0.0,4.0 21:05:48 15/11/19
262,99.9,5.94,1002.07,0.0,4.0 21:11:04 15/11/19
222,99.9,5.84,1001.99,0.0,4.0 21:16:13 15/11/19
254,99.9,5.725,1002.09,0.0,4.0 21:21:27 15/11/19
240,99.9,5.6,1002.02,0.0,4.0 21:26:42 15/11/19
74,99.9,5.4300003,1001.92,0.0,4.0 21:31:53 15/11/19
113,99.9,5.3,1001.81,0.0,3.99 21:37:06 15/11/19
267,99.9,5.1400003,1001.85,0.0,3.99 21:42:18 15/11/19
194,99.9,5.0299997,1002.03,0.0,3.99 21:47:31 15/11/19
102,99.9,4.9300003,1002.27,0.0,3.99 21:52:44 15/11/19
143,99.9,4.8900003,1002.32,0.0,3.99 21:58:00 15/11/19
138,99.9,4.8,1002.4,0.0,3.99 22:03:19 15/11/19
14,99.9,4.71,1002.43,0.0,3.99 22:08:29 15/11/19
190,99.9,4.63,1002.52,0.0,3.99 22:13:43 15/11/19
217,99.9,4.59,1002.56,0.0,3.98 22:19:04 15/11/19
110,99.9,4.505,1002.49,0.0,3.99 22:24:17 15/11/19
19,99.9,4.4700003,1002.55,0.0,3.98 22:29:30 15/11/19
21,99.9,4.395,1002.5,0.0,3.99 22:34:43 15/11/19
111,99.9,4.38,1002.49,0.0,3.98 22:39:56 15/11/19
44,99.9,4.3,1002.49,0.0,3.98 22:45:08 15/11/19
242,99.9,4.275,1002.62,0.0,3.98 22:50:21 15/11/19
69,99.9,4.185,1002.67,0.0,3.98 22:55:34 15/11/19
241,99.9,4.105,1002.73,0.0,3.98 23:00:46 15/11/19
283,99.9,4.0150003,1002.72,0.0,3.98 23:05:59 15/11/19
308,99.9,3.9850001,1002.64,0.0,3.98 23:11:10 15/11/19
321,99.9,3.915,1002.86,0.0,3.98 23:16:25 15/11/19
217,99.9,3.835,1002.92,0.0,3.98 23:21:37 15/11/19
142,99.9,3.8000002,1003.01,0.0,3.98 23:26:53 15/11/19
197,99.9,3.7800002,1003.06,0.0,3.97 23:32:06 15/11/19
133,99.9,3.7649999,1003.11,0.0,3.98 23:37:24 15/11/19
19,99.9,3.7,1003.2,0.0,3.98 23:42:35 15/11/19
339,99.9,3.68,1003.25,0.0,3.98 23:47:50 15/11/19
28,99.9,3.62,1003.32,0.0,3.97 23:53:02 15/11/19
336,99.9,3.675,1003.34,0.0,3.98 23:58:14 15/11/19
