155,99.9,3.695,1003.42,0.0,3.97 00:03:27 16/11/19
302,99.9,3.775,1003.45,0.0,3.97 00:08:39 16/11/19
194,99.9,3.7800002,1003.48,0.0,3.97 00:13:52 16/11/19
155,99.9,3.72,1003.54,0.0,3.97 00:19:05 16/11/19
96,99.9,3.7,1003.54,0.0,3.97 00:24:17 16/11/19
52,99.9,3.615,1003.59,0.0,3.97 00:29:31 16/11/19
128,99.9,3.54,1003.72,0.0,3.97 00:34:43 16/11/19
150,99.9,3.51,1003.7,0.0,3.97 00:39:54 16/11/19
107,99.9,3.4850001,1003.66,0.0,3.97 00:45:09 16/11/19
54,99.9,3.4050002,1003.65,0.0,3.96 00:50:22 16/11/19
232,99.9,3.395,1003.7,0.0,3.97 00:55:33 16/11/19
241,99.9,3.375,1003.74,0.0,3.97 01:00:44 16/11/19
272,99.9,3.38,1003.71,0.0,3.97 01:05:57 16/11/19
107,99.9,3.4099998,1003.72,0.0,3.97 01:11:10 16/11/19
181,99.9,3.49,1003.69,0.01,3.97 01:16:22 16/11/19
104,99.9,3.585,1003.71,0.0,3.96 01:21:36 16/11/19
254,99.9,3.61,1003.72,0.0,3.96 01:26:53 16/11/19
27,99.9,3.685,1003.7,0.0,3.96 01:32:11 16/11/19
225,99.9,3.7,1003.66,0.01,3.96 01:37:23 16/11/19
142,99.9,3.7,1003.6,0.0,3.96 01:42:35 16/11/19
87,99.9,3.695,1003.69,0.01,3.96 01:47:48 16/11/19
58,99.9,3.685,1003.62,0.01,3.96 01:53:07 16/11/19
137,99.9,3.6699998,1003.68,0.01,3.96 01:58:22 16/11/19
235,99.9,3.61,1003.65,0.01,3.96 02:03:34 16/11/19
311,99.9,3.61,1003.71,0.0,3.96 02:08:48 16/11/19
15,99.9,3.62,1003.74,0.0,3.96 02:13:58 16/11/19
276,99.9,3.675,1003.87,0.0,3.96 02:19:12 16/11/19
298,99.9,3.675,1003.91,0.01,3.96 02:24:23 16/11/19
174,99.9,3.615,1003.91,0.0,3.96 02:29:37 16/11/19
188,99.9,3.675,1003.96,0.0,3.96 02:34:50 16/11/19
191,99.9,3.685,1003.94,0.0,3.96 02:40:03 16/11/19
319,99.9,3.695,1003.99,0.01,3.96 02:45:16 16/11/19
288,99.9,3.63,1003.99,0.0,3.96 02:50:28 16/11/19
54,99.9,3.6,1004.04,0.0,3.96 02:55:41 16/11/19
132,99.9,3.515,1004.12,0.0,3.96 03:00:53 16/11/19
145,99.9,3.4850001,1004.15,0.0,3.96 03:06:07 16/11/19
77,99.9,3.42,1004.01,0.0,3.96 03:11:19 16/11/19
258,99.9,3.4050002,1004.0,0.0,3.96 03:16:29 16/11/19
128,99.9,3.33,1003.85,0.0,3.96 03:21:44 16/11/19
20,99.9,3.305,1003.84,0.0,3.96 03:26:56 16/11/19
149,99.9,3.305,1003.83,0.0,3.96 03:32:08 16/11/19
41,99.9,3.3000002,1003.84,0.0,3.96 03:37:22 16/11/19
320,99.9,3.31,1003.81,0.0,3.96 03:42:38 16/11/19
235,99.9,3.3600001,1003.89,0.0,3.96 03:47:55 16/11/19
278,99.9,3.31,1003.87,0.0,3.96 03:53:06 16/11/19
244,99.9,3.305,1003.81,0.0,3.96 03:58:20 16/11/19
154,99.9,3.295,1003.74,0.01,3.96 04:03:33 16/11/19
293,99.9,3.29,1003.79,0.0,3.95 04:08:46 16/11/19
294,99.9,3.2849998,1003.78,0.01,3.96 04:13:58 16/11/19
13,99.9,3.27,1003.78,0.01,3.95 04:19:11 16/11/19
13,99.9,3.1999998,1003.78,0.01,3.95 04:24:24 16/11/19
263,99.9,3.175,1003.76,0.01,3.95 04:29:37 16/11/19
19,99.9,3.105,1003.8,0.01,3.95 04:34:49 16/11/19
233,99.9,3.075,1003.85,0.01,3.95 04:40:01 16/11/19
258,99.9,3.0,1003.9,0.01,3.95 04:45:12 16/11/19
255,99.9,2.92,1003.98,0.01,3.95 04:50:25 16/11/19
173,99.9,2.885,1004.01,0.01,3.95 04:55:39 16/11/19
187,99.9,2.81,1003.97,0.01,3.95 05:00:51 16/11/19
216,99.9,2.725,1004.03,0.01,3.95 05:06:05 16/11/19
273,99.9,2.62,1003.96,0.01,3.95 05:11:17 16/11/19
225,99.9,2.515,1003.94,0.01,3.95 05:16:30 16/11/19
20,99.9,2.35,1004.05,0.01,3.95 05:21:45 16/11/19
18,99.9,2.3000002,1003.98,0.01,3.95 05:27:02 16/11/19
181,99.9,2.2,1003.98,0.01,3.95 05:32:16 16/11/19
180,99.9,2.105,1004.01,0.01,3.95 05:37:28 16/11/19
158,99.9,2.015,1004.0,0.01,3.95 05:42:39 16/11/19
208,99.9,1.98,1003.93,0.01,3.95 05:47:54 16/11/19
24,99.9,1.89,1003.87,0.0,3.95 05:53:05 16/11/19
19,99.9,1.8100001,1003.94,0.0,3.94 05:58:16 16/11/19
282,99.9,1.7349999,1003.93,0.01,3.94 06:03:28 16/11/19
259,99.9,1.71,1004.05,0.01,3.94 06:08:40 16/11/19
25,99.9,1.6949999,1004.09,0.01,3.94 06:13:55 16/11/19
25,99.9,1.615,1004.13,0.01,3.94 06:19:08 16/11/19
20,99.9,1.5150001,1004.27,0.01,3.94 06:24:19 16/11/19
251,99.9,1.48,1004.27,0.01,3.94 06:29:32 16/11/19
240,99.9,1.39,1004.32,0.01,3.94 06:34:44 16/11/19
14,99.9,1.3149999,1004.46,0.01,3.94 06:39:57 16/11/19
149,99.9,1.29,1004.53,0.0,3.94 06:45:09 16/11/19
314,99.9,1.21,1004.58,0.01,3.94 06:50:21 16/11/19
141,99.9,1.2049999,1004.74,0.01,3.94 06:55:34 16/11/19
271,99.9,1.19,1004.75,0.01,3.94 07:00:44 16/11/19
13,99.9,1.1800001,1004.92,0.02,3.94 07:05:57 16/11/19
19,99.9,1.105,1004.95,0.05,3.94 07:11:12 16/11/19
121,99.9,1.085,1004.94,0.12,3.93 07:16:23 16/11/19
28,99.9,1.01,1004.94,0.28,3.93 07:21:36 16/11/19
24,99.9,0.91999996,1005.03,0.63,3.93 07:26:47 16/11/19
34,99.9,0.89,1005.13,1.26,3.93 07:31:59 16/11/19
110,99.9,0.82000005,1005.23,2.34,3.93 07:37:15 16/11/19
82,99.9,0.8,1005.23,3.12,3.93 07:42:26 16/11/19
120,99.9,0.78000003,1005.33,3.74,3.93 07:47:36 16/11/19
172,99.9,0.7,1005.4,3.99,3.93 07:52:50 16/11/19
234,99.9,0.69,1005.48,4.34,3.93 07:58:03 16/11/19
323,99.9,0.685,1005.5,4.51,3.93 08:03:14 16/11/19
380,99.9,0.685,1005.62,5.0,3.94 08:08:27 16/11/19
451,99.9,0.68,1005.63,5.0,3.94 08:13:40 16/11/19
381,99.9,0.675,1005.68,5.0,3.94 08:18:51 16/11/19
544,99.9,0.67,1005.73,5.0,3.95 08:24:08 16/11/19
501,99.9,0.685,1005.82,5.0,3.95 08:29:25 16/11/19
549,99.9,0.685,1005.87,4.06,3.96 08:34:35 16/11/19
583,99.9,0.695,1005.82,5.0,3.97 08:39:50 16/11/19
506,99.9,0.72,1005.84,4.1,3.98 08:45:00 16/11/19
650,99.9,0.795,1005.95,4.2,4.06 08:50:14 16/11/19
650,99.9,0.895,1006.02,4.36,4.13 08:55:25 16/11/19
645,99.9,1.02,1006.0,4.25,4.09 09:00:38 16/11/19
667,99.9,1.27,1006.02,4.39,4.2 09:05:55 16/11/19
601,99.9,1.6400001,1006.1,5.0,4.22 09:11:13 16/11/19
668,99.9,1.98,1006.23,4.3,4.21 09:16:25 16/11/19
623,99.9,2.28,1006.16,4.32,4.18 09:21:37 16/11/19
669,99.9,2.55,1006.15,4.29,4.15 09:26:48 16/11/19
697,99.9,2.815,1006.26,4.27,4.18 09:32:01 16/11/19
638,99.9,3.025,1006.25,4.78,4.21 09:37:15 16/11/19
696,99.9,3.225,1006.26,5.0,4.21 09:42:27 16/11/19
690,99.9,3.3600001,1006.25,4.22,4.15 09:47:39 16/11/19
691,99.9,3.52,1006.25,4.26,4.13 09:52:52 16/11/19
596,99.9,3.575,1006.38,4.17,4.11 09:58:08 16/11/19
673,99.9,3.7400002,1006.48,4.17,4.13 10:03:26 16/11/19
681,99.9,3.8400002,1006.54,4.14,4.14 10:08:38 16/11/19
689,99.9,4.005,1006.63,4.29,4.15 10:13:52 16/11/19
698,99.9,4.115,1006.6,5.0,4.16 10:19:04 16/11/19
683,99.9,4.245,1006.63,4.35,4.15 10:24:16 16/11/19
687,99.9,4.36,1006.68,4.46,4.15 10:29:32 16/11/19
688,99.9,4.52,1006.84,4.28,4.16 10:34:52 16/11/19
692,99.9,4.625,1006.95,4.26,4.16 10:40:04 16/11/19
688,99.9,4.725,1007.02,5.0,4.15 10:45:14 16/11/19
692,99.9,4.835,1007.03,4.33,4.16 10:50:30 16/11/19
699,99.9,4.95,1007.03,4.75,4.15 10:55:41 16/11/19
697,99.9,5.06,1007.04,4.26,4.16 11:00:54 16/11/19
703,99.9,5.24,1007.04,4.3,4.17 11:06:08 16/11/19
700,99.9,5.34,1007.03,4.3,4.17 11:11:19 16/11/19
692,99.9,5.435,1006.99,4.26,4.17 11:16:36 16/11/19
713,99.9,5.545,1007.03,4.25,4.16 11:21:55 16/11/19
718,99.9,5.635,1006.91,4.22,4.16 11:27:12 16/11/19
681,99.9,5.71,1006.89,4.22,4.16 11:32:28 16/11/19
720,99.9,5.73,1006.9,4.29,4.16 11:37:39 16/11/19
723,99.9,5.76,1006.85,4.25,4.16 11:42:53 16/11/19
718,99.9,5.82,1006.81,4.28,4.17 11:48:07 16/11/19
722,99.9,5.8450003,1006.88,4.33,4.17 11:53:18 16/11/19
715,99.9,5.91,1006.79,4.32,4.17 11:58:33 16/11/19
716,99.9,5.9449997,1006.85,4.23,4.17 12:03:45 16/11/19
698,99.9,6.02,1006.88,5.0,4.18 12:08:59 16/11/19
698,99.9,6.06,1006.78,4.38,4.18 12:14:11 16/11/19
686,99.9,6.215,1006.75,4.96,4.17 12:19:23 16/11/19
693,99.9,6.315,1006.73,5.0,4.17 12:24:38 16/11/19
693,99.9,6.4,1006.78,4.83,4.18 12:29:50 16/11/19
728,99.9,6.4449997,1006.74,5.0,4.22 12:35:03 16/11/19
731,99.9,6.605,1006.82,5.0,4.21 12:40:14 16/11/19
717,99.9,6.705,1006.76,4.79,4.21 12:45:28 16/11/19
721,99.9,6.75,1006.71,5.0,4.22 12:50:42 16/11/19
740,99.9,6.895,1006.79,5.0,4.21 12:55:55 16/11/19
741,99.9,7.005,1006.72,5.0,4.22 13:01:08 16/11/19
738,99.9,7.225,1006.86,5.0,4.22 13:06:21 16/11/19
736,99.9,7.44,1006.95,5.0,4.22 13:11:34 16/11/19
734,99.9,7.615,1006.86,5.0,4.21 13:16:47 16/11/19
739,99.9,7.8,1006.84,5.0,4.22 13:22:00 16/11/19
741,99.9,7.985,1006.86,5.0,4.22 13:27:14 16/11/19
746,99.9,8.12,1006.82,5.0,4.22 13:32:26 16/11/19
746,99.9,8.219999,1006.81,5.0,4.22 13:37:39 16/11/19
723,99.9,8.38,1006.83,5.0,4.21 13:42:53 16/11/19
737,99.9,8.395,1006.92,5.0,4.22 13:48:05 16/11/19
727,99.9,8.42,1006.95,5.0,4.22 13:53:18 16/11/19
718,99.9,8.405,1006.88,5.0,4.21 13:58:32 16/11/19
725,99.9,8.35,1006.88,5.0,4.22 14:03:51 16/11/19
707,99.9,8.335,1006.9,5.0,4.22 14:09:06 16/11/19
714,99.9,8.315001,1006.92,5.0,4.22 14:14:22 16/11/19
712,99.9,8.235001,1006.78,5.0,4.22 14:19:34 16/11/19
717,99.9,8.15,1006.75,5.0,4.21 14:24:47 16/11/19
697,99.9,8.07,1006.79,4.33,4.18 14:30:05 16/11/19
698,99.9,8.045,1006.69,4.27,4.17 14:35:22 16/11/19
697,99.9,7.96,1006.7,5.0,4.18 14:40:34 16/11/19
696,99.9,7.92,1006.64,5.0,4.17 14:45:55 16/11/19
702,99.9,7.855,1006.66,4.25,4.2 14:51:08 16/11/19
686,99.9,7.785,1006.65,5.0,4.2 14:56:22 16/11/19
689,99.9,7.77,1006.67,4.28,4.17 15:01:37 16/11/19
682,99.9,7.765,1006.62,5.0,4.16 15:06:50 16/11/19
680,99.9,7.745,1006.61,5.0,4.15 15:12:03 16/11/19
675,99.9,7.74,1006.61,4.24,4.14 15:17:14 16/11/19
676,99.9,7.675,1006.57,4.97,4.15 15:22:28 16/11/19
673,99.9,7.6549997,1006.55,4.22,4.14 15:27:46 16/11/19
667,99.9,7.6499996,1006.54,5.0,4.14 15:33:02 16/11/19
667,99.9,7.58,1006.59,4.55,4.15 15:38:15 16/11/19
656,99.9,7.565,1006.66,4.49,4.14 15:43:31 16/11/19
672,99.9,7.56,1006.77,4.21,4.14 15:48:43 16/11/19
659,99.9,7.545,1006.81,5.0,4.13 15:54:00 16/11/19
646,99.9,7.4849997,1006.9,4.18,4.14 15:59:18 16/11/19
607,99.9,7.405,1006.97,4.22,4.15 16:04:31 16/11/19
608,99.9,7.38,1007.06,5.0,4.15 16:09:45 16/11/19
405,99.9,7.295,1007.09,4.5,4.14 16:14:58 16/11/19
589,99.9,7.205,1007.15,5.0,4.14 16:20:10 16/11/19
536,99.9,7.1099997,1007.18,4.22,4.14 16:25:21 16/11/19
565,99.9,7.06,1007.19,5.0,4.13 16:30:36 16/11/19
580,99.9,6.915,1007.26,4.25,4.13 16:35:49 16/11/19
529,99.9,6.81,1007.32,4.43,4.12 16:41:01 16/11/19
517,99.9,6.69,1007.34,4.25,4.11 16:46:14 16/11/19
459,99.9,6.58,1007.41,4.22,4.11 16:51:26 16/11/19
472,99.9,6.41,1007.48,4.14,4.1 16:56:41 16/11/19
424,99.9,6.37,1007.58,0.93,4.02 17:16:17 16/11/19
361,99.9,6.075,1007.66,0.43,4.03 17:21:33 16/11/19
270,99.9,5.8100004,1007.58,0.15,4.03 17:26:43 16/11/19
300,99.9,5.58,1007.73,0.04,4.03 17:31:58 16/11/19
316,99.9,5.485,1007.75,0.01,4.03 17:37:12 16/11/19
26,99.9,5.46,1007.81,0.0,4.03 17:42:30 16/11/19
298,99.9,5.455,1007.9,0.0,4.03 17:47:41 16/11/19
258,99.9,5.405,1007.97,0.0,4.03 17:52:56 16/11/19
269,99.9,5.465,1008.04,0.0,4.03 17:58:08 16/11/19
48,99.9,5.485,1008.13,0.0,4.02 18:03:20 16/11/19
177,99.9,5.51,1008.04,0.0,4.02 18:08:42 16/11/19
344,99.9,5.645,1008.04,0.0,4.02 18:13:55 16/11/19
130,99.9,5.67,1008.11,0.0,4.02 18:19:08 16/11/19
70,99.9,5.6949997,1008.15,0.0,4.02 18:24:25 16/11/19
319,99.9,5.7749996,1008.26,0.0,4.02 18:29:43 16/11/19
64,99.9,5.79,1008.33,0.0,4.01 18:34:59 16/11/19
80,99.9,5.87,1008.44,0.0,4.02 18:40:17 16/11/19
205,99.9,5.885,1008.46,0.0,4.01 18:45:30 16/11/19
264,99.9,5.9,1008.51,0.0,4.01 18:50:43 16/11/19
248,99.9,5.91,1008.65,0.0,4.01 18:55:56 16/11/19
255,99.9,5.985,1008.79,0.0,4.01 19:01:08 16/11/19
310,99.9,6.06,1008.85,0.0,4.01 19:06:20 16/11/19
40,99.9,6.1499996,1008.91,0.0,4.01 19:11:34 16/11/19
255,99.9,6.2,1008.99,0.0,4.01 19:16:47 16/11/19
255,99.9,6.285,1009.07,0.0,4.01 19:22:00 16/11/19
97,99.9,6.31,1009.18,0.0,4.01 19:27:13 16/11/19
206,99.9,6.385,1009.06,0.0,4.01 19:32:24 16/11/19
179,99.9,6.45,1009.12,0.0,4.01 19:37:40 16/11/19
15,99.9,6.4750004,1009.18,0.0,4.0 19:42:53 16/11/19
239,99.9,6.48,1009.2,0.0,4.0 19:48:10 16/11/19
175,99.9,6.495,1009.29,0.0,4.01 19:53:27 16/11/19
219,99.9,6.485,1009.23,0.0,4.0 19:58:39 16/11/19
13,99.9,6.485,1009.33,0.0,4.01 20:03:52 16/11/19
12,99.9,6.485,1009.44,0.0,4.01 20:09:04 16/11/19
71,99.9,6.485,1009.43,0.0,4.0 20:14:18 16/11/19
89,99.9,6.48,1009.45,0.0,4.0 20:19:31 16/11/19
197,99.9,6.4750004,1009.45,0.0,4.0 20:24:44 16/11/19
157,99.9,6.4750004,1009.54,0.0,4.0 20:29:55 16/11/19
145,99.9,6.46,1009.49,0.0,4.0 20:35:10 16/11/19
169,99.9,6.415,1009.49,0.0,4.0 20:40:21 16/11/19
222,99.9,6.405,1009.49,0.0,4.0 20:45:34 16/11/19
13,99.9,6.395,1009.53,0.0,4.0 20:50:49 16/11/19
235,99.9,6.3900003,1009.52,0.0,4.0 20:56:03 16/11/19
319,99.9,6.385,1009.63,0.0,4.0 21:01:16 16/11/19
191,99.9,6.37,1009.51,0.0,3.99 21:06:27 16/11/19
159,99.9,6.3149996,1009.6,0.0,4.0 21:11:42 16/11/19
306,99.9,6.31,1009.6,0.0,3.9 21:16:54 16/11/19
16,99.9,6.3,1009.58,0.0,3.99 21:22:10 16/11/19
154,99.9,6.3,1009.6,0.0,3.99 21:27:32 16/11/19
52,99.9,6.285,1009.65,0.0,3.99 21:32:50 16/11/19
256,99.9,6.285,1009.68,0.0,3.99 21:38:03 16/11/19
166,99.9,6.27,1009.57,0.0,3.99 21:43:16 16/11/19
222,99.9,6.265,1009.58,0.0,3.99 21:48:29 16/11/19
24,99.9,6.255,1009.6,0.0,3.99 21:53:42 16/11/19
14,99.9,6.205,1009.63,0.0,3.99 21:58:56 16/11/19
168,99.9,6.1949997,1009.64,0.0,3.99 22:04:11 16/11/19
57,99.9,6.19,1009.6,0.0,3.98 22:09:30 16/11/19
153,99.9,6.1800003,1009.58,0.0,3.98 22:14:40 16/11/19
114,99.9,6.17,1009.64,0.0,3.99 22:19:55 16/11/19
227,99.9,6.1099997,1009.58,0.0,3.98 22:25:08 16/11/19
98,99.9,6.105,1009.56,0.0,3.98 22:30:21 16/11/19
15,99.9,6.085,1009.52,0.0,3.98 22:35:38 16/11/19
251,99.9,6.085,1009.56,0.0,3.98 22:40:57 16/11/19
13,99.9,6.08,1009.54,0.0,3.98 22:46:08 16/11/19
97,99.9,6.075,1009.52,0.0,3.98 22:51:22 16/11/19
184,99.9,6.075,1009.67,0.0,3.98 22:56:34 16/11/19
152,99.9,6.065,1009.6,0.0,3.98 23:01:47 16/11/19
170,99.9,6.065,1009.54,0.0,3.98 23:07:00 16/11/19
156,99.9,6.0,1009.49,0.0,3.98 23:12:13 16/11/19
150,99.9,6.0,1009.48,0.0,3.98 23:17:24 16/11/19
62,99.9,5.99,1009.49,0.0,3.98 23:22:37 16/11/19
103,99.9,5.98,1009.5,0.0,3.98 23:27:52 16/11/19
194,99.9,5.9750004,1009.51,0.0,3.98 23:33:04 16/11/19
193,99.9,5.965,1009.49,0.0,3.98 23:38:15 16/11/19
98,99.9,5.915,1009.6,0.0,3.98 23:43:30 16/11/19
188,99.9,5.96,1009.68,0.0,3.97 23:48:43 16/11/19
102,99.9,5.955,1009.64,0.0,3.98 23:53:57 16/11/19
221,99.9,5.91,1009.75,0.0,3.97 23:59:09 16/11/19
