21,99.9,6.875,998.29,0.0,3.98 00:00:42 23/11/19
20,99.9,6.88,998.01,0.0,3.98 00:05:55 23/11/19
19,99.9,6.875,997.82,0.0,3.98 00:11:08 23/11/19
18,99.9,6.865,997.64,0.0,3.98 00:16:20 23/11/19
15,99.9,6.81,997.37,0.0,3.98 00:21:32 23/11/19
18,99.9,6.795,997.17,0.0,3.98 00:26:47 23/11/19
19,99.9,6.795,996.89,0.0,3.98 00:32:01 23/11/19
19,99.9,6.7349997,996.97,0.0,3.98 00:37:13 23/11/19
18,99.9,6.785,997.41,0.0,3.98 00:42:26 23/11/19
17,99.9,6.73,997.09,0.0,3.98 00:47:39 23/11/19
15,99.9,6.77,997.42,0.0,3.98 00:52:51 23/11/19
17,99.9,6.7749996,997.24,0.0,3.98 00:58:05 23/11/19
16,99.9,6.7200003,997.57,0.0,3.98 01:03:17 23/11/19
17,99.9,6.7799997,997.75,0.0,3.98 01:08:31 23/11/19
16,99.9,6.79,997.93,0.0,3.97 01:13:43 23/11/19
15,99.9,6.785,997.44,0.0,3.97 01:18:56 23/11/19
15,99.9,6.795,997.11,0.0,3.97 01:24:09 23/11/19
17,99.9,6.795,997.17,0.0,3.98 01:29:23 23/11/19
17,99.9,6.795,997.17,0.0,3.98 01:34:36 23/11/19
15,99.9,6.785,997.79,0.0,3.97 01:39:48 23/11/19
14,99.9,6.7799997,997.05,0.0,3.97 01:45:02 23/11/19
15,99.9,6.7749996,997.13,0.0,3.97 01:50:15 23/11/19
14,99.9,6.7200003,996.7,0.0,3.97 01:55:29 23/11/19
14,99.9,6.705,996.6,0.0,3.97 02:00:41 23/11/19
14,99.9,6.69,996.61,0.0,3.97 02:05:54 23/11/19
15,99.9,6.675,996.63,0.0,3.97 02:11:08 23/11/19
15,99.9,6.6099997,997.12,0.0,3.97 02:16:20 23/11/19
23,99.9,6.5950003,995.93,0.0,3.97 02:21:34 23/11/19
47,99.9,6.59,996.86,0.0,3.97 02:26:47 23/11/19
33,99.9,6.5299997,996.09,0.0,3.97 02:31:59 23/11/19
18,99.9,6.525,996.13,0.0,3.97 02:37:13 23/11/19
39,99.9,6.51,995.91,0.0,3.97 02:42:26 23/11/19
48,99.9,6.505,996.5,0.0,3.97 02:47:38 23/11/19
27,99.9,6.5,996.3,0.0,3.97 02:52:50 23/11/19
15,99.9,6.495,996.37,0.0,3.97 02:58:04 23/11/19
13,99.9,6.485,996.3,0.0,3.97 03:03:16 23/11/19
45,99.9,6.48,996.29,0.0,3.96 03:08:30 23/11/19
25,99.9,6.485,996.36,0.0,3.96 03:13:51 23/11/19
21,99.9,6.49,996.23,0.0,3.96 03:19:05 23/11/19
18,99.9,6.485,996.37,0.0,3.96 03:24:18 23/11/19
15,99.9,6.4300003,996.24,0.0,3.96 03:29:31 23/11/19
13,99.9,6.48,996.23,0.0,3.96 03:34:42 23/11/19
13,99.9,6.42,996.25,0.0,3.96 03:40:01 23/11/19
15,99.9,6.4700003,996.36,0.0,3.96 03:45:18 23/11/19
42,99.9,6.4700003,996.27,0.0,3.96 03:50:31 23/11/19
12,99.9,6.415,996.33,0.0,3.96 03:55:45 23/11/19
23,99.9,6.415,996.12,0.0,3.96 04:00:56 23/11/19
26,99.9,6.465,995.96,0.0,3.96 04:06:13 23/11/19
12,99.9,6.4300003,995.86,0.0,3.96 04:11:22 23/11/19
13,99.9,6.415,996.13,0.0,3.96 04:16:36 23/11/19
11,99.9,6.4300003,996.08,0.0,3.96 04:21:49 23/11/19
11,99.9,6.48,995.93,0.0,3.96 04:27:02 23/11/19
15,99.9,6.485,996.08,0.0,3.96 04:32:15 23/11/19
13,99.9,6.48,995.94,0.0,3.96 04:37:28 23/11/19
10,99.9,6.48,995.87,0.0,3.96 04:42:39 23/11/19
10,99.9,6.415,995.93,0.0,3.96 04:47:54 23/11/19
10,99.9,6.41,995.88,0.0,3.96 04:53:07 23/11/19
10,99.9,6.405,995.94,0.0,3.96 04:58:20 23/11/19
10,99.9,6.4,996.01,0.0,3.96 05:03:33 23/11/19
9,99.9,6.395,995.85,0.0,3.96 05:08:44 23/11/19
10,99.9,6.3900003,995.7,0.0,3.96 05:13:59 23/11/19
13,99.9,6.375,995.61,0.0,3.96 05:19:12 23/11/19
16,99.9,6.3900003,995.66,0.0,3.95 05:24:27 23/11/19
18,99.9,6.325,995.72,0.0,3.96 05:29:41 23/11/19
14,99.9,6.375,995.82,0.0,3.96 05:34:58 23/11/19
19,99.9,6.31,995.72,0.0,3.95 05:40:17 23/11/19
15,99.9,6.355,995.65,0.0,3.96 05:45:33 23/11/19
13,99.9,6.31,995.46,0.0,3.95 05:50:46 23/11/19
12,99.9,6.305,995.43,0.0,3.96 05:55:59 23/11/19
11,99.9,6.3,995.62,0.0,3.96 06:01:12 23/11/19
9,99.9,6.295,995.54,0.0,3.95 06:06:23 23/11/19
15,99.9,6.29,995.68,0.0,3.95 06:11:38 23/11/19
10,99.9,6.285,995.73,0.0,3.96 06:16:50 23/11/19
14,99.9,6.23,995.47,0.0,3.95 06:22:05 23/11/19
11,99.9,6.2749996,995.49,0.0,3.95 06:27:18 23/11/19
19,99.9,6.27,995.46,0.0,3.95 06:32:35 23/11/19
17,99.9,6.2749996,995.64,0.0,3.95 06:37:51 23/11/19
13,99.9,6.2200003,995.6,0.0,3.95 06:43:04 23/11/19
12,99.9,6.2200003,995.47,0.0,3.95 06:48:17 23/11/19
10,99.9,6.21,995.46,0.0,3.95 06:53:28 23/11/19
13,99.9,6.21,995.32,0.0,3.95 06:58:43 23/11/19
13,99.9,6.205,995.4,0.0,3.95 07:03:55 23/11/19
40,99.9,6.2,995.47,0.0,3.95 07:09:10 23/11/19
37,99.9,6.205,995.36,0.0,3.95 07:14:20 23/11/19
13,99.9,6.1949997,995.22,0.0,3.95 07:19:42 23/11/19
9,99.9,6.2,995.42,0.01,3.95 07:24:54 23/11/19
15,99.9,6.2,995.21,0.03,3.95 07:30:13 23/11/19
14,99.9,6.2,995.58,0.08,3.95 07:35:31 23/11/19
16,99.9,6.1949997,995.4,0.17,3.95 07:40:43 23/11/19
21,99.9,6.1949997,995.21,0.37,3.95 07:45:56 23/11/19
29,99.9,6.185,995.29,0.7,3.95 07:51:09 23/11/19
48,99.9,6.19,995.34,1.47,3.95 07:56:22 23/11/19
80,99.9,6.19,995.25,2.86,3.95 08:01:35 23/11/19
94,99.9,6.1800003,995.32,2.63,3.95 08:06:47 23/11/19
114,99.9,6.1800003,995.42,3.0,3.94 08:12:04 23/11/19
130,99.9,6.1800003,995.35,3.71,3.95 08:17:15 23/11/19
155,99.9,6.1800003,995.37,4.06,3.95 08:22:25 23/11/19
181,99.9,6.1800003,995.71,4.03,3.95 08:27:40 23/11/19
203,99.9,6.175,995.9,4.12,3.94 08:32:54 23/11/19
238,99.9,6.175,995.76,4.53,3.95 08:38:05 23/11/19
275,99.9,6.19,995.54,4.34,3.95 08:43:17 23/11/19
288,99.9,6.1949997,995.82,4.48,3.95 08:48:32 23/11/19
334,99.9,6.21,995.8,4.46,3.95 08:53:45 23/11/19
395,99.9,6.26,995.69,4.68,3.96 08:58:57 23/11/19
415,99.9,6.2749996,995.58,4.27,3.96 09:04:11 23/11/19
428,99.9,6.3,995.63,4.25,3.96 09:09:25 23/11/19
423,99.9,6.3149996,995.64,5.0,3.96 09:14:36 23/11/19
438,99.9,6.37,995.7,5.0,3.97 09:19:49 23/11/19
460,99.9,6.395,995.55,5.0,3.97 09:25:01 23/11/19
447,99.9,6.42,995.65,5.0,3.97 09:30:14 23/11/19
456,99.9,6.49,995.75,5.0,3.96 09:35:27 23/11/19
432,99.9,6.5150003,995.72,4.07,3.97 09:40:40 23/11/19
406,99.9,6.58,995.78,4.01,3.96 09:45:53 23/11/19
407,99.9,6.5950003,995.75,4.71,3.96 09:51:07 23/11/19
394,99.9,6.6099997,995.76,5.0,3.97 09:56:18 23/11/19
398,99.9,6.605,995.82,4.15,3.97 10:01:33 23/11/19
400,99.9,6.62,996.0,5.0,3.96 10:06:44 23/11/19
407,99.9,6.625,996.43,4.45,3.97 10:11:57 23/11/19
407,99.9,6.685,996.51,4.02,3.87 10:17:10 23/11/19
405,99.9,6.7,996.26,4.06,3.97 10:22:25 23/11/19
405,99.9,6.7200003,996.63,4.82,3.97 10:27:36 23/11/19
414,99.9,6.785,996.58,5.0,3.97 10:32:49 23/11/19
403,99.9,6.795,996.37,4.03,3.97 10:38:04 23/11/19
425,99.9,6.805,996.26,5.0,3.97 10:43:17 23/11/19
455,99.9,6.8199997,996.15,4.32,3.98 10:48:28 23/11/19
481,99.9,6.885,995.85,5.0,3.98 10:53:47 23/11/19
492,99.9,6.9700003,995.98,4.06,3.99 10:59:05 23/11/19
498,99.9,6.99,995.98,4.06,3.99 11:04:16 23/11/19
479,99.9,7.065,996.11,4.58,3.99 11:09:29 23/11/19
488,99.9,7.1,995.86,5.0,4.0 11:14:45 23/11/19
503,99.9,7.165,996.1,4.07,4.01 11:19:55 23/11/19
533,99.9,7.1949997,996.0,4.11,4.01 11:25:11 23/11/19
532,99.9,7.2200003,995.83,5.0,4.02 11:30:23 23/11/19
519,99.9,7.3,995.96,5.0,4.0 11:35:37 23/11/19
515,99.9,7.37,995.98,4.08,4.02 11:40:52 23/11/19
509,99.9,7.4100003,996.0,5.0,4.02 11:46:11 23/11/19
491,99.9,7.4800005,995.74,4.45,4.02 11:51:28 23/11/19
488,99.9,7.505,995.65,4.19,4.02 11:56:45 23/11/19
475,99.9,7.575,995.7,4.07,4.02 12:01:59 23/11/19
470,99.9,7.59,995.57,5.0,4.01 12:07:11 23/11/19
491,99.9,7.6549997,995.48,5.0,4.01 12:12:23 23/11/19
502,99.9,7.675,995.35,4.09,4.03 12:17:36 23/11/19
517,99.9,7.7,995.13,4.17,4.04 12:22:49 23/11/19
551,99.9,7.7799997,995.19,4.79,4.05 12:28:05 23/11/19
555,99.9,7.86,995.26,4.21,4.06 12:33:17 23/11/19
561,99.9,7.905,995.14,4.24,4.08 12:38:30 23/11/19
564,99.9,7.9849997,995.01,4.22,4.09 12:43:46 23/11/19
559,99.9,8.135,994.99,4.16,4.09 12:48:56 23/11/19
553,99.9,8.17,994.97,4.68,4.12 12:54:08 23/11/19
581,99.9,8.255,994.79,5.0,4.15 12:59:24 23/11/19
566,99.9,8.345,994.62,5.0,4.13 13:04:34 23/11/19
567,99.9,8.37,994.87,4.28,4.14 13:09:52 23/11/19
569,99.9,8.46,995.53,5.0,4.14 13:15:07 23/11/19
570,99.9,8.495,995.13,4.25,4.14 13:20:24 23/11/19
570,99.9,8.565001,995.08,4.26,4.15 13:25:42 23/11/19
564,99.9,8.64,995.21,4.25,4.14 13:30:57 23/11/19
564,99.9,8.67,995.26,4.25,4.15 13:36:12 23/11/19
575,99.9,8.690001,995.15,4.28,4.18 13:41:26 23/11/19
583,99.9,8.835,994.85,5.0,4.2 13:46:40 23/11/19
583,99.9,8.96,994.77,4.38,4.22 13:51:52 23/11/19
581,99.9,9.059999,994.7,5.0,4.22 13:57:05 23/11/19
523,99.9,9.155001,994.6,4.31,4.15 14:02:20 23/11/19
496,99.9,9.165,994.78,5.0,4.13 14:07:35 23/11/19
469,99.9,9.1,994.8,5.0,4.16 14:12:54 23/11/19
445,99.9,9.07,994.86,4.37,4.15 14:18:07 23/11/19
450,99.9,8.985,994.82,4.21,4.15 14:23:20 23/11/19
468,99.9,8.895,994.74,5.0,4.14 14:28:34 23/11/19
475,99.9,8.865,994.61,5.0,4.15 14:33:48 23/11/19
474,99.9,8.795,994.93,5.0,4.16 14:38:58 23/11/19
474,99.9,8.78,994.66,5.0,4.14 14:44:13 23/11/19
457,99.9,8.775,994.88,5.0,4.16 14:49:25 23/11/19
462,99.9,8.775,994.66,5.0,4.15 14:54:38 23/11/19
478,99.9,8.78,994.55,5.0,4.14 14:59:55 23/11/19
472,99.9,8.795,994.53,5.0,4.14 15:05:11 23/11/19
475,99.9,8.855,994.49,4.58,4.15 15:10:28 23/11/19
457,99.9,8.860001,994.66,4.23,4.15 15:15:42 23/11/19
426,99.9,8.865,994.79,4.45,4.15 15:20:55 23/11/19
409,99.9,8.87,995.23,4.55,4.15 15:26:07 23/11/19
389,99.9,8.865,995.18,5.0,4.15 15:31:21 23/11/19
381,99.9,8.865,995.07,4.56,4.16 15:36:34 23/11/19
386,99.9,8.865,995.16,4.32,4.16 15:41:48 23/11/19
383,99.9,8.855,995.06,5.0,4.16 15:47:00 23/11/19
374,99.9,8.805,995.2,4.32,4.16 15:52:14 23/11/19
364,99.9,8.84,995.36,4.26,4.16 15:57:29 23/11/19
349,99.9,8.78,995.34,5.0,4.16 16:02:41 23/11/19
332,99.9,8.72,995.48,4.22,4.15 16:07:53 23/11/19
307,99.9,8.690001,995.45,4.58,4.15 16:13:07 23/11/19
277,99.9,8.625,995.51,5.0,4.13 16:18:23 23/11/19
246,99.9,8.594999,995.6,4.63,4.13 16:23:34 23/11/19
215,99.9,8.565001,995.62,4.56,4.12 16:28:48 23/11/19
187,99.9,8.485,995.67,4.23,4.11 16:34:00 23/11/19
159,99.9,8.4,995.7,4.23,4.1 16:39:14 23/11/19
132,99.9,8.365,995.8,3.89,4.1 16:44:27 23/11/19
105,99.9,8.275,995.8,3.49,4.09 16:49:40 23/11/19
72,99.9,8.195,995.85,2.66,4.09 16:54:52 23/11/19
51,99.9,8.110001,995.95,1.77,4.08 17:00:06 23/11/19
37,99.9,8.075,995.89,1.12,4.08 17:05:19 23/11/19
26,99.9,7.99,995.78,0.61,4.08 17:10:32 23/11/19
22,99.9,7.9700003,995.76,0.28,4.07 17:15:46 23/11/19
14,99.9,7.895,995.82,0.11,4.07 17:20:57 23/11/19
17,99.9,7.8199997,995.9,0.04,4.06 17:26:13 23/11/19
17,99.9,7.81,995.99,0.01,4.06 17:31:23 23/11/19
14,99.9,7.785,995.92,0.0,4.06 17:36:38 23/11/19
14,99.9,7.77,995.9,0.0,4.06 17:41:50 23/11/19
13,99.9,7.775,995.86,0.0,4.05 17:47:05 23/11/19
13,99.9,7.77,995.93,0.0,4.05 17:52:22 23/11/19
12,99.9,7.775,996.2,0.0,4.05 17:57:39 23/11/19
12,99.9,7.765,996.41,0.0,4.05 18:02:52 23/11/19
11,99.9,7.71,996.46,0.0,4.05 18:08:05 23/11/19
12,99.9,7.7,996.6,0.0,4.04 18:13:19 23/11/19
12,99.9,7.6899996,996.72,0.0,4.04 18:18:30 23/11/19
12,99.9,7.665,996.79,0.0,4.04 18:23:45 23/11/19
10,99.9,7.6,996.81,0.0,4.04 18:28:58 23/11/19
11,99.9,7.575,996.83,0.0,4.04 18:34:12 23/11/19
45,99.9,7.4800005,996.85,0.0,4.03 18:39:24 23/11/19
10,99.9,7.38,996.91,0.0,4.03 18:44:35 23/11/19
11,99.9,7.2200003,996.88,0.0,4.03 18:49:48 23/11/19
15,99.9,7.1099997,997.03,0.0,4.03 18:55:03 23/11/19
12,99.9,7.01,997.12,0.0,4.03 19:00:16 23/11/19
12,99.9,6.905,997.31,0.0,4.03 19:05:29 23/11/19
47,99.9,6.8149996,997.32,0.0,4.03 19:10:42 23/11/19
16,99.9,6.7200003,997.48,0.0,4.02 19:15:59 23/11/19
13,99.9,6.625,997.42,0.0,4.03 19:21:15 23/11/19
14,99.9,6.59,997.38,0.0,4.03 19:26:28 23/11/19
16,99.9,6.5,997.32,0.0,4.02 19:31:43 23/11/19
16,99.9,6.42,997.29,0.0,4.02 19:36:56 23/11/19
22,99.9,6.38,997.33,0.0,3.99 19:42:09 23/11/19
16,99.9,6.285,997.31,0.0,4.02 19:47:20 23/11/19
17,99.9,6.145,997.4,0.0,4.02 19:52:34 23/11/19
17,99.9,6.1,997.37,0.0,4.01 19:57:48 23/11/19
17,99.9,6.01,997.4,0.0,4.01 20:02:59 23/11/19
16,99.9,5.985,997.43,0.0,4.01 20:08:12 23/11/19
15,99.9,5.905,997.37,0.0,4.01 20:13:24 23/11/19
17,99.9,5.8199997,997.5,0.0,4.01 20:18:38 23/11/19
15,99.9,5.7799997,997.56,0.0,4.01 20:23:51 23/11/19
14,99.9,5.69,997.64,0.0,4.01 20:29:03 23/11/19
15,99.9,5.605,997.64,0.0,4.01 20:34:17 23/11/19
17,99.9,5.525,997.77,0.0,4.01 20:39:30 23/11/19
14,99.9,5.49,997.79,0.0,4.01 20:44:42 23/11/19
15,99.9,5.4,997.81,0.0,4.01 20:49:56 23/11/19
12,99.9,5.31,997.81,0.0,4.0 20:55:08 23/11/19
16,99.9,5.29,997.86,0.0,4.0 21:00:29 23/11/19
21,99.9,5.2749996,997.78,0.0,4.0 21:05:43 23/11/19
18,99.9,5.205,997.74,0.0,4.0 21:10:55 23/11/19
20,99.9,5.1949997,997.82,0.0,4.0 21:16:09 23/11/19
42,99.9,5.185,998.03,0.0,4.0 21:21:21 23/11/19
46,99.9,5.185,998.27,0.0,4.0 21:26:34 23/11/19
46,99.9,5.19,998.37,0.0,4.0 21:31:47 23/11/19
48,99.9,5.135,998.29,0.0,4.0 21:37:01 23/11/19
49,99.9,5.13,998.38,0.0,3.99 21:42:16 23/11/19
18,99.9,5.1099997,998.49,0.0,3.99 21:47:31 23/11/19
12,99.9,5.08,998.49,0.0,3.99 21:52:46 23/11/19
13,99.9,4.995,998.55,0.0,3.99 21:57:58 23/11/19
30,99.9,4.9,998.56,0.0,3.99 22:03:21 23/11/19
14,99.9,4.83,998.72,0.0,3.99 22:08:32 23/11/19
17,99.9,4.785,998.74,0.0,3.99 22:13:47 23/11/19
16,99.9,4.6400003,998.76,0.0,3.99 22:19:02 23/11/19
13,99.9,4.6099997,998.77,0.0,3.99 22:24:10 23/11/19
13,99.9,4.51,998.74,0.0,3.99 22:29:23 23/11/19
26,99.9,4.425,998.66,0.0,3.98 22:34:40 23/11/19
12,99.9,4.4,998.77,0.0,3.98 22:39:50 23/11/19
16,99.9,4.33,998.74,0.0,3.98 22:45:02 23/11/19
13,99.9,4.295,998.82,0.0,3.98 22:50:16 23/11/19
18,99.9,4.2200003,998.9,0.0,3.98 22:55:32 23/11/19
15,99.9,4.1949997,998.89,0.0,3.98 23:00:50 23/11/19
14,99.9,4.12,998.83,0.0,3.98 23:06:02 23/11/19
11,99.9,4.0950003,998.98,0.0,3.98 23:11:13 23/11/19
12,99.9,4.0150003,999.11,0.0,3.98 23:16:26 23/11/19
49,99.9,3.9950001,999.12,0.0,3.98 23:21:41 23/11/19
10,99.9,3.9850001,999.18,0.0,3.98 23:26:51 23/11/19
13,99.9,3.915,999.35,0.0,3.98 23:32:06 23/11/19
41,99.9,3.895,999.41,0.0,3.98 23:37:18 23/11/19
12,99.9,3.895,999.42,0.0,3.98 23:42:31 23/11/19
13,99.9,3.8899999,999.44,0.0,3.98 23:47:44 23/11/19
11,99.9,3.8200002,999.48,0.0,3.97 23:52:56 23/11/19
11,99.9,3.8000002,999.56,0.0,3.98 23:58:09 23/11/19
