43,99.9,3.7849998,999.62,0.0,3.98 00:03:22 24/11/19
11,99.9,3.725,999.61,0.0,3.97 00:08:34 24/11/19
13,99.9,3.7800002,999.6,0.0,3.97 00:13:48 24/11/19
13,99.9,3.7849998,999.61,0.0,3.97 00:19:03 24/11/19
43,99.9,3.79,999.63,0.0,3.97 00:24:19 24/11/19
44,99.9,3.795,999.62,0.0,3.97 00:29:42 24/11/19
13,99.9,3.8049998,999.68,0.0,3.97 00:34:55 24/11/19
15,99.9,3.7849998,999.72,0.0,3.97 00:40:07 24/11/19
11,99.9,3.705,999.84,0.0,3.97 00:45:20 24/11/19
36,99.9,3.625,999.84,0.0,3.97 00:50:32 24/11/19
11,99.9,3.595,999.87,0.0,3.97 00:55:45 24/11/19
11,99.9,3.515,999.94,0.0,3.97 01:00:58 24/11/19
11,99.9,3.4850001,999.87,0.0,3.97 01:06:10 24/11/19
12,99.9,3.415,999.95,0.0,3.97 01:11:24 24/11/19
11,99.9,3.345,999.9,0.0,3.97 01:16:37 24/11/19
11,99.9,3.3200002,999.95,0.0,3.97 01:21:48 24/11/19
13,99.9,3.295,999.86,0.0,3.96 01:27:01 24/11/19
10,99.9,3.28,999.78,0.0,3.96 01:32:13 24/11/19
15,99.9,3.2199998,999.83,0.0,3.96 01:37:27 24/11/19
13,99.9,3.215,999.84,0.0,3.96 01:42:42 24/11/19
13,99.9,3.21,999.84,0.0,3.96 01:48:04 24/11/19
12,99.9,3.1999998,999.9,0.0,3.96 01:53:21 24/11/19
11,99.9,3.195,999.95,0.0,3.96 01:58:33 24/11/19
13,99.9,3.185,999.9,0.0,3.96 02:03:48 24/11/19
14,99.9,3.185,1000.1,0.0,3.96 02:08:57 24/11/19
12,99.9,3.175,1000.02,0.0,3.96 02:14:13 24/11/19
14,99.9,3.12,1000.08,0.0,3.96 02:19:27 24/11/19
11,99.9,3.1100001,1000.08,0.0,3.96 02:24:45 24/11/19
11,99.9,3.115,1000.0,0.0,3.96 02:29:57 24/11/19
11,99.9,3.115,1000.07,0.0,3.96 02:35:10 24/11/19
10,99.9,3.095,999.92,0.0,3.96 02:40:22 24/11/19
16,99.9,3.0900002,1000.06,0.0,3.96 02:45:35 24/11/19
10,99.9,3.08,1000.16,0.0,3.96 02:50:48 24/11/19
9,99.9,3.015,1000.34,0.0,3.96 02:55:59 24/11/19
11,99.9,2.9850001,1000.31,0.0,3.96 03:01:11 24/11/19
9,99.9,2.92,1000.35,0.0,3.96 03:06:25 24/11/19
8,99.9,2.9099998,1000.39,0.0,3.96 03:11:36 24/11/19
9,99.9,2.8899999,1000.48,0.0,3.96 03:16:50 24/11/19
9,99.9,2.815,1000.55,0.0,3.96 03:22:01 24/11/19
9,99.9,2.8000002,1000.58,0.0,3.96 03:27:15 24/11/19
9,99.9,2.795,1000.64,0.0,3.96 03:32:26 24/11/19
9,99.9,2.725,1000.7,0.0,3.96 03:37:40 24/11/19
42,99.9,2.705,1000.75,0.0,3.96 03:42:53 24/11/19
9,99.9,2.69,1000.75,0.0,3.95 03:48:05 24/11/19
7,99.9,2.6799998,1000.8,0.0,3.96 03:53:16 24/11/19
9,99.9,2.62,1000.83,0.0,3.96 03:58:30 24/11/19
10,99.9,2.6100001,1000.79,0.0,3.95 04:03:43 24/11/19
9,99.9,2.605,1000.88,0.0,3.95 04:08:59 24/11/19
9,99.9,2.6,1000.97,0.0,3.95 04:14:19 24/11/19
10,99.9,2.58,1000.96,0.0,3.95 04:19:29 24/11/19
12,99.9,2.5049999,1001.01,0.0,3.95 04:24:41 24/11/19
9,99.9,2.495,1001.08,0.0,3.95 04:29:55 24/11/19
9,99.9,2.485,1001.15,0.0,3.95 04:35:07 24/11/19
9,99.9,2.48,1001.15,0.0,3.95 04:40:20 24/11/19
9,99.9,2.485,1001.26,0.0,3.95 04:45:31 24/11/19
10,99.9,2.49,1001.3,0.0,3.95 04:50:45 24/11/19
9,99.9,2.5,1001.6,0.0,3.95 04:55:56 24/11/19
10,99.9,2.56,1001.71,0.0,3.95 05:01:10 24/11/19
12,99.9,2.585,1001.77,0.0,3.95 05:06:22 24/11/19
12,99.9,2.595,1001.82,0.0,3.95 05:11:35 24/11/19
9,99.9,2.605,1001.98,0.0,3.95 05:16:47 24/11/19
10,99.9,2.625,1002.04,0.0,3.95 05:22:00 24/11/19
12,99.9,2.685,1001.99,0.0,3.94 05:27:15 24/11/19
10,99.9,2.705,1002.09,0.0,3.94 05:32:33 24/11/19
12,99.9,2.7199998,1002.17,0.0,3.94 05:37:49 24/11/19
11,99.9,2.7849998,1002.23,0.0,3.94 05:43:07 24/11/19
9,99.9,2.805,1002.35,0.0,3.94 05:48:18 24/11/19
11,99.9,2.815,1002.38,0.0,3.95 05:53:32 24/11/19
10,99.9,2.875,1002.42,0.0,3.94 05:58:44 24/11/19
10,99.9,2.8899999,1002.53,0.0,3.94 06:03:56 24/11/19
10,99.9,2.9,1002.54,0.0,3.94 06:09:09 24/11/19
9,99.9,2.96,1002.58,0.0,3.94 06:14:21 24/11/19
9,99.9,2.975,1002.61,0.0,3.94 06:19:37 24/11/19
10,99.9,2.99,1002.78,0.0,3.94 06:24:55 24/11/19
9,99.9,3.0,1002.92,0.0,3.94 06:30:06 24/11/19
10,99.9,3.0,1002.91,0.0,3.94 06:35:21 24/11/19
10,99.9,3.015,1003.04,0.0,3.94 06:40:33 24/11/19
10,99.9,3.0700002,1003.0,0.0,3.94 06:45:46 24/11/19
10,99.9,3.0900002,1003.03,0.0,3.94 06:50:58 24/11/19
9,99.9,3.105,1003.0,0.0,3.94 06:56:10 24/11/19
28,99.9,3.1599998,1003.04,0.0,3.94 07:01:21 24/11/19
9,99.9,3.115,1003.13,0.0,3.94 07:06:35 24/11/19
10,99.9,3.175,1003.12,0.0,3.94 07:11:49 24/11/19
14,99.9,3.185,1003.18,0.01,3.94 07:17:07 24/11/19
11,99.9,3.195,1003.28,0.03,3.94 07:22:21 24/11/19
13,99.9,3.1999998,1003.3,0.07,3.94 07:27:34 24/11/19
21,99.9,3.215,1003.29,0.14,3.94 07:32:51 24/11/19
21,99.9,3.27,1003.32,0.3,3.94 07:38:12 24/11/19
27,99.9,3.2849998,1003.3,0.63,3.94 07:43:29 24/11/19
44,99.9,3.295,1003.38,1.22,3.94 07:48:45 24/11/19
61,99.9,3.3000002,1003.78,2.06,3.94 07:54:02 24/11/19
100,99.9,3.3000002,1003.92,3.06,3.93 07:59:16 24/11/19
133,99.9,3.3000002,1003.99,3.9,3.94 08:04:28 24/11/19
166,99.9,3.315,1004.08,4.06,3.93 08:09:40 24/11/19
196,99.9,3.3899999,1004.14,4.24,3.94 08:14:53 24/11/19
228,99.9,3.4650002,1004.07,4.34,3.94 08:20:06 24/11/19
269,99.9,3.49,1004.17,5.0,3.94 08:25:16 24/11/19
300,99.9,3.505,1004.18,5.0,3.94 08:30:32 24/11/19
331,99.9,3.58,1004.22,4.0,3.94 08:35:43 24/11/19
357,99.9,3.59,1004.21,4.22,3.95 08:40:54 24/11/19
387,99.9,3.61,1004.23,5.0,3.95 08:46:17 24/11/19
406,99.9,3.68,1004.34,4.79,3.96 08:51:30 24/11/19
426,99.9,3.68,1004.42,5.0,3.98 08:56:42 24/11/19
460,99.9,3.69,1004.52,5.0,4.0 09:01:55 24/11/19
481,99.9,3.7,1004.52,4.11,4.02 09:07:11 24/11/19
482,99.9,3.7800002,1004.56,5.0,4.02 09:12:29 24/11/19
500,99.9,3.815,1004.56,4.84,4.07 09:17:40 24/11/19
529,99.9,3.96,1004.62,4.24,4.13 09:22:55 24/11/19
535,99.9,4.06,1004.67,4.39,4.15 09:28:07 24/11/19
486,99.9,4.245,1004.7,5.0,4.09 09:33:21 24/11/19
499,99.9,4.415,1004.76,5.0,4.08 09:38:31 24/11/19
509,99.9,4.54,1004.9,5.0,4.09 09:43:43 24/11/19
527,99.9,4.6499996,1004.91,4.16,4.1 09:49:01 24/11/19
489,99.9,4.825,1005.06,4.34,4.11 09:54:19 24/11/19
484,99.9,4.94,1005.05,4.26,4.1 09:59:35 24/11/19
497,99.9,5.06,1005.14,5.0,4.16 10:04:51 24/11/19
519,99.9,5.2349997,1005.3,5.0,4.12 10:10:10 24/11/19
525,99.9,5.3450003,1005.35,5.0,4.13 10:15:25 24/11/19
538,99.9,5.45,1005.61,4.31,4.13 10:20:38 24/11/19
545,99.9,5.55,1005.71,4.52,4.14 10:25:56 24/11/19
535,99.9,5.66,1005.75,4.34,4.13 10:31:14 24/11/19
544,99.9,5.82,1005.71,4.28,4.13 10:36:26 24/11/19
548,99.9,5.94,1005.75,4.23,4.14 10:41:42 24/11/19
541,99.9,6.045,1005.94,5.0,4.13 10:46:56 24/11/19
543,99.9,6.1549997,1006.06,5.0,4.13 10:52:13 24/11/19
547,99.9,6.255,1005.96,4.88,4.13 10:57:27 24/11/19
556,99.9,6.42,1006.02,4.23,4.14 11:02:43 24/11/19
555,99.9,6.535,1006.0,5.0,4.14 11:07:57 24/11/19
575,99.9,6.71,1006.04,4.31,4.14 11:13:14 24/11/19
573,99.9,6.82,1006.19,4.34,4.16 11:18:27 24/11/19
582,99.9,6.9300003,1006.19,5.0,4.17 11:23:43 24/11/19
552,99.9,7.035,1006.1,5.0,4.15 11:28:52 24/11/19
554,99.9,7.14,1006.18,4.25,4.15 11:34:06 24/11/19
554,99.9,7.245,1006.26,4.22,4.15 11:39:25 24/11/19
546,99.9,7.4049997,1006.17,4.68,4.15 11:44:42 24/11/19
527,99.9,7.4449997,1006.27,4.23,4.14 11:49:58 24/11/19
515,99.9,7.52,1006.22,4.22,4.14 11:55:16 24/11/19
532,99.9,7.54,1006.17,5.0,4.13 12:00:29 24/11/19
554,99.9,7.55,1006.14,4.24,4.16 12:05:40 24/11/19
570,99.9,7.625,1006.04,4.27,4.17 12:10:56 24/11/19
550,99.9,7.72,1005.85,4.22,4.16 12:16:08 24/11/19
538,99.9,7.8250003,1005.83,5.0,4.15 12:21:19 24/11/19
558,99.9,7.91,1005.74,4.23,4.17 12:26:34 24/11/19
591,99.9,8.014999,1005.7,4.31,4.2 12:31:48 24/11/19
575,99.9,8.115,1005.74,4.28,4.21 12:37:01 24/11/19
572,99.9,8.225,1005.74,4.99,4.22 12:42:12 24/11/19
624,99.9,8.27,1005.69,5.0,4.22 12:47:26 24/11/19
620,99.9,8.435,1005.68,5.0,4.22 12:52:44 24/11/19
629,99.9,8.635,1005.6,5.0,4.21 12:58:02 24/11/19
631,99.9,8.895,1005.54,5.0,4.22 13:03:15 24/11/19
603,99.9,9.115,1005.52,5.0,4.22 13:08:30 24/11/19
618,99.9,9.3,1005.65,5.0,4.22 13:13:42 24/11/19
608,99.9,9.475,1005.66,5.0,4.22 13:18:56 24/11/19
600,99.9,9.530001,1005.74,5.0,4.21 13:24:08 24/11/19
588,99.9,9.610001,1005.86,4.27,4.18 13:29:20 24/11/19
582,99.9,9.610001,1006.02,4.25,4.17 13:34:35 24/11/19
580,99.9,9.610001,1006.11,4.23,4.17 13:39:51 24/11/19
576,99.9,9.6,1006.09,4.23,4.17 13:45:03 24/11/19
572,99.9,9.535,1006.08,4.26,4.16 13:50:23 24/11/19
562,99.9,9.535,1005.91,5.0,4.15 13:55:37 24/11/19
559,99.9,9.52,1005.82,4.37,4.15 14:00:50 24/11/19
542,99.9,9.505,1005.74,4.27,4.15 14:06:04 24/11/19
547,99.9,9.455,1005.96,5.0,4.15 14:11:15 24/11/19
562,99.9,9.445,1006.02,4.43,4.16 14:16:35 24/11/19
589,99.9,9.514999,1006.11,4.25,4.16 14:21:52 24/11/19
588,99.9,9.530001,1006.0,5.0,4.16 14:27:04 24/11/19
543,99.9,9.605,1006.06,4.44,4.14 14:32:17 24/11/19
522,99.9,9.625,1006.12,4.33,4.15 14:37:32 24/11/19
526,99.9,9.64,1006.07,5.0,4.15 14:42:46 24/11/19
517,99.9,9.65,1006.03,4.25,4.14 14:47:59 24/11/19
518,99.9,9.65,1005.85,4.32,4.15 14:53:16 24/11/19
525,99.9,9.655001,1005.87,5.0,4.15 14:58:33 24/11/19
536,99.9,9.655001,1005.98,4.22,4.15 15:03:48 24/11/19
533,99.9,9.715,1006.05,5.0,4.15 15:09:01 24/11/19
484,99.9,9.67,1006.12,5.0,4.13 15:14:14 24/11/19
436,99.9,9.73,1006.18,4.23,4.16 15:19:26 24/11/19
436,99.9,9.74,1006.18,5.0,4.15 15:24:41 24/11/19
427,99.9,9.685,1006.15,4.48,4.15 15:29:55 24/11/19
427,99.9,9.68,1006.09,5.0,4.15 15:35:09 24/11/19
427,99.9,9.675,1006.08,5.0,4.15 15:40:21 24/11/19
412,99.9,9.655001,1005.99,5.0,4.15 15:45:37 24/11/19
412,99.9,9.59,1006.1,5.0,4.15 15:50:48 24/11/19
405,99.9,9.620001,1006.16,4.61,4.15 15:56:08 24/11/19
412,99.9,9.565001,1006.12,4.22,4.15 16:01:26 24/11/19
383,99.9,9.55,1006.1,4.6,4.15 16:06:37 24/11/19
351,99.9,9.48,1006.1,4.8,4.15 16:11:50 24/11/19
322,99.9,9.46,1006.18,5.0,4.15 16:17:04 24/11/19
305,99.9,9.385,1006.31,4.36,4.14 16:22:17 24/11/19
282,99.9,9.37,1006.35,5.0,4.14 16:27:31 24/11/19
250,99.9,9.299999,1006.42,4.75,4.12 16:32:47 24/11/19
221,99.9,9.295,1006.38,4.34,4.13 16:38:03 24/11/19
176,99.9,9.275,1006.55,4.33,4.11 16:43:26 24/11/19
121,99.9,9.27,1006.54,3.73,4.11 16:48:40 24/11/19
78,99.9,9.24,1006.61,2.56,4.1 16:53:52 24/11/19
53,99.9,9.17,1006.75,1.5,4.09 16:59:08 24/11/19
34,99.9,9.165,1006.89,0.85,4.09 17:04:19 24/11/19
29,99.9,9.17,1007.02,0.4,4.09 17:09:34 24/11/19
21,99.9,9.18,1007.09,0.19,4.08 17:14:48 24/11/19
18,99.9,9.24,1007.03,0.08,4.08 17:20:00 24/11/19
16,99.9,9.25,1007.05,0.03,4.08 17:25:12 24/11/19
16,99.9,9.264999,1007.11,0.01,4.07 17:30:28 24/11/19
15,99.9,9.27,1007.05,0.0,4.07 17:35:43 24/11/19
18,99.9,9.27,1007.08,0.0,4.06 17:41:02 24/11/19
18,99.9,9.275,1007.05,0.0,4.06 17:46:15 24/11/19
17,99.9,9.275,1007.04,0.0,4.06 17:51:29 24/11/19
16,99.9,9.215,1007.11,0.0,4.05 17:56:43 24/11/19
15,99.9,9.26,1007.17,0.0,4.05 18:01:55 24/11/19
15,99.9,9.255,1007.14,0.0,4.05 18:07:09 24/11/19
14,99.9,9.26,1007.18,0.0,4.05 18:12:23 24/11/19
16,99.9,9.205,1007.24,0.0,4.05 18:17:35 24/11/19
18,99.9,9.205,1007.24,0.0,4.05 18:22:49 24/11/19
16,99.9,9.200001,1007.23,0.0,4.04 18:28:02 24/11/19
15,99.9,9.195,1007.33,0.0,4.04 18:33:15 24/11/19
16,99.9,9.185,1007.27,0.0,4.04 18:38:32 24/11/19
17,99.9,9.18,1007.35,0.0,4.04 18:43:50 24/11/19
17,99.9,9.17,1007.38,0.0,4.03 18:49:08 24/11/19
17,99.9,9.16,1007.5,0.0,4.04 18:54:25 24/11/19
21,99.9,9.105,1007.53,0.0,4.04 18:59:39 24/11/19
20,99.9,9.094999,1007.57,0.0,4.03 19:04:53 24/11/19
19,99.9,9.085,1007.5,0.0,4.03 19:10:05 24/11/19
18,99.9,9.085,1007.54,0.0,4.03 19:15:25 24/11/19
45,99.9,9.094999,1007.52,0.0,4.03 19:20:40 24/11/19
34,99.9,9.1,1007.52,0.0,4.03 19:25:54 24/11/19
17,99.9,9.105,1007.49,0.0,4.03 19:31:05 24/11/19
17,99.9,9.115,1007.39,0.0,4.03 19:36:19 24/11/19
16,99.9,9.115,1007.35,0.0,4.03 19:41:33 24/11/19
16,99.9,9.165,1007.35,0.0,4.02 19:46:48 24/11/19
17,99.9,9.115,1007.29,0.0,4.02 19:52:01 24/11/19
17,99.9,9.105,1007.44,0.0,4.02 19:57:12 24/11/19
16,99.9,9.15,1007.46,0.0,4.02 20:02:30 24/11/19
17,99.9,9.09,1007.44,0.0,4.02 20:07:48 24/11/19
18,99.9,9.07,1007.41,0.0,4.02 20:13:02 24/11/19
17,99.9,9.014999,1007.35,0.0,4.02 20:18:15 24/11/19
20,99.9,9.004999,1007.4,0.0,4.02 20:23:26 24/11/19
16,99.9,8.985,1007.37,0.0,4.01 20:28:42 24/11/19
18,99.9,8.985,1007.43,0.0,4.01 20:33:55 24/11/19
18,99.9,8.98,1007.48,0.0,4.01 20:39:09 24/11/19
17,99.9,8.969999,1007.52,0.0,4.01 20:44:21 24/11/19
18,99.9,8.975,1007.57,0.0,4.01 20:49:34 24/11/19
16,99.9,8.975,1007.54,0.0,4.01 20:54:48 24/11/19
19,99.9,8.985,1007.59,0.0,4.0 21:00:14 24/11/19
16,99.9,8.99,1007.58,0.0,4.01 21:05:31 24/11/19
17,99.9,8.995,1007.51,0.0,4.01 21:10:45 24/11/19
17,99.9,8.995,1007.47,0.0,4.01 21:15:59 24/11/19
17,99.9,8.995,1007.43,0.0,4.01 21:21:12 24/11/19
44,99.9,9.004999,1007.47,0.0,4.0 21:26:24 24/11/19
35,99.9,9.0,1007.5,0.0,4.0 21:31:42 24/11/19
16,99.9,9.0,1007.57,0.0,4.0 21:36:59 24/11/19
16,99.9,8.995,1007.55,0.0,4.0 21:42:13 24/11/19
16,99.9,9.0,1007.61,0.0,4.0 21:47:24 24/11/19
40,99.9,8.99,1007.56,0.0,4.0 21:52:39 24/11/19
15,99.9,8.934999,1007.61,0.0,4.0 21:57:53 24/11/19
14,99.9,8.98,1007.59,0.0,4.0 22:03:07 24/11/19
15,99.9,8.975,1007.64,0.0,4.0 22:08:19 24/11/19
16,99.9,8.93,1007.64,0.0,3.99 22:13:39 24/11/19
16,99.9,8.985,1007.6,0.0,4.0 22:18:58 24/11/19
17,99.9,8.975,1007.56,0.0,4.0 22:24:16 24/11/19
16,99.9,8.925,1007.52,0.0,4.0 22:29:30 24/11/19
17,99.9,8.92,1007.6,0.0,3.99 22:34:48 24/11/19
18,99.9,8.925,1007.61,0.0,4.0 22:40:06 24/11/19
39,99.9,8.969999,1007.54,0.0,4.0 22:45:16 24/11/19
15,99.9,8.915,1007.54,0.0,3.99 22:50:35 24/11/19
14,99.9,8.915,1007.55,0.0,3.99 22:55:53 24/11/19
14,99.9,8.91,1007.54,0.0,3.99 23:01:06 24/11/19
15,99.9,8.895,1007.55,0.0,3.99 23:06:19 24/11/19
19,99.9,8.889999,1007.65,0.0,3.99 23:11:37 24/11/19
15,99.9,8.885,1007.62,0.0,3.99 23:16:54 24/11/19
15,99.9,8.885,1007.65,0.0,3.99 23:22:08 24/11/19
16,99.9,8.87,1007.6,0.0,3.99 23:27:22 24/11/19
16,99.9,8.875,1007.67,0.0,3.99 23:32:32 24/11/19
15,99.9,8.87,1007.78,0.0,3.99 23:37:47 24/11/19
16,99.9,8.865,1007.74,0.0,3.99 23:43:00 24/11/19
18,99.9,8.815001,1007.81,0.0,3.99 23:48:15 24/11/19
18,99.9,8.809999,1007.83,0.0,3.99 23:53:25 24/11/19
21,99.9,8.805,1007.91,0.0,3.98 23:58:49 24/11/19
