14,99.9,10.844999,994.82,0.0,3.99 00:00:19 27/11/19
15,99.9,10.885,994.79,0.0,3.99 00:05:35 27/11/19
14,99.9,10.895,994.9,0.0,3.99 00:10:48 27/11/19
14,99.9,10.895,994.87,0.0,3.98 00:16:02 27/11/19
15,99.9,10.895,994.73,0.0,3.99 00:21:18 27/11/19
15,99.9,10.9,994.65,0.0,3.99 00:26:29 27/11/19
16,99.9,10.895,994.49,0.0,3.98 00:31:41 27/11/19
17,99.9,10.91,994.36,0.0,3.98 00:36:56 27/11/19
16,99.9,10.93,994.22,0.0,3.98 00:42:09 27/11/19
16,99.9,11.0,994.09,0.0,3.98 00:47:22 27/11/19
15,99.9,11.02,993.95,0.0,3.98 00:52:36 27/11/19
15,99.9,11.09,993.8,0.0,3.98 00:57:49 27/11/19
14,99.9,11.1,993.66,0.0,3.98 01:03:03 27/11/19
14,99.9,11.115,993.53,0.0,3.98 01:08:18 27/11/19
18,99.9,11.125,993.24,0.0,3.98 01:13:39 27/11/19
15,99.9,11.190001,992.97,0.0,3.98 01:18:51 27/11/19
17,99.9,11.200001,992.72,0.0,3.98 01:24:04 27/11/19
16,99.9,11.205,992.61,0.0,3.98 01:29:20 27/11/19
16,99.9,11.215,992.48,0.0,3.98 01:34:33 27/11/19
16,99.9,11.23,992.32,0.0,3.98 01:39:54 27/11/19
17,99.9,11.29,992.15,0.0,3.97 01:45:09 27/11/19
18,99.9,11.299999,991.98,0.0,3.97 01:50:26 27/11/19
18,99.9,11.305,992.07,0.0,3.98 01:55:43 27/11/19
18,99.9,11.309999,991.91,0.0,3.98 02:00:56 27/11/19
17,99.9,11.309999,991.91,0.0,3.97 02:06:12 27/11/19
17,99.9,11.299999,991.9,0.0,3.97 02:11:24 27/11/19
15,99.9,11.295,991.71,0.0,3.97 02:16:39 27/11/19
15,99.9,11.285,991.69,0.0,3.97 02:21:52 27/11/19
17,99.9,11.27,991.73,0.0,3.97 02:27:07 27/11/19
18,99.9,11.205,991.89,0.0,3.97 02:32:23 27/11/19
18,99.9,11.200001,991.81,0.0,3.97 02:37:43 27/11/19
16,99.9,11.195,991.92,0.0,3.97 02:42:55 27/11/19
15,99.9,11.18,991.76,0.0,3.97 02:48:07 27/11/19
15,99.9,11.17,991.5,0.0,3.97 02:53:24 27/11/19
16,99.9,11.17,991.54,0.0,3.97 02:58:36 27/11/19
14,99.9,11.115,991.38,0.0,3.97 03:03:48 27/11/19
13,99.9,11.110001,991.19,0.0,3.97 03:09:04 27/11/19
13,99.9,11.17,991.14,0.0,3.97 03:14:16 27/11/19
14,99.9,11.175,991.01,0.0,3.97 03:19:31 27/11/19
14,99.9,11.195,990.68,0.0,3.97 03:24:45 27/11/19
13,99.9,11.195,990.58,0.0,3.97 03:29:57 27/11/19
16,99.9,11.195,990.37,0.0,3.97 03:35:15 27/11/19
14,99.9,11.195,990.32,0.0,3.96 03:40:31 27/11/19
13,99.9,11.190001,990.04,0.0,3.97 03:45:46 27/11/19
13,99.9,11.125,989.91,0.0,3.97 03:51:00 27/11/19
13,99.9,11.115,989.43,0.0,3.96 03:56:13 27/11/19
13,99.9,11.1,989.21,0.0,3.97 04:01:26 27/11/19
13,99.9,11.09,988.97,0.0,3.97 04:06:41 27/11/19
13,99.9,11.08,988.65,0.0,3.97 04:11:55 27/11/19
13,99.9,11.025,988.82,0.0,3.97 04:17:07 27/11/19
13,99.9,11.014999,988.93,0.0,3.96 04:22:22 27/11/19
15,99.9,11.004999,989.61,0.0,3.96 04:27:35 27/11/19
14,99.9,11.004999,989.5,0.0,3.96 04:32:48 27/11/19
14,99.9,11.004999,989.51,0.0,3.96 04:38:02 27/11/19
15,99.9,11.004999,988.89,0.0,3.97 04:43:13 27/11/19
14,99.9,11.01,988.93,0.0,3.96 04:48:29 27/11/19
15,99.9,11.014999,988.45,0.0,3.96 04:53:42 27/11/19
14,99.9,11.014999,988.22,0.0,3.96 04:58:54 27/11/19
14,99.9,11.025,988.02,0.0,3.96 05:04:09 27/11/19
14,99.9,11.08,988.01,0.0,3.96 05:09:23 27/11/19
14,99.9,11.075,987.95,0.0,3.96 05:14:37 27/11/19
14,99.9,11.02,987.98,0.0,3.96 05:19:50 27/11/19
14,99.9,11.014999,988.1,0.0,3.96 05:25:04 27/11/19
14,99.9,11.01,987.95,0.0,3.96 05:30:16 27/11/19
13,99.9,11.0,987.85,0.0,3.96 05:35:31 27/11/19
13,99.9,10.940001,987.92,0.0,3.96 05:40:45 27/11/19
15,99.9,10.940001,987.78,0.0,3.96 05:46:02 27/11/19
15,99.9,10.934999,987.67,0.0,3.96 05:51:23 27/11/19
15,99.9,10.915,987.65,0.0,3.96 05:56:45 27/11/19
17,99.9,10.91,987.6,0.0,3.96 06:02:12 27/11/19
15,99.9,10.889999,987.45,0.0,3.96 06:07:26 27/11/19
15,99.9,10.809999,987.41,0.0,3.96 06:12:39 27/11/19
14,99.9,10.73,987.38,0.0,3.96 06:17:51 27/11/19
13,99.9,10.655001,987.19,0.0,3.96 06:23:04 27/11/19
14,99.9,10.635,987.08,0.0,3.96 06:28:19 27/11/19
14,99.9,10.610001,986.86,0.0,3.96 06:33:34 27/11/19
15,99.9,10.545,986.79,0.0,3.96 06:38:48 27/11/19
14,99.9,10.53,986.85,0.0,3.96 06:44:01 27/11/19
14,99.9,10.51,986.83,0.0,3.96 06:49:14 27/11/19
15,99.9,10.445,987.08,0.0,3.96 06:54:25 27/11/19
14,99.9,10.49,987.12,0.0,3.96 06:59:40 27/11/19
14,99.9,10.440001,987.26,0.0,3.96 07:04:54 27/11/19
13,99.9,10.440001,987.26,0.0,3.96 07:10:07 27/11/19
14,99.9,10.5,987.27,0.0,3.96 07:15:21 27/11/19
14,99.9,10.495,987.36,0.0,3.95 07:20:34 27/11/19
15,99.9,10.5,987.46,0.0,3.95 07:25:48 27/11/19
16,99.9,10.504999,987.52,0.02,3.95 07:31:02 27/11/19
18,99.9,10.504999,987.44,0.08,3.95 07:36:17 27/11/19
20,99.9,10.52,987.6,0.16,3.95 07:41:29 27/11/19
25,99.9,10.514999,987.63,0.42,3.96 07:46:42 27/11/19
30,99.9,10.53,987.99,0.63,3.95 07:51:56 27/11/19
35,99.9,10.6,988.1,1.15,3.95 07:57:08 27/11/19
73,99.9,10.615,987.7,2.73,3.95 08:02:27 27/11/19
102,99.9,10.63,987.69,3.58,3.95 08:07:44 27/11/19
143,99.9,10.635,987.8,4.06,3.95 08:12:57 27/11/19
182,99.9,10.690001,987.83,4.2,3.95 08:18:11 27/11/19
215,99.9,10.639999,987.88,4.49,3.95 08:23:23 27/11/19
237,99.9,10.625,987.79,4.82,3.95 08:28:38 27/11/19
263,99.9,10.63,987.79,4.93,3.96 08:33:52 27/11/19
275,99.9,10.63,988.07,5.0,3.95 08:39:08 27/11/19
314,99.9,10.635,988.1,4.12,3.96 08:44:22 27/11/19
343,99.9,10.705,988.08,4.25,3.96 08:49:40 27/11/19
347,99.9,10.715,987.97,5.0,3.96 08:54:54 27/11/19
372,99.9,10.725,987.96,4.76,3.96 09:00:07 27/11/19
356,99.9,10.745001,988.03,5.0,3.96 09:05:25 27/11/19
419,99.9,10.805,988.12,5.0,3.96 09:10:43 27/11/19
408,99.9,10.825,988.14,4.14,3.97 09:15:56 27/11/19
451,99.9,10.85,988.13,4.07,3.99 09:21:10 27/11/19
474,99.9,10.915,988.12,4.24,4.03 09:26:21 27/11/19
531,99.9,10.99,988.2,4.18,4.07 09:31:35 27/11/19
504,99.9,11.09,988.24,5.0,4.01 09:36:48 27/11/19
534,99.9,11.200001,988.27,4.13,4.05 09:42:04 27/11/19
483,99.9,11.355,988.18,5.0,4.04 09:47:17 27/11/19
495,99.9,11.389999,988.17,5.0,4.05 09:52:32 27/11/19
464,99.9,11.415,988.16,4.21,4.04 09:57:45 27/11/19
450,99.9,11.4,988.21,5.0,4.04 10:02:59 27/11/19
454,99.9,11.395,988.23,4.21,4.03 10:08:12 27/11/19
461,99.9,11.325,988.19,4.32,4.05 10:13:23 27/11/19
518,99.9,11.255,988.2,5.0,4.08 10:18:39 27/11/19
522,99.9,11.325,988.23,4.16,4.1 10:23:52 27/11/19
520,99.9,11.4,988.21,4.16,4.09 10:29:06 27/11/19
493,99.9,11.4,988.24,5.0,4.1 10:34:20 27/11/19
502,99.9,11.425,988.36,4.16,4.1 10:39:34 27/11/19
511,99.9,11.434999,988.38,5.0,4.13 10:44:55 27/11/19
554,99.9,11.504999,988.38,5.0,4.17 10:50:10 27/11/19
532,99.9,11.525,988.27,4.21,4.12 10:55:22 27/11/19
513,99.9,11.594999,988.33,4.22,4.14 11:00:37 27/11/19
487,99.9,11.610001,988.32,4.22,4.15 11:05:48 27/11/19
498,99.9,11.6,988.35,4.41,4.16 11:11:03 27/11/19
516,99.9,11.62,988.39,4.22,4.13 11:16:15 27/11/19
521,99.9,11.625,988.39,4.25,4.14 11:21:30 27/11/19
434,99.9,11.685,988.27,5.0,4.13 11:26:49 27/11/19
429,99.9,11.68,988.23,5.0,4.14 11:32:06 27/11/19
413,99.9,11.63,988.26,5.0,4.13 11:37:20 27/11/19
453,99.9,11.615,988.22,4.75,4.15 11:42:33 27/11/19
470,99.9,11.610001,988.16,4.23,4.17 11:47:46 27/11/19
494,99.9,11.625,988.1,5.0,4.14 11:53:07 27/11/19
573,99.9,11.700001,988.04,4.65,4.17 11:58:21 27/11/19
569,99.9,11.764999,987.96,4.26,4.16 12:03:35 27/11/19
493,99.9,11.845,987.86,4.33,4.12 12:08:51 27/11/19
535,99.9,11.82,987.82,5.0,4.15 12:14:04 27/11/19
529,99.9,11.88,987.71,5.0,4.14 12:19:17 27/11/19
428,99.9,11.885,987.72,5.0,4.15 12:24:30 27/11/19
493,99.9,11.835,987.62,5.0,4.15 12:29:45 27/11/19
443,99.9,11.889999,987.52,5.0,4.14 12:35:01 27/11/19
476,99.9,11.88,987.47,5.0,4.15 12:40:13 27/11/19
526,99.9,11.83,987.49,5.0,4.15 12:45:24 27/11/19
410,99.9,11.825,987.45,5.0,4.16 12:50:38 27/11/19
385,99.9,11.809999,987.41,4.92,4.16 12:55:53 27/11/19
446,99.9,11.799999,987.27,5.0,4.16 13:01:09 27/11/19
538,99.9,11.799999,987.17,4.29,4.17 13:06:18 27/11/19
531,99.9,11.805,987.2,5.0,4.16 13:11:36 27/11/19
547,99.9,11.815001,987.18,4.3,4.16 13:16:48 27/11/19
496,99.9,11.885,987.15,4.52,4.13 13:22:01 27/11/19
462,99.9,11.875,987.06,5.0,4.15 13:27:15 27/11/19
465,99.9,11.83,987.08,5.0,4.16 13:32:31 27/11/19
462,99.9,11.885,987.11,4.91,4.14 13:37:43 27/11/19
461,99.9,11.88,987.0,5.0,4.13 13:42:56 27/11/19
420,99.9,11.83,987.05,4.63,4.16 13:48:08 27/11/19
444,99.9,11.805,986.99,4.19,4.15 13:53:24 27/11/19
403,99.9,11.795,987.01,5.0,4.15 13:58:37 27/11/19
420,99.9,11.735001,986.89,5.0,4.17 14:03:48 27/11/19
410,99.9,11.73,986.83,4.3,4.15 14:09:04 27/11/19
425,99.9,11.73,986.83,4.44,4.16 14:14:21 27/11/19
447,99.9,11.79,986.8,5.0,4.15 14:19:40 27/11/19
489,99.9,11.78,986.78,4.27,4.16 14:24:53 27/11/19
402,99.9,11.785,986.7,4.48,4.14 14:30:08 27/11/19
373,99.9,11.785,986.56,5.0,4.14 14:35:25 27/11/19
329,99.9,11.775,986.54,5.0,4.14 14:40:41 27/11/19
313,99.9,11.73,986.51,5.0,4.13 14:45:55 27/11/19
359,99.9,11.715,986.41,5.0,4.13 14:51:10 27/11/19
357,99.9,11.72,986.33,4.41,4.13 14:56:25 27/11/19
362,99.9,11.715,986.38,4.56,4.15 15:01:37 27/11/19
391,99.9,11.695,986.34,5.0,4.15 15:06:51 27/11/19
405,99.9,11.705,986.36,5.0,4.16 15:12:04 27/11/19
425,99.9,11.705,986.29,5.0,4.15 15:17:19 27/11/19
379,99.9,11.705,986.3,4.43,4.16 15:22:32 27/11/19
397,99.9,11.715,986.3,5.0,4.16 15:27:45 27/11/19
366,99.9,11.775,986.3,5.0,4.16 15:33:00 27/11/19
386,99.9,11.715,986.22,5.0,4.16 15:38:15 27/11/19
433,99.9,11.71,986.15,4.24,4.16 15:43:26 27/11/19
380,99.9,11.700001,986.14,5.0,4.16 15:48:40 27/11/19
317,99.9,11.63,986.12,5.0,4.16 15:53:54 27/11/19
302,99.9,11.605,986.16,4.39,4.15 15:59:06 27/11/19
291,99.9,11.53,986.17,4.62,4.15 16:04:21 27/11/19
299,99.9,11.504999,986.14,5.0,4.15 16:09:32 27/11/19
242,99.9,11.43,986.08,4.56,4.14 16:14:46 27/11/19
202,99.9,11.405001,986.04,4.26,4.12 16:20:02 27/11/19
192,99.9,11.344999,985.99,4.25,4.12 16:25:16 27/11/19
193,99.9,11.325,985.99,4.26,4.12 16:30:27 27/11/19
141,99.9,11.309999,985.91,3.9,4.11 16:35:42 27/11/19
110,99.9,11.295,985.91,3.28,4.1 16:40:56 27/11/19
61,99.9,11.29,985.84,2.1,4.1 16:46:09 27/11/19
59,99.9,11.275,985.88,2.18,4.1 16:51:21 27/11/19
36,99.9,11.22,985.81,1.19,4.09 16:56:38 27/11/19
31,99.9,11.22,985.83,0.84,4.09 17:01:51 27/11/19
29,99.9,11.215,985.84,0.62,4.08 17:07:07 27/11/19
24,99.9,11.264999,985.8,0.28,4.08 17:12:26 27/11/19
19,99.9,11.205,985.83,0.12,4.08 17:17:37 27/11/19
18,99.9,11.205,985.87,0.05,4.07 17:22:53 27/11/19
17,99.9,11.145,985.9,0.01,4.07 17:28:09 27/11/19
19,99.9,11.139999,985.75,0.0,4.07 17:33:20 27/11/19
18,99.9,11.190001,985.79,0.0,4.07 17:38:33 27/11/19
17,99.9,11.195,985.71,0.0,4.06 17:43:48 27/11/19
18,99.9,11.190001,985.61,0.0,4.06 17:49:02 27/11/19
17,99.9,11.205,985.58,0.0,4.06 17:54:14 27/11/19
19,99.9,11.21,985.6,0.0,4.05 17:59:32 27/11/19
18,99.9,11.264999,985.5,0.0,4.05 18:04:50 27/11/19
19,99.9,11.22,985.49,0.0,4.06 18:10:03 27/11/19
18,99.9,11.27,985.55,0.0,4.05 18:15:17 27/11/19
18,99.9,11.225,985.6,0.0,4.05 18:20:30 27/11/19
18,99.9,11.275,985.65,0.0,4.05 18:25:45 27/11/19
20,99.9,11.235001,985.68,0.0,4.04 18:31:01 27/11/19
18,99.9,11.285,985.64,0.0,4.04 18:36:20 27/11/19
16,99.9,11.29,985.6,0.0,4.04 18:41:31 27/11/19
16,99.9,11.29,985.52,0.0,4.04 18:46:47 27/11/19
15,99.9,11.29,985.42,0.0,4.04 18:52:00 27/11/19
16,99.9,11.29,985.37,0.0,4.04 18:57:18 27/11/19
16,99.9,11.299999,985.35,0.0,4.04 19:02:34 27/11/19
16,99.9,11.299999,985.27,0.0,4.04 19:07:50 27/11/19
15,99.9,11.305,985.33,0.0,4.04 19:13:02 27/11/19
17,99.9,11.309999,985.22,0.0,4.03 19:18:20 27/11/19
16,99.9,11.309999,985.3,0.0,4.03 19:23:39 27/11/19
15,99.9,11.305,985.24,0.0,4.03 19:28:50 27/11/19
15,99.9,11.235001,985.26,0.0,4.03 19:34:06 27/11/19
15,99.9,11.225,985.26,0.0,4.03 19:39:18 27/11/19
16,99.9,11.22,985.21,0.0,4.03 19:44:36 27/11/19
15,99.9,11.225,985.22,0.0,4.03 19:49:47 27/11/19
15,99.9,11.215,985.06,0.0,4.02 19:54:59 27/11/19
15,99.9,11.23,985.24,0.0,4.02 20:00:16 27/11/19
15,99.9,11.235001,985.06,0.0,4.03 20:05:25 27/11/19
14,99.9,11.225,984.94,0.0,4.02 20:10:39 27/11/19
14,99.9,11.215,985.04,0.0,4.02 20:15:54 27/11/19
15,99.9,11.285,984.99,0.0,4.02 20:21:09 27/11/19
15,99.9,11.245001,984.95,0.0,4.02 20:26:22 27/11/19
15,99.9,11.24,984.94,0.0,4.02 20:31:36 27/11/19
17,99.9,11.305,984.94,0.0,4.02 20:36:52 27/11/19
16,99.9,11.309999,984.98,0.0,4.02 20:42:09 27/11/19
14,99.9,11.360001,984.78,0.0,4.02 20:47:24 27/11/19
18,99.9,11.389999,984.94,0.0,4.01 20:52:42 27/11/19
16,99.9,11.415,984.92,0.0,4.01 20:58:00 27/11/19
15,99.9,11.41,984.89,0.0,4.01 21:03:14 27/11/19
15,99.9,11.469999,984.87,0.0,4.01 21:08:28 27/11/19
15,99.9,11.425,984.93,0.0,4.01 21:13:39 27/11/19
15,99.9,11.42,984.98,0.0,4.01 21:18:54 27/11/19
15,99.9,11.495,985.02,0.0,4.01 21:24:08 27/11/19
15,99.9,11.504999,984.97,0.0,4.01 21:29:22 27/11/19
18,99.9,11.51,984.98,0.0,4.0 21:34:44 27/11/19
15,99.9,11.58,984.96,0.0,4.01 21:39:57 27/11/19
16,99.9,11.59,985.06,0.0,4.01 21:45:11 27/11/19
15,99.9,11.594999,985.0,0.0,4.01 21:50:24 27/11/19
14,99.9,11.59,985.14,0.0,4.0 21:55:39 27/11/19
14,99.9,11.605,985.24,0.0,4.0 22:00:56 27/11/19
17,99.9,11.6,985.18,0.0,4.0 22:06:14 27/11/19
20,99.9,11.594999,985.34,0.0,4.0 22:11:35 27/11/19
21,99.9,11.610001,985.44,0.0,4.0 22:16:59 27/11/19
18,99.9,11.53,985.48,0.0,4.0 22:22:12 27/11/19
16,99.9,11.51,985.49,0.0,4.0 22:27:25 27/11/19
16,99.9,11.415,985.5,0.0,4.0 22:32:39 27/11/19
17,99.9,11.33,985.53,0.0,4.0 22:37:57 27/11/19
16,99.9,11.33,985.79,0.0,4.0 22:43:13 27/11/19
17,99.9,11.315001,985.89,0.0,3.99 22:48:32 27/11/19
15,99.9,11.299999,985.89,0.0,3.99 22:53:50 27/11/19
16,99.9,11.23,985.99,0.0,4.0 22:59:04 27/11/19
15,99.9,11.215,986.01,0.0,3.99 23:04:17 27/11/19
15,99.9,11.205,986.11,0.0,3.99 23:09:32 27/11/19
16,99.9,11.145,986.22,0.0,4.0 23:14:45 27/11/19
15,99.9,11.12,986.3,0.0,3.99 23:19:59 27/11/19
15,99.9,11.12,986.33,0.0,3.99 23:25:13 27/11/19
15,99.9,11.049999,986.24,0.0,3.99 23:30:25 27/11/19
16,99.9,11.03,986.32,0.0,3.99 23:35:43 27/11/19
16,99.9,11.03,986.4,0.0,3.99 23:41:01 27/11/19
17,99.9,11.025,986.46,0.0,3.99 23:46:18 27/11/19
16,99.9,11.01,986.4,0.0,3.99 23:51:36 27/11/19
20,99.9,11.02,986.43,0.0,3.98 23:56:59 27/11/19
