0,99.9,14.1,2.89,2.89,0.2,0.19,0 00:00:13 12/06/20
0,99.9,14.0,2.89,2.89,0.14,0.13,1 00:05:41 12/06/20
0,99.9,13.9,2.89,2.89,0.2,0.19,0 00:11:09 12/06/20
0,99.9,13.8,2.89,2.89,0.15,0.14,1 00:16:38 12/06/20
0,99.9,13.8,2.89,2.89,0.2,0.19,0 00:22:06 12/06/20
0,99.9,13.7,2.89,2.89,0.15,0.14,1 00:27:35 12/06/20
0,99.9,13.7,2.89,2.89,0.2,0.19,0 00:33:02 12/06/20
0,99.9,13.7,2.89,2.89,0.14,0.13,1 00:38:31 12/06/20
0,99.9,13.7,2.89,2.89,0.2,0.19,0 00:43:59 12/06/20
0,99.9,13.7,2.89,2.89,0.15,0.14,1 00:49:27 12/06/20
0,99.9,13.8,2.89,2.89,0.2,0.19,0 00:54:56 12/06/20
0,99.9,13.8,2.89,2.89,0.14,0.13,1 01:00:23 12/06/20
0,99.9,13.7,2.89,2.89,0.12,0.11,1 01:05:55 12/06/20
0,99.9,13.7,2.89,2.89,0.2,0.19,0 01:11:29 12/06/20
0,99.9,13.6,2.89,2.89,0.15,0.14,1 01:16:57 12/06/20
0,99.9,13.6,2.89,2.89,0.2,0.19,0 01:22:26 12/06/20
0,99.9,13.5,2.89,2.89,0.14,0.13,1 01:27:53 12/06/20
0,99.9,13.5,2.89,2.89,0.2,0.19,0 01:33:22 12/06/20
0,99.9,13.4,2.89,2.89,0.15,0.14,1 01:38:50 12/06/20
0,99.9,13.4,2.89,2.89,0.2,0.19,0 01:44:18 12/06/20
0,99.9,13.3,2.88,2.89,0.15,0.14,1 01:49:47 12/06/20
0,99.9,13.3,2.88,2.89,0.2,0.19,0 01:55:15 12/06/20
0,99.9,13.2,2.88,2.89,0.14,0.13,1 02:00:42 12/06/20
0,99.9,13.2,2.89,2.89,0.12,0.11,1 02:06:14 12/06/20
0,99.9,13.2,2.89,2.89,0.21,0.19,0 02:11:49 12/06/20
0,99.9,13.2,2.88,2.89,0.13,0.12,1 02:17:14 12/06/20
0,99.9,13.2,2.89,2.89,0.2,0.19,0 02:22:44 12/06/20
0,99.9,13.2,2.88,2.89,0.15,0.14,1 02:28:13 12/06/20
0,99.9,13.2,2.89,2.89,0.2,0.19,0 02:33:40 12/06/20
0,99.9,13.2,2.89,2.89,0.14,0.13,1 02:39:08 12/06/20
0,99.9,13.2,2.88,2.88,0.18,0.18,0 02:44:36 12/06/20
0,99.9,13.3,2.88,2.89,0.15,0.14,1 02:50:05 12/06/20
0,99.9,13.3,2.88,2.89,0.2,0.19,0 02:55:33 12/06/20
0,99.9,13.4,2.88,2.89,0.15,0.13,1 03:01:02 12/06/20
0,99.9,13.4,2.88,2.89,0.2,0.19,0 03:06:29 12/06/20
0,99.9,13.4,2.88,2.89,0.14,0.13,1 03:11:58 12/06/20
0,99.9,13.4,2.88,2.89,0.17,0.17,0 03:17:24 12/06/20
0,99.9,13.4,2.88,2.89,0.15,0.14,1 03:22:54 12/06/20
0,99.9,13.3,2.88,2.88,0.2,0.19,0 03:28:23 12/06/20
0,99.9,13.3,2.88,2.89,0.15,0.13,1 03:33:50 12/06/20
0,99.9,13.3,2.88,2.88,0.2,0.19,0 03:39:18 12/06/20
0,99.9,13.2,2.88,2.89,0.15,0.14,1 03:44:47 12/06/20
0,99.9,13.2,2.88,2.88,0.2,0.19,0 03:50:15 12/06/20
0,99.9,13.1,2.88,2.89,0.15,0.14,1 03:55:43 12/06/20
0,99.9,13.1,2.88,2.88,0.2,0.19,0 04:01:11 12/06/20
0,99.9,13.0,2.88,2.89,0.15,0.14,1 04:06:39 12/06/20
0,99.9,13.0,2.88,2.88,0.2,0.19,0 04:12:08 12/06/20
0,99.9,12.9,2.88,2.89,0.15,0.14,1 04:17:36 12/06/20
0,99.9,12.9,2.88,2.88,0.2,0.19,0 04:23:04 12/06/20
0,99.9,12.9,2.88,2.89,0.15,0.14,1 04:28:32 12/06/20
0,99.9,12.8,2.88,2.88,0.2,0.19,0 04:34:01 12/06/20
0,99.9,12.7,2.88,2.88,0.15,0.14,1 04:39:28 12/06/20
0,99.9,12.7,2.88,2.88,0.2,0.19,0 04:44:56 12/06/20
0,99.9,12.6,2.88,2.88,0.15,0.14,1 04:50:25 12/06/20
0,99.9,12.6,2.88,2.88,0.18,0.18,0 04:55:52 12/06/20
0,99.9,12.5,2.88,2.88,0.15,0.14,1 05:01:21 12/06/20
0,99.9,12.4,2.88,2.88,0.2,0.19,0 05:06:49 12/06/20
0,99.9,12.4,2.88,2.88,0.15,0.14,1 05:12:17 12/06/20
0,99.9,12.3,2.88,2.88,0.21,0.19,0 05:17:46 12/06/20
0,99.9,12.3,2.88,2.88,0.15,0.14,1 05:23:14 12/06/20
0,99.9,12.3,2.88,2.88,0.2,0.19,0 05:28:41 12/06/20
0,99.9,12.2,2.88,2.88,0.15,0.14,1 05:34:09 12/06/20
0,99.9,12.2,2.88,2.88,0.16,0.16,0 05:39:35 12/06/20
0,99.9,12.1,2.88,2.88,0.15,0.14,1 05:45:05 12/06/20
0,99.9,12.1,2.88,2.88,0.2,0.19,0 05:50:33 12/06/20
0,99.9,12.2,2.88,2.88,0.15,0.14,1 05:56:01 12/06/20
0,99.9,12.1,2.88,2.88,0.2,0.19,0 06:01:29 12/06/20
0,99.9,12.2,2.88,2.88,0.15,0.14,1 06:06:58 12/06/20
0,99.9,12.2,2.88,2.88,0.12,0.11,1 06:12:29 12/06/20
0,99.9,12.3,2.88,2.88,0.12,0.11,1 06:18:06 12/06/20
0,99.9,12.5,2.88,2.88,0.2,0.19,0 06:23:40 12/06/20
0,99.9,12.6,2.88,2.88,0.14,0.13,1 06:29:07 12/06/20
0,99.9,12.7,2.88,2.88,0.21,0.19,0 06:34:36 12/06/20
0,99.9,12.9,2.88,2.88,0.15,0.14,1 06:40:04 12/06/20
0,99.9,13.0,2.88,2.88,0.21,0.19,0 06:45:32 12/06/20
0,99.9,13.2,2.88,2.88,0.15,0.14,1 06:51:01 12/06/20
0,99.9,13.4,2.88,2.88,0.2,0.19,0 06:56:29 12/06/20
0,99.9,13.5,2.88,2.88,0.15,0.14,1 07:01:57 12/06/20
0,99.9,13.6,2.88,2.88,0.21,0.19,0 07:07:25 12/06/20
0,99.9,13.8,2.88,2.88,0.15,0.14,1 07:12:53 12/06/20
0,99.9,14.0,2.88,2.88,0.2,0.19,0 07:18:21 12/06/20
0,99.9,14.2,2.88,2.88,0.15,0.14,1 07:23:49 12/06/20
0,99.9,14.4,2.88,2.88,0.21,0.19,0 07:29:18 12/06/20
0,99.9,14.6,2.88,2.88,0.15,0.14,1 07:34:46 12/06/20
0,99.9,14.7,2.88,2.88,0.2,0.19,0 07:40:14 12/06/20
0,99.9,14.9,2.88,2.88,0.16,0.16,0 07:45:46 12/06/20
0,99.9,15.0,2.88,2.88,0.15,0.14,1 07:51:20 12/06/20
0,99.9,15.2,2.88,2.88,0.21,0.19,0 07:56:49 12/06/20
0,99.9,15.3,2.88,2.88,0.15,0.14,1 08:02:16 12/06/20
0,99.9,15.5,2.88,2.88,0.21,0.19,0 08:07:45 12/06/20
0,99.9,15.6,2.88,2.88,0.15,0.14,1 08:13:13 12/06/20
0,99.9,15.8,2.88,2.88,0.2,0.19,0 08:18:42 12/06/20
0,99.9,16.0,2.88,2.88,0.15,0.14,1 08:24:11 12/06/20
0,99.9,16.2,2.88,2.88,0.2,0.19,0 08:29:39 12/06/20
0,99.9,16.3,2.88,2.88,0.15,0.14,1 08:35:07 12/06/20
0,99.9,16.5,2.88,2.88,0.2,0.19,0 08:40:35 12/06/20
0,99.9,16.8,2.88,2.88,0.15,0.14,1 08:46:04 12/06/20
0,99.9,17.1,2.88,2.88,0.2,0.19,0 08:51:33 12/06/20
0,99.9,17.4,2.88,2.88,0.15,0.14,1 08:57:02 12/06/20
0,99.9,17.6,2.88,2.88,0.2,0.2,0 09:02:30 12/06/20
0,99.9,17.8,2.88,2.88,0.15,0.14,1 09:07:58 12/06/20
0,99.9,18.1,2.88,2.88,0.21,0.19,0 09:13:27 12/06/20
0,99.9,18.3,2.88,2.88,0.15,0.14,1 09:18:56 12/06/20
0,99.9,18.5,2.88,2.88,0.2,0.19,0 09:24:24 12/06/20
0,99.9,18.8,2.88,2.88,0.15,0.14,1 09:29:54 12/06/20
0,99.9,19.0,2.88,2.88,0.21,0.19,0 09:35:22 12/06/20
0,99.9,19.3,2.88,2.88,0.15,0.14,1 09:40:52 12/06/20
0,99.9,19.5,2.88,2.87,0.2,0.19,0 09:46:19 12/06/20
0,99.9,19.8,2.88,2.88,0.15,0.14,1 09:51:48 12/06/20
0,99.9,20.1,2.88,2.88,0.21,0.19,0 09:57:18 12/06/20
0,99.9,20.3,2.88,2.88,0.15,0.14,1 10:02:47 12/06/20
0,99.9,20.5,2.88,2.88,0.21,0.2,0 10:08:15 12/06/20
0,99.9,20.6,2.88,2.88,0.15,0.14,1 10:13:44 12/06/20
0,99.9,20.8,2.88,2.88,0.18,0.17,0 10:19:11 12/06/20
0,99.9,20.9,2.88,2.88,0.15,0.14,1 10:24:42 12/06/20
0,99.9,21.0,2.88,2.88,0.21,0.2,0 10:30:11 12/06/20
0,99.9,21.2,2.88,2.88,0.16,0.14,1 10:35:41 12/06/20
0,99.9,21.4,2.88,2.88,0.21,0.2,0 10:41:09 12/06/20
0,99.9,21.5,2.88,2.88,0.15,0.14,1 10:46:38 12/06/20
0,99.9,21.7,2.88,2.88,0.18,0.17,0 10:52:05 12/06/20
0,99.9,21.8,2.88,2.88,0.15,0.14,1 10:57:37 12/06/20
0,99.9,22.1,2.88,2.88,0.2,0.19,0 11:03:05 12/06/20
0,99.9,22.3,2.88,2.88,0.15,0.14,1 11:08:34 12/06/20
0,99.9,22.6,2.88,2.88,0.19,0.18,0 11:14:02 12/06/20
0,99.9,22.9,2.88,2.88,0.13,0.13,1 11:19:31 12/06/20
0,99.9,23.2,2.88,2.88,0.21,0.2,0 11:25:02 12/06/20
0,99.9,23.6,2.88,2.88,0.15,0.14,1 11:30:31 12/06/20
0,99.9,23.9,2.88,2.88,0.12,0.12,1 11:36:04 12/06/20
0,99.9,24.3,2.88,2.88,0.21,0.2,0 11:41:39 12/06/20
0,99.9,24.7,2.88,2.88,0.15,0.14,1 11:47:08 12/06/20
0,99.9,25.4,2.88,2.88,0.21,0.2,0 11:52:38 12/06/20
0,99.9,26.3,2.88,2.88,0.15,0.14,1 11:58:07 12/06/20
0,99.9,27.1,2.88,2.88,0.21,0.2,0 12:03:37 12/06/20
7,99.9,27.7,2.88,2.88,0.15,0.14,1 12:09:07 12/06/20
0,99.9,28.0,2.88,2.88,0.2,0.19,0 12:14:36 12/06/20
0,99.9,28.4,2.88,2.88,0.15,0.14,1 12:20:06 12/06/20
0,99.9,28.7,2.88,2.88,0.2,0.19,0 12:25:36 12/06/20
0,99.9,29.1,2.88,2.88,0.15,0.14,1 12:31:06 12/06/20
0,99.9,29.8,2.88,2.88,0.21,0.2,0 12:36:36 12/06/20
0,99.9,30.8,2.88,2.88,0.15,0.14,1 12:42:06 12/06/20
0,99.9,31.7,2.88,2.88,0.21,0.2,0 12:47:37 12/06/20
0,99.9,32.6,2.88,2.88,0.15,0.14,1 12:53:08 12/06/20
0,99.9,32.9,2.88,2.88,0.21,0.2,0 12:58:38 12/06/20
0,99.9,33.0,2.88,2.88,0.15,0.14,1 13:04:09 12/06/20
0,99.9,33.6,2.88,2.88,0.22,0.2,0 13:09:40 12/06/20
0,99.9,34.2,2.88,2.88,0.15,0.14,1 13:15:09 12/06/20
0,99.6,34.9,2.88,2.88,0.21,0.2,0 13:20:41 12/06/20
0,92.4,34.7,2.88,2.88,0.15,0.14,1 13:26:11 12/06/20
0,92.9,34.2,2.88,2.88,0.22,0.2,0 13:31:43 12/06/20
0,92.0,33.4,2.88,2.88,0.15,0.14,1 13:37:12 12/06/20
0,91.7,32.4,2.88,2.88,0.18,0.18,0 13:42:41 12/06/20
0,93.3,31.7,2.88,2.88,0.15,0.14,1 13:48:13 12/06/20
0,95.6,31.6,2.88,2.88,0.21,0.2,0 13:53:44 12/06/20
0,93.2,31.3,2.88,2.88,0.13,0.13,1 13:59:13 12/06/20
0,94.8,30.9,2.88,2.88,0.21,0.2,0 14:04:44 12/06/20
0,93.7,30.5,2.88,2.88,0.16,0.16,0 14:10:18 12/06/20
0,93.1,29.9,2.88,2.89,0.15,0.14,1 14:15:54 12/06/20
0,93.4,29.3,2.88,2.88,0.21,0.2,0 14:21:24 12/06/20
0,94.2,28.7,2.88,2.89,0.15,0.14,1 14:26:54 12/06/20
0,94.9,28.5,2.88,2.88,0.21,0.2,0 14:32:24 12/06/20
0,94.9,28.4,2.88,2.89,0.15,0.14,1 14:37:55 12/06/20
0,95.5,28.2,2.88,2.88,0.21,0.2,0 14:43:24 12/06/20
0,96.1,28.2,2.88,2.89,0.16,0.14,1 14:48:55 12/06/20
0,96.4,28.3,2.88,2.89,0.2,0.19,0 14:54:24 12/06/20
0,96.2,28.3,2.88,2.89,0.15,0.14,1 14:59:53 12/06/20
0,96.3,28.3,2.88,2.89,0.2,0.2,0 15:05:23 12/06/20
0,96.6,28.3,2.88,2.89,0.15,0.14,1 15:10:53 12/06/20
0,96.3,28.3,2.88,2.89,0.2,0.2,0 15:16:23 12/06/20
0,96.1,28.2,2.88,2.89,0.15,0.14,1 15:21:54 12/06/20
0,95.5,28.0,2.88,2.89,0.21,0.2,0 15:27:24 12/06/20
0,95.0,27.9,2.88,2.89,0.15,0.14,1 15:32:53 12/06/20
0,95.6,27.8,2.88,2.89,0.18,0.18,0 15:38:21 12/06/20
0,95.9,28.2,2.88,2.89,0.14,0.13,1 15:43:52 12/06/20
0,93.9,28.5,2.88,2.89,0.2,0.2,0 15:49:23 12/06/20
0,95.0,28.6,2.88,2.89,0.15,0.14,1 15:54:52 12/06/20
0,94.1,28.7,2.88,2.89,0.2,0.2,0 16:00:22 12/06/20
0,93.7,28.6,2.88,2.89,0.15,0.14,1 16:05:52 12/06/20
0,94.1,28.3,2.88,2.89,0.2,0.2,0 16:11:22 12/06/20
0,94.2,28.0,2.88,2.89,0.15,0.14,1 16:16:52 12/06/20
0,93.2,27.6,2.88,2.89,0.2,0.19,0 16:22:22 12/06/20
0,93.0,27.3,2.89,2.89,0.15,0.14,1 16:27:52 12/06/20
0,91.7,26.8,2.89,2.89,0.21,0.2,0 16:33:22 12/06/20
0,90.6,26.4,2.89,2.9,0.14,0.13,1 16:38:50 12/06/20
0,91.5,26.0,2.89,2.89,0.21,0.2,0 16:44:22 12/06/20
0,91.5,25.6,2.89,2.9,0.15,0.14,1 16:49:51 12/06/20
0,91.6,25.2,2.89,2.89,0.2,0.19,0 16:55:20 12/06/20
0,92.3,24.8,2.89,2.9,0.15,0.14,1 17:00:50 12/06/20
0,92.9,24.7,2.89,2.89,0.2,0.19,0 17:06:19 12/06/20
0,93.5,24.6,2.89,2.9,0.15,0.14,1 17:11:49 12/06/20
0,93.6,24.6,2.89,2.9,0.2,0.2,0 17:17:19 12/06/20
0,93.7,24.5,2.89,2.9,0.15,0.14,1 17:22:48 12/06/20
0,93.7,24.4,2.89,2.9,0.2,0.2,0 17:28:17 12/06/20
0,94.1,24.3,2.89,2.9,0.15,0.14,1 17:33:46 12/06/20
0,94.2,24.2,2.89,2.9,0.2,0.2,0 17:39:16 12/06/20
0,94.7,24.3,2.89,2.9,0.15,0.14,1 17:44:45 12/06/20
0,95.0,24.3,2.89,2.9,0.21,0.2,0 17:50:16 12/06/20
0,94.8,24.3,2.89,2.9,0.15,0.14,1 17:55:45 12/06/20
0,94.7,24.1,2.88,2.89,0.2,0.19,0 18:01:13 12/06/20
0,94.7,23.9,2.89,2.9,0.15,0.14,1 18:06:43 12/06/20
0,94.8,23.6,2.89,2.9,0.2,0.19,0 18:12:12 12/06/20
0,94.9,23.4,2.89,2.9,0.15,0.14,1 18:17:42 12/06/20
0,94.9,23.3,2.89,2.9,0.2,0.2,0 18:23:11 12/06/20
0,95.3,23.2,2.89,2.9,0.15,0.14,1 18:28:41 12/06/20
0,95.3,23.0,2.89,2.9,0.2,0.19,0 18:34:09 12/06/20
0,95.4,22.9,2.89,2.9,0.15,0.14,1 18:39:39 12/06/20
0,96.1,22.8,2.89,2.9,0.11,0.11,1 18:45:12 12/06/20
0,96.3,22.8,2.89,2.9,0.2,0.2,0 18:50:46 12/06/20
0,95.9,22.9,2.89,2.9,0.15,0.14,1 18:56:15 12/06/20
0,96.0,23.0,2.89,2.9,0.2,0.19,0 19:01:44 12/06/20
0,96.1,23.1,2.89,2.9,0.15,0.14,1 19:07:14 12/06/20
0,95.9,23.2,2.89,2.9,0.2,0.2,0 19:12:43 12/06/20
0,96.0,23.3,2.89,2.9,0.14,0.13,1 19:18:12 12/06/20
0,95.8,23.3,2.89,2.9,0.2,0.19,0 19:23:41 12/06/20
0,96.0,23.3,2.89,2.9,0.15,0.14,1 19:29:11 12/06/20
0,95.9,23.3,2.89,2.9,0.17,0.17,0 19:34:39 12/06/20
0,96.1,23.3,2.89,2.9,0.15,0.14,1 19:40:10 12/06/20
0,96.0,23.3,2.89,2.9,0.2,0.19,0 19:45:39 12/06/20
0,95.9,23.3,2.89,2.9,0.15,0.14,1 19:51:08 12/06/20
0,95.9,23.2,2.89,2.9,0.2,0.19,0 19:56:38 12/06/20
0,96.1,23.1,2.89,2.9,0.14,0.13,1 20:02:08 12/06/20
0,96.1,23.0,2.89,2.9,0.2,0.19,0 20:07:36 12/06/20
0,96.1,22.9,2.89,2.9,0.15,0.14,1 20:13:05 12/06/20
0,95.9,22.7,2.89,2.9,0.2,0.19,0 20:18:35 12/06/20
0,95.8,22.6,2.89,2.9,0.14,0.13,1 20:24:03 12/06/20
0,95.8,22.5,2.89,2.9,0.2,0.19,0 20:29:33 12/06/20
0,95.8,22.3,2.89,2.9,0.15,0.14,1 20:35:02 12/06/20
0,95.8,22.1,2.89,2.9,0.21,0.19,0 20:40:32 12/06/20
0,96.0,22.0,2.89,2.9,0.15,0.14,1 20:46:00 12/06/20
0,96.0,21.8,2.89,2.9,0.2,0.19,0 20:51:30 12/06/20
0,96.2,21.6,2.89,2.9,0.13,0.12,1 20:56:57 12/06/20
0,96.1,21.4,2.89,2.9,0.2,0.19,0 21:02:28 12/06/20
0,96.2,21.1,2.89,2.9,0.14,0.13,1 21:07:56 12/06/20
0,96.0,20.9,2.89,2.9,0.2,0.19,0 21:13:25 12/06/20
0,96.5,20.6,2.89,2.9,0.14,0.13,1 21:18:54 12/06/20
0,96.8,20.3,2.89,2.9,0.2,0.19,0 21:24:24 12/06/20
0,98.2,20.0,2.89,2.9,0.15,0.14,1 21:29:52 12/06/20
0,99.3,19.5,2.89,2.9,0.2,0.19,0 21:35:21 12/06/20
0,99.3,19.1,2.89,2.9,0.15,0.14,1 21:40:51 12/06/20
0,99.9,18.8,2.89,2.9,0.2,0.18,0 21:46:18 12/06/20
0,99.9,18.4,2.89,2.9,0.15,0.14,1 21:51:48 12/06/20
0,99.2,18.0,2.89,2.9,0.2,0.19,0 21:57:16 12/06/20
0,99.9,17.8,2.89,2.9,0.14,0.13,1 22:02:44 12/06/20
0,99.9,17.5,2.89,2.9,0.2,0.19,0 22:08:14 12/06/20
0,99.9,17.4,2.89,2.9,0.15,0.14,1 22:13:42 12/06/20
0,99.9,17.2,2.89,2.9,0.2,0.18,0 22:19:10 12/06/20
0,99.9,17.1,2.89,2.9,0.15,0.14,1 22:24:39 12/06/20
0,99.9,17.0,2.89,2.9,0.19,0.18,0 22:30:07 12/06/20
0,99.9,16.9,2.89,2.9,0.15,0.14,1 22:35:36 12/06/20
0,99.9,16.9,2.89,2.9,0.19,0.18,0 22:41:04 12/06/20
0,99.9,16.8,2.89,2.9,0.15,0.14,1 22:46:34 12/06/20
0,99.9,16.7,2.89,2.9,0.2,0.19,0 22:52:02 12/06/20
0,99.9,16.7,2.89,2.9,0.15,0.14,1 22:57:31 12/06/20
0,99.9,16.6,2.89,2.9,0.2,0.19,0 23:03:00 12/06/20
0,99.9,16.6,2.89,2.9,0.15,0.14,1 23:08:28 12/06/20
0,99.9,16.5,2.89,2.9,0.12,0.11,1 23:13:59 12/06/20
0,99.9,16.5,2.89,2.9,0.2,0.19,0 23:19:33 12/06/20
0,99.9,16.4,2.89,2.9,0.14,0.13,1 23:25:01 12/06/20
0,99.9,16.4,2.89,2.9,0.2,0.19,0 23:30:30 12/06/20
0,99.9,16.4,2.89,2.9,0.14,0.13,1 23:35:58 12/06/20
0,99.9,16.3,2.89,2.9,0.2,0.19,0 23:41:27 12/06/20
0,99.9,16.2,2.89,2.9,0.14,0.13,1 23:46:55 12/06/20
0,99.9,16.2,2.89,2.9,0.2,0.19,0 23:52:24 12/06/20
0,99.9,16.1,2.89,2.9,0.14,0.13,1 23:57:52 12/06/20
