0,87.0,17.2,2.91,2.92,0.15,0.14,1 00:03:04 17/06/20
0,88.1,17.1,2.91,2.92,0.2,0.19,0 00:08:33 17/06/20
0,87.3,17.0,2.91,2.92,0.15,0.14,1 00:14:01 17/06/20
0,87.3,16.9,2.91,2.92,0.2,0.2,0 00:19:30 17/06/20
0,88.0,16.9,2.91,2.92,0.14,0.14,1 00:24:58 17/06/20
0,87.5,16.8,2.91,2.92,0.2,0.2,0 00:30:28 17/06/20
0,87.2,16.7,2.91,2.92,0.15,0.14,1 00:35:57 17/06/20
0,86.4,16.6,2.91,2.92,0.2,0.2,0 00:41:25 17/06/20
0,86.0,16.5,2.91,2.92,0.15,0.14,1 00:46:53 17/06/20
0,89.4,16.5,2.91,2.92,0.2,0.2,0 00:52:21 17/06/20
0,86.8,16.4,2.91,2.92,0.15,0.14,1 00:57:50 17/06/20
0,89.2,16.4,2.91,2.92,0.2,0.2,0 01:03:18 17/06/20
0,86.7,16.4,2.91,2.92,0.15,0.14,1 01:08:48 17/06/20
0,86.7,16.3,2.91,2.92,0.2,0.19,0 01:14:16 17/06/20
0,86.8,16.3,2.91,2.92,0.15,0.14,1 01:19:45 17/06/20
0,90.0,16.3,2.91,2.91,0.18,0.18,0 01:25:12 17/06/20
0,90.9,16.3,2.91,2.92,0.15,0.14,1 01:30:41 17/06/20
0,92.3,16.3,2.91,2.91,0.2,0.2,0 01:36:10 17/06/20
0,91.7,16.3,2.91,2.92,0.15,0.14,1 01:41:39 17/06/20
0,92.5,16.3,2.91,2.91,0.2,0.2,0 01:47:07 17/06/20
0,94.0,16.3,2.91,2.92,0.15,0.14,1 01:52:35 17/06/20
0,93.0,16.3,2.91,2.91,0.21,0.2,0 01:58:04 17/06/20
0,91.8,16.2,2.91,2.92,0.15,0.14,1 02:03:32 17/06/20
0,90.8,16.2,2.91,2.91,0.21,0.2,0 02:09:01 17/06/20
0,90.1,16.1,2.91,2.92,0.15,0.14,1 02:14:29 17/06/20
0,89.9,16.0,2.91,2.91,0.21,0.2,0 02:19:58 17/06/20
0,91.1,16.0,2.91,2.91,0.15,0.14,1 02:25:27 17/06/20
0,91.4,16.0,2.91,2.91,0.21,0.2,0 02:30:56 17/06/20
0,92.8,16.0,2.91,2.91,0.15,0.14,1 02:36:25 17/06/20
0,90.9,16.0,2.91,2.91,0.21,0.2,0 02:41:53 17/06/20
0,93.1,16.1,2.91,2.91,0.15,0.14,1 02:47:22 17/06/20
0,91.3,16.1,2.91,2.91,0.2,0.19,0 02:52:49 17/06/20
0,91.0,16.1,2.91,2.91,0.15,0.14,1 02:58:18 17/06/20
0,91.3,16.1,2.91,2.91,0.2,0.19,0 03:03:46 17/06/20
0,91.7,16.1,2.91,2.91,0.15,0.14,1 03:09:15 17/06/20
0,90.7,16.1,2.91,2.91,0.2,0.19,0 03:14:43 17/06/20
0,90.6,16.1,2.91,2.91,0.15,0.14,1 03:20:12 17/06/20
0,92.3,16.1,2.91,2.91,0.2,0.19,0 03:25:40 17/06/20
0,90.9,16.1,2.91,2.91,0.15,0.14,1 03:31:09 17/06/20
0,91.1,16.1,2.91,2.91,0.2,0.19,0 03:36:37 17/06/20
0,90.7,16.1,2.91,2.91,0.15,0.14,1 03:42:06 17/06/20
0,90.6,16.0,2.91,2.91,0.2,0.19,0 03:47:34 17/06/20
0,90.4,16.0,2.91,2.91,0.15,0.14,1 03:53:03 17/06/20
0,90.4,16.0,2.91,2.91,0.2,0.19,0 03:58:31 17/06/20
0,90.3,15.9,2.91,2.91,0.15,0.14,1 04:04:00 17/06/20
0,90.5,15.8,2.91,2.91,0.2,0.19,0 04:09:28 17/06/20
0,90.5,15.8,2.91,2.91,0.15,0.14,1 04:14:57 17/06/20
0,90.4,15.7,2.91,2.91,0.2,0.19,0 04:20:25 17/06/20
0,90.6,15.7,2.91,2.91,0.15,0.14,1 04:25:54 17/06/20
0,91.8,15.6,2.91,2.91,0.2,0.19,0 04:31:22 17/06/20
0,90.9,15.6,2.91,2.91,0.15,0.14,1 04:36:51 17/06/20
0,90.8,15.5,2.9,2.91,0.18,0.17,0 04:42:18 17/06/20
0,90.6,15.4,2.91,2.91,0.16,0.15,1 04:47:49 17/06/20
0,90.6,15.3,2.91,2.91,0.21,0.2,0 04:53:17 17/06/20
0,90.8,15.3,2.91,2.91,0.16,0.16,0 04:58:48 17/06/20
0,90.8,15.2,2.91,2.91,0.15,0.14,1 05:04:22 17/06/20
0,90.7,15.2,2.9,2.91,0.2,0.19,0 05:09:50 17/06/20
0,91.6,15.1,2.91,2.91,0.15,0.14,1 05:15:19 17/06/20
0,91.2,15.2,2.91,2.91,0.2,0.19,0 05:20:47 17/06/20
0,91.4,15.2,2.9,2.91,0.15,0.14,1 05:26:16 17/06/20
0,93.3,15.2,2.91,2.91,0.21,0.2,0 05:31:44 17/06/20
0,92.4,15.2,2.9,2.91,0.15,0.14,1 05:37:12 17/06/20
0,92.2,15.3,2.9,2.91,0.18,0.17,0 05:42:39 17/06/20
0,92.7,15.3,2.9,2.91,0.15,0.14,1 05:48:09 17/06/20
0,93.9,15.4,2.9,2.91,0.18,0.17,0 05:53:36 17/06/20
0,94.1,15.5,2.9,2.91,0.15,0.14,1 05:59:06 17/06/20
0,93.6,15.5,2.9,2.91,0.21,0.2,0 06:04:35 17/06/20
7,94.2,15.6,2.9,2.91,0.15,0.14,1 06:10:03 17/06/20
0,95.7,15.7,2.9,2.91,0.21,0.2,0 06:15:33 17/06/20
0,94.3,15.8,2.9,2.91,0.15,0.14,1 06:21:01 17/06/20
0,94.4,15.9,2.9,2.91,0.21,0.2,0 06:26:30 17/06/20
0,96.2,16.0,2.9,2.91,0.15,0.14,1 06:31:58 17/06/20
0,96.6,16.2,2.9,2.91,0.12,0.12,1 06:37:29 17/06/20
0,96.6,16.3,2.9,2.9,0.21,0.2,0 06:43:04 17/06/20
0,95.8,16.5,2.9,2.91,0.15,0.14,1 06:48:32 17/06/20
0,96.6,16.6,2.9,2.88,0.22,0.2,0 06:54:01 17/06/20
0,96.1,16.8,2.9,2.91,0.15,0.14,1 06:59:29 17/06/20
0,96.3,17.0,2.9,2.9,0.21,0.19,0 07:04:57 17/06/20
0,96.5,17.2,2.9,2.91,0.15,0.14,1 07:10:26 17/06/20
0,96.5,17.4,2.9,2.9,0.21,0.19,0 07:15:54 17/06/20
0,97.1,17.6,2.9,2.91,0.15,0.14,1 07:21:24 17/06/20
0,96.7,17.8,2.9,2.9,0.21,0.2,0 07:26:52 17/06/20
0,96.6,18.0,2.9,2.91,0.15,0.14,1 07:32:20 17/06/20
0,95.8,18.2,2.9,2.9,0.21,0.19,0 07:37:49 17/06/20
0,95.9,18.3,2.9,2.91,0.15,0.15,1 07:43:18 17/06/20
0,96.2,18.5,2.9,2.91,0.12,0.12,1 07:48:50 17/06/20
0,96.3,18.7,2.9,2.9,0.21,0.2,0 07:54:24 17/06/20
0,95.8,18.9,2.9,2.9,0.15,0.14,1 07:59:54 17/06/20
0,95.6,19.0,2.9,2.9,0.21,0.2,0 08:05:22 17/06/20
0,95.6,19.2,2.9,2.9,0.15,0.14,1 08:10:51 17/06/20
0,95.7,19.4,2.9,2.9,0.21,0.2,0 08:16:20 17/06/20
0,95.9,19.6,2.9,2.9,0.16,0.15,1 08:21:50 17/06/20
0,96.1,19.9,2.9,2.9,0.21,0.19,0 08:27:17 17/06/20
0,96.3,20.1,2.9,2.9,0.15,0.14,1 08:32:46 17/06/20
0,96.5,20.3,2.9,2.9,0.21,0.19,0 08:38:15 17/06/20
0,96.7,20.5,2.9,2.9,0.15,0.15,1 08:43:45 17/06/20
0,97.1,20.7,2.9,2.9,0.21,0.19,0 08:49:13 17/06/20
0,97.2,20.9,2.9,2.9,0.15,0.14,1 08:54:42 17/06/20
0,97.2,21.1,2.9,2.9,0.21,0.19,0 09:00:11 17/06/20
0,97.3,21.3,2.9,2.9,0.15,0.14,1 09:05:40 17/06/20
0,97.5,21.5,2.9,2.9,0.21,0.2,0 09:11:09 17/06/20
0,97.3,21.6,2.9,2.9,0.16,0.15,1 09:16:40 17/06/20
0,97.3,21.8,2.9,2.9,0.21,0.2,0 09:22:08 17/06/20
0,97.6,21.9,2.9,2.9,0.16,0.15,1 09:27:37 17/06/20
0,97.8,22.1,2.9,2.9,0.21,0.2,0 09:33:07 17/06/20
0,98.3,22.4,2.9,2.9,0.15,0.14,1 09:38:35 17/06/20
0,98.4,22.8,2.9,2.9,0.21,0.2,0 09:44:04 17/06/20
0,98.6,23.2,2.9,2.9,0.16,0.15,1 09:49:34 17/06/20
0,98.3,23.5,2.9,2.9,0.21,0.2,0 09:55:04 17/06/20
0,98.3,23.7,2.9,2.9,0.15,0.14,1 10:00:32 17/06/20
0,98.0,24.0,2.9,2.9,0.21,0.2,0 10:06:02 17/06/20
0,97.7,24.1,2.9,2.9,0.15,0.14,1 10:11:31 17/06/20
0,97.6,24.2,2.9,2.9,0.22,0.2,0 10:17:02 17/06/20
0,97.4,24.3,2.9,2.9,0.16,0.15,1 10:22:31 17/06/20
0,97.5,24.3,2.9,2.9,0.21,0.2,0 10:28:00 17/06/20
0,97.2,24.4,2.9,2.91,0.16,0.15,1 10:33:30 17/06/20
0,97.1,24.3,2.9,2.9,0.21,0.2,0 10:38:58 17/06/20
0,97.2,24.3,2.9,2.9,0.16,0.15,1 10:44:28 17/06/20
0,97.2,24.3,2.9,2.9,0.21,0.2,0 10:49:57 17/06/20
0,97.3,24.5,2.9,2.9,0.16,0.15,1 10:55:27 17/06/20
0,97.6,24.7,2.9,2.9,0.21,0.2,0 11:00:56 17/06/20
0,97.2,24.8,2.9,2.9,0.16,0.15,1 11:06:26 17/06/20
0,97.2,24.9,2.9,2.9,0.21,0.2,0 11:11:55 17/06/20
0,97.4,25.0,2.9,2.91,0.16,0.15,1 11:17:25 17/06/20
0,97.8,25.2,2.9,2.9,0.21,0.2,0 11:22:54 17/06/20
0,97.8,25.4,2.9,2.91,0.16,0.15,1 11:28:24 17/06/20
0,97.6,25.6,2.9,2.9,0.21,0.2,0 11:33:53 17/06/20
0,97.9,26.0,2.9,2.9,0.15,0.14,1 11:39:23 17/06/20
0,98.1,26.4,2.9,2.9,0.21,0.2,0 11:44:53 17/06/20
0,96.6,26.6,2.9,2.9,0.15,0.15,1 11:50:23 17/06/20
0,97.1,26.8,2.9,2.9,0.21,0.2,0 11:55:52 17/06/20
0,97.1,27.0,2.9,2.9,0.16,0.15,1 12:01:23 17/06/20
0,98.4,27.4,2.9,2.9,0.22,0.2,0 12:06:53 17/06/20
0,96.2,27.9,2.9,2.91,0.16,0.15,1 12:12:22 17/06/20
0,95.3,28.1,2.9,2.9,0.19,0.19,0 12:17:51 17/06/20
0,94.2,28.0,2.9,2.9,0.15,0.15,1 12:23:22 17/06/20
0,94.1,27.9,2.9,2.9,0.21,0.2,0 12:28:51 17/06/20
0,93.7,27.7,2.9,2.91,0.15,0.14,1 12:34:21 17/06/20
0,93.9,27.5,2.9,2.9,0.21,0.2,0 12:39:51 17/06/20
0,93.7,27.3,2.9,2.91,0.16,0.15,1 12:45:22 17/06/20
0,95.0,27.2,2.9,2.9,0.21,0.2,0 12:50:51 17/06/20
0,99.4,28.4,2.9,2.91,0.16,0.15,1 12:56:23 17/06/20
0,99.0,30.2,2.9,2.91,0.21,0.2,0 13:01:51 17/06/20
0,94.4,31.7,2.9,2.91,0.16,0.15,1 13:07:21 17/06/20
0,94.7,32.6,2.9,2.9,0.21,0.2,0 13:12:51 17/06/20
0,95.9,33.6,2.9,2.91,0.16,0.15,1 13:18:22 17/06/20
0,94.3,34.5,2.9,2.91,0.22,0.21,0 13:23:54 17/06/20
0,91.6,35.1,2.89,2.9,0.15,0.15,1 13:29:23 17/06/20
0,90.8,35.4,2.9,2.91,0.21,0.2,0 13:34:54 17/06/20
0,90.0,35.8,2.9,2.91,0.15,0.15,1 13:40:25 17/06/20
0,85.5,36.2,2.9,2.91,0.21,0.2,0 13:45:56 17/06/20
0,78.7,35.8,2.9,2.91,0.15,0.15,1 13:51:27 17/06/20
0,78.8,35.2,2.9,2.91,0.21,0.2,0 13:56:58 17/06/20
0,79.8,34.7,2.9,2.91,0.15,0.15,1 14:02:29 17/06/20
0,88.9,34.8,2.9,2.91,0.21,0.2,0 14:08:01 17/06/20
0,76.0,35.1,2.9,2.91,0.16,0.15,1 14:13:31 17/06/20
0,76.9,34.3,2.9,2.91,0.21,0.2,0 14:19:02 17/06/20
0,83.5,34.6,2.9,2.91,0.16,0.15,1 14:24:33 17/06/20
0,72.2,34.3,2.9,2.91,0.22,0.21,0 14:30:05 17/06/20
0,73.2,33.5,2.9,2.91,0.15,0.15,1 14:35:34 17/06/20
0,75.4,32.8,2.9,2.91,0.18,0.18,0 14:41:03 17/06/20
0,75.8,32.7,2.9,2.91,0.15,0.14,1 14:46:36 17/06/20
0,74.8,32.3,2.9,2.91,0.21,0.2,0 14:52:07 17/06/20
0,74.5,31.7,2.91,2.91,0.17,0.16,0 14:57:40 17/06/20
0,77.2,31.5,2.9,2.91,0.16,0.15,1 15:03:17 17/06/20
0,75.4,31.1,2.91,2.91,0.21,0.2,0 15:08:46 17/06/20
0,74.5,30.4,2.9,2.91,0.15,0.15,1 15:14:17 17/06/20
0,74.4,29.5,2.91,2.91,0.21,0.2,0 15:19:47 17/06/20
0,75.2,28.5,2.9,2.91,0.16,0.15,1 15:25:18 17/06/20
0,77.1,27.5,2.91,2.91,0.21,0.2,0 15:30:47 17/06/20
0,77.9,26.6,2.91,2.92,0.15,0.15,1 15:36:17 17/06/20
0,78.6,25.9,2.91,2.91,0.19,0.19,0 15:41:45 17/06/20
0,79.8,25.2,2.91,2.92,0.16,0.15,1 15:47:17 17/06/20
0,82.0,24.5,2.91,2.91,0.19,0.18,0 15:52:45 17/06/20
0,85.1,23.9,2.91,2.92,0.16,0.15,1 15:58:15 17/06/20
0,87.4,23.4,2.91,2.91,0.2,0.19,0 16:03:44 17/06/20
0,90.6,23.1,2.91,2.92,0.15,0.15,1 16:09:14 17/06/20
0,91.6,22.7,2.91,2.92,0.21,0.2,0 16:14:43 17/06/20
0,92.8,22.5,2.91,2.92,0.15,0.15,1 16:20:13 17/06/20
0,91.5,22.3,2.91,2.92,0.2,0.19,0 16:25:41 17/06/20
0,92.9,22.0,2.91,2.92,0.15,0.14,1 16:31:11 17/06/20
0,92.8,21.8,2.91,2.92,0.21,0.2,0 16:36:40 17/06/20
0,93.5,21.5,2.91,2.92,0.15,0.14,1 16:42:09 17/06/20
0,93.1,21.2,2.91,2.92,0.21,0.2,0 16:47:38 17/06/20
0,94.7,20.9,2.91,2.92,0.15,0.14,1 16:53:07 17/06/20
0,95.3,20.7,2.91,2.92,0.21,0.2,0 16:58:36 17/06/20
0,95.5,20.4,2.91,2.92,0.15,0.14,1 17:04:05 17/06/20
0,95.4,20.2,2.91,2.92,0.18,0.17,0 17:09:32 17/06/20
0,95.3,19.9,2.91,2.92,0.15,0.15,1 17:15:03 17/06/20
0,96.3,19.7,2.91,2.92,0.21,0.19,0 17:20:32 17/06/20
0,97.5,19.5,2.91,2.92,0.15,0.15,1 17:26:01 17/06/20
0,98.2,19.3,2.91,2.92,0.21,0.2,0 17:31:31 17/06/20
0,99.4,19.2,2.91,2.92,0.15,0.14,1 17:36:58 17/06/20
0,99.9,19.1,2.91,2.92,0.2,0.19,0 17:42:27 17/06/20
0,99.9,19.1,2.91,2.92,0.15,0.14,1 17:47:57 17/06/20
0,99.9,19.1,2.91,2.92,0.21,0.19,0 17:53:25 17/06/20
0,99.9,19.0,2.91,2.92,0.15,0.14,1 17:58:54 17/06/20
0,99.9,18.9,2.91,2.92,0.21,0.19,0 18:04:23 17/06/20
0,99.9,18.9,2.91,2.92,0.15,0.15,1 18:09:52 17/06/20
0,99.9,18.9,2.91,2.92,0.2,0.19,0 18:15:20 17/06/20
0,99.9,18.8,2.91,2.92,0.15,0.14,1 18:20:50 17/06/20
0,99.9,18.8,2.91,2.92,0.21,0.19,0 18:26:18 17/06/20
0,99.9,18.8,2.91,2.92,0.15,0.15,1 18:31:48 17/06/20
0,99.9,18.8,2.91,2.92,0.2,0.19,0 18:37:15 17/06/20
0,99.9,18.8,2.91,2.92,0.15,0.14,1 18:42:44 17/06/20
0,99.9,18.7,2.91,2.92,0.21,0.19,0 18:48:13 17/06/20
0,99.9,18.7,2.91,2.92,0.15,0.14,1 18:53:42 17/06/20
0,99.9,18.8,2.91,2.92,0.2,0.19,0 18:59:11 17/06/20
0,99.9,18.9,2.91,2.92,0.15,0.14,1 19:04:39 17/06/20
0,99.9,19.1,2.91,2.92,0.21,0.19,0 19:10:09 17/06/20
0,99.9,19.3,2.91,2.92,0.15,0.14,1 19:15:37 17/06/20
0,99.9,19.3,2.91,2.92,0.21,0.19,0 19:21:06 17/06/20
0,99.9,19.3,2.91,2.92,0.16,0.15,0 19:26:38 17/06/20
0,99.9,19.3,2.91,2.92,0.15,0.14,1 19:32:12 17/06/20
0,99.9,19.2,2.91,2.92,0.2,0.19,0 19:37:41 17/06/20
0,99.9,19.1,2.91,2.92,0.15,0.14,1 19:43:11 17/06/20
0,99.9,19.0,2.91,2.92,0.21,0.19,0 19:48:39 17/06/20
0,99.9,18.9,2.91,2.92,0.16,0.15,0 19:54:11 17/06/20
0,99.9,18.9,2.91,2.92,0.15,0.14,1 19:59:45 17/06/20
0,99.9,18.8,2.91,2.92,0.21,0.19,0 20:05:15 17/06/20
0,99.9,18.7,2.91,2.92,0.15,0.14,1 20:10:43 17/06/20
0,99.9,18.6,2.91,2.92,0.21,0.19,0 20:16:13 17/06/20
0,99.9,18.5,2.91,2.92,0.15,0.14,1 20:21:40 17/06/20
0,99.9,18.4,2.91,2.92,0.21,0.19,0 20:27:10 17/06/20
0,99.9,18.3,2.91,2.92,0.15,0.14,1 20:32:38 17/06/20
0,99.9,18.2,2.91,2.92,0.21,0.19,0 20:38:08 17/06/20
0,99.9,18.2,2.91,2.92,0.15,0.14,1 20:43:35 17/06/20
0,99.9,18.1,2.91,2.92,0.12,0.12,1 20:49:09 17/06/20
0,99.9,18.1,2.91,2.92,0.18,0.17,0 20:54:50 17/06/20
0,99.9,18.1,2.91,2.92,0.15,0.14,1 21:00:19 17/06/20
0,99.9,18.0,2.91,2.92,0.21,0.19,0 21:05:48 17/06/20
0,99.9,17.9,2.91,2.92,0.15,0.14,1 21:11:18 17/06/20
0,99.9,17.9,2.91,2.92,0.2,0.18,0 21:16:45 17/06/20
0,99.9,17.9,2.91,2.92,0.15,0.14,1 21:22:14 17/06/20
0,99.9,17.9,2.91,2.92,0.21,0.19,0 21:27:43 17/06/20
0,99.9,17.8,2.91,2.92,0.15,0.14,1 21:33:11 17/06/20
0,99.9,17.7,2.91,2.92,0.21,0.19,0 21:38:40 17/06/20
0,99.9,17.7,2.91,2.92,0.15,0.15,1 21:44:10 17/06/20
0,99.9,17.6,2.91,2.92,0.2,0.18,0 21:49:37 17/06/20
0,99.9,17.6,2.91,2.92,0.15,0.14,1 21:55:06 17/06/20
0,99.9,17.5,2.91,2.92,0.2,0.18,0 22:00:35 17/06/20
0,99.9,17.5,2.91,2.92,0.15,0.14,1 22:06:03 17/06/20
0,99.9,17.5,2.91,2.92,0.21,0.19,0 22:11:32 17/06/20
0,99.9,17.4,2.91,2.92,0.15,0.14,1 22:17:00 17/06/20
0,99.9,17.3,2.91,2.92,0.21,0.19,0 22:22:30 17/06/20
0,99.9,17.3,2.91,2.92,0.15,0.14,1 22:27:58 17/06/20
0,99.9,17.2,2.91,2.92,0.2,0.18,0 22:33:26 17/06/20
0,99.9,17.2,2.91,2.92,0.15,0.14,1 22:38:55 17/06/20
0,99.9,17.2,2.91,2.92,0.12,0.12,1 22:44:27 17/06/20
0,99.9,17.2,2.91,2.91,0.21,0.19,0 22:50:02 17/06/20
0,99.9,17.1,2.91,2.92,0.16,0.15,1 22:55:31 17/06/20
0,99.9,17.1,2.91,2.91,0.2,0.18,0 23:00:58 17/06/20
0,99.9,17.1,2.91,2.92,0.15,0.14,1 23:06:27 17/06/20
0,99.9,17.1,2.91,2.91,0.2,0.18,0 23:11:55 17/06/20
0,99.9,17.1,2.91,2.92,0.15,0.14,1 23:17:25 17/06/20
0,99.9,17.1,2.91,2.91,0.21,0.18,0 23:22:53 17/06/20
0,99.9,17.1,2.91,2.92,0.15,0.14,1 23:28:21 17/06/20
0,99.9,17.1,2.91,2.91,0.21,0.19,0 23:33:50 17/06/20
0,99.9,17.1,2.91,2.91,0.15,0.14,1 23:39:18 17/06/20
0,99.9,17.0,2.91,2.91,0.21,0.19,0 23:44:47 17/06/20
0,99.9,17.0,2.91,2.91,0.15,0.14,1 23:50:16 17/06/20
0,99.9,17.0,2.91,2.91,0.21,0.19,0 23:55:45 17/06/20
