0,99.9,17.0,2.91,2.92,0.15,0.15,1 00:01:13 18/06/20
7,99.9,17.0,2.91,2.91,0.2,0.18,0 00:06:41 18/06/20
0,99.9,17.0,2.91,2.91,0.15,0.14,1 00:12:10 18/06/20
0,99.9,17.0,2.91,2.91,0.2,0.18,0 00:17:38 18/06/20
0,99.9,17.0,2.91,2.91,0.16,0.14,1 00:23:08 18/06/20
0,99.9,17.0,2.91,2.91,0.21,0.19,0 00:28:37 18/06/20
0,99.9,16.9,2.91,2.91,0.15,0.14,1 00:34:04 18/06/20
0,99.9,16.9,2.91,2.91,0.21,0.19,0 00:39:33 18/06/20
0,99.9,16.9,2.91,2.91,0.15,0.14,1 00:45:01 18/06/20
0,99.9,16.9,2.91,2.91,0.21,0.19,0 00:50:30 18/06/20
0,99.9,16.9,2.91,2.91,0.15,0.14,1 00:55:58 18/06/20
0,99.9,16.8,2.91,2.91,0.21,0.18,0 01:01:28 18/06/20
0,99.9,16.8,2.91,2.91,0.16,0.15,0 01:06:59 18/06/20
0,99.9,16.8,2.91,2.91,0.16,0.15,1 01:12:34 18/06/20
0,99.9,16.8,2.91,2.91,0.21,0.19,0 01:18:03 18/06/20
0,99.9,16.7,2.91,2.91,0.15,0.14,1 01:23:30 18/06/20
0,99.9,16.7,2.91,2.91,0.21,0.19,0 01:28:59 18/06/20
0,99.9,16.6,2.91,2.91,0.15,0.14,1 01:34:27 18/06/20
0,99.9,16.6,2.91,2.91,0.21,0.19,0 01:39:56 18/06/20
0,99.9,16.6,2.91,2.91,0.15,0.14,1 01:45:24 18/06/20
0,99.9,16.5,2.91,2.91,0.21,0.19,0 01:50:53 18/06/20
0,99.9,16.5,2.91,2.91,0.15,0.14,1 01:56:21 18/06/20
0,99.9,16.4,2.91,2.91,0.21,0.19,0 02:01:50 18/06/20
0,99.9,16.4,2.91,2.91,0.15,0.14,1 02:07:18 18/06/20
0,99.9,16.3,2.91,2.91,0.21,0.19,0 02:12:47 18/06/20
0,99.9,16.3,2.91,2.91,0.15,0.14,1 02:18:15 18/06/20
0,99.9,16.2,2.91,2.91,0.21,0.19,0 02:23:44 18/06/20
0,99.9,16.2,2.91,2.91,0.15,0.14,1 02:29:12 18/06/20
0,99.9,16.1,2.91,2.91,0.21,0.19,0 02:34:41 18/06/20
0,99.9,16.1,2.91,2.91,0.15,0.14,1 02:40:09 18/06/20
0,99.9,16.1,2.91,2.91,0.12,0.12,1 02:45:42 18/06/20
0,99.9,16.0,2.9,2.91,0.16,0.16,0 02:51:13 18/06/20
0,99.9,16.0,2.91,2.91,0.16,0.15,1 02:56:45 18/06/20
0,99.9,15.9,2.91,2.91,0.21,0.19,0 03:02:13 18/06/20
0,99.9,15.9,2.91,2.91,0.15,0.14,1 03:07:41 18/06/20
0,99.9,15.8,2.91,2.91,0.21,0.19,0 03:13:09 18/06/20
0,99.9,15.8,2.9,2.91,0.15,0.14,1 03:18:37 18/06/20
0,99.9,15.8,2.91,2.91,0.21,0.19,0 03:24:06 18/06/20
0,99.9,15.8,2.91,2.91,0.15,0.14,1 03:29:34 18/06/20
0,99.9,15.7,2.91,2.91,0.21,0.19,0 03:35:03 18/06/20
0,99.9,15.7,2.9,2.91,0.15,0.14,1 03:40:31 18/06/20
0,99.9,15.6,2.91,2.91,0.13,0.12,1 03:46:03 18/06/20
0,99.9,15.6,2.9,2.91,0.21,0.19,0 03:51:37 18/06/20
0,99.9,15.6,2.91,2.91,0.15,0.14,1 03:57:05 18/06/20
0,99.9,15.6,2.9,2.91,0.21,0.19,0 04:02:34 18/06/20
0,99.9,15.6,2.9,2.91,0.15,0.14,1 04:08:02 18/06/20
0,99.9,15.5,2.9,2.91,0.22,0.19,0 04:13:32 18/06/20
0,99.9,15.5,2.9,2.91,0.16,0.15,1 04:18:59 18/06/20
0,99.9,15.5,2.9,2.91,0.21,0.18,0 04:24:27 18/06/20
0,99.9,15.5,2.9,2.91,0.16,0.15,1 04:29:56 18/06/20
0,99.9,15.5,2.9,2.91,0.21,0.18,0 04:35:24 18/06/20
0,99.9,15.4,2.9,2.91,0.16,0.15,1 04:40:54 18/06/20
0,99.9,15.4,2.91,2.91,0.21,0.19,0 04:46:21 18/06/20
0,99.9,15.3,2.9,2.91,0.15,0.14,1 04:51:49 18/06/20
0,99.9,15.3,2.9,2.91,0.21,0.19,0 04:57:18 18/06/20
0,99.9,15.3,2.9,2.91,0.15,0.14,1 05:02:46 18/06/20
0,99.9,15.3,2.9,2.91,0.19,0.17,0 05:08:14 18/06/20
0,99.9,15.3,2.9,2.91,0.16,0.15,1 05:13:43 18/06/20
0,99.9,15.3,2.9,2.91,0.21,0.18,0 05:19:11 18/06/20
0,99.9,15.3,2.9,2.91,0.16,0.15,1 05:24:40 18/06/20
0,99.9,15.3,2.9,2.91,0.21,0.19,0 05:30:09 18/06/20
0,99.9,15.3,2.9,2.91,0.15,0.14,1 05:35:37 18/06/20
0,99.9,15.3,2.9,2.91,0.21,0.19,0 05:41:06 18/06/20
0,99.9,15.3,2.9,2.91,0.15,0.14,1 05:46:33 18/06/20
0,99.9,15.3,2.9,2.9,0.21,0.19,0 05:52:02 18/06/20
0,99.9,15.3,2.9,2.91,0.16,0.15,1 05:57:31 18/06/20
0,99.9,15.3,2.9,2.9,0.21,0.19,0 06:02:58 18/06/20
0,99.9,15.2,2.9,2.91,0.16,0.15,1 06:08:27 18/06/20
0,99.9,15.2,2.9,2.9,0.21,0.19,0 06:13:55 18/06/20
0,99.9,15.2,2.9,2.91,0.16,0.15,0 06:19:27 18/06/20
0,99.9,15.2,2.9,2.91,0.16,0.15,1 06:25:01 18/06/20
0,99.9,15.2,2.9,2.9,0.21,0.19,0 06:30:29 18/06/20
0,99.9,15.2,2.9,2.91,0.16,0.15,1 06:35:59 18/06/20
0,99.9,15.3,2.9,2.9,0.21,0.19,0 06:41:26 18/06/20
0,99.9,15.3,2.9,2.9,0.15,0.14,1 06:46:54 18/06/20
0,99.9,15.4,2.9,2.9,0.21,0.19,0 06:52:23 18/06/20
0,99.9,15.4,2.9,2.9,0.16,0.15,1 06:57:52 18/06/20
0,99.9,15.5,2.9,2.9,0.21,0.19,0 07:03:20 18/06/20
0,99.9,15.5,2.9,2.9,0.16,0.15,1 07:08:48 18/06/20
0,99.9,15.6,2.9,2.9,0.21,0.19,0 07:14:16 18/06/20
0,99.9,15.6,2.9,2.91,0.16,0.15,1 07:19:45 18/06/20
0,99.9,15.6,2.9,2.9,0.21,0.19,0 07:25:14 18/06/20
0,99.9,15.7,2.9,2.9,0.16,0.15,1 07:30:43 18/06/20
0,99.9,15.9,2.9,2.9,0.21,0.19,0 07:36:11 18/06/20
0,99.9,16.1,2.9,2.9,0.15,0.14,1 07:41:38 18/06/20
0,99.9,16.2,2.9,2.9,0.21,0.19,0 07:47:07 18/06/20
0,99.9,16.3,2.9,2.9,0.15,0.14,1 07:52:35 18/06/20
0,99.9,16.4,2.9,2.9,0.21,0.19,0 07:58:04 18/06/20
0,99.9,16.6,2.9,2.9,0.15,0.14,1 08:03:32 18/06/20
0,99.9,16.8,2.9,2.9,0.21,0.19,0 08:09:01 18/06/20
0,99.9,16.9,2.9,2.9,0.15,0.14,1 08:14:29 18/06/20
0,99.9,17.0,2.9,2.9,0.21,0.19,0 08:19:59 18/06/20
0,99.9,17.1,2.9,2.9,0.16,0.15,1 08:25:28 18/06/20
1,99.9,17.2,2.9,2.9,0.21,0.19,0 08:30:55 18/06/20
0,99.9,17.4,2.9,2.9,0.16,0.15,1 08:36:24 18/06/20
0,99.9,17.6,2.9,2.9,0.21,0.19,0 08:41:52 18/06/20
0,99.9,17.8,2.9,2.9,0.16,0.15,1 08:47:21 18/06/20
0,99.9,18.0,2.9,2.9,0.22,0.19,0 08:52:51 18/06/20
0,99.9,18.2,2.9,2.9,0.15,0.14,1 08:58:18 18/06/20
0,99.9,18.4,2.9,2.9,0.21,0.19,0 09:03:47 18/06/20
0,99.9,18.6,2.9,2.9,0.16,0.15,1 09:09:16 18/06/20
0,99.9,18.8,2.9,2.9,0.21,0.19,0 09:14:44 18/06/20
0,99.9,19.2,2.9,2.9,0.15,0.14,1 09:20:13 18/06/20
0,99.9,19.5,2.9,2.9,0.22,0.19,0 09:25:43 18/06/20
0,99.9,19.7,2.9,2.9,0.16,0.15,1 09:31:11 18/06/20
0,99.9,19.9,2.9,2.9,0.22,0.19,0 09:36:40 18/06/20
3,99.9,20.1,2.9,2.9,0.16,0.15,1 09:42:09 18/06/20
0,99.9,20.3,2.9,2.9,0.21,0.19,0 09:47:38 18/06/20
0,99.9,20.4,2.9,2.9,0.14,0.14,1 09:53:14 18/06/20
0,99.9,20.5,2.9,2.9,0.21,0.18,0 09:58:44 18/06/20
0,99.9,20.5,2.9,2.9,0.15,0.14,1 10:04:13 18/06/20
0,99.9,20.6,2.9,2.9,0.21,0.19,0 10:09:42 18/06/20
0,99.9,20.6,2.9,2.9,0.16,0.15,1 10:15:13 18/06/20
0,99.9,20.7,2.9,2.9,0.21,0.19,0 10:20:41 18/06/20
0,99.9,20.8,2.9,2.9,0.16,0.15,1 10:26:10 18/06/20
0,99.9,21.0,2.9,2.9,0.21,0.19,0 10:31:39 18/06/20
0,99.9,21.4,2.9,2.9,0.16,0.15,1 10:37:08 18/06/20
0,99.9,21.7,2.9,2.9,0.21,0.19,0 10:42:37 18/06/20
0,99.9,21.7,2.9,2.9,0.16,0.15,1 10:48:06 18/06/20
0,99.9,21.7,2.9,2.9,0.21,0.19,0 10:53:34 18/06/20
0,99.9,21.7,2.9,2.9,0.15,0.15,1 10:59:03 18/06/20
0,99.9,21.8,2.9,2.9,0.13,0.12,1 11:04:36 18/06/20
0,99.9,22.2,2.9,2.9,0.13,0.12,1 11:10:14 18/06/20
0,99.9,22.6,2.9,2.9,0.22,0.2,0 11:15:49 18/06/20
0,99.9,23.0,2.9,2.9,0.16,0.15,1 11:21:18 18/06/20
0,99.9,23.1,2.9,2.9,0.22,0.19,0 11:26:48 18/06/20
0,99.9,22.9,2.9,2.9,0.15,0.15,1 11:32:16 18/06/20
0,99.9,22.7,2.9,2.9,0.13,0.12,1 11:37:49 18/06/20
0,99.9,22.5,2.9,2.9,0.22,0.2,0 11:43:24 18/06/20
0,99.9,22.7,2.9,2.9,0.16,0.15,1 11:48:53 18/06/20
0,99.9,22.8,2.9,2.9,0.22,0.2,0 11:54:30 18/06/20
0,99.9,23.2,2.9,2.9,0.15,0.14,1 12:00:00 18/06/20
0,99.9,23.8,2.9,2.9,0.22,0.2,0 12:05:31 18/06/20
0,99.9,24.1,2.9,2.9,0.16,0.15,1 12:10:59 18/06/20
0,99.9,24.1,2.9,2.9,0.21,0.19,0 12:16:28 18/06/20
0,99.9,24.1,2.9,2.9,0.16,0.15,1 12:21:58 18/06/20
0,99.9,24.1,2.9,2.9,0.21,0.2,0 12:27:28 18/06/20
0,99.9,23.9,2.9,2.9,0.15,0.15,1 12:32:56 18/06/20
0,99.9,23.6,2.9,2.9,0.22,0.2,0 12:38:26 18/06/20
0,99.9,23.3,2.9,2.9,0.16,0.15,1 12:43:56 18/06/20
0,99.9,23.3,2.9,2.9,0.21,0.19,0 12:49:24 18/06/20
0,99.9,23.5,2.9,2.9,0.17,0.16,0 12:54:57 18/06/20
0,99.9,23.8,2.9,2.9,0.16,0.15,1 13:00:32 18/06/20
0,99.9,25.2,2.9,2.9,0.21,0.19,0 13:06:01 18/06/20
0,99.9,27.0,2.9,2.9,0.16,0.15,1 13:11:31 18/06/20
0,99.9,28.7,2.9,2.9,0.22,0.2,0 13:17:02 18/06/20
0,99.9,30.1,2.9,2.9,0.15,0.15,1 13:22:31 18/06/20
0,98.6,29.7,2.9,2.9,0.22,0.2,0 13:28:01 18/06/20
0,97.5,28.8,2.9,2.9,0.16,0.15,1 13:33:32 18/06/20
0,97.6,27.7,2.9,2.9,0.22,0.2,0 13:39:02 18/06/20
0,99.0,26.8,2.9,2.9,0.15,0.15,1 13:44:30 18/06/20
0,99.9,26.0,2.9,2.9,0.22,0.2,0 13:50:00 18/06/20
0,99.9,25.6,2.9,2.91,0.15,0.15,1 13:55:37 18/06/20
0,99.9,25.7,2.9,2.9,0.21,0.19,0 14:01:08 18/06/20
0,99.9,25.6,2.9,2.9,0.16,0.15,1 14:06:39 18/06/20
0,99.9,25.6,2.9,2.9,0.21,0.2,0 14:12:08 18/06/20
0,99.9,25.8,2.9,2.9,0.16,0.15,1 14:17:37 18/06/20
0,99.9,26.1,2.9,2.9,0.17,0.16,0 14:23:04 18/06/20
0,99.9,27.3,2.9,2.91,0.16,0.15,1 14:28:36 18/06/20
0,99.9,29.3,2.9,2.91,0.21,0.19,0 14:34:06 18/06/20
0,99.9,31.3,2.9,2.91,0.16,0.15,1 14:39:36 18/06/20
0,99.9,33.0,2.9,2.9,0.17,0.16,0 14:45:04 18/06/20
0,99.9,34.1,2.9,2.91,0.16,0.15,1 14:50:38 18/06/20
0,99.9,35.1,2.9,2.91,0.22,0.2,0 14:56:09 18/06/20
0,95.0,35.8,2.9,2.91,0.15,0.15,1 15:01:39 18/06/20
0,94.0,36.2,2.9,2.91,0.21,0.19,0 15:07:10 18/06/20
0,94.3,36.6,2.9,2.91,0.16,0.15,1 15:12:42 18/06/20
0,91.9,36.8,2.9,2.91,0.21,0.2,0 15:18:12 18/06/20
0,89.8,37.0,2.9,2.91,0.16,0.15,1 15:23:43 18/06/20
0,83.3,37.2,2.9,2.91,0.21,0.19,0 15:29:14 18/06/20
0,90.4,37.5,2.9,2.91,0.15,0.15,1 15:34:45 18/06/20
0,75.5,37.8,2.9,2.91,0.21,0.2,0 15:40:17 18/06/20
0,75.5,37.8,2.9,2.91,0.16,0.15,1 15:45:49 18/06/20
0,69.9,37.4,2.9,2.91,0.21,0.19,0 15:51:19 18/06/20
0,67.1,37.2,2.9,2.91,0.16,0.15,1 15:56:51 18/06/20
0,66.2,36.2,2.9,2.91,0.21,0.2,0 16:02:22 18/06/20
0,65.6,34.5,2.9,2.91,0.16,0.15,1 16:07:53 18/06/20
0,68.2,32.9,2.9,2.91,0.21,0.19,0 16:13:24 18/06/20
0,69.1,31.7,2.9,2.91,0.15,0.14,1 16:19:00 18/06/20
0,75.8,31.0,2.9,2.91,0.21,0.19,0 16:24:33 18/06/20
0,78.0,31.5,2.9,2.91,0.16,0.15,1 16:30:04 18/06/20
0,72.8,31.3,2.9,2.91,0.17,0.16,0 16:35:32 18/06/20
0,78.2,31.1,2.9,2.91,0.17,0.16,0 16:41:08 18/06/20
0,77.9,31.7,2.9,2.92,0.16,0.15,1 16:46:44 18/06/20
0,73.3,31.5,2.9,2.91,0.21,0.19,0 16:52:14 18/06/20
0,74.9,31.0,2.91,2.92,0.16,0.15,1 16:57:46 18/06/20
0,74.8,30.8,2.9,2.91,0.21,0.19,0 17:03:15 18/06/20
0,74.5,31.0,2.9,2.92,0.15,0.14,1 17:08:45 18/06/20
0,76.6,31.5,2.9,2.92,0.22,0.19,0 17:14:17 18/06/20
0,71.5,32.1,2.91,2.92,0.16,0.15,1 17:19:47 18/06/20
0,65.9,31.4,2.91,2.92,0.21,0.19,0 17:25:17 18/06/20
0,66.2,30.1,2.91,2.92,0.16,0.15,1 17:30:47 18/06/20
0,65.3,28.4,2.91,2.92,0.21,0.19,0 17:36:17 18/06/20
0,68.4,26.4,2.91,2.92,0.16,0.15,1 17:41:47 18/06/20
0,71.4,25.1,2.91,2.92,0.21,0.19,0 17:47:16 18/06/20
0,73.7,24.1,2.91,2.92,0.15,0.15,1 17:52:46 18/06/20
0,76.3,23.5,2.91,2.92,0.21,0.19,0 17:58:15 18/06/20
0,77.2,23.2,2.91,2.92,0.15,0.14,1 18:03:44 18/06/20
0,76.9,23.1,2.91,2.92,0.21,0.19,0 18:09:14 18/06/20
0,78.5,23.1,2.91,2.92,0.15,0.14,1 18:14:49 18/06/20
0,80.1,23.3,2.91,2.92,0.2,0.18,0 18:20:21 18/06/20
0,80.4,23.4,2.91,2.92,0.15,0.14,1 18:25:51 18/06/20
0,81.0,23.7,2.91,2.92,0.21,0.19,0 18:31:20 18/06/20
0,80.7,24.0,2.91,2.92,0.15,0.14,1 18:36:49 18/06/20
0,80.7,24.3,2.91,2.92,0.21,0.19,0 18:42:20 18/06/20
0,79.9,24.5,2.91,2.92,0.15,0.14,1 18:47:49 18/06/20
0,79.7,24.5,2.91,2.92,0.21,0.19,0 18:53:19 18/06/20
0,79.3,24.5,2.91,2.92,0.15,0.14,1 18:58:48 18/06/20
0,79.4,24.4,2.91,2.92,0.2,0.18,0 19:04:16 18/06/20
0,81.0,24.3,2.91,2.92,0.15,0.14,1 19:09:46 18/06/20
0,81.4,24.1,2.91,2.92,0.2,0.18,0 19:15:15 18/06/20
0,82.0,24.0,2.91,2.92,0.15,0.14,1 19:20:45 18/06/20
0,81.8,23.8,2.91,2.92,0.21,0.19,0 19:26:15 18/06/20
0,83.5,23.7,2.91,2.92,0.15,0.14,1 19:31:43 18/06/20
0,82.2,23.6,2.91,2.92,0.21,0.19,0 19:37:13 18/06/20
0,82.3,23.3,2.91,2.92,0.15,0.14,1 19:42:42 18/06/20
0,82.3,23.1,2.91,2.92,0.2,0.18,0 19:48:11 18/06/20
0,82.5,22.8,2.91,2.92,0.15,0.14,1 19:53:41 18/06/20
0,83.1,22.6,2.91,2.92,0.21,0.18,0 19:59:10 18/06/20
0,83.4,22.4,2.91,2.92,0.15,0.14,1 20:04:40 18/06/20
0,83.4,22.2,2.91,2.92,0.2,0.18,0 20:10:08 18/06/20
0,84.0,22.0,2.91,2.92,0.15,0.14,1 20:15:37 18/06/20
0,84.2,21.9,2.91,2.92,0.19,0.17,0 20:21:12 18/06/20
0,84.5,21.7,2.91,2.92,0.15,0.14,1 20:26:46 18/06/20
0,86.0,21.6,2.91,2.92,0.21,0.19,0 20:32:14 18/06/20
0,85.7,21.4,2.91,2.92,0.15,0.14,1 20:37:43 18/06/20
0,87.1,21.3,2.91,2.92,0.21,0.19,0 20:43:12 18/06/20
0,88.4,21.2,2.91,2.92,0.15,0.14,1 20:48:41 18/06/20
0,89.1,21.1,2.91,2.92,0.21,0.19,0 20:54:11 18/06/20
0,90.1,21.0,2.91,2.92,0.15,0.14,1 20:59:40 18/06/20
0,90.3,20.8,2.91,2.92,0.21,0.19,0 21:05:09 18/06/20
0,90.5,20.7,2.91,2.92,0.15,0.14,1 21:10:38 18/06/20
0,91.0,20.6,2.91,2.92,0.21,0.19,0 21:16:07 18/06/20
0,91.3,20.5,2.91,2.92,0.15,0.14,1 21:21:36 18/06/20
0,90.9,20.4,2.91,2.92,0.21,0.18,0 21:27:05 18/06/20
0,91.6,20.2,2.91,2.92,0.13,0.13,1 21:32:31 18/06/20
0,91.1,20.0,2.91,2.92,0.21,0.19,0 21:38:02 18/06/20
0,91.5,19.9,2.91,2.92,0.15,0.14,1 21:43:31 18/06/20
0,91.9,19.7,2.91,2.92,0.21,0.18,0 21:49:00 18/06/20
0,92.5,19.5,2.91,2.92,0.14,0.13,1 21:54:28 18/06/20
0,92.2,19.3,2.91,2.92,0.16,0.15,0 21:59:55 18/06/20
0,92.7,19.1,2.91,2.92,0.15,0.14,1 22:05:27 18/06/20
0,93.1,18.9,2.91,2.92,0.21,0.18,0 22:10:55 18/06/20
0,93.2,18.8,2.91,2.92,0.15,0.14,1 22:16:24 18/06/20
0,93.5,18.6,2.91,2.92,0.2,0.18,0 22:21:52 18/06/20
0,93.5,18.4,2.91,2.92,0.16,0.15,0 22:27:25 18/06/20
0,93.2,18.2,2.91,2.92,0.15,0.14,1 22:33:00 18/06/20
0,93.4,18.1,2.91,2.92,0.2,0.18,0 22:38:27 18/06/20
0,93.4,17.9,2.91,2.92,0.15,0.14,1 22:43:56 18/06/20
0,92.9,17.7,2.91,2.92,0.18,0.16,0 22:49:23 18/06/20
0,93.4,17.6,2.91,2.92,0.15,0.14,1 22:54:53 18/06/20
0,93.8,17.4,2.91,2.92,0.21,0.18,0 23:00:23 18/06/20
0,93.6,17.3,2.91,2.92,0.15,0.14,1 23:05:52 18/06/20
0,93.1,17.1,2.91,2.92,0.2,0.18,0 23:11:19 18/06/20
0,93.0,17.0,2.91,2.92,0.15,0.14,1 23:16:48 18/06/20
0,93.6,16.9,2.91,2.92,0.2,0.18,0 23:22:16 18/06/20
0,93.7,16.8,2.91,2.92,0.13,0.13,1 23:27:43 18/06/20
0,94.0,16.7,2.91,2.92,0.19,0.17,0 23:33:13 18/06/20
0,93.5,16.6,2.91,2.92,0.15,0.14,1 23:38:43 18/06/20
0,93.3,16.5,2.91,2.92,0.21,0.19,0 23:44:12 18/06/20
0,93.5,16.4,2.91,2.92,0.15,0.14,1 23:49:39 18/06/20
0,93.2,16.3,2.91,2.92,0.21,0.19,0 23:55:09 18/06/20
