0,66.3,15.3,2.92,2.92,0.14,0.13,1 00:03:19 29/06/20
0,66.5,15.2,2.92,2.92,0.19,0.19,0 00:08:47 29/06/20
0,67.4,15.0,2.92,2.92,0.14,0.13,1 00:14:16 29/06/20
0,67.5,14.8,2.92,2.92,0.16,0.16,0 00:19:42 29/06/20
0,67.7,14.7,2.92,2.92,0.14,0.13,1 00:25:13 29/06/20
0,68.0,14.5,2.92,2.92,0.2,0.19,0 00:30:42 29/06/20
0,67.9,14.3,2.92,2.92,0.14,0.13,1 00:36:10 29/06/20
0,67.7,14.2,2.92,2.92,0.2,0.19,0 00:41:38 29/06/20
0,68.2,14.0,2.92,2.92,0.14,0.13,1 00:47:06 29/06/20
0,68.3,13.9,2.92,2.92,0.19,0.19,0 00:52:35 29/06/20
0,68.0,13.7,2.92,2.92,0.14,0.13,1 00:58:03 29/06/20
0,68.3,13.6,2.92,2.92,0.19,0.19,0 01:03:31 29/06/20
0,68.1,13.4,2.92,2.92,0.14,0.13,1 01:08:59 29/06/20
0,68.1,13.3,2.92,2.92,0.2,0.19,0 01:14:28 29/06/20
0,67.7,13.2,2.92,2.92,0.14,0.13,1 01:19:56 29/06/20
0,67.5,13.1,2.92,2.92,0.2,0.19,0 01:25:24 29/06/20
0,67.3,13.0,2.92,2.92,0.14,0.13,1 01:30:52 29/06/20
0,67.0,12.9,2.92,2.92,0.2,0.19,0 01:36:21 29/06/20
0,66.5,12.8,2.92,2.92,0.14,0.13,1 01:41:49 29/06/20
0,66.4,12.7,2.92,2.92,0.2,0.19,0 01:47:17 29/06/20
0,66.0,12.6,2.92,2.92,0.13,0.12,1 01:52:44 29/06/20
0,66.0,12.5,2.92,2.92,0.21,0.2,0 01:58:15 29/06/20
0,66.0,12.5,2.92,2.92,0.14,0.13,1 02:03:42 29/06/20
0,65.4,12.4,2.92,2.92,0.2,0.19,0 02:09:10 29/06/20
0,66.2,12.4,2.92,2.92,0.12,0.11,1 02:14:36 29/06/20
0,65.9,12.3,2.92,2.92,0.2,0.19,0 02:20:06 29/06/20
0,66.8,12.3,2.92,2.92,0.14,0.13,1 02:25:35 29/06/20
0,64.8,12.3,2.92,2.92,0.2,0.2,0 02:31:03 29/06/20
0,65.6,12.3,2.92,2.92,0.15,0.14,1 02:36:33 29/06/20
0,66.6,12.4,2.92,2.92,0.2,0.2,0 02:42:00 29/06/20
0,66.4,12.4,2.92,2.92,0.14,0.13,1 02:47:27 29/06/20
0,66.8,12.5,2.92,2.92,0.2,0.19,0 02:52:55 29/06/20
0,67.3,12.6,2.92,2.92,0.15,0.14,1 02:58:25 29/06/20
0,66.8,12.7,2.92,2.92,0.2,0.2,0 03:03:52 29/06/20
0,66.7,12.7,2.92,2.92,0.15,0.14,1 03:09:21 29/06/20
0,67.4,12.8,2.92,2.91,0.2,0.19,0 03:14:48 29/06/20
0,68.1,12.9,2.92,2.92,0.15,0.13,1 03:20:17 29/06/20
0,68.6,13.1,2.92,2.92,0.21,0.2,0 03:25:45 29/06/20
0,69.1,13.2,2.92,2.92,0.15,0.14,1 03:31:14 29/06/20
0,68.4,13.3,2.92,2.91,0.2,0.19,0 03:36:41 29/06/20
1,67.9,13.4,2.91,2.92,0.15,0.14,1 03:42:10 29/06/20
0,69.1,13.5,2.91,2.91,0.21,0.2,0 03:47:38 29/06/20
0,67.9,13.6,2.91,2.92,0.15,0.14,1 03:53:06 29/06/20
0,66.3,13.6,2.92,2.92,0.12,0.12,1 03:58:38 29/06/20
0,66.5,13.7,2.92,2.91,0.21,0.2,0 04:04:12 29/06/20
0,67.2,13.6,2.92,2.92,0.15,0.14,1 04:09:41 29/06/20
0,66.6,13.6,2.91,2.91,0.2,0.2,0 04:15:08 29/06/20
0,66.4,13.6,2.91,2.91,0.13,0.12,1 04:20:35 29/06/20
0,67.0,13.5,2.91,2.91,0.21,0.2,0 04:26:05 29/06/20
0,67.1,13.5,2.91,2.91,0.15,0.14,1 04:31:34 29/06/20
0,65.9,13.5,2.91,2.91,0.2,0.2,0 04:37:02 29/06/20
0,67.8,13.5,2.91,2.91,0.15,0.14,1 04:42:30 29/06/20
0,73.9,13.6,2.91,2.91,0.18,0.18,0 04:47:57 29/06/20
0,72.8,13.7,2.91,2.91,0.15,0.14,1 04:53:26 29/06/20
0,72.7,13.8,2.91,2.91,0.21,0.2,0 04:58:55 29/06/20
0,71.3,13.9,2.91,2.91,0.15,0.14,1 05:04:24 29/06/20
0,69.5,13.9,2.91,2.91,0.2,0.2,0 05:09:51 29/06/20
0,69.8,13.9,2.91,2.91,0.15,0.14,1 05:15:20 29/06/20
0,72.4,14.0,2.91,2.91,0.21,0.2,0 05:20:49 29/06/20
0,70.8,14.0,2.91,2.91,0.15,0.14,1 05:26:16 29/06/20
0,74.2,14.1,2.91,2.91,0.21,0.2,0 05:31:45 29/06/20
0,75.1,14.1,2.91,2.91,0.15,0.14,1 05:37:13 29/06/20
0,75.2,14.1,2.91,2.91,0.21,0.2,0 05:42:43 29/06/20
0,71.0,14.1,2.91,2.91,0.15,0.14,1 05:48:10 29/06/20
0,75.6,14.1,2.91,2.91,0.2,0.2,0 05:53:38 29/06/20
0,70.5,14.2,2.91,2.91,0.15,0.14,1 05:59:07 29/06/20
0,70.3,14.1,2.91,2.91,0.21,0.2,0 06:04:35 29/06/20
0,69.3,14.2,2.91,2.91,0.15,0.14,1 06:10:03 29/06/20
0,70.5,14.2,2.91,2.91,0.21,0.2,0 06:15:32 29/06/20
0,69.5,14.2,2.91,2.91,0.15,0.14,1 06:21:01 29/06/20
0,69.5,14.2,2.91,2.91,0.21,0.2,0 06:26:28 29/06/20
0,69.2,14.3,2.91,2.91,0.15,0.14,1 06:31:57 29/06/20
0,69.4,14.3,2.91,2.91,0.21,0.21,0 06:37:26 29/06/20
0,69.7,14.4,2.91,2.91,0.15,0.14,1 06:42:53 29/06/20
0,70.0,14.5,2.91,2.91,0.21,0.2,0 06:48:22 29/06/20
0,70.7,14.6,2.91,2.91,0.15,0.14,1 06:53:50 29/06/20
0,71.6,14.7,2.91,2.91,0.21,0.21,0 06:59:19 29/06/20
0,71.8,14.8,2.91,2.91,0.16,0.14,1 07:04:48 29/06/20
0,71.3,14.8,2.91,2.91,0.21,0.2,0 07:10:16 29/06/20
0,73.9,14.9,2.91,2.91,0.16,0.14,1 07:15:44 29/06/20
0,72.2,15.0,2.91,2.91,0.21,0.2,0 07:21:12 29/06/20
0,71.7,15.0,2.91,2.91,0.16,0.15,1 07:26:41 29/06/20
0,72.5,15.1,2.91,2.91,0.21,0.2,0 07:32:09 29/06/20
0,72.6,15.1,2.91,2.91,0.16,0.17,0 07:37:41 29/06/20
0,74.1,15.2,2.91,2.91,0.16,0.15,1 07:43:16 29/06/20
0,75.4,15.2,2.91,2.91,0.21,0.2,0 07:48:43 29/06/20
0,73.9,15.2,2.91,2.91,0.16,0.15,1 07:54:12 29/06/20
0,73.8,15.1,2.91,2.91,0.21,0.2,0 07:59:40 29/06/20
0,74.6,15.1,2.91,2.91,0.16,0.15,1 08:05:09 29/06/20
0,76.9,15.1,2.91,2.9,0.21,0.2,0 08:10:37 29/06/20
0,78.3,15.1,2.91,2.91,0.16,0.15,1 08:16:06 29/06/20
0,80.1,15.1,2.91,2.9,0.21,0.21,0 08:21:35 29/06/20
0,76.4,15.2,2.91,2.91,0.16,0.15,1 08:27:04 29/06/20
0,82.0,15.2,2.91,2.9,0.21,0.21,0 08:32:32 29/06/20
0,81.2,15.3,2.91,2.91,0.16,0.15,1 08:38:00 29/06/20
0,81.4,15.5,2.91,2.9,0.21,0.21,0 08:43:28 29/06/20
0,80.8,15.7,2.91,2.9,0.15,0.14,1 08:48:56 29/06/20
0,80.4,15.9,2.9,2.9,0.18,0.18,0 08:54:24 29/06/20
0,80.4,16.3,2.91,2.91,0.16,0.14,1 08:59:54 29/06/20
0,78.3,16.7,2.91,2.9,0.21,0.21,0 09:05:23 29/06/20
0,77.9,17.0,2.91,2.91,0.16,0.15,1 09:10:51 29/06/20
0,77.3,17.3,2.9,2.9,0.21,0.21,0 09:16:19 29/06/20
0,76.8,17.6,2.9,2.9,0.16,0.15,1 09:21:48 29/06/20
0,75.8,17.6,2.91,2.9,0.21,0.21,0 09:27:17 29/06/20
0,75.0,17.5,2.91,2.9,0.16,0.14,1 09:32:45 29/06/20
0,75.0,17.6,2.91,2.9,0.21,0.21,0 09:38:15 29/06/20
0,74.8,17.7,2.91,2.9,0.16,0.15,1 09:43:43 29/06/20
0,74.1,17.8,2.91,2.9,0.21,0.2,0 09:49:11 29/06/20
0,73.6,17.8,2.9,2.9,0.16,0.15,1 09:54:40 29/06/20
0,73.4,17.7,2.9,2.9,0.22,0.21,0 10:00:09 29/06/20
0,74.4,17.9,2.91,2.9,0.16,0.15,1 10:05:39 29/06/20
0,74.0,18.2,2.91,2.9,0.21,0.21,0 10:11:06 29/06/20
0,74.2,18.5,2.9,2.9,0.16,0.15,1 10:16:36 29/06/20
0,72.6,18.9,2.91,2.9,0.22,0.21,0 10:22:04 29/06/20
0,73.2,19.2,2.9,2.9,0.16,0.15,1 10:27:33 29/06/20
0,72.8,19.5,2.9,2.9,0.13,0.12,1 10:33:05 29/06/20
0,71.4,19.8,2.9,2.9,0.21,0.21,0 10:38:39 29/06/20
0,70.9,19.9,2.9,2.9,0.16,0.15,1 10:44:08 29/06/20
0,68.7,20.0,2.9,2.9,0.21,0.21,0 10:49:37 29/06/20
0,68.5,20.0,2.9,2.9,0.16,0.15,1 10:55:06 29/06/20
0,67.9,19.9,2.9,2.9,0.21,0.21,0 11:00:35 29/06/20
0,69.8,19.9,2.9,2.9,0.16,0.15,1 11:06:04 29/06/20
0,70.6,20.2,2.9,2.9,0.18,0.18,0 11:11:32 29/06/20
0,70.0,20.5,2.91,2.9,0.16,0.15,1 11:17:03 29/06/20
0,67.9,20.8,2.9,2.9,0.22,0.21,0 11:22:32 29/06/20
0,67.4,21.0,2.9,2.9,0.16,0.15,1 11:28:00 29/06/20
0,66.8,21.0,2.9,2.9,0.21,0.21,0 11:33:29 29/06/20
0,67.2,21.1,2.9,2.9,0.17,0.17,0 11:39:02 29/06/20
0,67.6,21.4,2.9,2.9,0.16,0.15,1 11:44:36 29/06/20
0,66.6,21.6,2.9,2.9,0.21,0.21,0 11:50:06 29/06/20
0,66.2,21.7,2.9,2.9,0.16,0.15,1 11:55:36 29/06/20
0,66.8,21.8,2.9,2.9,0.22,0.21,0 12:01:04 29/06/20
0,67.6,22.2,2.9,2.9,0.16,0.15,1 12:06:33 29/06/20
0,65.5,22.3,2.9,2.9,0.21,0.21,0 12:12:02 29/06/20
0,64.0,22.5,2.9,2.9,0.15,0.14,1 12:17:30 29/06/20
0,63.9,22.9,2.9,2.9,0.22,0.21,0 12:23:01 29/06/20
0,65.5,23.0,2.9,2.9,0.16,0.15,1 12:28:31 29/06/20
0,68.5,23.6,2.9,2.9,0.21,0.21,0 12:33:59 29/06/20
0,61.2,24.5,2.9,2.9,0.16,0.15,1 12:39:29 29/06/20
0,64.1,25.1,2.9,2.9,0.21,0.21,0 12:44:58 29/06/20
0,63.1,25.9,2.9,2.9,0.16,0.15,1 12:50:28 29/06/20
0,61.8,27.1,2.9,2.9,0.13,0.13,1 12:56:01 29/06/20
0,56.7,26.8,2.9,2.9,0.22,0.21,0 13:01:36 29/06/20
0,56.7,26.3,2.9,2.9,0.14,0.13,1 13:07:05 29/06/20
0,56.7,25.6,2.9,2.9,0.22,0.21,0 13:12:36 29/06/20
0,56.7,24.8,2.9,2.9,0.16,0.15,1 13:18:05 29/06/20
0,58.1,24.1,2.9,2.9,0.19,0.19,0 13:23:33 29/06/20
0,58.7,23.7,2.9,2.9,0.14,0.13,1 13:29:03 29/06/20
0,66.2,24.6,2.9,2.9,0.21,0.21,0 13:34:34 29/06/20
0,61.2,26.1,2.9,2.91,0.16,0.15,1 13:40:04 29/06/20
0,58.7,26.6,2.9,2.9,0.22,0.21,0 13:45:33 29/06/20
0,57.4,26.6,2.9,2.91,0.16,0.15,1 13:51:03 29/06/20
0,57.5,26.5,2.87,2.9,0.21,0.21,0 13:56:32 29/06/20
0,58.4,26.5,2.9,2.91,0.16,0.15,1 14:02:02 29/06/20
0,55.8,26.8,2.9,2.9,0.22,0.21,0 14:07:32 29/06/20
0,53.2,26.3,2.9,2.91,0.16,0.15,1 14:13:01 29/06/20
0,56.5,25.9,2.9,2.9,0.17,0.18,0 14:18:29 29/06/20
0,57.5,26.8,2.9,2.91,0.16,0.15,1 14:24:01 29/06/20
0,54.9,26.9,2.9,2.9,0.22,0.21,0 14:29:31 29/06/20
0,55.2,26.5,2.9,2.91,0.16,0.15,1 14:35:00 29/06/20
0,54.1,25.7,2.9,2.91,0.13,0.12,1 14:40:34 29/06/20
0,55.5,25.3,2.9,2.91,0.22,0.21,0 14:46:09 29/06/20
0,56.5,25.3,2.9,2.91,0.16,0.15,1 14:51:38 29/06/20
0,58.8,26.3,2.9,2.91,0.22,0.21,0 14:57:09 29/06/20
0,55.3,26.8,2.9,2.91,0.16,0.15,1 15:02:38 29/06/20
0,57.6,27.0,2.9,2.9,0.22,0.22,0 15:08:09 29/06/20
0,57.0,28.7,2.9,2.91,0.16,0.15,1 15:13:38 29/06/20
0,55.6,30.4,2.9,2.9,0.22,0.21,0 15:19:08 29/06/20
0,55.9,32.0,2.9,2.91,0.16,0.15,1 15:24:39 29/06/20
0,50.1,32.7,2.9,2.91,0.13,0.13,1 15:30:12 29/06/20
0,46.2,32.8,2.9,2.91,0.21,0.21,0 15:35:48 29/06/20
0,45.8,31.3,2.9,2.91,0.16,0.15,1 15:41:19 29/06/20
0,48.5,30.1,2.9,2.91,0.22,0.21,0 15:46:50 29/06/20
0,50.6,30.2,2.9,2.91,0.16,0.15,1 15:52:19 29/06/20
0,46.6,29.9,2.9,2.91,0.21,0.21,0 15:57:50 29/06/20
0,46.6,29.4,2.9,2.91,0.16,0.15,1 16:03:20 29/06/20
0,48.5,28.9,2.9,2.91,0.22,0.21,0 16:08:50 29/06/20
0,46.8,28.4,2.9,2.91,0.16,0.15,1 16:14:20 29/06/20
0,48.3,27.6,2.9,2.91,0.22,0.21,0 16:19:50 29/06/20
0,48.2,26.8,2.9,2.91,0.16,0.15,1 16:25:20 29/06/20
0,48.4,26.3,2.9,2.91,0.2,0.2,0 16:30:49 29/06/20
0,48.5,26.3,2.9,2.91,0.16,0.15,1 16:36:19 29/06/20
0,48.1,26.1,2.9,2.91,0.22,0.21,0 16:41:49 29/06/20
0,48.3,25.6,2.91,2.91,0.17,0.17,0 16:47:23 29/06/20
0,49.5,25.0,2.9,2.91,0.16,0.15,1 16:52:57 29/06/20
0,50.1,24.8,2.9,2.91,0.22,0.21,0 16:58:27 29/06/20
0,48.5,24.6,2.9,2.91,0.16,0.15,1 17:03:56 29/06/20
0,49.9,24.3,2.9,2.91,0.22,0.21,0 17:09:26 29/06/20
0,50.3,24.0,2.91,2.91,0.16,0.15,1 17:14:55 29/06/20
0,51.0,23.8,2.9,2.91,0.22,0.21,0 17:20:25 29/06/20
0,50.7,23.7,2.91,2.91,0.16,0.15,1 17:25:54 29/06/20
0,50.5,23.6,2.9,2.91,0.22,0.21,0 17:31:24 29/06/20
0,50.3,23.5,2.91,2.91,0.16,0.15,1 17:36:53 29/06/20
0,51.4,23.4,2.91,2.91,0.13,0.12,1 17:42:26 29/06/20
0,50.5,23.1,2.91,2.91,0.22,0.21,0 17:48:01 29/06/20
0,50.6,22.9,2.9,2.91,0.16,0.15,1 17:53:30 29/06/20
0,51.7,22.7,2.91,2.91,0.21,0.21,0 17:59:00 29/06/20
0,52.2,23.0,2.91,2.91,0.16,0.15,1 18:04:29 29/06/20
0,51.8,23.0,2.91,2.91,0.21,0.21,0 18:09:58 29/06/20
0,51.6,22.8,2.91,2.91,0.15,0.14,1 18:15:27 29/06/20
0,52.6,22.7,2.91,2.91,0.22,0.21,0 18:20:57 29/06/20
0,53.1,22.8,2.91,2.91,0.16,0.15,1 18:26:26 29/06/20
0,51.4,22.9,2.91,2.91,0.22,0.21,0 18:31:57 29/06/20
0,51.8,22.8,2.91,2.91,0.16,0.15,1 18:37:25 29/06/20
0,51.9,22.7,2.91,2.91,0.21,0.21,0 18:42:54 29/06/20
0,52.0,22.6,2.91,2.92,0.16,0.15,1 18:48:25 29/06/20
0,52.0,22.5,2.91,2.91,0.22,0.21,0 18:53:53 29/06/20
0,51.3,22.3,2.91,2.91,0.16,0.15,1 18:59:22 29/06/20
0,52.0,22.1,2.91,2.91,0.21,0.21,0 19:04:51 29/06/20
0,52.6,21.9,2.91,2.91,0.16,0.15,1 19:10:22 29/06/20
0,52.8,21.8,2.91,2.91,0.22,0.21,0 19:15:50 29/06/20
0,52.3,21.7,2.91,2.91,0.16,0.15,1 19:21:20 29/06/20
0,52.0,21.5,2.91,2.91,0.21,0.21,0 19:26:48 29/06/20
0,52.7,21.3,2.91,2.91,0.16,0.15,1 19:32:18 29/06/20
0,52.8,21.1,2.91,2.92,0.13,0.12,1 19:37:50 29/06/20
0,52.9,21.0,2.91,2.91,0.22,0.21,0 19:43:25 29/06/20
0,52.9,20.9,2.91,2.91,0.16,0.15,1 19:48:54 29/06/20
0,53.2,20.8,2.91,2.91,0.22,0.21,0 19:54:23 29/06/20
0,52.7,20.7,2.91,2.92,0.16,0.15,1 19:59:52 29/06/20
0,52.3,20.3,2.91,2.91,0.22,0.21,0 20:05:22 29/06/20
0,52.7,20.1,2.91,2.92,0.16,0.15,1 20:10:51 29/06/20
3,53.1,19.9,2.91,2.91,0.22,0.21,0 20:16:20 29/06/20
0,53.3,19.7,2.91,2.92,0.16,0.15,1 20:21:49 29/06/20
0,53.7,19.6,2.91,2.91,0.22,0.21,0 20:27:17 29/06/20
0,54.1,19.5,2.91,2.91,0.16,0.15,1 20:32:46 29/06/20
0,53.9,19.4,2.91,2.91,0.22,0.21,0 20:38:15 29/06/20
0,54.5,19.4,2.91,2.91,0.16,0.15,1 20:43:44 29/06/20
0,54.3,19.3,2.91,2.91,0.22,0.21,0 20:49:13 29/06/20
0,54.4,19.2,2.91,2.91,0.17,0.17,0 20:54:45 29/06/20
0,54.2,19.1,2.91,2.92,0.16,0.15,1 21:00:19 29/06/20
0,54.7,18.9,2.91,2.91,0.21,0.2,0 21:05:48 29/06/20
0,55.0,18.7,2.91,2.91,0.16,0.15,1 21:11:18 29/06/20
0,55.1,18.6,2.91,2.91,0.18,0.18,0 21:16:44 29/06/20
0,55.5,18.3,2.91,2.91,0.16,0.15,1 21:22:15 29/06/20
0,56.3,18.2,2.91,2.91,0.21,0.2,0 21:27:44 29/06/20
0,56.5,18.0,2.91,2.92,0.16,0.15,1 21:33:12 29/06/20
0,57.3,17.9,2.91,2.91,0.22,0.21,0 21:38:42 29/06/20
0,56.9,17.7,2.91,2.92,0.16,0.15,1 21:44:10 29/06/20
0,56.7,17.6,2.91,2.91,0.21,0.2,0 21:49:39 29/06/20
0,58.1,17.5,2.91,2.91,0.13,0.13,1 21:55:05 29/06/20
0,58.0,17.4,2.91,2.91,0.22,0.21,0 22:00:36 29/06/20
0,58.1,17.3,2.91,2.91,0.17,0.17,0 22:06:08 29/06/20
0,58.1,17.2,2.91,2.91,0.16,0.15,1 22:11:42 29/06/20
0,58.9,17.1,2.91,2.91,0.18,0.18,0 22:17:09 29/06/20
0,58.6,17.1,2.91,2.91,0.17,0.17,0 22:22:43 29/06/20
0,59.6,17.0,2.91,2.91,0.16,0.15,1 22:28:18 29/06/20
0,59.2,16.9,2.91,2.91,0.18,0.18,0 22:33:44 29/06/20
0,58.7,16.8,2.91,2.91,0.16,0.15,1 22:39:14 29/06/20
0,59.1,16.7,2.91,2.91,0.22,0.21,0 22:44:44 29/06/20
0,58.7,16.5,2.91,2.91,0.16,0.15,1 22:50:13 29/06/20
0,59.2,16.4,2.91,2.91,0.21,0.2,0 22:55:40 29/06/20
0,60.2,16.3,2.91,2.91,0.16,0.15,1 23:01:09 29/06/20
0,59.8,16.2,2.91,2.91,0.21,0.2,0 23:06:37 29/06/20
0,60.1,16.1,2.91,2.91,0.14,0.13,1 23:12:05 29/06/20
0,60.7,16.0,2.91,2.91,0.22,0.21,0 23:17:36 29/06/20
0,59.1,16.0,2.91,2.91,0.16,0.15,1 23:23:03 29/06/20
0,59.5,15.9,2.91,2.91,0.22,0.21,0 23:28:32 29/06/20
0,60.7,15.8,2.91,2.91,0.16,0.15,1 23:34:00 29/06/20
0,61.1,15.8,2.91,2.91,0.22,0.21,0 23:39:29 29/06/20
0,61.2,15.8,2.91,2.91,0.16,0.15,1 23:44:57 29/06/20
0,62.4,15.7,2.91,2.91,0.22,0.21,0 23:50:26 29/06/20
0,60.5,15.6,2.91,2.91,0.16,0.15,1 23:55:54 29/06/20
