0,91.8,18.1,2.9,2.91,0.16,0.15,1 00:03:26 01/07/20
0,93.1,18.1,2.9,2.91,0.22,0.21,0 00:08:56 01/07/20
0,92.1,18.2,2.9,2.91,0.16,0.15,1 00:14:24 01/07/20
0,92.3,18.2,2.91,2.91,0.13,0.13,1 00:19:56 01/07/20
1,92.9,18.2,2.9,2.91,0.22,0.21,0 00:25:30 01/07/20
0,92.4,18.2,2.9,2.91,0.16,0.15,1 00:30:59 01/07/20
0,91.2,18.2,2.9,2.9,0.22,0.21,0 00:36:28 01/07/20
0,92.1,18.2,2.91,2.91,0.16,0.15,1 00:41:56 01/07/20
0,92.9,18.2,2.9,2.91,0.22,0.21,0 00:47:26 01/07/20
0,92.5,18.1,2.9,2.91,0.16,0.15,1 00:52:54 01/07/20
0,92.2,18.1,2.9,2.91,0.23,0.21,0 00:58:23 01/07/20
0,92.2,18.1,2.9,2.91,0.16,0.15,1 01:03:51 01/07/20
0,91.9,18.1,2.9,2.91,0.22,0.21,0 01:09:20 01/07/20
0,92.2,18.0,2.91,2.91,0.16,0.15,1 01:14:49 01/07/20
0,92.9,18.0,2.9,2.91,0.22,0.2,0 01:20:17 01/07/20
0,91.4,17.9,2.9,2.91,0.16,0.15,1 01:25:47 01/07/20
0,92.3,17.9,2.91,2.91,0.22,0.21,0 01:31:15 01/07/20
0,91.7,17.9,2.91,2.91,0.16,0.15,1 01:36:45 01/07/20
0,92.8,17.9,2.91,2.91,0.22,0.2,0 01:42:12 01/07/20
0,91.8,17.8,2.9,2.91,0.16,0.15,1 01:47:41 01/07/20
0,91.8,17.8,2.9,2.9,0.22,0.2,0 01:53:10 01/07/20
0,91.5,17.7,2.91,2.91,0.16,0.15,1 01:58:38 01/07/20
0,91.7,17.7,2.9,2.91,0.22,0.2,0 02:04:07 01/07/20
0,91.6,17.7,2.9,2.91,0.16,0.15,1 02:09:36 01/07/20
0,92.1,17.7,2.9,2.9,0.21,0.2,0 02:15:04 01/07/20
0,95.0,17.7,2.9,2.91,0.16,0.15,1 02:20:33 01/07/20
0,93.0,17.7,2.9,2.91,0.23,0.21,0 02:26:03 01/07/20
0,92.4,17.7,2.9,2.91,0.16,0.15,1 02:31:30 01/07/20
0,92.4,17.7,2.9,2.91,0.22,0.21,0 02:36:59 01/07/20
0,92.6,17.7,2.91,2.91,0.17,0.16,0 02:42:31 01/07/20
0,92.8,17.7,2.9,2.91,0.16,0.15,1 02:48:05 01/07/20
0,92.4,17.7,2.9,2.91,0.22,0.2,0 02:53:34 01/07/20
0,92.0,17.6,2.9,2.91,0.16,0.15,1 02:59:02 01/07/20
0,92.0,17.6,2.9,2.9,0.22,0.2,0 03:04:31 01/07/20
0,94.4,17.6,2.9,2.91,0.16,0.15,1 03:10:00 01/07/20
0,94.0,17.6,2.9,2.91,0.21,0.2,0 03:15:28 01/07/20
0,95.6,17.6,2.9,2.91,0.16,0.15,1 03:20:57 01/07/20
0,94.7,17.7,2.9,2.91,0.22,0.21,0 03:26:26 01/07/20
0,93.9,17.6,2.9,2.91,0.15,0.14,1 03:31:53 01/07/20
0,96.1,17.7,2.9,2.91,0.22,0.21,0 03:37:24 01/07/20
0,95.0,17.7,2.9,2.91,0.14,0.14,1 03:42:50 01/07/20
0,95.7,17.6,2.9,2.91,0.21,0.2,0 03:48:20 01/07/20
0,94.4,17.6,2.9,2.91,0.14,0.14,1 03:53:48 01/07/20
0,93.8,17.6,2.9,2.91,0.22,0.21,0 03:59:18 01/07/20
0,94.8,17.6,2.91,2.91,0.16,0.15,1 04:04:46 01/07/20
0,95.8,17.6,2.9,2.9,0.22,0.21,0 04:10:16 01/07/20
0,95.0,17.6,2.9,2.91,0.16,0.15,1 04:15:44 01/07/20
0,94.3,17.5,2.9,2.9,0.2,0.19,0 04:21:11 01/07/20
0,95.2,17.5,2.9,2.91,0.14,0.14,1 04:26:40 01/07/20
0,94.6,17.5,2.9,2.9,0.22,0.21,0 04:32:10 01/07/20
0,95.2,17.5,2.9,2.9,0.16,0.15,1 04:37:38 01/07/20
0,95.0,17.5,2.9,2.9,0.22,0.21,0 04:43:07 01/07/20
0,94.3,17.4,2.91,2.91,0.15,0.14,1 04:48:44 01/07/20
0,95.1,17.5,2.9,2.9,0.22,0.21,0 04:54:14 01/07/20
0,96.3,17.5,2.9,2.91,0.14,0.14,1 04:59:40 01/07/20
0,95.8,17.5,2.9,2.9,0.22,0.2,0 05:05:10 01/07/20
0,95.2,17.5,2.9,2.91,0.16,0.15,1 05:10:40 01/07/20
0,97.5,17.5,2.9,2.9,0.22,0.21,0 05:16:08 01/07/20
0,97.1,17.5,2.9,2.91,0.16,0.15,1 05:21:36 01/07/20
0,96.6,17.5,2.9,2.9,0.22,0.21,0 05:27:05 01/07/20
0,96.3,17.5,2.9,2.91,0.16,0.15,1 05:32:35 01/07/20
0,95.9,17.5,2.9,2.91,0.06,0.07,1 05:38:04 01/07/20
0,99.1,17.5,2.9,2.9,0.19,0.18,0 05:43:29 01/07/20
0,97.2,17.5,2.91,2.9,0.17,0.17,0 05:49:03 01/07/20
0,98.5,17.6,2.9,2.91,0.16,0.15,1 05:54:38 01/07/20
0,98.6,17.6,2.9,2.9,0.22,0.21,0 06:00:06 01/07/20
0,98.4,17.6,2.9,2.91,0.15,0.14,1 06:05:33 01/07/20
0,99.2,17.6,2.9,2.9,0.22,0.21,0 06:11:04 01/07/20
0,98.6,17.6,2.9,2.91,0.16,0.15,1 06:16:32 01/07/20
0,98.2,17.6,2.9,2.9,0.22,0.2,0 06:22:00 01/07/20
0,99.1,17.6,2.9,2.91,0.16,0.15,1 06:27:29 01/07/20
0,97.7,17.5,2.9,2.91,0.23,0.21,0 06:32:59 01/07/20
0,98.0,17.5,2.9,2.91,0.16,0.15,1 06:38:26 01/07/20
0,98.7,17.5,2.9,2.9,0.22,0.21,0 06:43:56 01/07/20
0,98.4,17.6,2.9,2.91,0.14,0.14,1 06:49:22 01/07/20
0,98.9,17.6,2.9,2.9,0.22,0.21,0 06:54:52 01/07/20
0,98.6,17.6,2.9,2.91,0.16,0.15,1 07:00:22 01/07/20
0,98.5,17.7,2.9,2.9,0.22,0.21,0 07:05:50 01/07/20
0,99.9,17.7,2.9,2.91,0.16,0.15,1 07:11:18 01/07/20
0,99.9,17.8,2.9,2.9,0.19,0.18,0 07:16:46 01/07/20
0,99.6,17.8,2.9,2.91,0.16,0.15,1 07:22:16 01/07/20
0,99.9,17.9,2.9,2.9,0.22,0.21,0 07:27:44 01/07/20
0,99.9,17.9,2.9,2.91,0.16,0.15,1 07:33:14 01/07/20
0,99.9,18.0,2.9,2.9,0.22,0.21,0 07:38:42 01/07/20
0,99.9,18.0,2.9,2.91,0.16,0.15,1 07:44:10 01/07/20
0,99.9,18.0,2.9,2.9,0.22,0.21,0 07:49:40 01/07/20
0,99.9,18.1,2.9,2.9,0.16,0.15,1 07:55:08 01/07/20
0,99.9,18.1,2.9,2.9,0.2,0.19,0 08:00:36 01/07/20
0,99.9,18.1,2.9,2.91,0.16,0.15,1 08:06:05 01/07/20
0,99.9,18.1,2.9,2.9,0.19,0.18,0 08:11:32 01/07/20
0,99.9,18.1,2.9,2.91,0.16,0.16,1 08:17:04 01/07/20
0,99.9,18.1,2.9,2.9,0.17,0.17,0 08:22:29 01/07/20
0,99.9,18.2,2.9,2.91,0.16,0.15,1 08:28:01 01/07/20
0,99.9,18.3,2.9,2.9,0.22,0.21,0 08:33:29 01/07/20
0,99.9,18.4,2.9,2.91,0.15,0.14,1 08:38:59 01/07/20
0,99.9,18.4,2.9,2.9,0.22,0.21,0 08:44:26 01/07/20
0,99.9,18.5,2.9,2.9,0.16,0.15,1 08:49:56 01/07/20
0,99.9,18.6,2.9,2.9,0.22,0.21,0 08:55:24 01/07/20
0,99.9,18.6,2.9,2.9,0.15,0.14,1 09:00:51 01/07/20
0,99.9,18.7,2.9,2.9,0.17,0.17,0 09:06:19 01/07/20
0,99.9,18.8,2.9,2.9,0.16,0.15,1 09:11:50 01/07/20
0,99.9,18.8,2.9,2.9,0.22,0.21,0 09:17:19 01/07/20
0,99.9,18.9,2.9,2.9,0.17,0.17,0 09:22:51 01/07/20
0,99.9,19.0,2.9,2.9,0.17,0.17,0 09:28:29 01/07/20
0,99.9,19.0,2.9,2.91,0.16,0.15,1 09:34:03 01/07/20
0,99.9,19.0,2.9,2.9,0.22,0.21,0 09:39:32 01/07/20
0,99.9,19.0,2.9,2.9,0.16,0.15,1 09:45:00 01/07/20
0,99.9,19.1,2.9,2.9,0.22,0.21,0 09:50:29 01/07/20
0,99.9,19.1,2.9,2.9,0.16,0.16,0 09:56:03 01/07/20
0,99.9,19.2,2.91,2.91,0.15,0.14,1 10:01:45 01/07/20
0,99.9,19.4,2.9,2.9,0.23,0.21,0 10:07:15 01/07/20
0,99.9,19.4,2.9,2.9,0.16,0.15,1 10:12:42 01/07/20
0,99.9,19.6,2.9,2.9,0.22,0.2,0 10:18:11 01/07/20
0,99.9,19.6,2.9,2.91,0.16,0.16,1 10:23:41 01/07/20
0,99.9,19.7,2.9,2.9,0.22,0.21,0 10:29:09 01/07/20
0,99.9,19.7,2.9,2.9,0.16,0.16,1 10:34:38 01/07/20
0,99.9,19.7,2.9,2.9,0.22,0.21,0 10:40:07 01/07/20
0,99.9,19.7,2.9,2.9,0.15,0.14,1 10:45:35 01/07/20
0,99.9,19.7,2.9,2.9,0.22,0.21,0 10:51:04 01/07/20
0,99.9,19.7,2.9,2.9,0.16,0.15,1 10:56:33 01/07/20
0,99.9,19.9,2.9,2.9,0.17,0.17,0 11:02:00 01/07/20
0,99.9,20.1,2.9,2.9,0.16,0.16,1 11:07:32 01/07/20
0,99.9,20.2,2.9,2.9,0.22,0.21,0 11:13:00 01/07/20
0,99.9,20.3,2.9,2.9,0.14,0.14,1 11:18:27 01/07/20
0,99.9,20.3,2.9,2.9,0.23,0.21,0 11:23:58 01/07/20
0,99.9,20.3,2.9,2.9,0.16,0.15,1 11:29:27 01/07/20
0,99.9,20.3,2.9,2.9,0.22,0.21,0 11:34:56 01/07/20
0,99.9,20.3,2.9,2.9,0.16,0.15,1 11:40:25 01/07/20
0,99.9,20.4,2.9,2.9,0.2,0.19,0 11:45:53 01/07/20
0,99.9,20.4,2.9,2.9,0.16,0.15,1 11:51:22 01/07/20
0,99.9,20.4,2.9,2.9,0.22,0.21,0 11:56:51 01/07/20
0,99.9,20.4,2.9,2.9,0.16,0.15,1 12:02:20 01/07/20
0,99.9,20.5,2.9,2.9,0.22,0.21,0 12:07:49 01/07/20
0,99.9,20.6,2.9,2.9,0.16,0.15,1 12:13:18 01/07/20
0,99.9,20.7,2.9,2.9,0.22,0.21,0 12:18:47 01/07/20
0,99.9,20.9,2.9,2.9,0.13,0.13,1 12:24:14 01/07/20
0,99.9,21.2,2.9,2.9,0.22,0.21,0 12:29:45 01/07/20
0,99.9,21.6,2.9,2.9,0.16,0.15,1 12:35:14 01/07/20
0,99.9,21.8,2.9,2.9,0.22,0.21,0 12:40:43 01/07/20
0,99.9,22.1,2.9,2.9,0.16,0.15,1 12:46:12 01/07/20
0,99.9,22.4,2.9,2.91,0.13,0.13,1 12:51:45 01/07/20
0,99.9,22.6,2.9,2.9,0.22,0.21,0 12:57:20 01/07/20
0,99.9,22.8,2.9,2.9,0.16,0.16,0 13:02:54 01/07/20
0,99.9,22.9,2.9,2.91,0.16,0.16,1 13:08:28 01/07/20
0,99.9,23.0,2.9,2.9,0.22,0.2,0 13:13:56 01/07/20
0,99.9,23.2,2.9,2.91,0.16,0.15,1 13:19:26 01/07/20
0,99.9,23.2,2.9,2.9,0.22,0.21,0 13:24:55 01/07/20
0,99.9,23.2,2.9,2.91,0.16,0.15,1 13:30:25 01/07/20
0,99.9,22.8,2.9,2.9,0.22,0.21,0 13:35:53 01/07/20
0,99.9,22.4,2.9,2.91,0.16,0.15,1 13:41:23 01/07/20
0,99.9,22.0,2.9,2.9,0.22,0.21,0 13:46:52 01/07/20
0,99.9,21.8,2.9,2.9,0.16,0.16,0 13:52:25 01/07/20
0,99.9,22.0,2.9,2.91,0.16,0.16,1 13:57:59 01/07/20
0,99.9,22.7,2.9,2.9,0.22,0.21,0 14:03:28 01/07/20
0,99.9,23.4,2.9,2.91,0.16,0.16,1 14:08:58 01/07/20
0,99.9,23.7,2.9,2.91,0.22,0.21,0 14:14:26 01/07/20
0,99.9,23.9,2.9,2.91,0.16,0.16,1 14:19:56 01/07/20
0,99.9,24.0,2.9,2.9,0.22,0.21,0 14:25:26 01/07/20
0,99.9,24.2,2.9,2.91,0.16,0.15,1 14:30:54 01/07/20
0,99.9,24.5,2.9,2.9,0.22,0.21,0 14:36:24 01/07/20
0,99.9,25.0,2.9,2.91,0.16,0.15,1 14:41:53 01/07/20
0,99.9,26.2,2.9,2.9,0.22,0.21,0 14:47:23 01/07/20
0,99.9,27.0,2.9,2.91,0.16,0.15,1 14:52:52 01/07/20
0,99.9,27.3,2.9,2.91,0.22,0.21,0 14:58:22 01/07/20
0,99.9,26.9,2.9,2.91,0.16,0.15,1 15:03:52 01/07/20
0,99.9,26.6,2.9,2.9,0.23,0.21,0 15:09:23 01/07/20
0,99.9,26.5,2.9,2.91,0.13,0.13,1 15:14:49 01/07/20
0,99.9,26.1,2.9,2.91,0.19,0.18,0 15:20:19 01/07/20
0,99.9,26.6,2.9,2.91,0.16,0.15,1 15:25:51 01/07/20
0,99.9,27.3,2.9,2.91,0.22,0.21,0 15:31:20 01/07/20
0,99.9,27.7,2.91,2.91,0.16,0.16,0 15:36:55 01/07/20
0,99.9,28.4,2.9,2.91,0.16,0.16,1 15:42:29 01/07/20
0,99.9,28.7,2.9,2.91,0.19,0.18,0 15:47:57 01/07/20
0,99.9,29.1,2.9,2.91,0.16,0.15,1 15:53:29 01/07/20
0,99.9,29.2,2.9,2.91,0.22,0.21,0 15:58:59 01/07/20
0,99.6,28.6,2.9,2.91,0.16,0.15,1 16:04:29 01/07/20
0,99.4,28.3,2.91,2.91,0.13,0.12,1 16:10:03 01/07/20
0,99.8,27.7,2.9,2.91,0.22,0.21,0 16:15:38 01/07/20
0,99.6,27.6,2.91,2.91,0.16,0.15,1 16:21:07 01/07/20
0,99.4,27.4,2.9,2.91,0.22,0.2,0 16:26:37 01/07/20
0,99.9,27.3,2.9,2.91,0.16,0.15,1 16:32:07 01/07/20
0,99.9,27.7,2.91,2.91,0.22,0.21,0 16:37:37 01/07/20
0,99.9,28.2,2.91,2.91,0.16,0.16,1 16:43:08 01/07/20
0,98.5,28.0,2.91,2.91,0.22,0.2,0 16:48:37 01/07/20
0,98.0,27.2,2.9,2.91,0.16,0.15,1 16:54:06 01/07/20
0,99.9,27.2,2.91,2.91,0.22,0.21,0 16:59:37 01/07/20
0,99.6,27.9,2.91,2.91,0.16,0.15,1 17:05:06 01/07/20
0,98.8,28.0,2.91,2.91,0.22,0.21,0 17:10:36 01/07/20
0,97.1,27.3,2.91,2.91,0.16,0.16,1 17:16:07 01/07/20
0,97.3,26.6,2.9,2.91,0.22,0.2,0 17:21:35 01/07/20
0,98.5,26.2,2.91,2.91,0.16,0.15,1 17:27:06 01/07/20
0,99.2,26.4,2.91,2.91,0.22,0.21,0 17:32:35 01/07/20
0,99.2,26.6,2.91,2.91,0.16,0.15,1 17:38:04 01/07/20
0,99.2,26.9,2.91,2.91,0.22,0.21,0 17:43:35 01/07/20
0,98.5,27.1,2.91,2.91,0.16,0.15,1 17:49:04 01/07/20
0,98.7,27.5,2.91,2.91,0.22,0.21,0 17:54:34 01/07/20
0,97.4,27.5,2.91,2.91,0.16,0.15,1 18:00:04 01/07/20
0,97.3,27.4,2.91,2.91,0.22,0.2,0 18:05:33 01/07/20
0,97.0,27.0,2.91,2.91,0.16,0.15,1 18:11:04 01/07/20
0,97.2,26.7,2.91,2.91,0.22,0.21,0 18:16:33 01/07/20
0,97.3,26.4,2.91,2.91,0.16,0.15,1 18:22:03 01/07/20
0,97.1,26.1,2.91,2.91,0.22,0.2,0 18:27:32 01/07/20
0,96.5,25.8,2.91,2.91,0.14,0.14,1 18:33:00 01/07/20
0,96.3,25.3,2.91,2.91,0.22,0.2,0 18:38:31 01/07/20
0,96.5,24.9,2.91,2.91,0.16,0.15,1 18:44:01 01/07/20
0,96.8,24.6,2.91,2.91,0.22,0.2,0 18:49:30 01/07/20
0,96.8,24.3,2.91,2.91,0.16,0.15,1 18:55:00 01/07/20
0,96.9,24.3,2.91,2.91,0.21,0.2,0 19:00:29 01/07/20
0,97.3,24.2,2.91,2.92,0.16,0.15,1 19:05:59 01/07/20
0,96.8,24.1,2.91,2.91,0.22,0.2,0 19:11:29 01/07/20
0,96.5,23.9,2.91,2.92,0.16,0.15,1 19:16:58 01/07/20
0,96.8,23.7,2.91,2.91,0.19,0.18,0 19:22:25 01/07/20
0,96.2,23.6,2.91,2.92,0.16,0.15,1 19:27:56 01/07/20
0,95.7,23.3,2.91,2.91,0.21,0.2,0 19:33:26 01/07/20
0,96.1,23.1,2.91,2.92,0.16,0.15,1 19:38:55 01/07/20
0,96.1,22.9,2.91,2.92,0.22,0.21,0 19:44:25 01/07/20
0,96.2,22.8,2.91,2.92,0.16,0.15,1 19:49:53 01/07/20
0,96.4,22.6,2.91,2.92,0.22,0.21,0 19:55:24 01/07/20
0,96.0,22.5,2.91,2.92,0.16,0.15,1 20:00:52 01/07/20
0,96.2,22.3,2.91,2.92,0.22,0.21,0 20:06:22 01/07/20
0,96.2,22.2,2.91,2.92,0.16,0.15,1 20:11:50 01/07/20
0,96.4,22.1,2.91,2.92,0.21,0.2,0 20:17:19 01/07/20
0,96.4,22.0,2.91,2.92,0.16,0.15,1 20:22:49 01/07/20
0,96.4,21.9,2.91,2.92,0.13,0.13,1 20:28:22 01/07/20
0,96.2,21.7,2.91,2.92,0.19,0.18,0 20:33:54 01/07/20
0,96.2,21.5,2.91,2.92,0.16,0.15,1 20:39:25 01/07/20
0,96.1,21.3,2.91,2.92,0.22,0.2,0 20:44:54 01/07/20
0,96.3,21.2,2.91,2.92,0.16,0.15,1 20:50:23 01/07/20
0,96.3,21.0,2.91,2.92,0.18,0.18,0 20:55:51 01/07/20
0,96.3,20.8,2.91,2.92,0.16,0.15,1 21:01:22 01/07/20
0,96.6,20.7,2.91,2.92,0.22,0.2,0 21:06:51 01/07/20
0,96.5,20.6,2.91,2.92,0.16,0.15,1 21:12:19 01/07/20
0,96.7,20.5,2.91,2.92,0.22,0.2,0 21:17:48 01/07/20
0,96.7,20.4,2.91,2.92,0.16,0.15,1 21:23:17 01/07/20
0,96.8,20.2,2.91,2.92,0.22,0.2,0 21:28:46 01/07/20
0,96.7,20.1,2.91,2.92,0.16,0.15,1 21:34:15 01/07/20
0,96.7,19.9,2.91,2.92,0.21,0.2,0 21:39:44 01/07/20
0,96.9,19.8,2.91,2.92,0.16,0.15,1 21:45:13 01/07/20
0,96.8,19.6,2.91,2.92,0.22,0.21,0 21:50:43 01/07/20
0,96.9,19.4,2.91,2.92,0.16,0.15,1 21:56:10 01/07/20
0,96.8,19.2,2.91,2.91,0.17,0.17,0 22:01:37 01/07/20
0,97.0,19.0,2.91,2.92,0.16,0.15,1 22:07:09 01/07/20
0,97.2,18.9,2.91,2.92,0.21,0.2,0 22:12:37 01/07/20
0,97.2,18.8,2.91,2.92,0.16,0.15,1 22:18:07 01/07/20
0,97.0,18.7,2.91,2.92,0.21,0.2,0 22:23:34 01/07/20
0,97.0,18.5,2.91,2.92,0.16,0.15,1 22:29:04 01/07/20
0,97.3,18.4,2.91,2.92,0.22,0.2,0 22:34:32 01/07/20
0,97.2,18.3,2.91,2.92,0.16,0.16,0 22:40:04 01/07/20
0,97.1,18.2,2.91,2.92,0.16,0.15,1 22:45:38 01/07/20
0,97.4,18.1,2.91,2.92,0.21,0.2,0 22:51:07 01/07/20
0,97.4,18.0,2.91,2.92,0.15,0.14,1 22:56:36 01/07/20
0,97.4,17.9,2.91,2.92,0.21,0.2,0 23:02:04 01/07/20
0,97.6,17.8,2.91,2.92,0.16,0.15,1 23:07:33 01/07/20
0,97.5,17.8,2.91,2.92,0.21,0.19,0 23:13:02 01/07/20
0,97.6,17.6,2.91,2.92,0.14,0.13,1 23:18:29 01/07/20
0,97.6,17.5,2.91,2.91,0.18,0.18,0 23:23:57 01/07/20
0,97.8,17.4,2.91,2.92,0.16,0.15,1 23:29:27 01/07/20
0,97.6,17.3,2.91,2.91,0.18,0.17,0 23:34:55 01/07/20
0,97.7,17.2,2.91,2.92,0.16,0.15,1 23:40:26 01/07/20
0,97.7,17.1,2.91,2.92,0.21,0.19,0 23:45:53 01/07/20
0,97.7,17.0,2.91,2.92,0.16,0.15,1 23:51:22 01/07/20
0,97.7,16.8,2.91,2.92,0.21,0.19,0 23:56:50 01/07/20
