0,98.2,16.7,2.91,2.92,0.16,0.15,1 00:02:19 02/07/20
0,97.6,16.6,2.91,2.91,0.21,0.2,0 00:07:47 02/07/20
0,98.0,16.5,2.91,2.92,0.16,0.15,1 00:13:16 02/07/20
0,98.5,16.3,2.9,2.94,0.21,0.19,0 00:18:44 02/07/20
0,99.1,16.3,2.91,2.92,0.16,0.15,1 00:24:13 02/07/20
0,99.3,16.2,2.91,2.91,0.21,0.2,0 00:29:41 02/07/20
0,99.9,16.2,2.91,2.92,0.16,0.15,1 00:35:10 02/07/20
0,99.2,16.1,2.91,2.91,0.21,0.2,0 00:40:38 02/07/20
0,98.5,16.0,2.91,2.92,0.16,0.15,1 00:46:07 02/07/20
0,98.7,16.0,2.91,2.91,0.21,0.2,0 00:51:35 02/07/20
0,98.7,15.9,2.91,2.91,0.16,0.15,1 00:57:04 02/07/20
0,98.8,15.8,2.91,2.91,0.21,0.2,0 01:02:32 02/07/20
0,98.9,15.7,2.91,2.92,0.16,0.15,1 01:08:01 02/07/20
0,99.1,15.6,2.91,2.91,0.21,0.2,0 01:13:29 02/07/20
0,98.8,15.5,2.91,2.92,0.16,0.15,1 01:18:59 02/07/20
0,98.9,15.5,2.91,2.91,0.21,0.2,0 01:24:27 02/07/20
0,98.9,15.3,2.91,2.91,0.16,0.15,1 01:29:54 02/07/20
0,99.3,15.3,2.91,2.91,0.22,0.2,0 01:35:23 02/07/20
0,99.0,15.2,2.91,2.91,0.15,0.14,1 01:40:51 02/07/20
0,98.7,15.1,2.91,2.91,0.22,0.2,0 01:46:20 02/07/20
0,98.8,15.1,2.91,2.91,0.16,0.15,1 01:51:49 02/07/20
0,98.6,15.0,2.91,2.91,0.21,0.2,0 01:57:16 02/07/20
0,98.6,15.0,2.91,2.91,0.16,0.15,1 02:02:45 02/07/20
0,98.5,14.9,2.91,2.91,0.21,0.2,0 02:08:13 02/07/20
0,98.3,14.8,2.91,2.91,0.15,0.15,1 02:13:42 02/07/20
0,98.4,14.8,2.91,2.91,0.18,0.18,0 02:19:08 02/07/20
0,98.5,14.7,2.91,2.91,0.16,0.16,0 02:24:48 02/07/20
0,98.5,14.8,2.91,2.91,0.15,0.14,1 02:30:15 02/07/20
0,98.4,14.7,2.91,2.91,0.12,0.12,1 02:35:48 02/07/20
0,98.6,14.6,2.93,2.9,0.22,0.2,0 02:41:21 02/07/20
0,99.0,14.6,2.91,2.91,0.15,0.15,1 02:46:49 02/07/20
0,99.4,14.6,2.91,2.91,0.22,0.21,0 02:52:19 02/07/20
0,98.8,14.5,2.91,2.91,0.16,0.15,1 02:57:46 02/07/20
0,98.7,14.5,2.91,2.91,0.21,0.2,0 03:03:14 02/07/20
0,98.7,14.4,2.91,2.91,0.15,0.14,1 03:08:42 02/07/20
0,98.8,14.4,2.89,2.88,0.23,0.2,0 03:14:11 02/07/20
0,99.4,14.4,2.91,2.91,0.16,0.15,1 03:19:40 02/07/20
0,99.2,14.3,2.91,2.91,0.21,0.2,0 03:25:07 02/07/20
0,99.9,14.3,2.91,2.91,0.15,0.14,1 03:30:35 02/07/20
0,99.9,14.3,2.91,2.91,0.22,0.2,0 03:36:04 02/07/20
0,99.9,14.2,2.91,2.91,0.16,0.15,1 03:41:32 02/07/20
0,99.9,14.2,2.91,2.91,0.2,0.19,0 03:47:00 02/07/20
0,99.9,14.1,2.91,2.91,0.16,0.15,1 03:52:29 02/07/20
0,99.9,14.1,2.91,2.91,0.22,0.2,0 03:57:58 02/07/20
0,99.9,14.1,2.91,2.91,0.16,0.15,1 04:03:25 02/07/20
0,99.9,14.0,2.91,2.91,0.22,0.2,0 04:08:55 02/07/20
0,99.9,14.1,2.91,2.91,0.16,0.15,1 04:14:22 02/07/20
0,99.9,14.1,2.91,2.91,0.22,0.2,0 04:20:00 02/07/20
0,99.9,14.1,2.91,2.91,0.16,0.15,1 04:25:28 02/07/20
0,99.9,14.1,2.91,2.91,0.21,0.19,0 04:30:56 02/07/20
0,99.9,14.2,2.91,2.91,0.16,0.15,1 04:36:24 02/07/20
0,99.9,14.2,2.91,2.91,0.22,0.2,0 04:41:53 02/07/20
0,99.9,14.3,2.91,2.91,0.16,0.15,1 04:47:20 02/07/20
0,99.9,14.3,2.91,2.91,0.22,0.21,0 04:52:50 02/07/20
0,99.9,14.3,2.91,2.91,0.16,0.15,1 04:58:17 02/07/20
0,99.9,14.4,2.91,2.91,0.21,0.2,0 05:03:45 02/07/20
0,99.9,14.5,2.91,2.91,0.16,0.15,1 05:09:13 02/07/20
0,99.9,14.5,2.91,2.91,0.22,0.2,0 05:14:42 02/07/20
0,99.9,14.6,2.91,2.91,0.16,0.15,1 05:20:11 02/07/20
0,99.9,14.6,2.91,2.9,0.21,0.2,0 05:25:38 02/07/20
0,99.9,14.7,2.91,2.91,0.14,0.13,1 05:31:05 02/07/20
0,99.9,14.8,2.9,2.9,0.18,0.18,0 05:36:34 02/07/20
0,99.9,14.9,2.91,2.91,0.16,0.15,1 05:42:03 02/07/20
0,99.9,14.9,2.91,2.9,0.22,0.2,0 05:47:32 02/07/20
0,99.9,15.0,2.9,2.91,0.16,0.15,1 05:53:01 02/07/20
0,99.9,15.1,2.91,2.9,0.21,0.2,0 05:58:28 02/07/20
0,99.9,15.1,2.9,2.91,0.16,0.15,1 06:03:57 02/07/20
0,99.9,15.2,2.9,2.9,0.22,0.2,0 06:09:26 02/07/20
0,99.9,15.2,2.9,2.91,0.16,0.15,1 06:14:53 02/07/20
0,99.9,15.3,2.9,2.9,0.22,0.2,0 06:20:22 02/07/20
0,99.9,15.3,2.91,2.91,0.16,0.15,1 06:25:51 02/07/20
0,99.9,15.3,2.9,2.9,0.22,0.21,0 06:31:24 02/07/20
0,99.9,15.4,2.9,2.91,0.16,0.15,1 06:36:56 02/07/20
0,99.9,15.5,2.9,2.9,0.17,0.17,0 06:42:22 02/07/20
0,99.9,15.5,2.9,2.9,0.16,0.15,1 06:47:53 02/07/20
0,99.9,15.7,2.9,2.9,0.22,0.21,0 06:53:22 02/07/20
0,99.9,15.8,2.9,2.9,0.17,0.16,0 06:58:53 02/07/20
0,99.9,15.9,2.9,2.9,0.16,0.16,0 07:04:31 02/07/20
0,99.9,16.0,2.9,2.9,0.16,0.15,1 07:10:04 02/07/20
0,99.9,16.1,2.9,2.91,0.13,0.13,1 07:15:36 02/07/20
0,99.9,16.2,2.9,2.9,0.22,0.21,0 07:21:11 02/07/20
0,99.9,16.3,2.9,2.9,0.16,0.15,1 07:26:38 02/07/20
0,99.9,16.4,2.9,2.9,0.22,0.21,0 07:32:07 02/07/20
0,99.9,16.5,2.9,2.9,0.16,0.15,1 07:37:35 02/07/20
0,99.9,16.6,2.9,2.9,0.22,0.21,0 07:43:04 02/07/20
0,99.9,16.7,2.9,2.9,0.16,0.15,1 07:48:32 02/07/20
0,99.9,16.9,2.9,2.9,0.22,0.21,0 07:54:01 02/07/20
0,99.9,17.0,2.9,2.9,0.15,0.15,1 07:59:30 02/07/20
0,99.9,17.1,2.9,2.9,0.22,0.21,0 08:04:59 02/07/20
0,99.9,17.2,2.9,2.9,0.16,0.15,1 08:10:27 02/07/20
0,99.9,17.3,2.9,2.9,0.13,0.13,1 08:15:59 02/07/20
0,99.9,17.4,2.9,2.9,0.22,0.21,0 08:21:33 02/07/20
0,99.9,17.6,2.9,2.9,0.16,0.15,1 08:27:01 02/07/20
0,99.9,17.7,2.9,2.9,0.22,0.21,0 08:32:30 02/07/20
0,99.9,18.0,2.9,2.9,0.17,0.17,0 08:38:10 02/07/20
0,99.9,18.2,2.9,2.88,0.15,0.15,1 08:43:36 02/07/20
0,99.9,18.4,2.9,2.9,0.22,0.21,0 08:49:05 02/07/20
0,99.9,18.6,2.9,2.9,0.17,0.17,0 08:54:37 02/07/20
0,99.9,18.9,2.9,2.9,0.13,0.13,1 09:00:09 02/07/20
0,99.9,19.2,2.9,2.9,0.19,0.18,0 09:05:39 02/07/20
0,99.9,19.4,2.9,2.9,0.16,0.15,1 09:11:09 02/07/20
0,99.9,19.5,2.9,2.9,0.22,0.21,0 09:16:38 02/07/20
0,99.9,19.7,2.9,2.9,0.16,0.15,1 09:22:06 02/07/20
0,99.9,19.7,2.9,2.9,0.21,0.21,0 09:27:35 02/07/20
0,99.9,19.8,2.9,2.9,0.16,0.15,1 09:33:04 02/07/20
0,99.9,20.0,2.9,2.9,0.22,0.21,0 09:38:34 02/07/20
0,99.9,20.1,2.9,2.9,0.14,0.14,1 09:44:00 02/07/20
0,99.9,20.3,2.9,2.9,0.22,0.21,0 09:49:31 02/07/20
0,99.9,20.4,2.9,2.9,0.14,0.14,1 09:54:58 02/07/20
0,99.9,20.6,2.9,2.9,0.22,0.21,0 10:00:29 02/07/20
0,99.9,20.6,2.9,2.9,0.16,0.15,1 10:05:58 02/07/20
0,99.9,20.7,2.9,2.9,0.23,0.21,0 10:11:28 02/07/20
0,99.9,20.8,2.9,2.9,0.15,0.14,1 10:16:55 02/07/20
0,99.9,20.9,2.9,2.9,0.23,0.21,0 10:22:26 02/07/20
0,99.9,21.0,2.9,2.9,0.16,0.15,1 10:27:54 02/07/20
0,99.9,21.1,2.9,2.9,0.23,0.21,0 10:33:24 02/07/20
0,99.9,21.1,2.9,2.9,0.16,0.16,1 10:38:57 02/07/20
0,99.9,21.1,2.9,2.9,0.21,0.2,0 10:44:30 02/07/20
0,99.9,21.2,2.9,2.9,0.16,0.15,1 10:49:59 02/07/20
0,99.9,21.3,2.9,2.9,0.21,0.21,0 10:55:28 02/07/20
0,99.9,21.4,2.9,2.9,0.16,0.15,1 11:00:57 02/07/20
0,99.9,21.5,2.9,2.9,0.23,0.21,0 11:06:27 02/07/20
0,99.9,21.5,2.9,2.9,0.16,0.15,1 11:11:55 02/07/20
0,99.9,21.6,2.9,2.9,0.22,0.21,0 11:17:24 02/07/20
0,99.9,21.7,2.9,2.9,0.16,0.15,1 11:22:53 02/07/20
0,99.9,21.8,2.9,2.9,0.22,0.21,0 11:28:22 02/07/20
0,99.9,22.0,2.9,2.9,0.16,0.15,1 11:33:52 02/07/20
0,99.9,22.3,2.9,2.9,0.22,0.21,0 11:39:20 02/07/20
0,99.9,22.6,2.9,2.9,0.16,0.15,1 11:44:49 02/07/20
0,99.9,22.8,2.9,2.9,0.2,0.19,0 11:50:18 02/07/20
0,99.9,22.7,2.9,2.9,0.16,0.15,1 11:55:48 02/07/20
0,99.9,22.8,2.9,2.9,0.22,0.21,0 12:01:17 02/07/20
0,99.9,23.0,2.9,2.9,0.16,0.15,1 12:06:46 02/07/20
0,99.9,23.2,2.9,2.9,0.2,0.19,0 12:12:14 02/07/20
0,99.9,23.5,2.9,2.9,0.16,0.15,1 12:17:45 02/07/20
0,99.9,23.8,2.9,2.9,0.22,0.21,0 12:23:15 02/07/20
0,99.9,23.9,2.9,2.9,0.16,0.15,1 12:28:43 02/07/20
0,99.9,24.1,2.9,2.9,0.22,0.21,0 12:34:13 02/07/20
0,99.9,24.1,2.9,2.9,0.16,0.15,1 12:39:43 02/07/20
0,99.9,24.0,2.9,2.9,0.22,0.21,0 12:45:11 02/07/20
0,99.9,23.9,2.9,2.9,0.16,0.15,1 12:50:41 02/07/20
0,99.9,23.8,2.9,2.9,0.22,0.21,0 12:56:18 02/07/20
0,99.9,24.1,2.9,2.9,0.16,0.15,1 13:01:48 02/07/20
0,99.9,25.2,2.9,2.9,0.19,0.19,0 13:07:16 02/07/20
0,99.9,25.6,2.9,2.9,0.16,0.15,1 13:12:47 02/07/20
0,99.4,25.3,2.9,2.9,0.22,0.21,0 13:18:17 02/07/20
0,99.4,24.9,2.9,2.9,0.16,0.15,1 13:23:46 02/07/20
0,99.9,24.6,2.9,2.9,0.13,0.13,1 13:29:19 02/07/20
0,99.9,25.0,2.9,2.9,0.22,0.21,0 13:34:54 02/07/20
0,99.9,25.3,2.9,2.9,0.16,0.15,1 13:40:23 02/07/20
0,99.9,25.7,2.9,2.9,0.22,0.21,0 13:45:54 02/07/20
0,99.9,27.2,2.9,2.9,0.16,0.16,1 13:51:24 02/07/20
0,99.9,28.8,2.9,2.9,0.22,0.21,0 13:56:52 02/07/20
0,99.9,30.3,2.9,2.9,0.16,0.15,1 14:02:22 02/07/20
0,92.5,30.5,2.9,2.9,0.2,0.19,0 14:07:52 02/07/20
0,90.8,29.5,2.9,2.91,0.16,0.16,1 14:13:23 02/07/20
0,91.3,28.3,2.9,2.9,0.19,0.18,0 14:18:51 02/07/20
0,91.4,27.0,2.9,2.91,0.16,0.15,1 14:24:22 02/07/20
0,92.3,25.9,2.9,2.9,0.22,0.21,0 14:29:53 02/07/20
0,94.6,25.4,2.9,2.91,0.16,0.16,1 14:35:23 02/07/20
0,95.0,25.3,2.9,2.9,0.22,0.21,0 14:40:52 02/07/20
0,98.9,25.8,2.9,2.91,0.16,0.16,1 14:46:22 02/07/20
0,99.0,27.1,2.9,2.9,0.21,0.21,0 14:51:50 02/07/20
0,96.2,27.8,2.9,2.91,0.16,0.15,1 14:57:21 02/07/20
0,94.9,28.0,2.9,2.91,0.22,0.21,0 15:02:50 02/07/20
0,96.0,28.1,2.9,2.91,0.16,0.15,1 15:08:20 02/07/20
0,95.1,28.6,2.9,2.9,0.22,0.21,0 15:13:50 02/07/20
0,95.1,29.2,2.9,2.91,0.16,0.15,1 15:19:20 02/07/20
0,93.8,29.3,2.9,2.91,0.22,0.21,0 15:24:50 02/07/20
0,92.7,28.7,2.9,2.91,0.16,0.15,1 15:30:20 02/07/20
0,94.4,28.6,2.9,2.91,0.13,0.13,1 15:35:53 02/07/20
0,92.9,28.6,2.9,2.91,0.22,0.21,0 15:41:29 02/07/20
0,92.4,28.1,2.9,2.91,0.16,0.15,1 15:46:58 02/07/20
0,91.2,27.3,2.9,2.91,0.22,0.21,0 15:52:28 02/07/20
0,91.0,26.3,2.9,2.91,0.16,0.15,1 15:57:58 02/07/20
0,91.8,25.4,2.9,2.91,0.22,0.21,0 16:03:29 02/07/20
0,92.6,24.8,2.9,2.91,0.16,0.15,1 16:08:58 02/07/20
0,93.2,24.6,2.9,2.91,0.21,0.21,0 16:14:26 02/07/20
0,93.0,24.6,2.9,2.91,0.16,0.15,1 16:19:56 02/07/20
0,93.7,24.8,2.9,2.91,0.21,0.21,0 16:25:25 02/07/20
0,96.9,25.7,2.9,2.91,0.16,0.16,1 16:30:56 02/07/20
0,97.2,27.4,2.9,2.91,0.21,0.21,0 16:36:24 02/07/20
0,93.7,28.6,2.9,2.91,0.13,0.13,1 16:41:52 02/07/20
0,95.2,29.2,2.9,2.91,0.21,0.21,0 16:47:24 02/07/20
0,93.3,30.0,2.9,2.91,0.16,0.15,1 16:52:57 02/07/20
0,91.3,30.3,2.91,2.91,0.13,0.13,1 16:58:28 02/07/20
0,88.5,29.7,2.91,2.91,0.23,0.21,0 17:04:05 02/07/20
0,86.8,29.0,2.9,2.91,0.16,0.15,1 17:09:34 02/07/20
0,85.0,28.1,2.9,2.91,0.2,0.19,0 17:15:03 02/07/20
0,85.4,27.1,2.9,2.91,0.16,0.16,1 17:20:34 02/07/20
0,88.0,26.4,2.9,2.91,0.21,0.2,0 17:26:03 02/07/20
0,89.0,25.9,2.9,2.91,0.16,0.15,1 17:31:33 02/07/20
0,88.5,26.1,2.9,2.91,0.21,0.21,0 17:37:02 02/07/20
0,91.6,26.9,2.91,2.91,0.16,0.15,1 17:42:33 02/07/20
0,91.2,28.0,2.9,2.91,0.22,0.21,0 17:48:03 02/07/20
0,90.5,28.9,2.9,2.91,0.16,0.15,1 17:53:32 02/07/20
0,84.4,28.8,2.9,2.91,0.22,0.21,0 17:59:02 02/07/20
0,81.1,28.1,2.9,2.91,0.16,0.15,1 18:04:32 02/07/20
0,79.5,27.1,2.9,2.91,0.22,0.21,0 18:10:03 02/07/20
0,79.5,25.9,2.9,2.91,0.16,0.15,1 18:15:31 02/07/20
0,80.9,24.9,2.91,2.91,0.22,0.21,0 18:21:01 02/07/20
0,82.8,24.2,2.9,2.91,0.16,0.15,1 18:26:30 02/07/20
0,84.3,24.0,2.9,2.91,0.13,0.13,1 18:32:04 02/07/20
0,83.1,23.8,2.9,2.91,0.18,0.18,0 18:37:37 02/07/20
0,85.1,23.7,2.9,2.91,0.16,0.15,1 18:43:07 02/07/20
0,85.3,23.6,2.9,2.91,0.22,0.21,0 18:48:37 02/07/20
0,85.0,23.4,2.9,2.91,0.16,0.15,1 18:54:07 02/07/20
0,84.8,23.2,2.91,2.91,0.21,0.2,0 18:59:35 02/07/20
0,84.8,23.1,2.91,2.91,0.06,0.08,0 19:05:11 02/07/20
0,83.8,23.0,2.91,2.91,0.16,0.15,1 19:10:43 02/07/20
0,84.0,22.8,2.91,2.91,0.22,0.21,0 19:16:13 02/07/20
0,83.1,22.6,2.91,2.91,0.16,0.15,1 19:21:41 02/07/20
0,83.4,22.3,2.91,2.91,0.21,0.2,0 19:27:11 02/07/20
0,83.5,22.1,2.91,2.92,0.16,0.15,1 19:32:41 02/07/20
0,83.2,21.8,2.91,2.91,0.22,0.21,0 19:38:09 02/07/20
0,83.4,21.7,2.91,2.92,0.16,0.15,1 19:43:38 02/07/20
0,83.8,21.5,2.91,2.91,0.21,0.21,0 19:49:08 02/07/20
0,84.1,21.5,2.91,2.91,0.13,0.13,1 19:54:34 02/07/20
0,85.9,21.6,2.91,2.91,0.21,0.2,0 20:00:05 02/07/20
0,87.5,21.7,2.91,2.92,0.16,0.15,1 20:05:34 02/07/20
0,87.6,21.7,2.91,2.91,0.21,0.2,0 20:11:04 02/07/20
0,87.7,21.7,2.91,2.92,0.16,0.15,1 20:16:34 02/07/20
0,88.0,21.5,2.91,2.91,0.22,0.21,0 20:22:02 02/07/20
0,88.2,21.2,2.91,2.92,0.16,0.15,1 20:27:31 02/07/20
0,88.4,21.0,2.91,2.91,0.22,0.21,0 20:33:00 02/07/20
0,88.7,20.8,2.91,2.92,0.16,0.15,1 20:38:29 02/07/20
0,89.4,20.5,2.91,2.91,0.22,0.21,0 20:43:58 02/07/20
0,89.9,20.2,2.91,2.92,0.16,0.15,1 20:49:27 02/07/20
0,90.1,20.0,2.91,2.91,0.22,0.21,0 20:54:56 02/07/20
0,90.4,19.8,2.91,2.92,0.16,0.15,1 21:00:25 02/07/20
0,90.5,19.5,2.91,2.91,0.21,0.2,0 21:05:54 02/07/20
0,90.6,19.3,2.91,2.92,0.16,0.15,1 21:11:29 02/07/20
0,90.5,19.2,2.91,2.91,0.21,0.2,0 21:17:01 02/07/20
0,90.9,19.0,2.91,2.91,0.16,0.15,1 21:22:29 02/07/20
0,91.2,18.8,2.91,2.91,0.21,0.2,0 21:27:58 02/07/20
0,91.4,18.6,2.91,2.92,0.16,0.15,1 21:33:27 02/07/20
0,91.8,18.5,2.91,2.91,0.21,0.2,0 21:38:55 02/07/20
0,92.2,18.3,2.91,2.92,0.13,0.13,1 21:42:23 02/07/20
0,93.2,18.1,2.91,2.91,0.21,0.2,0 21:47:57 02/07/20
0,93.6,17.9,2.91,2.91,0.16,0.15,1 21:53:25 02/07/20
0,93.9,17.7,2.91,2.91,0.21,0.2,0 21:58:54 02/07/20
0,93.9,17.5,2.91,2.91,0.16,0.16,0 22:04:26 02/07/20
0,95.0,17.3,2.91,2.92,0.16,0.15,1 22:10:01 02/07/20
0,95.1,17.1,2.91,2.91,0.18,0.18,0 22:15:27 02/07/20
0,95.8,17.0,2.91,2.92,0.16,0.15,1 22:20:57 02/07/20
0,93.5,16.8,2.91,2.91,0.18,0.18,0 22:26:24 02/07/20
0,94.1,16.7,2.91,2.91,0.16,0.15,1 22:31:54 02/07/20
0,94.4,16.5,2.91,2.91,0.21,0.2,0 22:37:24 02/07/20
0,93.9,16.4,2.91,2.91,0.16,0.15,1 22:42:52 02/07/20
0,94.6,16.2,2.91,2.91,0.21,0.2,0 22:48:21 02/07/20
0,93.5,16.1,2.91,2.91,0.16,0.15,1 22:53:49 02/07/20
0,93.2,15.9,2.91,2.91,0.21,0.2,0 22:59:18 02/07/20
0,93.2,15.8,2.91,2.91,0.16,0.15,1 23:04:45 02/07/20
0,93.9,15.7,2.91,2.91,0.22,0.2,0 23:10:14 02/07/20
0,94.3,15.6,2.91,2.91,0.16,0.15,1 23:15:42 02/07/20
0,95.1,15.5,2.91,2.91,0.21,0.2,0 23:21:11 02/07/20
0,95.3,15.5,2.91,2.91,0.13,0.13,1 23:26:37 02/07/20
0,95.8,15.4,2.91,2.91,0.22,0.21,0 23:32:09 02/07/20
0,96.0,15.4,2.91,2.91,0.16,0.15,1 23:37:37 02/07/20
0,96.1,15.4,2.91,2.91,0.21,0.2,0 23:43:04 02/07/20
0,96.2,15.4,2.91,2.91,0.16,0.15,1 23:48:33 02/07/20
0,96.2,15.3,2.91,2.91,0.21,0.2,0 23:54:02 02/07/20
0,95.6,15.2,2.91,2.91,0.16,0.15,1 23:59:30 02/07/20
