0,96.0,15.2,2.91,2.91,0.21,0.2,0 00:04:58 03/07/20
0,95.6,15.1,2.91,2.91,0.16,0.15,1 00:10:27 03/07/20
0,95.9,15.0,2.91,2.91,0.21,0.2,0 00:15:55 03/07/20
0,96.3,15.0,2.91,2.91,0.16,0.15,1 00:21:23 03/07/20
0,97.0,14.9,2.91,2.91,0.21,0.2,0 00:26:52 03/07/20
0,97.4,14.9,2.91,2.91,0.14,0.13,1 00:32:19 03/07/20
0,97.7,14.9,2.91,2.91,0.21,0.2,0 00:37:48 03/07/20
0,97.9,14.9,2.91,2.91,0.16,0.15,1 00:43:17 03/07/20
0,98.2,14.9,2.91,2.91,0.21,0.2,0 00:48:45 03/07/20
0,98.4,14.8,2.91,2.91,0.16,0.15,1 00:54:14 03/07/20
0,98.2,14.8,2.91,2.91,0.21,0.2,0 00:59:42 03/07/20
0,96.7,14.8,2.91,2.91,0.13,0.13,1 01:05:08 03/07/20
0,95.9,14.7,2.91,2.91,0.2,0.19,0 01:10:38 03/07/20
0,95.6,14.6,2.91,2.91,0.16,0.15,1 01:16:07 03/07/20
0,95.7,14.6,2.91,2.91,0.21,0.2,0 01:21:35 03/07/20
0,95.7,14.5,2.91,2.91,0.16,0.15,1 01:27:05 03/07/20
0,95.7,14.4,2.91,2.91,0.21,0.2,0 01:32:32 03/07/20
0,96.3,14.3,2.91,2.91,0.16,0.15,1 01:38:00 03/07/20
0,95.3,14.1,2.91,2.91,0.13,0.12,1 01:43:32 03/07/20
0,97.2,14.1,2.9,2.91,0.18,0.18,0 01:49:04 03/07/20
0,95.5,14.0,2.91,2.91,0.16,0.15,1 01:54:35 03/07/20
0,95.3,13.9,2.91,2.91,0.21,0.2,0 02:00:02 03/07/20
0,97.4,13.8,2.91,2.91,0.16,0.16,0 02:05:34 03/07/20
0,97.6,13.8,2.91,2.91,0.14,0.13,1 02:11:06 03/07/20
0,99.6,13.8,2.91,2.91,0.22,0.21,0 02:16:36 03/07/20
0,99.0,13.9,2.91,2.91,0.16,0.15,1 02:22:04 03/07/20
0,98.5,13.9,2.91,2.91,0.21,0.2,0 02:27:33 03/07/20
0,99.9,14.0,2.91,2.91,0.16,0.15,1 02:33:01 03/07/20
0,99.9,14.1,2.91,2.91,0.17,0.17,0 02:38:27 03/07/20
0,99.6,14.2,2.91,2.91,0.16,0.15,1 02:43:57 03/07/20
0,99.9,14.3,2.91,2.91,0.21,0.2,0 02:49:26 03/07/20
0,99.9,14.3,2.91,2.91,0.16,0.15,1 02:54:55 03/07/20
0,99.9,14.4,2.91,2.9,0.21,0.2,0 03:00:22 03/07/20
0,99.9,14.4,2.9,2.91,0.16,0.15,1 03:05:51 03/07/20
0,99.9,14.5,2.9,2.9,0.21,0.21,0 03:11:20 03/07/20
0,99.9,14.5,2.9,2.91,0.13,0.13,1 03:16:45 03/07/20
0,99.9,14.6,2.91,2.91,0.19,0.18,0 03:22:24 03/07/20
0,99.9,14.6,2.9,2.91,0.16,0.15,1 03:27:53 03/07/20
0,99.9,14.6,2.9,2.9,0.21,0.2,0 03:33:21 03/07/20
0,99.9,14.7,2.9,2.91,0.16,0.15,1 03:38:51 03/07/20
0,99.9,14.7,2.9,2.9,0.22,0.21,0 03:44:18 03/07/20
0,99.9,14.7,2.9,2.91,0.16,0.15,1 03:49:46 03/07/20
0,99.9,14.7,2.91,2.91,0.13,0.12,1 03:55:18 03/07/20
0,99.9,14.8,2.9,2.9,0.22,0.21,0 04:00:52 03/07/20
0,99.9,14.8,2.9,2.91,0.16,0.15,1 04:06:20 03/07/20
0,99.9,14.8,2.9,2.9,0.21,0.2,0 04:11:49 03/07/20
0,99.9,14.8,2.9,2.91,0.16,0.15,1 04:17:17 03/07/20
0,99.9,14.8,2.9,2.9,0.21,0.2,0 04:22:45 03/07/20
0,99.9,14.9,2.9,2.91,0.16,0.15,1 04:28:15 03/07/20
0,99.9,14.8,2.9,2.9,0.22,0.21,0 04:33:42 03/07/20
0,99.9,14.8,2.9,2.91,0.16,0.15,1 04:39:10 03/07/20
0,99.9,14.9,2.9,2.9,0.22,0.2,0 04:44:39 03/07/20
0,99.9,14.9,2.9,2.9,0.16,0.15,1 04:50:08 03/07/20
0,99.9,15.0,2.9,2.9,0.21,0.2,0 04:55:35 03/07/20
0,99.9,15.0,2.9,2.9,0.16,0.15,1 05:01:04 03/07/20
0,99.9,15.0,2.9,2.9,0.21,0.2,0 05:06:32 03/07/20
0,99.9,15.0,2.9,2.9,0.17,0.16,0 05:12:04 03/07/20
0,99.9,15.0,2.9,2.9,0.16,0.15,1 05:17:38 03/07/20
0,99.9,15.0,2.9,2.9,0.21,0.2,0 05:23:06 03/07/20
0,99.9,15.0,2.9,2.9,0.16,0.16,0 05:28:39 03/07/20
0,99.9,15.0,2.9,2.9,0.16,0.15,1 05:34:12 03/07/20
0,99.9,14.9,2.9,2.9,0.21,0.2,0 05:39:40 03/07/20
0,99.9,14.9,2.9,2.9,0.16,0.15,1 05:45:10 03/07/20
2,99.9,14.9,2.9,2.9,0.22,0.21,0 05:50:37 03/07/20
0,99.9,14.9,2.9,2.9,0.16,0.15,1 05:56:06 03/07/20
0,99.9,15.0,2.9,2.9,0.18,0.18,0 06:01:32 03/07/20
0,99.9,15.0,2.9,2.9,0.14,0.14,1 06:07:05 03/07/20
0,99.9,15.0,2.9,2.9,0.21,0.2,0 06:12:30 03/07/20
0,99.9,15.0,2.9,2.9,0.16,0.15,1 06:17:59 03/07/20
0,99.9,15.1,2.9,2.9,0.22,0.21,0 06:23:28 03/07/20
0,99.9,15.1,2.9,2.9,0.16,0.15,1 06:28:56 03/07/20
0,99.9,15.1,2.9,2.9,0.22,0.21,0 06:34:24 03/07/20
0,99.9,15.2,2.9,2.91,0.16,0.15,1 06:39:52 03/07/20
0,99.9,15.2,2.9,2.9,0.13,0.13,1 06:45:24 03/07/20
0,99.9,15.2,2.9,2.9,0.22,0.21,0 06:50:58 03/07/20
0,99.9,15.2,2.9,2.9,0.16,0.15,1 06:56:26 03/07/20
0,99.9,15.3,2.9,2.9,0.19,0.18,0 07:01:53 03/07/20
0,99.9,15.4,2.9,2.9,0.16,0.15,1 07:07:24 03/07/20
0,99.9,15.4,2.9,2.9,0.21,0.2,0 07:12:51 03/07/20
0,99.9,15.4,2.9,2.9,0.16,0.16,0 07:18:25 03/07/20
0,99.9,15.5,2.9,2.9,0.16,0.15,1 07:23:57 03/07/20
0,99.9,15.5,2.9,2.9,0.23,0.21,0 07:29:27 03/07/20
0,99.9,15.5,2.9,2.9,0.16,0.15,1 07:34:55 03/07/20
0,99.9,15.6,2.9,2.9,0.22,0.21,0 07:40:22 03/07/20
0,99.9,15.7,2.9,2.9,0.16,0.15,1 07:45:51 03/07/20
0,99.9,15.7,2.9,2.9,0.22,0.2,0 07:51:19 03/07/20
0,99.9,15.9,2.9,2.9,0.17,0.17,0 07:56:52 03/07/20
0,99.9,16.0,2.9,2.9,0.16,0.15,1 08:02:26 03/07/20
0,99.9,16.0,2.9,2.9,0.2,0.19,0 08:07:53 03/07/20
0,99.9,16.1,2.9,2.9,0.16,0.15,1 08:13:23 03/07/20
0,99.9,16.1,2.9,2.9,0.23,0.21,0 08:18:52 03/07/20
0,99.9,16.2,2.9,2.9,0.16,0.16,0 08:24:24 03/07/20
0,99.9,16.3,2.9,2.9,0.16,0.15,1 08:29:56 03/07/20
0,99.9,16.4,2.9,2.9,0.22,0.21,0 08:35:25 03/07/20
0,99.9,16.6,2.9,2.9,0.15,0.14,1 08:40:52 03/07/20
0,99.9,16.8,2.9,2.9,0.22,0.21,0 08:46:22 03/07/20
0,99.9,17.0,2.9,2.9,0.16,0.15,1 08:51:51 03/07/20
0,99.9,17.2,2.9,2.9,0.22,0.21,0 08:57:20 03/07/20
0,99.9,17.4,2.9,2.9,0.14,0.14,1 09:02:46 03/07/20
0,99.9,17.6,2.9,2.9,0.22,0.21,0 09:08:16 03/07/20
0,99.9,17.6,2.9,2.9,0.16,0.15,1 09:13:45 03/07/20
0,99.9,17.7,2.9,2.9,0.22,0.21,0 09:19:14 03/07/20
0,99.9,17.7,2.9,2.9,0.16,0.15,1 09:24:42 03/07/20
0,99.9,17.7,2.9,2.9,0.22,0.21,0 09:30:11 03/07/20
0,99.9,17.8,2.9,2.9,0.16,0.15,1 09:35:39 03/07/20
0,99.9,17.9,2.9,2.9,0.22,0.21,0 09:41:08 03/07/20
0,99.9,18.0,2.9,2.9,0.16,0.15,1 09:46:37 03/07/20
0,99.9,18.1,2.9,2.9,0.22,0.2,0 09:52:05 03/07/20
0,99.9,18.3,2.9,2.9,0.16,0.15,1 09:57:35 03/07/20
0,99.9,18.4,2.9,2.9,0.22,0.21,0 10:03:03 03/07/20
0,99.9,18.7,2.9,2.9,0.17,0.16,1 10:08:42 03/07/20
0,99.9,18.9,2.9,2.9,0.21,0.2,0 10:14:09 03/07/20
0,99.9,19.0,2.9,2.9,0.16,0.15,1 10:19:39 03/07/20
0,99.9,19.2,2.9,2.9,0.22,0.21,0 10:25:07 03/07/20
0,99.9,19.5,2.9,2.9,0.16,0.16,1 10:30:37 03/07/20
0,99.9,19.6,2.9,2.9,0.2,0.19,0 10:36:03 03/07/20
0,99.9,19.7,2.9,2.9,0.16,0.15,1 10:41:33 03/07/20
0,99.9,19.7,2.9,2.9,0.13,0.13,1 10:47:07 03/07/20
0,99.9,19.8,2.9,2.89,0.22,0.21,0 10:52:40 03/07/20
0,99.9,19.9,2.9,2.9,0.15,0.14,1 10:58:08 03/07/20
0,99.9,20.1,2.9,2.9,0.2,0.19,0 11:03:37 03/07/20
0,99.9,20.3,2.9,2.9,0.15,0.14,1 11:09:06 03/07/20
0,99.9,20.3,2.9,2.9,0.2,0.19,0 11:14:34 03/07/20
0,99.9,20.2,2.9,2.9,0.16,0.15,1 11:20:04 03/07/20
0,99.9,20.2,2.9,2.89,0.22,0.21,0 11:25:33 03/07/20
0,99.9,20.3,2.9,2.9,0.16,0.15,1 11:31:02 03/07/20
0,99.9,20.3,2.9,2.9,0.22,0.21,0 11:36:32 03/07/20
0,99.9,20.3,2.9,2.9,0.16,0.15,1 11:42:01 03/07/20
0,99.9,20.5,2.9,2.9,0.22,0.21,0 11:47:29 03/07/20
0,99.9,20.7,2.9,2.9,0.16,0.15,1 11:52:58 03/07/20
0,99.9,21.0,2.9,2.9,0.22,0.21,0 11:58:27 03/07/20
0,99.9,21.1,2.9,2.9,0.14,0.14,1 12:03:54 03/07/20
0,99.9,21.1,2.9,2.9,0.23,0.21,0 12:09:33 03/07/20
0,99.9,21.3,2.9,2.9,0.16,0.15,1 12:15:03 03/07/20
0,99.9,21.4,2.9,2.9,0.22,0.21,0 12:20:32 03/07/20
0,99.9,21.6,2.9,2.9,0.14,0.14,1 12:25:59 03/07/20
0,99.9,21.9,2.9,2.9,0.22,0.21,0 12:31:31 03/07/20
0,99.9,22.2,2.9,2.9,0.16,0.15,1 12:37:00 03/07/20
0,99.9,22.8,2.9,2.9,0.22,0.21,0 12:42:28 03/07/20
0,99.9,23.6,2.9,2.9,0.16,0.15,1 12:47:58 03/07/20
0,99.9,24.0,2.9,2.9,0.22,0.21,0 12:53:27 03/07/20
0,99.9,24.6,2.9,2.9,0.16,0.15,1 12:58:57 03/07/20
0,99.9,25.3,2.9,2.9,0.23,0.22,0 13:04:27 03/07/20
0,99.9,26.5,2.9,2.9,0.16,0.16,1 13:09:56 03/07/20
0,99.9,27.7,2.9,2.9,0.13,0.13,1 13:15:29 03/07/20
0,95.6,28.4,2.9,2.9,0.22,0.21,0 13:21:04 03/07/20
0,96.5,28.0,2.9,2.9,0.16,0.15,1 13:26:33 03/07/20
0,94.8,28.1,2.9,2.9,0.22,0.21,0 13:32:03 03/07/20
0,95.7,28.2,2.9,2.9,0.16,0.16,1 13:37:34 03/07/20
0,96.8,28.7,2.9,2.9,0.19,0.19,0 13:43:01 03/07/20
0,93.9,29.5,2.9,2.9,0.16,0.16,1 13:48:33 03/07/20
0,91.7,29.3,2.9,2.9,0.23,0.22,0 13:54:04 03/07/20
0,92.6,28.7,2.9,2.9,0.16,0.16,1 13:59:33 03/07/20
0,93.7,29.0,2.9,2.9,0.22,0.21,0 14:05:03 03/07/20
0,92.9,29.0,2.9,2.9,0.16,0.16,1 14:10:33 03/07/20
0,95.4,29.6,2.9,2.9,0.22,0.21,0 14:16:09 03/07/20
0,96.5,31.0,2.9,2.9,0.14,0.14,1 14:21:40 03/07/20
0,92.2,32.2,2.9,2.9,0.22,0.21,0 14:27:12 03/07/20
0,86.3,32.2,2.9,2.9,0.16,0.16,1 14:32:43 03/07/20
0,79.4,31.2,2.9,2.9,0.22,0.21,0 14:38:14 03/07/20
0,77.1,29.6,2.9,2.9,0.16,0.15,1 14:43:43 03/07/20
0,78.6,28.0,2.9,2.9,0.22,0.21,0 14:49:13 03/07/20
0,86.0,27.1,2.9,2.9,0.16,0.16,0 14:54:48 03/07/20
0,89.6,27.2,2.9,2.9,0.17,0.16,1 15:00:23 03/07/20
0,86.6,27.2,2.9,2.9,0.2,0.2,0 15:05:51 03/07/20
0,90.0,27.3,2.9,2.91,0.16,0.15,1 15:11:21 03/07/20
0,91.6,28.3,2.9,2.9,0.22,0.21,0 15:16:51 03/07/20
0,90.5,29.3,2.9,2.91,0.16,0.15,1 15:22:21 03/07/20
0,91.4,30.7,2.9,2.9,0.22,0.21,0 15:27:51 03/07/20
0,84.3,31.7,2.9,2.91,0.16,0.16,1 15:33:22 03/07/20
0,75.7,31.2,2.9,2.9,0.19,0.19,0 15:38:51 03/07/20
0,77.9,30.0,2.9,2.91,0.16,0.15,1 15:44:22 03/07/20
0,79.1,29.1,2.9,2.9,0.22,0.21,0 15:49:52 03/07/20
0,82.9,29.1,2.9,2.91,0.16,0.15,1 15:55:22 03/07/20
0,87.4,30.3,2.9,2.91,0.22,0.21,0 16:00:53 03/07/20
0,79.1,31.8,2.9,2.91,0.14,0.14,1 16:06:21 03/07/20
0,77.0,32.4,2.9,2.91,0.22,0.21,0 16:11:56 03/07/20
0,72.7,31.6,2.9,2.91,0.16,0.15,1 16:17:24 03/07/20
0,78.6,31.0,2.9,2.91,0.22,0.21,0 16:22:54 03/07/20
0,77.3,30.7,2.9,2.91,0.16,0.15,1 16:28:24 03/07/20
0,72.8,29.9,2.9,2.91,0.22,0.21,0 16:33:55 03/07/20
0,78.0,29.3,2.9,2.91,0.14,0.14,1 16:39:23 03/07/20
0,78.1,29.6,2.9,2.91,0.22,0.21,0 16:44:55 03/07/20
0,72.4,29.2,2.9,2.91,0.16,0.15,1 16:50:26 03/07/20
0,78.5,28.9,2.9,2.91,0.22,0.21,0 16:55:56 03/07/20
0,75.2,29.7,2.9,2.91,0.14,0.14,1 17:01:24 03/07/20
0,78.6,30.6,2.9,2.91,0.22,0.21,0 17:06:55 03/07/20
0,73.9,30.9,2.9,2.91,0.16,0.15,1 17:12:26 03/07/20
0,74.3,30.3,2.9,2.91,0.13,0.13,1 17:18:00 03/07/20
0,76.4,30.5,2.9,2.91,0.19,0.18,0 17:23:34 03/07/20
0,72.6,30.4,2.9,2.91,0.16,0.15,1 17:29:05 03/07/20
0,74.2,30.1,2.9,2.91,0.22,0.21,0 17:34:36 03/07/20
0,72.6,30.0,2.9,2.91,0.16,0.16,0 17:40:10 03/07/20
0,72.8,29.8,2.9,2.91,0.16,0.15,1 17:45:45 03/07/20
0,69.2,29.4,2.9,2.91,0.21,0.21,0 17:51:15 03/07/20
0,68.6,28.4,2.9,2.91,0.15,0.14,1 17:56:44 03/07/20
0,68.2,27.4,2.9,2.91,0.22,0.21,0 18:02:15 03/07/20
0,69.8,26.8,2.9,2.92,0.16,0.15,1 18:07:51 03/07/20
0,71.0,26.3,2.9,2.91,0.19,0.19,0 18:13:23 03/07/20
0,72.3,26.1,2.9,2.92,0.16,0.15,1 18:18:53 03/07/20
0,72.3,25.8,2.9,2.91,0.22,0.21,0 18:24:24 03/07/20
0,73.1,25.5,2.9,2.92,0.16,0.15,1 18:29:53 03/07/20
0,70.6,25.1,2.9,2.91,0.21,0.2,0 18:35:22 03/07/20
0,71.5,24.7,2.9,2.92,0.16,0.15,1 18:40:52 03/07/20
0,73.6,24.5,2.9,2.91,0.21,0.2,0 18:46:21 03/07/20
0,73.4,24.4,2.9,2.92,0.16,0.16,0 18:51:55 03/07/20
0,72.0,24.4,2.9,2.92,0.16,0.15,1 18:57:29 03/07/20
0,72.5,24.3,2.9,2.91,0.22,0.21,0 19:02:59 03/07/20
0,71.0,24.1,2.9,2.92,0.16,0.15,1 19:08:28 03/07/20
0,71.9,23.8,2.91,2.92,0.13,0.13,1 19:14:01 03/07/20
0,72.0,23.6,2.9,2.92,0.22,0.21,0 19:19:36 03/07/20
0,71.7,23.4,2.9,2.92,0.16,0.15,1 19:25:05 03/07/20
0,72.6,23.2,2.91,2.92,0.22,0.21,0 19:30:35 03/07/20
0,73.0,23.1,2.91,2.92,0.16,0.15,1 19:36:05 03/07/20
0,72.8,23.0,2.9,2.92,0.21,0.2,0 19:41:33 03/07/20
0,74.4,23.0,2.9,2.92,0.16,0.15,1 19:47:03 03/07/20
0,74.1,23.0,2.91,2.92,0.22,0.21,0 19:52:32 03/07/20
0,74.4,23.0,2.91,2.92,0.13,0.13,1 19:57:59 03/07/20
0,73.9,22.9,2.91,2.92,0.13,0.13,1 20:03:34 03/07/20
0,73.8,22.7,2.91,2.92,0.22,0.21,0 20:09:09 03/07/20
0,73.3,22.4,2.91,2.92,0.16,0.15,1 20:14:39 03/07/20
0,74.0,22.2,2.91,2.92,0.21,0.2,0 20:20:07 03/07/20
0,74.5,21.9,2.91,2.92,0.16,0.15,1 20:25:36 03/07/20
0,75.5,21.7,2.91,2.92,0.13,0.12,1 20:31:09 03/07/20
0,75.6,21.5,2.91,2.92,0.19,0.18,0 20:36:52 03/07/20
0,76.6,21.3,2.91,2.92,0.16,0.15,1 20:42:22 03/07/20
0,77.1,21.2,2.91,2.92,0.22,0.2,0 20:47:51 03/07/20
0,78.1,21.1,2.91,2.92,0.16,0.15,1 20:53:20 03/07/20
0,78.6,21.1,2.91,2.92,0.22,0.2,0 20:58:49 03/07/20
0,78.5,21.0,2.91,2.92,0.16,0.15,1 21:04:19 03/07/20
0,77.0,20.8,2.91,2.92,0.22,0.2,0 21:09:48 03/07/20
0,76.2,20.6,2.91,2.92,0.16,0.15,1 21:15:17 03/07/20
0,75.8,20.4,2.91,2.92,0.22,0.2,0 21:20:46 03/07/20
0,76.1,20.1,2.91,2.92,0.14,0.13,1 21:26:13 03/07/20
0,76.2,19.9,2.91,2.92,0.22,0.2,0 21:31:43 03/07/20
0,76.9,19.6,2.91,2.92,0.16,0.15,1 21:37:12 03/07/20
0,77.5,19.4,2.91,2.92,0.22,0.2,0 21:42:41 03/07/20
0,78.1,19.2,2.91,2.92,0.16,0.15,1 21:48:10 03/07/20
0,78.2,19.0,2.91,2.92,0.21,0.2,0 21:53:38 03/07/20
0,79.2,18.8,2.91,2.92,0.16,0.14,1 21:59:07 03/07/20
0,78.9,18.7,2.91,2.92,0.22,0.2,0 22:04:37 03/07/20
0,79.3,18.5,2.91,2.92,0.16,0.15,1 22:10:05 03/07/20
0,80.5,18.4,2.91,2.92,0.13,0.12,1 22:15:38 03/07/20
0,81.3,18.2,2.91,2.92,0.21,0.2,0 22:21:11 03/07/20
0,81.2,18.1,2.91,2.92,0.16,0.15,1 22:26:48 03/07/20
0,81.7,18.0,2.91,2.92,0.21,0.2,0 22:32:18 03/07/20
0,83.2,17.8,2.91,2.92,0.16,0.15,1 22:37:47 03/07/20
