0,86.7,16.6,2.91,2.91,0.15,0.14,1 00:05:24 04/07/20
0,85.0,16.6,2.91,2.91,0.21,0.2,0 00:10:54 04/07/20
0,86.7,16.5,2.91,2.91,0.16,0.15,1 00:16:23 04/07/20
0,84.9,16.5,2.91,2.91,0.21,0.19,0 00:21:50 04/07/20
0,85.6,16.5,2.91,2.91,0.14,0.13,1 00:27:17 04/07/20
0,87.4,16.4,2.91,2.91,0.21,0.2,0 00:32:47 04/07/20
0,83.2,16.3,2.91,2.91,0.16,0.15,1 00:38:16 04/07/20
0,82.9,16.2,2.91,2.91,0.21,0.19,0 00:43:44 04/07/20
0,83.2,16.2,2.91,2.91,0.16,0.15,1 00:49:13 04/07/20
0,82.7,16.1,2.91,2.91,0.21,0.2,0 00:54:41 04/07/20
0,85.7,16.0,2.91,2.91,0.16,0.15,1 01:00:10 04/07/20
0,85.9,16.0,2.91,2.91,0.21,0.19,0 01:05:38 04/07/20
0,87.4,15.9,2.91,2.91,0.16,0.15,1 01:11:07 04/07/20
0,86.8,15.9,2.91,2.91,0.21,0.2,0 01:16:35 04/07/20
0,90.5,15.9,2.91,2.91,0.16,0.15,1 01:22:04 04/07/20
0,87.9,15.8,2.91,2.91,0.21,0.19,0 01:27:32 04/07/20
0,90.3,15.8,2.91,2.91,0.16,0.15,1 01:33:01 04/07/20
0,90.9,15.8,2.91,2.91,0.22,0.2,0 01:38:30 04/07/20
0,90.6,15.9,2.91,2.91,0.16,0.15,1 01:43:58 04/07/20
0,90.3,15.9,2.91,2.91,0.21,0.19,0 01:49:26 04/07/20
0,92.1,15.9,2.91,2.91,0.16,0.15,1 01:54:55 04/07/20
0,91.2,15.9,2.91,2.91,0.17,0.16,0 02:00:21 04/07/20
0,91.6,16.0,2.91,2.91,0.16,0.15,1 02:05:52 04/07/20
0,92.4,16.0,2.91,2.91,0.21,0.2,0 02:11:20 04/07/20
0,90.0,16.0,2.91,2.91,0.16,0.15,1 02:16:49 04/07/20
0,91.1,16.0,2.91,2.91,0.21,0.2,0 02:22:17 04/07/20
0,90.4,16.0,2.91,2.91,0.16,0.15,1 02:27:46 04/07/20
0,92.2,16.0,2.91,2.91,0.21,0.2,0 02:33:14 04/07/20
0,91.9,16.0,2.91,2.91,0.15,0.14,1 02:38:42 04/07/20
0,91.3,16.0,2.9,2.91,0.21,0.2,0 02:44:11 04/07/20
0,90.8,15.9,2.91,2.91,0.16,0.15,1 02:49:40 04/07/20
0,92.0,15.9,2.91,2.91,0.21,0.19,0 02:55:08 04/07/20
0,90.5,15.9,2.91,2.91,0.16,0.15,1 03:00:37 04/07/20
0,90.7,15.9,2.91,2.91,0.13,0.12,1 03:06:09 04/07/20
0,91.0,15.8,2.91,2.91,0.22,0.2,0 03:11:44 04/07/20
0,92.0,15.8,2.91,2.91,0.16,0.15,1 03:17:12 04/07/20
0,92.7,15.8,2.91,2.91,0.13,0.12,1 03:22:43 04/07/20
0,90.7,15.8,2.91,2.91,0.22,0.2,0 03:28:17 04/07/20
0,92.0,15.8,2.91,2.91,0.16,0.15,1 03:33:45 04/07/20
0,92.3,15.8,2.9,2.91,0.18,0.18,0 03:39:12 04/07/20
0,90.6,15.8,2.9,2.91,0.16,0.15,1 03:44:42 04/07/20
0,91.2,15.8,2.9,2.91,0.22,0.2,0 03:50:11 04/07/20
0,92.7,15.8,2.9,2.91,0.16,0.15,1 03:55:39 04/07/20
0,93.2,15.7,2.9,2.91,0.22,0.2,0 04:01:08 04/07/20
0,93.7,15.7,2.9,2.91,0.13,0.13,1 04:06:34 04/07/20
0,92.7,15.7,2.9,2.91,0.22,0.2,0 04:12:05 04/07/20
0,93.1,15.7,2.9,2.91,0.16,0.15,1 04:17:33 04/07/20
0,93.1,15.7,2.9,2.91,0.22,0.2,0 04:23:03 04/07/20
0,94.9,15.7,2.9,2.91,0.16,0.15,1 04:28:31 04/07/20
0,95.0,15.8,2.9,2.9,0.21,0.2,0 04:33:59 04/07/20
0,92.3,15.8,2.91,2.91,0.16,0.15,0 04:39:32 04/07/20
0,93.0,15.8,2.9,2.91,0.16,0.15,1 04:45:05 04/07/20
0,93.1,15.8,2.9,2.91,0.22,0.2,0 04:50:33 04/07/20
0,92.1,15.7,2.9,2.91,0.16,0.15,1 04:56:01 04/07/20
0,92.3,15.7,2.9,2.9,0.18,0.18,0 05:01:28 04/07/20
0,92.6,15.7,2.9,2.91,0.16,0.15,1 05:06:59 04/07/20
0,93.9,15.7,2.9,2.9,0.2,0.18,0 05:12:26 04/07/20
0,93.9,15.8,2.9,2.91,0.16,0.15,1 05:17:56 04/07/20
0,92.3,15.7,2.9,2.9,0.22,0.21,0 05:23:25 04/07/20
0,92.1,15.7,2.9,2.91,0.16,0.15,1 05:28:52 04/07/20
0,95.3,15.7,2.9,2.9,0.2,0.19,0 05:34:19 04/07/20
0,93.0,15.6,2.9,2.91,0.16,0.15,1 05:39:49 04/07/20
0,94.8,15.6,2.9,2.9,0.17,0.16,0 05:45:15 04/07/20
0,93.7,15.6,2.9,2.9,0.16,0.15,1 05:50:46 04/07/20
0,94.6,15.6,2.9,2.9,0.21,0.2,0 05:56:14 04/07/20
0,96.0,15.6,2.9,2.9,0.15,0.14,1 06:01:42 04/07/20
0,95.1,15.7,2.9,2.9,0.22,0.2,0 06:07:12 04/07/20
0,96.2,15.7,2.9,2.91,0.16,0.15,1 06:12:40 04/07/20
0,95.3,15.7,2.9,2.91,0.13,0.12,1 06:18:13 04/07/20
0,95.2,15.7,2.9,2.9,0.17,0.17,0 06:23:43 04/07/20
0,94.4,15.8,2.9,2.9,0.16,0.15,1 06:29:14 04/07/20
0,95.0,15.7,2.9,2.9,0.21,0.2,0 06:34:42 04/07/20
0,95.2,15.8,2.9,2.9,0.17,0.16,0 06:40:15 04/07/20
0,97.0,15.9,2.9,2.9,0.16,0.15,1 06:45:49 04/07/20
0,95.3,15.9,2.9,2.9,0.2,0.19,0 06:51:16 04/07/20
0,96.1,16.0,2.9,2.9,0.16,0.15,1 06:56:46 04/07/20
0,94.6,16.0,2.9,2.9,0.2,0.19,0 07:02:12 04/07/20
0,95.8,16.0,2.9,2.9,0.16,0.15,1 07:07:42 04/07/20
0,94.2,16.0,2.9,2.9,0.22,0.2,0 07:13:10 04/07/20
0,94.9,16.1,2.9,2.89,0.16,0.15,1 07:18:39 04/07/20
0,94.5,16.1,2.9,2.9,0.22,0.2,0 07:24:07 04/07/20
0,96.5,16.1,2.9,2.9,0.16,0.15,1 07:29:36 04/07/20
0,96.3,16.2,2.9,2.9,0.2,0.19,0 07:35:03 04/07/20
0,97.8,16.3,2.9,2.9,0.16,0.15,1 07:40:33 04/07/20
0,96.9,16.4,2.9,2.9,0.22,0.2,0 07:46:02 04/07/20
0,95.6,16.5,2.9,2.9,0.16,0.15,1 07:51:31 04/07/20
0,96.2,16.7,2.9,2.9,0.22,0.2,0 07:56:59 04/07/20
0,98.2,16.9,2.9,2.9,0.16,0.15,1 08:02:28 04/07/20
0,96.0,17.1,2.9,2.9,0.22,0.21,0 08:07:56 04/07/20
0,96.2,17.3,2.9,2.9,0.16,0.15,1 08:13:24 04/07/20
0,97.9,17.5,2.9,2.9,0.22,0.21,0 08:18:53 04/07/20
0,96.6,17.8,2.9,2.9,0.17,0.16,0 08:24:25 04/07/20
0,97.6,18.0,2.9,2.9,0.06,0.07,0 08:30:01 04/07/20
0,96.9,18.1,2.9,2.9,0.16,0.15,1 08:35:28 04/07/20
0,96.6,18.3,2.9,2.9,0.23,0.21,0 08:40:58 04/07/20
0,97.0,18.4,2.9,2.9,0.16,0.15,1 08:46:25 04/07/20
0,97.1,18.6,2.9,2.9,0.22,0.2,0 08:51:54 04/07/20
0,97.3,18.8,2.9,2.9,0.14,0.14,1 08:57:21 04/07/20
0,97.3,19.0,2.9,2.9,0.22,0.21,0 09:02:52 04/07/20
0,97.0,19.2,2.9,2.9,0.16,0.15,1 09:08:22 04/07/20
0,96.9,19.3,2.9,2.9,0.22,0.2,0 09:13:49 04/07/20
0,96.4,19.5,2.9,2.9,0.16,0.15,1 09:19:18 04/07/20
0,96.4,19.6,2.9,2.9,0.22,0.2,0 09:24:47 04/07/20
0,95.5,19.7,2.9,2.9,0.16,0.15,1 09:30:17 04/07/20
0,95.9,19.8,2.9,2.9,0.22,0.21,0 09:35:45 04/07/20
0,95.7,19.9,2.9,2.9,0.17,0.16,0 09:41:18 04/07/20
0,95.6,20.1,2.9,2.9,0.16,0.15,1 09:46:52 04/07/20
0,95.4,20.2,2.9,2.9,0.23,0.21,0 09:52:22 04/07/20
0,96.0,20.5,2.9,2.9,0.16,0.16,1 09:57:51 04/07/20
0,95.7,20.9,2.9,2.9,0.23,0.21,0 10:03:20 04/07/20
0,94.9,21.1,2.9,2.9,0.17,0.16,0 10:08:51 04/07/20
0,94.3,21.2,2.9,2.9,0.17,0.16,1 10:14:27 04/07/20
0,95.0,21.3,2.9,2.9,0.22,0.21,0 10:19:55 04/07/20
0,94.6,21.3,2.9,2.9,0.16,0.15,1 10:25:24 04/07/20
0,95.0,21.0,2.97,2.88,0.22,0.21,0 10:30:53 04/07/20
0,95.3,20.6,2.9,2.9,0.16,0.15,1 10:36:22 04/07/20
0,96.5,20.6,2.9,2.9,0.22,0.21,0 10:41:51 04/07/20
0,96.1,20.4,2.9,2.9,0.16,0.15,1 10:47:20 04/07/20
0,97.0,20.2,2.9,2.9,0.22,0.21,0 10:52:49 04/07/20
0,97.6,19.9,2.9,2.9,0.16,0.15,1 10:58:18 04/07/20
0,97.3,19.7,2.9,2.9,0.13,0.13,1 11:03:50 04/07/20
0,98.4,19.7,2.9,2.9,0.22,0.2,0 11:09:24 04/07/20
0,98.0,20.0,2.9,2.9,0.16,0.15,1 11:14:53 04/07/20
0,99.0,20.4,2.9,2.9,0.22,0.21,0 11:20:22 04/07/20
0,99.2,20.9,2.9,2.9,0.16,0.15,1 11:25:51 04/07/20
0,99.2,21.4,2.9,2.9,0.22,0.21,0 11:31:20 04/07/20
0,98.2,21.7,2.9,2.9,0.16,0.15,1 11:36:49 04/07/20
0,97.3,21.6,2.9,2.9,0.22,0.21,0 11:42:18 04/07/20
0,96.6,21.4,2.9,2.9,0.15,0.14,1 11:47:46 04/07/20
0,97.3,21.3,2.9,2.9,0.22,0.21,0 11:53:17 04/07/20
0,96.7,21.2,2.9,2.9,0.16,0.16,1 11:58:47 04/07/20
0,97.3,21.2,2.9,2.9,0.13,0.13,1 12:04:19 04/07/20
0,97.3,21.4,2.9,2.9,0.23,0.21,0 12:09:54 04/07/20
0,97.5,21.6,2.9,2.9,0.16,0.15,1 12:15:22 04/07/20
0,96.9,21.7,2.9,2.9,0.22,0.21,0 12:20:51 04/07/20
0,97.0,21.7,2.9,2.9,0.16,0.15,1 12:26:20 04/07/20
0,97.0,21.7,2.9,2.9,0.19,0.18,0 12:31:48 04/07/20
0,96.8,21.5,2.9,2.9,0.16,0.15,1 12:37:19 04/07/20
0,96.8,21.2,2.9,2.9,0.22,0.2,0 12:42:47 04/07/20
0,97.0,21.0,2.9,2.9,0.16,0.15,1 12:48:16 04/07/20
0,97.4,20.8,2.9,2.9,0.22,0.2,0 12:53:45 04/07/20
0,97.9,20.9,2.9,2.9,0.16,0.15,1 12:59:14 04/07/20
0,98.1,20.9,2.9,2.9,0.22,0.21,0 13:04:43 04/07/20
0,98.8,20.8,2.9,2.9,0.16,0.15,1 13:10:12 04/07/20
0,98.7,20.8,2.9,2.9,0.22,0.21,0 13:15:41 04/07/20
0,99.4,20.8,2.9,2.9,0.16,0.15,1 13:21:10 04/07/20
0,99.8,20.7,2.9,2.9,0.2,0.19,0 13:26:39 04/07/20
0,99.9,20.5,2.9,2.9,0.16,0.15,1 13:32:08 04/07/20
0,99.9,20.6,2.9,2.9,0.22,0.21,0 13:37:37 04/07/20
0,99.9,20.9,2.9,2.9,0.16,0.15,1 13:43:06 04/07/20
0,99.9,21.2,2.9,2.9,0.2,0.19,0 13:48:34 04/07/20
0,99.9,21.4,2.9,2.9,0.17,0.16,0 13:54:08 04/07/20
0,99.9,21.4,2.9,2.9,0.15,0.14,1 13:59:41 04/07/20
0,99.9,21.4,2.9,2.9,0.2,0.19,0 14:05:10 04/07/20
0,99.8,21.4,2.9,2.9,0.16,0.15,1 14:10:41 04/07/20
0,99.7,21.4,2.9,2.9,0.22,0.21,0 14:16:10 04/07/20
0,99.5,21.2,2.9,2.9,0.16,0.15,1 14:21:39 04/07/20
0,99.7,21.0,2.9,2.9,0.23,0.21,0 14:27:09 04/07/20
0,99.8,21.0,2.9,2.9,0.14,0.14,1 14:32:35 04/07/20
0,99.9,20.9,2.9,2.9,0.23,0.21,0 14:38:06 04/07/20
0,99.9,20.9,2.9,2.9,0.16,0.15,1 14:43:35 04/07/20
0,99.9,21.2,2.9,2.9,0.22,0.21,0 14:49:04 04/07/20
0,99.9,21.5,2.9,2.9,0.16,0.15,1 14:54:33 04/07/20
0,99.9,21.8,2.9,2.9,0.22,0.21,0 15:00:03 04/07/20
0,99.4,22.0,2.9,2.9,0.16,0.15,1 15:05:31 04/07/20
0,99.2,22.0,2.9,2.9,0.22,0.21,0 15:11:00 04/07/20
0,99.3,21.9,2.9,2.9,0.16,0.15,1 15:16:30 04/07/20
0,99.4,21.9,2.9,2.9,0.22,0.21,0 15:21:59 04/07/20
0,99.2,21.9,2.9,2.9,0.15,0.14,1 15:27:27 04/07/20
0,99.9,22.0,2.9,2.9,0.13,0.12,1 15:33:01 04/07/20
0,99.7,22.2,2.9,2.9,0.23,0.21,0 15:38:35 04/07/20
0,99.8,22.4,2.9,2.9,0.16,0.15,1 15:44:04 04/07/20
0,99.4,22.5,2.9,2.9,0.22,0.21,0 15:49:33 04/07/20
0,98.9,22.4,2.9,2.9,0.16,0.15,1 15:55:03 04/07/20
0,99.0,22.2,2.9,2.9,0.22,0.21,0 16:00:32 04/07/20
0,99.1,21.8,2.9,2.9,0.14,0.14,1 16:05:59 04/07/20
0,99.5,21.6,2.9,2.9,0.22,0.21,0 16:11:30 04/07/20
0,99.6,21.6,2.9,2.9,0.16,0.15,1 16:17:00 04/07/20
0,99.9,21.8,2.9,2.9,0.22,0.21,0 16:22:28 04/07/20
0,99.9,22.1,2.9,2.9,0.16,0.15,1 16:27:57 04/07/20
0,99.9,22.4,2.9,2.9,0.22,0.21,0 16:33:27 04/07/20
0,99.9,22.7,2.9,2.9,0.16,0.15,1 16:38:56 04/07/20
0,99.4,22.9,2.9,2.9,0.22,0.21,0 16:44:25 04/07/20
0,99.7,22.9,2.9,2.9,0.16,0.15,1 16:49:54 04/07/20
0,99.4,22.7,2.9,2.9,0.2,0.19,0 16:55:22 04/07/20
0,99.2,22.4,2.9,2.9,0.16,0.15,1 17:00:53 04/07/20
0,99.4,22.1,2.9,2.9,0.22,0.21,0 17:06:22 04/07/20
0,99.8,21.8,2.9,2.9,0.16,0.15,1 17:11:51 04/07/20
0,99.9,21.7,2.9,2.9,0.19,0.18,0 17:17:19 04/07/20
0,99.9,21.5,2.9,2.91,0.15,0.14,1 17:22:48 04/07/20
0,99.9,21.3,2.9,2.9,0.22,0.21,0 17:28:19 04/07/20
0,99.9,21.2,2.9,2.91,0.16,0.15,1 17:33:47 04/07/20
0,99.9,21.1,2.9,2.9,0.22,0.21,0 17:39:16 04/07/20
0,99.9,21.1,2.9,2.91,0.16,0.15,1 17:44:45 04/07/20
0,99.9,21.2,2.9,2.9,0.22,0.2,0 17:50:14 04/07/20
0,99.9,21.2,2.9,2.91,0.16,0.15,1 17:55:44 04/07/20
0,99.9,21.2,2.9,2.9,0.23,0.21,0 18:01:14 04/07/20
0,99.9,21.2,2.9,2.91,0.16,0.16,1 18:06:43 04/07/20
0,99.9,21.3,2.9,2.9,0.22,0.21,0 18:12:11 04/07/20
0,99.9,21.3,2.9,2.9,0.16,0.16,0 18:17:44 04/07/20
0,99.9,21.5,2.9,2.91,0.16,0.15,1 18:23:18 04/07/20
0,99.9,21.6,2.9,2.9,0.22,0.21,0 18:28:47 04/07/20
0,99.9,21.7,2.9,2.91,0.16,0.15,1 18:34:16 04/07/20
0,99.9,21.6,2.9,2.9,0.19,0.18,0 18:39:44 04/07/20
0,99.9,21.5,2.9,2.91,0.16,0.16,0 18:45:19 04/07/20
0,99.9,21.5,2.9,2.91,0.16,0.15,1 18:50:53 04/07/20
0,99.9,21.3,2.9,2.9,0.22,0.21,0 18:56:21 04/07/20
0,99.9,21.2,2.9,2.91,0.16,0.15,1 19:01:50 04/07/20
0,99.9,21.1,2.9,2.9,0.22,0.21,0 19:07:19 04/07/20
0,99.9,21.0,2.9,2.91,0.16,0.15,1 19:12:48 04/07/20
0,99.9,20.9,2.9,2.91,0.22,0.21,0 19:18:17 04/07/20
0,99.9,20.9,2.9,2.91,0.16,0.15,1 19:23:46 04/07/20
0,99.9,20.9,2.9,2.9,0.22,0.21,0 19:29:15 04/07/20
0,99.9,20.8,2.9,2.91,0.15,0.14,1 19:34:43 04/07/20
0,99.9,20.8,2.9,2.91,0.22,0.21,0 19:40:13 04/07/20
0,99.9,20.9,2.9,2.91,0.16,0.15,1 19:45:42 04/07/20
0,99.9,20.9,2.9,2.9,0.22,0.21,0 19:51:11 04/07/20
0,99.9,21.0,2.9,2.91,0.16,0.15,1 19:56:40 04/07/20
0,99.9,21.0,2.9,2.9,0.22,0.21,0 20:02:09 04/07/20
0,99.9,21.0,2.9,2.91,0.16,0.15,1 20:07:38 04/07/20
0,99.9,21.0,2.9,2.9,0.21,0.2,0 20:13:07 04/07/20
0,99.9,20.9,2.9,2.91,0.16,0.15,1 20:18:36 04/07/20
0,99.9,20.9,2.9,2.9,0.21,0.2,0 20:24:05 04/07/20
0,99.9,20.9,2.9,2.91,0.16,0.15,1 20:29:35 04/07/20
0,99.9,20.8,2.9,2.9,0.21,0.21,0 20:35:03 04/07/20
0,99.9,20.8,2.9,2.91,0.16,0.15,1 20:40:32 04/07/20
0,99.9,20.7,2.9,2.9,0.21,0.21,0 20:46:01 04/07/20
0,99.9,20.7,2.9,2.91,0.16,0.15,1 20:51:30 04/07/20
0,99.9,20.7,2.9,2.91,0.21,0.21,0 20:56:59 04/07/20
0,99.9,20.7,2.9,2.91,0.15,0.14,1 21:02:27 04/07/20
0,99.9,20.6,2.9,2.9,0.2,0.19,0 21:07:56 04/07/20
0,99.9,20.5,2.9,2.91,0.16,0.15,1 21:13:26 04/07/20
0,99.9,20.4,2.89,2.9,0.21,0.2,0 21:18:55 04/07/20
0,99.9,20.3,2.9,2.91,0.16,0.15,1 21:24:24 04/07/20
0,99.9,20.3,2.9,2.91,0.22,0.21,0 21:29:54 04/07/20
0,99.9,20.2,2.9,2.91,0.13,0.13,1 21:35:20 04/07/20
0,99.9,20.2,2.9,2.91,0.21,0.21,0 21:40:51 04/07/20
0,99.9,20.2,2.9,2.91,0.16,0.15,1 21:46:21 04/07/20
0,99.9,20.1,2.9,2.91,0.22,0.21,0 21:51:50 04/07/20
0,99.9,20.0,2.9,2.91,0.16,0.15,1 21:57:18 04/07/20
0,99.9,19.9,2.9,2.9,0.22,0.21,0 22:02:47 04/07/20
0,99.9,19.8,2.9,2.91,0.16,0.15,1 22:08:16 04/07/20
0,99.9,19.8,2.9,2.91,0.21,0.2,0 22:13:45 04/07/20
0,99.9,19.6,2.9,2.91,0.16,0.15,1 22:19:13 04/07/20
0,99.9,19.6,2.9,2.91,0.21,0.2,0 22:24:42 04/07/20
0,99.9,19.5,2.9,2.91,0.16,0.15,1 22:30:12 04/07/20
0,99.9,19.5,2.9,2.91,0.22,0.21,0 22:35:40 04/07/20
0,99.9,19.5,2.9,2.91,0.14,0.14,1 22:41:07 04/07/20
0,99.9,19.4,2.9,2.91,0.22,0.21,0 22:46:38 04/07/20
0,99.9,19.4,2.9,2.91,0.16,0.15,1 22:52:06 04/07/20
0,99.9,19.3,2.9,2.91,0.21,0.2,0 22:57:35 04/07/20
0,99.9,19.4,2.9,2.91,0.16,0.15,1 23:03:05 04/07/20
0,99.9,19.4,2.9,2.91,0.22,0.21,0 23:08:33 04/07/20
0,99.9,19.4,2.9,2.91,0.16,0.15,1 23:14:02 04/07/20
0,99.9,19.4,2.9,2.91,0.22,0.21,0 23:19:32 04/07/20
0,99.9,19.4,2.9,2.91,0.16,0.15,1 23:24:59 04/07/20
0,99.9,19.4,2.9,2.91,0.22,0.21,0 23:30:29 04/07/20
0,99.9,19.5,2.9,2.91,0.16,0.15,1 23:35:58 04/07/20
0,99.9,19.5,2.9,2.9,0.18,0.18,0 23:41:24 04/07/20
0,99.9,19.6,2.9,2.91,0.16,0.15,1 23:46:55 04/07/20
0,99.9,19.6,2.9,2.91,0.22,0.21,0 23:52:25 04/07/20
0,99.9,19.6,2.9,2.91,0.16,0.15,1 23:57:52 04/07/20
