0,96.8,15.5,2.91,2.91,0.21,0.19,0 00:02:36 06/07/20
0,97.2,15.4,2.91,2.91,0.16,0.15,1 00:08:06 06/07/20
0,97.5,15.4,2.91,2.91,0.22,0.2,0 00:13:34 06/07/20
0,97.6,15.3,2.91,2.91,0.14,0.14,1 00:19:00 06/07/20
0,97.6,15.3,2.91,2.91,0.22,0.2,0 00:24:30 06/07/20
0,97.7,15.2,2.91,2.91,0.15,0.14,1 00:29:58 06/07/20
0,97.9,15.1,2.91,2.91,0.21,0.2,0 00:35:27 06/07/20
0,98.4,15.0,2.91,2.91,0.16,0.15,1 00:40:55 06/07/20
0,98.5,15.0,2.91,2.91,0.21,0.19,0 00:46:23 06/07/20
0,98.9,14.9,2.91,2.91,0.16,0.15,1 00:51:53 06/07/20
0,99.0,14.8,2.91,2.91,0.22,0.2,0 00:57:20 06/07/20
0,99.5,14.8,2.91,2.91,0.15,0.14,1 01:02:48 06/07/20
0,99.8,14.7,2.91,2.91,0.21,0.19,0 01:08:18 06/07/20
0,99.8,14.7,2.91,2.91,0.16,0.15,1 01:13:45 06/07/20
0,99.9,14.6,2.91,2.91,0.21,0.2,0 01:19:13 06/07/20
0,99.9,14.6,2.91,2.91,0.16,0.15,1 01:24:43 06/07/20
0,99.9,14.5,2.91,2.91,0.22,0.2,0 01:30:10 06/07/20
0,99.9,14.5,2.91,2.91,0.16,0.15,1 01:35:39 06/07/20
0,99.9,14.4,2.91,2.91,0.21,0.2,0 01:41:06 06/07/20
0,99.9,14.4,2.91,2.91,0.16,0.15,1 01:46:35 06/07/20
0,99.9,14.3,2.91,2.91,0.22,0.2,0 01:52:03 06/07/20
0,99.9,14.3,2.91,2.91,0.16,0.14,1 01:57:31 06/07/20
0,99.9,14.3,2.91,2.91,0.21,0.2,0 02:03:00 06/07/20
0,99.9,14.2,2.91,2.91,0.16,0.16,0 02:08:32 06/07/20
0,99.9,14.2,2.91,2.91,0.14,0.13,1 02:14:03 06/07/20
0,99.9,14.2,2.91,2.91,0.21,0.2,0 02:19:33 06/07/20
0,99.9,14.1,2.91,2.91,0.15,0.14,1 02:25:02 06/07/20
0,99.9,14.1,2.91,2.91,0.22,0.2,0 02:30:30 06/07/20
0,99.9,14.0,2.9,2.91,0.16,0.15,1 02:35:58 06/07/20
0,99.9,14.0,2.9,2.9,0.21,0.2,0 02:41:26 06/07/20
0,99.9,13.9,2.9,2.91,0.15,0.14,1 02:46:53 06/07/20
0,99.9,13.8,2.91,2.9,0.22,0.2,0 02:52:24 06/07/20
0,99.9,13.8,2.9,2.91,0.14,0.13,1 02:57:49 06/07/20
0,99.9,13.7,2.91,2.9,0.22,0.2,0 03:03:20 06/07/20
0,99.9,13.7,2.9,2.91,0.16,0.15,1 03:08:48 06/07/20
0,99.9,13.7,2.9,2.9,0.19,0.18,0 03:14:14 06/07/20
0,99.9,13.6,2.91,2.9,0.17,0.16,0 03:19:47 06/07/20
0,99.9,13.6,2.91,2.9,0.16,0.15,0 03:25:25 06/07/20
0,99.9,13.6,2.9,2.91,0.16,0.15,1 03:30:58 06/07/20
0,99.9,13.5,2.9,2.9,0.22,0.2,0 03:36:26 06/07/20
0,99.9,13.5,2.9,2.91,0.16,0.15,1 03:41:55 06/07/20
0,99.9,13.4,2.91,2.9,0.21,0.2,0 03:47:22 06/07/20
0,99.9,13.3,2.9,2.9,0.16,0.15,1 03:52:50 06/07/20
0,99.9,13.2,2.9,2.9,0.22,0.2,0 03:58:19 06/07/20
0,99.9,13.2,2.9,2.9,0.16,0.15,1 04:03:47 06/07/20
0,99.9,13.1,2.9,2.9,0.22,0.2,0 04:09:15 06/07/20
0,99.9,13.1,2.9,2.91,0.16,0.15,1 04:14:44 06/07/20
0,99.9,13.1,2.9,2.9,0.21,0.2,0 04:20:11 06/07/20
0,99.9,13.0,2.9,2.9,0.16,0.15,1 04:25:39 06/07/20
0,99.9,13.0,2.9,2.9,0.21,0.2,0 04:31:08 06/07/20
0,99.9,12.9,2.9,2.9,0.15,0.14,1 04:36:35 06/07/20
0,99.9,12.9,2.9,2.9,0.22,0.2,0 04:42:04 06/07/20
0,99.9,12.8,2.9,2.9,0.16,0.15,1 04:47:32 06/07/20
0,99.9,12.8,2.9,2.9,0.22,0.2,0 04:53:00 06/07/20
0,99.9,12.7,2.9,2.9,0.16,0.15,1 04:58:29 06/07/20
0,99.9,12.7,2.9,2.9,0.22,0.2,0 05:03:57 06/07/20
0,99.9,12.6,2.9,2.9,0.16,0.15,1 05:09:24 06/07/20
0,99.9,12.5,2.9,2.9,0.21,0.2,0 05:14:52 06/07/20
0,99.9,12.5,2.9,2.9,0.16,0.15,1 05:20:20 06/07/20
0,99.9,12.4,2.9,2.9,0.21,0.2,0 05:25:49 06/07/20
0,99.9,12.4,2.9,2.9,0.17,0.16,0 05:31:20 06/07/20
0,99.9,12.3,2.9,2.9,0.17,0.16,0 05:36:57 06/07/20
0,99.9,12.3,2.9,2.9,0.17,0.16,0 05:42:34 06/07/20
0,99.9,12.3,2.9,2.9,0.15,0.14,1 05:48:07 06/07/20
0,99.9,12.3,2.9,2.9,0.23,0.21,0 05:53:37 06/07/20
0,99.9,12.3,2.9,2.9,0.16,0.15,1 05:59:05 06/07/20
0,99.9,12.2,2.9,2.9,0.22,0.2,0 06:04:32 06/07/20
0,99.9,12.3,2.9,2.9,0.16,0.15,1 06:10:00 06/07/20
0,99.9,12.3,2.9,2.9,0.22,0.2,0 06:15:28 06/07/20
0,99.9,12.4,2.9,2.9,0.16,0.15,1 06:20:56 06/07/20
0,99.9,12.4,2.9,2.9,0.22,0.2,0 06:26:24 06/07/20
0,99.9,12.4,2.9,2.9,0.16,0.15,1 06:31:53 06/07/20
0,99.9,12.5,2.9,2.9,0.22,0.2,0 06:37:20 06/07/20
0,99.9,12.5,2.9,2.9,0.13,0.13,1 06:42:46 06/07/20
0,99.9,12.6,2.9,2.9,0.22,0.2,0 06:48:16 06/07/20
0,99.9,12.7,2.9,2.9,0.16,0.15,1 06:53:44 06/07/20
0,99.9,12.7,2.9,2.9,0.23,0.21,0 06:59:14 06/07/20
0,99.9,12.8,2.9,2.9,0.16,0.15,1 07:04:42 06/07/20
0,99.9,12.9,2.9,2.9,0.13,0.13,1 07:10:13 06/07/20
0,99.9,12.9,2.9,2.9,0.19,0.18,0 07:15:52 06/07/20
0,99.9,13.1,2.9,2.9,0.16,0.15,1 07:21:23 06/07/20
0,99.9,13.1,2.9,2.9,0.22,0.2,0 07:26:51 06/07/20
0,99.9,13.2,2.9,2.9,0.16,0.15,1 07:32:20 06/07/20
0,99.9,13.3,2.9,2.9,0.22,0.2,0 07:37:47 06/07/20
0,99.9,13.4,2.9,2.9,0.16,0.15,1 07:43:15 06/07/20
0,99.9,13.5,2.9,2.89,0.22,0.2,0 07:48:44 06/07/20
0,99.9,13.5,2.9,2.9,0.16,0.15,1 07:54:13 06/07/20
0,99.9,13.7,2.9,2.89,0.22,0.2,0 07:59:40 06/07/20
0,99.9,13.8,2.9,2.9,0.16,0.15,1 08:05:09 06/07/20
0,99.9,13.9,2.9,2.89,0.22,0.2,0 08:10:37 06/07/20
0,99.9,14.0,2.9,2.9,0.16,0.15,1 08:16:05 06/07/20
0,99.9,14.1,2.9,2.9,0.22,0.21,0 08:21:33 06/07/20
0,99.9,14.3,2.9,2.9,0.16,0.15,1 08:27:02 06/07/20
0,99.9,14.4,2.9,2.89,0.22,0.2,0 08:32:29 06/07/20
0,99.9,14.6,2.9,2.89,0.17,0.16,0 08:38:01 06/07/20
0,99.9,14.7,2.9,2.9,0.16,0.15,1 08:43:35 06/07/20
0,99.9,14.8,2.89,2.89,0.22,0.21,0 08:49:04 06/07/20
0,99.9,15.0,2.9,2.9,0.16,0.15,1 08:54:31 06/07/20
0,99.9,15.2,2.9,2.89,0.23,0.21,0 09:00:00 06/07/20
0,99.9,15.4,2.9,2.9,0.16,0.15,1 09:05:29 06/07/20
0,99.9,15.7,2.9,2.89,0.22,0.2,0 09:10:56 06/07/20
0,99.9,15.9,2.9,2.89,0.16,0.15,1 09:16:25 06/07/20
0,99.9,16.2,2.9,2.89,0.22,0.2,0 09:21:53 06/07/20
0,99.9,16.5,2.9,2.89,0.16,0.15,1 09:27:22 06/07/20
0,99.9,16.8,2.9,2.89,0.22,0.2,0 09:32:50 06/07/20
0,99.9,17.1,2.89,2.89,0.16,0.15,1 09:38:19 06/07/20
0,99.9,17.3,2.9,2.89,0.22,0.2,0 09:43:47 06/07/20
0,99.9,17.4,2.9,2.89,0.16,0.15,1 09:49:16 06/07/20
0,99.9,17.5,2.89,2.89,0.22,0.2,0 09:54:45 06/07/20
0,99.9,17.7,2.9,2.89,0.16,0.15,1 10:00:14 06/07/20
0,99.9,17.8,2.9,2.89,0.23,0.21,0 10:05:42 06/07/20
0,99.9,17.8,2.89,2.89,0.16,0.15,1 10:11:10 06/07/20
0,99.9,17.8,2.9,2.89,0.23,0.21,0 10:16:40 06/07/20
0,99.9,17.9,2.89,2.89,0.14,0.14,1 10:22:06 06/07/20
0,99.9,18.0,2.89,2.89,0.22,0.21,0 10:27:36 06/07/20
0,99.9,18.0,2.89,2.89,0.16,0.15,1 10:33:05 06/07/20
0,99.9,18.2,2.89,2.89,0.13,0.13,1 10:38:37 06/07/20
0,99.9,18.4,2.89,2.89,0.22,0.21,0 10:44:11 06/07/20
0,99.9,18.6,2.89,2.89,0.16,0.15,1 10:49:40 06/07/20
0,99.9,18.8,2.89,2.89,0.23,0.21,0 10:55:10 06/07/20
0,99.9,18.7,2.9,2.89,0.16,0.15,1 11:00:37 06/07/20
0,99.9,18.7,2.89,2.89,0.23,0.21,0 11:06:07 06/07/20
0,99.9,18.7,2.89,2.89,0.16,0.16,1 11:11:36 06/07/20
0,99.9,18.9,2.89,2.89,0.22,0.2,0 11:17:04 06/07/20
0,99.9,19.0,2.89,2.89,0.16,0.15,1 11:22:32 06/07/20
0,99.9,19.1,2.89,2.89,0.19,0.18,0 11:28:00 06/07/20
0,99.9,19.2,2.89,2.89,0.16,0.15,1 11:33:30 06/07/20
0,99.9,19.3,2.89,2.89,0.22,0.21,0 11:38:59 06/07/20
0,99.9,19.4,2.89,2.89,0.16,0.15,1 11:44:27 06/07/20
0,99.9,19.6,2.89,2.89,0.23,0.21,0 11:49:57 06/07/20
0,99.9,20.1,2.89,2.89,0.16,0.16,1 11:55:25 06/07/20
0,99.9,20.6,2.89,2.89,0.23,0.21,0 12:00:54 06/07/20
0,99.9,20.9,2.89,2.89,0.16,0.16,1 12:06:23 06/07/20
0,99.9,20.7,2.89,2.89,0.23,0.21,0 12:11:53 06/07/20
0,99.9,20.5,2.89,2.89,0.17,0.17,0 12:17:24 06/07/20
0,99.9,19.9,2.89,2.89,0.15,0.14,1 12:22:57 06/07/20
0,99.9,19.3,2.89,2.89,0.22,0.2,0 12:28:27 06/07/20
0,99.9,18.8,2.89,2.89,0.16,0.16,1 12:33:56 06/07/20
0,99.9,18.3,2.89,2.89,0.13,0.13,1 12:39:28 06/07/20
0,99.9,18.1,2.89,2.89,0.23,0.21,0 12:45:03 06/07/20
0,99.9,18.4,2.89,2.89,0.16,0.16,1 12:50:31 06/07/20
0,99.9,19.4,2.89,2.89,0.22,0.21,0 12:55:59 06/07/20
0,99.9,20.9,2.89,2.89,0.16,0.15,1 13:01:28 06/07/20
0,99.9,22.5,2.89,2.89,0.22,0.2,0 13:06:57 06/07/20
0,99.9,24.0,2.89,2.89,0.16,0.16,1 13:12:27 06/07/20
0,99.9,25.3,2.89,2.89,0.23,0.22,0 13:17:57 06/07/20
0,97.9,26.4,2.89,2.89,0.16,0.16,1 13:23:26 06/07/20
0,95.9,26.9,2.89,2.89,0.23,0.21,0 13:28:56 06/07/20
0,95.3,27.0,2.89,2.9,0.16,0.15,1 13:34:24 06/07/20
0,95.9,27.5,2.89,2.89,0.23,0.21,0 13:39:54 06/07/20
0,91.5,27.9,2.89,2.89,0.07,0.08,0 13:45:25 06/07/20
0,91.8,26.8,2.89,2.9,0.16,0.15,1 13:50:53 06/07/20
0,93.1,26.8,2.89,2.89,0.23,0.21,0 13:56:23 06/07/20
0,92.3,27.5,2.89,2.89,0.15,0.15,1 14:01:52 06/07/20
0,91.1,28.6,2.89,2.89,0.21,0.19,0 14:07:21 06/07/20
0,87.8,29.4,2.89,2.9,0.16,0.16,1 14:12:53 06/07/20
0,86.0,30.1,2.89,2.89,0.22,0.21,0 14:18:22 06/07/20
0,78.9,30.6,2.89,2.9,0.16,0.15,1 14:23:52 06/07/20
0,81.1,31.1,2.89,2.89,0.24,0.22,0 14:29:24 06/07/20
0,74.0,31.6,2.89,2.9,0.16,0.16,1 14:34:53 06/07/20
0,75.6,32.1,2.89,2.9,0.22,0.21,0 14:40:23 06/07/20
0,73.1,32.5,2.89,2.9,0.17,0.16,1 14:45:55 06/07/20
0,62.1,21.4,2.9,2.92,0.22,0.21,0 19:30:01 06/07/20
0,64.4,20.8,2.9,2.92,0.16,0.15,1 19:35:29 06/07/20
0,65.8,20.4,2.9,2.91,0.22,0.21,0 19:40:58 06/07/20
0,66.0,20.2,2.9,2.92,0.16,0.15,1 19:46:27 06/07/20
0,66.6,20.0,2.9,2.91,0.22,0.21,0 19:51:56 06/07/20
0,66.8,19.9,2.9,2.92,0.16,0.15,1 19:57:25 06/07/20
0,66.7,19.8,2.9,2.91,0.2,0.19,0 20:02:53 06/07/20
0,66.7,19.7,2.9,2.92,0.16,0.15,1 20:08:22 06/07/20
0,66.5,19.7,2.9,2.91,0.22,0.2,0 20:13:51 06/07/20
0,66.9,19.6,2.9,2.92,0.16,0.15,1 20:19:21 06/07/20
0,67.8,19.6,2.9,2.91,0.22,0.21,0 20:24:49 06/07/20
0,67.6,19.6,2.9,2.92,0.16,0.15,1 20:30:18 06/07/20
0,68.0,19.6,2.9,2.91,0.23,0.21,0 20:35:48 06/07/20
0,69.1,19.5,2.91,2.91,0.17,0.16,0 20:41:19 06/07/20
0,70.5,19.4,2.9,2.92,0.16,0.15,1 20:46:53 06/07/20
0,72.0,19.1,2.9,2.91,0.22,0.21,0 20:52:23 06/07/20
0,72.4,18.9,2.9,2.92,0.16,0.15,1 20:57:51 06/07/20
0,71.2,18.7,2.9,2.91,0.22,0.21,0 21:03:20 06/07/20
0,72.8,18.5,2.9,2.91,0.16,0.15,1 21:08:48 06/07/20
0,72.4,18.3,2.9,2.91,0.22,0.2,0 21:14:17 06/07/20
0,72.4,18.1,2.9,2.91,0.16,0.15,1 21:19:46 06/07/20
0,72.3,17.9,2.9,2.91,0.13,0.13,1 21:25:18 06/07/20
0,71.9,17.8,2.9,2.91,0.22,0.2,0 21:30:52 06/07/20
0,72.4,17.6,2.9,2.91,0.16,0.15,1 21:36:21 06/07/20
0,72.2,17.5,2.9,2.91,0.23,0.21,0 21:41:50 06/07/20
0,72.5,17.4,2.9,2.91,0.16,0.15,1 21:47:19 06/07/20
0,73.3,17.3,2.9,2.91,0.22,0.2,0 21:52:47 06/07/20
0,76.3,17.2,2.9,2.91,0.16,0.15,1 21:58:15 06/07/20
0,76.9,17.1,2.89,2.96,0.22,0.21,0 22:03:44 06/07/20
0,74.2,17.0,2.9,2.91,0.16,0.15,1 22:09:14 06/07/20
0,75.5,16.8,2.9,2.91,0.21,0.2,0 22:14:41 06/07/20
0,75.1,16.7,2.9,2.91,0.16,0.15,1 22:20:10 06/07/20
0,74.7,16.6,2.9,2.91,0.22,0.2,0 22:25:38 06/07/20
0,75.2,16.5,2.9,2.91,0.16,0.15,1 22:31:07 06/07/20
0,74.9,16.4,2.9,2.91,0.22,0.2,0 22:36:35 06/07/20
0,75.3,16.3,2.9,2.91,0.16,0.15,1 22:42:04 06/07/20
0,75.6,16.2,2.9,2.91,0.22,0.2,0 22:47:32 06/07/20
0,75.5,16.1,2.9,2.91,0.16,0.15,1 22:53:01 06/07/20
0,77.1,15.9,2.9,2.91,0.22,0.2,0 22:58:29 06/07/20
0,78.3,15.8,2.91,2.91,0.16,0.15,1 23:03:58 06/07/20
0,78.9,15.7,2.9,2.91,0.22,0.2,0 23:09:27 06/07/20
0,78.8,15.5,2.9,2.91,0.16,0.15,1 23:14:55 06/07/20
0,79.8,15.4,2.9,2.91,0.22,0.2,0 23:20:23 06/07/20
0,80.0,15.3,2.9,2.91,0.16,0.15,1 23:25:51 06/07/20
0,81.3,15.1,2.9,2.91,0.22,0.2,0 23:31:20 06/07/20
0,81.2,15.0,2.9,2.91,0.16,0.15,1 23:36:49 06/07/20
0,81.3,14.9,2.9,2.91,0.22,0.2,0 23:42:16 06/07/20
0,80.5,14.7,2.9,2.91,0.16,0.15,1 23:47:45 06/07/20
0,79.4,14.6,2.9,2.91,0.22,0.2,0 23:53:14 06/07/20
0,78.9,14.5,2.9,2.91,0.16,0.15,1 23:58:41 06/07/20
