0,78.5,14.4,2.9,2.91,0.22,0.2,0 00:04:10 07/07/20
0,78.0,14.4,2.9,2.91,0.16,0.15,1 00:09:39 07/07/20
0,78.1,14.3,2.9,2.91,0.22,0.2,0 00:15:06 07/07/20
0,77.9,14.3,2.9,2.91,0.16,0.15,1 00:20:36 07/07/20
0,77.8,14.2,2.9,2.91,0.22,0.2,0 00:26:03 07/07/20
0,77.8,14.2,2.9,2.91,0.16,0.15,1 00:31:31 07/07/20
0,78.0,14.2,2.9,2.91,0.13,0.12,1 00:37:03 07/07/20
0,78.5,14.1,2.9,2.91,0.22,0.2,0 00:42:37 07/07/20
0,78.4,14.1,2.9,2.91,0.16,0.15,1 00:48:06 07/07/20
0,79.3,14.0,2.9,2.91,0.22,0.2,0 00:53:33 07/07/20
0,80.5,14.0,2.9,2.91,0.16,0.15,1 00:59:02 07/07/20
0,80.6,13.9,2.9,2.91,0.22,0.2,0 01:04:30 07/07/20
0,79.4,13.8,2.9,2.91,0.16,0.15,1 01:09:59 07/07/20
0,80.4,13.7,2.9,2.91,0.22,0.2,0 01:15:26 07/07/20
0,79.7,13.7,2.9,2.91,0.16,0.15,1 01:20:55 07/07/20
0,79.9,13.6,2.9,2.9,0.22,0.2,0 01:26:23 07/07/20
0,79.8,13.6,2.9,2.91,0.16,0.15,1 01:31:51 07/07/20
0,79.6,13.6,2.9,2.9,0.22,0.2,0 01:37:19 07/07/20
0,80.0,13.5,2.9,2.91,0.16,0.15,1 01:42:47 07/07/20
0,79.7,13.5,2.9,2.9,0.22,0.2,0 01:48:16 07/07/20
0,79.3,13.4,2.9,2.91,0.16,0.15,1 01:53:44 07/07/20
0,79.9,13.4,2.9,2.9,0.22,0.2,0 01:59:13 07/07/20
0,79.6,13.4,2.9,2.91,0.16,0.15,1 02:04:40 07/07/20
0,79.6,13.4,2.9,2.9,0.22,0.2,0 02:10:09 07/07/20
0,79.6,13.4,2.9,2.91,0.16,0.15,1 02:15:37 07/07/20
0,79.4,13.4,2.9,2.9,0.22,0.2,0 02:21:05 07/07/20
0,79.4,13.3,2.9,2.91,0.16,0.15,1 02:26:33 07/07/20
0,80.4,13.3,2.9,2.9,0.22,0.2,0 02:32:01 07/07/20
0,80.1,13.3,2.9,2.91,0.16,0.15,1 02:37:30 07/07/20
0,80.3,13.3,2.9,2.9,0.22,0.2,0 02:42:58 07/07/20
0,80.1,13.3,2.9,2.9,0.16,0.15,1 02:48:27 07/07/20
0,80.0,13.3,2.9,2.9,0.22,0.2,0 02:53:54 07/07/20
0,80.2,13.2,2.9,2.9,0.16,0.15,1 02:59:23 07/07/20
0,80.0,13.2,2.9,2.9,0.22,0.2,0 03:04:51 07/07/20
0,80.4,13.2,2.9,2.9,0.16,0.15,1 03:10:19 07/07/20
0,80.5,13.2,2.9,2.9,0.22,0.2,0 03:15:47 07/07/20
0,80.5,13.2,2.9,2.9,0.16,0.15,1 03:21:15 07/07/20
0,80.6,13.1,2.9,2.9,0.22,0.2,0 03:26:44 07/07/20
0,80.7,13.1,2.9,2.9,0.16,0.15,1 03:32:12 07/07/20
0,80.4,13.1,2.9,2.9,0.22,0.2,0 03:37:40 07/07/20
0,80.9,13.1,2.9,2.9,0.16,0.15,1 03:43:09 07/07/20
0,81.1,13.0,2.9,2.9,0.22,0.2,0 03:48:36 07/07/20
0,81.0,13.0,2.9,2.9,0.16,0.15,1 03:54:04 07/07/20
0,82.1,13.0,2.9,2.9,0.22,0.21,0 03:59:33 07/07/20
0,81.2,13.0,2.9,2.9,0.16,0.15,1 04:05:01 07/07/20
0,81.9,13.0,2.9,2.9,0.22,0.21,0 04:10:29 07/07/20
0,83.2,12.9,2.9,2.9,0.16,0.15,1 04:15:57 07/07/20
0,82.5,12.9,2.9,2.9,0.22,0.2,0 04:21:25 07/07/20
0,82.9,12.8,2.9,2.9,0.16,0.15,1 04:26:53 07/07/20
0,84.8,12.8,2.9,2.9,0.23,0.2,0 04:32:22 07/07/20
0,86.4,12.7,2.9,2.9,0.16,0.15,1 04:37:50 07/07/20
0,87.1,12.7,2.9,2.9,0.23,0.21,0 04:43:19 07/07/20
0,88.4,12.6,2.9,2.9,0.16,0.15,1 04:48:47 07/07/20
0,89.0,12.5,2.9,2.9,0.22,0.2,0 04:54:14 07/07/20
0,88.9,12.4,2.9,2.9,0.16,0.15,1 04:59:42 07/07/20
0,87.8,12.3,2.9,2.9,0.2,0.19,0 05:05:10 07/07/20
0,86.9,12.2,2.9,2.9,0.16,0.15,1 05:10:40 07/07/20
0,85.5,12.2,2.9,2.9,0.22,0.21,0 05:16:07 07/07/20
0,85.1,12.1,2.9,2.9,0.16,0.15,1 05:21:35 07/07/20
0,86.3,12.1,2.9,2.9,0.22,0.21,0 05:27:03 07/07/20
0,86.8,12.1,2.9,2.9,0.16,0.15,1 05:32:31 07/07/20
0,86.2,12.2,2.9,2.9,0.23,0.21,0 05:38:01 07/07/20
0,92.4,12.3,2.9,2.9,0.16,0.15,1 05:43:28 07/07/20
0,81.6,14.0,2.9,2.9,0.16,0.15,1 06:04:53 07/07/20
0,81.8,13.6,2.9,2.9,0.22,0.21,0 06:10:22 07/07/20
0,82.9,13.2,2.9,2.9,0.16,0.15,1 06:15:50 07/07/20
0,84.4,13.1,2.9,2.9,0.22,0.21,0 06:21:19 07/07/20
0,90.8,13.1,2.9,2.9,0.13,0.13,1 06:26:44 07/07/20
0,91.2,13.1,2.9,2.9,0.22,0.2,0 06:32:14 07/07/20
0,91.4,13.2,2.9,2.9,0.15,0.14,1 06:37:51 07/07/20
0,90.1,13.3,2.9,2.89,0.23,0.21,0 06:43:20 07/07/20
0,90.7,13.4,2.89,2.9,0.16,0.15,1 06:48:48 07/07/20
0,89.6,13.5,2.89,2.89,0.22,0.2,0 06:54:16 07/07/20
0,88.9,13.6,2.9,2.9,0.16,0.15,1 06:59:44 07/07/20
0,90.0,13.7,2.89,2.89,0.23,0.21,0 07:05:14 07/07/20
0,88.6,13.8,2.89,2.9,0.16,0.15,1 07:10:41 07/07/20
0,88.3,13.9,2.89,2.89,0.23,0.21,0 07:16:10 07/07/20
0,87.9,14.0,2.89,2.89,0.16,0.15,1 07:21:37 07/07/20
0,87.4,14.1,2.89,2.89,0.22,0.21,0 07:27:06 07/07/20
0,87.7,14.3,2.89,2.9,0.16,0.15,1 07:32:34 07/07/20
0,88.3,14.4,2.89,2.89,0.23,0.21,0 07:38:03 07/07/20
0,89.6,14.5,2.89,2.9,0.16,0.15,1 07:43:30 07/07/20
0,88.5,14.7,2.89,2.89,0.23,0.21,0 07:48:59 07/07/20
0,88.8,14.9,2.89,2.9,0.16,0.15,1 07:54:28 07/07/20
0,89.8,15.0,2.89,2.89,0.22,0.2,0 07:59:55 07/07/20
0,91.5,15.2,2.89,2.89,0.16,0.15,1 08:05:24 07/07/20
0,90.6,15.4,2.89,2.89,0.22,0.2,0 08:10:52 07/07/20
0,91.7,15.5,2.89,2.89,0.16,0.15,1 08:16:21 07/07/20
0,91.6,15.7,2.89,2.89,0.23,0.21,0 08:21:50 07/07/20
0,92.1,15.9,2.89,2.89,0.15,0.14,1 08:27:17 07/07/20
0,91.8,16.0,2.89,2.89,0.23,0.21,0 08:32:47 07/07/20
0,92.7,16.1,2.89,2.89,0.16,0.15,1 08:38:15 07/07/20
0,91.4,16.2,2.89,2.89,0.23,0.21,0 08:43:44 07/07/20
0,91.7,16.2,2.89,2.89,0.16,0.15,1 08:49:12 07/07/20
0,91.5,16.3,2.89,2.89,0.23,0.21,0 08:54:41 07/07/20
0,92.7,16.4,2.89,2.89,0.16,0.15,1 09:00:09 07/07/20
0,92.9,16.5,2.89,2.89,0.23,0.21,0 09:05:38 07/07/20
0,92.1,16.6,2.89,2.89,0.16,0.15,1 09:11:06 07/07/20
0,92.9,16.7,2.89,2.89,0.23,0.21,0 09:16:35 07/07/20
0,93.9,16.8,2.89,2.89,0.17,0.16,1 09:22:04 07/07/20
0,92.9,17.0,2.89,2.89,0.22,0.2,0 09:27:31 07/07/20
0,94.0,17.2,2.89,2.89,0.16,0.16,1 09:33:00 07/07/20
0,93.5,17.4,2.89,2.89,0.22,0.21,0 09:38:28 07/07/20
0,93.4,17.6,2.89,2.89,0.16,0.16,1 09:43:57 07/07/20
0,94.0,17.8,2.89,2.89,0.23,0.21,0 09:49:27 07/07/20
0,94.6,18.3,2.89,2.89,0.16,0.15,1 09:54:54 07/07/20
0,93.8,18.6,2.89,2.89,0.23,0.21,0 10:00:24 07/07/20
0,93.8,18.7,2.89,2.89,0.16,0.16,1 10:05:52 07/07/20
0,93.6,18.8,2.89,2.89,0.22,0.21,0 10:11:21 07/07/20
0,93.8,19.0,2.89,2.89,0.16,0.15,1 10:16:49 07/07/20
0,93.4,19.1,2.89,2.89,0.24,0.22,0 10:22:20 07/07/20
0,93.6,19.2,2.89,2.89,0.16,0.16,1 10:27:47 07/07/20
0,93.7,19.3,2.89,2.89,0.23,0.21,0 10:33:16 07/07/20
0,93.9,19.5,2.89,2.89,0.16,0.15,1 10:38:45 07/07/20
0,93.8,19.7,2.89,2.89,0.22,0.21,0 10:44:13 07/07/20
0,93.5,19.9,2.89,2.89,0.16,0.16,1 10:49:43 07/07/20
0,94.0,20.2,2.89,2.89,0.23,0.21,0 10:55:12 07/07/20
0,93.0,20.5,2.89,2.89,0.16,0.16,1 11:00:41 07/07/20
0,93.4,20.6,2.89,2.89,0.23,0.21,0 11:06:09 07/07/20
0,93.7,20.8,2.89,2.89,0.17,0.16,1 11:11:38 07/07/20
0,92.5,21.0,2.89,2.89,0.23,0.21,0 11:17:07 07/07/20
0,91.7,21.1,2.89,2.89,0.17,0.16,1 11:22:36 07/07/20
0,91.2,21.2,2.89,2.89,0.23,0.21,0 11:28:06 07/07/20
0,92.7,21.5,2.89,2.89,0.17,0.16,1 11:33:35 07/07/20
0,92.6,21.9,2.89,2.89,0.22,0.21,0 11:39:03 07/07/20
0,92.5,22.5,2.89,2.89,0.16,0.15,1 11:44:32 07/07/20
0,92.7,23.0,2.89,2.89,0.23,0.21,0 11:50:01 07/07/20
0,91.8,23.4,2.89,2.89,0.17,0.16,1 11:55:31 07/07/20
0,90.1,23.8,2.89,2.89,0.23,0.21,0 12:01:01 07/07/20
0,90.6,24.1,2.89,2.89,0.16,0.15,1 12:06:29 07/07/20
0,89.3,24.3,2.89,2.89,0.23,0.21,0 12:11:59 07/07/20
0,87.7,24.1,2.89,2.89,0.17,0.16,1 12:17:29 07/07/20
0,88.5,23.8,2.89,2.89,0.23,0.21,0 12:22:57 07/07/20
0,90.5,23.9,2.89,2.89,0.17,0.16,1 12:28:27 07/07/20
0,91.7,24.7,2.89,2.89,0.23,0.21,0 12:33:56 07/07/20
0,90.1,25.5,2.89,2.89,0.17,0.16,1 12:39:26 07/07/20
0,86.3,26.3,2.89,2.89,0.18,0.17,0 12:44:53 07/07/20
0,80.2,25.9,2.89,2.89,0.17,0.16,1 12:50:25 07/07/20
0,78.0,25.1,2.89,2.89,0.23,0.21,0 12:55:54 07/07/20
0,78.5,24.3,2.89,2.89,0.17,0.16,1 13:01:24 07/07/20
0,82.9,23.7,2.89,2.89,0.23,0.21,0 13:06:53 07/07/20
0,90.0,24.5,2.89,2.89,0.18,0.17,0 13:12:26 07/07/20
0,85.9,25.5,2.89,2.89,0.17,0.16,1 13:18:01 07/07/20
0,80.5,25.5,2.89,2.89,0.23,0.21,0 13:23:30 07/07/20
0,78.4,25.1,2.89,2.89,0.17,0.16,1 13:29:01 07/07/20
0,79.5,24.5,2.89,2.89,0.23,0.21,0 13:34:29 07/07/20
0,86.3,24.7,2.89,2.89,0.17,0.16,1 13:40:00 07/07/20
0,82.9,25.7,2.89,2.89,0.23,0.21,0 13:45:28 07/07/20
0,77.9,25.7,2.89,2.9,0.17,0.16,1 13:50:58 07/07/20
0,75.2,25.3,2.89,2.89,0.23,0.21,0 13:56:28 07/07/20
0,78.4,24.9,2.89,2.9,0.17,0.16,1 14:01:58 07/07/20
0,75.1,24.6,2.89,2.89,0.23,0.21,0 14:07:27 07/07/20
0,78.6,24.6,2.89,2.9,0.17,0.16,1 14:12:56 07/07/20
0,79.6,24.6,2.89,2.9,0.23,0.21,0 14:18:25 07/07/20
0,78.1,24.2,2.89,2.9,0.17,0.16,1 14:23:55 07/07/20
0,78.7,23.7,2.89,2.89,0.23,0.21,0 14:29:24 07/07/20
0,79.0,23.2,2.89,2.9,0.15,0.14,1 14:35:01 07/07/20
0,79.2,22.8,2.89,2.9,0.1,0.12,0 14:40:38 07/07/20
0,82.1,22.7,2.89,2.9,0.17,0.16,1 14:46:10 07/07/20
0,84.9,23.8,2.89,2.9,0.23,0.21,0 14:51:40 07/07/20
0,81.7,25.2,2.89,2.9,0.17,0.16,1 14:57:10 07/07/20
0,82.5,26.6,2.89,2.9,0.23,0.21,0 15:02:38 07/07/20
0,76.0,26.8,2.89,2.9,0.17,0.16,1 15:08:08 07/07/20
0,73.4,26.3,2.89,2.9,0.23,0.21,0 15:13:38 07/07/20
0,74.5,25.4,2.89,2.9,0.16,0.15,1 15:19:07 07/07/20
0,80.9,25.3,2.89,2.9,0.23,0.21,0 15:24:37 07/07/20
0,87.7,27.1,2.89,2.9,0.16,0.15,1 15:30:06 07/07/20
0,78.0,28.9,2.89,2.9,0.23,0.21,0 15:35:36 07/07/20
0,73.3,29.3,2.89,2.9,0.16,0.15,1 15:41:06 07/07/20
0,69.9,29.4,2.89,2.9,0.23,0.21,0 15:46:36 07/07/20
0,70.1,29.0,2.89,2.9,0.16,0.15,1 15:52:07 07/07/20
0,73.3,28.8,2.89,2.9,0.13,0.13,1 15:57:40 07/07/20
0,73.9,29.6,2.89,2.9,0.06,0.08,1 16:03:17 07/07/20
0,69.9,29.7,2.89,2.9,0.23,0.21,0 16:08:46 07/07/20
0,75.7,30.2,2.89,2.9,0.16,0.16,1 16:14:16 07/07/20
0,70.5,31.2,2.89,2.9,0.23,0.21,0 16:19:46 07/07/20
0,70.3,31.5,2.89,2.9,0.16,0.15,1 16:25:17 07/07/20
0,64.9,31.7,2.89,2.9,0.23,0.21,0 16:30:47 07/07/20
0,65.9,31.8,2.89,2.9,0.16,0.15,1 16:36:17 07/07/20
0,62.3,31.6,2.89,2.9,0.23,0.21,0 16:41:48 07/07/20
0,59.3,30.8,2.89,2.9,0.16,0.15,1 16:47:18 07/07/20
0,64.2,30.1,2.89,2.9,0.23,0.21,0 16:52:48 07/07/20
0,67.5,30.0,2.89,2.9,0.17,0.16,1 16:58:20 07/07/20
0,66.3,30.6,2.89,2.9,0.23,0.21,0 17:03:49 07/07/20
0,64.2,30.6,2.89,2.9,0.17,0.16,1 17:09:20 07/07/20
0,63.0,30.3,2.89,2.9,0.23,0.21,0 17:14:49 07/07/20
0,66.5,30.3,2.9,2.9,0.17,0.16,1 17:20:20 07/07/20
0,66.0,30.8,2.89,2.9,0.23,0.21,0 17:25:50 07/07/20
0,60.1,30.5,2.89,2.9,0.16,0.15,1 17:31:20 07/07/20
0,58.3,29.6,2.89,2.9,0.22,0.21,0 17:36:50 07/07/20
0,58.2,28.4,2.89,2.9,0.16,0.15,1 17:42:20 07/07/20
0,61.5,27.3,2.9,2.9,0.22,0.21,0 17:47:50 07/07/20
0,60.9,26.4,2.89,2.9,0.16,0.16,1 17:53:21 07/07/20
0,64.0,25.7,2.89,2.9,0.23,0.21,0 17:58:50 07/07/20
0,63.8,25.2,2.9,2.9,0.16,0.15,1 18:04:19 07/07/20
0,65.5,24.8,2.9,2.9,0.23,0.21,0 18:09:49 07/07/20
0,66.4,24.7,2.9,2.91,0.16,0.15,1 18:15:18 07/07/20
0,65.4,24.7,2.89,2.9,0.23,0.21,0 18:20:48 07/07/20
0,65.8,24.6,2.9,2.91,0.16,0.15,1 18:26:17 07/07/20
0,68.1,24.7,2.9,2.9,0.23,0.21,0 18:31:47 07/07/20
0,67.1,24.9,2.9,2.91,0.16,0.15,1 18:37:16 07/07/20
0,67.7,24.9,2.9,2.91,0.23,0.21,0 18:42:46 07/07/20
0,67.1,24.9,2.9,2.91,0.16,0.15,1 18:48:15 07/07/20
0,66.8,24.6,2.9,2.91,0.13,0.13,1 18:53:48 07/07/20
0,66.7,24.3,2.9,2.9,0.23,0.21,0 18:59:23 07/07/20
0,68.2,23.9,2.9,2.91,0.16,0.15,1 19:04:52 07/07/20
0,69.6,23.5,2.9,2.91,0.23,0.21,0 19:10:22 07/07/20
0,69.1,23.0,2.9,2.91,0.16,0.15,1 19:15:52 07/07/20
0,68.8,22.7,2.9,2.91,0.22,0.21,0 19:21:20 07/07/20
0,68.8,22.4,2.9,2.91,0.16,0.15,1 19:26:49 07/07/20
0,69.5,22.2,2.9,2.91,0.23,0.21,0 19:32:20 07/07/20
0,69.7,21.9,2.9,2.91,0.16,0.15,1 19:37:48 07/07/20
0,71.4,21.6,2.9,2.91,0.23,0.21,0 19:43:17 07/07/20
0,71.8,21.3,2.9,2.91,0.16,0.15,1 19:48:47 07/07/20
0,71.3,21.2,2.9,2.91,0.23,0.21,0 19:54:16 07/07/20
0,70.5,21.1,2.9,2.91,0.16,0.15,1 19:59:45 07/07/20
0,71.0,21.1,2.9,2.91,0.17,0.17,0 20:05:11 07/07/20
0,72.8,21.0,2.9,2.91,0.16,0.15,1 20:10:42 07/07/20
0,74.4,20.9,2.9,2.91,0.22,0.2,0 20:16:11 07/07/20
0,75.4,20.8,2.9,2.91,0.16,0.15,1 20:21:40 07/07/20
0,75.7,20.6,2.9,2.91,0.22,0.2,0 20:27:09 07/07/20
0,75.9,20.4,2.9,2.91,0.16,0.15,1 20:32:38 07/07/20
0,76.1,20.2,2.9,2.91,0.23,0.21,0 20:38:08 07/07/20
0,75.0,20.1,2.9,2.91,0.16,0.15,1 20:43:37 07/07/20
0,75.9,19.9,2.9,2.91,0.23,0.21,0 20:49:05 07/07/20
0,75.3,19.8,2.9,2.91,0.16,0.15,1 20:54:34 07/07/20
0,75.8,19.6,2.9,2.91,0.23,0.21,0 21:00:03 07/07/20
0,75.7,19.5,2.9,2.91,0.17,0.16,0 21:05:35 07/07/20
0,76.1,19.3,2.9,2.91,0.16,0.15,1 21:11:09 07/07/20
0,76.2,19.2,2.9,2.91,0.22,0.2,0 21:16:38 07/07/20
0,77.1,19.0,2.9,2.91,0.16,0.15,1 21:22:07 07/07/20
0,77.5,18.9,2.9,2.91,0.23,0.21,0 21:27:36 07/07/20
0,77.1,18.8,2.9,2.91,0.16,0.15,1 21:33:06 07/07/20
0,77.4,18.6,2.9,2.91,0.22,0.2,0 21:38:33 07/07/20
0,75.8,18.5,2.9,2.91,0.16,0.15,1 21:44:03 07/07/20
0,76.1,18.4,2.9,2.91,0.23,0.21,0 21:49:31 07/07/20
0,75.9,18.2,2.9,2.91,0.15,0.14,1 21:54:59 07/07/20
0,77.0,18.1,2.9,2.91,0.22,0.2,0 22:00:28 07/07/20
0,76.0,18.0,2.9,2.91,0.16,0.15,1 22:05:57 07/07/20
0,76.1,17.9,2.9,2.91,0.23,0.21,0 22:11:26 07/07/20
0,78.0,17.8,2.9,2.91,0.16,0.15,1 22:16:54 07/07/20
0,77.8,17.7,2.9,2.91,0.23,0.21,0 22:22:23 07/07/20
0,76.2,17.6,2.9,2.91,0.17,0.16,0 22:27:55 07/07/20
0,76.2,17.6,2.9,2.91,0.16,0.15,1 22:33:29 07/07/20
0,76.2,17.5,2.9,2.91,0.23,0.2,0 22:38:58 07/07/20
0,75.9,17.4,2.9,2.91,0.16,0.15,1 22:44:26 07/07/20
0,75.7,17.3,2.9,2.91,0.22,0.2,0 22:49:56 07/07/20
0,76.3,17.3,2.9,2.91,0.16,0.15,1 22:55:24 07/07/20
0,79.1,17.2,2.9,2.91,0.22,0.2,0 23:00:52 07/07/20
0,81.3,17.2,2.9,2.91,0.16,0.15,1 23:06:21 07/07/20
0,79.0,17.2,2.9,2.91,0.22,0.2,0 23:11:50 07/07/20
0,83.3,17.1,2.9,2.91,0.16,0.15,1 23:17:19 07/07/20
0,81.5,17.1,2.9,2.91,0.23,0.2,0 23:22:47 07/07/20
0,80.6,17.1,2.9,2.91,0.16,0.15,1 23:28:15 07/07/20
0,77.6,17.0,2.9,2.91,0.13,0.12,1 23:33:49 07/07/20
0,79.4,17.0,2.9,2.91,0.22,0.2,0 23:39:21 07/07/20
0,77.4,16.9,2.9,2.91,0.16,0.15,1 23:44:51 07/07/20
0,77.1,16.9,2.9,2.91,0.13,0.13,1 23:50:22 07/07/20
0,76.6,16.8,2.9,2.91,0.23,0.2,0 23:55:57 07/07/20
