0,57.8,15.9,2.91,2.92,0.21,0.18,0 00:02:05 14/07/20
0,58.0,15.8,2.91,2.92,0.15,0.14,1 00:07:34 14/07/20
0,57.6,15.6,2.91,2.92,0.21,0.18,0 00:13:02 14/07/20
0,58.2,15.5,2.91,2.92,0.15,0.14,1 00:18:31 14/07/20
0,58.1,15.4,2.91,2.92,0.21,0.18,0 00:23:59 14/07/20
0,58.6,15.3,2.91,2.92,0.15,0.14,1 00:29:29 14/07/20
0,59.3,15.2,2.91,2.92,0.21,0.18,0 00:34:57 14/07/20
0,58.9,15.0,2.91,2.92,0.15,0.13,1 00:40:25 14/07/20
0,59.2,14.9,2.91,2.92,0.21,0.18,0 00:45:53 14/07/20
0,59.1,14.8,2.91,2.92,0.15,0.13,1 00:51:21 14/07/20
0,58.8,14.6,2.91,2.92,0.21,0.18,0 00:56:50 14/07/20
0,58.5,14.5,2.91,2.92,0.15,0.13,1 01:02:18 14/07/20
0,58.5,14.4,2.91,2.92,0.21,0.18,0 01:07:47 14/07/20
0,59.0,14.3,2.91,2.92,0.15,0.14,1 01:13:15 14/07/20
0,59.2,14.2,2.91,2.92,0.21,0.18,0 01:18:43 14/07/20
0,59.1,14.1,2.91,2.92,0.15,0.13,1 01:24:12 14/07/20
0,59.6,14.0,2.91,2.92,0.21,0.18,0 01:29:42 14/07/20
0,59.3,13.9,2.91,2.92,0.15,0.13,1 01:35:08 14/07/20
0,59.5,13.8,2.91,2.91,0.21,0.18,0 01:40:36 14/07/20
0,59.1,13.7,2.91,2.92,0.15,0.14,1 01:46:05 14/07/20
0,59.5,13.7,2.91,2.92,0.21,0.18,0 01:51:34 14/07/20
0,59.7,13.6,2.91,2.92,0.15,0.13,1 01:57:01 14/07/20
0,59.5,13.5,2.91,2.92,0.21,0.18,0 02:02:30 14/07/20
0,60.3,13.5,2.91,2.92,0.15,0.14,1 02:07:58 14/07/20
0,59.9,13.4,2.91,2.91,0.21,0.18,0 02:13:26 14/07/20
0,60.4,13.3,2.91,2.92,0.15,0.14,1 02:18:56 14/07/20
0,60.1,13.2,2.91,2.91,0.21,0.18,0 02:24:23 14/07/20
0,59.9,13.2,2.91,2.91,0.15,0.14,1 02:29:52 14/07/20
0,59.5,13.2,2.91,2.91,0.21,0.18,0 02:35:19 14/07/20
0,59.3,13.1,2.91,2.91,0.15,0.14,1 02:40:47 14/07/20
0,60.2,13.0,2.91,2.91,0.22,0.19,0 02:46:16 14/07/20
0,58.7,13.0,2.91,2.92,0.15,0.14,1 02:51:44 14/07/20
0,58.9,12.9,2.91,2.91,0.21,0.18,0 02:57:12 14/07/20
0,59.1,12.8,2.91,2.91,0.15,0.14,1 03:02:40 14/07/20
0,59.0,12.8,2.91,2.91,0.22,0.19,0 03:08:10 14/07/20
0,59.5,12.8,2.91,2.91,0.15,0.14,1 03:13:37 14/07/20
0,62.0,12.7,2.91,2.91,0.22,0.18,0 03:19:06 14/07/20
0,62.1,12.7,2.91,2.91,0.15,0.14,1 03:24:33 14/07/20
0,61.9,12.6,2.91,2.91,0.21,0.18,0 03:30:01 14/07/20
0,62.1,12.6,2.91,2.91,0.16,0.14,1 03:35:31 14/07/20
0,60.8,12.5,2.91,2.91,0.22,0.19,0 03:40:58 14/07/20
0,61.2,12.5,2.91,2.91,0.16,0.14,1 03:46:27 14/07/20
0,63.5,12.5,2.91,2.91,0.21,0.18,0 03:51:54 14/07/20
0,62.4,12.4,2.91,2.91,0.15,0.14,1 03:57:22 14/07/20
0,62.5,12.4,2.91,2.91,0.21,0.18,0 04:02:51 14/07/20
0,63.0,12.3,2.91,2.91,0.16,0.14,1 04:08:19 14/07/20
0,62.3,12.3,2.91,2.91,0.23,0.2,0 04:13:48 14/07/20
0,62.9,12.3,2.91,2.91,0.16,0.14,1 04:19:16 14/07/20
0,62.3,12.3,2.9,2.91,0.21,0.18,0 04:24:43 14/07/20
0,62.2,12.3,2.9,2.91,0.16,0.14,1 04:30:11 14/07/20
0,63.1,12.3,2.91,2.91,0.21,0.18,0 04:35:40 14/07/20
0,64.6,12.3,2.9,2.91,0.16,0.15,1 04:41:08 14/07/20
0,65.1,12.4,2.9,2.91,0.22,0.19,0 04:46:36 14/07/20
0,65.7,12.4,2.9,2.91,0.16,0.14,1 04:52:05 14/07/20
0,67.7,12.5,2.9,2.91,0.21,0.18,0 04:57:32 14/07/20
0,69.8,12.6,2.9,2.91,0.16,0.14,1 05:03:00 14/07/20
0,69.4,12.7,2.91,2.91,0.13,0.12,1 05:08:32 14/07/20
0,70.1,12.8,2.9,2.9,0.22,0.19,0 05:14:06 14/07/20
0,69.6,12.9,2.9,2.91,0.16,0.15,1 05:19:34 14/07/20
0,69.2,13.0,2.9,2.9,0.22,0.19,0 05:25:03 14/07/20
0,69.9,13.1,2.9,2.91,0.16,0.14,1 05:30:30 14/07/20
0,70.6,13.2,2.9,2.9,0.21,0.18,0 05:35:59 14/07/20
0,69.4,13.3,2.9,2.9,0.16,0.15,1 05:41:27 14/07/20
0,67.9,13.4,2.9,2.9,0.22,0.19,0 05:46:56 14/07/20
0,68.2,13.4,2.9,2.91,0.16,0.14,1 05:52:23 14/07/20
0,65.9,13.4,2.9,2.9,0.22,0.18,0 05:57:51 14/07/20
0,67.6,13.5,2.9,2.9,0.16,0.14,1 06:03:20 14/07/20
0,67.9,13.6,2.9,2.9,0.22,0.19,0 06:08:49 14/07/20
0,68.2,13.7,2.9,2.9,0.16,0.14,1 06:14:16 14/07/20
0,67.7,13.8,2.9,2.9,0.23,0.19,0 06:19:46 14/07/20
0,68.5,13.9,2.9,2.9,0.16,0.14,1 06:25:13 14/07/20
0,71.5,14.0,2.9,2.9,0.22,0.19,0 06:30:41 14/07/20
0,71.2,14.1,2.9,2.9,0.16,0.14,1 06:36:10 14/07/20
0,71.6,14.3,2.9,2.9,0.22,0.19,0 06:41:38 14/07/20
0,72.1,14.5,2.9,2.9,0.16,0.14,1 06:47:06 14/07/20
0,75.9,14.7,2.9,2.9,0.23,0.19,0 06:52:36 14/07/20
0,73.3,14.9,2.9,2.9,0.16,0.15,1 06:58:03 14/07/20
0,71.5,15.0,2.9,2.9,0.22,0.18,0 07:03:31 14/07/20
0,70.7,15.2,2.9,2.9,0.16,0.15,1 07:09:00 14/07/20
0,70.6,15.3,2.9,2.9,0.22,0.18,0 07:14:28 14/07/20
0,70.0,15.4,2.9,2.9,0.16,0.15,1 07:19:57 14/07/20
0,69.6,15.6,2.9,2.9,0.22,0.19,0 07:25:26 14/07/20
0,69.5,15.7,2.9,2.9,0.16,0.15,1 07:30:54 14/07/20
0,69.2,15.9,2.9,2.9,0.22,0.19,0 07:36:22 14/07/20
0,68.4,16.1,2.9,2.9,0.16,0.15,1 07:41:51 14/07/20
0,70.4,16.3,2.9,2.9,0.22,0.18,0 07:47:19 14/07/20
0,68.6,16.6,2.9,2.9,0.16,0.15,1 07:52:48 14/07/20
0,67.7,16.8,2.9,2.9,0.22,0.19,0 07:58:16 14/07/20
0,67.6,17.1,2.9,2.9,0.16,0.15,1 08:03:45 14/07/20
0,65.6,17.3,2.9,2.9,0.22,0.19,0 08:09:14 14/07/20
0,67.0,17.6,2.9,2.9,0.16,0.15,1 08:14:42 14/07/20
0,66.5,17.8,2.9,2.9,0.23,0.19,0 08:20:12 14/07/20
0,67.2,18.0,2.9,2.9,0.17,0.15,0 08:25:44 14/07/20
0,68.0,18.3,2.9,2.9,0.16,0.15,1 08:31:17 14/07/20
0,67.7,18.6,2.9,2.9,0.22,0.19,0 08:36:46 14/07/20
0,67.3,18.8,2.9,2.9,0.16,0.15,1 08:42:15 14/07/20
0,68.0,19.0,2.9,2.9,0.23,0.19,0 08:47:44 14/07/20
0,67.8,19.1,2.9,2.9,0.17,0.15,0 08:53:16 14/07/20
0,67.0,19.2,2.9,2.9,0.16,0.15,1 08:58:50 14/07/20
0,66.8,19.2,2.9,2.9,0.22,0.19,0 09:04:19 14/07/20
0,67.2,19.2,2.9,2.9,0.16,0.15,1 09:09:49 14/07/20
0,67.2,19.2,2.9,2.9,0.23,0.19,0 09:15:17 14/07/20
0,67.6,19.2,2.9,2.9,0.14,0.13,1 09:20:44 14/07/20
0,65.7,19.1,2.9,2.9,0.13,0.12,1 09:26:18 14/07/20
0,69.1,19.2,2.9,2.9,0.22,0.19,0 09:31:52 14/07/20
0,68.7,19.3,2.9,2.9,0.16,0.15,1 09:37:21 14/07/20
0,67.5,19.5,2.9,2.9,0.22,0.19,0 09:42:50 14/07/20
0,69.0,19.8,2.9,2.9,0.16,0.15,1 09:48:20 14/07/20
0,69.3,20.0,2.9,2.9,0.23,0.19,0 09:53:48 14/07/20
0,68.1,20.1,2.9,2.9,0.16,0.15,1 09:59:17 14/07/20
0,69.3,20.3,2.9,2.89,0.23,0.19,0 10:04:46 14/07/20
0,68.3,20.5,2.9,2.9,0.16,0.15,1 10:10:15 14/07/20
0,69.3,20.8,2.9,2.89,0.23,0.2,0 10:15:44 14/07/20
0,70.0,21.2,2.9,2.9,0.16,0.15,1 10:21:13 14/07/20
0,68.5,21.4,2.9,2.9,0.23,0.2,0 10:26:42 14/07/20
0,68.5,21.6,2.9,2.9,0.16,0.15,1 10:32:12 14/07/20
0,68.6,21.8,2.89,2.89,0.22,0.19,0 10:37:40 14/07/20
0,67.8,22.1,2.9,2.9,0.16,0.15,1 10:43:09 14/07/20
0,66.9,22.2,2.9,2.89,0.22,0.19,0 10:48:38 14/07/20
0,66.3,22.3,2.9,2.9,0.16,0.15,1 10:54:08 14/07/20
0,67.5,22.4,2.9,2.89,0.23,0.2,0 10:59:37 14/07/20
0,67.6,22.8,2.9,2.9,0.16,0.15,1 11:05:07 14/07/20
0,68.1,23.2,2.9,2.89,0.22,0.19,0 11:10:35 14/07/20
0,67.1,23.5,2.9,2.9,0.16,0.15,1 11:16:05 14/07/20
0,65.4,23.7,2.9,2.89,0.23,0.2,0 11:21:35 14/07/20
0,66.3,23.7,2.9,2.9,0.15,0.14,1 11:27:02 14/07/20
0,65.0,23.7,2.9,2.9,0.23,0.2,0 11:32:33 14/07/20
0,64.9,23.6,2.9,2.9,0.17,0.15,0 11:38:06 14/07/20
0,65.0,23.5,2.9,2.9,0.16,0.15,1 11:43:40 14/07/20
0,64.1,23.3,2.9,2.89,0.23,0.2,0 11:49:10 14/07/20
0,65.4,23.2,2.9,2.9,0.16,0.15,1 11:54:40 14/07/20
0,66.1,23.0,2.9,2.9,0.22,0.19,0 12:00:08 14/07/20
0,66.3,22.7,2.9,2.9,0.16,0.15,1 12:05:38 14/07/20
0,66.3,22.3,2.9,2.9,0.23,0.19,0 12:11:07 14/07/20
0,67.7,22.0,2.9,2.9,0.16,0.15,1 12:16:37 14/07/20
0,68.0,21.6,2.9,2.9,0.13,0.13,1 12:22:09 14/07/20
0,70.5,21.4,2.89,2.9,0.18,0.15,0 12:27:41 14/07/20
0,69.8,21.2,2.9,2.9,0.16,0.15,1 12:33:12 14/07/20
0,69.0,21.1,2.89,2.9,0.22,0.19,0 12:38:41 14/07/20
0,70.0,20.8,2.9,2.9,0.16,0.15,1 12:44:10 14/07/20
0,70.7,20.4,2.9,2.9,0.22,0.19,0 12:49:39 14/07/20
0,70.7,20.1,2.89,2.9,0.16,0.15,1 12:55:08 14/07/20
0,69.0,20.0,2.89,2.9,0.22,0.19,0 13:00:37 14/07/20
0,72.0,20.1,2.89,2.9,0.16,0.15,1 13:06:06 14/07/20
0,74.6,20.4,2.9,2.9,0.22,0.19,0 13:11:35 14/07/20
0,74.5,20.7,2.9,2.9,0.16,0.15,1 13:17:04 14/07/20
0,75.4,21.1,2.9,2.9,0.22,0.19,0 13:22:33 14/07/20
0,76.4,21.5,2.89,2.9,0.16,0.15,1 13:28:02 14/07/20
0,76.3,21.9,2.89,2.9,0.22,0.19,0 13:33:32 14/07/20
0,76.5,22.2,2.89,2.9,0.16,0.15,1 13:39:01 14/07/20
0,75.4,22.5,2.9,2.9,0.23,0.2,0 13:44:30 14/07/20
0,74.6,22.7,2.89,2.9,0.16,0.15,1 13:50:00 14/07/20
0,73.7,22.9,2.9,2.9,0.22,0.19,0 13:55:28 14/07/20
0,73.0,22.9,2.9,2.9,0.16,0.15,1 14:00:58 14/07/20
0,72.2,22.8,2.9,2.9,0.23,0.2,0 14:06:27 14/07/20
0,71.6,22.6,2.9,2.9,0.16,0.15,1 14:11:57 14/07/20
0,72.4,22.4,2.89,2.9,0.22,0.19,0 14:17:25 14/07/20
0,71.9,22.1,2.9,2.9,0.16,0.15,1 14:22:54 14/07/20
0,72.8,22.0,2.9,2.9,0.13,0.13,1 14:28:27 14/07/20
0,74.1,21.9,2.9,2.9,0.23,0.2,0 14:34:02 14/07/20
0,73.5,21.8,2.9,2.9,0.16,0.15,1 14:39:31 14/07/20
0,76.4,21.8,2.9,2.9,0.23,0.2,0 14:45:00 14/07/20
0,75.5,21.7,2.9,2.9,0.16,0.15,1 14:50:30 14/07/20
0,76.4,21.6,2.9,2.9,0.22,0.19,0 14:55:58 14/07/20
0,76.4,21.5,2.9,2.9,0.16,0.15,1 15:01:27 14/07/20
0,76.6,21.3,2.9,2.9,0.22,0.19,0 15:06:56 14/07/20
0,76.6,21.1,2.9,2.9,0.16,0.15,1 15:12:25 14/07/20
0,76.2,20.9,2.9,2.9,0.22,0.19,0 15:17:54 14/07/20
0,76.1,20.7,2.9,2.9,0.16,0.15,1 15:23:23 14/07/20
0,75.7,20.5,2.9,2.9,0.23,0.2,0 15:28:53 14/07/20
0,76.2,20.4,2.9,2.9,0.16,0.15,1 15:34:21 14/07/20
0,78.9,20.4,2.9,2.9,0.22,0.19,0 15:39:50 14/07/20
0,79.7,20.4,2.9,2.9,0.16,0.15,1 15:45:19 14/07/20
0,79.5,20.4,2.9,2.9,0.22,0.2,0 15:50:48 14/07/20
0,80.0,20.4,2.9,2.9,0.16,0.15,1 15:56:17 14/07/20
0,80.2,20.4,2.9,2.9,0.22,0.19,0 16:01:46 14/07/20
0,79.9,20.4,2.9,2.9,0.16,0.15,1 16:07:15 14/07/20
0,79.4,20.3,2.9,2.9,0.22,0.19,0 16:12:44 14/07/20
0,79.7,20.3,2.9,2.9,0.16,0.15,1 16:18:14 14/07/20
0,78.8,20.3,2.9,2.9,0.23,0.2,0 16:23:43 14/07/20
0,79.4,20.2,2.9,2.9,0.16,0.15,1 16:29:12 14/07/20
0,79.3,20.2,2.9,2.9,0.23,0.2,0 16:34:40 14/07/20
0,79.7,20.2,2.9,2.9,0.16,0.15,1 16:40:09 14/07/20
0,79.4,20.2,2.9,2.9,0.23,0.2,0 16:45:38 14/07/20
0,80.3,20.1,2.9,2.9,0.16,0.15,1 16:51:07 14/07/20
0,80.5,20.1,2.9,2.9,0.23,0.2,0 16:56:36 14/07/20
0,80.6,20.0,2.9,2.9,0.17,0.16,1 17:02:06 14/07/20
0,80.1,19.8,2.9,2.9,0.22,0.19,0 17:07:34 14/07/20
0,81.3,19.7,2.9,2.9,0.16,0.15,1 17:13:02 14/07/20
0,80.7,19.6,2.9,2.9,0.13,0.13,1 17:18:35 14/07/20
0,80.0,19.6,2.9,2.9,0.23,0.2,0 17:24:10 14/07/20
0,80.8,19.7,2.9,2.9,0.16,0.15,1 17:29:38 14/07/20
0,81.0,19.7,2.9,2.9,0.23,0.2,0 17:35:07 14/07/20
0,80.8,19.7,2.9,2.9,0.16,0.15,1 17:40:36 14/07/20
0,81.1,19.6,2.9,2.9,0.23,0.2,0 17:46:05 14/07/20
0,81.6,19.6,2.9,2.9,0.16,0.15,1 17:51:34 14/07/20
0,81.9,19.5,2.9,2.9,0.22,0.19,0 17:57:02 14/07/20
0,82.5,19.4,2.9,2.9,0.16,0.15,1 18:02:32 14/07/20
0,83.2,19.4,2.9,2.9,0.23,0.2,0 18:08:01 14/07/20
0,82.1,19.3,2.9,2.9,0.16,0.15,1 18:13:29 14/07/20
0,81.7,19.4,2.9,2.9,0.23,0.2,0 18:18:58 14/07/20
0,81.7,19.3,2.9,2.9,0.17,0.15,0 18:24:30 14/07/20
0,82.4,19.4,2.9,2.9,0.16,0.15,1 18:30:04 14/07/20
0,82.7,19.4,2.9,2.9,0.22,0.19,0 18:35:33 14/07/20
0,82.9,19.4,2.9,2.9,0.14,0.14,1 18:41:01 14/07/20
0,84.0,19.5,2.9,2.9,0.23,0.2,0 18:46:31 14/07/20
0,84.3,19.6,2.9,2.9,0.16,0.15,1 18:52:00 14/07/20
0,83.8,19.6,2.9,2.9,0.13,0.13,1 18:57:32 14/07/20
0,83.2,19.6,2.9,2.9,0.22,0.19,0 19:03:06 14/07/20
0,83.8,19.5,2.9,2.9,0.16,0.15,1 19:08:35 14/07/20
0,84.3,19.4,2.9,2.9,0.23,0.2,0 19:14:05 14/07/20
0,87.9,19.2,2.9,2.9,0.16,0.15,1 19:19:33 14/07/20
0,84.1,19.1,2.9,2.9,0.23,0.2,0 19:25:02 14/07/20
0,84.1,19.1,2.9,2.9,0.17,0.16,1 19:30:32 14/07/20
0,85.3,18.9,2.9,2.9,0.22,0.19,0 19:35:59 14/07/20
0,83.8,18.8,2.9,2.9,0.16,0.15,1 19:41:28 14/07/20
0,84.5,18.6,2.9,2.9,0.23,0.2,0 19:46:58 14/07/20
0,85.7,18.4,2.9,2.9,0.16,0.15,1 19:52:26 14/07/20
0,84.3,18.4,2.9,2.9,0.22,0.19,0 19:57:54 14/07/20
0,84.0,18.2,2.9,2.9,0.16,0.15,1 20:03:24 14/07/20
0,84.9,18.2,2.9,2.9,0.23,0.2,0 20:08:52 14/07/20
0,85.1,18.0,2.9,2.9,0.17,0.16,1 20:14:22 14/07/20
0,84.4,18.0,2.9,2.9,0.22,0.19,0 20:19:49 14/07/20
0,84.0,17.9,2.9,2.9,0.16,0.15,1 20:25:18 14/07/20
0,84.5,17.9,2.9,2.9,0.23,0.2,0 20:30:47 14/07/20
0,84.6,17.8,2.9,2.9,0.16,0.15,1 20:36:15 14/07/20
0,85.2,17.7,2.9,2.9,0.23,0.2,0 20:41:45 14/07/20
0,85.5,17.7,2.9,2.9,0.16,0.15,1 20:47:13 14/07/20
0,85.0,17.6,2.9,2.9,0.22,0.19,0 20:52:41 14/07/20
0,84.8,17.5,2.9,2.9,0.16,0.15,1 20:58:10 14/07/20
0,84.8,17.4,2.9,2.9,0.13,0.13,1 21:03:42 14/07/20
0,85.0,17.4,2.9,2.9,0.23,0.2,0 21:09:17 14/07/20
0,85.3,17.3,2.9,2.9,0.16,0.15,1 21:14:45 14/07/20
0,85.9,17.2,2.9,2.9,0.22,0.19,0 21:20:13 14/07/20
0,86.2,17.1,2.9,2.9,0.16,0.15,1 21:25:42 14/07/20
0,85.8,17.0,2.9,2.9,0.2,0.18,0 21:31:10 14/07/20
0,85.8,16.9,2.9,2.9,0.16,0.15,1 21:36:40 14/07/20
0,86.1,16.9,2.9,2.9,0.23,0.19,0 21:42:08 14/07/20
0,86.1,16.8,2.9,2.9,0.16,0.15,1 21:47:36 14/07/20
0,85.6,16.7,2.9,2.9,0.23,0.19,0 21:53:05 14/07/20
0,85.5,16.7,2.9,2.9,0.16,0.15,1 21:58:33 14/07/20
0,85.2,16.6,2.9,2.9,0.23,0.19,0 22:04:02 14/07/20
0,85.4,16.6,2.9,2.9,0.16,0.15,1 22:09:30 14/07/20
0,85.5,16.6,2.9,2.9,0.22,0.19,0 22:14:59 14/07/20
0,85.3,16.5,2.9,2.9,0.16,0.15,1 22:20:27 14/07/20
0,85.6,16.5,2.9,2.91,0.22,0.19,0 22:25:56 14/07/20
0,85.6,16.4,2.9,2.9,0.16,0.15,1 22:31:25 14/07/20
0,85.7,16.4,2.9,2.9,0.23,0.19,0 22:36:54 14/07/20
0,85.6,16.4,2.9,2.9,0.17,0.15,0 22:42:25 14/07/20
0,91.0,16.4,2.9,2.9,0.16,0.15,1 22:48:00 14/07/20
0,90.4,16.4,2.9,2.9,0.22,0.19,0 22:53:28 14/07/20
0,87.5,16.4,2.9,2.9,0.16,0.15,1 22:58:57 14/07/20
0,86.9,16.4,2.9,2.9,0.23,0.2,0 23:04:26 14/07/20
0,86.9,16.3,2.9,2.9,0.16,0.15,1 23:09:54 14/07/20
0,87.0,16.3,2.9,2.9,0.13,0.13,1 23:15:25 14/07/20
0,87.1,16.2,2.9,2.9,0.23,0.2,0 23:21:00 14/07/20
0,87.4,16.2,2.9,2.9,0.16,0.15,1 23:26:28 14/07/20
0,87.7,16.1,2.9,2.9,0.23,0.2,0 23:31:57 14/07/20
0,88.0,16.1,2.9,2.9,0.17,0.15,0 23:37:28 14/07/20
0,88.2,16.0,2.9,2.9,0.16,0.15,1 23:43:02 14/07/20
0,87.5,15.9,2.9,2.9,0.22,0.19,0 23:48:30 14/07/20
0,87.3,15.9,2.9,2.9,0.16,0.15,1 23:53:59 14/07/20
0,87.4,15.9,2.9,2.9,0.22,0.19,0 23:59:27 14/07/20
