0,77.5,17.4,2.91,2.92,0.16,0.15,1 00:04:45 25/07/20
0,78.1,17.4,2.91,2.92,0.22,0.19,0 00:10:13 25/07/20
0,79.1,17.4,2.91,2.92,0.16,0.15,1 00:15:43 25/07/20
0,79.6,17.4,2.91,2.92,0.22,0.2,0 00:21:11 25/07/20
0,81.7,17.4,2.91,2.92,0.16,0.14,1 00:26:39 25/07/20
0,82.1,17.4,2.91,2.92,0.22,0.2,0 00:32:08 25/07/20
0,82.2,17.5,2.91,2.92,0.17,0.15,0 00:37:40 25/07/20
0,80.7,17.5,2.91,2.92,0.16,0.14,1 00:43:14 25/07/20
0,82.7,17.5,2.91,2.91,0.22,0.2,0 00:48:43 25/07/20
0,82.9,17.6,2.91,2.92,0.16,0.14,1 00:54:11 25/07/20
0,82.3,17.6,2.91,2.92,0.13,0.11,1 00:59:45 25/07/20
0,83.4,17.7,2.91,2.91,0.23,0.2,0 01:05:18 25/07/20
0,84.1,17.7,2.91,2.92,0.16,0.14,1 01:10:46 25/07/20
0,84.0,17.8,2.91,2.91,0.22,0.2,0 01:16:16 25/07/20
0,82.9,17.9,2.91,2.92,0.16,0.15,1 01:21:44 25/07/20
0,83.7,17.9,2.91,2.91,0.22,0.19,0 01:27:12 25/07/20
0,83.1,17.9,2.91,2.92,0.16,0.15,1 01:32:42 25/07/20
0,83.5,17.9,2.91,2.91,0.22,0.2,0 01:38:17 25/07/20
0,80.8,17.9,2.91,2.92,0.16,0.14,1 01:43:47 25/07/20
0,81.5,17.9,2.91,2.91,0.22,0.2,0 01:49:17 25/07/20
0,79.5,17.8,2.91,2.92,0.16,0.15,1 01:54:45 25/07/20
0,80.7,17.7,2.91,2.91,0.22,0.19,0 02:00:14 25/07/20
0,81.2,17.7,2.91,2.92,0.16,0.14,1 02:05:42 25/07/20
0,81.1,17.7,2.91,2.91,0.22,0.2,0 02:11:11 25/07/20
0,81.7,17.6,2.91,2.92,0.16,0.14,1 02:16:40 25/07/20
0,81.8,17.5,2.91,2.91,0.22,0.19,0 02:22:08 25/07/20
0,82.4,17.4,2.91,2.92,0.16,0.15,1 02:27:37 25/07/20
0,82.1,17.4,2.91,2.91,0.22,0.19,0 02:33:05 25/07/20
0,81.9,17.3,2.91,2.91,0.16,0.15,1 02:38:35 25/07/20
0,82.1,17.2,2.91,2.91,0.22,0.2,0 02:44:03 25/07/20
0,82.3,17.1,2.91,2.91,0.13,0.12,1 02:49:29 25/07/20
0,83.8,17.0,2.91,2.91,0.22,0.2,0 02:55:00 25/07/20
0,84.0,16.9,2.91,2.91,0.16,0.14,1 03:00:28 25/07/20
0,83.9,16.9,2.91,2.91,0.22,0.2,0 03:05:58 25/07/20
0,82.8,16.8,2.91,2.91,0.16,0.15,1 03:11:26 25/07/20
0,83.3,16.7,2.91,2.91,0.22,0.19,0 03:16:54 25/07/20
0,83.2,16.6,2.91,2.91,0.16,0.15,1 03:22:23 25/07/20
0,81.9,16.5,2.91,2.91,0.22,0.19,0 03:27:51 25/07/20
0,81.8,16.4,2.91,2.91,0.16,0.15,1 03:33:20 25/07/20
0,81.6,16.4,2.91,2.91,0.22,0.19,0 03:38:48 25/07/20
0,83.8,16.3,2.91,2.91,0.16,0.15,1 03:44:17 25/07/20
0,84.9,16.3,2.91,2.91,0.22,0.19,0 03:49:45 25/07/20
0,83.2,16.2,2.91,2.91,0.16,0.15,1 03:55:20 25/07/20
0,87.2,16.2,2.91,2.91,0.22,0.19,0 04:00:51 25/07/20
0,86.7,16.2,2.91,2.91,0.16,0.15,1 04:06:20 25/07/20
0,85.4,16.1,2.91,2.91,0.22,0.19,0 04:11:48 25/07/20
0,86.9,16.1,2.91,2.91,0.16,0.15,1 04:17:17 25/07/20
0,85.2,16.1,2.91,2.91,0.22,0.19,0 04:22:45 25/07/20
0,86.1,16.0,2.91,2.91,0.14,0.13,1 04:28:12 25/07/20
0,86.5,16.0,2.91,2.91,0.22,0.19,0 04:33:42 25/07/20
0,86.7,15.9,2.91,2.91,0.16,0.15,1 04:39:11 25/07/20
0,86.3,15.9,2.91,2.91,0.22,0.19,0 04:44:39 25/07/20
0,88.3,15.8,2.91,2.91,0.16,0.15,1 04:50:08 25/07/20
0,85.9,15.8,2.91,2.91,0.22,0.19,0 04:55:36 25/07/20
0,84.7,15.8,2.91,2.91,0.17,0.15,1 05:01:06 25/07/20
0,85.6,15.8,2.91,2.91,0.22,0.19,0 05:06:33 25/07/20
0,86.0,15.8,2.91,2.91,0.16,0.15,1 05:12:02 25/07/20
0,84.4,15.7,2.91,2.91,0.22,0.2,0 05:17:31 25/07/20
0,84.7,15.7,2.91,2.91,0.16,0.14,1 05:22:59 25/07/20
0,85.0,15.7,2.91,2.91,0.22,0.2,0 05:28:27 25/07/20
0,85.3,15.6,2.91,2.91,0.16,0.14,1 05:33:55 25/07/20
0,86.8,15.7,2.91,2.91,0.22,0.2,0 05:39:24 25/07/20
0,87.4,15.8,2.91,2.91,0.16,0.14,1 05:44:52 25/07/20
0,88.6,15.8,2.91,2.91,0.23,0.2,0 05:50:21 25/07/20
0,89.2,15.9,2.91,2.91,0.16,0.14,1 05:55:49 25/07/20
0,89.0,16.0,2.91,2.91,0.23,0.2,0 06:01:18 25/07/20
0,90.7,16.1,2.91,2.91,0.16,0.14,1 06:06:46 25/07/20
0,90.1,16.2,2.91,2.91,0.23,0.2,0 06:12:15 25/07/20
0,90.2,16.3,2.91,2.91,0.16,0.14,1 06:17:43 25/07/20
0,90.7,16.4,2.91,2.91,0.23,0.2,0 06:23:12 25/07/20
0,90.1,16.5,2.91,2.91,0.16,0.14,1 06:28:40 25/07/20
0,91.2,16.6,2.91,2.91,0.12,0.12,1 06:34:14 25/07/20
0,90.0,16.7,2.91,2.91,0.22,0.19,0 06:39:46 25/07/20
0,88.7,16.7,2.91,2.91,0.16,0.15,1 06:45:15 25/07/20
0,90.1,16.8,2.91,2.91,0.22,0.19,0 06:50:43 25/07/20
0,90.1,16.9,2.91,2.91,0.16,0.15,1 06:56:13 25/07/20
0,88.4,17.0,2.91,2.91,0.13,0.12,1 07:01:44 25/07/20
0,90.7,17.1,2.91,2.91,0.22,0.19,0 07:07:18 25/07/20
0,90.5,17.2,2.91,2.91,0.16,0.15,1 07:12:47 25/07/20
0,91.1,17.3,2.91,2.91,0.22,0.19,0 07:18:15 25/07/20
0,90.7,17.3,2.91,2.91,0.16,0.15,1 07:23:45 25/07/20
0,90.8,17.4,2.89,2.96,0.13,0.12,1 07:29:16 25/07/20
0,89.8,17.5,2.91,2.91,0.22,0.19,0 07:34:50 25/07/20
0,89.6,17.5,2.91,2.91,0.16,0.15,1 07:40:19 25/07/20
0,90.6,17.6,2.91,2.91,0.12,0.12,1 07:45:52 25/07/20
0,91.1,17.6,2.91,2.91,0.23,0.2,0 07:51:25 25/07/20
0,91.5,17.8,2.91,2.91,0.16,0.15,1 07:56:55 25/07/20
0,90.5,17.9,2.91,2.91,0.22,0.19,0 08:02:22 25/07/20
0,91.4,18.1,2.91,2.91,0.16,0.15,1 08:07:51 25/07/20
0,91.8,18.4,2.91,2.91,0.13,0.12,1 08:13:23 25/07/20
0,91.7,18.6,2.9,2.9,0.18,0.16,0 08:18:55 25/07/20
0,91.3,18.9,2.91,2.91,0.16,0.15,1 08:24:26 25/07/20
0,91.2,19.0,2.91,2.91,0.23,0.2,0 08:29:55 25/07/20
0,91.4,19.3,2.9,2.91,0.17,0.15,1 08:35:25 25/07/20
0,90.4,19.4,2.9,2.9,0.22,0.2,0 08:40:52 25/07/20
0,90.2,19.6,2.91,2.91,0.16,0.15,1 08:46:21 25/07/20
0,90.3,19.6,2.9,2.9,0.22,0.2,0 08:51:50 25/07/20
0,90.8,19.8,2.9,2.91,0.16,0.15,1 08:57:20 25/07/20
0,91.2,20.1,2.9,2.9,0.23,0.2,0 09:02:48 25/07/20
0,92.0,20.5,2.9,2.91,0.16,0.15,1 09:08:17 25/07/20
0,91.2,20.9,2.9,2.9,0.23,0.2,0 09:13:46 25/07/20
0,90.5,21.2,2.9,2.9,0.15,0.13,1 09:19:13 25/07/20
0,90.4,21.4,2.9,2.9,0.23,0.2,0 09:24:44 25/07/20
0,90.1,21.6,2.9,2.91,0.16,0.15,1 09:30:13 25/07/20
0,89.6,21.7,2.9,2.9,0.23,0.2,0 09:35:43 25/07/20
0,89.5,21.7,2.9,2.91,0.16,0.15,1 09:41:11 25/07/20
0,89.2,21.8,2.9,2.9,0.22,0.2,0 09:46:40 25/07/20
0,90.0,21.9,2.91,2.91,0.16,0.15,1 09:52:09 25/07/20
0,90.0,22.1,2.9,2.9,0.23,0.21,0 09:57:40 25/07/20
0,88.7,22.4,2.9,2.91,0.16,0.15,1 10:03:08 25/07/20
0,87.9,22.3,2.9,2.9,0.23,0.2,0 10:08:37 25/07/20
0,87.8,22.2,2.9,2.91,0.16,0.15,1 10:14:07 25/07/20
0,87.9,22.1,2.9,2.9,0.22,0.2,0 10:19:35 25/07/20
0,88.0,22.0,2.9,2.91,0.16,0.15,1 10:25:04 25/07/20
0,88.7,22.0,2.9,2.9,0.24,0.21,0 10:30:35 25/07/20
0,88.6,22.1,2.9,2.91,0.16,0.15,1 10:36:03 25/07/20
0,88.4,22.2,2.9,2.9,0.23,0.2,0 10:41:32 25/07/20
0,88.4,22.2,2.9,2.91,0.17,0.15,1 10:47:02 25/07/20
0,88.4,22.3,2.9,2.9,0.22,0.2,0 10:52:30 25/07/20
0,88.3,22.3,2.9,2.91,0.16,0.15,1 10:57:59 25/07/20
0,88.6,22.4,2.9,2.9,0.24,0.21,0 11:03:30 25/07/20
0,87.9,22.4,2.9,2.91,0.16,0.15,1 11:08:58 25/07/20
0,88.5,22.4,2.9,2.9,0.23,0.2,0 11:14:27 25/07/20
0,88.1,22.4,2.9,2.91,0.17,0.15,1 11:19:57 25/07/20
0,88.8,22.5,2.9,2.9,0.23,0.2,0 11:25:26 25/07/20
0,88.3,22.6,2.9,2.91,0.16,0.15,1 11:30:55 25/07/20
0,88.4,22.8,2.9,2.9,0.2,0.17,0 11:36:22 25/07/20
0,88.8,22.9,2.9,2.91,0.17,0.15,1 11:41:53 25/07/20
0,88.4,23.0,2.9,2.9,0.22,0.2,0 11:47:22 25/07/20
0,89.1,23.2,2.9,2.91,0.16,0.15,1 11:52:52 25/07/20
0,88.3,23.4,2.9,2.91,0.23,0.2,0 11:58:21 25/07/20
0,88.9,23.6,2.9,2.91,0.16,0.15,1 12:03:51 25/07/20
0,88.3,23.7,2.9,2.9,0.22,0.2,0 12:09:19 25/07/20
0,87.9,23.8,2.9,2.91,0.17,0.15,1 12:14:49 25/07/20
0,87.8,23.9,2.9,2.91,0.22,0.2,0 12:20:18 25/07/20
0,87.4,23.9,2.9,2.91,0.16,0.15,1 12:25:48 25/07/20
0,87.3,23.9,2.9,2.91,0.23,0.2,0 12:31:17 25/07/20
0,87.4,23.9,2.9,2.91,0.16,0.15,1 12:36:46 25/07/20
0,87.5,24.1,2.9,2.9,0.23,0.2,0 12:42:16 25/07/20
0,87.5,24.2,2.9,2.91,0.16,0.15,1 12:47:46 25/07/20
0,88.0,24.4,2.9,2.91,0.23,0.21,0 12:53:16 25/07/20
0,87.7,24.6,2.9,2.91,0.16,0.15,1 12:58:44 25/07/20
0,87.0,24.6,2.9,2.91,0.22,0.2,0 13:04:13 25/07/20
0,86.0,24.6,2.9,2.91,0.17,0.15,1 13:09:43 25/07/20
0,86.3,24.5,2.9,2.91,0.22,0.2,0 13:15:12 25/07/20
0,86.7,24.5,2.9,2.91,0.17,0.15,1 13:20:42 25/07/20
0,86.5,24.4,2.9,2.91,0.23,0.2,0 13:26:12 25/07/20
0,85.9,24.4,2.9,2.91,0.16,0.15,1 13:31:41 25/07/20
0,86.2,24.3,2.9,2.91,0.23,0.2,0 13:37:10 25/07/20
0,86.4,24.2,2.9,2.91,0.16,0.15,1 13:42:39 25/07/20
0,87.0,24.2,2.9,2.91,0.23,0.2,0 13:48:09 25/07/20
0,87.1,24.3,2.9,2.91,0.16,0.15,1 13:53:38 25/07/20
0,86.2,24.3,2.9,2.91,0.23,0.2,0 13:59:08 25/07/20
0,86.4,24.3,2.9,2.91,0.17,0.15,1 14:04:38 25/07/20
0,86.6,24.3,2.9,2.91,0.22,0.2,0 14:10:06 25/07/20
0,86.9,24.4,2.91,2.91,0.17,0.15,1 14:15:36 25/07/20
0,87.4,24.6,2.9,2.91,0.22,0.2,0 14:21:05 25/07/20
0,88.1,24.8,2.9,2.91,0.17,0.15,1 14:26:35 25/07/20
0,88.7,25.3,2.9,2.91,0.22,0.2,0 14:32:04 25/07/20
0,88.4,25.9,2.9,2.91,0.17,0.15,1 14:37:34 25/07/20
0,90.4,26.8,2.9,2.91,0.23,0.21,0 14:43:05 25/07/20
0,86.5,27.4,2.91,2.91,0.16,0.15,1 14:48:33 25/07/20
0,84.3,27.6,2.91,2.91,0.22,0.2,0 14:54:03 25/07/20
0,85.0,27.5,2.91,2.91,0.17,0.15,1 14:59:34 25/07/20
0,87.9,27.7,2.9,2.91,0.23,0.2,0 15:05:03 25/07/20
0,88.5,29.6,2.91,2.91,0.17,0.15,1 15:10:33 25/07/20
0,88.4,31.7,2.91,2.91,0.23,0.21,0 15:16:04 25/07/20
0,80.6,33.4,2.91,2.91,0.17,0.15,1 15:21:34 25/07/20
0,74.0,33.9,2.91,2.91,0.22,0.2,0 15:27:04 25/07/20
0,71.8,33.3,2.91,2.91,0.17,0.15,1 15:32:35 25/07/20
0,69.0,32.5,2.91,2.91,0.22,0.2,0 15:38:05 25/07/20
0,65.4,31.1,2.91,2.91,0.17,0.15,1 15:43:36 25/07/20
5,66.8,29.8,2.91,2.91,0.22,0.2,0 15:49:06 25/07/20
0,65.9,28.6,2.91,2.91,0.16,0.15,1 15:54:36 25/07/20
0,69.8,27.6,2.91,2.91,0.22,0.2,0 16:00:06 25/07/20
0,72.6,27.0,2.91,2.91,0.17,0.15,1 16:05:36 25/07/20
0,74.0,26.7,2.91,2.91,0.23,0.2,0 16:11:06 25/07/20
0,74.5,26.5,2.91,2.91,0.16,0.14,1 16:16:35 25/07/20
0,75.1,26.2,2.91,2.91,0.22,0.2,0 16:22:05 25/07/20
0,75.2,26.2,2.91,2.91,0.16,0.15,1 16:27:36 25/07/20
0,76.3,26.2,2.91,2.91,0.22,0.2,0 16:33:04 25/07/20
0,76.5,26.2,2.91,2.91,0.16,0.14,1 16:38:34 25/07/20
0,75.5,26.2,2.91,2.91,0.23,0.2,0 16:44:04 25/07/20
0,75.8,26.2,2.91,2.91,0.17,0.16,0 16:49:37 25/07/20
0,76.0,26.4,2.91,2.91,0.17,0.15,1 16:55:13 25/07/20
0,76.0,26.7,2.91,2.91,0.23,0.2,0 17:00:42 25/07/20
0,77.2,26.9,2.91,2.91,0.17,0.16,0 17:06:15 25/07/20
0,76.9,27.2,2.91,2.92,0.16,0.15,1 17:11:50 25/07/20
0,74.6,27.4,2.91,2.91,0.22,0.19,0 17:17:20 25/07/20
0,76.6,27.4,2.91,2.92,0.16,0.15,1 17:22:51 25/07/20
0,76.3,27.3,2.91,2.92,0.23,0.2,0 17:28:20 25/07/20
0,74.9,27.1,2.91,2.92,0.16,0.15,1 17:33:50 25/07/20
0,76.1,27.1,2.91,2.91,0.22,0.19,0 17:39:19 25/07/20
0,74.4,26.9,2.91,2.92,0.16,0.14,1 17:44:49 25/07/20
0,75.6,26.8,2.91,2.91,0.23,0.2,0 17:50:20 25/07/20
0,75.2,26.6,2.91,2.92,0.16,0.15,1 17:55:49 25/07/20
0,75.4,26.4,2.91,2.91,0.22,0.19,0 18:01:19 25/07/20
0,74.5,26.2,2.91,2.92,0.16,0.15,1 18:06:48 25/07/20
0,75.1,26.2,2.91,2.91,0.23,0.2,0 18:12:18 25/07/20
0,74.8,26.0,2.91,2.92,0.17,0.15,1 18:17:49 25/07/20
0,75.7,25.9,2.91,2.91,0.22,0.2,0 18:23:17 25/07/20
0,76.1,25.9,2.91,2.92,0.16,0.15,1 18:28:47 25/07/20
0,75.3,25.8,2.91,2.92,0.22,0.2,0 18:34:16 25/07/20
0,75.7,25.6,2.91,2.92,0.17,0.15,1 18:39:47 25/07/20
0,75.8,25.4,2.91,2.92,0.23,0.2,0 18:45:16 25/07/20
0,75.8,25.3,2.91,2.92,0.16,0.14,1 18:50:45 25/07/20
0,75.7,25.2,2.91,2.92,0.23,0.2,0 18:56:15 25/07/20
0,76.0,25.1,2.91,2.92,0.16,0.14,1 19:01:44 25/07/20
0,75.9,25.0,2.91,2.92,0.23,0.2,0 19:07:14 25/07/20
0,76.0,24.9,2.91,2.92,0.16,0.14,1 19:12:43 25/07/20
0,76.5,24.9,2.91,2.92,0.22,0.2,0 19:18:13 25/07/20
0,76.4,24.9,2.91,2.92,0.16,0.14,1 19:23:42 25/07/20
0,76.5,24.8,2.91,2.92,0.23,0.2,0 19:29:12 25/07/20
0,76.3,24.7,2.91,2.92,0.16,0.14,1 19:34:41 25/07/20
0,76.5,24.6,2.91,2.92,0.23,0.2,0 19:40:11 25/07/20
0,76.4,24.5,2.91,2.92,0.16,0.14,1 19:45:40 25/07/20
0,76.6,24.4,2.91,2.92,0.22,0.2,0 19:51:10 25/07/20
0,77.2,24.3,2.91,2.92,0.16,0.14,1 19:56:39 25/07/20
0,77.5,24.1,2.91,2.92,0.22,0.2,0 20:02:09 25/07/20
0,77.4,24.0,2.91,2.92,0.16,0.14,1 20:07:38 25/07/20
0,78.2,23.8,2.91,2.92,0.22,0.19,0 20:13:08 25/07/20
0,78.4,23.6,2.91,2.92,0.16,0.15,1 20:18:37 25/07/20
0,78.0,23.4,2.91,2.92,0.22,0.19,0 20:24:06 25/07/20
0,78.3,23.3,2.91,2.92,0.16,0.14,1 20:29:36 25/07/20
0,79.3,23.1,2.91,2.92,0.22,0.2,0 20:35:05 25/07/20
0,78.9,22.9,2.91,2.92,0.16,0.15,1 20:40:35 25/07/20
0,79.0,22.7,2.91,2.92,0.22,0.19,0 20:46:03 25/07/20
0,79.4,22.5,2.91,2.92,0.16,0.14,1 20:51:33 25/07/20
0,79.3,22.4,2.91,2.92,0.22,0.2,0 20:57:02 25/07/20
0,79.1,22.2,2.91,2.92,0.16,0.15,1 21:02:31 25/07/20
0,78.7,22.1,2.91,2.92,0.22,0.2,0 21:08:01 25/07/20
0,80.5,22.1,2.91,2.92,0.17,0.15,1 21:13:31 25/07/20
0,79.1,22.0,2.91,2.92,0.22,0.19,0 21:18:58 25/07/20
0,79.5,22.0,2.91,2.92,0.16,0.14,1 21:24:27 25/07/20
0,80.3,21.9,2.91,2.92,0.23,0.2,0 21:29:58 25/07/20
0,82.1,21.9,2.91,2.92,0.16,0.15,1 21:35:26 25/07/20
0,81.5,21.8,2.91,2.92,0.19,0.17,0 21:40:53 25/07/20
0,80.8,21.8,2.91,2.92,0.16,0.15,1 21:46:25 25/07/20
0,82.3,21.8,2.91,2.92,0.22,0.19,0 21:51:53 25/07/20
0,81.0,21.7,2.91,2.92,0.16,0.14,1 21:57:22 25/07/20
0,81.0,21.7,2.91,2.92,0.22,0.19,0 22:02:51 25/07/20
0,81.1,21.6,2.91,2.92,0.16,0.14,1 22:08:20 25/07/20
0,81.1,21.6,2.91,2.92,0.23,0.2,0 22:13:51 25/07/20
0,82.6,21.5,2.91,2.92,0.16,0.15,1 22:19:19 25/07/20
0,83.7,21.4,2.91,2.92,0.22,0.2,0 22:24:48 25/07/20
0,85.9,21.3,2.91,2.92,0.16,0.15,1 22:30:17 25/07/20
0,85.1,21.1,2.91,2.92,0.22,0.2,0 22:35:46 25/07/20
0,84.6,20.9,2.91,2.92,0.16,0.15,1 22:41:15 25/07/20
0,84.8,20.8,2.91,2.92,0.22,0.2,0 22:46:44 25/07/20
0,86.9,20.6,2.91,2.92,0.16,0.14,1 22:52:13 25/07/20
0,85.0,20.4,2.91,2.92,0.22,0.2,0 22:57:42 25/07/20
0,86.8,20.2,2.91,2.92,0.16,0.15,1 23:03:11 25/07/20
0,89.5,20.1,2.91,2.92,0.22,0.2,0 23:08:40 25/07/20
0,87.4,19.9,2.91,2.92,0.16,0.15,1 23:14:10 25/07/20
0,86.9,19.7,2.91,2.92,0.22,0.19,0 23:19:37 25/07/20
0,87.5,19.6,2.91,2.92,0.16,0.14,1 23:25:06 25/07/20
0,86.8,19.5,2.91,2.92,0.22,0.2,0 23:30:36 25/07/20
0,86.2,19.4,2.91,2.92,0.16,0.15,1 23:36:04 25/07/20
0,85.9,19.3,2.91,2.92,0.13,0.12,1 23:41:37 25/07/20
0,85.9,19.2,2.91,2.92,0.22,0.19,0 23:47:10 25/07/20
0,85.6,19.1,2.91,2.92,0.16,0.14,1 23:52:39 25/07/20
0,85.8,19.0,2.91,2.92,0.22,0.2,0 23:58:09 25/07/20
