0,62.9,19.7,2.92,2.92,0.16,0.14,1 00:00:11 28/07/20
0,71.2,19.7,2.92,2.92,0.22,0.2,0 00:05:40 28/07/20
0,73.3,19.8,2.92,2.92,0.16,0.14,1 00:11:08 28/07/20
0,73.4,19.9,2.92,2.92,0.19,0.17,0 00:16:35 28/07/20
0,74.5,20.1,2.92,2.92,0.16,0.14,1 00:22:06 28/07/20
0,75.4,20.2,2.92,2.92,0.22,0.19,0 00:27:35 28/07/20
0,72.2,20.2,2.92,2.92,0.16,0.14,1 00:33:04 28/07/20
0,65.0,20.2,2.92,2.92,0.13,0.12,1 00:38:37 28/07/20
0,71.0,20.2,2.92,2.92,0.21,0.19,0 00:44:11 28/07/20
0,72.6,20.2,2.92,2.92,0.16,0.14,1 00:49:40 28/07/20
0,78.3,20.2,2.92,2.92,0.21,0.19,0 00:55:08 28/07/20
0,79.3,20.2,2.92,2.92,0.16,0.14,1 01:00:37 28/07/20
0,78.5,20.3,2.92,2.92,0.21,0.19,0 01:06:06 28/07/20
0,78.9,20.4,2.92,2.92,0.16,0.14,1 01:11:35 28/07/20
0,78.4,20.4,2.92,2.92,0.21,0.19,0 01:17:04 28/07/20
0,76.9,20.5,2.92,2.92,0.16,0.14,1 01:22:33 28/07/20
0,76.3,20.5,2.92,2.92,0.22,0.19,0 01:28:02 28/07/20
0,76.9,20.6,2.92,2.92,0.16,0.14,1 01:33:31 28/07/20
0,77.1,20.6,2.92,2.92,0.22,0.19,0 01:39:00 28/07/20
0,78.2,20.7,2.92,2.92,0.16,0.14,1 01:44:29 28/07/20
0,80.4,20.7,2.92,2.92,0.22,0.19,0 01:49:58 28/07/20
0,79.0,20.7,2.92,2.92,0.16,0.14,1 01:55:27 28/07/20
0,79.1,20.6,2.92,2.92,0.22,0.19,0 02:00:56 28/07/20
0,76.4,20.5,2.92,2.92,0.16,0.14,1 02:06:25 28/07/20
0,78.7,20.5,2.92,2.92,0.22,0.19,0 02:11:54 28/07/20
0,80.7,20.3,2.92,2.92,0.16,0.14,1 02:17:23 28/07/20
0,82.0,20.3,2.92,2.92,0.22,0.19,0 02:22:52 28/07/20
0,82.7,20.2,2.92,2.92,0.16,0.14,1 02:28:21 28/07/20
0,82.6,20.2,2.92,2.92,0.22,0.19,0 02:33:51 28/07/20
0,80.3,20.1,2.92,2.92,0.16,0.14,1 02:39:19 28/07/20
0,83.0,20.0,2.92,2.92,0.22,0.19,0 02:44:48 28/07/20
0,80.7,19.8,2.92,2.92,0.16,0.14,1 02:50:17 28/07/20
0,81.3,19.7,2.92,2.92,0.22,0.2,0 02:55:47 28/07/20
0,84.0,19.6,2.92,2.92,0.16,0.14,1 03:01:15 28/07/20
0,86.2,19.5,2.92,2.92,0.22,0.2,0 03:06:44 28/07/20
0,84.5,19.4,2.92,2.92,0.16,0.14,1 03:12:13 28/07/20
0,84.5,19.4,2.92,2.92,0.21,0.19,0 03:17:42 28/07/20
0,87.3,19.4,2.92,2.92,0.16,0.14,1 03:23:10 28/07/20
0,84.4,19.5,2.92,2.92,0.22,0.19,0 03:28:39 28/07/20
0,85.6,19.5,2.92,2.92,0.16,0.14,1 03:34:08 28/07/20
0,85.4,19.5,2.92,2.92,0.22,0.2,0 03:39:38 28/07/20
0,84.5,19.5,2.92,2.92,0.16,0.15,1 03:45:06 28/07/20
0,86.6,19.5,2.92,2.92,0.22,0.2,0 03:50:35 28/07/20
0,87.3,19.5,2.92,2.92,0.17,0.15,1 03:56:05 28/07/20
0,88.1,19.5,2.92,2.92,0.21,0.19,0 04:01:32 28/07/20
0,86.4,19.5,2.92,2.92,0.16,0.14,1 04:07:01 28/07/20
0,86.1,19.5,2.92,2.92,0.21,0.19,0 04:12:30 28/07/20
0,88.1,19.5,2.92,2.92,0.16,0.15,1 04:18:00 28/07/20
0,87.8,19.4,2.92,2.92,0.22,0.2,0 04:23:28 28/07/20
0,84.3,19.4,2.92,2.92,0.16,0.15,1 04:28:57 28/07/20
0,87.3,19.4,2.92,2.92,0.23,0.2,0 04:34:27 28/07/20
0,89.8,19.4,2.91,2.92,0.16,0.14,1 04:39:54 28/07/20
0,87.8,19.4,2.92,2.92,0.22,0.19,0 04:45:23 28/07/20
0,89.7,19.4,2.92,2.92,0.16,0.14,1 04:50:52 28/07/20
0,89.5,19.4,2.92,2.92,0.22,0.2,0 04:56:22 28/07/20
0,90.3,19.4,2.91,2.92,0.16,0.15,1 05:01:50 28/07/20
0,88.3,19.4,2.92,2.92,0.22,0.2,0 05:07:19 28/07/20
0,86.4,19.4,2.92,2.92,0.17,0.15,1 05:12:49 28/07/20
0,89.7,19.4,2.92,2.92,0.22,0.19,0 05:18:16 28/07/20
0,87.8,19.4,2.92,2.92,0.16,0.14,1 05:23:45 28/07/20
0,86.7,19.4,2.92,2.92,0.22,0.19,0 05:29:14 28/07/20
0,89.8,19.4,2.92,2.92,0.16,0.15,1 05:34:44 28/07/20
0,91.1,19.4,2.92,2.92,0.22,0.2,0 05:40:12 28/07/20
0,91.6,19.4,2.92,2.92,0.16,0.15,1 05:45:41 28/07/20
0,92.0,19.3,2.92,2.92,0.23,0.2,0 05:51:11 28/07/20
0,91.6,19.2,2.91,2.92,0.16,0.14,1 05:56:38 28/07/20
0,91.7,19.1,2.91,2.92,0.22,0.19,0 06:02:07 28/07/20
0,92.2,19.0,2.92,2.92,0.16,0.15,1 06:07:37 28/07/20
0,92.3,18.9,2.91,2.92,0.22,0.2,0 06:13:05 28/07/20
0,92.2,18.9,2.92,2.92,0.17,0.15,0 06:18:38 28/07/20
0,92.3,18.9,2.91,2.92,0.16,0.14,1 06:24:11 28/07/20
0,92.0,18.8,2.91,2.92,0.22,0.19,0 06:29:40 28/07/20
0,91.7,18.8,2.91,2.92,0.16,0.15,1 06:35:09 28/07/20
0,92.1,18.8,2.91,2.91,0.22,0.2,0 06:40:38 28/07/20
0,92.3,18.7,2.91,2.92,0.16,0.14,1 06:46:06 28/07/20
0,92.1,18.8,2.91,2.91,0.22,0.19,0 06:51:35 28/07/20
0,92.1,18.8,2.91,2.92,0.16,0.15,1 06:57:05 28/07/20
0,92.7,18.8,2.91,2.92,0.22,0.2,0 07:02:35 28/07/20
0,91.2,18.9,2.91,2.91,0.17,0.16,0 07:08:05 28/07/20
0,92.3,18.9,2.91,2.92,0.16,0.14,1 07:13:39 28/07/20
0,92.7,18.9,2.91,2.91,0.23,0.2,0 07:19:09 28/07/20
0,93.1,19.0,2.91,2.92,0.16,0.15,1 07:24:37 28/07/20
0,92.4,19.0,2.91,2.91,0.22,0.2,0 07:30:06 28/07/20
0,92.6,19.0,2.91,2.92,0.16,0.14,1 07:35:35 28/07/20
0,92.8,19.0,2.91,2.91,0.22,0.19,0 07:41:03 28/07/20
0,93.0,19.1,2.91,2.92,0.16,0.15,1 07:46:33 28/07/20
0,93.2,19.2,2.91,2.91,0.22,0.2,0 07:52:01 28/07/20
0,93.7,19.3,2.91,2.92,0.16,0.15,1 07:57:30 28/07/20
0,93.7,19.4,2.91,2.91,0.22,0.2,0 08:02:59 28/07/20
0,93.5,19.5,2.91,2.92,0.16,0.14,1 08:08:27 28/07/20
0,93.4,19.7,2.91,2.91,0.22,0.19,0 08:13:56 28/07/20
0,93.8,19.7,2.91,2.92,0.16,0.15,1 08:19:26 28/07/20
0,93.5,19.8,2.91,2.91,0.22,0.2,0 08:24:54 28/07/20
0,93.6,20.0,2.91,2.92,0.16,0.15,1 08:30:23 28/07/20
0,93.3,20.1,2.91,2.91,0.22,0.2,0 08:35:52 28/07/20
0,93.5,20.1,2.91,2.91,0.16,0.15,1 08:41:21 28/07/20
0,92.9,20.2,2.91,2.91,0.23,0.2,0 08:46:50 28/07/20
0,92.8,20.3,2.91,2.91,0.17,0.15,1 08:52:20 28/07/20
0,93.4,20.3,2.91,2.91,0.22,0.19,0 08:57:48 28/07/20
0,93.5,20.5,2.91,2.91,0.16,0.14,1 09:03:16 28/07/20
0,93.1,20.7,2.91,2.91,0.22,0.2,0 09:08:45 28/07/20
0,92.3,20.9,2.91,2.91,0.16,0.14,1 09:14:14 28/07/20
0,93.0,21.0,2.91,2.91,0.22,0.2,0 09:19:43 28/07/20
0,92.0,21.0,2.91,2.91,0.16,0.14,1 09:25:12 28/07/20
0,91.9,21.1,2.91,2.91,0.22,0.19,0 09:30:42 28/07/20
0,92.0,21.3,2.91,2.91,0.16,0.14,1 09:36:11 28/07/20
0,92.1,21.3,2.91,2.91,0.23,0.21,0 09:41:41 28/07/20
0,91.5,21.2,2.91,2.91,0.16,0.15,1 09:47:09 28/07/20
0,91.2,21.2,2.91,2.91,0.23,0.2,0 09:52:38 28/07/20
0,91.5,21.2,2.91,2.91,0.16,0.15,1 09:58:07 28/07/20
0,90.9,21.2,2.91,2.91,0.23,0.2,0 10:03:36 28/07/20
0,90.7,21.0,2.91,2.91,0.16,0.15,1 10:09:05 28/07/20
0,90.9,20.9,2.91,2.91,0.22,0.2,0 10:14:34 28/07/20
0,91.3,20.9,2.91,2.91,0.16,0.15,1 10:20:03 28/07/20
0,91.8,21.0,2.91,2.91,0.22,0.2,0 10:25:32 28/07/20
0,91.3,21.1,2.91,2.91,0.17,0.15,1 10:31:01 28/07/20
0,91.1,21.2,2.91,2.91,0.23,0.2,0 10:36:30 28/07/20
0,90.6,21.2,2.91,2.91,0.16,0.15,1 10:41:59 28/07/20
0,90.9,21.3,2.91,2.91,0.23,0.2,0 10:47:28 28/07/20
0,90.7,21.4,2.91,2.91,0.16,0.15,1 10:52:57 28/07/20
0,90.3,21.4,2.91,2.91,0.23,0.2,0 10:58:26 28/07/20
0,90.1,21.2,2.91,2.91,0.17,0.15,1 11:03:56 28/07/20
0,89.8,21.2,2.91,2.91,0.23,0.2,0 11:09:25 28/07/20
0,89.6,21.2,2.92,2.92,0.16,0.15,1 11:14:54 28/07/20
0,90.1,21.3,2.91,2.91,0.22,0.2,0 11:20:22 28/07/20
0,90.2,21.5,2.91,2.91,0.16,0.14,1 11:25:51 28/07/20
0,90.4,21.8,2.91,2.91,0.22,0.2,0 11:31:20 28/07/20
0,90.5,22.2,2.91,2.91,0.16,0.14,1 11:36:49 28/07/20
0,90.1,22.6,2.91,2.91,0.21,0.18,0 11:42:18 28/07/20
0,90.3,23.0,2.91,2.91,0.17,0.15,1 11:47:48 28/07/20
0,90.1,23.6,2.91,2.91,0.23,0.2,0 11:53:18 28/07/20
0,88.8,24.2,2.91,2.91,0.16,0.15,1 11:58:46 28/07/20
0,85.9,24.3,2.91,2.91,0.23,0.2,0 12:04:16 28/07/20
0,84.0,24.0,2.91,2.91,0.16,0.15,1 12:09:45 28/07/20
0,83.5,23.6,2.91,2.91,0.13,0.12,1 12:15:18 28/07/20
0,84.6,23.5,2.91,2.91,0.23,0.2,0 12:20:53 28/07/20
0,89.4,24.0,2.91,2.91,0.17,0.16,0 12:26:26 28/07/20
0,84.6,25.4,2.91,2.91,0.16,0.15,1 12:32:00 28/07/20
0,88.4,27.1,2.91,2.91,0.23,0.2,0 12:37:31 28/07/20
0,82.0,28.4,2.91,2.91,0.17,0.15,1 12:43:00 28/07/20
0,71.8,28.9,2.91,2.91,0.23,0.21,0 12:48:30 28/07/20
0,68.4,28.3,2.91,2.91,0.17,0.15,1 12:54:00 28/07/20
0,75.3,28.6,2.91,2.91,0.13,0.12,1 12:59:33 28/07/20
0,61.6,29.1,2.91,2.91,0.22,0.2,0 13:05:09 28/07/20
0,71.2,29.8,2.91,2.91,0.17,0.16,0 13:10:42 28/07/20
0,69.4,31.1,2.91,2.91,0.17,0.15,1 13:16:18 28/07/20
0,59.0,31.3,2.91,2.91,0.19,0.18,0 13:21:47 28/07/20
0,64.9,30.9,2.91,2.91,0.14,0.13,1 13:27:16 28/07/20
0,58.6,31.2,2.91,2.91,0.22,0.2,0 13:32:49 28/07/20
0,64.1,31.4,2.91,2.92,0.16,0.15,1 13:38:19 28/07/20
0,56.2,32.0,2.91,2.91,0.22,0.2,0 13:43:49 28/07/20
0,56.2,31.4,2.91,2.92,0.17,0.15,1 13:49:20 28/07/20
0,56.0,30.5,2.91,2.91,0.23,0.21,0 13:54:50 28/07/20
0,56.6,29.6,2.91,2.91,0.17,0.15,1 14:00:21 28/07/20
0,57.8,28.9,2.91,2.91,0.22,0.2,0 14:05:50 28/07/20
0,57.9,28.2,2.91,2.91,0.16,0.15,1 14:11:20 28/07/20
0,62.0,28.3,2.91,2.91,0.23,0.2,0 14:16:51 28/07/20
0,61.7,28.8,2.91,2.92,0.17,0.15,1 14:22:21 28/07/20
0,63.6,30.0,2.91,2.91,0.19,0.18,0 14:27:49 28/07/20
0,60.6,31.5,2.91,2.92,0.16,0.15,1 14:33:20 28/07/20
0,59.1,33.1,2.91,2.92,0.23,0.2,0 14:38:51 28/07/20
0,55.7,34.1,2.91,2.92,0.16,0.15,1 14:44:21 28/07/20
0,55.2,34.8,2.91,2.92,0.22,0.2,0 14:49:52 28/07/20
0,48.5,34.4,2.91,2.92,0.17,0.15,1 14:55:24 28/07/20
0,47.8,33.1,2.91,2.92,0.23,0.2,0 15:00:54 28/07/20
0,50.1,32.1,2.91,2.92,0.16,0.15,1 15:06:24 28/07/20
0,51.4,31.7,2.91,2.92,0.23,0.2,0 15:11:55 28/07/20
0,56.3,32.1,2.91,2.92,0.16,0.15,1 15:17:25 28/07/20
0,53.0,32.6,2.91,2.92,0.13,0.12,1 15:23:00 28/07/20
0,52.1,32.8,2.91,2.92,0.22,0.2,0 15:28:35 28/07/20
0,51.2,32.6,2.91,2.92,0.17,0.15,1 15:34:06 28/07/20
0,50.5,32.4,2.91,2.92,0.22,0.2,0 15:39:36 28/07/20
0,50.6,32.0,2.91,2.92,0.17,0.15,1 15:45:07 28/07/20
0,51.0,31.3,2.91,2.92,0.22,0.2,0 15:50:37 28/07/20
0,52.3,30.5,2.91,2.92,0.17,0.15,1 15:56:08 28/07/20
0,55.1,31.0,2.91,2.92,0.23,0.2,0 16:01:38 28/07/20
0,54.5,32.3,2.91,2.92,0.16,0.14,1 16:07:08 28/07/20
0,48.7,33.3,2.91,2.92,0.23,0.2,0 16:12:40 28/07/20
0,47.4,33.0,2.91,2.92,0.17,0.15,1 16:18:10 28/07/20
0,50.3,32.2,2.91,2.92,0.22,0.2,0 16:23:40 28/07/20
0,50.2,32.5,2.91,2.92,0.17,0.16,0 16:29:15 28/07/20
0,47.6,32.0,2.91,2.92,0.16,0.14,1 16:34:50 28/07/20
0,50.4,31.7,2.91,2.92,0.23,0.2,0 16:40:21 28/07/20
0,50.0,32.6,2.91,2.92,0.16,0.15,1 16:45:51 28/07/20
0,47.1,32.9,2.91,2.92,0.23,0.2,0 16:51:23 28/07/20
0,49.3,32.7,2.91,2.92,0.17,0.15,1 16:56:54 28/07/20
0,48.5,32.9,2.91,2.92,0.22,0.2,0 17:02:23 28/07/20
0,48.0,33.0,2.91,2.92,0.17,0.15,1 17:07:54 28/07/20
0,49.1,33.3,2.91,2.92,0.22,0.2,0 17:13:25 28/07/20
0,45.9,32.7,2.91,2.92,0.16,0.14,1 17:18:55 28/07/20
0,47.1,31.6,2.91,2.92,0.23,0.2,0 17:24:26 28/07/20
0,47.8,30.7,2.92,2.92,0.17,0.15,1 17:29:57 28/07/20
0,48.5,30.1,2.91,2.92,0.22,0.2,0 17:35:27 28/07/20
0,50.3,29.5,2.91,2.92,0.17,0.15,1 17:40:57 28/07/20
0,49.1,29.4,2.92,2.92,0.23,0.2,0 17:46:27 28/07/20
0,49.1,29.2,2.92,2.92,0.17,0.15,1 17:51:58 28/07/20
0,50.6,29.2,2.92,2.92,0.23,0.2,0 17:57:28 28/07/20
0,50.0,28.7,2.92,2.92,0.16,0.14,1 18:02:57 28/07/20
0,50.8,28.1,2.92,2.92,0.22,0.19,0 18:08:27 28/07/20
0,50.8,27.8,2.97,2.91,0.16,0.15,1 18:13:58 28/07/20
0,51.5,27.7,2.92,2.93,0.13,0.12,1 18:19:32 28/07/20
0,52.1,27.7,2.92,2.92,0.23,0.2,0 18:25:06 28/07/20
0,51.5,27.5,2.92,2.92,0.16,0.15,1 18:30:36 28/07/20
0,51.8,27.3,2.92,2.92,0.22,0.2,0 18:36:06 28/07/20
0,52.6,27.0,2.92,2.92,0.16,0.14,1 18:41:36 28/07/20
0,52.5,26.5,2.92,2.92,0.22,0.19,0 18:47:05 28/07/20
0,53.2,26.2,2.92,2.92,0.17,0.15,1 18:52:36 28/07/20
0,53.3,25.9,2.92,2.92,0.22,0.2,0 18:58:05 28/07/20
0,54.2,25.6,2.92,2.92,0.16,0.14,1 19:03:34 28/07/20
0,54.4,25.3,2.92,2.92,0.22,0.2,0 19:09:05 28/07/20
0,55.1,25.1,2.92,2.92,0.17,0.15,0 19:14:37 28/07/20
0,55.0,24.9,2.92,2.92,0.16,0.15,1 19:20:13 28/07/20
0,55.5,24.7,2.92,2.93,0.13,0.12,1 19:25:46 28/07/20
0,56.3,24.5,2.92,2.92,0.22,0.2,0 19:31:21 28/07/20
0,56.6,24.3,2.92,2.93,0.16,0.14,1 19:36:50 28/07/20
0,56.9,24.0,2.92,2.92,0.19,0.17,0 19:42:18 28/07/20
0,57.4,23.8,2.92,2.93,0.16,0.14,1 19:47:48 28/07/20
0,57.8,23.5,2.92,2.92,0.22,0.2,0 19:53:18 28/07/20
0,57.7,23.3,2.92,2.93,0.16,0.14,1 19:58:47 28/07/20
0,58.5,23.1,2.92,2.92,0.22,0.19,0 20:04:16 28/07/20
0,58.5,22.8,2.92,2.93,0.15,0.13,1 20:09:44 28/07/20
0,58.3,22.6,2.92,2.92,0.22,0.2,0 20:15:16 28/07/20
0,59.1,22.3,2.92,2.93,0.16,0.14,1 20:20:44 28/07/20
0,59.6,22.2,2.92,2.92,0.22,0.19,0 20:26:13 28/07/20
0,59.7,22.0,2.92,2.92,0.17,0.15,0 20:31:46 28/07/20
0,59.8,21.7,2.92,2.93,0.16,0.14,1 20:37:21 28/07/20
0,60.1,21.5,2.92,2.92,0.22,0.19,0 20:42:50 28/07/20
0,59.7,21.3,2.92,2.92,0.16,0.14,1 20:48:19 28/07/20
0,61.3,21.0,2.92,2.92,0.22,0.19,0 20:53:49 28/07/20
0,59.8,20.8,2.92,2.93,0.16,0.14,1 20:59:18 28/07/20
0,63.1,20.6,2.92,2.92,0.22,0.18,0 21:04:46 28/07/20
0,59.4,20.4,2.92,2.92,0.16,0.14,1 21:10:15 28/07/20
0,59.4,20.2,2.92,2.92,0.22,0.18,0 21:15:44 28/07/20
0,59.1,20.0,2.92,2.92,0.16,0.14,1 21:21:14 28/07/20
0,58.9,19.8,2.92,2.92,0.22,0.19,0 21:26:43 28/07/20
0,59.1,19.7,2.92,2.92,0.16,0.14,1 21:32:11 28/07/20
0,58.7,19.6,2.92,2.92,0.22,0.19,0 21:37:40 28/07/20
0,60.9,19.5,2.92,2.92,0.16,0.14,1 21:43:09 28/07/20
0,59.2,19.3,2.92,2.92,0.23,0.2,0 21:48:39 28/07/20
0,59.6,19.3,2.92,2.92,0.16,0.14,1 21:54:06 28/07/20
0,60.1,19.2,2.92,2.92,0.22,0.19,0 21:59:35 28/07/20
0,60.4,19.1,2.92,2.92,0.14,0.12,1 22:05:02 28/07/20
0,60.6,18.9,2.92,2.92,0.22,0.19,0 22:10:34 28/07/20
0,60.9,18.9,2.92,2.92,0.16,0.14,1 22:16:02 28/07/20
0,61.3,18.7,2.92,2.92,0.22,0.19,0 22:21:31 28/07/20
0,59.7,18.7,2.92,2.92,0.16,0.14,1 22:26:59 28/07/20
0,61.4,18.5,2.92,2.92,0.22,0.19,0 22:32:29 28/07/20
0,60.9,18.4,2.92,2.92,0.16,0.14,1 22:37:58 28/07/20
0,61.4,18.4,2.92,2.92,0.22,0.19,0 22:43:26 28/07/20
0,60.7,18.3,2.92,2.92,0.16,0.14,1 22:48:55 28/07/20
0,60.7,18.2,2.92,2.92,0.22,0.19,0 22:54:23 28/07/20
0,59.4,18.1,2.92,2.92,0.16,0.14,1 22:59:53 28/07/20
0,59.6,18.1,2.92,2.92,0.22,0.19,0 23:05:21 28/07/20
0,59.8,18.0,2.92,2.92,0.15,0.13,1 23:10:49 28/07/20
0,59.7,17.9,2.92,2.92,0.22,0.19,0 23:16:18 28/07/20
0,59.7,17.8,2.92,2.92,0.16,0.14,1 23:21:47 28/07/20
0,60.3,17.7,2.92,2.92,0.13,0.12,1 23:27:19 28/07/20
0,60.6,17.7,2.92,2.92,0.22,0.19,0 23:32:54 28/07/20
0,60.4,17.6,2.92,2.92,0.16,0.14,1 23:38:22 28/07/20
0,59.8,17.5,2.92,2.92,0.22,0.19,0 23:43:51 28/07/20
0,59.9,17.5,2.92,2.92,0.16,0.14,1 23:49:19 28/07/20
0,59.7,17.4,2.92,2.92,0.22,0.19,0 23:54:48 28/07/20
