165,84.7,9.535,1013.49,0.0,4.05 00:05:08 02/05/19
163,84.4,9.35,1013.45,0.0,4.04 00:15:47 02/05/19
165,84.7,9.155001,1013.35,0.0,4.04 00:26:28 02/05/19
166,86.3,9.014999,1013.35,0.0,4.04 00:37:01 02/05/19
165,85.3,8.76,1013.28,0.0,4.04 00:47:37 02/05/19
164,86.1,8.57,1013.23,0.0,4.03 00:58:13 02/05/19
166,85.5,8.415,1013.13,0.0,4.03 01:08:46 02/05/19
166,86.1,8.23,1013.01,0.0,4.03 01:19:21 02/05/19
161,85.9,8.04,1012.94,0.0,4.02 01:30:05 02/05/19
165,86.4,7.935,1012.91,0.0,4.03 01:40:41 02/05/19
165,86.9,7.8199997,1012.9,0.0,4.03 01:51:16 02/05/19
164,87.3,7.655,1012.8,0.0,4.02 02:01:52 02/05/19
164,87.0,7.5249996,1012.71,0.0,4.02 02:12:26 02/05/19
164,87.1,7.425,1012.73,0.0,4.02 02:23:01 02/05/19
164,87.7,7.255,1012.6,0.0,4.02 02:33:37 02/05/19
165,88.1,7.15,1012.63,0.0,4.01 02:44:10 02/05/19
166,88.4,7.04,1012.53,0.0,4.01 02:54:46 02/05/19
168,88.6,6.95,1012.55,0.0,4.01 03:05:18 02/05/19
167,88.4,6.85,1012.37,0.0,4.01 03:15:56 02/05/19
167,89.3,6.8199997,1012.3,0.0,4.01 03:26:28 02/05/19
166,89.5,6.745,1012.24,0.0,4.01 03:37:04 02/05/19
171,89.9,6.715,1012.19,0.0,4.01 03:47:37 02/05/19
176,90.0,6.725,1012.17,0.0,4.01 03:58:13 02/05/19
176,87.7,6.835,1012.08,0.0,4.01 04:08:49 02/05/19
176,89.8,7.04,1012.03,0.0,4.0 04:19:26 02/05/19
178,90.2,7.3,1011.9,0.0,4.0 04:30:05 02/05/19
180,89.6,7.4849997,1011.91,0.0,4.01 04:40:38 02/05/19
179,91.0,7.63,1011.85,0.0,4.0 04:51:14 02/05/19
180,89.7,7.795,1011.65,0.0,4.0 05:01:48 02/05/19
183,91.1,7.9,1011.58,0.0,4.0 05:12:25 02/05/19
198,91.7,7.925,1011.39,0.02,4.0 05:22:58 02/05/19
227,91.3,7.92,1011.37,0.14,4.0 05:33:36 02/05/19
274,91.0,7.905,1011.38,0.66,4.0 05:44:10 02/05/19
365,91.0,7.85,1011.33,2.35,4.0 05:54:43 02/05/19
454,91.3,7.9100003,1011.3,3.84,4.0 06:05:19 02/05/19
517,91.3,7.915,1011.33,4.08,4.0 06:15:54 02/05/19
582,92.2,8.015,1011.43,4.85,4.0 06:26:30 02/05/19
633,92.3,8.105,1011.39,5.0,4.0 06:37:05 02/05/19
669,92.3,8.205,1011.34,4.8,4.0 06:47:40 02/05/19
722,92.0,8.24,1011.33,5.0,4.01 06:58:14 02/05/19
707,92.2,8.325,1011.35,4.66,4.01 07:08:49 02/05/19
707,91.4,8.34,1011.48,5.0,4.02 07:19:24 02/05/19
754,92.1,8.344999,1011.54,4.85,4.03 07:29:57 02/05/19
790,91.6,8.445,1011.68,4.17,4.06 07:40:34 02/05/19
788,92.2,8.695,1011.68,4.41,4.11 07:51:10 02/05/19
801,92.3,8.92,1011.73,5.0,4.11 08:01:42 02/05/19
778,91.7,9.190001,1011.66,4.21,4.07 08:12:19 02/05/19
779,92.2,9.389999,1011.63,5.0,4.17 08:22:56 02/05/19
815,93.1,9.535,1011.62,4.32,4.14 08:33:30 02/05/19
833,92.5,9.79,1011.49,5.0,4.1 08:44:05 02/05/19
847,91.8,10.075,1011.47,4.24,4.15 08:54:41 02/05/19
834,92.0,10.385,1011.39,5.0,4.11 09:05:16 02/05/19
854,91.8,10.65,1011.34,4.28,4.16 09:15:52 02/05/19
866,92.5,10.975,1011.31,5.0,4.12 09:26:26 02/05/19
871,92.8,11.37,1011.19,4.28,4.18 09:37:01 02/05/19
857,91.8,11.865,1011.13,5.0,4.12 09:47:40 02/05/19
875,91.9,12.15,1010.86,5.0,4.1 09:58:16 02/05/19
887,91.8,12.44,1010.64,4.37,4.21 10:08:49 02/05/19
864,91.4,12.85,1010.67,5.0,4.12 10:19:27 02/05/19
878,91.4,12.96,1010.7,5.0,4.1 10:30:05 02/05/19
874,91.6,13.309999,1010.8,4.32,4.2 10:40:40 02/05/19
890,91.8,13.615,1010.73,5.0,4.12 10:51:16 02/05/19
872,91.6,13.934999,1010.65,5.0,4.11 11:01:53 02/05/19
889,91.1,14.235001,1010.63,5.0,4.1 11:12:28 02/05/19
880,91.6,14.535,1010.54,4.63,4.22 11:23:06 02/05/19
876,91.1,15.005,1010.5,5.0,4.12 11:33:43 02/05/19
888,90.8,15.105,1010.49,5.0,4.11 11:44:20 02/05/19
883,88.4,15.245,1010.4,4.4,4.22 11:54:55 02/05/19
885,89.6,15.360001,1010.35,5.0,4.13 12:05:32 02/05/19
870,89.5,15.62,1010.22,5.0,4.12 12:16:10 02/05/19
856,89.1,15.735001,1010.09,5.0,4.11 12:26:48 02/05/19
860,87.8,15.745001,1009.99,4.27,4.17 12:37:25 02/05/19
860,87.3,15.665,1009.89,5.0,4.13 12:48:02 02/05/19
825,86.9,15.505,1009.84,5.0,4.12 12:58:37 02/05/19
810,87.3,15.295,1009.88,5.0,4.11 13:09:14 02/05/19
820,88.9,15.18,1009.87,4.23,4.13 13:19:53 02/05/19
796,89.7,15.09,1009.87,5.0,4.12 13:30:28 02/05/19
839,90.3,14.905001,1009.81,5.0,4.11 13:41:06 02/05/19
845,90.7,14.91,1009.74,5.0,4.15 13:51:42 02/05/19
727,90.6,14.99,1009.73,5.0,4.13 14:02:18 02/05/19
804,91.3,14.73,1009.69,5.0,4.12 14:12:57 02/05/19
855,91.9,14.675,1009.65,5.0,4.11 14:23:34 02/05/19
870,93.5,14.885,1009.6,4.3,4.19 14:34:12 02/05/19
817,92.9,14.925,1009.59,5.0,4.13 14:44:46 02/05/19
767,93.0,14.59,1009.62,5.0,4.11 14:55:28 02/05/19
810,93.5,14.18,1009.68,5.0,4.11 15:06:09 02/05/19
794,93.7,14.035,1009.66,5.0,4.12 15:16:44 02/05/19
798,93.7,13.844999,1009.59,5.0,4.13 15:27:23 02/05/19
831,94.3,13.75,1009.63,5.0,4.12 15:37:58 02/05/19
784,94.6,13.83,1009.54,4.17,4.13 15:48:40 02/05/19
833,94.3,13.835,1009.48,5.0,4.12 15:59:20 02/05/19
841,94.8,13.985,1009.38,5.0,4.11 16:09:56 02/05/19
828,95.5,14.035,1009.42,5.0,4.1 16:20:34 02/05/19
830,95.7,13.97,1009.39,4.27,4.14 16:31:16 02/05/19
821,95.8,13.925,1009.32,5.0,4.13 16:41:55 02/05/19
817,95.3,13.925,1009.24,5.0,4.11 16:52:32 02/05/19
825,95.1,13.865,1009.18,5.0,4.1 17:03:08 02/05/19
826,94.8,13.934999,1009.21,4.22,4.14 17:13:45 02/05/19
834,96.7,14.07,1009.12,5.0,4.12 17:24:32 02/05/19
823,95.3,14.21,1009.15,5.0,4.11 17:35:07 02/05/19
743,95.7,14.215,1009.14,4.45,4.11 17:45:43 02/05/19
774,94.7,14.075,1009.02,4.46,4.18 17:56:18 02/05/19
784,95.3,14.049999,1009.07,5.0,4.14 18:06:56 02/05/19
762,95.9,14.055,1009.06,5.0,4.12 18:17:33 02/05/19
800,95.5,13.97,1009.09,5.0,4.12 18:28:08 02/05/19
766,95.6,13.945,1009.04,5.0,4.12 18:39:02 02/05/19
757,96.5,13.945,1009.02,5.0,4.14 18:49:47 02/05/19
738,95.7,13.780001,1009.12,5.0,4.12 19:00:34 02/05/19
755,95.4,13.58,1009.13,5.0,4.12 19:11:11 02/05/19
731,95.4,13.525,1009.13,5.0,4.11 19:21:47 02/05/19
778,95.2,13.445,1009.08,4.62,4.11 19:32:39 02/05/19
792,95.0,13.53,1009.12,5.0,4.12 19:43:16 02/05/19
783,96.4,13.549999,1009.1,5.0,4.11 19:53:53 02/05/19
752,95.7,13.565,1009.22,4.98,4.12 20:04:30 02/05/19
721,95.3,13.535,1009.3,4.41,4.17 20:15:13 02/05/19
683,95.0,13.355,1009.36,5.0,4.16 20:25:51 02/05/19
677,95.0,13.065,1009.46,5.0,4.14 20:36:28 02/05/19
619,94.8,12.835,1009.63,5.0,4.13 20:47:03 02/05/19
560,95.0,12.48,1009.67,4.95,4.12 20:57:40 02/05/19
478,94.6,12.235001,1009.79,4.22,4.11 21:08:17 02/05/19
377,94.6,11.934999,1009.96,2.82,4.1 21:18:53 02/05/19
289,94.6,11.655001,1010.09,1.19,4.09 21:29:29 02/05/19
231,94.3,11.360001,1010.02,0.29,4.09 21:40:03 02/05/19
199,94.3,11.055,1010.23,0.05,4.09 21:50:37 02/05/19
181,94.1,10.745001,1010.35,0.0,4.08 22:01:13 02/05/19
169,94.1,10.455,1010.43,0.0,4.07 22:11:52 02/05/19
169,94.6,10.245001,1010.48,0.0,4.07 22:22:27 02/05/19
167,94.8,10.135,1010.53,0.0,4.06 22:33:02 02/05/19
163,94.6,10.04,1010.54,0.0,4.06 22:43:39 02/05/19
163,94.9,9.955,1010.57,0.0,4.06 22:54:14 02/05/19
163,94.8,9.85,1010.63,0.0,4.06 23:04:47 02/05/19
159,94.7,9.735001,1010.6,0.0,4.05 23:15:23 02/05/19
160,94.6,9.549999,1010.55,0.0,4.05 23:25:57 02/05/19
158,94.6,9.35,1010.55,0.0,4.05 23:36:35 02/05/19
160,94.7,9.139999,1010.62,0.0,4.04 23:47:09 02/05/19
159,94.9,8.950001,1010.59,0.0,4.04 23:57:46 02/05/19
