181,92.0,9.835,1009.87,0.0,4.03 00:07:03 04/05/19
178,92.0,9.625,1009.72,0.0,4.03 00:17:46 04/05/19
178,91.6,9.434999,1009.74,0.0,4.03 00:28:22 04/05/19
179,91.9,9.325,1009.7,0.0,4.03 00:38:58 04/05/19
176,92.6,9.139999,1009.64,0.0,4.02 00:49:41 04/05/19
177,92.1,8.945,1009.58,0.0,4.02 01:00:15 04/05/19
175,92.7,8.745001,1009.54,0.0,4.02 01:10:51 04/05/19
175,92.6,8.545,1009.57,0.0,4.02 01:21:30 04/05/19
176,92.4,8.415,1009.7,0.0,4.02 01:32:09 04/05/19
176,92.4,8.255,1009.53,0.0,4.02 01:42:43 04/05/19
175,92.7,8.155001,1009.48,0.0,4.02 01:53:19 04/05/19
176,92.7,8.13,1009.38,0.0,4.02 02:03:52 04/05/19
178,93.6,8.105,1009.48,0.0,4.02 02:14:30 04/05/19
172,93.7,7.87,1009.48,0.0,4.01 02:25:03 04/05/19
171,93.3,7.575,1009.34,0.0,4.01 02:35:39 04/05/19
175,93.6,7.375,1009.38,0.0,4.01 02:46:12 04/05/19
174,93.5,7.2349997,1009.28,0.0,4.01 02:56:48 04/05/19
172,94.5,7.15,1009.37,0.0,4.01 03:07:24 04/05/19
173,93.9,6.98,1009.43,0.0,4.01 03:17:58 04/05/19
174,93.7,6.7799997,1009.44,0.0,4.0 03:28:32 04/05/19
175,93.8,6.6549997,1009.39,0.0,4.01 03:39:06 04/05/19
172,94.1,6.5699997,1009.47,0.0,4.0 03:49:44 04/05/19
172,94.0,6.54,1009.56,0.0,4.0 04:00:25 04/05/19
171,94.0,6.52,1009.57,0.0,4.0 04:11:00 04/05/19
171,93.7,6.5150003,1009.63,0.0,4.0 04:21:35 04/05/19
171,94.1,6.5150003,1009.57,0.0,4.0 04:32:07 04/05/19
171,93.5,6.5150003,1009.46,0.0,4.0 04:42:41 04/05/19
172,93.8,6.52,1009.41,0.0,3.99 04:53:21 04/05/19
171,93.7,6.5150003,1009.19,0.0,4.0 05:04:00 04/05/19
172,93.7,6.45,1009.13,0.0,4.0 05:14:35 04/05/19
185,93.6,6.425,1009.02,0.03,3.99 05:25:09 04/05/19
215,93.7,6.345,1009.25,0.19,3.99 05:35:44 04/05/19
253,93.7,6.265,1009.23,0.75,3.99 05:46:16 04/05/19
348,93.6,6.2349997,1009.2,2.34,3.99 05:56:53 04/05/19
430,93.7,6.15,1009.24,3.54,3.99 06:07:26 04/05/19
478,93.9,6.115,1009.29,4.12,3.99 06:18:03 04/05/19
522,93.8,6.0299997,1009.31,4.45,3.99 06:28:36 04/05/19
585,94.0,6.0,1009.32,4.66,3.99 06:39:10 04/05/19
631,94.0,5.995,1009.42,5.0,3.99 06:49:45 04/05/19
669,94.5,5.945,1009.54,5.0,4.0 07:00:19 04/05/19
711,95.1,6.005,1009.52,5.0,4.0 07:10:54 04/05/19
728,94.5,6.0150003,1009.55,5.0,4.02 07:21:27 04/05/19
742,94.7,6.105,1009.69,4.16,4.04 07:32:02 04/05/19
749,95.4,6.1400003,1009.69,5.0,4.05 07:42:37 04/05/19
770,95.0,6.215,1009.74,5.0,4.08 07:53:09 04/05/19
803,95.7,6.245,1009.85,4.82,4.13 08:03:46 04/05/19
831,97.0,6.665,1009.78,5.0,4.13 08:14:20 04/05/19
790,95.8,6.99,1009.72,4.23,4.12 08:24:55 04/05/19
858,96.6,7.26,1009.83,4.27,4.15 08:35:29 04/05/19
863,96.4,8.06,1009.76,4.25,4.16 08:46:04 04/05/19
871,95.5,8.56,1009.79,5.0,4.11 08:56:38 04/05/19
806,95.2,8.555,1009.85,4.17,4.13 09:07:14 04/05/19
880,95.3,8.625,1009.84,5.0,4.11 09:17:49 04/05/19
877,95.0,8.65,1009.77,4.31,4.2 09:28:26 04/05/19
882,95.5,8.83,1009.84,4.34,4.21 09:39:02 04/05/19
888,94.8,9.105,1009.84,5.0,4.12 09:49:33 04/05/19
892,95.0,9.38,1009.88,5.0,4.21 10:00:10 04/05/19
898,94.2,9.415,1009.69,5.0,4.11 10:10:45 04/05/19
897,94.3,9.77,1009.71,5.0,4.22 10:21:21 04/05/19
831,93.6,10.155001,1009.78,5.0,4.12 10:31:57 04/05/19
903,92.9,10.16,1009.73,5.0,4.1 10:42:32 04/05/19
844,90.6,10.285,1009.68,4.42,4.16 10:53:07 04/05/19
839,91.8,10.02,1009.87,5.0,4.12 11:03:43 04/05/19
836,91.5,9.895,1009.94,5.0,4.1 11:14:19 04/05/19
835,92.0,9.645,1010.01,4.35,4.16 11:24:52 04/05/19
815,91.8,9.514999,1009.85,5.0,4.12 11:35:27 04/05/19
903,92.3,9.504999,1009.85,5.0,4.1 11:46:05 04/05/19
901,93.2,10.165,1009.84,5.0,4.22 11:56:39 04/05/19
796,90.1,10.78,1010.15,5.0,4.12 12:07:16 04/05/19
753,88.4,9.91,1010.31,5.0,4.11 12:17:50 04/05/19
830,90.4,8.945,1010.47,4.25,4.16 12:28:26 04/05/19
902,94.0,9.185,1010.5,5.0,4.11 12:39:04 04/05/19
848,92.8,9.875,1010.48,5.0,4.11 12:49:36 04/05/19
876,91.7,10.004999,1010.43,5.0,4.22 13:00:10 04/05/19
900,90.2,10.285,1010.34,5.0,4.12 13:10:47 04/05/19
905,92.5,11.145,1010.33,5.0,4.11 13:21:23 04/05/19
874,92.6,11.91,1010.32,4.36,4.21 13:32:00 04/05/19
889,85.8,11.545,1010.63,5.0,4.12 13:42:34 04/05/19
870,85.9,11.145,1010.58,5.0,4.11 13:53:10 04/05/19
898,85.5,11.21,1010.43,5.0,4.1 14:03:47 04/05/19
910,90.6,11.98,1010.58,5.0,4.22 14:14:22 04/05/19
765,83.3,12.045,1010.92,5.0,4.12 14:24:58 04/05/19
816,84.3,10.54,1010.82,5.0,4.11 14:35:35 04/05/19
885,89.5,9.940001,1010.84,5.0,4.22 14:46:10 04/05/19
903,92.1,10.54,1010.86,5.0,4.12 14:56:44 04/05/19
820,92.1,11.610001,1010.76,5.0,4.11 15:07:20 04/05/19
875,88.7,11.865,1010.76,4.38,4.22 15:17:57 04/05/19
895,86.8,12.34,1010.65,5.0,4.12 15:28:33 04/05/19
865,83.8,12.145,1010.77,5.0,4.11 15:39:08 04/05/19
846,83.5,11.575,1010.82,4.26,4.17 15:49:45 04/05/19
890,85.3,11.24,1010.89,5.0,4.13 16:00:18 04/05/19
895,87.2,11.755,1010.8,5.0,4.11 16:10:56 04/05/19
848,84.0,12.43,1010.79,4.29,4.17 16:21:36 04/05/19
779,82.0,12.065,1010.95,5.0,4.12 16:32:16 04/05/19
887,84.2,11.175,1010.86,5.0,4.11 16:42:52 04/05/19
830,88.3,11.545,1010.96,5.0,4.14 16:53:29 04/05/19
885,81.6,11.52,1010.94,5.0,4.12 17:04:04 04/05/19
881,81.0,11.59,1011.13,5.0,4.11 17:14:44 04/05/19
879,81.5,11.545,1011.15,5.0,4.1 17:25:24 04/05/19
880,78.4,11.51,1011.19,5.0,4.22 17:36:01 04/05/19
885,75.6,11.690001,1011.16,5.0,4.12 17:46:34 04/05/19
880,77.0,11.78,1011.18,5.0,4.11 17:57:12 04/05/19
875,78.3,12.13,1011.24,5.0,4.22 18:07:48 04/05/19
824,79.4,12.03,1011.6,5.0,4.12 18:18:24 04/05/19
840,78.8,11.815001,1011.82,5.0,4.11 18:29:00 04/05/19
858,78.2,11.635,1011.8,4.36,4.22 18:39:40 04/05/19
779,76.7,11.18,1011.87,5.0,4.12 18:50:21 04/05/19
789,76.8,10.655001,1012.11,5.0,4.11 19:00:56 04/05/19
821,77.8,10.47,1012.19,4.72,4.13 19:11:30 04/05/19
745,78.8,10.514999,1012.77,5.0,4.12 19:22:08 04/05/19
676,79.2,10.145,1012.79,5.0,4.11 19:32:43 04/05/19
767,80.3,9.84,1013.04,5.0,4.12 19:43:18 04/05/19
753,82.6,9.73,1013.26,5.0,4.12 19:53:53 04/05/19
711,81.8,9.549999,1013.55,4.59,4.11 20:04:29 04/05/19
714,82.8,9.43,1013.64,4.23,4.16 20:15:04 04/05/19
677,82.0,9.225,1013.75,4.23,4.16 20:25:39 04/05/19
647,82.3,8.950001,1013.92,4.96,4.16 20:36:13 04/05/19
618,82.5,8.700001,1014.04,5.0,4.15 20:46:49 04/05/19
564,82.5,8.344999,1014.23,4.53,4.13 20:57:26 04/05/19
503,82.4,8.045,1014.45,4.24,4.12 21:08:01 04/05/19
414,83.3,7.835,1014.6,3.09,4.11 21:18:34 04/05/19
320,84.5,7.715,1014.82,1.43,4.1 21:29:09 04/05/19
243,84.6,7.535,1014.99,0.4,4.09 21:39:44 04/05/19
202,84.3,7.415,1015.2,0.08,4.08 21:50:19 04/05/19
182,85.8,7.31,1015.4,0.01,4.08 22:00:54 04/05/19
172,87.2,7.2200003,1015.55,0.0,4.07 22:11:28 04/05/19
164,86.5,7.1400003,1015.61,0.0,4.07 22:22:04 04/05/19
162,86.6,7.025,1015.74,0.0,4.06 22:32:42 04/05/19
164,86.9,6.92,1015.93,0.0,4.06 22:43:24 04/05/19
160,87.0,6.8149996,1016.07,0.0,4.06 22:54:04 04/05/19
161,86.4,6.625,1016.15,0.0,4.05 23:04:39 04/05/19
155,87.0,6.445,1016.31,0.0,4.05 23:15:13 04/05/19
158,87.4,6.305,1016.39,0.0,4.05 23:25:46 04/05/19
162,87.2,6.12,1016.55,0.0,4.05 23:36:20 04/05/19
158,89.1,5.94,1016.62,0.0,4.04 23:46:55 04/05/19
157,87.6,5.8199997,1016.78,0.0,4.04 23:57:30 04/05/19
