171,92.9,12.835,1004.66,0.0,4.04 00:09:15 18/05/19
169,93.4,12.82,1004.65,0.0,4.04 00:19:53 18/05/19
169,93.0,12.755,1004.59,0.0,4.04 00:30:28 18/05/19
168,92.8,12.725,1004.45,0.0,4.03 00:41:06 18/05/19
167,93.0,12.639999,1004.48,0.0,4.03 00:51:47 18/05/19
167,92.7,12.565,1004.53,0.0,4.03 01:02:27 18/05/19
167,93.4,12.535,1004.5,0.0,4.03 01:13:04 18/05/19
168,92.5,12.450001,1004.49,0.0,4.03 01:23:38 18/05/19
168,92.9,12.41,1004.51,0.0,4.03 01:34:13 18/05/19
167,93.8,12.33,1004.46,0.0,4.03 01:44:51 18/05/19
168,93.1,12.325,1004.51,0.0,4.02 01:55:26 18/05/19
166,93.6,12.325,1004.49,0.0,4.02 02:06:05 18/05/19
165,93.1,12.335,1004.48,0.0,4.02 02:16:40 18/05/19
166,92.9,12.344999,1004.41,0.0,4.02 02:27:14 18/05/19
165,92.3,12.35,1004.39,0.0,4.02 02:37:53 18/05/19
164,93.4,12.405001,1004.33,0.0,4.02 02:48:28 18/05/19
163,93.3,12.395,1004.23,0.0,4.02 02:59:04 18/05/19
161,93.8,12.385,1004.21,0.0,4.02 03:09:42 18/05/19
160,93.8,12.315001,1004.16,0.0,4.01 03:20:17 18/05/19
160,93.6,12.225,1004.2,0.0,4.01 03:30:53 18/05/19
159,94.3,12.13,1004.2,0.0,4.01 03:41:29 18/05/19
159,93.9,12.04,1004.13,0.0,4.01 03:52:06 18/05/19
158,94.1,11.945,1004.09,0.0,4.01 04:02:42 18/05/19
158,93.6,11.84,1004.04,0.0,4.01 04:13:18 18/05/19
160,93.7,11.735001,1004.15,0.0,4.01 04:23:54 18/05/19
163,94.0,11.65,1004.07,0.0,4.01 04:34:30 18/05/19
169,94.0,11.625,1003.97,0.0,4.0 04:45:06 18/05/19
183,94.0,11.535,1003.99,0.04,4.0 04:55:41 18/05/19
208,93.9,11.450001,1003.94,0.17,4.0 05:06:17 18/05/19
256,94.6,11.455,1003.92,0.82,4.0 05:16:53 18/05/19
349,94.8,11.514999,1003.94,2.44,4.0 05:27:29 18/05/19
441,94.3,11.455,1003.95,3.85,4.0 05:38:04 18/05/19
512,94.6,11.33,1004.04,4.15,4.0 05:48:40 18/05/19
546,94.0,11.23,1004.09,4.51,4.0 05:59:16 18/05/19
588,94.1,11.235001,1004.06,4.39,4.0 06:09:51 18/05/19
631,94.5,11.335,1004.04,5.0,4.0 06:20:28 18/05/19
658,94.1,11.440001,1004.01,5.0,4.01 06:31:04 18/05/19
681,94.1,11.545,1004.04,4.4,4.01 06:41:40 18/05/19
690,94.2,11.655001,1004.13,5.0,4.01 06:52:17 18/05/19
722,93.6,11.82,1004.01,4.54,4.02 07:02:53 18/05/19
737,93.4,11.950001,1004.05,4.12,4.03 07:13:29 18/05/19
750,93.1,12.13,1004.06,4.1,4.05 07:24:04 18/05/19
767,93.2,12.309999,1004.14,4.14,4.07 07:34:38 18/05/19
765,92.6,12.440001,1004.22,4.2,4.09 07:45:14 18/05/19
797,92.7,12.63,1004.19,4.28,4.18 07:55:53 18/05/19
781,92.8,12.905001,1004.3,4.2,4.1 08:06:26 18/05/19
841,93.1,13.360001,1004.32,5.0,4.11 08:17:03 18/05/19
852,92.7,14.225,1004.37,4.86,4.14 08:27:41 18/05/19
858,91.8,14.77,1004.35,5.0,4.11 08:38:17 18/05/19
872,92.9,15.09,1004.49,4.28,4.18 08:48:55 18/05/19
858,92.2,15.24,1004.44,5.0,4.12 08:59:30 18/05/19
874,92.2,15.335,1004.54,4.3,4.19 09:10:09 18/05/19
823,91.6,15.5,1004.49,5.0,4.12 09:20:44 18/05/19
826,91.8,15.47,1004.74,5.0,4.11 09:31:21 18/05/19
838,91.4,15.37,1004.75,4.32,4.16 09:42:00 18/05/19
844,91.6,15.44,1004.74,5.0,4.12 09:52:38 18/05/19
834,91.3,15.54,1004.8,5.0,4.11 10:03:15 18/05/19
855,91.6,15.635,1004.69,5.0,4.1 10:13:52 18/05/19
836,91.6,15.754999,1004.67,4.37,4.15 10:24:28 18/05/19
858,91.6,15.879999,1004.73,5.0,4.12 10:35:05 18/05/19
855,92.3,16.154999,1004.81,5.0,4.11 10:45:44 18/05/19
864,91.5,16.265,1004.84,4.27,4.17 10:56:22 18/05/19
899,91.8,16.55,1004.9,5.0,4.13 11:06:57 18/05/19
897,92.3,17.05,1004.82,5.0,4.12 11:17:34 18/05/19
888,92.0,17.630001,1004.83,5.0,4.11 11:28:12 18/05/19
897,92.0,18.09,1004.86,5.0,4.21 11:38:48 18/05/19
897,91.3,18.36,1004.81,5.0,4.13 11:49:28 18/05/19
895,91.5,18.775,1004.88,5.0,4.12 12:00:06 18/05/19
877,91.0,19.09,1004.82,5.0,4.11 12:10:44 18/05/19
896,90.9,19.205,1004.8,5.0,4.1 12:21:21 18/05/19
902,89.0,19.335,1004.74,5.0,4.22 12:32:00 18/05/19
903,90.9,19.895,1004.68,5.0,4.13 12:42:39 18/05/19
901,91.1,20.36,1004.67,5.0,4.12 12:53:17 18/05/19
902,90.5,20.75,1004.53,5.0,4.11 13:03:56 18/05/19
903,86.5,21.150002,1004.42,5.0,4.22 13:14:35 18/05/19
905,89.5,21.54,1004.4,5.0,4.14 13:25:12 18/05/19
905,89.5,21.95,1004.36,5.0,4.12 13:35:53 18/05/19
906,89.0,22.335,1004.3,5.0,4.11 13:46:38 18/05/19
854,86.9,22.615002,1004.28,5.0,4.11 13:57:19 18/05/19
873,87.5,22.470001,1004.24,4.32,4.19 14:07:57 18/05/19
906,75.2,22.45,1004.09,5.0,4.14 14:18:39 18/05/19
866,75.7,22.404999,1004.09,5.0,4.12 14:29:17 18/05/19
851,71.2,22.005001,1003.99,5.0,4.11 14:39:57 18/05/19
848,81.9,21.675,1004.06,5.0,4.11 14:50:35 18/05/19
905,79.5,21.925,1004.05,5.0,4.21 15:01:13 18/05/19
905,81.2,22.560001,1003.97,5.0,4.14 15:11:54 18/05/19
905,75.0,23.09,1003.88,5.0,4.12 15:22:40 18/05/19
906,79.5,23.470001,1003.92,5.0,4.12 15:33:21 18/05/19
905,77.8,23.8,1003.79,5.0,4.11 15:44:02 18/05/19
902,77.7,24.02,1003.78,5.0,4.21 15:54:41 18/05/19
900,73.8,24.31,1003.7,5.0,4.14 16:05:20 18/05/19
898,76.3,24.4,1003.65,5.0,4.13 16:16:01 18/05/19
898,77.1,24.605,1003.67,5.0,4.12 16:26:40 18/05/19
877,72.1,24.8,1003.64,5.0,4.11 16:37:28 18/05/19
883,64.0,24.415,1003.6,4.38,4.21 16:48:10 18/05/19
847,70.1,24.195,1003.62,5.0,4.14 16:58:50 18/05/19
840,66.9,23.64,1003.54,5.0,4.13 17:09:29 18/05/19
836,70.1,23.165,1003.57,5.0,4.12 17:20:08 18/05/19
838,67.1,22.884998,1003.55,5.0,4.11 17:30:48 18/05/19
842,68.7,22.81,1003.62,5.0,4.1 17:41:27 18/05/19
847,67.6,22.650002,1003.62,5.0,4.15 17:52:07 18/05/19
834,71.0,22.725,1003.64,5.0,4.14 18:02:47 18/05/19
816,68.0,22.635,1003.59,5.0,4.12 18:13:25 18/05/19
813,67.5,22.46,1003.7,5.0,4.12 18:24:05 18/05/19
807,68.3,22.36,1003.72,5.0,4.11 18:34:49 18/05/19
760,71.1,22.32,1003.84,5.0,4.12 18:45:30 18/05/19
680,71.1,22.07,1004.12,5.0,4.13 18:56:12 18/05/19
676,72.6,21.57,1004.25,4.95,4.13 19:06:50 18/05/19
702,76.0,20.904999,1004.34,4.96,4.15 19:17:30 18/05/19
720,77.9,20.575,1004.42,5.0,4.18 19:28:08 18/05/19
718,79.0,20.285,1004.38,5.0,4.16 19:38:46 18/05/19
712,79.8,19.994999,1004.5,5.0,4.15 19:49:25 18/05/19
695,82.8,19.795,1004.43,5.0,4.13 20:00:03 18/05/19
637,83.6,19.615,1004.48,5.0,4.12 20:10:42 18/05/19
636,84.7,19.41,1004.44,5.0,4.11 20:21:21 18/05/19
613,86.3,19.26,1004.63,4.87,4.11 20:31:57 18/05/19
602,86.5,19.15,1004.72,4.75,4.11 20:42:36 18/05/19
601,87.8,19.015,1004.66,5.0,4.1 20:53:15 18/05/19
549,88.6,18.92,1004.81,4.63,4.1 21:03:55 18/05/19
474,88.4,18.825,1004.89,4.22,4.09 21:14:31 18/05/19
385,91.0,18.59,1004.92,2.86,4.09 21:25:08 18/05/19
337,89.9,18.474998,1005.04,2.26,4.08 21:35:52 18/05/19
291,90.4,18.435,1005.14,1.02,4.08 21:46:34 18/05/19
240,91.8,18.285,1005.22,0.27,4.07 21:57:10 18/05/19
207,90.5,18.17,1005.28,0.05,4.07 22:07:49 18/05/19
191,90.0,18.04,1005.39,0.0,4.07 22:18:27 18/05/19
184,90.5,17.875,1005.37,0.0,4.07 22:29:06 18/05/19
182,90.9,17.75,1005.4,0.0,4.06 22:39:43 18/05/19
181,91.1,17.654999,1005.42,0.0,4.06 22:50:21 18/05/19
180,90.8,17.55,1005.39,0.0,4.06 23:00:58 18/05/19
179,91.2,17.465,1005.34,0.0,4.05 23:11:36 18/05/19
179,91.6,17.42,1005.34,0.0,4.05 23:22:15 18/05/19
178,91.1,17.34,1005.38,0.0,4.05 23:32:51 18/05/19
178,91.2,17.25,1005.34,0.0,4.05 23:43:29 18/05/19
177,91.7,17.16,1005.31,0.0,4.04 23:54:06 18/05/19
