167,93.8,12.74,1017.43,0.0,4.05 00:05:33 22/05/19
166,94.1,12.66,1017.45,0.0,4.05 00:16:10 22/05/19
168,93.7,12.635,1017.47,0.0,4.04 00:26:45 22/05/19
169,93.6,12.63,1017.5,0.0,4.04 00:37:22 22/05/19
169,94.2,12.625,1017.51,0.0,4.04 00:47:57 22/05/19
168,94.1,12.559999,1017.49,0.0,4.04 00:58:32 22/05/19
168,93.8,12.545,1017.48,0.0,4.04 01:09:10 22/05/19
169,94.6,12.525,1017.43,0.0,4.04 01:19:47 22/05/19
171,94.1,12.465,1017.36,0.0,4.04 01:30:20 22/05/19
167,94.5,12.504999,1017.3,0.0,4.03 01:40:58 22/05/19
168,94.0,12.455,1017.35,0.0,4.03 01:51:34 22/05/19
167,94.1,12.440001,1017.37,0.0,4.03 02:02:09 22/05/19
168,94.2,12.415,1017.42,0.0,4.03 02:12:47 22/05/19
168,94.1,12.34,1017.51,0.0,4.03 02:23:22 22/05/19
166,94.1,12.315001,1017.52,0.0,4.03 02:34:01 22/05/19
165,94.3,12.23,1017.5,0.0,4.03 02:44:33 22/05/19
166,94.5,12.125,1017.56,0.0,4.03 02:55:09 22/05/19
166,94.2,12.035,1017.64,0.0,4.02 03:05:47 22/05/19
168,94.6,12.02,1017.7,0.0,4.02 03:16:26 22/05/19
168,94.2,12.0,1017.78,0.0,4.02 03:27:07 22/05/19
167,94.3,12.0,1017.84,0.0,4.02 03:37:44 22/05/19
169,94.3,12.004999,1017.78,0.0,4.02 03:48:20 22/05/19
168,94.6,11.950001,1017.92,0.0,4.01 03:58:58 22/05/19
168,94.9,11.865,1017.91,0.0,4.01 04:09:32 22/05/19
168,94.6,11.775,1017.94,0.0,4.01 04:20:08 22/05/19
170,94.5,11.745001,1017.97,0.0,4.01 04:30:41 22/05/19
175,94.4,11.73,1018.03,0.0,4.01 04:41:19 22/05/19
184,94.2,11.725,1018.1,0.03,4.01 04:51:55 22/05/19
207,94.4,11.72,1018.21,0.16,4.01 05:02:30 22/05/19
251,94.5,11.72,1018.18,0.67,4.01 05:13:06 22/05/19
325,94.6,11.725,1018.23,1.88,4.01 05:23:41 22/05/19
416,94.4,11.71,1018.24,3.34,4.01 05:34:18 22/05/19
480,94.3,11.635,1018.16,4.09,4.01 05:44:52 22/05/19
545,95.2,11.615,1018.23,4.4,4.0 05:55:30 22/05/19
594,94.7,11.615,1018.31,5.0,4.01 06:06:06 22/05/19
629,94.7,11.615,1018.38,4.91,4.0 06:16:42 22/05/19
676,94.6,11.62,1018.29,5.0,4.01 06:27:19 22/05/19
689,94.5,11.63,1018.39,4.15,4.02 06:37:53 22/05/19
708,94.9,11.639999,1018.39,4.27,4.03 06:48:27 22/05/19
741,95.1,11.72,1018.41,5.0,4.04 06:59:03 22/05/19
758,95.0,11.815001,1018.4,4.19,4.06 07:09:40 22/05/19
763,94.8,11.91,1018.5,4.15,4.08 07:20:20 22/05/19
779,94.8,11.955,1018.55,5.0,4.13 07:30:53 22/05/19
778,95.0,12.13,1018.7,5.0,4.12 07:41:29 22/05/19
794,94.9,12.22,1018.69,4.17,4.11 07:52:05 22/05/19
799,94.8,12.235001,1018.69,5.0,4.11 08:02:42 22/05/19
807,94.3,12.33,1018.72,4.46,4.12 08:13:16 22/05/19
818,95.9,12.885,1018.77,5.0,4.11 08:23:53 22/05/19
831,94.5,13.02,1018.73,5.0,4.13 08:34:29 22/05/19
871,95.5,13.23,1018.81,5.0,4.11 08:45:04 22/05/19
869,94.9,13.615,1018.85,4.48,4.16 08:55:42 22/05/19
874,94.4,13.815001,1018.86,5.0,4.12 09:06:19 22/05/19
877,94.2,13.91,1018.84,5.0,4.11 09:16:53 22/05/19
877,94.1,14.075,1018.94,4.28,4.18 09:27:31 22/05/19
884,93.6,14.255,1018.93,5.0,4.12 09:38:08 22/05/19
885,92.5,14.295,1018.93,5.0,4.1 09:48:50 22/05/19
886,93.9,14.530001,1018.89,4.36,4.21 09:59:30 22/05/19
887,93.5,14.860001,1018.91,5.0,4.12 10:10:07 22/05/19
889,93.6,15.205,1018.89,5.0,4.11 10:20:44 22/05/19
891,93.4,15.434999,1018.87,5.0,4.22 10:31:21 22/05/19
892,92.7,15.735001,1018.86,5.0,4.13 10:41:58 22/05/19
894,93.7,16.025,1018.93,5.0,4.12 10:52:35 22/05/19
895,93.8,16.68,1018.88,5.0,4.11 11:03:10 22/05/19
894,92.0,16.994999,1018.87,5.0,4.22 11:13:49 22/05/19
896,92.9,17.27,1018.87,5.0,4.13 11:24:27 22/05/19
897,92.6,17.5,1018.84,5.0,4.12 11:35:05 22/05/19
900,92.3,17.965,1018.89,5.0,4.11 11:45:42 22/05/19
897,92.4,18.285,1018.73,5.0,4.21 11:56:20 22/05/19
904,89.2,18.43,1018.67,5.0,4.13 12:06:58 22/05/19
851,91.5,18.765,1018.76,5.0,4.12 12:17:36 22/05/19
902,90.9,18.705,1018.75,5.0,4.11 12:28:18 22/05/19
858,91.9,18.96,1018.76,4.26,4.17 12:39:00 22/05/19
899,88.1,18.939999,1018.67,5.0,4.13 12:49:41 22/05/19
875,84.3,18.869999,1018.56,5.0,4.12 13:00:16 22/05/19
902,91.4,19.27,1018.63,5.0,4.11 13:10:53 22/05/19
842,82.6,20.045,1018.6,5.0,4.11 13:21:33 22/05/19
907,87.7,19.81,1018.62,5.0,4.21 13:32:13 22/05/19
845,88.2,19.875,1018.54,5.0,4.13 13:42:48 22/05/19
910,90.3,19.970001,1018.48,5.0,4.12 13:53:28 22/05/19
850,85.6,20.395,1018.4,5.0,4.12 14:04:04 22/05/19
846,88.4,20.4,1018.44,4.25,4.17 14:14:45 22/05/19
844,88.2,20.380001,1018.38,5.0,4.14 14:25:23 22/05/19
908,75.4,20.375,1018.24,5.0,4.13 14:36:00 22/05/19
906,81.2,20.755,1018.14,5.0,4.11 14:46:44 22/05/19
905,86.7,21.259998,1017.99,5.0,4.11 14:57:27 22/05/19
906,80.2,21.75,1017.85,5.0,4.22 15:08:06 22/05/19
841,80.5,21.975,1017.96,5.0,4.14 15:18:45 22/05/19
903,76.2,21.33,1017.9,5.0,4.13 15:29:22 22/05/19
904,80.7,21.650002,1017.94,5.0,4.12 15:40:04 22/05/19
896,71.6,21.99,1017.87,5.0,4.11 15:50:43 22/05/19
900,72.6,21.695,1017.85,5.0,4.21 16:01:22 22/05/19
898,79.1,21.77,1017.91,5.0,4.14 16:12:00 22/05/19
898,67.1,22.23,1017.85,5.0,4.13 16:22:39 22/05/19
895,73.0,22.055,1017.85,5.0,4.12 16:33:18 22/05/19
869,73.3,21.925,1017.77,5.0,4.11 16:43:56 22/05/19
891,67.0,21.73,1017.76,5.0,4.21 16:54:36 22/05/19
886,72.9,21.9,1017.78,5.0,4.14 17:05:16 22/05/19
879,62.2,21.745,1017.75,5.0,4.13 17:15:54 22/05/19
876,56.4,21.335,1017.74,5.0,4.12 17:26:34 22/05/19
867,60.4,21.115,1017.78,5.0,4.11 17:37:12 22/05/19
860,58.1,20.91,1017.83,4.3,4.18 17:47:51 22/05/19
868,60.9,20.76,1017.77,5.0,4.14 17:58:30 22/05/19
866,57.7,20.46,1017.8,5.0,4.12 18:09:10 22/05/19
863,56.8,20.34,1017.76,5.0,4.12 18:19:47 22/05/19
862,58.5,20.31,1017.81,5.0,4.11 18:30:26 22/05/19
850,57.8,20.16,1017.84,4.26,4.17 18:41:04 22/05/19
805,58.7,20.075,1017.85,5.0,4.13 18:51:43 22/05/19
792,60.0,19.76,1017.8,5.0,4.12 19:02:21 22/05/19
780,59.6,19.46,1017.85,5.0,4.11 19:12:59 22/05/19
774,64.0,19.235,1017.91,5.0,4.11 19:23:38 22/05/19
770,62.9,18.985,1017.98,5.0,4.12 19:34:16 22/05/19
772,63.5,18.88,1017.98,5.0,4.15 19:44:55 22/05/19
771,65.5,18.755001,1017.9,5.0,4.13 19:55:33 22/05/19
760,65.3,18.555,1017.92,5.0,4.13 20:06:08 22/05/19
748,63.2,18.285,1017.95,5.0,4.11 20:16:49 22/05/19
735,65.2,18.095001,1017.94,4.41,4.11 20:27:26 22/05/19
717,65.4,17.994999,1017.97,5.0,4.15 20:38:04 22/05/19
703,65.5,17.8,1018.01,4.28,4.17 20:48:43 22/05/19
677,67.2,17.665,1018.04,5.0,4.17 20:59:19 22/05/19
649,66.7,17.404999,1018.09,5.0,4.15 21:09:55 22/05/19
602,66.5,17.18,1018.08,5.0,4.14 21:20:36 22/05/19
556,67.0,16.904999,1018.18,5.0,4.13 21:31:12 22/05/19
479,66.5,16.605,1018.26,4.26,4.12 21:41:49 22/05/19
362,67.4,16.289999,1018.32,2.3,4.11 21:52:25 22/05/19
291,68.3,15.98,1018.36,0.93,4.1 22:03:04 22/05/19
247,68.8,15.690001,1018.44,0.34,4.1 22:13:41 22/05/19
218,69.6,15.405001,1018.41,0.1,4.09 22:24:17 22/05/19
199,70.6,15.185,1018.48,0.02,4.08 22:34:55 22/05/19
187,71.6,14.925,1018.46,0.0,4.08 22:45:32 22/05/19
182,72.6,14.73,1018.48,0.0,4.08 22:56:09 22/05/19
178,73.3,14.53,1018.51,0.0,4.07 23:06:47 22/05/19
180,74.1,14.405001,1018.6,0.0,4.07 23:17:23 22/05/19
178,75.4,14.299999,1018.58,0.0,4.07 23:28:00 22/05/19
174,75.8,14.225,1018.59,0.0,4.06 23:38:36 22/05/19
175,76.3,14.110001,1018.49,0.0,4.06 23:49:13 22/05/19
178,77.2,13.995,1018.48,0.0,4.06 23:59:50 22/05/19
