175,77.1,13.91,1018.45,0.0,4.05 00:10:26 23/05/19
171,77.7,13.815001,1018.49,0.0,4.05 00:21:03 23/05/19
172,77.7,13.635,1018.4,0.0,4.05 00:31:37 23/05/19
168,78.5,13.51,1018.34,0.0,4.04 00:42:16 23/05/19
167,78.1,13.309999,1018.36,0.0,4.05 00:52:50 23/05/19
165,78.2,13.045,1018.4,0.0,4.04 01:03:28 23/05/19
162,78.4,12.83,1018.39,0.0,4.04 01:14:05 23/05/19
163,78.4,12.62,1018.29,0.0,4.04 01:24:40 23/05/19
164,79.2,12.35,1018.28,0.0,4.04 01:35:17 23/05/19
164,80.0,12.215,1018.35,0.0,4.03 01:45:53 23/05/19
166,80.3,12.02,1018.33,0.0,4.03 01:56:29 23/05/19
169,80.2,11.915,1018.35,0.0,4.03 02:07:07 23/05/19
171,83.4,11.844999,1018.34,0.0,4.03 02:17:43 23/05/19
170,82.6,11.85,1018.22,0.0,4.03 02:28:19 23/05/19
167,82.8,11.91,1018.17,0.0,4.02 02:38:54 23/05/19
165,83.0,11.84,1018.09,0.0,4.02 02:49:30 23/05/19
171,81.2,11.805,1018.08,0.0,4.02 03:00:06 23/05/19
171,83.6,11.74,1017.96,0.0,4.02 03:10:43 23/05/19
172,84.4,11.805,1018.0,0.0,4.02 03:21:17 23/05/19
171,84.3,11.825,1017.88,0.0,4.02 03:31:53 23/05/19
169,83.3,11.844999,1017.86,0.0,4.02 03:42:30 23/05/19
171,86.4,11.835,1017.81,0.0,4.02 03:53:05 23/05/19
171,85.5,11.855,1017.82,0.0,4.02 04:03:41 23/05/19
170,90.1,11.860001,1017.72,0.0,4.01 04:14:18 23/05/19
173,84.7,11.84,1017.6,0.0,4.01 04:24:53 23/05/19
181,84.8,11.795,1017.56,0.0,4.01 04:35:29 23/05/19
197,83.9,11.715,1017.46,0.04,4.01 04:46:04 23/05/19
224,84.5,11.615,1017.48,0.19,4.01 04:56:40 23/05/19
265,84.5,11.43,1017.43,0.64,4.01 05:07:17 23/05/19
328,84.5,11.23,1017.42,1.68,4.01 05:17:51 23/05/19
410,84.7,11.025,1017.31,3.0,4.01 05:28:27 23/05/19
487,85.5,10.825,1017.25,4.02,4.0 05:39:08 23/05/19
548,86.5,10.635,1017.11,4.43,4.01 05:49:47 23/05/19
594,85.1,10.52,1017.05,4.63,4.0 06:00:24 23/05/19
638,85.4,10.35,1017.07,5.0,4.01 06:11:01 23/05/19
680,84.6,10.315001,1017.03,4.32,4.01 06:21:36 23/05/19
704,84.7,10.335,1017.05,5.0,4.01 06:32:09 23/05/19
721,84.1,10.440001,1016.95,4.08,4.02 06:42:47 23/05/19
740,84.1,10.615,1016.99,5.0,4.03 06:53:23 23/05/19
767,85.3,10.815001,1017.04,5.0,4.04 07:03:58 23/05/19
797,86.5,11.02,1017.09,4.11,4.06 07:14:34 23/05/19
812,85.5,11.299999,1017.21,4.18,4.08 07:25:10 23/05/19
821,85.3,11.68,1017.29,4.78,4.12 07:35:45 23/05/19
821,86.7,12.165,1017.31,4.34,4.17 07:46:23 23/05/19
842,87.0,12.87,1017.4,5.0,4.12 07:56:58 23/05/19
851,86.5,13.940001,1017.47,5.0,4.11 08:07:32 23/05/19
859,85.5,15.27,1017.35,5.0,4.13 08:18:09 23/05/19
861,84.1,16.349998,1017.36,5.0,4.12 08:28:49 23/05/19
844,82.3,16.82,1017.31,4.22,4.14 08:39:27 23/05/19
850,80.9,16.720001,1017.22,5.0,4.12 08:50:04 23/05/19
869,82.1,16.535,1017.15,5.0,4.11 09:00:39 23/05/19
879,82.1,16.720001,1017.19,4.26,4.17 09:11:16 23/05/19
879,83.0,17.02,1017.26,5.0,4.13 09:21:55 23/05/19
877,82.7,17.285,1017.26,5.0,4.11 09:32:31 23/05/19
891,82.5,17.61,1017.37,5.0,4.1 09:43:10 23/05/19
880,82.7,18.045,1017.3,4.31,4.19 09:53:50 23/05/19
880,81.5,18.295,1017.28,5.0,4.12 10:04:35 23/05/19
878,82.0,18.635,1017.24,5.0,4.11 10:15:13 23/05/19
891,81.6,18.869999,1017.21,5.0,4.11 10:25:50 23/05/19
889,78.4,19.224998,1017.11,4.68,4.22 10:36:29 23/05/19
889,76.9,19.395,1017.07,5.0,4.13 10:47:07 23/05/19
899,78.2,19.57,1017.12,5.0,4.12 10:57:49 23/05/19
901,78.2,20.02,1017.1,5.0,4.11 11:08:33 23/05/19
900,73.2,20.25,1016.98,5.0,4.22 11:19:11 23/05/19
899,74.9,20.475,1016.9,5.0,4.13 11:29:49 23/05/19
894,76.7,20.73,1016.9,5.0,4.12 11:40:31 23/05/19
889,71.3,20.875,1016.88,5.0,4.11 11:51:15 23/05/19
899,71.8,20.849998,1016.84,5.0,4.1 12:01:54 23/05/19
901,71.4,21.12,1016.73,5.0,4.21 12:12:33 23/05/19
885,69.0,21.279999,1016.61,5.0,4.14 12:23:10 23/05/19
902,71.4,21.369999,1016.57,5.0,4.12 12:33:50 23/05/19
906,69.6,21.715,1016.45,5.0,4.12 12:44:28 23/05/19
896,65.6,22.035,1016.44,5.0,4.11 12:55:08 23/05/19
904,62.5,22.235,1016.22,5.0,4.22 13:05:49 23/05/19
900,63.2,22.305,1016.16,5.0,4.14 13:16:27 23/05/19
905,59.1,22.42,1016.17,5.0,4.13 13:27:07 23/05/19
903,58.0,22.52,1016.13,5.0,4.12 13:37:44 23/05/19
905,59.2,22.735,1016.05,5.0,4.11 13:48:25 23/05/19
902,61.1,22.915,1016.04,5.0,4.22 13:59:02 23/05/19
900,64.8,23.33,1016.07,5.0,4.14 14:09:44 23/05/19
891,53.8,23.455,1016.01,5.0,4.13 14:20:23 23/05/19
895,57.2,23.415,1015.99,5.0,4.12 14:31:03 23/05/19
892,56.8,23.349998,1015.92,5.0,4.11 14:41:42 23/05/19
894,57.8,23.439999,1015.81,5.0,4.22 14:52:23 23/05/19
901,54.2,23.455,1015.78,5.0,4.14 15:03:02 23/05/19
902,57.2,23.61,1015.75,5.0,4.13 15:13:41 23/05/19
895,51.9,23.655,1015.68,5.0,4.12 15:24:24 23/05/19
891,50.2,23.565,1015.7,5.0,4.11 15:35:09 23/05/19
891,54.3,23.630001,1015.62,5.0,4.22 15:45:47 23/05/19
885,47.1,23.82,1015.53,5.0,4.14 15:56:29 23/05/19
883,48.9,23.68,1015.56,5.0,4.13 16:07:07 23/05/19
891,55.8,23.665,1015.52,5.0,4.12 16:17:53 23/05/19
893,53.0,23.775,1015.45,5.0,4.11 16:28:37 23/05/19
885,50.2,23.845001,1015.43,5.0,4.11 16:39:16 23/05/19
877,52.8,23.7,1015.37,4.36,4.21 16:49:56 23/05/19
890,51.6,23.825,1015.29,5.0,4.14 17:00:37 23/05/19
886,54.2,24.060001,1015.18,5.0,4.13 17:11:16 23/05/19
881,52.6,24.1,1015.15,5.0,4.12 17:21:56 23/05/19
887,55.6,24.4,1015.04,5.0,4.11 17:32:36 23/05/19
883,50.0,24.325,1015.02,4.94,4.22 17:43:14 23/05/19
848,52.2,24.095001,1015.04,5.0,4.14 17:53:57 23/05/19
806,50.6,23.715,1015.04,5.0,4.13 18:04:35 23/05/19
875,52.8,23.58,1015.01,5.0,4.12 18:15:16 23/05/19
875,53.1,23.615,1014.98,5.0,4.11 18:25:55 23/05/19
867,52.4,23.635,1014.93,4.32,4.19 18:36:36 23/05/19
851,53.4,23.48,1014.79,5.0,4.14 18:47:14 23/05/19
853,52.7,23.32,1014.77,5.0,4.13 18:57:54 23/05/19
844,53.1,23.205,1014.75,5.0,4.12 19:08:33 23/05/19
805,54.1,23.029999,1014.76,5.0,4.11 19:19:13 23/05/19
771,53.7,22.740002,1014.65,5.0,4.11 19:29:53 23/05/19
756,53.8,22.445,1014.54,4.2,4.11 19:40:33 23/05/19
768,53.9,22.07,1014.45,5.0,4.16 19:51:11 23/05/19
752,54.6,21.855,1014.46,5.0,4.14 20:01:51 23/05/19
748,54.9,21.58,1014.31,5.0,4.13 20:12:30 23/05/19
749,55.5,21.38,1014.35,5.0,4.12 20:23:07 23/05/19
738,56.1,21.18,1014.39,5.0,4.11 20:33:49 23/05/19
716,56.0,20.965,1014.38,5.0,4.11 20:44:27 23/05/19
691,56.2,20.71,1014.34,5.0,4.12 20:55:09 23/05/19
656,56.4,20.485,1014.37,4.75,4.12 21:05:54 23/05/19
591,56.8,20.18,1014.43,4.65,4.12 21:16:31 23/05/19
523,57.3,19.89,1014.48,4.21,4.11 21:27:10 23/05/19
456,58.1,19.585,1014.49,3.33,4.1 21:37:48 23/05/19
383,58.2,19.285,1014.43,2.19,4.09 21:48:28 23/05/19
308,58.8,18.98,1014.49,0.93,4.09 21:59:05 23/05/19
256,59.3,18.615,1014.55,0.31,4.08 22:09:43 23/05/19
222,60.9,18.395,1014.57,0.07,4.08 22:20:21 23/05/19
201,61.2,18.185001,1014.52,0.01,4.08 22:30:59 23/05/19
188,61.0,17.92,1014.44,0.0,4.07 22:41:37 23/05/19
182,62.1,17.71,1014.41,0.0,4.07 22:52:15 23/05/19
179,63.9,17.529999,1014.46,0.0,4.07 23:02:51 23/05/19
175,64.2,17.41,1014.44,0.0,4.06 23:13:32 23/05/19
175,64.5,17.305,1014.41,0.0,4.06 23:24:08 23/05/19
174,64.6,17.125,1014.37,0.0,4.06 23:34:45 23/05/19
172,65.3,17.005001,1014.39,0.0,4.05 23:45:24 23/05/19
169,65.9,16.895,1014.45,0.0,4.05 23:56:05 23/05/19
