173,87.5,15.165,1016.48,0.0,4.05 00:08:20 26/05/19
172,87.8,14.965,1016.41,0.0,4.04 00:18:56 26/05/19
171,87.4,14.74,1016.32,0.0,4.04 00:29:32 26/05/19
166,87.7,14.455,1016.19,0.0,4.04 00:40:15 26/05/19
167,88.0,14.24,1016.17,0.0,4.04 00:50:56 26/05/19
166,87.8,13.97,1016.09,0.0,4.04 01:01:32 26/05/19
164,88.4,13.68,1016.12,0.0,4.03 01:12:10 26/05/19
164,88.4,13.445,1016.12,0.0,4.03 01:22:45 26/05/19
162,88.9,13.139999,1015.93,0.0,4.03 01:33:23 26/05/19
161,88.8,12.860001,1015.84,0.0,4.03 01:44:01 26/05/19
161,89.7,12.635,1015.69,0.0,4.02 01:54:37 26/05/19
162,90.1,12.434999,1015.59,0.0,4.03 02:05:10 26/05/19
161,90.0,12.175,1015.48,0.0,4.02 02:15:49 26/05/19
164,90.1,12.03,1015.43,0.0,4.02 02:26:22 26/05/19
175,90.4,11.860001,1015.41,0.0,4.02 02:36:59 26/05/19
175,90.6,11.855,1015.38,0.0,4.02 02:47:36 26/05/19
166,91.2,11.940001,1015.32,0.0,4.02 02:58:14 26/05/19
163,90.7,11.940001,1015.29,0.0,4.02 03:08:47 26/05/19
161,91.0,11.835,1015.19,0.0,4.01 03:19:25 26/05/19
161,90.9,11.66,1015.19,0.0,4.01 03:29:59 26/05/19
160,91.0,11.53,1015.1,0.0,4.01 03:40:37 26/05/19
159,90.9,11.344999,1015.12,0.0,4.01 03:51:15 26/05/19
163,90.7,11.23,1015.01,0.0,4.01 04:01:47 26/05/19
165,92.8,11.075,1014.96,0.0,4.01 04:12:24 26/05/19
170,92.0,11.02,1014.86,0.0,4.01 04:22:59 26/05/19
181,91.2,10.875,1014.83,0.0,4.01 04:33:34 26/05/19
198,91.8,10.745001,1014.69,0.03,4.0 04:44:11 26/05/19
229,92.0,10.625,1014.65,0.15,4.0 04:54:48 26/05/19
273,91.9,10.51,1014.63,0.59,4.0 05:05:22 26/05/19
344,92.2,10.37,1014.54,1.72,4.0 05:16:00 26/05/19
426,91.2,10.35,1014.52,3.05,4.0 05:26:33 26/05/19
503,93.2,10.5,1014.51,4.12,4.0 05:37:10 26/05/19
583,92.2,10.455,1014.42,4.89,4.0 05:47:45 26/05/19
631,92.1,10.450001,1014.33,5.0,4.0 05:58:20 26/05/19
658,92.5,10.514999,1014.3,4.3,4.0 06:08:56 26/05/19
681,95.2,10.57,1014.28,4.07,4.0 06:19:40 26/05/19
695,94.1,10.705,1014.2,4.15,4.01 06:30:17 26/05/19
714,93.7,10.805,1014.05,4.15,4.02 06:40:56 26/05/19
728,95.0,11.014999,1014.08,4.09,4.03 06:51:30 26/05/19
779,92.4,11.22,1014.25,4.14,4.04 07:02:08 26/05/19
782,95.6,11.594999,1014.17,4.16,4.05 07:12:47 26/05/19
816,94.8,11.905001,1014.11,4.84,4.07 07:23:26 26/05/19
788,94.7,12.225,1014.1,4.15,4.09 07:34:01 26/05/19
815,94.4,12.57,1013.92,5.0,4.12 07:44:39 26/05/19
803,94.7,13.035,1014.03,5.0,4.11 07:55:12 26/05/19
788,93.6,13.445,1013.83,5.0,4.11 08:05:49 26/05/19
798,93.1,13.835,1013.81,5.0,4.1 08:16:26 26/05/19
853,94.3,14.685,1013.89,5.0,4.11 08:27:06 26/05/19
863,92.4,15.299999,1013.87,4.29,4.15 08:37:49 26/05/19
842,92.5,15.35,1013.93,5.0,4.12 08:48:26 26/05/19
848,92.5,15.41,1013.84,5.0,4.1 08:59:04 26/05/19
864,93.3,15.6,1013.8,4.25,4.16 09:09:38 26/05/19
866,92.9,15.985,1013.72,5.0,4.12 09:20:16 26/05/19
860,93.2,16.43,1013.85,5.0,4.11 09:30:53 26/05/19
857,93.0,16.68,1013.91,4.71,4.17 09:41:35 26/05/19
854,92.9,16.86,1013.71,5.0,4.13 09:52:17 26/05/19
857,93.1,16.970001,1013.69,5.0,4.11 10:02:55 26/05/19
853,92.9,17.154999,1013.72,5.0,4.11 10:13:32 26/05/19
848,92.8,17.265,1013.7,4.25,4.15 10:24:09 26/05/19
853,93.0,17.384998,1013.68,5.0,4.13 10:34:48 26/05/19
862,92.9,17.57,1013.74,5.0,4.12 10:45:25 26/05/19
863,93.5,17.835,1013.72,5.0,4.1 10:56:05 26/05/19
863,92.4,18.05,1013.63,4.28,4.18 11:06:47 26/05/19
864,92.2,18.165,1013.52,5.0,4.13 11:17:31 26/05/19
869,92.5,18.265,1013.5,5.0,4.12 11:28:07 26/05/19
869,92.9,18.455,1013.35,5.0,4.11 11:38:47 26/05/19
873,92.7,18.675,1013.29,4.31,4.19 11:49:22 26/05/19
868,92.2,18.884998,1013.29,5.0,4.13 12:00:01 26/05/19
871,92.1,19.04,1013.2,5.0,4.12 12:10:36 26/05/19
877,92.2,19.175,1013.25,5.0,4.11 12:21:15 26/05/19
872,91.6,19.529999,1013.27,4.31,4.19 12:31:56 26/05/19
866,91.2,19.715,1013.25,5.0,4.14 12:42:32 26/05/19
873,91.0,19.745,1013.13,5.0,4.12 12:53:12 26/05/19
864,90.6,19.93,1013.08,5.0,4.11 13:03:50 26/05/19
857,90.3,19.945,1012.93,4.3,4.17 13:14:27 26/05/19
876,90.6,20.04,1012.82,5.0,4.13 13:25:07 26/05/19
875,89.3,20.335,1012.71,5.0,4.12 13:35:45 26/05/19
873,87.9,20.46,1012.63,5.0,4.12 13:46:27 26/05/19
882,88.4,20.654999,1012.54,4.34,4.19 13:57:20 26/05/19
887,86.7,21.02,1012.35,5.0,4.14 14:08:00 26/05/19
888,88.3,21.314999,1012.27,5.0,4.12 14:18:38 26/05/19
879,84.8,21.455,1012.17,5.0,4.12 14:29:15 26/05/19
879,83.8,21.455,1011.97,5.0,4.11 14:39:54 26/05/19
855,84.1,21.46,1011.85,4.3,4.16 14:50:34 26/05/19
793,84.0,21.349998,1011.76,5.0,4.14 15:01:13 26/05/19
738,84.8,21.060001,1011.84,5.0,4.13 15:11:51 26/05/19
787,84.1,20.7,1011.89,5.0,4.12 15:22:30 26/05/19
850,86.2,20.465,1011.7,5.0,4.11 15:33:10 26/05/19
869,86.7,20.735,1011.72,4.29,4.18 15:43:51 26/05/19
843,86.2,20.955,1011.63,5.0,4.13 15:54:27 26/05/19
886,86.4,20.985,1011.72,5.0,4.12 16:05:07 26/05/19
865,85.7,21.255001,1011.61,5.0,4.12 16:15:43 26/05/19
873,85.0,21.365,1011.5,5.0,4.11 16:26:23 26/05/19
887,86.4,21.619999,1011.34,4.41,4.22 16:37:03 26/05/19
852,84.2,21.86,1011.18,5.0,4.13 16:47:43 26/05/19
821,84.2,21.68,1011.13,5.0,4.12 16:58:21 26/05/19
834,84.4,21.465,1011.04,5.0,4.12 17:08:58 26/05/19
868,85.2,21.375,1010.94,5.0,4.11 17:19:39 26/05/19
832,83.6,21.38,1010.76,5.0,4.11 17:30:16 26/05/19
825,82.6,21.27,1010.84,5.0,4.13 17:41:02 26/05/19
822,82.1,21.185001,1010.83,5.0,4.14 17:51:42 26/05/19
867,81.2,21.154999,1010.71,5.0,4.13 18:02:24 26/05/19
834,82.9,21.115,1010.68,5.0,4.11 18:13:02 26/05/19
876,82.1,21.185001,1010.53,5.0,4.11 18:23:46 26/05/19
870,82.3,21.165,1010.29,4.35,4.21 18:34:33 26/05/19
866,81.5,21.205,1010.18,5.0,4.14 18:45:16 26/05/19
849,81.0,21.205,1010.14,5.0,4.13 18:50:29 26/05/19
808,80.3,21.115,1010.26,5.0,4.12 18:55:45 26/05/19
845,80.5,21.07,1010.16,5.0,4.12 19:00:59 26/05/19
720,77.3,21.035,1010.2,5.0,4.03 19:37:30 26/05/19
716,78.7,20.77,1010.21,4.22,4.05 19:42:47 26/05/19
710,80.2,20.38,1010.23,5.0,4.05 19:48:04 26/05/19
730,81.6,20.115,1010.25,5.0,4.06 19:53:19 26/05/19
644,82.5,19.955,1010.34,5.0,4.05 19:58:35 26/05/19
673,83.3,19.915,1010.32,5.0,4.05 20:03:48 26/05/19
641,83.6,19.810001,1010.33,5.0,4.05 20:09:10 26/05/19
686,84.2,19.654999,1010.31,5.0,4.05 20:14:27 26/05/19
691,84.5,19.55,1010.27,4.2,4.06 20:19:43 26/05/19
718,85.1,19.385,1010.13,4.11,4.06 20:24:57 26/05/19
712,86.2,19.34,1010.09,4.18,4.06 20:30:21 26/05/19
702,85.0,19.33,1010.05,4.28,4.06 20:35:37 26/05/19
693,86.3,19.3,1010.08,5.0,4.06 20:40:51 26/05/19
660,85.4,19.220001,1010.03,5.0,4.06 20:46:06 26/05/19
663,86.3,19.05,1009.99,5.0,4.06 20:51:19 26/05/19
650,86.0,18.955,1009.91,4.92,4.06 20:56:37 26/05/19
632,85.8,18.865002,1009.92,4.71,4.06 21:01:50 26/05/19
616,85.9,18.76,1009.94,5.0,4.06 21:07:04 26/05/19
537,82.8,19.0,1009.9,4.14,4.02 21:26:47 26/05/19
511,83.7,18.715,1009.9,4.14,4.02 21:32:03 26/05/19
482,84.6,18.46,1009.85,3.76,4.03 21:37:18 26/05/19
452,85.9,18.295,1009.92,3.32,4.03 21:42:32 26/05/19
423,86.1,18.14,1009.96,2.98,4.03 21:47:47 26/05/19
284,83.7,18.515,1009.94,0.71,4.0 22:07:44 26/05/19
263,85.0,18.21,1009.95,0.44,4.0 22:13:01 26/05/19
243,86.5,17.955,1009.92,0.21,4.01 22:18:14 26/05/19
225,86.8,17.79,1009.82,0.09,4.01 22:23:38 26/05/19
213,87.3,17.71,1009.84,0.04,4.01 22:28:55 26/05/19
202,88.1,17.619999,1009.82,0.01,4.01 22:34:07 26/05/19
195,87.8,17.59,1009.8,0.0,4.01 22:39:26 26/05/19
192,88.2,17.535,1009.85,0.0,4.01 22:44:39 26/05/19
191,89.2,17.529999,1009.83,0.0,4.0 22:49:53 26/05/19
191,88.5,17.58,1009.74,0.0,4.01 22:55:06 26/05/19
192,89.5,17.529999,1009.76,0.0,4.01 23:00:20 26/05/19
191,88.8,17.529999,1009.7,0.0,4.01 23:05:36 26/05/19
191,89.5,17.535,1009.64,0.0,4.0 23:10:49 26/05/19
188,89.4,17.529999,1009.6,0.0,4.0 23:16:06 26/05/19
189,89.4,17.529999,1009.5,0.0,4.0 23:21:21 26/05/19
189,89.1,17.529999,1009.5,0.0,4.0 23:26:35 26/05/19
189,88.5,17.529999,1009.53,0.0,4.0 23:31:50 26/05/19
189,89.0,17.529999,1009.51,0.0,4.0 23:37:06 26/05/19
189,89.5,17.529999,1009.54,0.0,4.0 23:42:18 26/05/19
187,90.0,17.52,1009.57,0.0,4.0 23:47:37 26/05/19
188,91.3,17.45,1009.65,0.0,4.0 23:52:55 26/05/19
185,91.9,17.435,1009.62,0.0,4.0 23:58:11 26/05/19
