0,55.0,8.37,1020.46,0.0,3.97 00:02:33 05/04/20
0,54.7,8.415,1020.55,0.0,3.97 00:07:45 05/04/20
0,55.6,8.415,1020.57,0.0,3.97 00:12:58 05/04/20
0,55.8,8.41,1020.54,0.0,3.96 00:18:12 05/04/20
0,55.3,8.434999,1020.52,0.0,3.96 00:23:24 05/04/20
0,55.2,8.445,1020.55,0.0,3.96 00:28:37 05/04/20
0,55.7,8.455,1020.54,0.0,3.96 00:33:55 05/04/20
0,56.2,8.54,1020.55,0.0,3.96 00:39:13 05/04/20
0,55.9,8.54,1020.58,0.0,3.96 00:44:26 05/04/20
0,55.6,8.54,1020.65,0.0,3.96 00:49:40 05/04/20
0,55.7,8.53,1020.53,0.0,3.96 00:54:54 05/04/20
0,55.5,8.455,1020.6,0.0,3.96 01:00:06 05/04/20
0,55.8,8.4,1020.61,0.0,3.96 01:05:20 05/04/20
0,56.0,8.265,1020.64,0.0,3.96 01:10:33 05/04/20
0,56.0,8.22,1020.62,0.0,3.95 01:15:54 05/04/20
0,56.4,8.139999,1020.57,0.0,3.95 01:21:08 05/04/20
0,56.9,8.065,1020.59,0.0,3.95 01:26:22 05/04/20
0,56.3,8.035,1020.62,0.0,3.95 01:31:34 05/04/20
0,57.4,8.015,1020.58,0.0,3.95 01:36:48 05/04/20
0,56.8,8.015,1020.63,0.0,3.95 01:41:59 05/04/20
0,59.1,7.9700003,1020.62,0.0,3.91 01:47:14 05/04/20
0,57.2,8.02,1020.56,0.0,3.96 01:52:28 05/04/20
0,57.1,7.965,1020.64,0.0,3.95 01:57:40 05/04/20
0,56.5,7.875,1020.57,0.0,3.95 02:02:53 05/04/20
0,57.1,7.835,1020.58,0.0,3.95 02:08:07 05/04/20
0,57.1,7.7349997,1020.55,0.0,3.95 02:13:20 05/04/20
0,57.3,7.635,1020.46,0.0,3.95 02:18:33 05/04/20
0,57.5,7.475,1020.35,0.0,3.95 02:23:46 05/04/20
0,57.4,7.365,1020.36,0.0,3.95 02:28:57 05/04/20
0,57.9,7.26,1020.28,0.0,3.95 02:34:12 05/04/20
0,58.3,7.16,1020.23,0.0,3.95 02:39:25 05/04/20
0,58.4,7.0550003,1020.22,0.0,3.95 02:44:38 05/04/20
0,58.3,6.95,1020.14,0.0,3.95 02:49:55 05/04/20
0,58.5,6.855,1020.1,0.0,3.95 02:55:11 05/04/20
0,58.7,6.76,1020.12,0.0,3.94 03:00:26 05/04/20
0,59.5,6.725,1020.09,0.0,3.95 03:05:39 05/04/20
0,58.4,6.645,1020.13,0.0,3.95 03:10:50 05/04/20
0,58.9,6.56,1020.11,0.0,3.94 03:16:05 05/04/20
0,59.3,6.525,1020.11,0.0,3.94 03:21:18 05/04/20
0,61.8,6.455,1020.06,0.0,3.94 03:26:31 05/04/20
0,61.2,6.37,1020.05,0.0,3.94 03:31:43 05/04/20
0,59.4,6.34,1020.01,0.0,3.94 03:36:57 05/04/20
0,61.3,6.24,1020.03,0.0,3.88 03:42:10 05/04/20
0,61.4,6.145,1019.97,0.0,3.94 03:47:21 05/04/20
0,60.6,6.04,1019.91,0.0,3.94 03:52:34 05/04/20
0,60.4,5.9350004,1019.93,0.0,3.94 03:57:47 05/04/20
0,60.0,5.845,1019.91,0.0,3.93 04:03:02 05/04/20
0,60.2,5.74,1019.87,0.0,3.93 04:08:16 05/04/20
0,62.5,5.645,1019.81,0.0,3.93 04:13:29 05/04/20
0,63.1,5.5699997,1019.81,0.0,3.93 04:18:41 05/04/20
0,63.4,5.5299997,1019.83,0.0,3.93 04:23:54 05/04/20
0,63.5,5.445,1019.81,0.0,3.93 04:29:05 05/04/20
0,62.0,5.34,1019.79,0.0,3.93 04:34:21 05/04/20
0,62.7,5.245,1019.78,0.0,3.93 04:39:32 05/04/20
0,61.9,5.1400003,1019.76,0.0,3.92 04:44:49 05/04/20
0,63.3,5.0299997,1019.68,0.0,3.92 04:50:08 05/04/20
0,62.3,4.9350004,1019.66,0.0,3.92 04:55:18 05/04/20
0,63.4,4.855,1019.67,0.0,3.92 05:00:32 05/04/20
0,64.7,4.825,1019.64,0.0,3.92 05:05:46 05/04/20
0,65.3,4.765,1019.64,0.0,3.91 05:10:58 05/04/20
0,65.0,4.74,1019.62,0.0,3.91 05:16:09 05/04/20
0,67.6,4.675,1019.61,0.0,3.91 05:21:24 05/04/20
0,66.2,4.6549997,1019.6,0.0,3.91 05:26:34 05/04/20
0,65.0,4.6400003,1019.56,0.0,3.91 05:31:50 05/04/20
0,66.4,4.63,1019.49,0.0,3.9 05:37:02 05/04/20
0,66.4,4.62,1019.46,0.0,3.84 05:42:16 05/04/20
0,66.3,4.5550003,1019.46,0.0,3.91 05:47:26 05/04/20
0,66.0,4.54,1019.39,0.0,3.9 05:52:40 05/04/20
0,65.7,4.46,1019.42,0.0,3.91 05:57:52 05/04/20
0,66.9,4.435,1019.41,0.0,3.9 06:03:06 05/04/20
0,66.3,4.3650002,1019.41,0.0,3.91 06:08:19 05/04/20
0,66.5,4.35,1019.34,0.0,3.9 06:13:31 05/04/20
1,67.2,4.345,1019.4,0.02,3.9 06:18:45 05/04/20
2,66.7,4.34,1019.38,0.07,3.9 06:23:57 05/04/20
5,66.8,4.33,1019.29,0.17,3.9 06:29:13 05/04/20
9,67.6,4.325,1019.24,0.43,3.9 06:34:31 05/04/20
16,67.8,4.325,1019.27,0.99,3.9 06:39:47 05/04/20
26,66.5,4.33,1019.29,1.76,3.9 06:45:05 05/04/20
39,65.1,4.395,1019.28,2.49,3.9 06:50:18 05/04/20
54,67.3,4.41,1019.32,3.15,3.9 06:55:30 05/04/20
69,65.0,4.41,1019.34,3.7,3.9 07:00:44 05/04/20
85,65.2,4.43,1019.43,4.01,3.9 07:05:56 05/04/20
100,67.2,4.52,1019.42,4.13,3.9 07:11:08 05/04/20
115,66.0,4.56,1019.5,4.42,3.89 07:16:21 05/04/20
128,67.2,4.635,1019.54,4.81,3.9 07:21:35 05/04/20
144,66.9,4.7200003,1019.52,4.78,3.9 07:26:47 05/04/20
155,66.6,4.81,1019.57,4.48,3.9 07:32:00 05/04/20
170,66.3,4.845,1019.59,4.21,3.84 07:37:13 05/04/20
178,66.7,4.9300003,1019.65,5.0,3.9 07:42:25 05/04/20
192,67.2,5.0150003,1019.68,5.0,3.9 07:47:36 05/04/20
202,66.1,5.1099997,1019.68,4.43,3.91 07:52:49 05/04/20
196,67.6,5.215,1019.63,4.26,3.92 07:58:02 05/04/20
197,67.7,5.395,1019.65,5.0,3.91 08:03:20 05/04/20
214,67.2,5.5150003,1019.64,4.39,3.92 08:08:39 05/04/20
271,66.7,5.63,1019.65,4.02,3.93 08:13:49 05/04/20
302,68.7,5.74,1019.66,4.52,3.93 08:19:02 05/04/20
313,68.3,5.905,1019.7,3.99,3.94 08:24:17 05/04/20
321,69.3,6.085,1019.71,5.0,3.94 08:29:30 05/04/20
329,69.4,6.305,1019.77,4.0,3.95 08:34:46 05/04/20
334,71.2,6.665,1019.76,4.01,3.96 08:40:05 05/04/20
341,75.0,7.0699997,1019.77,5.0,3.96 08:45:17 05/04/20
348,73.1,7.465,1019.65,5.0,3.98 08:50:30 05/04/20
353,73.8,7.915,1019.72,4.56,3.98 08:55:42 05/04/20
357,72.3,8.26,1019.68,4.12,3.99 09:01:00 05/04/20
364,73.0,8.64,1019.65,5.0,4.0 09:06:18 05/04/20
366,74.1,9.02,1019.6,5.0,4.01 09:11:35 05/04/20
372,72.5,9.35,1019.63,4.54,4.02 09:16:52 05/04/20
376,72.5,9.73,1019.64,4.28,4.03 09:22:11 05/04/20
381,72.9,10.15,1019.61,4.14,4.04 09:27:27 05/04/20
384,72.9,10.655001,1019.65,4.27,4.05 09:32:42 05/04/20
388,72.0,11.165,1019.61,4.18,4.07 09:37:54 05/04/20
391,70.3,11.75,1019.41,4.16,4.05 09:43:09 05/04/20
395,69.7,12.16,1019.41,4.24,4.12 09:48:23 05/04/20
393,69.6,12.5,1019.46,4.41,4.15 09:53:36 05/04/20
400,68.0,12.895,1019.4,5.0,4.19 09:58:54 05/04/20
404,68.0,13.21,1019.46,4.3,4.2 10:04:13 05/04/20
407,66.5,13.535,1019.4,5.0,4.22 10:09:27 05/04/20
408,65.0,13.805,1019.37,4.3,4.18 10:14:45 05/04/20
410,61.3,13.98,1019.31,4.34,4.18 10:20:04 05/04/20
413,64.1,14.09,1019.26,4.32,4.19 10:25:18 05/04/20
416,63.9,14.264999,1019.4,4.3,4.2 10:30:32 05/04/20
418,62.6,14.475,1019.33,4.32,4.21 10:35:46 05/04/20
420,63.9,14.675,1019.34,5.0,4.22 10:41:05 05/04/20
422,63.8,14.905,1019.3,5.0,4.22 10:46:23 05/04/20
424,63.4,15.030001,1019.24,5.0,4.22 10:51:37 05/04/20
427,61.8,15.315001,1019.19,5.0,4.22 10:56:49 05/04/20
428,62.0,15.515,1019.2,5.0,4.22 11:02:06 05/04/20
430,61.3,15.785,1019.1,5.0,4.22 11:07:19 05/04/20
431,60.6,15.965,1019.02,5.0,4.22 11:12:37 05/04/20
432,59.2,16.16,1019.0,5.0,4.22 11:17:56 05/04/20
435,58.7,16.275,1018.93,5.0,4.22 11:23:09 05/04/20
436,58.7,16.46,1018.87,5.0,4.22 11:28:24 05/04/20
437,58.9,16.64,1018.77,5.0,4.22 11:33:39 05/04/20
439,59.2,16.855,1018.7,5.0,4.22 11:38:52 05/04/20
440,59.4,17.125,1018.67,5.0,4.22 11:44:06 05/04/20
440,57.7,17.335,1018.7,5.0,4.22 11:49:23 05/04/20
440,57.0,17.615002,1018.65,5.0,4.22 11:54:37 05/04/20
442,58.1,17.724998,1018.58,5.0,4.22 11:59:52 05/04/20
420,57.1,17.91,1018.59,5.0,4.22 12:05:06 05/04/20
444,55.3,18.14,1018.39,5.0,4.22 12:10:19 05/04/20
444,54.8,18.34,1018.41,5.0,4.22 12:15:34 05/04/20
444,53.0,18.535,1018.37,5.0,4.22 12:20:51 05/04/20
445,54.6,18.635,1018.25,5.0,4.22 12:26:03 05/04/20
445,52.9,18.744999,1018.13,5.0,4.22 12:31:19 05/04/20
446,53.1,18.93,1018.02,5.0,4.22 12:36:35 05/04/20
447,53.7,19.045,1018.06,5.0,4.22 12:41:47 05/04/20
408,50.5,19.215,1017.94,5.0,4.22 12:47:07 05/04/20
443,48.9,19.349998,1017.83,5.0,4.22 12:52:27 05/04/20
438,49.9,19.435001,1017.74,5.0,4.22 12:57:42 05/04/20
445,50.1,19.555,1017.7,5.0,4.22 13:02:57 05/04/20
446,50.2,19.73,1017.6,5.0,4.22 13:08:11 05/04/20
446,50.2,19.925,1017.54,5.0,4.22 13:13:26 05/04/20
448,50.8,20.125,1017.52,5.0,4.13 13:18:39 05/04/20
445,47.7,20.31,1017.49,5.0,4.13 13:23:57 05/04/20
445,43.9,20.404999,1017.35,5.0,4.14 13:29:12 05/04/20
447,48.5,20.435001,1017.36,5.0,4.22 13:34:25 05/04/20
446,50.0,20.689999,1017.23,5.0,4.22 13:39:42 05/04/20
445,43.6,20.74,1017.17,5.0,4.22 13:44:57 05/04/20
445,45.4,20.82,1017.1,5.0,4.22 13:50:12 05/04/20
445,46.7,20.935001,1016.99,5.0,4.22 13:55:26 05/04/20
445,47.6,21.17,1016.85,5.0,4.22 14:00:45 05/04/20
443,42.4,21.33,1016.77,5.0,4.12 14:06:05 05/04/20
443,44.4,21.415,1016.7,5.0,4.22 14:11:21 05/04/20
445,43.2,21.52,1016.63,5.0,4.23 14:16:33 05/04/20
443,44.2,21.525002,1016.62,5.0,4.13 14:21:50 05/04/20
443,43.6,21.73,1016.62,5.0,4.22 14:27:06 05/04/20
441,43.8,21.84,1016.54,5.0,4.22 14:32:23 05/04/20
441,42.6,22.01,1016.5,5.0,4.22 14:37:41 05/04/20
438,39.8,21.955,1016.4,5.0,4.09 14:43:00 05/04/20
438,40.6,21.86,1016.34,5.0,4.13 14:48:14 05/04/20
438,41.7,22.005001,1016.31,5.0,4.13 14:53:30 05/04/20
437,44.1,22.12,1016.26,5.0,4.13 14:58:45 05/04/20
436,43.4,22.305,1016.19,5.0,4.13 15:04:05 05/04/20
434,42.8,22.5,1016.08,5.0,4.13 15:09:25 05/04/20
432,41.3,22.45,1015.93,5.0,4.13 15:14:40 05/04/20
433,39.9,22.515,1015.87,5.0,4.14 15:19:53 05/04/20
430,41.3,22.529999,1015.86,5.0,4.13 15:25:14 05/04/20
427,39.1,22.545,1015.81,5.0,4.13 15:30:38 05/04/20
428,42.3,22.55,1015.69,5.0,4.22 15:35:58 05/04/20
426,41.0,22.625,1015.72,5.0,4.22 15:41:12 05/04/20
424,42.8,22.630001,1015.63,5.0,4.21 15:46:30 05/04/20
422,38.9,22.655,1015.59,5.0,4.22 15:51:43 05/04/20
420,38.1,22.625,1015.55,5.0,4.12 15:57:00 05/04/20
419,39.1,22.555,1015.48,5.0,4.13 16:02:15 05/04/20
416,40.0,22.49,1015.47,5.0,4.14 16:07:30 05/04/20
415,41.5,22.625,1015.45,5.0,4.13 16:12:46 05/04/20
410,37.7,22.67,1015.36,5.0,4.13 16:17:59 05/04/20
399,38.9,22.675,1015.27,5.0,4.22 16:23:20 05/04/20
334,39.4,22.67,1015.23,5.0,4.13 16:28:41 05/04/20
370,38.8,22.515,1015.23,5.0,4.13 16:33:54 05/04/20
363,37.3,22.560001,1015.18,5.0,4.13 16:39:11 05/04/20
333,40.0,22.560001,1015.14,5.0,4.13 16:44:26 05/04/20
263,40.0,22.585,1014.93,5.0,4.13 16:49:42 05/04/20
352,37.8,22.650002,1014.87,5.0,4.14 16:54:55 05/04/20
348,39.5,22.58,1014.84,5.0,4.13 17:00:13 05/04/20
353,37.3,22.51,1014.76,5.0,4.13 17:05:28 05/04/20
354,40.1,22.560001,1014.59,5.0,4.14 17:10:43 05/04/20
364,39.9,22.565,1014.62,5.0,4.13 17:16:02 05/04/20
356,38.4,22.6,1014.54,5.0,4.14 17:21:22 05/04/20
350,37.4,22.5,1014.5,5.0,4.14 17:26:38 05/04/20
370,40.4,22.33,1014.42,5.0,4.22 17:31:51 05/04/20
361,38.5,22.305,1014.43,5.0,4.22 17:37:07 05/04/20
338,36.5,22.235,1014.42,5.0,4.11 17:42:24 05/04/20
338,37.2,22.215,1014.36,5.0,4.13 17:47:38 05/04/20
335,37.9,22.21,1014.27,5.0,4.13 17:52:53 05/04/20
328,36.7,22.130001,1014.15,5.0,4.13 17:58:10 05/04/20
290,37.2,22.05,1014.24,5.0,4.13 18:03:25 05/04/20
313,37.1,22.04,1014.15,5.0,4.13 18:08:38 05/04/20
303,39.5,22.1,1014.14,5.0,4.13 18:13:55 05/04/20
315,38.8,22.02,1014.16,5.0,4.13 18:19:11 05/04/20
321,35.6,21.92,1014.11,5.0,4.13 18:24:26 05/04/20
316,37.6,21.835,1014.19,5.0,4.22 18:29:45 05/04/20
310,37.6,21.835,1014.15,5.0,4.14 18:35:03 05/04/20
304,39.4,21.82,1014.14,5.0,4.14 18:40:20 05/04/20
298,37.7,21.665,1014.06,5.0,4.13 18:45:34 05/04/20
289,36.3,21.545,1014.02,5.0,4.13 18:50:54 05/04/20
283,37.1,21.384998,1013.99,5.0,4.13 18:56:14 05/04/20
276,37.4,21.28,1013.92,5.0,4.14 19:01:28 05/04/20
269,36.9,21.19,1013.86,5.0,4.14 19:06:44 05/04/20
261,37.8,21.165,1013.95,5.0,4.14 19:12:00 05/04/20
254,36.7,21.07,1013.93,5.0,4.14 19:17:15 05/04/20
247,37.3,20.970001,1013.97,5.0,4.15 19:22:28 05/04/20
235,37.5,20.88,1014.0,4.37,4.19 19:27:50 05/04/20
219,36.9,20.785,1013.94,5.0,4.16 19:33:15 05/04/20
202,36.8,20.7,1013.94,5.0,4.16 19:38:32 05/04/20
190,37.5,20.585,1013.93,5.0,4.13 19:43:47 05/04/20
172,38.1,20.41,1013.89,5.0,4.15 19:49:02 05/04/20
150,38.9,20.29,1013.9,4.42,4.15 19:54:17 05/04/20
139,38.4,20.17,1014.01,4.57,4.13 19:59:32 05/04/20
126,38.7,20.0,1014.0,4.77,4.13 20:04:45 05/04/20
112,39.0,19.884998,1014.06,4.45,4.11 20:10:02 05/04/20
95,39.6,19.69,1014.02,4.22,4.1 20:15:17 05/04/20
77,39.2,19.575,1014.08,3.76,4.1 20:20:35 05/04/20
59,39.5,19.4,1014.13,3.18,4.09 20:25:47 05/04/20
40,39.5,19.27,1014.16,2.48,4.09 20:31:00 05/04/20
24,39.6,19.095001,1014.16,1.55,4.08 20:36:16 05/04/20
14,39.8,18.985,1014.27,0.83,4.07 20:41:31 05/04/20
9,40.7,18.875,1014.31,0.4,4.07 20:46:47 05/04/20
5,39.6,18.705,1014.25,0.19,4.07 20:52:01 05/04/20
2,40.5,18.595001,1014.23,0.08,4.06 20:57:16 05/04/20
1,40.5,18.485,1014.24,0.03,4.06 21:02:30 05/04/20
0,40.9,18.38,1014.3,0.01,4.06 21:07:45 05/04/20
0,41.2,18.285,1014.37,0.0,4.05 21:13:03 05/04/20
0,41.0,18.19,1014.32,0.0,4.05 21:18:23 05/04/20
0,40.9,18.095001,1014.36,0.0,4.05 21:23:37 05/04/20
0,40.9,17.994999,1014.33,0.0,4.05 21:28:53 05/04/20
0,41.2,17.89,1014.29,0.0,4.04 21:34:15 05/04/20
0,41.4,17.720001,1014.27,0.0,4.04 21:39:30 05/04/20
0,41.0,17.595001,1014.32,0.0,4.05 21:44:44 05/04/20
0,41.6,17.43,1014.37,0.0,4.0 21:49:58 05/04/20
0,42.2,17.325,1014.25,0.0,4.04 21:55:12 05/04/20
0,42.0,17.295,1014.34,0.0,4.03 22:00:28 05/04/20
0,42.2,17.130001,1014.3,0.0,4.03 22:05:42 05/04/20
0,42.1,17.119999,1014.32,0.0,4.03 22:10:57 05/04/20
0,41.9,17.015,1014.25,0.0,4.03 22:16:11 05/04/20
0,42.1,16.925,1014.24,0.0,4.02 22:21:26 05/04/20
0,42.7,16.83,1014.17,0.0,4.02 22:26:40 05/04/20
0,42.6,16.8,1014.25,0.0,4.02 22:31:57 05/04/20
0,42.7,16.785,1014.27,0.0,4.02 22:37:13 05/04/20
0,42.8,16.785,1014.2,0.0,4.02 22:42:30 05/04/20
0,42.8,16.720001,1014.14,0.0,4.02 22:47:47 05/04/20
0,43.0,16.69,1014.13,0.0,4.01 22:53:02 05/04/20
0,43.0,16.69,1014.11,0.0,4.01 22:58:15 05/04/20
0,43.7,16.61,1014.21,0.0,4.01 23:03:30 05/04/20
0,43.2,16.55,1014.14,0.0,4.01 23:08:48 05/04/20
0,43.4,16.529999,1014.13,0.0,4.01 23:14:05 05/04/20
0,43.5,16.505001,1014.08,0.0,4.01 23:19:25 05/04/20
0,43.4,16.43,1014.11,0.0,4.0 23:24:45 05/04/20
0,43.4,16.405,1014.09,0.0,4.0 23:29:59 05/04/20
0,43.6,16.335,1014.07,0.0,4.04 23:35:11 05/04/20
0,43.6,16.25,1014.06,0.0,4.0 23:40:28 05/04/20
0,43.8,16.154999,1014.05,0.0,4.0 23:45:43 05/04/20
0,43.8,16.130001,1014.07,0.0,4.0 23:50:59 05/04/20
0,44.0,16.045,1014.09,0.0,3.96 23:56:11 05/04/20
