0,56.3,16.26,1024.42,0.0,3.99 00:01:39 07/04/20
0,56.2,16.23,1024.57,0.0,3.99 00:06:56 07/04/20
0,57.4,16.205,1024.54,0.0,3.99 00:12:09 07/04/20
0,57.6,16.130001,1024.69,0.0,3.99 00:17:24 07/04/20
0,57.1,16.06,1024.76,0.0,3.99 00:22:38 07/04/20
0,56.1,16.029999,1024.79,0.0,3.99 00:27:52 07/04/20
0,57.4,15.969999,1024.77,0.0,3.99 00:33:07 07/04/20
0,57.6,15.940001,1024.84,0.0,3.98 00:38:26 07/04/20
0,58.6,15.92,1024.94,0.0,3.98 00:43:44 07/04/20
0,59.1,15.844999,1024.99,0.01,3.98 00:48:58 07/04/20
0,57.7,15.82,1025.05,0.0,3.98 00:54:12 07/04/20
2,57.3,15.745,1025.1,0.0,3.98 00:59:25 07/04/20
0,59.4,15.67,1025.13,0.0,3.98 01:04:42 07/04/20
0,57.5,15.63,1025.2,0.0,3.98 01:09:54 07/04/20
0,60.5,15.535,1025.2,0.0,3.98 01:15:09 07/04/20
0,58.2,15.455,1025.36,0.0,3.98 01:20:24 07/04/20
0,59.9,15.365,1025.37,0.01,3.97 01:25:39 07/04/20
0,59.4,15.335,1025.39,0.02,3.97 01:30:52 07/04/20
0,60.1,15.245001,1025.48,0.01,3.97 01:36:10 07/04/20
0,59.2,15.145,1025.53,0.0,3.97 01:41:29 07/04/20
0,60.7,15.055,1025.62,0.0,3.97 01:46:44 07/04/20
0,63.5,15.025,1025.62,0.02,3.97 01:51:56 07/04/20
0,62.5,14.93,1025.58,0.01,3.97 01:57:15 07/04/20
0,64.0,14.835,1025.75,0.01,3.97 02:02:27 07/04/20
0,62.4,14.67,1025.82,0.01,3.97 02:07:41 07/04/20
0,64.2,14.54,1025.93,0.0,3.97 02:12:54 07/04/20
0,65.7,14.43,1025.98,0.0,3.97 02:18:08 07/04/20
0,67.8,14.265,1026.08,0.0,3.97 02:23:21 07/04/20
0,65.1,14.16,1026.11,0.0,3.97 02:28:37 07/04/20
0,66.6,14.07,1026.12,0.0,3.96 02:33:54 07/04/20
0,66.3,13.97,1026.15,0.0,3.96 02:39:13 07/04/20
0,66.7,13.88,1026.25,0.0,3.96 02:44:27 07/04/20
0,67.7,13.865,1026.3,0.0,3.96 02:49:39 07/04/20
0,69.4,13.855,1026.24,0.0,3.96 02:54:55 07/04/20
0,71.5,13.84,1026.29,0.0,3.96 03:00:07 07/04/20
0,66.9,13.83,1026.31,0.01,3.96 03:05:23 07/04/20
0,69.5,13.76,1026.32,0.01,3.96 03:10:37 07/04/20
0,69.3,13.73,1026.37,0.01,3.96 03:15:51 07/04/20
0,68.8,13.635,1026.39,0.01,3.96 03:21:05 07/04/20
1,70.1,13.53,1026.46,0.01,3.96 03:26:17 07/04/20
1,68.1,13.35,1026.38,0.0,3.96 03:31:31 07/04/20
6,68.5,13.165,1026.44,0.0,3.96 03:36:48 07/04/20
10,68.7,12.98,1026.49,0.0,3.96 03:41:59 07/04/20
9,67.9,12.84,1026.52,0.0,3.96 03:47:15 07/04/20
9,68.8,12.65,1026.54,0.0,3.95 03:52:29 07/04/20
8,69.5,12.465,1026.59,0.0,3.92 03:57:48 07/04/20
11,69.1,12.335,1026.6,0.0,3.91 04:03:05 07/04/20
10,68.7,12.145,1026.65,0.0,3.95 04:08:22 07/04/20
12,71.0,11.965,1026.7,0.0,3.95 04:13:41 07/04/20
10,71.6,11.84,1026.86,0.0,3.95 04:18:58 07/04/20
10,70.4,11.67,1026.89,0.0,3.95 04:24:15 07/04/20
11,70.9,11.545,1026.92,0.0,3.95 04:29:29 07/04/20
11,69.9,11.360001,1026.88,0.0,3.95 04:34:44 07/04/20
11,70.1,11.245001,1026.9,0.0,3.95 04:39:56 07/04/20
10,71.4,11.059999,1026.97,0.0,3.95 04:45:11 07/04/20
10,72.3,10.950001,1027.04,0.0,3.95 04:50:25 07/04/20
9,74.7,10.84,1027.05,0.0,3.95 04:55:38 07/04/20
10,72.6,10.745001,1027.1,0.0,3.94 05:00:52 07/04/20
10,72.9,10.639999,1027.15,0.0,3.94 05:06:06 07/04/20
10,74.2,10.48,1027.13,0.0,3.94 05:11:19 07/04/20
11,70.1,10.365,1027.14,0.0,3.94 05:16:37 07/04/20
8,73.8,10.275,1027.14,0.0,3.94 05:21:53 07/04/20
9,73.8,10.165,1027.12,0.0,3.94 05:27:08 07/04/20
10,73.6,10.049999,1027.14,0.0,3.94 05:32:22 07/04/20
8,72.7,9.940001,1027.15,0.0,3.94 05:37:33 07/04/20
10,78.7,9.835,1027.15,0.0,3.93 05:42:49 07/04/20
10,75.2,9.745001,1027.22,0.0,3.93 05:48:02 07/04/20
11,80.0,9.655001,1027.3,0.0,3.93 05:53:16 07/04/20
9,78.4,9.559999,1027.3,0.0,3.93 05:58:28 07/04/20
12,76.0,9.47,1027.35,0.0,3.93 06:03:42 07/04/20
13,75.6,9.37,1027.4,0.01,3.89 06:08:56 07/04/20
13,75.8,9.265,1027.47,0.02,3.93 06:14:09 07/04/20
13,77.8,9.165,1027.55,0.06,3.93 06:19:22 07/04/20
16,76.5,9.075,1027.55,0.14,3.93 06:24:36 07/04/20
15,76.2,8.975,1027.62,0.34,3.93 06:29:47 07/04/20
20,76.7,8.88,1027.72,0.78,3.93 06:35:02 07/04/20
26,77.3,8.844999,1027.77,1.46,3.92 06:40:14 07/04/20
39,77.0,8.75,1027.91,2.19,3.92 06:45:29 07/04/20
51,81.3,8.66,1027.9,2.91,3.92 06:50:42 07/04/20
68,79.8,8.59,1027.92,3.54,3.92 06:55:56 07/04/20
84,77.7,8.555,1027.82,3.99,3.92 07:01:10 07/04/20
100,76.9,8.465,1027.88,4.06,3.92 07:06:22 07/04/20
117,78.3,8.38,1027.98,4.32,3.92 07:11:36 07/04/20
136,78.4,8.34,1028.07,4.69,3.92 07:16:49 07/04/20
147,77.8,8.265,1028.04,5.0,3.92 07:22:00 07/04/20
164,79.8,8.245,1028.14,5.0,3.92 07:27:15 07/04/20
177,77.9,8.184999,1028.15,4.8,3.92 07:32:29 07/04/20
192,80.4,8.175,1028.33,4.0,3.92 07:37:42 07/04/20
194,84.7,8.165,1028.41,4.9,3.92 07:42:53 07/04/20
208,83.7,8.17,1028.51,5.0,3.92 07:48:08 07/04/20
204,82.2,8.18,1028.51,5.0,3.93 07:53:20 07/04/20
218,86.1,8.184999,1028.52,4.75,3.89 07:58:35 07/04/20
220,84.7,8.255,1028.61,4.13,3.93 08:03:49 07/04/20
261,84.2,8.275,1028.65,4.06,3.94 08:09:00 07/04/20
273,84.7,8.360001,1028.73,5.0,3.94 08:14:14 07/04/20
327,88.7,8.46,1028.78,4.63,3.94 08:19:28 07/04/20
340,83.7,8.635,1028.86,5.0,3.96 08:24:42 07/04/20
348,84.3,8.76,1028.92,4.24,3.96 08:29:54 07/04/20
354,80.3,8.955,1028.94,5.0,3.97 08:35:08 07/04/20
346,82.0,9.155001,1029.0,4.55,3.98 08:40:20 07/04/20
351,79.8,9.37,1028.98,4.04,3.98 08:45:34 07/04/20
354,84.2,9.715,1028.98,4.08,3.98 08:50:48 07/04/20
356,84.2,10.035,1029.06,5.0,3.99 08:56:05 07/04/20
363,82.4,10.41,1029.08,5.0,4.0 09:01:22 07/04/20
365,91.0,10.795,1029.13,5.0,4.0 09:06:37 07/04/20
371,83.4,11.165,1029.17,5.0,4.01 09:11:50 07/04/20
374,86.2,11.545,1029.21,5.0,4.01 09:17:02 07/04/20
379,89.3,11.885,1029.27,4.59,4.02 09:22:18 07/04/20
381,91.6,12.295,1029.34,4.08,4.03 09:27:31 07/04/20
382,89.8,12.63,1029.37,4.15,4.04 09:32:45 07/04/20
389,86.9,12.955,1029.39,4.57,4.06 09:37:57 07/04/20
386,88.2,13.325,1029.4,4.39,4.07 09:43:13 07/04/20
389,89.5,13.645,1029.42,4.3,4.06 09:48:25 07/04/20
390,86.3,13.875,1029.36,4.21,4.1 09:53:41 07/04/20
400,88.4,14.155001,1029.39,4.26,4.12 09:58:55 07/04/20
405,84.6,14.434999,1029.49,4.28,4.18 10:04:09 07/04/20
409,84.1,14.655001,1029.48,4.33,4.21 10:09:22 07/04/20
417,85.9,14.950001,1029.51,5.0,4.22 10:14:37 07/04/20
417,83.6,15.175,1029.47,4.28,4.18 10:19:52 07/04/20
425,83.3,15.434999,1029.47,4.29,4.2 10:25:06 07/04/20
423,82.4,15.63,1029.48,4.3,4.21 10:30:20 07/04/20
412,82.1,15.815001,1029.41,4.33,4.21 10:35:38 07/04/20
415,80.6,15.99,1029.41,4.3,4.21 10:40:57 07/04/20
421,81.2,16.09,1029.51,5.0,4.22 10:46:15 07/04/20
424,80.8,16.205,1029.51,5.0,4.22 10:51:36 07/04/20
434,81.0,16.315,1029.55,5.0,4.22 10:56:47 07/04/20
436,80.0,16.41,1029.49,5.0,4.22 11:02:03 07/04/20
435,80.7,16.6,1029.49,5.0,4.12 11:07:18 07/04/20
431,81.5,16.715,1029.54,5.0,4.12 11:12:33 07/04/20
437,79.0,16.869999,1029.53,5.0,4.13 11:17:47 07/04/20
437,78.8,17.035,1029.56,5.0,4.13 11:23:02 07/04/20
436,78.4,17.175,1029.4,5.0,4.14 11:28:15 07/04/20
432,78.1,17.365,1029.52,5.0,4.22 11:33:30 07/04/20
433,76.6,17.529999,1029.49,5.0,4.22 11:38:44 07/04/20
442,76.5,17.575,1029.44,5.0,4.22 11:44:00 07/04/20
420,75.9,17.735,1029.47,5.0,4.22 11:49:22 07/04/20
438,75.4,17.855,1029.44,5.0,4.22 11:54:37 07/04/20
440,75.6,18.029999,1029.35,5.0,4.22 11:59:50 07/04/20
445,75.9,18.23,1029.39,5.0,4.22 12:05:07 07/04/20
443,76.0,18.425,1029.33,5.0,4.22 12:10:21 07/04/20
446,75.5,18.64,1029.33,5.0,4.22 12:15:35 07/04/20
446,73.9,18.84,1029.28,5.0,4.22 12:20:50 07/04/20
444,73.7,19.005001,1029.19,5.0,4.13 12:26:05 07/04/20
447,72.5,19.035,1029.13,5.0,4.12 12:31:20 07/04/20
447,72.4,19.115,1029.17,5.0,4.13 12:36:34 07/04/20
450,71.1,19.25,1029.13,5.0,4.13 12:41:47 07/04/20
448,71.4,19.34,1029.04,5.0,4.13 12:47:02 07/04/20
444,69.7,19.43,1029.08,5.0,4.13 12:52:19 07/04/20
437,72.2,19.6,1028.93,5.0,4.13 12:57:34 07/04/20
447,71.7,19.79,1028.85,5.0,4.13 13:02:49 07/04/20
450,71.6,19.994999,1028.75,5.0,4.13 13:08:04 07/04/20
449,69.8,20.265,1028.75,5.0,4.14 13:13:18 07/04/20
446,70.2,20.395,1028.7,5.0,4.14 13:18:34 07/04/20
439,70.1,20.585,1028.62,5.0,4.14 13:23:52 07/04/20
444,66.1,20.695,1028.61,5.0,4.22 13:29:12 07/04/20
449,68.5,20.795,1028.53,5.0,4.22 13:34:27 07/04/20
451,68.9,20.9,1028.37,5.0,4.21 13:39:42 07/04/20
451,69.2,21.155,1028.41,5.0,4.22 13:44:57 07/04/20
435,66.5,21.355,1028.42,5.0,4.13 13:50:13 07/04/20
448,68.2,21.560001,1028.38,5.0,4.22 13:55:28 07/04/20
456,67.3,21.69,1028.21,5.0,4.13 14:00:43 07/04/20
446,64.4,21.849998,1028.18,5.0,4.13 14:05:58 07/04/20
442,65.1,21.805,1028.11,5.0,4.13 14:11:13 07/04/20
435,66.3,21.880001,1028.06,5.0,4.22 14:16:32 07/04/20
449,64.3,22.07,1027.92,5.0,4.13 14:21:52 07/04/20
449,67.0,22.255,1027.97,5.0,4.13 14:27:08 07/04/20
449,59.8,22.305,1027.84,5.0,4.13 14:32:24 07/04/20
431,63.5,22.3,1027.77,5.0,4.13 14:37:38 07/04/20
431,65.6,22.455,1027.81,5.0,4.14 14:42:52 07/04/20
426,63.9,22.595001,1027.75,5.0,4.14 14:48:07 07/04/20
442,62.6,22.68,1027.62,5.0,4.14 14:53:24 07/04/20
437,60.7,22.75,1027.53,5.0,4.14 14:58:40 07/04/20
416,60.6,22.695,1027.49,5.0,4.14 15:03:55 07/04/20
341,59.6,22.615,1027.5,5.0,4.14 15:09:11 07/04/20
419,61.6,22.43,1027.52,5.0,4.14 15:14:26 07/04/20
420,60.1,22.5,1027.39,5.0,4.22 15:19:41 07/04/20
417,62.9,22.575,1027.34,5.0,4.22 15:24:56 07/04/20
417,60.3,22.61,1027.27,5.0,4.22 15:30:12 07/04/20
415,62.7,22.775,1027.21,5.0,4.13 15:35:27 07/04/20
418,59.0,22.95,1027.19,5.0,4.22 15:40:43 07/04/20
402,59.9,22.970001,1027.12,5.0,4.22 15:45:58 07/04/20
413,56.8,22.89,1027.01,5.0,4.13 15:51:14 07/04/20
413,58.7,22.825,1026.88,5.0,4.13 15:56:29 07/04/20
409,59.6,22.880001,1026.88,5.0,4.13 16:01:44 07/04/20
412,57.3,22.83,1026.85,5.0,4.13 16:06:58 07/04/20
405,58.3,22.81,1026.74,5.0,4.13 16:12:15 07/04/20
381,59.6,22.8,1026.67,5.0,4.22 16:17:34 07/04/20
368,60.2,22.825,1026.7,5.0,4.13 16:22:58 07/04/20
326,58.5,22.825,1026.62,5.0,4.13 16:28:18 07/04/20
327,58.9,22.654999,1026.64,5.0,4.13 16:33:38 07/04/20
337,58.7,22.545,1026.53,5.0,4.13 16:38:58 07/04/20
352,58.3,22.6,1026.52,5.0,4.14 16:44:13 07/04/20
353,55.8,22.555,1026.46,5.0,4.13 16:49:32 07/04/20
377,59.0,22.619999,1026.47,5.0,4.14 16:54:52 07/04/20
360,57.5,22.645,1026.36,5.0,4.14 17:00:08 07/04/20
365,58.7,22.715,1026.27,5.0,4.14 17:05:22 07/04/20
375,57.7,22.675,1026.32,5.0,4.15 17:10:38 07/04/20
352,59.0,22.725,1026.27,5.0,4.22 17:15:54 07/04/20
337,59.0,22.675,1026.19,5.0,4.22 17:21:10 07/04/20
322,58.3,22.67,1026.14,5.0,4.22 17:26:29 07/04/20
356,55.2,22.635,1026.11,5.0,4.13 17:31:49 07/04/20
340,57.2,22.425,1026.13,5.0,4.13 17:37:05 07/04/20
329,57.3,22.39,1026.1,5.0,4.13 17:42:19 07/04/20
317,57.5,22.435,1026.1,5.0,4.13 17:47:35 07/04/20
334,56.5,22.369999,1026.04,5.0,4.22 17:52:53 07/04/20
338,57.7,22.369999,1025.92,5.0,4.13 17:58:05 07/04/20
317,55.8,22.310001,1025.92,5.0,4.13 18:03:21 07/04/20
304,57.1,22.295,1025.92,5.0,4.13 18:08:37 07/04/20
296,58.1,22.3,1025.78,5.0,4.13 18:13:51 07/04/20
311,56.9,22.295,1025.73,4.56,4.22 18:19:10 07/04/20
305,57.2,22.285,1025.72,5.0,4.13 18:24:31 07/04/20
299,56.1,22.2,1025.68,5.0,4.13 18:29:46 07/04/20
302,56.2,22.11,1025.58,5.0,4.13 18:35:02 07/04/20
293,57.1,22.09,1025.63,5.0,4.13 18:40:16 07/04/20
287,56.5,22.0,1025.59,5.0,4.13 18:45:35 07/04/20
277,56.8,21.904999,1025.6,5.0,4.14 18:50:55 07/04/20
275,56.8,21.810001,1025.51,5.0,4.14 18:56:11 07/04/20
267,56.4,21.705,1025.53,5.0,4.14 19:01:26 07/04/20
248,56.7,21.59,1025.5,5.0,4.14 19:06:42 07/04/20
236,56.3,21.42,1025.46,5.0,4.21 19:11:56 07/04/20
239,56.6,21.3,1025.5,5.0,4.21 19:17:11 07/04/20
223,56.6,21.135,1025.44,4.27,4.17 19:22:30 07/04/20
193,56.4,21.02,1025.49,4.2,4.1 19:27:49 07/04/20
174,56.6,20.84,1025.45,5.0,4.13 19:33:05 07/04/20
151,56.8,20.65,1025.48,4.83,4.14 19:38:20 07/04/20
137,57.0,20.49,1025.45,5.0,4.13 19:43:35 07/04/20
127,57.1,20.225,1025.42,4.29,4.12 19:48:50 07/04/20
121,57.3,19.955,1025.4,4.81,4.11 19:54:05 07/04/20
114,57.3,19.795,1025.37,4.43,4.1 19:59:20 07/04/20
105,57.5,19.54,1025.46,4.76,4.1 20:04:36 07/04/20
93,57.9,19.395,1025.53,4.17,4.09 20:09:51 07/04/20
81,57.7,19.154999,1025.48,4.2,4.09 20:15:05 07/04/20
67,57.8,19.01,1025.55,3.78,4.08 20:20:20 07/04/20
51,58.0,18.82,1025.6,3.11,4.07 20:25:34 07/04/20
37,58.0,18.69,1025.67,2.45,4.07 20:30:49 07/04/20
24,58.7,18.5,1025.61,1.75,4.06 20:36:04 07/04/20
15,58.4,18.32,1025.61,1.07,4.06 20:41:22 07/04/20
9,58.7,18.205,1025.71,0.6,4.06 20:46:42 07/04/20
5,58.7,18.02,1025.7,0.27,4.06 20:51:56 07/04/20
2,58.7,17.855,1025.72,0.11,4.05 20:57:12 07/04/20
3,59.2,17.720001,1025.76,0.04,4.05 21:02:26 07/04/20
0,59.1,17.555,1025.77,0.01,4.04 21:07:40 07/04/20
0,59.4,17.435,1025.77,0.0,4.04 21:12:55 07/04/20
0,59.7,17.325,1025.77,0.0,4.04 21:18:09 07/04/20
0,60.9,17.21,1025.72,0.0,4.03 21:23:24 07/04/20
0,60.8,17.105,1025.81,0.0,4.04 21:28:40 07/04/20
0,60.7,16.955,1025.82,0.0,4.03 21:33:53 07/04/20
0,61.8,16.855,1025.76,0.0,4.03 21:39:06 07/04/20
0,60.8,16.795,1025.77,0.0,4.03 21:44:22 07/04/20
0,61.2,16.65,1025.79,0.0,4.03 21:49:36 07/04/20
0,61.5,16.564999,1025.83,0.0,4.03 21:54:49 07/04/20
0,62.1,16.460001,1025.76,0.0,4.03 22:00:06 07/04/20
0,61.9,16.43,1025.84,0.0,4.02 22:05:20 07/04/20
0,61.7,16.34,1025.84,0.0,4.02 22:10:34 07/04/20
0,62.4,16.244999,1025.86,0.0,4.02 22:15:48 07/04/20
0,61.8,16.145,1025.79,0.0,4.02 22:21:11 07/04/20
0,62.3,16.055,1025.84,0.0,4.02 22:26:25 07/04/20
0,62.2,15.960001,1025.76,0.0,4.01 22:31:40 07/04/20
0,63.6,15.84,1025.76,0.0,4.01 22:36:53 07/04/20
0,64.0,15.735001,1025.72,0.0,4.01 22:42:08 07/04/20
0,63.5,15.63,1025.65,0.0,4.01 22:47:23 07/04/20
0,63.7,15.53,1025.64,0.0,4.01 22:52:37 07/04/20
0,64.1,15.43,1025.7,0.0,4.01 22:57:49 07/04/20
0,64.4,15.280001,1025.71,0.0,4.01 23:03:05 07/04/20
0,65.1,15.190001,1025.68,0.0,4.01 23:08:20 07/04/20
0,65.3,15.145,1025.68,0.0,4.0 23:13:34 07/04/20
0,66.3,15.059999,1025.65,0.0,4.0 23:18:48 07/04/20
0,65.1,15.025,1025.63,0.0,4.0 23:24:01 07/04/20
0,65.7,14.934999,1025.59,0.0,4.0 23:29:14 07/04/20
0,65.3,14.85,1025.48,0.0,4.0 23:34:29 07/04/20
0,65.6,14.765,1025.45,0.0,4.0 23:39:45 07/04/20
0,67.6,14.675,1025.42,0.0,3.99 23:44:59 07/04/20
0,67.0,14.635,1025.38,0.0,4.0 23:50:13 07/04/20
0,67.2,14.545,1025.31,0.0,3.99 23:55:27 07/04/20
