0,52.6,14.26,1020.87,0.0,4.0 00:04:57 09/04/20
0,52.8,14.175,1020.9,0.0,3.99 00:10:15 09/04/20
0,53.4,14.085,1020.87,0.0,3.99 00:15:34 09/04/20
0,53.2,13.975,1020.85,0.0,3.99 00:20:48 09/04/20
0,53.4,13.87,1020.93,0.0,3.99 00:26:02 09/04/20
0,53.9,13.825,1020.94,0.0,3.99 00:31:16 09/04/20
0,54.6,13.690001,1021.05,0.0,3.99 00:36:30 09/04/20
0,54.2,13.645,1021.07,0.0,3.99 00:41:42 09/04/20
0,53.5,13.549999,1021.06,0.0,3.99 00:46:58 09/04/20
0,55.9,13.455,1021.12,0.0,3.96 00:52:12 09/04/20
0,54.9,13.34,1021.09,0.0,3.99 00:57:26 09/04/20
0,56.5,13.18,1021.05,0.0,3.98 01:02:39 09/04/20
0,55.0,13.08,1021.07,0.0,3.98 01:07:55 09/04/20
0,56.2,12.98,1021.08,0.0,3.98 01:13:08 09/04/20
0,55.5,12.940001,1021.08,0.0,3.98 01:18:20 09/04/20
0,55.7,12.855,1021.06,0.0,3.98 01:23:38 09/04/20
0,55.8,12.765,1021.13,0.0,3.98 01:28:49 09/04/20
0,56.0,12.684999,1021.12,0.0,3.98 01:34:03 09/04/20
0,56.2,12.71,1021.07,0.0,3.98 01:39:17 09/04/20
0,56.1,12.639999,1021.08,0.0,3.98 01:44:31 09/04/20
0,56.7,12.575,1021.1,0.0,3.98 01:49:46 09/04/20
0,56.7,12.610001,1021.07,0.0,3.97 01:55:03 09/04/20
0,56.1,12.615,1021.1,0.0,3.97 02:00:19 09/04/20
0,58.3,12.559999,1021.11,0.0,3.97 02:05:34 09/04/20
0,57.7,12.615,1021.09,0.0,3.97 02:10:47 09/04/20
0,57.5,12.565,1021.05,0.0,3.97 02:16:03 09/04/20
0,58.3,12.549999,1021.01,0.0,3.97 02:21:16 09/04/20
0,59.2,12.545,1020.99,0.0,3.97 02:26:29 09/04/20
0,59.8,12.545,1020.98,0.0,3.97 02:31:42 09/04/20
0,59.2,12.549999,1020.95,0.0,3.96 02:36:59 09/04/20
0,59.7,12.605,1020.93,0.0,3.97 02:42:12 09/04/20
0,59.4,12.555,1020.9,0.01,3.96 02:47:34 09/04/20
0,62.9,12.62,1020.9,0.01,3.96 02:52:50 09/04/20
0,61.9,12.610001,1020.83,0.01,3.92 02:58:03 09/04/20
0,66.1,12.549999,1020.78,0.01,3.96 03:03:16 09/04/20
0,66.4,12.555,1020.76,0.01,3.96 03:08:28 09/04/20
0,62.9,12.545,1020.76,0.01,3.96 03:13:44 09/04/20
0,65.0,12.52,1020.69,0.01,3.96 03:18:57 09/04/20
0,66.7,12.450001,1020.71,0.01,3.96 03:24:09 09/04/20
0,66.4,12.440001,1020.75,0.01,3.96 03:29:26 09/04/20
0,66.0,12.365,1020.68,0.01,3.96 03:34:39 09/04/20
0,67.2,12.27,1020.67,0.01,3.96 03:39:53 09/04/20
0,68.1,12.24,1020.72,0.01,3.96 03:45:06 09/04/20
0,67.0,12.16,1020.65,0.01,3.96 03:50:20 09/04/20
0,67.0,12.075,1020.77,0.01,3.96 03:55:33 09/04/20
0,68.7,11.97,1020.77,0.01,3.96 04:00:46 09/04/20
0,66.4,11.860001,1020.63,0.01,3.96 04:06:01 09/04/20
0,66.5,11.75,1020.73,0.01,3.96 04:11:15 09/04/20
0,66.9,11.635,1020.74,0.01,3.96 04:16:29 09/04/20
0,66.9,11.485001,1020.78,0.01,3.96 04:21:46 09/04/20
0,68.2,11.434999,1020.81,0.01,3.96 04:27:03 09/04/20
2,68.1,11.280001,1020.87,0.01,3.96 04:32:17 09/04/20
2,67.3,11.245001,1020.92,0.01,3.95 04:37:32 09/04/20
2,66.6,11.145,1020.85,0.01,3.95 04:42:46 09/04/20
4,67.9,11.035,1020.86,0.01,3.95 04:47:59 09/04/20
5,67.9,10.940001,1020.83,0.01,3.95 04:53:14 09/04/20
7,72.6,10.84,1020.83,0.01,3.91 04:58:25 09/04/20
8,70.5,10.825,1020.84,0.01,3.95 05:03:40 09/04/20
10,69.6,10.75,1020.89,0.01,3.95 05:08:54 09/04/20
12,70.4,10.735001,1020.84,0.0,3.95 05:14:07 09/04/20
11,69.3,10.67,1020.85,0.0,3.95 05:19:21 09/04/20
11,70.9,10.66,1020.88,0.0,3.95 05:24:35 09/04/20
12,74.6,10.73,1020.96,0.0,3.95 05:29:49 09/04/20
12,74.2,10.725,1021.04,0.0,3.95 05:35:00 09/04/20
12,78.4,10.675,1021.12,0.0,3.94 05:40:15 09/04/20
12,73.8,10.665,1021.14,0.0,3.94 05:45:29 09/04/20
11,72.0,10.635,1021.13,0.0,3.94 05:50:42 09/04/20
12,73.1,10.545,1021.17,0.0,3.94 05:56:05 09/04/20
10,73.1,10.47,1021.23,0.0,3.94 06:01:16 09/04/20
12,75.0,10.425,1021.22,0.01,3.94 06:06:31 09/04/20
12,75.3,10.34,1021.29,0.03,3.94 06:11:44 09/04/20
15,73.4,10.26,1021.3,0.07,3.94 06:16:59 09/04/20
16,77.4,10.175,1021.36,0.19,3.94 06:22:11 09/04/20
19,75.4,10.135,1021.33,0.45,3.93 06:27:25 09/04/20
25,75.9,10.065,1021.4,0.96,3.93 06:32:40 09/04/20
31,75.5,10.035,1021.43,1.67,3.93 06:37:52 09/04/20
44,76.8,9.955,1021.53,2.44,3.93 06:43:06 09/04/20
59,74.9,9.875,1021.64,3.13,3.93 06:48:19 09/04/20
74,74.7,9.835,1021.71,3.7,3.93 06:53:34 09/04/20
89,73.0,9.755,1021.73,4.0,3.92 06:58:46 09/04/20
106,75.4,9.68,1021.8,4.12,3.93 07:03:58 09/04/20
126,76.6,9.715,1021.75,4.64,3.93 07:09:13 09/04/20
140,77.3,9.66,1021.82,4.92,3.93 07:14:30 09/04/20
156,79.5,9.725,1021.9,4.03,3.93 07:19:48 09/04/20
171,80.9,9.75,1021.92,4.34,3.93 07:25:05 09/04/20
180,81.3,9.815001,1021.93,4.0,3.93 07:30:15 09/04/20
194,80.9,9.835,1021.98,5.0,3.93 07:35:29 09/04/20
205,85.3,9.860001,1022.02,5.0,3.93 07:40:41 09/04/20
215,87.5,9.945,1022.08,4.06,3.94 07:45:54 09/04/20
223,86.8,10.035,1022.24,4.0,3.94 07:51:07 09/04/20
234,81.6,10.12,1022.19,5.0,3.93 07:56:36 09/04/20
240,88.0,10.23,1022.34,4.01,3.95 08:01:51 09/04/20
266,84.5,10.265,1022.28,4.01,3.96 08:07:07 09/04/20
293,85.6,10.425,1022.41,5.0,3.96 08:12:18 09/04/20
315,78.5,10.485001,1022.44,4.93,3.96 08:17:34 09/04/20
310,86.9,10.655001,1022.44,4.06,3.97 08:22:46 09/04/20
329,79.9,10.84,1022.48,4.72,3.98 08:28:01 09/04/20
333,83.7,11.045,1022.49,5.0,3.99 08:33:15 09/04/20
342,79.5,11.305,1022.52,4.1,3.98 08:38:26 09/04/20
351,87.1,11.535,1022.56,5.0,3.99 08:43:42 09/04/20
357,84.0,11.88,1022.62,4.07,3.99 08:48:56 09/04/20
363,85.1,12.17,1022.57,4.07,4.0 08:54:07 09/04/20
373,84.5,12.405001,1022.66,5.0,4.01 08:59:24 09/04/20
372,79.4,12.67,1022.75,4.07,3.99 09:04:37 09/04/20
378,78.9,12.889999,1022.78,5.0,4.02 09:09:49 09/04/20
400,82.0,13.105,1022.84,4.1,4.04 09:15:04 09/04/20
405,85.0,13.4,1022.91,4.1,4.05 09:20:18 09/04/20
411,82.4,13.76,1022.93,5.0,4.04 09:25:32 09/04/20
429,81.0,14.025,1022.88,4.17,4.06 09:30:45 09/04/20
419,81.1,14.385,1023.02,4.88,4.08 09:36:00 09/04/20
400,81.3,14.695,1023.05,4.41,4.1 09:41:14 09/04/20
408,77.4,14.92,1023.03,5.0,4.12 09:46:27 09/04/20
430,76.6,15.139999,1022.99,4.24,4.14 09:51:43 09/04/20
433,78.0,15.415001,1023.02,4.3,4.19 09:56:56 09/04/20
435,80.0,15.705,1023.11,4.32,4.21 10:02:12 09/04/20
439,79.7,15.995,1023.19,5.0,4.13 10:07:24 09/04/20
441,81.3,16.2,1023.12,5.0,4.13 10:12:40 09/04/20
426,79.7,16.395,1023.22,5.0,4.13 10:17:54 09/04/20
448,76.3,16.58,1023.26,5.0,4.13 10:23:09 09/04/20
448,78.0,16.795,1023.23,5.0,4.14 10:28:23 09/04/20
432,79.3,16.994999,1023.28,5.0,4.14 10:33:39 09/04/20
453,76.0,17.23,1023.27,5.0,4.22 10:38:52 09/04/20
453,75.0,17.425,1023.29,5.0,4.22 10:44:07 09/04/20
437,74.9,17.630001,1023.29,5.0,4.22 10:49:21 09/04/20
439,75.1,17.82,1023.34,5.0,4.22 10:54:34 09/04/20
459,76.7,18.085,1023.32,5.0,4.22 10:59:50 09/04/20
440,75.8,18.32,1023.28,5.0,4.22 11:05:06 09/04/20
442,74.7,18.619999,1023.33,5.0,4.22 11:10:20 09/04/20
463,74.1,18.79,1023.35,5.0,4.21 11:15:38 09/04/20
464,73.4,18.985,1023.32,5.0,4.12 11:20:57 09/04/20
466,72.1,19.195,1023.35,5.0,4.12 11:26:12 09/04/20
468,72.3,19.369999,1023.35,5.0,4.12 11:31:27 09/04/20
468,72.6,19.575,1023.35,5.0,4.12 11:36:42 09/04/20
450,73.7,19.865,1023.34,5.0,4.13 11:41:57 09/04/20
470,71.8,20.07,1023.34,5.0,4.13 11:47:13 09/04/20
472,72.7,20.345001,1023.32,5.0,4.13 11:52:26 09/04/20
471,71.2,20.555,1023.31,5.0,4.13 11:57:43 09/04/20
467,69.8,20.75,1023.27,5.0,4.13 12:02:58 09/04/20
470,69.3,20.945,1023.29,5.0,4.13 12:08:14 09/04/20
474,68.6,21.060001,1023.26,5.0,4.13 12:13:27 09/04/20
476,68.0,21.105,1023.25,5.0,4.14 12:18:41 09/04/20
474,68.6,21.279999,1023.21,5.0,4.14 12:23:57 09/04/20
473,67.2,21.560001,1023.18,5.0,4.14 12:29:13 09/04/20
474,68.5,21.83,1023.23,5.0,4.14 12:34:26 09/04/20
476,66.5,22.045,1023.11,5.0,4.15 12:39:44 09/04/20
472,64.0,22.150002,1023.0,5.0,4.15 12:44:57 09/04/20
455,66.6,22.27,1023.04,5.0,4.22 12:50:14 09/04/20
474,65.9,22.515,1023.02,5.0,4.22 12:55:28 09/04/20
472,65.5,22.645,1022.94,5.0,4.13 13:00:44 09/04/20
473,63.4,22.765,1023.03,5.0,4.13 13:06:00 09/04/20
463,62.6,22.875,1022.93,5.0,4.13 13:11:17 09/04/20
475,63.7,23.1,1022.95,5.0,4.13 13:16:34 09/04/20
438,64.4,23.31,1022.96,5.0,4.13 13:21:58 09/04/20
464,59.5,23.445,1022.92,5.0,4.14 13:27:17 09/04/20
469,62.1,23.54,1022.85,5.0,4.13 13:32:34 09/04/20
455,62.6,23.795,1022.9,5.0,4.14 13:37:50 09/04/20
464,61.7,23.92,1022.94,5.0,4.14 13:43:05 09/04/20
463,59.2,24.04,1023.0,5.0,4.14 13:48:21 09/04/20
439,59.8,24.2,1022.96,5.0,4.14 13:53:37 09/04/20
463,58.1,24.314999,1022.94,5.0,4.14 13:58:50 09/04/20
437,58.7,24.4,1022.97,5.0,4.14 14:04:08 09/04/20
460,55.9,24.285,1022.93,5.0,4.14 14:09:23 09/04/20
436,58.0,24.355,1023.0,5.0,4.13 14:14:47 09/04/20
466,58.3,24.529999,1022.9,5.0,4.14 14:20:03 09/04/20
445,57.1,24.705,1022.93,5.0,4.15 14:25:19 09/04/20
449,57.7,24.75,1022.85,5.0,4.14 14:30:37 09/04/20
439,57.3,24.904999,1022.86,5.0,4.15 14:35:51 09/04/20
445,56.4,25.08,1022.79,5.0,4.15 14:41:05 09/04/20
432,53.9,25.125,1022.86,5.0,4.22 14:46:22 09/04/20
431,56.4,25.14,1022.84,5.0,4.21 14:51:37 09/04/20
442,53.5,25.145,1022.78,5.0,4.14 14:56:56 09/04/20
428,51.7,25.145,1022.85,5.0,4.14 15:02:09 09/04/20
427,52.4,25.005001,1022.79,5.0,4.14 15:07:25 09/04/20
427,52.8,24.975,1022.74,5.0,4.14 15:12:39 09/04/20
425,53.3,24.965,1022.78,5.0,4.14 15:17:57 09/04/20
424,53.5,25.12,1022.76,5.0,4.14 15:23:13 09/04/20
422,53.3,25.135,1022.74,5.0,4.14 15:28:32 09/04/20
422,53.2,25.21,1022.71,5.0,4.14 15:33:51 09/04/20
420,53.6,25.235,1022.72,5.0,4.14 15:39:07 09/04/20
419,54.0,25.314999,1022.67,5.0,4.14 15:44:25 09/04/20
416,50.7,25.345001,1022.7,5.0,4.14 15:49:39 09/04/20
415,50.7,25.355,1022.61,5.0,4.15 15:54:54 09/04/20
411,51.4,25.275,1022.71,5.0,4.14 16:00:13 09/04/20
406,51.3,25.185001,1022.64,5.0,4.14 16:05:28 09/04/20
407,51.2,25.150002,1022.63,5.0,4.14 16:10:44 09/04/20
397,51.2,25.085,1022.61,5.0,4.14 16:16:03 09/04/20
390,52.6,25.005001,1022.56,5.0,4.15 16:21:24 09/04/20
396,50.4,25.005001,1022.53,5.0,4.15 16:26:40 09/04/20
314,49.6,25.0,1022.44,5.0,4.15 16:31:56 09/04/20
351,49.8,24.91,1022.43,5.0,4.22 16:37:11 09/04/20
364,51.3,24.89,1022.38,5.0,4.22 16:42:28 09/04/20
341,50.8,24.885,1022.35,4.34,4.22 16:47:43 09/04/20
336,53.0,24.885,1022.32,5.0,4.14 16:52:59 09/04/20
377,52.0,24.885,1022.25,5.0,4.14 16:58:14 09/04/20
367,51.7,24.82,1022.25,5.0,4.14 17:03:30 09/04/20
362,50.8,24.814999,1022.26,5.0,4.14 17:08:51 09/04/20
359,48.9,24.73,1022.17,5.0,4.14 17:14:08 09/04/20
341,51.4,24.635,1022.13,5.0,4.14 17:19:26 09/04/20
331,49.9,24.625,1022.21,5.0,4.14 17:24:42 09/04/20
363,49.7,24.55,1022.12,5.0,4.14 17:29:57 09/04/20
359,51.4,24.439999,1022.19,5.0,4.14 17:35:14 09/04/20
326,47.2,24.36,1022.19,5.0,4.14 17:40:29 09/04/20
336,47.1,24.195,1022.15,5.0,4.14 17:45:44 09/04/20
347,47.7,24.08,1022.12,5.0,4.14 17:51:01 09/04/20
337,47.6,23.904999,1022.16,5.0,4.14 17:56:16 09/04/20
324,47.5,23.785,1022.1,5.0,4.14 18:01:31 09/04/20
312,48.1,23.75,1022.16,5.0,4.14 18:06:47 09/04/20
300,47.0,23.6,1022.2,5.0,4.15 18:12:02 09/04/20
296,45.9,23.4,1022.18,5.0,4.15 18:17:18 09/04/20
319,46.7,23.27,1022.14,5.0,4.15 18:22:33 09/04/20
314,47.3,23.165,1022.12,5.0,4.15 18:27:49 09/04/20
308,46.6,23.085,1022.15,5.0,4.22 18:33:04 09/04/20
301,47.2,22.985,1022.17,4.5,4.13 18:38:20 09/04/20
294,47.4,22.89,1022.14,5.0,4.14 18:43:35 09/04/20
288,47.9,22.765,1022.12,5.0,4.14 18:48:49 09/04/20
281,47.6,22.585,1022.17,5.0,4.14 18:54:06 09/04/20
272,47.8,22.4,1022.16,5.0,4.14 18:59:22 09/04/20
265,47.5,22.275002,1022.16,5.0,4.14 19:04:37 09/04/20
258,47.6,22.105,1022.23,5.0,4.14 19:09:52 09/04/20
251,48.3,21.99,1022.29,5.0,4.14 19:15:08 09/04/20
241,48.0,21.88,1022.39,5.0,4.14 19:20:23 09/04/20
231,48.2,21.71,1022.4,5.0,4.14 19:25:39 09/04/20
220,48.6,21.575,1022.41,5.0,4.14 19:30:53 09/04/20
194,48.4,21.39,1022.44,5.0,4.13 19:36:09 09/04/20
193,47.8,21.19,1022.49,4.75,4.17 19:41:28 09/04/20
173,48.1,21.005001,1022.53,5.0,4.15 19:46:47 09/04/20
161,48.2,20.795,1022.56,5.0,4.15 19:52:02 09/04/20
149,48.2,20.58,1022.56,4.34,4.15 19:57:18 09/04/20
139,48.3,20.32,1022.6,4.92,4.13 20:02:36 09/04/20
122,48.9,20.125,1022.68,4.84,4.12 20:07:57 09/04/20
109,48.5,19.985,1022.78,4.35,4.11 20:13:12 09/04/20
90,48.4,19.775002,1022.77,4.22,4.1 20:18:27 09/04/20
72,48.8,19.585,1022.89,3.93,4.1 20:23:39 09/04/20
56,48.8,19.384998,1022.93,3.39,4.09 20:28:56 09/04/20
42,48.7,19.135,1023.01,2.82,4.08 20:34:11 09/04/20
28,48.9,18.98,1023.08,2.09,4.05 20:39:25 09/04/20
17,49.0,18.73,1023.08,1.26,4.08 20:44:40 09/04/20
10,49.2,18.58,1023.18,0.66,4.07 20:49:55 09/04/20
5,49.4,18.39,1023.18,0.3,4.07 20:55:10 09/04/20
3,49.5,18.2,1023.28,0.13,4.07 21:00:24 09/04/20
1,50.5,17.955,1023.34,0.05,4.06 21:05:40 09/04/20
0,50.0,17.84,1023.36,0.01,4.06 21:10:54 09/04/20
0,50.5,17.654999,1023.41,0.0,4.05 21:16:08 09/04/20
0,50.6,17.54,1023.52,0.0,4.05 21:21:23 09/04/20
0,50.8,17.42,1023.53,0.0,4.05 21:26:37 09/04/20
0,50.9,17.33,1023.63,0.0,4.05 21:31:52 09/04/20
0,51.0,17.24,1023.67,0.0,4.04 21:37:06 09/04/20
0,51.3,17.15,1023.7,0.0,4.04 21:42:22 09/04/20
0,51.8,17.115,1023.8,0.0,4.04 21:47:36 09/04/20
0,52.5,17.095001,1023.78,0.0,4.04 21:52:49 09/04/20
0,52.8,17.02,1023.81,0.0,4.03 21:58:04 09/04/20
0,53.9,17.0,1023.86,0.0,4.03 22:03:19 09/04/20
0,53.0,16.925,1023.86,0.0,4.03 22:08:33 09/04/20
0,52.6,16.895,1023.87,0.0,4.03 22:13:48 09/04/20
0,53.5,16.805,1023.96,0.0,4.03 22:19:02 09/04/20
0,53.2,16.725,1023.95,0.0,4.03 22:24:17 09/04/20
0,54.7,16.645,1023.93,0.0,4.02 22:29:31 09/04/20
0,53.9,16.615,1023.94,0.0,4.02 22:34:46 09/04/20
0,53.8,16.535,1024.0,0.0,3.99 22:40:01 09/04/20
0,54.4,16.5,1024.01,0.0,4.02 22:45:14 09/04/20
0,54.2,16.4,1024.01,0.0,4.02 22:50:29 09/04/20
0,55.3,16.265,1024.03,0.0,4.02 22:55:41 09/04/20
0,54.6,16.15,1024.01,0.0,4.01 23:01:01 09/04/20
0,55.1,16.119999,1023.99,0.0,4.01 23:06:20 09/04/20
0,54.3,16.029999,1024.0,0.0,4.01 23:11:35 09/04/20
0,55.5,15.93,1024.02,0.0,4.01 23:16:49 09/04/20
0,54.8,15.83,1024.06,0.0,4.01 23:22:04 09/04/20
0,54.5,15.7300005,1024.06,0.0,4.01 23:27:18 09/04/20
0,55.1,15.63,1024.08,0.0,4.01 23:32:33 09/04/20
0,55.4,15.5199995,1024.06,0.0,4.0 23:37:46 09/04/20
0,55.5,15.360001,1024.01,0.0,4.0 23:43:02 09/04/20
0,56.4,15.255,1024.02,0.0,4.0 23:48:15 09/04/20
0,55.7,15.139999,1024.06,0.0,4.0 23:53:28 09/04/20
0,55.5,15.035,1024.09,0.0,4.0 23:58:43 09/04/20
