0,54.2,13.139999,1023.21,0.0,4.0 00:03:29 11/04/20
0,54.3,13.03,1023.16,0.0,3.99 00:08:42 11/04/20
0,54.3,12.934999,1023.21,0.0,3.99 00:13:56 11/04/20
0,54.4,12.844999,1023.25,0.0,3.99 00:19:13 11/04/20
0,55.1,12.76,1023.26,0.0,3.99 00:24:23 11/04/20
0,54.9,12.73,1023.24,0.0,3.96 00:29:36 11/04/20
0,54.7,12.635,1023.16,0.0,3.99 00:34:57 11/04/20
0,55.8,12.555,1023.18,0.0,3.99 00:40:14 11/04/20
0,55.3,12.47,1023.18,0.0,3.99 00:45:31 11/04/20
0,55.2,12.43,1023.18,0.0,3.98 00:50:45 11/04/20
0,55.4,12.33,1023.16,0.0,3.99 00:55:56 11/04/20
0,55.0,12.235001,1023.11,0.0,3.98 01:01:09 11/04/20
0,54.6,12.145,1023.17,0.0,3.98 01:06:26 11/04/20
0,54.8,12.04,1023.18,0.0,3.98 01:11:46 11/04/20
0,55.0,11.940001,1023.17,0.0,3.98 01:16:59 11/04/20
0,54.9,11.844999,1023.18,0.0,3.98 01:22:14 11/04/20
0,55.2,11.74,1023.15,0.0,3.97 01:27:30 11/04/20
0,55.3,11.66,1023.11,0.0,3.98 01:32:41 11/04/20
0,55.2,11.549999,1023.15,0.0,3.98 01:37:56 11/04/20
0,55.2,11.450001,1023.16,0.0,3.97 01:43:08 11/04/20
0,55.1,11.355,1023.13,0.0,3.97 01:48:25 11/04/20
0,55.3,11.255,1023.1,0.0,3.97 01:53:39 11/04/20
0,55.6,11.155001,1023.07,0.0,3.97 01:58:57 11/04/20
0,57.2,11.045,1023.0,0.0,3.97 02:04:12 11/04/20
0,56.4,10.950001,1023.01,0.0,3.97 02:09:23 11/04/20
0,57.0,10.865,1022.95,0.0,3.97 02:14:36 11/04/20
0,56.1,10.83,1022.95,0.0,3.96 02:19:50 11/04/20
0,56.9,10.75,1022.95,0.0,3.96 02:25:05 11/04/20
0,57.4,10.665,1022.9,0.0,3.97 02:30:18 11/04/20
0,56.4,10.58,1022.95,0.0,3.96 02:35:34 11/04/20
0,57.0,10.54,1022.92,0.0,3.96 02:40:46 11/04/20
0,56.8,10.434999,1022.87,0.0,3.96 02:46:00 11/04/20
0,56.5,10.335,1022.89,0.0,3.96 02:51:13 11/04/20
0,57.0,10.23,1022.94,0.0,3.96 02:56:25 11/04/20
0,57.0,10.13,1022.93,0.0,3.96 03:01:38 11/04/20
0,57.5,10.035,1022.91,0.0,3.96 03:06:56 11/04/20
0,56.9,9.950001,1022.9,0.0,3.96 03:12:07 11/04/20
0,57.4,9.860001,1022.94,0.0,3.96 03:17:21 11/04/20
0,57.3,9.815001,1022.96,0.0,3.96 03:22:34 11/04/20
0,57.8,9.675,1022.86,0.0,3.96 03:27:48 11/04/20
0,58.3,9.63,1022.84,0.0,3.96 03:33:01 11/04/20
0,57.2,9.535,1022.72,0.0,3.96 03:38:14 11/04/20
0,57.7,9.440001,1022.74,0.0,3.96 03:43:27 11/04/20
0,58.1,9.355,1022.73,0.0,3.95 03:48:45 11/04/20
0,57.9,9.265,1022.67,0.0,3.96 03:54:01 11/04/20
0,58.8,9.17,1022.69,0.0,3.95 03:59:17 11/04/20
0,59.0,9.125,1022.75,0.0,3.95 04:04:30 11/04/20
0,58.5,9.04,1022.66,0.0,3.95 04:09:43 11/04/20
0,58.6,8.945,1022.66,0.0,3.95 04:14:59 11/04/20
0,58.1,8.92,1022.68,0.0,3.9 04:20:19 11/04/20
0,59.0,8.84,1022.69,0.0,3.95 04:25:31 11/04/20
0,59.3,8.805,1022.59,0.0,3.95 04:30:45 11/04/20
0,60.4,8.725,1022.51,0.0,3.95 04:36:04 11/04/20
0,59.8,8.65,1022.53,0.0,3.94 04:41:20 11/04/20
0,60.8,8.58,1022.52,0.0,3.95 04:46:32 11/04/20
0,59.0,8.55,1022.47,0.0,3.95 04:51:46 11/04/20
0,58.6,8.475,1022.44,0.0,3.94 04:57:02 11/04/20
0,59.2,8.455,1022.42,0.0,3.94 05:02:14 11/04/20
0,59.5,8.37,1022.37,0.0,3.94 05:07:25 11/04/20
0,59.4,8.34,1022.45,0.0,3.94 05:12:40 11/04/20
0,59.4,8.25,1022.35,0.0,3.94 05:17:52 11/04/20
0,59.3,8.165,1022.36,0.0,3.94 05:23:07 11/04/20
0,61.3,8.125,1022.33,0.0,3.94 05:28:20 11/04/20
0,59.5,8.05,1022.32,0.0,3.94 05:33:33 11/04/20
0,60.0,7.975,1022.36,0.0,3.93 05:38:45 11/04/20
0,59.8,7.9300003,1022.24,0.0,3.94 05:44:01 11/04/20
0,59.5,7.855,1022.23,0.0,3.93 05:49:11 11/04/20
0,61.2,7.7699995,1022.23,0.0,3.93 05:54:27 11/04/20
0,59.8,7.74,1022.22,0.01,3.93 05:59:37 11/04/20
0,61.7,7.65,1022.19,0.02,3.93 06:04:52 11/04/20
1,60.4,7.5550003,1022.17,0.05,3.93 06:10:04 11/04/20
3,60.5,7.5200005,1022.13,0.12,3.93 06:15:19 11/04/20
5,60.2,7.44,1022.13,0.26,3.93 06:20:33 11/04/20
10,62.7,7.36,1022.13,0.59,3.92 06:25:45 11/04/20
17,60.8,7.335,1022.16,1.22,3.92 06:30:58 11/04/20
27,61.9,7.26,1022.19,1.81,3.92 06:36:11 11/04/20
40,61.8,7.23,1022.24,2.45,3.92 06:41:31 11/04/20
53,62.7,7.16,1022.24,2.94,3.92 06:46:44 11/04/20
69,61.8,7.13,1022.25,3.52,3.92 06:51:57 11/04/20
88,62.1,7.045,1022.24,4.03,3.92 06:57:11 11/04/20
105,64.9,6.965,1022.24,3.98,3.92 07:02:25 11/04/20
122,62.0,6.955,1022.2,4.53,3.92 07:07:38 11/04/20
134,62.1,6.94,1022.19,4.15,3.92 07:12:50 11/04/20
151,62.5,6.875,1022.17,4.0,3.92 07:18:05 11/04/20
167,62.7,6.915,1022.19,5.0,3.92 07:23:18 11/04/20
168,62.1,6.905,1022.22,5.0,3.92 07:28:31 11/04/20
179,62.4,6.855,1022.25,5.0,3.92 07:33:43 11/04/20
186,62.3,6.855,1022.24,4.88,3.92 07:38:57 11/04/20
188,62.1,6.865,1022.23,4.2,3.92 07:44:10 11/04/20
198,62.1,6.925,1022.31,5.0,3.93 07:49:23 11/04/20
207,62.1,6.94,1022.32,5.0,3.93 07:54:36 11/04/20
209,61.7,7.02,1022.32,3.98,3.89 07:59:53 11/04/20
235,62.2,7.125,1022.34,4.98,3.89 08:05:10 11/04/20
333,60.7,7.165,1022.32,4.8,3.94 08:10:24 11/04/20
347,60.2,7.27,1022.36,5.0,3.94 08:15:37 11/04/20
353,61.8,7.4500003,1022.39,4.65,3.95 08:20:51 11/04/20
360,63.8,7.65,1022.4,4.16,3.96 08:26:04 11/04/20
367,63.1,7.925,1022.4,5.0,3.96 08:31:17 11/04/20
372,64.2,8.2,1022.46,5.0,3.97 08:36:31 11/04/20
374,63.3,8.49,1022.54,4.07,3.97 08:41:43 11/04/20
382,65.1,8.78,1022.53,5.0,3.98 08:47:00 11/04/20
387,66.4,9.1,1022.49,4.65,3.99 08:52:11 11/04/20
391,63.9,9.389999,1022.44,5.0,3.99 08:57:23 11/04/20
396,65.1,9.75,1022.48,4.07,3.99 09:02:42 11/04/20
398,63.2,10.059999,1022.42,4.35,4.01 09:07:59 11/04/20
402,65.3,10.375,1022.53,4.11,4.02 09:13:11 11/04/20
408,63.7,10.75,1022.44,4.15,4.03 09:18:24 11/04/20
411,63.6,11.075,1022.45,4.09,4.04 09:23:38 11/04/20
414,63.5,11.469999,1022.34,5.0,4.04 09:28:53 11/04/20
417,62.6,11.865,1022.32,4.22,4.05 09:34:10 11/04/20
420,62.8,12.27,1022.35,4.17,4.07 09:39:21 11/04/20
425,62.5,12.575,1022.19,4.38,4.06 09:44:33 11/04/20
427,63.0,12.88,1022.19,4.21,4.09 09:49:48 11/04/20
430,62.6,13.245,1022.12,4.28,4.13 09:55:02 11/04/20
432,62.0,13.559999,1022.11,4.56,4.17 10:00:16 11/04/20
435,61.6,13.855,1022.1,4.38,4.21 10:05:30 11/04/20
438,60.9,14.175,1022.11,4.38,4.18 10:10:42 11/04/20
440,60.3,14.38,1022.14,4.78,4.18 10:15:57 11/04/20
443,61.0,14.625,1022.13,4.31,4.2 10:21:12 11/04/20
445,60.7,14.905,1022.07,4.31,4.19 10:26:25 11/04/20
447,59.8,15.14,1022.09,4.3,4.2 10:31:39 11/04/20
449,60.3,15.395,1022.1,4.32,4.21 10:36:56 11/04/20
450,60.3,15.610001,1022.04,5.0,4.22 10:42:09 11/04/20
446,60.7,15.91,1022.02,5.0,4.22 10:47:32 11/04/20
454,59.6,16.2,1022.01,5.0,4.22 10:52:46 11/04/20
456,59.4,16.46,1022.06,5.0,4.21 10:58:01 11/04/20
457,59.3,16.605,1021.99,5.0,4.22 11:03:15 11/04/20
458,59.1,16.865,1021.99,5.0,4.22 11:08:30 11/04/20
460,59.2,17.08,1021.96,5.0,4.13 11:13:44 11/04/20
461,59.0,17.275,1022.0,5.0,4.13 11:18:57 11/04/20
463,58.6,17.535,1022.04,5.0,4.22 11:24:17 11/04/20
464,58.6,17.73,1021.94,5.0,4.13 11:29:36 11/04/20
464,59.0,17.92,1021.96,5.0,4.13 11:34:51 11/04/20
466,57.1,18.205,1021.96,5.0,4.14 11:40:05 11/04/20
466,57.7,18.345001,1021.91,5.0,4.14 11:45:20 11/04/20
467,58.4,18.6,1021.83,5.0,4.22 11:50:35 11/04/20
468,57.8,18.835,1021.9,5.0,4.22 11:55:50 11/04/20
469,57.4,19.08,1021.86,5.0,4.22 12:01:04 11/04/20
469,57.6,19.224998,1021.73,5.0,4.22 12:06:23 11/04/20
469,58.0,19.5,1021.71,5.0,4.22 12:11:46 11/04/20
471,57.7,19.715,1021.64,5.0,4.12 12:17:07 11/04/20
472,57.5,20.015,1021.66,5.0,4.12 12:22:21 11/04/20
472,55.6,20.224998,1021.5,5.0,4.13 12:27:36 11/04/20
471,57.3,20.41,1021.45,5.0,4.13 12:32:51 11/04/20
473,57.3,20.67,1021.43,5.0,4.13 12:38:06 11/04/20
473,57.5,20.875,1021.44,5.0,4.13 12:43:22 11/04/20
472,57.1,21.035,1021.37,5.0,4.13 12:48:37 11/04/20
471,54.9,21.2,1021.27,5.0,4.13 12:53:51 11/04/20
471,56.2,21.235,1021.19,5.0,4.13 12:59:06 11/04/20
473,54.7,21.43,1021.15,5.0,4.13 13:04:22 11/04/20
471,53.5,21.625,1021.16,5.0,4.13 13:09:37 11/04/20
473,54.4,21.705,1021.07,5.0,4.14 13:14:52 11/04/20
472,55.1,21.805,1020.93,5.0,4.14 13:20:07 11/04/20
472,54.2,22.0,1020.86,5.0,4.14 13:25:22 11/04/20
473,54.6,22.215,1020.79,5.0,4.14 13:30:38 11/04/20
471,53.9,22.485,1020.78,5.0,4.14 13:35:54 11/04/20
473,54.4,22.695,1020.68,5.0,4.15 13:41:07 11/04/20
472,53.5,22.875,1020.63,5.0,4.22 13:46:22 11/04/20
471,52.9,22.98,1020.58,5.0,4.22 13:51:37 11/04/20
471,54.1,23.035,1020.49,5.0,4.21 13:56:55 11/04/20
468,51.4,23.285,1020.42,5.0,4.13 14:02:10 11/04/20
468,53.3,23.39,1020.35,5.0,4.22 14:07:34 11/04/20
469,52.4,23.58,1020.21,5.0,4.14 14:12:48 11/04/20
469,52.5,23.779999,1020.23,5.0,4.13 14:18:05 11/04/20
468,51.6,23.985,1020.16,5.0,4.14 14:23:22 11/04/20
467,52.0,24.18,1020.2,5.0,4.14 14:28:37 11/04/20
467,51.3,24.35,1020.18,5.0,4.14 14:33:52 11/04/20
466,51.1,24.39,1020.1,5.0,4.14 14:39:06 11/04/20
465,51.9,24.48,1020.02,5.0,4.14 14:44:24 11/04/20
465,50.7,24.595001,1019.88,5.0,4.14 14:49:39 11/04/20
462,49.6,24.705,1019.9,5.0,4.14 14:54:56 11/04/20
462,50.2,24.73,1019.88,5.0,4.14 15:00:11 11/04/20
460,49.0,24.805,1019.82,5.0,4.14 15:05:27 11/04/20
459,45.3,24.75,1019.75,5.0,4.13 15:10:42 11/04/20
459,49.0,24.73,1019.77,5.0,4.14 15:15:58 11/04/20
