390,57.0,22.735,1014.15,3.97,3.88 12:07:30 12/04/20
401,56.5,22.64,1014.09,4.02,3.91 12:12:45 12/04/20
414,57.7,22.22,1013.96,4.08,3.95 12:17:59 12/04/20
448,57.8,21.880001,1013.81,4.22,4.03 12:23:16 12/04/20
437,58.5,21.775,1013.72,4.23,4.06 12:28:31 12/04/20
440,58.9,21.869999,1013.62,4.26,4.08 12:33:46 12/04/20
463,59.5,21.965,1013.61,4.4,4.16 12:39:01 12/04/20
430,55.6,22.175,1013.54,4.35,4.15 12:44:17 12/04/20
393,58.0,22.42,1013.47,4.22,4.1 12:49:33 12/04/20
381,56.3,22.605,1013.38,4.21,4.09 12:54:47 12/04/20
371,54.5,22.505001,1013.31,4.2,4.09 13:00:06 12/04/20
416,55.6,22.220001,1013.22,4.35,4.17 13:05:25 12/04/20
463,52.6,22.285,1013.13,5.0,4.19 13:10:40 12/04/20
407,56.3,22.51,1012.95,4.33,4.19 13:15:57 12/04/20
464,56.8,22.82,1012.98,5.0,4.2 13:21:12 12/04/20
456,57.4,23.195,1012.93,5.0,4.21 13:26:27 12/04/20
461,55.7,23.560001,1012.79,5.0,4.21 13:31:42 12/04/20
461,56.2,23.865,1012.73,5.0,4.21 13:36:59 12/04/20
461,53.0,24.145,1012.67,5.0,4.21 13:42:15 12/04/20
449,53.6,24.18,1012.6,5.0,4.22 13:47:28 12/04/20
451,54.5,24.279999,1012.56,5.0,4.12 13:52:45 12/04/20
454,51.6,24.42,1012.46,5.0,4.21 13:58:01 12/04/20
384,48.7,24.54,1012.44,5.0,4.12 14:03:17 12/04/20
356,50.3,24.345001,1012.37,4.91,4.21 14:08:32 12/04/20
295,44.7,23.935,1012.31,5.0,4.12 14:13:48 12/04/20
271,49.9,23.465,1012.32,4.6,4.14 14:19:03 12/04/20
287,47.8,23.125,1012.33,5.0,4.15 14:24:19 12/04/20
334,51.2,22.9,1012.28,4.34,4.2 14:29:34 12/04/20
377,51.7,22.89,1012.29,5.0,4.12 14:34:50 12/04/20
466,49.6,22.955,1012.32,5.0,4.21 14:40:03 12/04/20
421,50.5,23.075,1012.29,5.0,4.21 14:45:20 12/04/20
373,51.9,23.11,1012.24,5.0,4.13 14:50:36 12/04/20
364,49.2,23.119999,1012.23,5.0,4.13 14:55:52 12/04/20
349,50.2,23.01,1012.22,5.0,4.11 15:01:06 12/04/20
350,45.4,22.835,1012.21,5.0,4.14 15:06:22 12/04/20
344,46.9,22.635,1012.15,5.0,4.12 15:11:37 12/04/20
352,48.8,22.529999,1012.15,5.0,4.14 15:16:52 12/04/20
336,46.4,22.439999,1012.05,5.0,4.11 15:22:13 12/04/20
325,49.5,22.435,1012.09,5.0,4.14 15:27:32 12/04/20
323,47.1,22.36,1012.07,5.0,4.12 15:32:46 12/04/20
318,45.7,22.265,1012.01,5.0,4.15 15:38:02 12/04/20
319,48.3,22.235,1012.08,5.0,4.12 15:43:18 12/04/20
334,48.4,22.165,1012.03,5.0,4.15 15:48:31 12/04/20
337,48.6,22.205,1011.95,5.0,4.13 15:53:48 12/04/20
346,49.3,22.154999,1011.84,5.0,4.15 15:59:03 12/04/20
350,48.3,22.17,1011.78,5.0,4.12 16:04:19 12/04/20
354,47.9,22.17,1011.75,5.0,4.16 16:09:35 12/04/20
357,48.8,22.225,1011.67,5.0,4.13 16:14:47 12/04/20
361,45.4,22.220001,1011.49,5.0,4.21 16:20:08 12/04/20
334,48.3,22.235,1011.47,5.0,4.13 16:25:28 12/04/20
324,46.7,22.165,1011.44,4.3,4.2 16:30:44 12/04/20
322,47.1,22.145,1011.37,5.0,4.12 16:36:04 12/04/20
347,47.7,22.154999,1011.3,4.29,4.2 16:41:23 12/04/20
347,48.5,22.255001,1011.21,5.0,4.11 16:46:37 12/04/20
382,48.1,22.345,1011.18,5.0,4.14 16:51:51 12/04/20
386,49.1,22.695,1011.2,5.0,4.13 16:57:08 12/04/20
393,48.9,23.085,1011.09,5.0,4.14 17:02:24 12/04/20
403,46.8,23.455,1011.14,5.0,4.12 17:07:39 12/04/20
356,47.5,23.6,1011.13,5.0,4.14 17:12:55 12/04/20
322,47.1,23.685001,1011.03,5.0,4.12 17:18:10 12/04/20
309,47.8,23.595001,1011.0,5.0,4.14 17:23:26 12/04/20
313,47.7,23.43,1011.04,5.0,4.13 17:28:40 12/04/20
309,45.4,23.25,1011.0,5.0,4.15 17:33:55 12/04/20
298,46.1,23.075,1011.04,5.0,4.13 17:39:12 12/04/20
302,45.8,22.95,1010.93,5.0,4.14 17:44:28 12/04/20
316,45.7,22.855,1010.82,5.0,4.12 17:49:43 12/04/20
326,48.5,22.835,1010.88,5.0,4.15 17:54:58 12/04/20
337,49.3,22.865,1010.83,5.0,4.13 18:00:15 12/04/20
364,49.3,22.95,1010.82,5.0,4.16 18:05:27 12/04/20
349,50.0,23.125,1010.85,5.0,4.13 18:10:45 12/04/20
343,49.7,23.245,1010.82,4.99,4.2 18:16:00 12/04/20
332,48.2,23.335,1010.79,5.0,4.13 18:21:16 12/04/20
337,49.1,23.265,1010.82,5.0,4.12 18:26:31 12/04/20
296,48.8,23.23,1010.84,5.0,4.14 18:31:46 12/04/20
313,48.4,23.125,1010.79,4.65,4.14 18:37:02 12/04/20
317,48.3,23.045,1010.8,5.0,4.14 18:42:17 12/04/20
311,48.3,22.96,1010.74,5.0,4.13 18:47:31 12/04/20
311,48.3,22.86,1010.72,5.0,4.14 18:52:49 12/04/20
312,48.4,22.78,1010.75,5.0,4.13 18:58:04 12/04/20
306,48.2,22.740002,1010.73,5.0,4.13 19:03:22 12/04/20
297,48.2,22.650002,1010.68,5.0,4.12 19:08:34 12/04/20
289,47.9,22.545,1010.65,5.0,4.13 19:13:50 12/04/20
280,47.9,22.445,1010.6,5.0,4.12 19:19:05 12/04/20
251,47.9,22.345,1010.54,5.0,4.16 19:24:20 12/04/20
251,47.6,22.18,1010.56,5.0,4.15 19:29:38 12/04/20
228,47.5,22.005001,1010.57,5.0,4.13 19:34:59 12/04/20
223,47.5,21.875,1010.55,5.0,4.12 19:40:14 12/04/20
202,47.3,21.665,1010.55,4.24,4.13 19:45:30 12/04/20
186,47.1,21.4,1010.55,4.18,4.13 19:50:43 12/04/20
172,47.3,21.185001,1010.52,4.26,4.12 19:56:00 12/04/20
163,47.5,20.965,1010.47,5.0,4.12 20:01:14 12/04/20
144,49.0,20.705,1010.46,4.73,4.11 20:06:29 12/04/20
132,48.4,20.439999,1010.54,4.46,4.11 20:11:44 12/04/20
116,48.0,20.215,1010.6,4.36,4.09 20:17:01 12/04/20
97,48.0,19.925,1010.62,4.16,4.09 20:22:13 12/04/20
81,48.1,19.695,1010.58,3.73,4.08 20:27:28 12/04/20
63,48.1,19.43,1010.66,3.21,4.07 20:32:46 12/04/20
46,48.2,19.21,1010.68,2.52,4.05 20:37:59 12/04/20
31,48.3,18.93,1010.78,1.78,4.07 20:43:14 12/04/20
19,48.7,18.775002,1010.74,1.08,4.07 20:48:29 12/04/20
12,49.1,18.51,1010.78,0.54,4.06 20:53:45 12/04/20
6,49.4,18.38,1010.82,0.24,4.06 20:58:56 12/04/20
3,49.6,18.14,1010.86,0.09,4.06 21:04:13 12/04/20
1,50.3,18.02,1010.82,0.03,4.06 21:09:28 12/04/20
0,49.8,17.845001,1010.88,0.0,4.05 21:14:43 12/04/20
0,50.0,17.7,1010.9,0.0,4.05 21:19:57 12/04/20
0,50.9,17.535,1010.96,0.0,4.05 21:25:11 12/04/20
0,53.3,17.425,1011.02,0.0,4.04 21:30:30 12/04/20
0,51.4,17.34,1011.06,0.0,4.04 21:35:49 12/04/20
0,52.1,17.244999,1011.13,0.0,4.04 21:41:07 12/04/20
0,51.9,17.130001,1011.14,0.0,4.04 21:46:26 12/04/20
0,52.1,17.02,1011.17,0.0,4.03 21:51:41 12/04/20
0,52.8,16.855,1011.19,0.0,4.03 21:56:56 12/04/20
0,54.6,16.744999,1011.2,0.0,4.03 22:02:09 12/04/20
0,53.9,16.619999,1011.15,0.0,4.03 22:07:28 12/04/20
0,53.8,16.455,1011.15,0.0,4.03 22:12:45 12/04/20
0,53.7,16.33,1011.21,0.0,4.03 22:18:02 12/04/20
0,54.3,16.15,1011.22,0.0,4.02 22:23:15 12/04/20
0,55.8,15.98,1011.3,0.0,4.02 22:28:30 12/04/20
0,55.7,15.870001,1011.2,0.0,4.02 22:33:44 12/04/20
0,55.1,15.83,1011.14,0.0,3.99 22:38:58 12/04/20
0,54.1,15.7300005,1011.16,0.0,4.02 22:44:13 12/04/20
0,55.2,15.615,1011.09,0.0,4.02 22:49:27 12/04/20
0,56.6,15.450001,1011.15,0.0,4.01 22:54:41 12/04/20
0,55.5,15.33,1011.18,0.0,4.02 22:59:55 12/04/20
0,56.1,15.16,1011.25,0.0,4.01 23:05:09 12/04/20
0,55.4,15.049999,1011.27,0.0,4.01 23:10:23 12/04/20
0,56.3,14.945,1011.32,0.0,4.01 23:15:41 12/04/20
0,57.0,14.84,1011.31,0.0,4.01 23:21:00 12/04/20
0,56.0,14.74,1011.63,0.0,4.01 23:26:14 12/04/20
0,57.9,14.745001,1011.68,0.0,4.01 23:31:28 12/04/20
0,57.8,14.74,1011.54,0.0,4.0 23:36:43 12/04/20
0,56.9,14.72,1011.7,0.0,4.0 23:41:55 12/04/20
0,63.0,14.575,1011.56,0.0,4.0 23:47:11 12/04/20
0,57.9,14.54,1011.73,0.0,4.0 23:52:25 12/04/20
0,59.2,14.450001,1011.61,0.0,4.0 23:57:39 12/04/20
