0,58.3,14.355,1011.58,0.0,4.0 00:02:53 13/04/20
0,58.2,14.26,1011.47,0.0,4.0 00:08:07 13/04/20
0,59.6,14.215,1011.41,0.0,4.0 00:13:21 13/04/20
0,60.2,14.139999,1011.45,0.0,4.0 00:18:35 13/04/20
0,62.6,14.07,1011.5,0.0,4.0 00:23:49 13/04/20
0,60.0,13.99,1011.59,0.0,4.0 00:29:03 13/04/20
0,60.7,13.934999,1011.59,0.0,3.99 00:34:17 13/04/20
0,61.0,13.825,1011.62,0.0,3.99 00:39:31 13/04/20
0,60.3,13.67,1011.62,0.0,3.99 00:44:45 13/04/20
0,60.9,13.625,1011.6,0.0,3.99 00:49:57 13/04/20
0,61.9,13.475,1011.61,0.0,3.99 00:55:13 13/04/20
0,60.5,13.375,1011.65,0.0,3.99 01:00:30 13/04/20
0,61.4,13.325,1011.61,0.0,3.99 01:05:48 13/04/20
0,63.6,13.175,1011.49,0.0,3.99 01:11:08 13/04/20
0,62.8,13.15,1011.46,0.0,3.99 01:16:25 13/04/20
0,62.4,13.12,1011.43,0.0,3.99 01:21:39 13/04/20
0,62.2,13.055,1011.46,0.0,3.98 01:26:54 13/04/20
0,62.8,13.045,1011.49,0.0,3.98 01:32:07 13/04/20
0,66.6,13.04,1011.51,0.0,3.98 01:37:19 13/04/20
0,65.8,13.045,1011.54,0.0,3.98 01:42:38 13/04/20
0,63.2,13.065,1011.6,0.0,3.98 01:47:55 13/04/20
0,64.0,13.12,1011.62,0.0,3.98 01:53:15 13/04/20
0,64.3,13.15,1011.82,0.0,3.98 01:58:33 13/04/20
0,65.2,13.165,1011.8,0.0,3.98 02:03:46 13/04/20
0,67.0,13.190001,1012.13,0.0,3.98 02:08:59 13/04/20
0,70.9,13.255,1011.87,0.0,3.98 02:14:15 13/04/20
0,70.2,13.27,1011.96,0.0,3.98 02:19:33 13/04/20
0,66.1,13.32,1011.82,0.0,3.98 02:24:52 13/04/20
0,69.2,13.26,1011.91,0.0,3.97 02:30:05 13/04/20
0,65.7,13.309999,1011.83,0.0,3.97 02:35:17 13/04/20
0,68.4,13.32,1011.84,0.0,3.97 02:40:37 13/04/20
0,68.9,13.35,1011.94,0.0,3.97 02:45:56 13/04/20
0,66.8,13.415,1011.99,0.0,3.97 02:51:09 13/04/20
0,65.6,13.450001,1012.02,0.0,3.95 02:56:21 13/04/20
0,65.2,13.53,1012.11,0.0,3.97 03:01:37 13/04/20
0,67.0,13.559999,1012.09,0.0,3.97 03:06:57 13/04/20
0,64.9,13.625,1012.06,0.0,3.97 03:12:12 13/04/20
0,67.1,13.655001,1012.16,0.0,3.97 03:17:26 13/04/20
0,65.9,13.715,1012.26,0.0,3.97 03:22:41 13/04/20
3,68.5,13.735001,1012.34,0.0,3.97 03:27:55 13/04/20
3,71.8,13.755,1012.16,0.0,3.97 03:33:09 13/04/20
5,73.7,13.77,1012.06,0.0,3.97 03:38:21 13/04/20
7,75.0,13.775,1012.45,0.0,3.97 03:43:37 13/04/20
13,72.5,13.844999,1012.63,0.0,3.96 03:48:55 13/04/20
15,76.7,13.84,1012.6,0.0,3.96 03:54:14 13/04/20
14,72.7,13.835,1012.62,0.0,3.96 03:59:26 13/04/20
15,71.5,13.755,1012.77,0.0,3.96 04:04:39 13/04/20
16,73.3,13.74,1012.9,0.0,3.96 04:09:53 13/04/20
18,74.9,13.67,1013.02,0.0,3.96 04:15:09 13/04/20
19,73.4,13.65,1013.21,0.0,3.96 04:20:23 13/04/20
20,75.4,13.575,1013.26,0.0,3.96 04:25:37 13/04/20
23,75.9,13.545,1013.43,0.0,3.96 04:30:54 13/04/20
22,77.7,13.47,1013.63,0.0,3.96 04:36:14 13/04/20
19,78.6,13.38,1013.81,0.0,3.96 04:41:25 13/04/20
24,76.6,13.280001,1013.81,0.0,3.96 04:46:41 13/04/20
23,77.8,13.195,1013.75,0.0,3.96 04:51:59 13/04/20
20,79.3,13.17,1013.52,0.0,3.96 04:57:18 13/04/20
21,84.0,13.07,1013.28,0.0,3.96 05:02:31 13/04/20
23,81.2,12.98,1013.54,0.0,3.92 05:07:53 13/04/20
16,79.2,12.88,1013.73,0.0,3.96 05:13:06 13/04/20
19,82.3,12.76,1013.78,0.0,3.96 05:18:21 13/04/20
20,82.2,12.6,1013.89,0.0,3.96 05:23:35 13/04/20
20,83.0,12.49,1014.35,0.0,3.96 05:28:48 13/04/20
21,85.0,12.395,1014.24,0.0,3.96 05:34:02 13/04/20
22,84.5,12.31,1014.01,0.0,3.95 05:39:16 13/04/20
23,85.6,12.219999,1014.17,0.0,3.95 05:44:30 13/04/20
23,86.7,12.12,1014.22,0.0,3.95 05:49:43 13/04/20
23,86.0,12.08,1014.24,0.0,3.96 05:54:58 13/04/20
23,86.0,11.985001,1014.13,0.0,3.95 06:00:11 13/04/20
21,86.3,11.889999,1014.03,0.0,3.95 06:05:24 13/04/20
24,86.7,11.8,1014.08,0.01,3.95 06:10:38 13/04/20
25,87.6,11.705,1014.51,0.03,3.95 06:15:52 13/04/20
26,91.0,11.594999,1014.85,0.07,3.95 06:21:06 13/04/20
28,88.4,11.51,1015.1,0.19,3.95 06:26:19 13/04/20
31,88.7,11.465,1015.24,0.52,3.95 06:31:33 13/04/20
32,88.3,11.365,1014.97,0.9,3.94 06:36:46 13/04/20
40,88.4,11.280001,1015.0,1.43,3.94 06:42:01 13/04/20
53,90.3,11.17,1015.12,2.32,3.94 06:47:14 13/04/20
76,89.0,10.93,1015.19,3.33,3.94 06:52:31 13/04/20
93,88.7,10.73,1015.23,4.03,3.94 06:57:49 13/04/20
114,87.9,10.58,1015.48,4.02,3.94 07:03:03 13/04/20
129,88.9,10.31,1015.95,4.44,3.91 07:08:15 13/04/20
150,89.8,10.12,1016.07,4.32,3.94 07:13:30 13/04/20
158,87.8,10.005,1016.08,4.26,3.94 07:18:44 13/04/20
163,90.0,9.889999,1016.32,4.01,3.94 07:23:57 13/04/20
163,88.6,9.860001,1016.48,4.86,3.94 07:29:11 13/04/20
162,90.4,9.775,1016.7,5.0,3.94 07:34:23 13/04/20
184,89.8,9.715,1016.97,4.03,3.94 07:39:37 13/04/20
193,89.7,9.7,1017.11,5.0,3.94 07:44:51 13/04/20
203,89.3,9.75,1017.3,4.51,3.95 07:50:04 13/04/20
199,89.8,9.71,1017.46,4.54,3.95 07:55:17 13/04/20
183,90.0,9.775,1017.63,4.41,3.94 08:00:34 13/04/20
163,89.8,9.79,1017.76,4.11,3.94 08:05:53 13/04/20
158,90.5,9.795,1017.91,5.0,3.93 08:11:06 13/04/20
183,90.6,9.795,1018.06,5.0,3.94 08:16:19 13/04/20
189,89.0,9.805,1018.06,4.38,3.94 08:21:32 13/04/20
190,90.0,9.865,1018.13,4.88,3.94 08:26:44 13/04/20
187,89.1,9.87,1018.17,4.14,3.94 08:32:00 13/04/20
177,90.3,9.875,1018.32,5.0,3.94 08:37:12 13/04/20
198,88.3,9.889999,1018.51,4.01,3.93 08:42:26 13/04/20
207,88.7,9.950001,1018.63,4.89,3.94 08:47:39 13/04/20
217,89.2,9.96,1018.69,4.0,3.95 08:52:53 13/04/20
218,90.2,9.985001,1018.67,4.48,3.95 08:58:07 13/04/20
238,89.2,9.995,1018.57,4.0,3.95 09:03:20 13/04/20
232,90.5,10.059999,1018.74,4.62,3.96 09:08:33 13/04/20
226,90.9,10.014999,1018.81,4.01,3.95 09:13:46 13/04/20
241,90.1,10.014999,1018.76,4.04,3.96 09:18:58 13/04/20
259,90.6,10.0,1018.86,4.91,3.96 09:24:13 13/04/20
266,90.3,9.99,1018.89,5.0,3.97 09:29:27 13/04/20
246,90.4,9.985001,1018.99,4.62,3.97 09:34:41 13/04/20
233,90.1,9.985001,1019.03,5.0,3.97 09:39:53 13/04/20
209,90.8,9.965,1019.17,5.0,3.96 09:45:07 13/04/20
212,90.5,9.895,1019.19,4.88,3.96 09:50:20 13/04/20
216,90.7,9.87,1019.24,5.0,3.96 09:55:32 13/04/20
242,90.1,9.785,1019.33,5.0,3.97 10:00:48 13/04/20
253,90.2,9.765,1019.36,4.91,3.97 10:06:04 13/04/20
242,90.0,9.76,1019.5,4.98,3.97 10:11:22 13/04/20
279,89.3,9.76,1019.59,5.0,3.98 10:16:36 13/04/20
287,90.0,9.775,1019.61,4.12,3.99 10:21:50 13/04/20
299,91.0,9.795,1019.66,5.0,4.0 10:27:03 13/04/20
299,90.5,9.81,1019.74,4.9,4.0 10:32:16 13/04/20
289,90.4,9.81,1019.89,4.07,4.0 10:37:29 13/04/20
302,90.0,9.815001,1019.8,5.0,4.01 10:42:43 13/04/20
287,90.5,9.815001,1019.78,4.26,4.01 10:47:57 13/04/20
298,90.4,9.81,1019.77,4.16,4.01 10:53:09 13/04/20
302,90.4,9.805,1019.86,4.07,3.97 10:58:21 13/04/20
293,89.5,9.795,1020.0,4.13,4.01 11:03:36 13/04/20
343,90.0,9.785,1020.19,4.09,4.04 11:08:53 13/04/20
371,89.5,9.785,1020.3,4.19,4.07 11:14:11 13/04/20
399,90.0,9.805,1020.36,4.21,4.12 11:19:25 13/04/20
395,90.2,9.98,1020.49,4.27,4.15 11:24:36 13/04/20
342,89.7,10.085,1020.56,5.0,4.14 11:29:52 13/04/20
307,88.9,10.175,1020.84,4.61,4.13 11:35:06 13/04/20
325,88.4,10.115,1020.97,4.32,4.15 11:40:19 13/04/20
364,87.8,10.02,1020.94,4.29,4.18 11:45:37 13/04/20
410,88.0,10.014999,1020.98,4.33,4.17 11:51:01 13/04/20
415,87.7,10.11,1021.04,5.0,4.1 11:56:16 13/04/20
415,88.3,10.275,1021.11,5.0,4.13 12:01:29 13/04/20
388,87.6,10.325001,1021.18,5.0,4.12 12:06:41 13/04/20
387,86.5,10.405,1021.22,5.0,4.12 12:11:56 13/04/20
398,85.9,10.424999,1021.19,5.0,4.13 12:17:10 13/04/20
413,85.7,10.505,1021.28,5.0,4.13 12:22:23 13/04/20
409,86.3,10.605,1021.35,5.0,4.13 12:27:37 13/04/20
394,85.5,10.715,1021.3,5.0,4.14 12:32:50 13/04/20
422,85.8,10.87,1021.4,5.0,4.14 12:38:04 13/04/20
465,83.5,10.97,1021.47,5.0,4.22 12:43:15 13/04/20
467,84.2,11.09,1021.51,5.0,4.22 12:48:29 13/04/20
433,83.4,11.275,1021.51,5.0,4.22 12:53:44 13/04/20
462,83.3,11.395,1021.52,5.0,4.21 12:59:01 13/04/20
404,83.5,11.58,1021.53,5.0,4.11 13:04:15 13/04/20
456,83.2,11.76,1021.61,5.0,4.12 13:09:34 13/04/20
468,82.1,11.950001,1021.46,5.0,4.12 13:14:46 13/04/20
468,81.7,12.16,1021.59,5.0,4.12 13:20:02 13/04/20
484,81.3,12.4,1021.52,5.0,4.22 13:25:15 13/04/20
464,79.2,12.615,1021.48,5.0,4.11 13:30:29 13/04/20
504,81.7,12.9,1021.35,5.0,4.12 13:35:41 13/04/20
494,81.1,13.37,1021.41,5.0,4.13 13:40:56 13/04/20
473,80.2,13.764999,1021.58,5.0,4.13 13:46:10 13/04/20
492,78.7,14.059999,1021.5,5.0,4.13 13:51:23 13/04/20
491,78.7,14.275,1021.49,5.0,4.13 13:56:39 13/04/20
497,75.4,14.309999,1021.53,5.0,4.11 14:01:53 13/04/20
457,72.8,14.389999,1021.47,5.0,4.13 14:07:06 13/04/20
488,73.4,14.415,1021.51,5.0,4.14 14:12:18 13/04/20
487,73.4,14.55,1021.46,5.0,4.11 14:17:34 13/04/20
492,73.8,14.685,1021.48,5.0,4.15 14:22:48 13/04/20
492,69.5,14.725,1021.47,5.0,4.11 14:28:02 13/04/20
483,71.4,14.799999,1021.4,5.0,4.21 14:33:16 13/04/20
488,68.4,14.9,1021.53,5.0,4.11 14:38:34 13/04/20
491,68.8,14.98,1021.4,5.0,4.21 14:43:53 13/04/20
489,69.8,15.165,1021.44,5.0,4.12 14:49:07 13/04/20
490,69.0,15.26,1021.47,5.0,4.13 14:54:22 13/04/20
490,69.4,15.42,1021.51,5.0,4.11 14:59:36 13/04/20
489,66.6,15.545,1021.55,5.0,4.13 15:04:50 13/04/20
487,63.1,15.54,1021.59,5.0,4.11 15:10:05 13/04/20
487,63.2,15.56,1021.64,5.0,4.12 15:15:20 13/04/20
484,63.0,15.505,1021.47,5.0,4.11 15:20:33 13/04/20
481,63.8,15.49,1021.52,5.0,4.13 15:25:47 13/04/20
473,64.0,15.555,1021.59,5.0,4.11 15:31:01 13/04/20
472,65.9,15.635,1021.44,5.0,4.13 15:36:16 13/04/20
480,64.1,15.5,1021.42,5.0,4.11 15:41:29 13/04/20
483,62.5,15.495,1021.39,5.0,4.13 15:46:47 13/04/20
477,61.8,15.57,1021.27,5.0,4.11 15:52:06 13/04/20
467,59.4,15.47,1021.31,5.0,4.14 15:57:20 13/04/20
479,61.5,15.49,1021.24,5.0,4.12 16:02:35 13/04/20
478,59.2,15.555,1021.28,5.0,4.14 16:07:53 13/04/20
473,60.2,15.565,1021.2,5.0,4.11 16:13:15 13/04/20
472,63.3,15.635,1021.21,5.0,4.22 16:18:34 13/04/20
443,60.4,15.665,1021.24,5.0,4.12 16:23:52 13/04/20
348,60.8,15.575,1021.15,4.61,4.19 16:29:11 13/04/20
372,60.3,15.49,1021.06,5.0,4.12 16:34:24 13/04/20
444,57.9,15.42,1021.11,4.27,4.17 16:39:40 13/04/20
430,59.2,15.4,1021.06,5.0,4.13 16:44:52 13/04/20
371,59.0,15.38,1021.08,5.0,4.13 16:50:09 13/04/20
408,57.8,15.295,1021.04,5.0,4.12 16:55:22 13/04/20
421,57.7,15.200001,1020.95,5.0,4.13 17:00:36 13/04/20
396,57.7,15.12,1021.05,5.0,4.11 17:05:51 13/04/20
392,57.4,15.035,1021.06,5.0,4.13 17:11:03 13/04/20
387,55.9,14.934999,1020.96,5.0,4.14 17:16:17 13/04/20
365,56.3,14.9,1020.97,5.0,4.12 17:21:33 13/04/20
424,55.4,14.82,1020.92,5.0,4.13 17:26:48 13/04/20
409,54.7,14.735001,1021.05,5.0,4.12 17:32:01 13/04/20
382,54.6,14.610001,1020.98,5.0,4.14 17:37:13 13/04/20
358,55.8,14.465,1021.07,5.0,4.12 17:42:29 13/04/20
415,55.6,14.41,1021.09,5.0,4.14 17:47:43 13/04/20
383,56.2,14.395,1021.08,5.0,4.12 17:52:57 13/04/20
390,54.9,14.305,1021.12,5.0,4.22 17:58:10 13/04/20
398,55.2,14.139999,1021.02,5.0,4.12 18:03:25 13/04/20
335,55.2,14.025,1021.07,4.28,4.18 18:08:39 13/04/20
320,54.2,13.855,1021.15,5.0,4.12 18:13:52 13/04/20
390,54.6,13.735001,1021.19,5.0,4.1 18:19:07 13/04/20
386,54.5,13.62,1021.17,5.0,4.13 18:24:21 13/04/20
380,53.8,13.395,1021.2,5.0,4.11 18:29:39 13/04/20
376,53.7,13.34,1021.3,5.0,4.13 18:34:58 13/04/20
369,53.3,13.24,1021.25,5.0,4.12 18:40:16 13/04/20
363,54.0,13.075,1021.39,5.0,4.12 18:45:33 13/04/20
357,54.3,12.955,1021.33,5.0,4.12 18:50:48 13/04/20
351,54.6,12.79,1021.37,5.0,4.11 18:56:02 13/04/20
343,54.1,12.66,1021.31,5.0,4.12 19:01:19 13/04/20
322,55.0,12.605,1021.35,5.0,4.12 19:06:38 13/04/20
326,54.7,12.440001,1021.4,5.0,4.12 19:11:52 13/04/20
318,54.6,12.335,1021.3,5.0,4.13 19:17:04 13/04/20
293,54.4,12.17,1021.24,5.0,4.14 19:22:19 13/04/20
268,54.5,12.025,1021.3,5.0,4.12 19:27:33 13/04/20
269,54.4,11.855,1021.38,4.34,4.14 19:32:50 13/04/20
252,55.3,11.745001,1021.46,4.56,4.15 19:38:09 13/04/20
246,55.1,11.625,1021.51,5.0,4.16 19:43:22 13/04/20
206,56.0,11.365,1021.57,4.32,4.16 19:48:36 13/04/20
199,55.8,11.16,1021.6,5.0,4.15 19:53:50 13/04/20
177,55.9,10.97,1021.64,4.9,4.15 19:59:03 13/04/20
165,55.5,10.765,1021.61,4.42,4.14 20:04:17 13/04/20
152,55.3,10.559999,1021.71,4.78,4.13 20:09:30 13/04/20
133,55.2,10.375,1021.76,5.0,4.12 20:14:43 13/04/20
126,55.4,10.17,1021.75,4.25,4.1 20:19:57 13/04/20
107,55.9,9.975,1021.83,4.31,4.1 20:25:11 13/04/20
90,56.3,9.915,1022.0,4.15,4.09 20:30:24 13/04/20
73,56.2,9.74,1022.08,3.67,4.09 20:35:38 13/04/20
56,57.1,9.62,1022.16,3.15,4.08 20:40:51 13/04/20
37,57.1,9.514999,1022.18,2.51,4.07 20:46:08 13/04/20
25,57.4,9.365,1022.37,1.82,4.07 20:51:26 13/04/20
15,57.8,9.245001,1022.5,1.12,4.06 20:56:40 13/04/20
8,57.7,9.139999,1022.58,0.51,4.06 21:01:53 13/04/20
5,58.1,8.965,1022.76,0.21,4.06 21:07:05 13/04/20
2,57.8,8.940001,1022.83,0.08,4.05 21:12:20 13/04/20
1,58.7,8.82,1022.92,0.03,4.05 21:17:34 13/04/20
0,58.9,8.72,1023.0,0.01,4.04 21:22:46 13/04/20
0,58.4,8.625,1023.03,0.0,4.04 21:27:59 13/04/20
0,59.1,8.53,1023.22,0.0,4.04 21:33:13 13/04/20
0,59.3,8.425,1023.34,0.0,4.04 21:38:27 13/04/20
0,59.3,8.26,1023.28,0.0,4.03 21:43:39 13/04/20
0,59.3,8.215,1023.44,0.0,4.03 21:48:56 13/04/20
0,58.8,8.12,1023.36,0.0,4.03 21:54:14 13/04/20
0,58.9,8.02,1023.51,0.0,4.02 21:59:27 13/04/20
0,58.7,7.865,1023.52,0.0,4.02 22:04:45 13/04/20
0,59.2,7.825,1023.61,0.0,4.02 22:10:02 13/04/20
0,60.1,7.715,1023.68,0.0,4.02 22:15:15 13/04/20
0,61.3,7.63,1023.68,0.0,4.01 22:20:29 13/04/20
0,59.9,7.5550003,1023.72,0.0,3.97 22:25:44 13/04/20
0,60.6,7.5200005,1023.73,0.0,4.01 22:30:55 13/04/20
0,60.0,7.4300003,1023.7,0.0,4.01 22:36:08 13/04/20
0,60.1,7.34,1023.89,0.0,4.01 22:41:22 13/04/20
0,60.5,7.24,1023.82,0.0,4.01 22:46:35 13/04/20
0,59.9,7.15,1023.86,0.0,4.01 22:51:47 13/04/20
0,61.0,7.065,1023.93,0.0,4.01 22:57:00 13/04/20
0,60.8,7.02,1023.99,0.0,4.0 23:02:13 13/04/20
0,60.9,6.915,1024.0,0.0,4.0 23:07:25 13/04/20
0,60.5,6.845,1024.14,0.0,4.0 23:12:39 13/04/20
0,60.0,6.745,1024.24,0.0,4.0 23:17:52 13/04/20
0,61.0,6.65,1024.31,0.0,4.0 23:23:05 13/04/20
0,61.2,6.615,1024.19,0.0,4.0 23:28:18 13/04/20
0,61.0,6.535,1024.32,0.0,4.0 23:33:31 13/04/20
0,60.7,6.445,1024.38,0.0,4.0 23:38:44 13/04/20
0,60.4,6.345,1024.37,0.0,3.99 23:43:57 13/04/20
0,61.1,6.245,1024.33,0.0,3.99 23:49:10 13/04/20
0,61.3,6.16,1024.31,0.0,3.99 23:54:23 13/04/20
0,60.9,6.135,1024.48,0.0,3.99 23:59:36 13/04/20
