0,61.5,6.05,1024.58,0.0,3.98 00:04:49 14/04/20
0,62.3,6.025,1024.63,0.0,3.99 00:10:02 14/04/20
0,61.4,5.95,1024.6,0.0,3.98 00:15:16 14/04/20
0,62.0,5.9300003,1024.69,0.0,3.99 00:20:27 14/04/20
0,62.4,5.915,1024.55,0.0,3.98 00:25:41 14/04/20
0,62.2,5.9350004,1024.67,0.0,3.98 00:30:54 14/04/20
0,62.4,6.005,1024.6,0.0,3.98 00:36:07 14/04/20
0,62.3,5.96,1024.71,0.0,3.98 00:41:20 14/04/20
0,61.7,6.02,1024.61,0.0,3.98 00:46:37 14/04/20
0,62.2,6.025,1024.73,0.0,3.98 00:51:52 14/04/20
0,63.8,5.96,1024.79,0.0,3.98 00:57:07 14/04/20
0,62.9,5.955,1024.68,0.0,3.98 01:02:21 14/04/20
0,63.9,5.96,1024.71,0.0,3.98 01:07:34 14/04/20
0,63.3,6.0150003,1024.72,0.0,3.97 01:12:44 14/04/20
0,63.3,6.04,1024.68,0.0,3.98 01:17:57 14/04/20
0,63.2,6.115,1024.88,0.0,3.97 01:23:10 14/04/20
0,64.8,6.145,1024.8,0.0,3.97 01:28:23 14/04/20
0,64.6,6.2200003,1024.82,0.0,3.97 01:33:36 14/04/20
0,63.3,6.245,1024.81,0.0,3.97 01:38:51 14/04/20
0,63.6,6.26,1024.87,0.0,3.97 01:44:04 14/04/20
0,63.3,6.34,1024.89,0.0,3.97 01:49:15 14/04/20
0,65.4,6.355,1024.82,0.0,3.97 01:54:31 14/04/20
0,66.5,6.4300003,1024.88,0.0,3.93 01:59:46 14/04/20
0,64.6,6.51,1024.83,0.0,3.97 02:05:09 14/04/20
0,63.6,6.525,1024.82,0.0,3.97 02:10:27 14/04/20
0,64.6,6.54,1024.81,0.0,3.96 02:15:38 14/04/20
0,63.4,6.5550003,1024.75,0.0,3.96 02:20:51 14/04/20
0,65.0,6.5550003,1024.75,0.0,3.96 02:26:08 14/04/20
0,65.2,6.62,1024.75,0.0,3.96 02:31:27 14/04/20
0,64.4,6.625,1024.78,0.0,3.96 02:36:40 14/04/20
0,64.6,6.635,1024.7,0.0,3.96 02:41:53 14/04/20
0,67.2,6.65,1024.78,0.0,3.96 02:47:06 14/04/20
0,64.4,6.705,1024.59,0.0,3.96 02:52:19 14/04/20
0,64.7,6.705,1024.6,0.0,3.96 02:57:30 14/04/20
0,65.9,6.665,1024.66,0.0,3.96 03:02:47 14/04/20
0,65.6,6.675,1024.55,0.0,3.96 03:07:58 14/04/20
0,65.8,6.725,1024.73,0.0,3.96 03:13:10 14/04/20
0,66.8,6.67,1024.68,0.0,3.96 03:18:23 14/04/20
0,66.1,6.725,1024.67,0.0,3.96 03:23:34 14/04/20
0,65.7,6.725,1024.82,0.0,3.96 03:28:49 14/04/20
0,65.2,6.7349997,1024.76,0.0,3.96 03:34:02 14/04/20
0,65.5,6.74,1024.78,0.0,3.96 03:39:15 14/04/20
0,66.6,6.745,1024.83,0.0,3.96 03:44:26 14/04/20
0,65.2,6.74,1024.85,0.0,3.95 03:49:41 14/04/20
0,65.3,6.745,1024.88,0.0,3.91 03:54:53 14/04/20
0,65.3,6.795,1024.78,0.0,3.96 04:00:07 14/04/20
0,66.3,6.8,1024.76,0.0,3.96 04:05:20 14/04/20
0,66.4,6.755,1024.76,0.0,3.96 04:10:33 14/04/20
0,66.6,6.81,1024.64,0.0,3.95 04:15:45 14/04/20
0,68.8,6.81,1024.58,0.0,3.95 04:20:59 14/04/20
0,68.8,6.755,1024.63,0.0,3.95 04:26:12 14/04/20
0,66.8,6.75,1024.63,0.0,3.95 04:31:25 14/04/20
0,68.8,6.745,1024.62,0.0,3.95 04:36:38 14/04/20
0,67.7,6.74,1024.7,0.0,3.95 04:41:50 14/04/20
0,67.3,6.7349997,1024.67,0.0,3.95 04:47:08 14/04/20
0,67.2,6.725,1024.58,0.0,3.95 04:52:25 14/04/20
0,67.0,6.715,1024.68,0.0,3.95 04:57:40 14/04/20
0,67.0,6.65,1024.68,0.0,3.95 05:02:53 14/04/20
0,67.2,6.6400003,1024.67,0.0,3.94 05:08:06 14/04/20
0,69.4,6.625,1024.66,0.0,3.94 05:13:19 14/04/20
0,68.5,6.615,1024.66,0.0,3.95 05:18:32 14/04/20
0,68.4,6.615,1024.64,0.0,3.94 05:23:45 14/04/20
0,68.7,6.5550003,1024.5,0.0,3.94 05:28:58 14/04/20
0,67.7,6.55,1024.53,0.0,3.94 05:34:11 14/04/20
0,67.7,6.535,1024.48,0.0,3.94 05:39:24 14/04/20
0,68.4,6.5299997,1024.53,0.0,3.94 05:44:37 14/04/20
0,67.7,6.525,1024.63,0.0,3.94 05:49:50 14/04/20
0,67.6,6.525,1024.69,0.0,3.9 05:55:04 14/04/20
0,68.7,6.52,1024.86,0.01,3.94 06:00:16 14/04/20
1,68.1,6.455,1024.8,0.03,3.94 06:05:29 14/04/20
2,68.1,6.445,1024.8,0.09,3.94 06:10:42 14/04/20
4,68.4,6.445,1024.86,0.23,3.94 06:15:55 14/04/20
8,69.2,6.44,1024.81,0.6,3.93 06:21:08 14/04/20
13,68.9,6.44,1024.85,1.08,3.93 06:26:21 14/04/20
22,69.3,6.4350004,1024.82,1.72,3.93 06:31:34 14/04/20
33,68.7,6.4350004,1024.81,2.33,3.94 06:36:47 14/04/20
47,69.5,6.4300003,1024.85,2.91,3.94 06:41:58 14/04/20
59,69.2,6.425,1024.84,3.39,3.93 06:47:10 14/04/20
70,69.3,6.37,1024.84,3.75,3.93 06:52:25 14/04/20
81,69.1,6.37,1024.95,4.06,3.93 06:57:38 14/04/20
95,68.7,6.37,1025.01,4.16,3.93 07:02:51 14/04/20
115,69.4,6.42,1024.95,4.63,3.93 07:08:04 14/04/20
127,69.5,6.42,1024.94,4.79,3.93 07:13:17 14/04/20
135,69.4,6.4300003,1025.01,4.01,3.93 07:18:28 14/04/20
155,69.0,6.4350004,1024.97,4.17,3.93 07:23:45 14/04/20
163,69.7,6.45,1025.13,4.02,3.93 07:28:56 14/04/20
173,70.2,6.51,1025.19,3.99,3.93 07:34:09 14/04/20
187,70.2,6.525,1025.16,5.0,3.93 07:39:20 14/04/20
195,71.0,6.54,1025.14,4.57,3.9 07:44:35 14/04/20
209,71.4,6.5699997,1025.18,5.0,3.95 07:49:48 14/04/20
206,70.5,6.6949997,1025.22,5.0,3.95 07:55:01 14/04/20
216,70.4,6.675,1025.29,4.25,3.95 08:00:14 14/04/20
239,70.5,6.755,1025.34,4.21,3.96 08:05:25 14/04/20
237,71.3,6.83,1025.43,5.0,3.96 08:10:38 14/04/20
251,71.4,6.915,1025.4,5.0,3.91 08:15:53 14/04/20
260,71.9,7.01,1025.38,4.26,3.97 08:21:04 14/04/20
276,72.1,7.065,1025.48,5.0,3.99 08:26:19 14/04/20
279,72.0,7.165,1025.46,5.0,4.0 08:31:32 14/04/20
273,73.7,7.26,1025.54,5.0,4.0 08:36:44 14/04/20
278,72.5,7.34,1025.55,5.0,4.0 08:41:58 14/04/20
290,73.1,7.435,1025.6,4.07,4.0 08:47:11 14/04/20
293,72.2,7.5150003,1025.57,4.14,4.01 08:52:24 14/04/20
295,72.2,7.61,1025.59,4.13,4.02 08:57:37 14/04/20
308,73.2,7.7200003,1025.68,4.15,4.03 09:02:52 14/04/20
316,74.8,7.7650003,1025.67,4.1,4.04 09:08:04 14/04/20
320,73.8,7.915,1025.6,4.1,4.05 09:13:17 14/04/20
331,74.6,7.94,1025.64,4.16,4.07 09:18:31 14/04/20
335,73.9,8.045,1025.72,5.0,4.08 09:23:41 14/04/20
335,75.0,8.139999,1025.75,5.0,4.09 09:28:56 14/04/20
336,73.5,8.235,1025.7,4.28,4.09 09:34:10 14/04/20
332,74.0,8.34,1025.83,4.25,4.13 09:39:23 14/04/20
355,76.0,8.434999,1025.88,5.0,4.16 09:44:36 14/04/20
335,74.4,8.535,1025.82,4.42,4.18 09:49:49 14/04/20
341,75.0,8.639999,1025.87,4.22,4.14 09:55:02 14/04/20
360,74.1,8.725,1025.83,4.25,4.16 10:00:16 14/04/20
417,73.9,8.82,1025.86,5.0,4.21 10:05:28 14/04/20
370,74.8,9.01,1025.95,4.28,4.17 10:10:42 14/04/20
358,73.5,9.065,1026.06,4.29,4.16 10:15:55 14/04/20
353,73.1,9.145,1026.09,4.26,4.16 10:21:09 14/04/20
336,73.6,9.245001,1026.21,5.0,4.12 10:26:22 14/04/20
355,71.8,9.315001,1026.18,5.0,4.12 10:31:36 14/04/20
357,73.4,9.395,1026.16,5.0,4.12 10:36:49 14/04/20
363,72.2,9.469999,1026.13,5.0,4.12 10:42:02 14/04/20
357,72.9,9.5,1026.05,5.0,4.13 10:47:16 14/04/20
337,71.7,9.54,1026.09,5.0,4.13 10:52:29 14/04/20
361,72.3,9.605,1026.14,5.0,4.13 10:57:46 14/04/20
394,71.8,9.685,1026.0,5.0,4.13 11:03:04 14/04/20
403,73.1,9.795,1025.96,5.0,4.22 11:08:21 14/04/20
387,72.0,9.91,1025.98,5.0,4.22 11:13:39 14/04/20
413,71.6,10.004999,1026.02,5.0,4.21 11:18:53 14/04/20
370,72.2,10.205,1026.08,4.3,4.19 11:24:10 14/04/20
357,71.1,10.309999,1026.1,5.0,4.13 11:29:38 14/04/20
342,71.7,10.315001,1026.12,5.0,4.17 11:29:48 14/04/20
329,69.9,10.405001,1026.13,4.25,4.17 11:35:07 14/04/20
337,69.8,10.305,1026.08,5.0,4.12 11:40:21 14/04/20
350,70.1,10.205,1026.1,5.0,4.12 11:45:35 14/04/20
378,70.6,10.175,1026.02,5.0,4.12 11:50:46 14/04/20
363,71.6,10.135,1026.03,5.0,4.12 11:56:02 14/04/20
358,71.6,10.21,1026.02,5.0,4.12 12:01:15 14/04/20
366,70.9,10.22,1026.1,5.0,4.12 12:06:29 14/04/20
381,69.9,10.225,1026.07,5.0,4.12 12:11:41 14/04/20
388,70.4,10.23,1026.17,5.0,4.12 12:16:55 14/04/20
402,71.9,10.335,1026.1,5.0,4.12 12:22:08 14/04/20
411,71.2,10.5,1026.03,5.0,4.13 12:27:22 14/04/20
435,71.8,10.685,1026.05,5.0,4.13 12:32:34 14/04/20
417,71.1,10.82,1026.07,5.0,4.12 12:37:49 14/04/20
444,70.2,10.950001,1026.13,5.0,4.13 12:43:02 14/04/20
439,71.3,11.18,1026.06,5.0,4.13 12:48:17 14/04/20
422,70.9,11.375,1026.04,5.0,4.11 12:53:29 14/04/20
390,69.8,11.555,1025.95,5.0,4.14 12:58:43 14/04/20
371,68.1,11.605,1025.89,5.0,4.14 13:03:57 14/04/20
367,68.7,11.59,1025.86,5.0,4.14 13:09:10 14/04/20
381,67.8,11.504999,1025.87,5.0,4.11 13:14:24 14/04/20
386,68.4,11.42,1025.75,4.58,4.2 13:19:36 14/04/20
388,69.1,11.43,1025.76,4.3,4.18 13:24:55 14/04/20
376,69.3,11.575,1025.84,4.26,4.15 13:30:13 14/04/20
373,67.2,11.59,1025.76,5.0,4.12 13:35:28 14/04/20
386,66.6,11.52,1025.75,5.0,4.12 13:40:41 14/04/20
397,67.7,11.51,1025.69,5.0,4.13 13:45:53 14/04/20
374,67.8,11.504999,1025.55,5.0,4.11 13:51:09 14/04/20
383,68.3,11.514999,1025.55,5.0,4.13 13:56:22 14/04/20
391,67.1,11.59,1025.54,5.0,4.13 14:01:35 14/04/20
397,66.4,11.610001,1025.53,5.0,4.13 14:06:50 14/04/20
371,66.3,11.615,1025.51,5.0,4.11 14:12:03 14/04/20
369,65.9,11.549999,1025.53,5.0,4.13 14:17:15 14/04/20
369,66.3,11.54,1025.56,5.0,4.13 14:22:30 14/04/20
396,66.4,11.525,1025.59,5.0,4.11 14:27:47 14/04/20
410,67.4,11.610001,1025.5,5.0,4.13 14:33:06 14/04/20
382,67.7,11.785,1025.56,5.0,4.13 14:38:19 14/04/20
380,66.7,11.889999,1025.59,5.0,4.13 14:43:32 14/04/20
371,67.1,11.905001,1025.56,5.0,4.11 14:48:45 14/04/20
379,65.8,11.969999,1025.6,5.0,4.14 14:54:00 14/04/20
462,67.1,12.004999,1025.61,5.0,4.14 14:59:15 14/04/20
425,67.3,12.205,1025.61,5.0,4.14 15:04:35 14/04/20
390,66.7,12.46,1025.48,5.0,4.15 15:09:51 14/04/20
473,67.3,12.57,1025.43,5.0,4.11 15:15:04 14/04/20
463,67.6,12.845,1025.34,5.0,4.22 15:20:18 14/04/20
447,67.1,13.155001,1025.41,5.0,4.21 15:25:35 14/04/20
470,65.6,13.5,1025.31,5.0,4.13 15:30:54 14/04/20
379,64.9,13.73,1025.25,5.0,4.13 15:36:08 14/04/20
414,63.7,13.675,1025.09,5.0,4.13 15:41:22 14/04/20
471,64.4,13.745,1025.09,5.0,4.11 15:46:36 14/04/20
474,64.0,13.785,1025.06,5.0,4.12 15:51:53 14/04/20
473,65.1,14.025,1024.98,5.0,4.11 15:57:13 14/04/20
466,64.8,14.325001,1024.96,5.0,4.13 16:02:27 14/04/20
466,64.4,14.605,1024.88,5.0,4.11 16:07:41 14/04/20
377,57.5,14.71,1024.78,5.0,4.13 16:12:52 14/04/20
377,57.9,14.58,1024.82,5.0,4.13 16:18:08 14/04/20
355,59.4,14.41,1024.84,5.0,4.12 16:23:22 14/04/20
364,58.7,14.200001,1024.92,5.0,4.13 16:28:36 14/04/20
411,59.1,14.01,1024.98,5.0,4.12 16:33:50 14/04/20
341,59.8,13.995,1024.99,5.0,4.14 16:39:04 14/04/20
311,58.5,13.735001,1024.92,5.0,4.11 16:44:18 14/04/20
321,57.9,13.450001,1024.81,4.82,4.17 16:49:32 14/04/20
354,57.1,13.145,1024.77,5.0,4.15 16:54:46 14/04/20
420,59.3,13.045,1024.74,5.0,4.12 17:00:01 14/04/20
365,59.4,13.205,1024.57,4.3,4.21 17:05:14 14/04/20
338,59.2,13.275,1024.54,4.31,4.18 17:10:32 14/04/20
320,58.8,13.21,1024.69,4.18,4.13 17:15:50 14/04/20
307,58.3,13.045,1024.77,5.0,4.13 17:21:04 14/04/20
309,58.6,12.860001,1024.65,5.0,4.13 17:26:18 14/04/20
355,58.6,12.745001,1024.66,5.0,4.13 17:31:30 14/04/20
414,59.0,12.795,1024.63,5.0,4.13 17:36:45 14/04/20
405,60.7,12.99,1024.67,5.0,4.12 17:41:59 14/04/20
318,60.5,13.190001,1024.63,5.0,4.13 17:47:11 14/04/20
317,58.7,13.215,1024.7,5.0,4.13 17:52:28 14/04/20
313,58.4,13.12,1024.66,5.0,4.13 17:57:41 14/04/20
292,58.4,12.87,1024.57,5.0,4.13 18:02:53 14/04/20
270,59.2,12.745001,1024.53,5.0,4.12 18:08:17 14/04/20
256,59.1,12.625,1024.48,5.0,4.13 18:13:31 14/04/20
252,58.2,12.42,1024.49,5.0,4.14 18:18:45 14/04/20
359,58.9,12.235001,1024.56,5.0,4.13 18:23:58 14/04/20
361,59.3,12.139999,1024.64,5.0,4.14 18:29:10 14/04/20
353,59.4,12.225,1024.69,5.0,4.12 18:34:24 14/04/20
280,60.3,12.315001,1024.72,4.53,4.17 18:39:40 14/04/20
345,59.0,12.335,1024.66,5.0,4.15 18:44:52 14/04/20
336,59.8,12.35,1024.66,4.53,4.19 18:50:05 14/04/20
333,58.5,12.344999,1024.59,5.0,4.12 18:55:21 14/04/20
324,58.9,12.335,1024.66,5.0,4.15 19:00:37 14/04/20
315,58.5,12.315001,1024.55,4.22,4.11 19:05:55 14/04/20
309,59.6,12.235001,1024.54,5.0,4.12 19:11:11 14/04/20
302,59.0,12.145,1024.46,5.0,4.12 19:16:24 14/04/20
290,58.8,12.045,1024.38,5.0,4.13 19:21:37 14/04/20
276,58.6,11.950001,1024.28,5.0,4.13 19:26:52 14/04/20
249,58.6,11.91,1024.2,5.0,4.14 19:32:06 14/04/20
246,59.2,11.805,1024.24,5.0,4.12 19:37:19 14/04/20
239,58.7,11.635,1024.32,5.0,4.15 19:42:33 14/04/20
205,58.9,11.450001,1024.34,4.71,4.15 19:47:47 14/04/20
172,58.5,11.25,1024.42,5.0,4.14 19:53:01 14/04/20
160,58.7,11.115,1024.43,4.28,4.14 19:58:14 14/04/20
155,58.4,10.934999,1024.53,5.0,4.13 20:03:27 14/04/20
144,58.4,10.73,1024.44,4.5,4.12 20:08:41 14/04/20
128,58.4,10.549999,1024.46,4.2,4.11 20:13:54 14/04/20
114,58.7,10.365,1024.44,4.17,4.1 20:19:08 14/04/20
99,58.5,10.215,1024.42,4.3,4.1 20:24:19 14/04/20
83,58.7,10.02,1024.53,4.2,4.09 20:29:33 14/04/20
68,58.7,9.775,1024.62,3.74,4.08 20:34:48 14/04/20
50,59.0,9.625,1024.66,3.05,4.07 20:40:05 14/04/20
35,59.0,9.445,1024.7,2.37,4.07 20:45:23 14/04/20
25,59.1,9.25,1024.72,1.9,4.06 20:50:37 14/04/20
15,59.3,9.049999,1024.76,1.2,4.06 20:55:51 14/04/20
8,59.5,8.844999,1024.75,0.5,4.02 21:01:03 14/04/20
4,59.9,8.66,1024.81,0.21,4.06 21:06:15 14/04/20
2,60.2,8.52,1024.82,0.09,4.05 21:11:30 14/04/20
1,60.4,8.335,1024.94,0.03,4.05 21:16:43 14/04/20
0,60.8,8.155001,1025.0,0.01,4.04 21:21:55 14/04/20
0,61.7,8.03,1025.01,0.0,4.04 21:27:10 14/04/20
0,61.8,7.86,1025.04,0.0,4.04 21:32:23 14/04/20
0,62.1,7.7349997,1025.07,0.0,4.03 21:37:36 14/04/20
0,62.2,7.61,1025.03,0.0,4.03 21:42:49 14/04/20
0,62.7,7.445,1024.92,0.0,4.03 21:48:03 14/04/20
0,62.8,7.325,1024.72,0.0,4.03 21:53:15 14/04/20
0,63.2,7.165,1024.77,0.0,4.03 21:58:28 14/04/20
0,63.3,7.0550003,1024.8,0.0,4.02 22:03:41 14/04/20
0,64.0,6.955,1024.82,0.0,4.02 22:08:53 14/04/20
0,64.0,6.835,1024.74,0.0,4.02 22:14:07 14/04/20
0,64.1,6.7349997,1024.82,0.0,4.02 22:19:20 14/04/20
0,65.3,6.58,1024.74,0.0,4.01 22:24:33 14/04/20
0,65.0,6.465,1024.61,0.0,4.01 22:29:46 14/04/20
0,65.1,6.365,1024.66,0.0,4.01 22:34:59 14/04/20
0,65.2,6.27,1024.54,0.0,4.01 22:40:12 14/04/20
0,66.0,6.1800003,1024.57,0.0,4.0 22:45:25 14/04/20
0,66.4,6.135,1024.58,0.0,4.0 22:50:38 14/04/20
0,66.2,6.035,1024.63,0.0,4.01 22:55:49 14/04/20
0,66.3,5.95,1024.62,0.0,4.0 23:01:05 14/04/20
0,67.4,5.865,1024.57,0.0,4.0 23:06:18 14/04/20
0,68.1,5.7749996,1024.56,0.0,4.0 23:11:30 14/04/20
0,67.9,5.6800003,1024.49,0.0,4.0 23:16:43 14/04/20
0,68.0,5.58,1024.41,0.0,4.0 23:21:56 14/04/20
0,69.2,5.535,1024.45,0.0,4.0 23:27:10 14/04/20
0,68.5,5.39,1024.48,0.0,4.0 23:32:20 14/04/20
0,69.0,5.345,1024.47,0.0,3.99 23:37:34 14/04/20
0,69.1,5.265,1024.47,0.0,3.99 23:42:47 14/04/20
0,69.1,5.24,1024.48,0.0,3.99 23:48:00 14/04/20
1,70.5,5.1549997,1024.54,0.0,3.99 23:53:11 14/04/20
0,69.9,5.08,1024.53,0.0,3.99 23:58:27 14/04/20
