0,53.4,10.805,1016.92,0.0,4.0 00:04:44 16/04/20
0,53.7,10.725,1016.93,0.0,4.0 00:09:57 16/04/20
0,53.3,10.655001,1016.85,0.0,3.99 00:15:11 16/04/20
0,53.6,10.635,1016.87,0.0,3.99 00:20:26 16/04/20
0,53.7,10.555,1016.92,0.0,3.99 00:25:40 16/04/20
0,54.5,10.525,1016.88,0.0,3.99 00:30:52 16/04/20
0,54.3,10.445,1016.85,0.0,3.99 00:36:06 16/04/20
0,54.1,10.43,1016.85,0.0,3.99 00:41:18 16/04/20
0,54.4,10.35,1016.75,0.0,3.99 00:46:32 16/04/20
0,54.2,10.34,1016.79,0.0,3.99 00:51:46 16/04/20
0,55.7,10.26,1016.73,0.0,3.98 00:57:00 16/04/20
0,55.0,10.24,1016.71,0.0,3.98 01:02:14 16/04/20
0,54.4,10.16,1016.68,0.0,3.98 01:07:26 16/04/20
0,55.1,10.125,1016.65,0.0,3.98 01:12:41 16/04/20
0,55.0,10.049999,1016.63,0.0,3.98 01:17:54 16/04/20
0,55.7,10.04,1016.66,0.0,3.98 01:23:08 16/04/20
0,54.6,10.02,1016.68,0.0,3.98 01:28:21 16/04/20
0,55.3,9.940001,1016.69,0.0,3.98 01:33:35 16/04/20
0,55.5,9.855,1016.74,0.0,3.98 01:38:49 16/04/20
0,54.8,9.76,1016.7,0.0,3.97 01:44:01 16/04/20
0,56.0,9.59,1016.77,0.0,3.98 01:49:13 16/04/20
0,57.1,9.465,1016.65,0.0,3.98 01:54:28 16/04/20
0,56.4,9.35,1016.62,0.0,3.97 01:59:45 16/04/20
0,56.6,9.265,1016.61,0.0,3.98 02:05:03 16/04/20
0,57.0,9.145,1016.54,0.0,3.97 02:10:15 16/04/20
0,56.7,9.04,1016.57,0.0,3.97 02:15:29 16/04/20
0,56.7,8.940001,1016.61,0.0,3.97 02:20:43 16/04/20
0,57.7,8.83,1016.56,0.0,3.97 02:25:57 16/04/20
0,57.4,8.73,1016.41,0.0,3.97 02:31:08 16/04/20
0,57.1,8.63,1016.36,0.0,3.97 02:36:21 16/04/20
0,57.7,8.47,1016.39,0.0,3.97 02:41:36 16/04/20
0,58.9,8.42,1016.28,0.0,3.96 02:46:54 16/04/20
0,58.2,8.33,1016.19,0.0,3.96 02:52:11 16/04/20
0,57.8,8.23,1016.14,0.0,3.96 02:57:25 16/04/20
0,58.7,8.125,1016.1,0.0,3.96 03:02:38 16/04/20
0,59.2,8.03,1016.09,0.0,3.96 03:07:56 16/04/20
0,59.7,7.925,1015.95,0.0,3.96 03:13:13 16/04/20
0,60.3,7.83,1015.96,0.0,3.93 03:18:26 16/04/20
0,60.1,7.7349997,1016.0,0.0,3.96 03:23:40 16/04/20
0,59.6,7.64,1015.92,0.0,3.96 03:28:52 16/04/20
0,60.2,7.48,1015.94,0.0,3.96 03:34:05 16/04/20
0,60.5,7.435,1015.9,0.0,3.96 03:39:18 16/04/20
0,60.4,7.35,1015.83,0.0,3.96 03:44:31 16/04/20
0,62.7,7.26,1015.75,0.0,3.96 03:49:45 16/04/20
0,61.8,7.175,1015.7,0.0,3.96 03:55:02 16/04/20
0,61.8,7.15,1015.63,0.0,3.96 04:00:18 16/04/20
0,61.5,7.075,1015.6,0.0,3.96 04:05:31 16/04/20
0,63.4,6.9750004,1015.5,0.0,3.96 04:10:45 16/04/20
0,63.9,6.94,1015.47,0.0,3.95 04:15:59 16/04/20
0,61.8,6.92,1015.46,0.0,3.95 04:21:13 16/04/20
0,63.4,6.835,1015.44,0.0,3.95 04:26:33 16/04/20
0,65.1,6.75,1015.45,0.0,3.95 04:31:44 16/04/20
0,65.2,6.67,1015.45,0.0,3.95 04:36:59 16/04/20
0,63.7,6.635,1015.37,0.0,3.95 04:42:10 16/04/20
0,64.0,6.56,1015.34,0.0,3.95 04:47:25 16/04/20
0,64.2,6.54,1015.35,0.0,3.95 04:52:38 16/04/20
0,64.4,6.46,1015.32,0.0,3.95 04:57:51 16/04/20
0,66.1,6.45,1015.3,0.0,3.95 05:03:02 16/04/20
0,65.3,6.37,1015.39,0.0,3.94 05:08:18 16/04/20
0,66.8,6.35,1015.34,0.0,3.91 05:13:31 16/04/20
0,66.4,6.325,1015.28,0.0,3.94 05:18:44 16/04/20
0,65.6,6.265,1015.28,0.0,3.94 05:23:57 16/04/20
1,65.5,6.24,1015.15,0.0,3.95 05:29:07 16/04/20
0,69.1,6.16,1015.11,0.0,3.94 05:34:20 16/04/20
0,68.2,6.145,1015.06,0.0,3.94 05:39:35 16/04/20
2,66.2,6.0699997,1015.05,0.0,3.94 05:44:46 16/04/20
2,68.3,6.035,1014.96,0.0,3.94 05:50:01 16/04/20
2,67.8,5.96,1014.96,0.02,3.94 05:55:14 16/04/20
5,66.8,5.94,1014.99,0.07,3.94 06:00:30 16/04/20
8,69.5,5.915,1014.92,0.17,3.94 06:05:49 16/04/20
10,66.9,5.845,1014.88,0.36,3.93 06:11:01 16/04/20
15,67.6,5.825,1014.98,0.69,3.94 06:16:12 16/04/20
23,68.7,5.73,1014.95,1.4,3.93 06:21:25 16/04/20
35,69.6,5.645,1014.95,2.41,3.93 06:26:39 16/04/20
51,71.8,5.62,1014.93,3.35,3.93 06:31:52 16/04/20
61,68.9,5.545,1014.9,3.51,3.93 06:37:04 16/04/20
74,69.8,5.4700003,1015.05,3.93,3.93 06:42:18 16/04/20
94,68.8,5.44,1015.02,4.08,3.93 06:47:30 16/04/20
107,69.2,5.415,1015.02,4.45,3.93 06:52:44 16/04/20
122,71.1,5.345,1014.96,4.82,3.93 06:58:01 16/04/20
135,69.0,5.345,1014.93,4.89,3.93 07:03:19 16/04/20
149,70.2,5.335,1014.99,4.86,3.92 07:08:31 16/04/20
154,70.6,5.325,1014.99,5.0,3.88 07:13:42 16/04/20
161,72.3,5.265,1014.98,4.4,3.93 07:18:56 16/04/20
174,72.2,5.265,1014.9,5.0,3.93 07:24:09 16/04/20
179,71.7,5.265,1014.95,4.48,3.93 07:29:26 16/04/20
182,74.0,5.2749996,1014.85,4.25,3.93 07:34:42 16/04/20
189,74.1,5.33,1014.75,5.0,3.93 07:39:56 16/04/20
194,71.7,5.34,1014.73,3.99,3.93 07:45:09 16/04/20
212,75.3,5.355,1014.7,4.06,3.94 07:50:22 16/04/20
263,74.0,5.4300003,1014.68,5.0,3.94 07:55:33 16/04/20
257,73.0,5.4700003,1014.65,4.02,3.96 08:00:48 16/04/20
321,70.2,5.6099997,1014.61,5.0,3.97 08:06:01 16/04/20
324,67.7,5.7349997,1014.68,4.09,3.97 08:11:12 16/04/20
334,67.1,5.9350004,1014.87,5.0,4.0 08:16:26 16/04/20
338,72.1,6.2200003,1014.82,4.18,4.01 08:21:39 16/04/20
343,69.3,6.525,1014.7,4.12,4.02 08:26:52 16/04/20
351,71.4,6.8900003,1014.69,5.0,4.04 08:32:05 16/04/20
357,71.4,7.2799997,1014.72,4.68,4.06 08:37:18 16/04/20
366,72.4,7.6949997,1014.77,4.29,4.07 08:42:31 16/04/20
370,76.9,8.094999,1014.8,4.2,4.1 08:47:44 16/04/20
375,79.5,8.635,1014.81,4.9,4.13 08:52:58 16/04/20
379,78.6,9.145,1014.88,4.46,4.18 08:58:11 16/04/20
386,79.5,9.645,1014.91,4.84,4.21 09:03:22 16/04/20
389,79.6,10.16,1015.08,4.28,4.19 09:08:43 16/04/20
393,73.1,10.725,1015.1,4.28,4.19 09:14:03 16/04/20
398,71.5,11.120001,1015.08,5.0,4.11 09:19:22 16/04/20
403,72.3,11.445,1015.0,4.31,4.2 09:24:33 16/04/20
382,74.8,11.835,1014.99,4.69,4.21 09:29:49 16/04/20
386,71.7,12.165,1014.9,5.0,4.21 09:35:02 16/04/20
389,71.5,12.52,1014.86,5.0,4.21 09:40:16 16/04/20
393,68.1,12.76,1014.78,5.0,4.11 09:45:30 16/04/20
395,69.1,13.035,1014.73,5.0,4.12 09:50:44 16/04/20
398,70.1,13.32,1014.76,5.0,4.12 09:55:58 16/04/20
400,69.2,13.63,1014.76,5.0,4.12 10:01:12 16/04/20
402,68.2,13.91,1014.79,5.0,4.12 10:06:30 16/04/20
405,68.2,14.125,1014.72,5.0,4.13 10:11:48 16/04/20
408,67.9,14.33,1014.68,5.0,4.13 10:17:02 16/04/20
410,68.9,14.620001,1014.65,5.0,4.13 10:22:16 16/04/20
412,68.4,14.965,1014.7,5.0,4.13 10:27:30 16/04/20
414,67.8,15.184999,1014.63,5.0,4.13 10:32:48 16/04/20
417,67.1,15.41,1014.75,5.0,4.14 10:38:07 16/04/20
419,68.0,15.684999,1014.68,5.0,4.14 10:43:21 16/04/20
421,67.6,15.99,1014.68,5.0,4.14 10:48:36 16/04/20
423,67.2,16.27,1014.68,5.0,4.14 10:53:50 16/04/20
425,67.2,16.560001,1014.64,5.0,4.15 10:59:04 16/04/20
427,65.6,16.759998,1014.66,5.0,4.12 11:04:22 16/04/20
428,64.5,16.92,1014.69,5.0,4.22 11:09:42 16/04/20
430,64.5,16.985,1014.63,5.0,4.21 11:14:56 16/04/20
431,64.4,17.215,1014.57,5.0,4.21 11:20:10 16/04/20
434,64.9,17.335,1014.41,5.0,4.13 11:25:25 16/04/20
434,64.2,17.625,1014.37,5.0,4.13 11:30:39 16/04/20
435,64.7,17.9,1014.31,5.0,4.13 11:35:54 16/04/20
414,65.1,18.12,1014.36,5.0,4.12 11:41:08 16/04/20
438,64.2,18.4,1014.32,5.0,4.13 11:46:24 16/04/20
439,64.0,18.615002,1014.29,5.0,4.12 11:51:38 16/04/20
441,63.6,18.825,1014.15,5.0,4.13 11:56:52 16/04/20
440,62.9,19.015,1014.13,5.0,4.12 12:02:07 16/04/20
442,60.6,19.22,1014.18,5.0,4.13 12:07:22 16/04/20
436,62.6,19.404999,1014.21,5.0,4.12 12:12:37 16/04/20
445,63.4,19.615002,1014.21,5.0,4.14 12:17:51 16/04/20
444,62.5,19.895,1014.21,5.0,4.12 12:23:06 16/04/20
442,58.6,20.105,1014.19,5.0,4.14 12:28:21 16/04/20
444,59.6,20.2,1014.2,5.0,4.12 12:33:36 16/04/20
444,56.4,20.33,1014.17,5.0,4.14 12:38:52 16/04/20
444,60.0,20.51,1014.18,5.0,4.12 12:44:07 16/04/20
447,58.2,20.689999,1014.1,5.0,4.15 12:49:21 16/04/20
442,58.2,20.875,1014.13,5.0,4.12 12:54:41 16/04/20
448,53.5,20.970001,1013.97,5.0,4.22 13:00:03 16/04/20
450,57.7,21.035,1013.95,5.0,4.13 13:05:23 16/04/20
450,58.3,21.380001,1013.74,5.0,4.21 13:10:38 16/04/20
448,56.6,21.74,1013.69,5.0,4.13 13:15:52 16/04/20
446,55.6,21.795,1013.58,5.0,4.21 13:21:12 16/04/20
448,55.9,21.99,1013.67,5.0,4.13 13:26:32 16/04/20
448,52.3,22.34,1013.64,5.0,4.12 13:31:51 16/04/20
451,55.2,22.565,1013.56,5.0,4.14 13:37:11 16/04/20
450,47.3,22.71,1013.46,5.0,4.12 13:42:27 16/04/20
450,52.2,22.705,1013.4,5.0,4.14 13:47:43 16/04/20
450,49.9,22.869999,1013.43,5.0,4.12 13:52:57 16/04/20
444,51.2,22.985,1013.37,5.0,4.14 13:58:13 16/04/20
448,50.1,23.17,1013.41,5.0,4.13 14:03:28 16/04/20
449,50.2,23.295,1013.47,5.0,4.14 14:08:44 16/04/20
447,52.0,23.44,1013.4,5.0,4.13 14:14:00 16/04/20
450,45.7,23.61,1013.36,5.0,4.14 14:19:18 16/04/20
449,49.3,23.695,1013.42,5.0,4.12 14:24:39 16/04/20
451,51.3,23.865,1013.44,5.0,4.14 14:29:54 16/04/20
450,47.4,24.07,1013.4,5.0,4.13 14:35:10 16/04/20
449,48.3,24.25,1013.44,5.0,4.15 14:40:25 16/04/20
448,44.2,24.145,1013.35,5.0,4.13 14:45:41 16/04/20
447,47.3,24.125,1013.34,5.0,4.15 14:50:56 16/04/20
446,49.3,24.285,1013.29,5.0,4.13 14:56:13 16/04/20
445,50.3,24.470001,1013.28,5.0,4.21 15:01:28 16/04/20
444,48.9,24.735,1013.23,5.0,4.13 15:06:43 16/04/20
444,49.4,24.785,1013.21,5.0,4.21 15:12:00 16/04/20
432,48.5,24.96,1013.21,5.0,4.2 15:17:15 16/04/20
443,49.6,25.060001,1013.23,5.0,4.14 15:22:30 16/04/20
426,44.5,25.15,1013.16,5.0,4.12 15:27:46 16/04/20
430,49.3,25.075,1013.11,5.0,4.11 15:33:02 16/04/20
434,46.2,25.095001,1013.02,5.0,4.14 15:38:16 16/04/20
422,48.6,25.085,1013.0,5.0,4.12 15:43:33 16/04/20
436,43.8,25.1,1012.9,5.0,4.14 15:48:49 16/04/20
440,46.9,25.105,1012.83,5.0,4.12 15:54:05 16/04/20
437,47.5,25.279999,1012.79,5.0,4.14 15:59:21 16/04/20
436,43.6,25.475,1012.7,5.0,4.13 16:04:37 16/04/20
434,45.5,25.49,1012.67,5.0,4.14 16:09:52 16/04/20
432,44.5,25.445,1012.58,5.0,4.13 16:15:08 16/04/20
406,47.7,25.494999,1012.56,5.0,4.14 16:20:25 16/04/20
422,46.8,25.535,1012.57,5.0,4.13 16:25:40 16/04/20
403,44.8,25.535,1012.51,5.0,4.15 16:30:56 16/04/20
401,47.1,25.525002,1012.51,5.0,4.13 16:36:12 16/04/20
334,45.9,25.585,1012.46,5.0,4.15 16:41:27 16/04/20
409,45.1,25.58,1012.41,5.0,4.13 16:46:43 16/04/20
376,46.4,25.435001,1012.38,5.0,4.21 16:52:00 16/04/20
374,46.9,25.43,1012.32,5.0,4.13 16:57:15 16/04/20
401,47.1,25.445,1012.38,5.0,4.21 17:02:31 16/04/20
400,46.5,25.52,1012.34,4.28,4.17 17:07:46 16/04/20
406,44.5,25.46,1012.18,5.0,4.14 17:13:02 16/04/20
345,45.9,25.45,1012.32,5.0,4.13 17:18:19 16/04/20
382,47.4,25.465,1012.27,5.0,4.13 17:23:34 16/04/20
402,47.5,25.625,1012.17,5.0,4.12 17:28:50 16/04/20
397,44.6,25.805,1012.26,5.0,4.13 17:34:09 16/04/20
383,46.7,25.84,1012.19,5.0,4.12 17:39:31 16/04/20
354,46.8,25.849998,1012.2,5.0,4.14 17:44:46 16/04/20
379,46.1,25.845001,1012.14,5.0,4.12 17:50:02 16/04/20
333,46.7,25.755,1012.1,5.0,4.14 17:55:16 16/04/20
350,45.3,25.575,1012.05,5.0,4.12 18:00:37 16/04/20
362,44.0,25.39,1012.05,5.0,4.14 18:05:59 16/04/20
339,47.3,25.3,1012.02,5.0,4.12 18:11:14 16/04/20
328,46.2,25.29,1012.06,5.0,4.14 18:16:30 16/04/20
352,45.5,25.21,1012.05,5.0,4.13 18:21:45 16/04/20
355,46.6,25.195,1012.06,5.0,4.14 18:27:01 16/04/20
348,46.9,25.130001,1012.05,5.0,4.12 18:32:18 16/04/20
342,42.9,25.025,1012.04,5.0,4.15 18:37:31 16/04/20
336,42.1,24.84,1012.02,5.0,4.12 18:42:48 16/04/20
330,42.9,24.745,1012.03,5.0,4.18 18:48:04 16/04/20
323,43.8,24.650002,1011.99,5.0,4.1 18:53:20 16/04/20
313,43.0,24.55,1011.96,5.0,4.11 18:58:39 16/04/20
304,43.9,24.39,1012.0,4.32,4.14 19:04:00 16/04/20
301,43.1,24.335,1012.09,4.26,4.12 19:09:15 16/04/20
284,43.8,24.16,1012.19,5.0,4.13 19:14:32 16/04/20
278,45.0,23.985,1012.15,5.0,4.12 19:19:47 16/04/20
266,44.9,23.875,1012.18,4.23,4.17 19:25:02 16/04/20
233,44.8,23.78,1012.16,5.0,4.14 19:30:16 16/04/20
237,45.9,23.619999,1012.11,5.0,4.13 19:35:33 16/04/20
235,46.1,23.41,1012.23,4.26,4.15 19:40:49 16/04/20
213,46.4,23.21,1012.23,5.0,4.16 19:46:04 16/04/20
197,46.9,22.955,1012.3,5.0,4.15 19:51:20 16/04/20
193,46.7,22.805,1012.36,4.3,4.15 19:56:35 16/04/20
191,47.2,22.61,1012.37,4.58,4.15 20:01:54 16/04/20
175,46.5,22.43,1012.38,5.0,4.14 20:07:14 16/04/20
167,47.3,22.3,1012.47,5.0,4.14 20:12:30 16/04/20
150,47.2,22.11,1012.5,5.0,4.14 20:17:46 16/04/20
129,46.7,21.985,1012.58,4.8,4.13 20:23:00 16/04/20
108,47.0,21.785,1012.66,4.17,4.12 20:28:16 16/04/20
87,46.5,21.585,1012.74,4.17,4.11 20:33:31 16/04/20
67,46.5,21.384998,1012.78,3.56,4.1 20:38:46 16/04/20
48,46.5,21.17,1012.78,2.76,4.09 20:44:00 16/04/20
33,46.8,20.89,1012.77,2.04,4.09 20:49:17 16/04/20
21,46.7,20.619999,1012.84,1.31,4.08 20:54:31 16/04/20
13,47.1,20.395,1012.86,0.72,4.08 20:59:46 16/04/20
7,47.2,20.11,1012.94,0.34,4.07 21:05:01 16/04/20
4,48.0,19.835,1012.95,0.14,4.07 21:10:17 16/04/20
2,48.0,19.605,1013.03,0.05,4.07 21:15:29 16/04/20
0,48.2,19.325,1013.04,0.01,4.06 21:20:46 16/04/20
0,48.5,19.115,1013.17,0.0,4.06 21:26:04 16/04/20
0,48.6,18.91,1013.22,0.0,4.06 21:31:22 16/04/20
0,49.2,18.65,1013.22,0.0,4.05 21:36:42 16/04/20
0,49.4,18.445,1013.19,0.0,4.05 21:42:02 16/04/20
0,50.2,18.295,1013.19,0.0,4.05 21:47:17 16/04/20
0,50.3,18.05,1013.24,0.0,4.05 21:52:31 16/04/20
0,50.4,17.915,1013.28,0.0,4.04 21:57:46 16/04/20
0,50.4,17.744999,1013.35,0.0,4.04 22:03:00 16/04/20
0,51.0,17.619999,1013.33,0.0,4.03 22:08:15 16/04/20
0,50.8,17.455,1013.4,0.0,4.03 22:13:30 16/04/20
0,51.2,17.335,1013.36,0.0,4.03 22:18:45 16/04/20
0,51.3,17.21,1013.37,0.0,4.01 22:23:59 16/04/20
0,51.7,17.05,1013.41,0.0,4.03 22:29:14 16/04/20
0,51.3,16.925,1013.38,0.0,4.03 22:34:27 16/04/20
0,51.3,16.76,1013.42,0.0,4.02 22:39:42 16/04/20
0,51.0,16.635,1013.44,0.0,4.03 22:44:56 16/04/20
0,50.9,16.455,1013.41,0.0,4.02 22:50:11 16/04/20
0,50.9,16.34,1013.52,0.0,4.02 22:55:26 16/04/20
0,51.1,16.215,1013.48,0.0,4.02 23:00:39 16/04/20
0,51.1,16.05,1013.59,0.0,4.02 23:05:54 16/04/20
0,50.8,15.860001,1013.55,0.0,4.01 23:11:08 16/04/20
0,51.5,15.675,1013.55,0.0,4.02 23:16:22 16/04/20
0,51.5,15.545,1013.54,0.0,3.98 23:21:37 16/04/20
0,51.5,15.440001,1013.58,0.0,4.01 23:26:51 16/04/20
0,51.6,15.285,1013.58,0.0,4.01 23:32:05 16/04/20
0,52.2,15.23,1013.61,0.0,4.01 23:37:19 16/04/20
0,52.0,15.08,1013.63,0.0,4.01 23:42:34 16/04/20
0,51.8,15.04,1013.7,0.0,4.01 23:47:48 16/04/20
0,52.5,14.934999,1013.76,0.0,4.0 23:53:02 16/04/20
0,52.8,14.785,1013.81,0.0,4.0 23:58:16 16/04/20
