0,52.7,14.74,1013.77,0.0,4.0 00:03:31 17/04/20
0,52.8,14.58,1013.77,0.0,4.0 00:08:44 17/04/20
0,52.7,14.525,1013.77,0.0,4.0 00:13:58 17/04/20
0,52.9,14.37,1013.79,0.0,4.0 00:19:11 17/04/20
0,53.3,14.255,1013.78,0.0,4.0 00:24:26 17/04/20
0,53.3,14.145,1013.8,0.0,3.99 00:29:40 17/04/20
0,53.5,14.035,1013.81,0.0,4.0 00:34:55 17/04/20
0,53.9,13.940001,1013.92,0.0,3.99 00:40:09 17/04/20
0,53.8,13.844999,1013.91,0.0,3.99 00:45:24 17/04/20
0,53.8,13.755,1014.03,0.0,3.99 00:50:37 17/04/20
0,53.8,13.715,1014.03,0.0,3.99 00:55:49 17/04/20
0,54.7,13.63,1014.13,0.0,3.99 01:01:04 17/04/20
0,54.3,13.545,1014.11,0.0,3.99 01:06:18 17/04/20
0,54.2,13.46,1014.17,0.0,3.99 01:11:32 17/04/20
0,54.6,13.365,1014.17,0.0,3.98 01:16:46 17/04/20
0,55.9,13.27,1014.15,0.0,3.99 01:22:00 17/04/20
0,55.2,13.235001,1014.19,0.0,3.98 01:27:15 17/04/20
0,55.2,13.15,1014.34,0.0,3.99 01:32:28 17/04/20
0,55.7,13.065,1014.27,0.0,3.98 01:37:40 17/04/20
0,55.5,12.97,1014.27,0.0,3.98 01:42:56 17/04/20
0,55.3,12.940001,1014.26,0.0,3.98 01:48:11 17/04/20
0,54.9,12.865,1014.26,0.0,3.98 01:53:23 17/04/20
0,56.2,12.84,1014.28,0.0,3.98 01:58:37 17/04/20
0,56.4,12.755,1014.27,0.0,3.98 02:03:51 17/04/20
0,57.3,12.68,1014.25,0.0,3.98 02:09:06 17/04/20
0,56.7,12.66,1014.25,0.0,3.98 02:14:19 17/04/20
0,57.4,12.645,1014.24,0.0,3.97 02:19:37 17/04/20
0,57.1,12.58,1014.19,0.0,3.97 02:24:55 17/04/20
0,56.0,12.615,1014.21,0.0,3.97 02:30:09 17/04/20
0,57.6,12.555,1014.24,0.0,3.97 02:35:26 17/04/20
0,57.4,12.535,1014.17,0.0,3.97 02:40:45 17/04/20
0,58.0,12.53,1014.19,0.0,3.97 02:46:02 17/04/20
0,58.3,12.46,1014.1,0.0,3.97 02:51:21 17/04/20
0,58.5,12.445,1014.13,0.0,3.97 02:56:37 17/04/20
0,58.6,12.440001,1014.14,0.0,3.97 03:01:48 17/04/20
0,58.0,12.360001,1014.14,0.0,3.97 03:07:02 17/04/20
0,58.0,12.285,1014.13,0.0,3.97 03:12:16 17/04/20
0,60.4,12.27,1014.05,0.0,3.96 03:17:30 17/04/20
0,59.9,12.25,1014.0,0.0,3.96 03:22:44 17/04/20
0,61.9,12.23,1014.03,0.0,3.96 03:27:57 17/04/20
0,60.5,12.16,1014.0,0.0,3.96 03:33:11 17/04/20
0,58.5,12.135,1014.09,0.0,3.96 03:38:25 17/04/20
0,58.5,12.065,1014.12,0.0,3.96 03:43:39 17/04/20
0,59.0,12.059999,1014.13,0.0,3.96 03:48:52 17/04/20
0,61.0,12.035,1014.13,0.0,3.96 03:54:06 17/04/20
0,58.4,12.03,1014.15,0.0,3.96 03:59:18 17/04/20
0,59.4,11.96,1014.21,0.0,3.96 04:04:33 17/04/20
0,59.3,11.93,1014.25,0.0,3.96 04:09:47 17/04/20
0,59.7,11.91,1014.2,0.0,3.96 04:15:04 17/04/20
0,60.6,11.91,1014.2,0.0,3.96 04:20:23 17/04/20
0,60.0,11.85,1014.26,0.0,3.95 04:25:46 17/04/20
0,62.2,11.855,1014.31,0.0,3.96 04:30:57 17/04/20
0,60.6,11.83,1014.28,0.0,3.96 04:36:11 17/04/20
0,61.4,11.765,1014.38,0.0,3.96 04:41:25 17/04/20
0,62.8,11.72,1014.35,0.0,3.96 04:46:40 17/04/20
0,61.2,11.655001,1014.39,0.0,3.95 04:51:55 17/04/20
0,62.9,11.63,1014.4,0.0,3.95 04:57:08 17/04/20
0,64.9,11.559999,1014.44,0.0,3.95 05:02:20 17/04/20
0,62.1,11.555,1014.35,0.0,3.95 05:07:36 17/04/20
0,64.6,11.54,1014.39,0.0,3.95 05:12:49 17/04/20
0,68.1,11.48,1014.4,0.0,3.95 05:18:02 17/04/20
0,68.7,11.54,1014.41,0.0,3.91 05:23:17 17/04/20
0,67.5,11.54,1014.38,0.0,3.95 05:28:30 17/04/20
0,68.7,11.48,1014.41,0.0,3.95 05:33:43 17/04/20
0,69.6,11.47,1014.44,0.0,3.95 05:38:57 17/04/20
0,64.5,11.455,1014.49,0.0,3.95 05:44:11 17/04/20
0,67.3,11.37,1014.47,0.0,3.95 05:49:24 17/04/20
1,69.6,11.29,1014.47,0.02,3.95 05:54:38 17/04/20
2,67.9,11.25,1014.48,0.06,3.95 05:59:52 17/04/20
4,68.8,11.165,1014.53,0.16,3.95 06:05:05 17/04/20
7,66.5,11.125,1014.56,0.39,3.94 06:10:23 17/04/20
11,67.9,11.04,1014.57,0.84,3.94 06:15:39 17/04/20
18,69.1,10.934999,1014.59,1.44,3.94 06:20:53 17/04/20
28,68.9,10.780001,1014.6,2.09,3.94 06:26:09 17/04/20
41,68.8,10.73,1014.59,2.77,3.94 06:31:21 17/04/20
55,72.8,10.639999,1014.76,3.33,3.94 06:36:36 17/04/20
71,67.9,10.555,1014.91,3.89,3.94 06:41:52 17/04/20
86,69.6,10.46,1014.92,4.02,3.94 06:47:09 17/04/20
101,72.0,10.37,1014.94,4.29,3.94 06:52:26 17/04/20
112,70.8,10.285,1014.98,4.32,3.94 06:57:38 17/04/20
119,69.7,10.245001,1014.98,4.3,3.94 07:02:51 17/04/20
130,68.7,10.165,1014.98,4.13,3.93 07:08:05 17/04/20
150,69.8,10.085,1015.04,5.0,3.93 07:13:19 17/04/20
167,70.3,10.065,1015.06,5.0,3.83 07:18:31 17/04/20
178,70.8,10.049999,1015.05,5.0,3.94 07:23:46 17/04/20
189,71.8,10.04,1015.02,5.0,3.95 07:28:58 17/04/20
196,70.5,10.03,1015.07,5.0,3.94 07:34:12 17/04/20
203,71.5,9.98,1015.1,5.0,3.95 07:39:24 17/04/20
211,73.5,9.975,1015.12,5.0,3.95 07:44:37 17/04/20
226,69.9,9.98,1015.08,4.01,3.96 07:49:50 17/04/20
272,71.8,9.985001,1015.21,4.7,3.96 07:55:06 17/04/20
257,70.7,10.055,1015.17,4.51,3.97 08:00:19 17/04/20
283,70.6,10.075,1015.18,4.06,3.98 08:05:31 17/04/20
291,71.3,10.165,1015.28,4.12,3.99 08:10:47 17/04/20
299,72.2,10.27,1015.27,4.34,4.0 08:16:03 17/04/20
307,74.1,10.440001,1015.3,4.75,4.01 08:21:21 17/04/20
314,72.7,10.555,1015.31,4.18,4.02 08:26:36 17/04/20
327,72.8,10.655001,1015.38,4.12,4.03 08:31:49 17/04/20
327,73.5,10.77,1015.46,4.4,4.05 08:37:03 17/04/20
333,72.6,10.940001,1015.4,4.18,4.06 08:42:16 17/04/20
339,72.3,11.045,1015.43,4.2,4.05 08:47:31 17/04/20
344,73.0,11.17,1015.37,4.23,4.11 08:52:43 17/04/20
348,76.2,11.33,1015.36,4.9,4.15 08:57:57 17/04/20
354,72.3,11.475,1015.41,4.35,4.19 09:03:10 17/04/20
357,76.7,11.745001,1015.44,5.0,4.21 09:08:24 17/04/20
362,75.7,11.955,1015.38,4.28,4.19 09:13:38 17/04/20
367,74.3,12.09,1015.32,4.24,4.15 09:18:52 17/04/20
372,74.8,12.275,1015.32,4.28,4.19 09:24:03 17/04/20
376,75.2,12.46,1015.34,4.29,4.19 09:29:23 17/04/20
380,72.2,12.639999,1015.31,4.31,4.2 09:34:40 17/04/20
385,73.8,12.76,1015.38,5.0,4.1 09:39:55 17/04/20
388,75.0,12.945,1015.35,5.0,4.11 09:45:09 17/04/20
390,73.5,13.075,1015.37,5.0,4.11 09:50:26 17/04/20
395,71.8,13.245001,1015.3,5.0,4.11 09:55:46 17/04/20
397,72.5,13.425,1015.39,5.0,4.11 10:00:59 17/04/20
401,72.5,13.545,1015.34,5.0,4.12 10:06:11 17/04/20
404,72.7,13.72,1015.2,5.0,4.12 10:11:27 17/04/20
408,72.1,13.895,1015.12,5.0,4.12 10:16:41 17/04/20
402,72.1,14.1,1015.1,5.0,4.13 10:21:55 17/04/20
412,71.5,14.225,1015.13,5.0,4.13 10:27:07 17/04/20
413,70.9,14.41,1015.13,5.0,4.13 10:32:23 17/04/20
416,71.0,14.605,1015.06,5.0,4.13 10:37:37 17/04/20
413,70.6,14.775,1015.05,5.0,4.11 10:42:50 17/04/20
401,70.2,14.88,1015.14,5.0,4.14 10:48:05 17/04/20
414,69.6,14.985,1015.13,5.0,4.14 10:53:19 17/04/20
407,69.4,15.16,1015.14,5.0,4.11 10:58:32 17/04/20
399,70.0,15.360001,1015.11,5.0,4.21 11:03:51 17/04/20
423,69.1,15.56,1015.05,5.0,4.11 11:09:10 17/04/20
424,68.6,15.66,1015.12,5.0,4.21 11:14:24 17/04/20
431,67.5,15.85,1015.05,5.0,4.11 11:19:39 17/04/20
432,69.7,16.119999,1015.03,5.0,4.2 11:24:52 17/04/20
434,68.2,16.34,1015.01,5.0,4.12 11:30:06 17/04/20
435,68.6,16.615,1014.85,5.0,4.12 11:35:22 17/04/20
436,69.2,16.895,1014.85,5.0,4.11 11:40:37 17/04/20
437,67.3,17.105,1014.79,5.0,4.13 11:45:50 17/04/20
439,68.2,17.4,1014.7,5.0,4.13 11:51:05 17/04/20
440,66.7,17.61,1014.64,5.0,4.13 11:56:19 17/04/20
441,66.4,17.81,1014.68,5.0,4.12 12:01:35 17/04/20
442,66.4,17.994999,1014.75,5.0,4.13 12:06:49 17/04/20
442,63.8,18.2,1014.78,5.0,4.13 12:12:03 17/04/20
443,64.8,18.3,1014.87,5.0,4.12 12:17:18 17/04/20
445,65.4,18.49,1014.84,5.0,4.13 12:22:32 17/04/20
445,65.1,18.7,1014.89,5.0,4.12 12:27:46 17/04/20
446,65.9,18.965,1014.82,5.0,4.14 12:33:00 17/04/20
446,64.0,19.165,1014.77,5.0,4.11 12:38:20 17/04/20
445,60.7,19.3,1014.77,5.0,4.14 12:43:40 17/04/20
447,61.7,19.31,1014.72,5.0,4.11 12:48:59 17/04/20
447,60.1,19.41,1014.39,5.0,4.14 12:54:22 17/04/20
448,62.5,19.525,1014.32,5.0,4.12 12:59:41 17/04/20
449,63.2,19.785,1014.23,5.0,4.16 13:04:54 17/04/20
450,62.7,20.09,1014.18,5.0,4.12 13:10:10 17/04/20
451,62.8,20.439999,1014.22,5.0,4.21 13:15:25 17/04/20
451,62.8,20.744999,1014.16,5.0,4.12 13:20:42 17/04/20
452,61.9,20.98,1014.14,5.0,4.1 13:25:57 17/04/20
451,59.2,21.235,1014.09,5.0,4.13 13:31:11 17/04/20
453,60.0,21.34,1014.03,5.0,4.12 13:36:26 17/04/20
452,59.5,21.545,1013.92,5.0,4.13 13:41:41 17/04/20
452,58.4,21.724998,1013.87,5.0,4.12 13:46:58 17/04/20
452,59.7,21.855,1013.84,5.0,4.13 13:52:12 17/04/20
453,59.4,22.135,1013.87,5.0,4.12 13:57:28 17/04/20
452,59.0,22.349998,1013.85,5.0,4.13 14:02:42 17/04/20
448,57.4,22.445,1013.81,5.0,4.12 14:07:58 17/04/20
448,57.3,22.55,1013.71,5.0,4.14 14:13:12 17/04/20
443,58.7,22.744999,1013.64,5.0,4.12 14:18:26 17/04/20
446,57.7,22.915,1013.64,5.0,4.14 14:23:44 17/04/20
448,57.4,23.029999,1013.64,5.0,4.12 14:29:00 17/04/20
451,57.1,23.065,1013.6,5.0,4.14 14:34:15 17/04/20
449,57.5,23.24,1013.63,5.0,4.12 14:39:30 17/04/20
444,56.2,23.42,1013.63,5.0,4.14 14:44:45 17/04/20
445,56.8,23.494999,1013.55,5.0,4.12 14:50:01 17/04/20
446,53.9,23.529999,1013.47,5.0,4.21 14:55:16 17/04/20
449,55.6,23.555,1013.47,5.0,4.12 15:00:32 17/04/20
449,53.2,23.71,1013.32,5.0,4.21 15:05:47 17/04/20
446,53.9,23.82,1013.41,5.0,4.13 15:11:01 17/04/20
433,52.4,23.775,1013.35,5.0,4.1 15:16:18 17/04/20
423,52.1,23.7,1013.31,5.0,4.13 15:21:34 17/04/20
419,53.7,23.59,1013.21,5.0,4.12 15:26:49 17/04/20
423,55.2,23.575,1013.22,5.0,4.13 15:32:06 17/04/20
427,54.0,23.575,1013.09,5.0,4.12 15:37:21 17/04/20
409,53.8,23.575,1013.1,5.0,4.13 15:42:35 17/04/20
445,53.1,23.515,1013.01,5.0,4.12 15:47:55 17/04/20
452,52.6,23.66,1012.96,5.0,4.13 15:53:16 17/04/20
451,54.3,23.849998,1012.96,5.0,4.12 15:58:31 17/04/20
448,53.7,24.05,1012.85,5.0,4.13 16:03:47 17/04/20
442,53.2,24.185001,1012.8,5.0,4.12 16:09:02 17/04/20
437,49.7,24.255,1012.76,5.0,4.14 16:14:19 17/04/20
379,52.1,24.21,1012.8,5.0,4.12 16:19:38 17/04/20
383,52.8,24.265,1012.77,5.0,4.14 16:24:58 17/04/20
401,52.4,24.115,1012.74,5.0,4.12 16:30:13 17/04/20
375,51.7,24.08,1012.75,5.0,4.14 16:35:30 17/04/20
339,53.5,24.085,1012.71,5.0,4.12 16:40:45 17/04/20
390,52.4,24.165,1012.7,5.0,4.15 16:46:00 17/04/20
402,51.6,24.185001,1012.62,5.0,4.12 16:51:16 17/04/20
404,50.7,24.05,1012.61,5.0,4.21 16:56:35 17/04/20
399,49.4,24.025,1012.63,5.0,4.12 17:01:56 17/04/20
405,51.8,23.92,1012.6,5.0,4.11 17:07:11 17/04/20
404,49.2,23.84,1012.56,4.24,4.16 17:12:27 17/04/20
342,50.9,23.735,1012.48,5.0,4.13 17:17:42 17/04/20
361,50.7,23.64,1012.42,5.0,4.12 17:22:56 17/04/20
400,50.1,23.560001,1012.32,5.0,4.13 17:28:13 17/04/20
395,51.2,23.6,1012.25,5.0,4.12 17:33:29 17/04/20
392,49.8,23.545,1012.23,5.0,4.13 17:38:44 17/04/20
335,51.2,23.46,1012.18,5.0,4.12 17:44:00 17/04/20
383,49.4,23.365,1012.15,5.0,4.13 17:49:14 17/04/20
378,49.8,23.26,1012.12,5.0,4.12 17:54:31 17/04/20
358,49.2,23.085,1012.03,5.0,4.13 17:59:46 17/04/20
356,49.1,22.970001,1012.04,5.0,4.12 18:05:02 17/04/20
285,49.4,22.86,1012.05,5.0,4.13 18:10:17 17/04/20
325,49.9,22.76,1012.05,5.0,4.11 18:15:36 17/04/20
